/*--------------------------------*- C++ -*----------------------------------*\
  =========                 |
  \\      /  F ield         | OpenFOAM: The Open Source CFD Toolbox
   \\    /   O peration     | Website:  https://openfoam.org
    \\  /    A nd           | Version:  12
     \\/     M anipulation  |
\*---------------------------------------------------------------------------*/
FoamFile
{
    format      ascii;
    class       volScalarField;
    location    "150";
    object      omega;
}
// * * * * * * * * * * * * * * * * * * * * * * * * * * * * * * * * * * * * * //

dimensions      [0 0 -1 0 0 0 0];

internalField   nonuniform List<scalar> 
10720
(
0.956495
0.957567
0.956699
0.961208
0.96326
0.965492
0.96872
0.97177
0.97482
0.978143
0.981082
0.983929
0.987081
0.990096
0.993285
0.996889
1.00106
1.00638
1.01438
1.5416
62.3997
84.3863
100.874
101.004
98.0663
96.7927
97.3571
100.427
99.2998
95.9902
110.771
131.696
155.62
175.993
189.436
196.677
198.078
196.989
204.025
0.956984
0.95914
0.957096
0.960793
0.964018
0.967612
0.980421
0.988008
0.99549
1.0033
1.01164
1.02001
1.02842
1.03671
1.04522
1.05404
1.06326
1.07307
1.08373
1.09536
1.10808
1.12213
1.13763
1.15391
1.17071
1.18814
1.21579
46.6038
69.6868
86.4745
98.1804
105.553
109.31
110.158
108.747
105.615
101.038
94.9428
87.4737
3.98942
4.01249
4.04886
4.09195
4.13696
4.19125
4.25126
4.31418
4.3835
4.45638
4.53314
4.60835
4.65282
4.652
4.58989
4.47631
4.34145
4.25125
4.32394
6.02336
150.156
222.743
156.885
72.6997
52.321
44.1334
45.8946
57.8441
83.9207
106.529
100.487
87.9858
80.4224
76.8687
72.7617
68.8967
67.2342
64.3141
63.0926
3.96426
3.95006
3.92833
3.91464
3.90379
3.90013
3.92728
3.95948
3.99591
4.03853
4.08718
4.13911
4.19287
4.24854
4.3036
4.35881
4.41385
4.46961
4.52694
4.58774
4.65454
4.73434
4.82989
4.94903
5.09837
5.2822
5.51849
7.85636
12.8138
19.5804
27.2734
35.1744
42.8555
50.2219
57.5874
66.1521
76.4232
89.9401
112.75
3.29753
3.30142
3.30819
3.31634
3.32564
3.33696
3.35003
3.36465
3.38187
3.40163
3.42473
3.4521
3.48541
3.53536
3.61129
3.71141
3.82534
3.93571
4.04904
4.85019
69.8744
161.479
216.534
164.861
81.7108
50.1068
41.0875
43.2199
54.7487
67.7952
67.9036
64.139
60.5629
56.0254
51.4758
49.5971
49.0743
46.9856
45.5785
3.29353
3.2922
3.28977
3.28984
3.29159
3.29827
3.31137
3.32749
3.34463
3.36232
3.38002
3.39722
3.41548
3.44193
3.47454
3.51274
3.55634
3.60555
3.66082
3.71427
3.76176
3.80872
3.85962
3.91646
3.97783
4.04517
4.12231
4.21632
4.35542
4.69585
5.48535
6.95148
9.21791
12.2817
16.066
20.5457
25.9528
33.1521
38.8701
3.15741
3.16156
3.16715
3.17392
3.18167
3.19076
3.20078
3.21161
3.22373
3.2376
3.2533
3.27094
3.29069
3.3132
3.34507
3.39146
3.46202
3.56714
3.71571
4.13918
28.0146
83.1399
153.708
191.258
153.533
85.0128
53.3237
41.3454
44.5927
53.2888
56.0896
54.6883
51.141
46.9411
44.2939
48.4162
50.8586
48.8842
45.0299
3.15408
3.15183
3.14981
3.14937
3.15138
3.1602
3.17138
3.18659
3.20501
3.22656
3.25102
3.2783
3.30857
3.34201
3.37878
3.41932
3.464
3.51339
3.56811
3.62902
3.69614
3.76923
3.84891
3.93732
4.00865
4.06232
4.10421
4.13817
4.16598
4.18845
4.21141
4.25847
4.37946
4.66137
5.23661
6.30093
8.15397
11.674
14.231
3.11626
3.12076
3.12692
3.13415
3.14269
3.1528
3.16415
3.17687
3.19105
3.20662
3.22378
3.24269
3.26353
3.28663
3.31281
3.3436
3.38334
3.44126
3.53397
3.75555
13.3434
41.3484
89.6207
143.317
169.17
137.646
80.7061
51.7926
42.7988
47.8061
50.4034
49.2731
46.0972
43.4258
47.9087
53.5705
56.3213
53.9279
47.161
3.11267
3.11016
3.10802
3.10732
3.10965
3.11963
3.13157
3.14625
3.16383
3.18445
3.20789
3.23403
3.26308
3.29521
3.33055
3.36955
3.41257
3.46014
3.51287
3.57158
3.62821
3.6751
3.71465
3.74633
3.76843
3.78085
3.78544
3.78462
3.78078
3.77633
3.77447
3.77578
3.78109
3.79573
3.83699
3.94994
4.24277
5.16961
6.31132
3.08822
3.09341
3.10039
3.1084
3.1177
3.12863
3.14075
3.15422
3.16916
3.18549
3.20343
3.22314
3.24479
3.26872
3.29544
3.3253
3.35955
3.40173
3.4564
3.57428
7.29649
21.7087
51.05
92.3079
134.033
150.171
120.452
71.7517
46.5424
45.4398
47.1493
46.222
43.815
46.617
51.7518
58.3886
60.9755
58.0724
49.7347
3.08385
3.08058
3.07752
3.07558
3.07712
3.08571
3.09641
3.11017
3.12682
3.14648
3.16889
3.19391
3.22175
3.25257
3.28649
3.32397
3.36535
3.41113
3.46191
3.51849
3.58164
3.64988
3.70634
3.74928
3.77852
3.79476
3.80027
3.79725
3.78721
3.77162
3.75045
3.72271
3.68941
3.65187
3.61279
3.57915
3.57155
3.71274
4.05484
3.06195
3.06775
3.07554
3.08417
3.09417
3.10577
3.11852
3.13263
3.14823
3.16523
3.18387
3.20431
3.22675
3.25152
3.279
3.30968
3.34403
3.38331
3.43029
3.48872
4.79329
11.6756
29.4095
57.7603
93.0396
125.325
133.181
102.11
59.6416
45.7926
45.415
44.8167
46.4766
49.5378
55.4949
63.3907
64.8089
60.8641
52.3763
3.05694
3.05295
3.04909
3.0459
3.0469
3.0538
3.06359
3.07643
3.09216
3.11087
3.13224
3.15613
3.18274
3.21221
3.24468
3.28059
3.32026
3.36421
3.41299
3.46739
3.52728
3.57397
3.60954
3.63496
3.6501
3.65544
3.65231
3.64232
3.62651
3.60608
3.58213
3.55616
3.52824
3.49814
3.46581
3.43223
3.40031
3.40203
3.49168
3.03658
3.04306
3.0515
3.06071
3.07124
3.0834
3.09665
3.11128
3.12741
3.14495
3.16418
3.18527
3.2084
3.23394
3.26223
3.29382
3.32899
3.36843
3.41352
3.4593
3.89849
6.84456
16.7377
35.9716
62.3276
92.4757
117.019
116.889
81.5667
51.6757
44.9959
46.0247
49.1931
52.1977
58.9615
68.2672
68.2232
62.4323
54.092
3.03113
3.02644
3.02189
3.01742
3.01775
3.02333
3.03215
3.04407
3.05885
3.07658
3.09688
3.11959
3.14494
3.17302
3.20397
3.23824
3.27614
3.31815
3.36483
3.4169
3.4737
3.51837
3.55198
3.57566
3.58979
3.59477
3.59183
3.58227
3.56697
3.54681
3.52216
3.49281
3.45892
3.42101
3.37982
3.33653
3.29252
3.26099
3.2743
3.01194
3.01882
3.02785
3.03748
3.04841
3.06098
3.07459
3.0896
3.10614
3.12411
3.14381
3.16543
3.18916
3.2154
3.24447
3.27701
3.31315
3.35349
3.39884
3.44401
3.60466
4.77962
9.74474
21.8984
41.3022
65.4409
91.269
108.804
98.8113
69.768
49.5222
49.2689
51.7645
54.4574
61.7545
72.8273
71.2136
62.7498
54.3339
3.00581
3.0006
2.99536
2.98964
2.98926
2.99369
3.00151
3.01245
3.02625
3.04292
3.0621
3.08359
3.10761
3.13422
3.16358
3.19611
3.2321
3.27204
3.31643
3.36581
3.41233
3.44709
3.47176
3.48761
3.49533
3.49533
3.48868
3.4764
3.45932
3.43816
3.41333
3.38552
3.35478
3.32119
3.28493
3.24663
3.20695
3.17429
3.16579
2.98732
2.9947
3.0042
3.01412
3.02531
3.03812
3.05196
3.06722
3.08404
3.1023
3.12235
3.14439
3.16861
3.19543
3.22518
3.25856
3.29565
3.33699
3.38325
3.42652
3.50308
3.96019
6.26025
13.2071
26.7224
45.6182
67.7671
89.677
98.9487
94.7726
62.9976
53.4032
54.307
56.3077
64.2943
76.687
73.0713
62.0013
53.5057
2.9808
2.975
2.96917
2.96221
2.9611
2.96446
2.97124
2.98115
2.99388
3.00942
3.02738
3.04758
3.07017
3.09522
3.12287
3.15352
3.18743
3.22508
3.26686
3.31255
3.35028
3.37751
3.39569
3.4062
3.40988
3.40717
3.39889
3.38591
3.36885
3.34834
3.32461
3.29789
3.26788
3.23483
3.19911
3.16157
3.12298
3.0903
3.07817
2.96275
2.97048
2.98029
2.99036
3.00166
3.01458
3.02852
3.04386
3.06082
3.07924
3.09952
3.12183
3.14642
3.1737
3.20403
3.23788
3.27592
3.31833
3.36544
3.40669
3.45661
3.64292
4.65234
8.30366
16.9001
31.1338
49.3307
69.7228
86.8879
103.877
82.1347
60.8082
57.6366
58.8669
68.3175
79.6157
73.2102
60.8293
51.69
2.95577
2.94945
2.94305
2.93492
2.93307
2.93537
2.94105
2.94985
2.9614
2.9757
2.99234
3.01111
3.03216
3.0555
3.08127
3.10984
3.14144
3.17644
3.21498
3.25339
3.28113
3.29975
3.31049
3.31473
3.31343
3.30703
3.29614
3.28149
3.26354
3.2428
3.21947
3.19392
3.16588
3.13549
3.1029
3.06881
3.03399
3.00485
2.99196
2.93798
2.94596
2.95593
2.96601
2.97728
2.99014
3.00401
3.01932
3.03625
3.05469
3.07503
3.09748
3.12227
3.14986
3.18063
3.21507
3.25391
3.29726
3.34206
3.38195
3.42288
3.51069
3.9436
5.74113
10.7649
20.6842
35.251
52.7565
70.9786
93.8121
95.8629
74.1969
63.7407
63.3779
76.2366
81.2057
71.741
58.7996
49.1015
2.93057
2.92379
2.91682
2.90755
2.905
2.90622
2.91071
2.91829
2.92855
2.94145
2.95661
2.97379
2.99312
3.01457
3.03824
3.06444
3.09332
3.12505
3.15878
3.18599
3.20433
3.21505
3.2192
3.21808
3.21274
3.20352
3.1909
3.17537
3.15732
3.1371
3.11489
3.09096
3.06485
3.03667
3.00666
2.97553
2.94412
2.91811
2.90815
2.91285
2.92098
2.93095
2.94091
2.95199
2.96466
2.97831
2.9934
3.01015
3.02842
3.04864
3.07103
3.09585
3.12357
3.1546
3.18947
3.22905
3.2733
3.31493
3.35296
3.39032
3.44285
3.63283
4.47652
7.21325
13.5801
24.5548
39.2194
55.8209
74.7887
94.3858
87.8755
75.1107
72.848
85.6734
81.5426
69.0459
55.6544
45.7105
2.90514
2.89788
2.89035
2.88001
2.87677
2.87684
2.88005
2.8863
2.8951
2.9064
2.91987
2.93526
2.95263
2.97193
2.99316
3.01655
3.04203
3.06919
3.0937
3.11019
3.11974
3.12328
3.12162
3.11596
3.10724
3.09571
3.08166
3.0654
3.04718
3.02726
3.00571
2.98284
2.95829
2.93212
2.90451
2.87611
2.84792
2.8254
2.81767
2.88729
2.89544
2.90526
2.91494
2.92571
2.93799
2.95124
2.96595
2.9823
3.0002
3.02007
3.04216
3.06676
3.09435
3.12542
3.1605
3.20065
3.24348
3.28205
3.3182
3.3538
3.39411
3.48646
3.87271
5.27852
9.07878
16.7412
28.5094
42.9641
57.1141
81.0991
91.097
87.0643
85.7862
92.1222
80.1259
64.7465
51.3098
41.717
2.87933
2.87164
2.86351
2.8522
2.84823
2.84712
2.84894
2.85369
2.86083
2.8703
2.88183
2.89515
2.91024
2.92697
2.94527
2.96509
2.98588
3.00552
3.01857
3.02605
3.02855
3.02667
3.02094
3.01233
3.0016
2.98889
2.97432
2.95807
2.94029
2.92115
2.90071
2.87911
2.85629
2.83214
2.80685
2.78107
2.75579
2.73585
2.73046
2.86119
2.86924
2.87875
2.88802
2.89829
2.91003
2.9227
2.93678
2.9525
2.96976
2.98899
3.01047
3.03449
3.06161
3.09234
3.12729
3.16732
3.20541
3.24108
3.27564
3.31034
3.34695
3.40249
3.58271
4.27341
6.40233
11.3771
20.2251
32.4173
45.5967
63.256
81.6634
89.2647
93.4507
92.0968
75.8233
58.9556
45.9318
37.2159
2.85309
2.84499
2.83623
2.82405
2.81931
2.81693
2.81724
2.82034
2.82558
2.83291
2.84216
2.85305
2.86542
2.87897
2.89357
2.90842
2.92183
2.93063
2.93552
2.93691
2.935
2.93
2.92221
2.91228
2.90082
2.88784
2.87338
2.8575
2.84028
2.82182
2.80213
2.78119
2.75932
2.73634
2.7124
2.68813
2.6646
2.64637
2.64176
2.83448
2.8423
2.85134
2.86007
2.86969
2.88066
2.89252
2.90573
2.9205
2.93677
2.95496
2.97537
2.99833
3.02439
3.05411
3.08794
3.12212
3.15582
3.18889
3.22225
3.25675
3.29295
3.33636
3.42993
3.76277
4.89235
7.91595
14.1163
23.8801
35.6028
46.4267
66.7352
79.594
86.2652
85.2024
67.647
51.6507
40.1477
32.5278
2.82633
2.81787
2.80842
2.79551
2.78992
2.78621
2.78487
2.78612
2.78914
2.79397
2.80052
2.80853
2.8175
2.82689
2.83656
2.84362
2.84832
2.85092
2.85142
2.84978
2.84591
2.83978
2.83148
2.82145
2.81016
2.79757
2.78368
2.76848
2.75206
2.73444
2.71567
2.69574
2.67493
2.65307
2.63033
2.60725
2.58487
2.56706
2.56187
2.8071
2.81457
2.82299
2.83102
2.8398
2.84979
2.86058
2.87257
2.88601
2.90081
2.91739
2.93606
2.95718
2.98097
3.00804
3.03502
3.06263
3.09213
3.12281
3.15534
3.19026
3.22759
3.26874
3.32953
3.49593
4.0728
5.80484
9.86849
17.1991
27.163
37.3883
50.7946
65.0487
73.0338
69.9642
55.7585
43.143
34.1671
28.1961
2.799
2.79024
2.78005
2.76651
2.76002
2.75489
2.75173
2.7509
2.75133
2.75322
2.75656
2.76106
2.76559
2.76917
2.77202
2.77414
2.77536
2.7755
2.7743
2.7716
2.76717
2.76091
2.75278
2.7431
2.73221
2.72011
2.70676
2.69214
2.67628
2.65921
2.64093
2.62143
2.60095
2.57944
2.557
2.53419
2.51197
2.49378
2.48679
2.779
2.78599
2.79364
2.80082
2.80858
2.81731
2.8267
2.83709
2.84865
2.86133
2.87547
2.89132
2.90921
2.92753
2.94654
2.96669
2.98861
3.01393
3.04214
3.07374
3.10918
3.1482
3.19076
3.24175
3.33725
3.63091
4.57586
7.07835
12.2269
20.2051
29.4011
37.3559
49.7319
56.2154
52.4054
43.298
34.8436
28.5009
24.1484
2.77106
2.76206
2.75106
2.73702
2.72954
2.72288
2.71775
2.71457
2.71196
2.71036
2.70982
2.70999
2.71059
2.71136
2.71202
2.71237
2.71215
2.71115
2.70913
2.70588
2.70119
2.69491
2.68696
2.67755
2.66698
2.65525
2.6423
2.62814
2.61277
2.59621
2.57846
2.55953
2.53961
2.51861
2.49663
2.47411
2.45188
2.43274
2.42312
2.75014
2.75652
2.76326
2.76943
2.77593
2.78313
2.79075
2.79899
2.808
2.81764
2.82806
2.83933
2.85145
2.8646
2.87894
2.8947
2.91228
2.9332
2.95784
2.98681
3.02075
3.05961
3.10308
3.15201
3.22017
3.37942
3.88108
5.33926
8.73057
14.71
22.5217
30.0602
37.0093
42.0101
39.1049
33.605
28.1108
23.7025
20.5761
2.74245
2.73329
2.72142
2.707
2.69845
2.69016
2.68284
2.67703
2.67254
2.6692
2.66696
2.66548
2.66447
2.66371
2.66295
2.66199
2.66062
2.65865
2.65584
2.65201
2.64695
2.64049
2.63253
2.62318
2.61272
2.60114
2.58839
2.57445
2.5593
2.54295
2.52538
2.50655
2.48665
2.4656
2.44353
2.42077
2.39813
2.37791
2.36564
2.72239
2.72777
2.73311
2.73779
2.7426
2.74782
2.75332
2.7593
2.76587
2.77297
2.78073
2.78921
2.79846
2.80863
2.81985
2.83234
2.84641
2.86246
2.88274
2.90724
2.93693
2.97231
3.01347
3.06028
3.11751
3.21661
3.48611
4.30032
6.40405
10.5971
16.8077
23.5566
28.7089
31.367
30.0023
26.6071
23.3949
20.5414
18.2391
2.71555
2.70677
2.69443
2.68044
2.67161
2.66266
2.65437
2.64737
2.64156
2.63677
2.63305
2.63012
2.62768
2.62557
2.62353
2.62139
2.61896
2.61605
2.61246
2.608
2.60248
2.59572
2.58758
2.57815
2.56765
2.55608
2.54341
2.52958
2.51459
2.49842
2.48107
2.46251
2.44288
2.42208
2.40018
2.37743
2.35446
2.33312
2.3181
2.7017
2.70619
2.71031
2.71371
2.71704
2.72056
2.72424
2.72825
2.73272
2.73762
2.74308
2.74915
2.7559
2.76346
2.77196
2.78157
2.79256
2.80527
2.82133
2.84097
2.86521
2.89492
2.93079
2.97289
3.02308
3.09471
3.24922
3.69502
4.93336
7.6918
12.3
17.9471
22.8064
25.2013
24.7565
22.8869
20.5095
18.305
16.5015
2.69561
2.68717
2.67418
2.66061
2.65143
2.6418
2.63258
2.62448
2.61745
2.61136
2.6063
2.60207
2.59837
2.59505
2.59188
2.58868
2.58528
2.5815
2.57714
2.57205
2.56602
2.55888
2.55047
2.54083
2.53016
2.51848
2.50573
2.49187
2.47686
2.46068
2.4433
2.42467
2.40487
2.38388
2.36171
2.33862
2.31512
2.29276
2.27549
2.68667
2.69036
2.69342
2.69568
2.69773
2.69974
2.70183
2.70413
2.70676
2.70974
2.71318
2.71715
2.7217
2.72696
2.73305
2.74011
2.74839
2.75816
2.77064
2.78609
2.80536
2.82933
2.85894
2.89469
2.93782
2.99449
3.09292
3.34068
4.04185
5.7519
8.94765
13.345
17.6158
20.1736
20.4443
19.3858
17.7377
16.1353
14.8171
2.68125
2.67314
2.65937
2.64621
2.63659
2.6263
2.61617
2.60703
2.59887
2.59156
2.58531
2.57991
2.57508
2.57069
2.56651
2.56237
2.55809
2.5535
2.54844
2.54272
2.53617
2.52861
2.51986
2.50994
2.49903
2.48717
2.47428
2.46033
2.44528
2.42908
2.41172
2.39316
2.37346
2.35254
2.33041
2.3072
2.28333
2.25997
2.24047
2.67623
2.67922
2.68131
2.68257
2.68347
2.68417
2.68485
2.68561
2.6866
2.68789
2.68954
2.69165
2.69425
2.69747
2.70141
2.70621
2.71206
2.71922
2.7286
2.74047
2.75551
2.77446
2.79819
2.82742
2.86331
2.90945
2.979
3.12454
3.51528
4.52311
6.60074
9.78902
13.265
15.716
16.4557
16.0512
15.039
13.9888
13.1339
2.67144
2.66366
2.64903
2.63617
2.62611
2.61514
2.60413
2.59399
2.58476
2.57633
2.56897
2.56252
2.55667
2.55132
2.54625
2.54126
2.53619
2.53088
2.52516
2.51885
2.51179
2.50379
2.49467
2.48441
2.4732
2.46107
2.44798
2.43384
2.41863
2.40228
2.38477
2.36602
2.34606
2.32486
2.30241
2.2788
2.25442
2.23019
2.20897
2.66958
2.67192
2.67316
2.67352
2.6734
2.67288
2.67229
2.67169
2.67121
2.67097
2.67102
2.67144
2.67231
2.67369
2.6757
2.67846
2.68214
2.68696
2.69361
2.70238
2.71382
2.7285
2.74718
2.77051
2.79961
2.83708
2.88973
2.9827
3.20393
3.77748
5.05158
7.21099
9.83527
11.9671
12.919
12.8482
12.395
11.847
11.3735
2.66537
2.65792
2.6424
2.62973
2.61921
2.60755
2.59566
2.58456
2.57431
2.56483
2.55645
2.54902
2.54225
2.53604
2.53016
2.52441
2.51864
2.51268
2.50635
2.4995
2.49194
2.48351
2.47399
2.46336
2.45182
2.43941
2.42606
2.41172
2.39634
2.37986
2.36224
2.34344
2.32341
2.30219
2.27968
2.25592
2.23117
2.20612
2.18322
2.66609
2.66785
2.66829
2.66784
2.66677
2.66517
2.66341
2.66155
2.65974
2.65811
2.65671
2.65562
2.6549
2.65462
2.65489
2.6558
2.65751
2.66021
2.66418
2.67026
2.67862
2.68971
2.70415
2.72247
2.74565
2.77577
2.81696
2.88157
3.01338
3.33631
4.08232
5.45544
7.30046
8.99971
9.97287
10.1516
10.0596
9.86685
9.65517
2.66241
2.65531
2.63887
2.62629
2.61529
2.60294
2.59018
2.57812
2.56689
2.55641
2.54706
2.53873
2.53111
2.52411
2.5175
2.51106
2.50466
2.49811
2.49124
2.48389
2.47587
2.467
2.45708
2.44607
2.43417
2.42143
2.40779
2.3932
2.37757
2.36087
2.34303
2.32399
2.30369
2.28214
2.25929
2.23514
2.20989
2.18413
2.15997
2.66528
2.66649
2.66622
2.66502
2.66308
2.66045
2.65761
2.6546
2.65155
2.64865
2.64591
2.64342
2.64126
2.63946
2.63813
2.63735
2.63727
2.63805
2.63991
2.64356
2.64915
2.65709
2.66786
2.68191
2.70003
2.7239
2.75642
2.80419
2.88877
3.07459
3.4999
4.32858
5.54416
6.79807
7.66136
7.99385
8.01873
7.96669
8.0252
2.66209
2.65535
2.63797
2.6254
2.61391
2.60083
2.58719
2.5742
2.562
2.55055
2.54028
2.5311
2.52269
2.51496
2.50768
2.50063
2.49365
2.48657
2.47921
2.47138
2.46293
2.45365
2.44334
2.43194
2.41967
2.40659
2.39266
2.37779
2.36193
2.34502
2.32701
2.30784
2.28744
2.26581
2.24285
2.21852
2.19295
2.16651
2.1411
2.66677
2.66749
2.66655
2.66464
2.66188
2.6583
2.65445
2.65034
2.64613
2.64204
2.63806
2.63428
2.63078
2.62758
2.62476
2.62243
2.6207
2.61971
2.61968
2.62114
2.62431
2.6295
2.63712
2.64753
2.66135
2.67996
2.70552
2.74205
2.80051
2.9133
3.15626
3.6393
4.39824
5.26384
5.95746
6.33686
6.48256
6.57257
6.74172
2.66404
2.65766
2.63934
2.62672
2.6147
2.60088
2.58634
2.5724
2.55925
2.54684
2.53569
2.5257
2.51654
2.50812
2.50023
2.4926
2.48511
2.47755
2.46973
2.46148
2.45262
2.44295
2.43225
2.42046
2.40781
2.39439
2.38013
2.36496
2.34883
2.33166
2.31339
2.29395
2.27327
2.25132
2.22802
2.20333
2.17733
2.15031
2.12398
2.67027
2.67054
2.66897
2.6664
2.66286
2.65835
2.65354
2.6484
2.6431
2.63788
2.63273
2.62773
2.62297
2.61845
2.61427
2.61049
2.60722
2.6046
2.60281
2.60229
2.60327
2.60602
2.61089
2.61816
2.62833
2.64248
2.6623
2.69051
2.7332
2.8066
2.95016
3.22941
3.68639
4.25332
4.76863
5.11846
5.32064
5.48261
5.70498
2.66798
2.66195
2.6427
2.62996
2.61738
2.60279
2.58733
2.57243
2.55833
2.54498
2.53295
2.52218
2.5123
2.50324
2.49476
2.48662
2.47864
2.47063
2.4624
2.45375
2.44452
2.43447
2.42339
2.41121
2.39818
2.38441
2.36983
2.35437
2.33796
2.32055
2.30207
2.28246
2.26163
2.23955
2.21612
2.19126
2.16497
2.13743
2.11022
2.67558
2.67542
2.67325
2.67004
2.66575
2.66036
2.65462
2.64848
2.64212
2.63583
2.62956
2.62341
2.61745
2.6117
2.60622
2.60108
2.59638
2.59223
2.58881
2.58648
2.58545
2.58601
2.58842
2.59295
2.59995
2.61028
2.62527
2.64692
2.67897
2.72993
2.81985
2.98483
3.25714
3.61625
3.97906
4.26787
4.47388
4.65588
4.88658
2.67367
2.66802
2.64784
2.63491
2.62174
2.60635
2.58993
2.57406
2.55899
2.5447
2.53181
2.52026
2.50969
2.5
2.49098
2.48234
2.47392
2.46549
2.45687
2.44786
2.43826
2.42786
2.41641
2.40385
2.39044
2.37631
2.3614
2.34562
2.32893
2.31124
2.29249
2.27261
2.2515
2.22912
2.20537
2.18018
2.15353
2.12553
2.09765
2.68252
2.68197
2.67921
2.67539
2.67036
2.66411
2.65745
2.65034
2.64296
2.63562
2.62827
2.62101
2.61391
2.60698
2.60027
2.59384
2.58779
2.58221
2.57726
2.57318
2.57032
2.56887
2.56908
2.57115
2.57537
2.58238
2.59324
2.60947
2.6336
2.67046
2.7304
2.83245
2.99729
3.22266
3.46936
3.69048
3.87082
4.04132
4.2521
2.68098
2.67568
2.65458
2.64141
2.62763
2.61138
2.59398
2.57711
2.56105
2.54581
2.53205
2.51974
2.50847
2.49819
2.48864
2.47952
2.47067
2.46185
2.45287
2.44351
2.43357
2.42282
2.41101
2.39807
2.38429
2.36981
2.35457
2.33849
2.3215
2.30356
2.28458
2.26449
2.24322
2.22069
2.1968
2.17143
2.14455
2.11614
2.08765
2.69097
2.69005
2.68673
2.6823
2.67654
2.66943
2.66188
2.6538
2.64541
2.63705
2.62865
2.62031
2.61211
2.60403
2.59615
2.58849
2.58115
2.57421
2.56781
2.56213
2.55756
2.55425
2.55243
2.5523
2.55403
2.5581
2.56535
2.57697
2.59479
2.62183
2.66371
2.73043
2.83401
2.97721
3.14326
3.30613
3.4522
3.59684
3.77407
2.68976
2.68481
2.66282
2.64936
2.63491
2.61778
2.59935
2.58143
2.56437
2.54815
2.53351
2.52043
2.50848
2.4976
2.48753
2.47795
2.46869
2.45949
2.45016
2.44046
2.43019
2.41912
2.40696
2.39364
2.3795
2.36467
2.34909
2.33269
2.31542
2.29719
2.27794
2.25759
2.23605
2.21324
2.18906
2.1634
2.1362
2.10741
2.07846
2.70085
2.69957
2.6957
2.69067
2.68419
2.67621
2.66776
2.65873
2.64934
2.63996
2.63052
2.62112
2.61184
2.60265
2.59362
2.58478
2.5762
2.56796
2.56019
2.55305
2.54687
2.54184
2.53815
2.53599
2.53546
2.53689
2.54095
2.54856
2.56111
2.58063
2.61045
2.65594
2.72384
2.81722
2.9293
3.04633
3.15878
3.27448
3.41568
2.69995
2.69533
2.67247
2.65865
2.6435
2.62543
2.60592
2.58693
2.56882
2.55159
2.53606
2.5222
2.50956
2.49808
2.4875
2.47747
2.46779
2.45824
2.44856
2.43854
2.42796
2.41657
2.40406
2.39038
2.37586
2.36068
2.34477
2.32806
2.3105
2.292
2.27251
2.25194
2.23021
2.20725
2.18292
2.1571
2.12969
2.10058
2.07121
2.7121
2.71048
2.70606
2.70043
2.69321
2.68437
2.67501
2.66501
2.65461
2.64422
2.63375
2.62329
2.61295
2.60267
2.59253
2.58253
2.57275
2.56326
2.55417
2.54564
2.53795
2.5313
2.52589
2.52187
2.51929
2.51835
2.51955
2.52365
2.53168
2.54511
2.56609
2.59769
2.64368
2.7063
2.78293
2.86656
2.95094
3.04014
3.14866
2.71147
2.70717
2.68346
2.66924
2.65334
2.63428
2.61364
2.59352
2.57432
2.55606
2.53961
2.52494
2.5116
2.49952
2.48842
2.47793
2.46786
2.45795
2.44794
2.4376
2.42671
2.41501
2.40216
2.38811
2.37322
2.35769
2.34144
2.32442
2.30655
2.28777
2.26802
2.24719
2.22521
2.20199
2.1774
2.15131
2.12364
2.09421
2.06449
2.7247
2.72275
2.71778
2.71153
2.70357
2.69384
2.68356
2.67259
2.66116
2.64975
2.63823
2.62672
2.61532
2.60396
2.5927
2.58157
2.57062
2.55991
2.54956
2.53969
2.53056
2.52239
2.51536
2.50963
2.50518
2.50209
2.50074
2.50171
2.50582
2.51415
2.52815
2.54974
2.5811
2.62367
2.67641
2.73566
2.7976
2.86464
2.94597
2.72432
2.7203
2.69578
2.6811
2.66439
2.64428
2.62246
2.60115
2.58081
2.56148
2.54407
2.52858
2.51451
2.50181
2.49019
2.47924
2.46877
2.4585
2.44817
2.43752
2.42633
2.41431
2.40111
2.38669
2.37143
2.35554
2.33896
2.32162
2.30346
2.2844
2.26439
2.24335
2.22117
2.19777
2.17303
2.14679
2.11893
2.08923
2.05924
2.73863
2.73636
2.73082
2.72395
2.71522
2.70459
2.69336
2.68138
2.66892
2.65647
2.64389
2.63131
2.61884
2.6064
2.59404
2.58179
2.56968
2.55778
2.54619
2.53503
2.52453
2.51492
2.50637
2.49906
2.49289
2.48784
2.48418
2.48239
2.48307
2.48704
2.49534
2.50924
2.53009
2.5588
2.59494
2.63656
2.6813
2.73055
2.79024
2.73848
2.73472
2.7094
2.6942
2.67664
2.65542
2.63234
2.60979
2.58826
2.5678
2.5494
2.53305
2.51823
2.5049
2.49273
2.48133
2.47045
2.45983
2.44916
2.43821
2.4267
2.41436
2.40083
2.38603
2.37039
2.35414
2.33721
2.31955
2.30108
2.28174
2.26147
2.24016
2.21775
2.19411
2.16913
2.14265
2.11455
2.08458
2.05432
2.75391
2.75132
2.74521
2.73769
2.72817
2.7166
2.7044
2.69139
2.67785
2.66433
2.65067
2.63701
2.62345
2.60991
2.59645
2.58308
2.56982
2.55675
2.54394
2.53153
2.5197
2.50871
2.49873
2.48993
2.48219
2.47536
2.46962
2.46535
2.46302
2.46323
2.46675
2.47445
2.48721
2.50565
2.52956
2.55786
2.58907
2.62422
2.66696
2.75397
2.75043
2.72434
2.70857
2.69009
2.6677
2.64329
2.61943
2.59664
2.575
2.55555
2.53831
2.52272
2.50872
2.49602
2.48412
2.47285
2.46184
2.45086
2.43957
2.42776
2.4151
2.40121
2.38602
2.37
2.35338
2.3361
2.31811
2.29933
2.27971
2.25917
2.23763
2.215
2.19118
2.16604
2.1394
2.11113
2.08093
2.05049
2.77057
2.76766
2.76096
2.75277
2.74242
2.72989
2.71667
2.70258
2.68794
2.67331
2.65853
2.64376
2.6291
2.61445
2.59987
2.58536
2.57096
2.55671
2.54271
2.52906
2.51594
2.50363
2.49229
2.48211
2.4729
2.46444
2.45682
2.45034
2.44535
2.44232
2.44178
2.44438
2.45073
2.46123
2.47583
2.49393
2.51457
2.5384
2.56789
2.77081
2.76745
2.74063
2.72422
2.70477
2.68112
2.6553
2.63005
2.60594
2.58306
2.56252
2.54434
2.52793
2.51327
2.49998
2.4876
2.47588
2.46451
2.45317
2.44157
2.42944
2.41644
2.40219
2.3866
2.37018
2.35318
2.33555
2.31722
2.29812
2.27821
2.25739
2.2356
2.21273
2.18868
2.16332
2.13646
2.10797
2.07751
2.04685
2.78865
2.78541
2.7781
2.76922
2.75802
2.74445
2.73017
2.71498
2.69917
2.6834
2.66747
2.65155
2.63575
2.61996
2.60424
2.58858
2.57302
2.5576
2.5424
2.52754
2.51317
2.49958
2.48694
2.47545
2.46489
2.45492
2.44559
2.43714
2.42981
2.42394
2.41995
2.41828
2.41936
2.4235
2.43069
2.44058
2.45258
2.46723
2.48616
2.78906
2.78583
2.75831
2.7412
2.7207
2.69571
2.6684
2.64168
2.61618
2.59198
2.57028
2.55112
2.53387
2.51849
2.5046
2.4917
2.47954
2.46778
2.45609
2.44415
2.43169
2.41835
2.40372
2.38772
2.37088
2.35349
2.33549
2.31681
2.29739
2.27717
2.25608
2.23403
2.21094
2.18669
2.16115
2.13413
2.10547
2.0748
2.04402
2.80822
2.80465
2.7967
2.78709
2.77498
2.76035
2.74496
2.72858
2.71157
2.6946
2.67747
2.66036
2.64338
2.62642
2.60953
2.5927
2.57596
2.55936
2.54296
2.52688
2.51129
2.49645
2.48257
2.46984
2.45801
2.44665
2.43577
2.42553
2.41612
2.4078
2.40084
2.39558
2.39233
2.39129
2.39251
2.3958
2.40078
2.40782
2.41825
2.80879
2.80563
2.77744
2.75956
2.73793
2.71153
2.68263
2.65435
2.62736
2.60177
2.57886
2.55865
2.54051
2.52438
2.50986
2.49642
2.4838
2.47163
2.45956
2.44728
2.43447
2.42078
2.40575
2.38931
2.37205
2.35426
2.33587
2.31684
2.29708
2.27655
2.25517
2.23286
2.20953
2.18505
2.15929
2.13206
2.10318
2.07227
2.04129
2.82936
2.82545
2.81683
2.80645
2.7934
2.77762
2.76106
2.74346
2.72517
2.70695
2.68856
2.6702
2.652
2.63381
2.61571
2.59768
2.57974
2.56193
2.54433
2.52703
2.51022
2.49416
2.47906
2.46515
2.45213
2.43949
2.42719
2.41535
2.40411
2.39363
2.38412
2.37582
2.36894
2.36363
2.35992
2.35771
2.35678
2.35742
2.36081
2.83006
2.82693
2.79809
2.77936
2.75654
2.72862
2.69803
2.66808
2.63952
2.61245
2.58825
2.56695
2.54787
2.53094
2.51575
2.50175
2.48864
2.47604
2.46359
2.45094
2.43778
2.4237
2.40826
2.39138
2.37367
2.35545
2.33667
2.31726
2.29716
2.2763
2.25462
2.23204
2.20847
2.18377
2.15782
2.13041
2.10135
2.07023
2.03915
2.85215
2.84789
2.83856
2.82738
2.81331
2.79635
2.77855
2.75963
2.74001
2.72046
2.70075
2.68109
2.6616
2.64215
2.62279
2.60352
2.58434
2.56529
2.54645
2.52794
2.5099
2.49264
2.47635
2.46131
2.44716
2.43333
2.41972
2.40643
2.39355
2.38118
2.36948
2.35859
2.34867
2.33982
2.33205
2.32531
2.31946
2.31471
2.31228
2.85299
2.84981
2.82036
2.8007
2.77659
2.74705
2.71465
2.68294
2.6527
2.62407
2.5985
2.57603
2.55595
2.53818
2.52229
2.50769
2.49406
2.48101
2.46815
2.45512
2.44158
2.42712
2.41124
2.39389
2.37572
2.35706
2.33786
2.31806
2.29759
2.27639
2.25441
2.23154
2.20771
2.18278
2.1566
2.12897
2.09969
2.06832
2.03707
2.87672
2.87209
2.86201
2.84997
2.83484
2.8166
2.79748
2.77719
2.75614
2.73519
2.71409
2.69305
2.67222
2.65143
2.63077
2.61019
2.58973
2.56941
2.54932
2.52955
2.51029
2.49182
2.47437
2.45822
2.44301
2.42807
2.41325
2.39864
2.38429
2.37026
2.35665
2.34356
2.33107
2.31925
2.3081
2.29755
2.28753
2.27817
2.27078
2.87768
2.8744
2.84435
2.82367
2.79818
2.76691
2.73259
2.69898
2.66695
2.63665
2.60963
2.58592
2.56478
2.54612
2.52949
2.51425
2.50008
2.48655
2.47326
2.45982
2.44589
2.43101
2.41469
2.39685
2.37817
2.35905
2.33941
2.3192
2.29834
2.27679
2.25448
2.23132
2.20721
2.18204
2.15565
2.12782
2.09834
2.06675
2.03541
2.90319
2.89817
2.8873
2.87434
2.85807
2.83849
2.81797
2.79619
2.77363
2.7512
2.72862
2.70613
2.68387
2.66169
2.63965
2.61772
2.59593
2.57429
2.5529
2.53186
2.51135
2.49167
2.47306
2.45586
2.43962
2.42362
2.40767
2.39185
2.37617
2.36066
2.34539
2.3304
2.31574
2.30143
2.28746
2.27375
2.26024
2.24697
2.23547
2.90427
2.90081
2.87019
2.84839
2.82142
2.78829
2.75191
2.71628
2.68234
2.65026
2.62168
2.59666
2.57439
2.55479
2.53736
2.52144
2.5067
2.49267
2.47892
2.46506
2.4507
2.43539
2.41859
2.40022
2.38102
2.36141
2.3413
2.32066
2.2994
2.27748
2.25482
2.23135
2.20697
2.18155
2.15492
2.12686
2.09715
2.0653
2.03378
2.93171
2.92628
2.91457
2.90064
2.88316
2.86212
2.8401
2.81675
2.79258
2.76856
2.74441
2.72037
2.69662
2.67295
2.64947
2.62612
2.60293
2.57993
2.55719
2.53484
2.51306
2.49215
2.4724
2.45414
2.4369
2.4199
2.40289
2.38595
2.36906
2.35223
2.33549
2.31886
2.30235
2.28595
2.2696
2.25323
2.23675
2.22014
2.2051
2.93291
2.92919
2.89802
2.87499
2.84644
2.81131
2.77271
2.73493
2.69895
2.66496
2.63472
2.6083
2.58482
2.56421
2.54594
2.52931
2.51394
2.49938
2.48515
2.47083
2.45603
2.44026
2.42295
2.40402
2.38427
2.36413
2.34354
2.32244
2.30075
2.27844
2.25542
2.23162
2.20695
2.18126
2.15439
2.1261
2.09617
2.06407
2.03246
2.96246
2.95659
2.94398
2.92901
2.91022
2.88765
2.86402
2.83897
2.81307
2.78736
2.76153
2.73586
2.7105
2.68527
2.66025
2.63541
2.61076
2.58633
2.5622
2.53848
2.51539
2.49324
2.47234
2.45303
2.43483
2.41684
2.39882
2.38083
2.36282
2.3448
2.32676
2.3087
2.2906
2.27241
2.25408
2.23548
2.21651
2.19708
2.17911
2.96377
2.95971
2.92801
2.90363
2.87337
2.8361
2.79513
2.75502
2.71684
2.68081
2.64881
2.62088
2.59612
2.57443
2.55527
2.53786
2.52185
2.50671
2.49196
2.47716
2.46188
2.44562
2.42777
2.40826
2.38792
2.36723
2.34612
2.32453
2.30239
2.27966
2.25627
2.23213
2.20714
2.18117
2.15404
2.12551
2.09533
2.06295
2.03116
2.99562
2.98928
2.97572
2.95963
2.93946
2.9152
2.88984
2.86299
2.83524
2.80771
2.78009
2.75266
2.7256
2.6987
2.67207
2.64564
2.61945
2.59351
2.56792
2.5428
2.51835
2.49494
2.47285
2.45249
2.43331
2.41436
2.39538
2.37638
2.35734
2.33823
2.31903
2.29971
2.28023
2.26053
2.24051
2.22002
2.19895
2.1771
2.15662
2.99705
2.9926
2.96031
2.93448
2.90238
2.86281
2.81927
2.77667
2.73614
2.69792
2.66402
2.63448
2.60834
2.5855
2.56538
2.54715
2.53043
2.51468
2.49939
2.48407
2.46829
2.4515
2.43308
2.41293
2.39197
2.37069
2.34903
2.32693
2.30431
2.28115
2.25735
2.23285
2.20753
2.18126
2.15386
2.12507
2.09463
2.06197
2.03008
3.03141
3.02459
3.01
2.99272
2.97103
2.94499
2.91776
2.88895
2.8592
2.82973
2.80018
2.77087
2.74199
2.71332
2.68496
2.65686
2.62903
2.60152
2.57439
2.54779
2.52194
2.4972
2.47391
2.45247
2.43232
2.41243
2.3925
2.37256
2.35253
2.33241
2.31215
2.2917
2.27102
2.25001
2.22855
2.20647
2.18363
2.15974
2.13722
3.03297
3.0281
2.99512
2.96775
2.93365
2.8916
2.8453
2.80001
2.75695
2.71637
2.68042
2.64916
2.62154
2.59747
2.57631
2.55721
2.53975
2.52334
2.50745
2.49158
2.47526
2.45791
2.43887
2.41806
2.39643
2.37453
2.35228
2.32963
2.30652
2.28288
2.25866
2.23377
2.20811
2.18153
2.15384
2.12477
2.09406
2.0611
2.02901
3.0701
3.06274
3.04707
3.02849
3.00519
2.97719
2.94795
2.91704
2.88513
2.85356
2.82194
2.79061
2.75978
2.72921
2.69901
2.66913
2.63957
2.61038
2.58164
2.55349
2.52616
2.50006
2.47552
2.45298
2.43185
2.41101
2.39015
2.36928
2.34833
2.32725
2.30601
2.28455
2.26279
2.24064
2.21795
2.19451
2.17016
2.14452
2.12023
3.07179
3.06646
3.03269
3.00365
2.96741
2.92265
2.87338
2.82518
2.77939
2.73628
2.69813
2.665
2.6358
2.6104
2.58814
2.56809
2.54982
2.53272
2.5162
2.49973
2.48283
2.46488
2.44518
2.42365
2.40132
2.37875
2.35587
2.33265
2.309
2.28487
2.26019
2.23489
2.20886
2.18194
2.15394
2.12458
2.09359
2.06031
2.0281
3.11197
3.10405
3.0872
3.06722
3.04215
3.01206
2.98064
2.94742
2.9132
2.87936
2.8455
2.812
2.77908
2.74648
2.71431
2.68252
2.65112
2.62015
2.5897
2.55991
2.53105
2.50352
2.47769
2.45403
2.43189
2.41011
2.38831
2.36652
2.34465
2.32267
2.30053
2.27813
2.25541
2.23224
2.20847
2.18386
2.15821
2.13108
2.10538
3.11379
3.10796
3.0733
3.04246
3.00388
2.95621
2.90371
2.85236
2.80362
2.75776
2.71724
2.68211
2.65118
2.62436
2.6009
2.57985
2.56071
2.54285
2.52565
2.50854
2.49101
2.47242
2.45202
2.42972
2.40663
2.38335
2.35981
2.33597
2.31174
2.28707
2.26192
2.23618
2.20975
2.18248
2.15416
2.1245
2.0932
2.05959
2.02718
3.15735
3.14882
3.1307
3.10921
3.08224
3.04985
3.01605
2.98037
2.94361
2.90731
2.87104
2.8352
2.80002
2.76523
2.73095
2.69713
2.66376
2.6309
2.59863
2.56712
2.53663
2.5076
2.48043
2.4556
2.43245
2.40969
2.38695
2.36424
2.34149
2.31863
2.29561
2.27235
2.24874
2.22466
2.19993
2.1743
2.14753
2.11912
2.09216
3.1593
3.15292
3.11725
3.08446
3.04335
2.9925
2.93649
2.88174
2.82979
2.78097
2.73787
2.70056
2.66779
2.63942
2.61468
2.59252
2.57245
2.55378
2.53584
2.51805
2.49985
2.48056
2.4594
2.43628
2.41238
2.38833
2.36408
2.33958
2.31473
2.28951
2.26384
2.23764
2.2108
2.18315
2.15448
2.12449
2.09287
2.0589
2.02636
3.20661
3.19744
3.17795
3.15482
3.12576
3.09088
3.05449
3.01609
2.97659
2.93763
2.89874
2.86036
2.82275
2.7856
2.74905
2.71304
2.67757
2.64269
2.60849
2.57515
2.54293
2.51234
2.48374
2.45771
2.4335
2.40975
2.38605
2.36243
2.33879
2.31506
2.2912
2.26711
2.24267
2.21776
2.19218
2.16564
2.13789
2.10834
2.0804
3.2087
3.20171
3.1649
3.13
3.08612
3.0318
2.97198
2.91352
2.85809
2.80604
2.76014
2.72048
2.6857
2.65566
2.62952
2.60618
2.5851
2.56554
2.54681
2.52828
2.50935
2.48932
2.46734
2.44334
2.41856
2.3937
2.36869
2.34348
2.31798
2.29216
2.26595
2.23925
2.21196
2.18391
2.15488
2.12455
2.09259
2.05827
2.0255
3.2602
3.25034
3.22937
3.20444
3.17311
3.13548
3.09627
3.05492
3.01242
2.97055
2.92882
2.88769
2.84743
2.80774
2.76875
2.73038
2.69265
2.65561
2.61935
2.58405
2.55003
2.51776
2.48768
2.46037
2.43507
2.4103
2.38562
2.36106
2.33652
2.31194
2.28725
2.26236
2.23714
2.21146
2.18509
2.15773
2.1291
2.09857
2.06974
3.26243
3.25477
3.21668
3.17946
3.13255
3.07445
3.01045
2.94795
2.88873
2.83316
2.78421
2.74198
2.70501
2.67315
2.6455
2.62087
2.5987
2.57818
2.55859
2.53925
2.51954
2.4987
2.47584
2.45089
2.42518
2.39944
2.37362
2.34765
2.32146
2.295
2.26821
2.24099
2.21323
2.18475
2.15534
2.12464
2.09233
2.05761
2.02468
3.31862
3.30801
3.28543
3.25854
3.2247
3.18409
3.14177
3.09717
3.0514
3.00636
2.96153
2.9174
2.87428
2.83182
2.79019
2.74929
2.70913
2.66976
2.6313
2.59392
2.55796
2.52393
2.49228
2.46364
2.43719
2.41136
2.38567
2.36015
2.33471
2.30926
2.28375
2.25807
2.2321
2.20568
2.17858
2.15047
2.12104
2.08959
2.06004
3.32099
3.31259
3.27306
3.2333
3.18306
3.1208
3.05223
2.98532
2.92194
2.86252
2.81023
2.76519
2.72583
2.69198
2.66267
2.63665
2.61328
2.59173
2.57121
2.55099
2.53043
2.50872
2.48491
2.45893
2.43221
2.40554
2.37885
2.35207
2.32514
2.298
2.27059
2.24282
2.21456
2.18563
2.15581
2.12474
2.09205
2.05694
2.0238
3.38245
3.37103
3.3467
3.31765
3.28107
3.23714
3.1914
3.14326
3.09388
3.04537
2.99714
2.94975
2.90351
2.85806
2.81356
2.76991
2.72713
2.68527
2.64444
2.60484
2.5668
2.5309
2.49758
2.46755
2.43989
2.41295
2.3862
2.3597
2.33333
2.30701
2.28067
2.25421
2.2275
2.20036
2.17256
2.14374
2.11358
2.0813
2.05109
3.38495
3.37573
3.33458
3.29202
3.23811
3.17127
3.09769
3.02593
2.95799
2.89433
2.83838
2.79024
2.74825
2.71223
2.68111
2.65356
2.62889
2.60621
2.58467
2.56351
2.54202
2.51936
2.49452
2.46745
2.43964
2.41196
2.38433
2.35669
2.32897
2.30111
2.27305
2.24469
2.2159
2.18651
2.15627
2.12479
2.09172
2.05618
2.02285
3.45237
3.44008
3.41383
3.38242
3.34279
3.29521
3.2457
3.19362
3.14028
3.08795
3.036
2.98503
2.93539
2.88667
2.83906
2.79243
2.74682
2.70225
2.65888
2.61688
2.57664
2.53873
2.50365
2.47212
2.44319
2.41508
2.38724
2.35972
2.33238
2.30516
2.27798
2.25074
2.22328
2.19545
2.16697
2.13748
2.10662
2.07356
2.04279
3.455
3.44487
3.40189
3.35624
3.29826
3.22637
3.14725
3.07015
2.99718
2.92883
2.86882
2.81727
2.77238
2.73396
2.70087
2.67164
2.64555
2.62163
2.59898
2.57679
2.5543
2.53061
2.50466
2.47639
2.44743
2.41866
2.39003
2.36147
2.3329
2.30428
2.27553
2.24655
2.21721
2.18732
2.15664
2.12475
2.09127
2.0553
2.02176
3.52918
3.51595
3.4876
3.45355
3.41055
3.35891
3.30521
3.24879
3.19107
3.13453
3.07849
3.02359
2.97022
2.91793
2.86691
2.81705
2.76835
2.72087
2.67474
2.63018
2.58754
2.54749
2.51053
2.47742
2.44715
2.41781
2.38882
2.36022
2.33189
2.30374
2.27569
2.24764
2.21945
2.19091
2.16177
2.13162
2.1001
2.06631
2.03501
3.53192
3.52078
3.47573
3.42664
3.36414
3.28664
3.2014
3.11839
3.03985
2.96629
2.90176
2.84641
2.79832
2.75726
2.72198
2.69091
2.66326
2.63799
2.61413
2.59081
2.56724
2.54243
2.51528
2.48573
2.45551
2.42559
2.39589
2.36635
2.33689
2.30745
2.27796
2.24833
2.21841
2.18802
2.15686
2.12454
2.09065
2.05422
2.02048
3.61382
3.59957
3.56891
3.53193
3.48516
3.42901
3.37064
3.30938
3.24681
3.1856
3.12504
3.06583
3.00835
2.95214
2.89739
2.84398
2.79193
2.74127
2.69216
2.6448
2.59962
2.55727
2.51829
2.48351
2.45181
2.42116
2.39096
2.36124
2.33186
2.30274
2.27381
2.24494
2.21598
2.18674
2.15693
2.12614
2.09396
2.05945
2.02767
3.61667
3.60437
3.557
3.50406
3.4365
3.35275
3.2607
3.17115
3.08638
3.00698
2.93739
2.87781
2.82616
2.78216
2.74447
2.71137
2.68202
2.65527
2.6301
2.60555
2.58079
2.55478
2.52633
2.4954
2.46384
2.43268
2.40184
2.37126
2.34084
2.31054
2.28029
2.24997
2.21944
2.1885
2.15687
2.12409
2.08977
2.05287
2.01892
3.70742
3.69205
3.65883
3.61858
3.56759
3.50636
3.44277
3.37613
3.30814
3.24175
3.17619
3.11219
3.05018
2.98964
2.93079
2.87348
2.81774
2.76361
2.71125
2.66089
2.61294
2.56812
2.52699
2.49041
2.4572
2.42517
2.39368
2.36277
2.3323
2.30218
2.27232
2.24261
2.21288
2.18292
2.15244
2.121
2.08818
2.05295
2.02072
3.71034
3.69675
3.64673
3.58946
3.51623
3.42548
3.32582
3.22898
3.13721
3.05123
2.97593
2.9116
2.85597
2.80871
2.76836
2.73303
2.7018
2.67344
2.64683
2.62095
2.59491
2.5676
2.53775
2.50534
2.47235
2.43987
2.40782
2.37613
2.34472
2.31351
2.28245
2.25141
2.22024
2.18874
2.1566
2.12336
2.08859
2.05121
2.01705
3.81131
3.79471
3.75865
3.71472
3.65897
3.59204
3.52259
3.44988
3.37584
3.30367
3.23253
3.16321
3.09616
3.03082
2.96741
2.9058
2.846
2.78806
2.73214
2.6785
2.62757
2.58008
2.53664
2.49815
2.46332
2.42983
2.39698
2.36483
2.33321
2.30204
2.27122
2.24063
2.2101
2.17942
2.14826
2.11617
2.0827
2.04676
2.0141
3.81426
3.7992
3.74616
3.68399
3.60437
3.50575
3.39754
3.29253
3.19283
3.09934
3.01758
2.9479
2.88781
2.83693
2.79364
2.75586
2.72258
2.69246
2.66428
2.63697
2.60955
2.58083
2.54949
2.5155
2.48098
2.4471
2.41378
2.38093
2.34845
2.3163
2.28439
2.25259
2.22076
2.18867
2.15601
2.12229
2.08706
2.04919
2.01481
3.9271
3.90916
3.86993
3.82182
3.76068
3.68729
3.61121
3.53168
3.45082
3.37217
3.29479
3.21952
3.14682
3.0761
3.0076
2.94118
2.87687
2.81472
2.75491
2.69768
2.6435
2.59314
2.54722
2.50668
2.47014
2.4351
2.40082
2.36735
2.33453
2.30227
2.27046
2.23897
2.20762
2.17619
2.14434
2.11159
2.07747
2.04083
2.00775
3.93004
3.91329
3.8568
3.78905
3.70215
3.59462
3.47678
3.36257
3.25379
3.15168
3.06253
2.98679
2.92172
2.86683
2.82029
2.77983
2.74431
2.71228
2.68243
2.65356
2.62466
2.59445
2.56152
2.52585
2.48971
2.45436
2.41969
2.38562
2.35204
2.31889
2.28609
2.25351
2.22099
2.1883
2.15509
2.12088
2.08517
2.04678
2.01219
4.05675
4.03734
3.99453
3.94168
3.87438
3.79365
3.71002
3.62273
3.53417
3.44823
3.36383
3.28183
3.20275
3.12592
3.05167
2.97984
2.91048
2.84365
2.77952
2.71837
2.66066
2.6072
2.55863
2.5159
2.47753
2.44086
2.40507
2.37024
2.33617
2.30277
2.26993
2.23752
2.20534
2.17315
2.14061
2.1072
2.07243
2.03508
2.00161
4.05963
4.04092
3.98045
3.90631
3.8111
3.69342
3.56464
3.44
3.32069
3.20857
3.11097
3.02838
2.95773
2.89841
2.84831
2.80493
2.767
2.73291
2.70125
2.67074
2.64025
2.60846
2.57384
2.5364
2.49857
2.46167
2.42559
2.39024
2.3555
2.32132
2.2876
2.25421
2.22097
2.18764
2.15387
2.11914
2.08293
2.04401
2.00919
4.20268
4.18162
4.13479
4.07647
4.00211
3.91293
3.82068
3.72456
3.62722
3.53303
3.44065
3.35096
3.26454
3.18072
3.09988
3.02191
2.94685
2.87479
2.8059
2.74044
2.67888
2.62208
2.57066
2.52562
2.48532
2.44692
2.40956
2.3733
2.33794
2.30337
2.26949
2.23614
2.20312
2.17018
2.13695
2.10289
2.06748
2.02943
1.99557
4.20541
4.18442
4.11933
4.03781
3.93303
3.80372
3.66243
3.5259
3.39419
3.27037
3.16304
3.07272
2.99589
2.9317
2.87774
2.83121
2.79068
2.7544
2.72082
2.68855
2.6564
2.62294
2.58655
2.54725
2.50764
2.46912
2.43157
2.39488
2.35895
2.32369
2.28901
2.25476
2.22077
2.18679
2.15243
2.11716
2.08043
2.04095
2.00589
4.36788
4.34499
4.29355
4.22892
4.14636
4.04747
3.94526
3.83895
3.73158
3.628
3.52645
3.42782
3.33281
3.24081
3.15235
3.06734
2.98585
2.90795
2.83378
2.76361
2.69789
2.63749
2.58304
2.53554
2.49322
2.45302
2.41402
2.37629
2.3396
2.30385
2.2689
2.23461
2.20076
2.16707
2.13317
2.09848
2.06245
2.02374
1.98953
4.37034
4.34667
4.27619
4.18606
4.07017
3.92743
3.77175
3.62156
3.47499
3.33737
3.21888
3.11992
3.03629
2.9668
2.90869
2.85879
2.81551
2.77691
2.7413
2.70719
2.67329
2.63807
2.59983
2.55859
2.51711
2.4769
2.43782
2.39974
2.36255
2.32616
2.29048
2.25534
2.22057
2.18589
2.15092
2.11507
2.07779
2.03772
2.00241
4.55612
4.53119
4.47445
4.40241
4.3103
4.20008
4.08629
3.96819
3.84923
3.73493
3.62264
3.5133
3.40801
3.30634
3.209
3.11593
3.02719
2.94279
2.86284
2.78754
2.71735
2.6531
2.59543
2.54534
2.50089
2.45882
2.41814
2.37889
2.34085
2.3039
2.2679
2.23267
2.198
2.16359
2.12905
2.09377
2.05715
2.0178
1.9833
4.55814
4.53127
4.45444
4.35419
4.2253
4.06692
3.89453
3.72852
3.56377
3.40985
3.27867
3.17013
3.07912
3.00396
2.94142
2.88796
2.84177
2.80073
2.76299
2.72695
2.69122
2.65417
2.61398
2.57071
2.52729
2.4853
2.4446
2.40507
2.36656
2.32899
2.29225
2.25618
2.22057
2.18516
2.14953
2.11307
2.07521
2.0345
1.9989
4.77216
4.74492
4.68205
4.60128
4.49787
4.37435
4.24695
4.11506
3.98264
3.85606
3.73075
3.60817
3.49033
3.37713
3.2695
3.16731
3.07051
2.979
2.8928
2.812
2.73702
2.66869
2.6076
2.55479
2.50812
2.4641
2.42167
2.38087
2.34146
2.30329
2.26622
2.23007
2.19459
2.1595
2.12434
2.0885
2.05135
2.01142
1.97668
4.77353
4.74286
4.65843
4.54614
4.40188
4.22511
4.03316
3.84866
3.66115
3.48801
3.34262
3.22369
3.12478
3.04361
2.97641
2.91919
2.86995
2.82633
2.78636
2.74829
2.71063
2.67165
2.62943
2.584
2.53853
2.49467
2.45228
2.4112
2.3713
2.33247
2.29461
2.25754
2.22106
2.18486
2.14852
2.11141
2.07291
2.03151
1.99559
5.02219
4.99234
4.92229
4.83103
4.7142
4.57487
4.43133
4.28315
4.13492
3.99425
3.85227
3.71271
3.57941
3.45268
3.3334
3.22116
3.11566
3.01657
2.92373
2.83713
2.7571
2.68444
2.61973
2.56402
2.51501
2.46894
2.42468
2.38226
2.34141
2.30199
2.26383
2.22673
2.19045
2.15466
2.11891
2.08253
2.04488
2.0044
1.96947
5.02263
4.98728
4.89372
4.76699
4.60437
4.40574
4.19062
3.9843
3.76749
3.57211
3.41121
3.28121
3.17398
3.08648
3.01435
2.95317
2.90069
2.85435
2.81201
2.77178
2.73208
2.69105
2.64665
2.59895
2.55129
2.50545
2.46124
2.41853
2.37714
2.33698
2.29792
2.25979
2.22235
2.1853
2.1482
2.11036
2.07116
2.02899
1.99271
5.31436
5.2815
5.20288
5.09893
4.96592
4.80759
4.6446
4.47696
4.31006
4.1533
3.98804
3.82613
3.67434
3.53245
3.40063
3.27783
3.16328
3.05634
2.95665
2.86403
2.77871
2.70148
2.63286
2.57403
2.52247
2.47417
2.42791
2.38371
2.3413
2.3005
2.26114
2.22301
2.18584
2.1493
2.11291
2.07596
2.03778
1.99675
1.96163
5.31342
5.27233
5.16762
5.02325
4.83837
4.6135
4.37067
4.13831
3.88264
3.66257
3.48535
3.34378
3.22778
3.13358
3.05619
2.99075
2.93479
2.88552
2.84062
2.79807
2.75616
2.71293
2.6662
2.61607
2.56608
2.51813
2.472
2.42755
2.38457
2.34298
2.30264
2.26335
2.22488
2.18691
2.14895
2.11031
2.07034
2.02732
1.9906
5.65949
5.62317
5.5343
5.41465
5.26186
5.08037
4.89365
4.70252
4.51325
4.33838
4.13657
3.94606
3.77428
3.61694
3.47255
3.33914
3.21547
3.10062
2.99401
2.89536
2.80485
2.72322
2.65106
2.58904
2.53467
2.48376
2.43505
2.38866
2.34429
2.30166
2.26077
2.22133
2.18305
2.14558
2.10838
2.07073
2.03191
1.99019
1.95482
5.65659
5.60826
5.48974
5.32357
5.11139
4.85454
4.57812
4.31428
4.00542
3.7606
3.56678
3.41305
3.28765
3.18613
3.10298
3.03287
2.97309
2.9206
2.87291
2.82783
2.78354
2.73794
2.68875
2.63605
2.58363
2.53345
2.48529
2.43899
2.39433
2.35122
2.3095
2.26896
2.22937
2.19037
2.15147
2.1119
2.07097
2.02688
1.98954
5.94534
5.90818
5.81682
5.69308
5.53502
5.34723
5.15381
4.95573
4.75965
4.58107
4.33339
4.09878
3.89425
3.71189
3.54812
3.39943
3.26359
3.13893
3.02438
2.91927
2.82348
2.7376
2.66208
2.59771
2.54159
2.48923
2.43923
2.39164
2.34615
2.30244
2.26051
2.22006
2.18083
2.14244
2.1044
2.06593
2.02629
1.98371
1.94788
5.94194
5.89182
5.77039
5.59882
5.37958
5.11424
4.82852
4.55418
4.16661
3.87746
3.6555
3.4832
3.34483
3.2341
3.14422
3.06897
3.00519
2.94947
2.89906
2.85159
2.80511
2.75738
2.70602
2.65113
2.59666
2.54469
2.49494
2.4472
2.40128
2.35702
2.31427
2.27283
2.2324
2.19265
2.15305
2.11281
2.07119
2.02634
1.98857
6.29192
6.25376
6.15944
6.03078
5.86645
5.67112
5.46962
5.26325
5.05895
4.87569
4.5687
4.27845
4.03364
3.82109
3.63429
3.46772
3.31776
3.18185
3.05823
2.9458
2.84408
2.75346
2.67419
2.60692
2.54852
2.49424
2.44259
2.39359
2.34689
2.3021
2.25923
2.21794
2.17793
2.13882
2.10008
2.0609
2.02054
1.9771
1.94079
6.28784
6.23555
6.11055
5.93253
5.70487
5.4293
5.13226
4.84512
4.3576
4.014
3.75826
3.564
3.41048
3.28912
3.19152
3.11042
3.04209
2.98273
2.92927
2.87913
2.83021
2.78014
2.72638
2.66908
2.61239
2.55846
2.50697
2.45769
2.41037
2.36487
2.32101
2.27856
2.23723
2.19664
2.15625
2.11523
2.07282
2.02706
1.98874
6.71825
6.67886
6.58096
6.44644
6.27453
6.07018
5.85891
5.6424
5.42806
5.23887
4.85352
4.49192
4.19686
3.94748
3.7331
3.5454
3.37898
3.23006
3.0961
2.97532
2.86692
2.77118
2.68768
2.61717
2.5562
2.49972
2.44613
2.39546
2.34729
2.30125
2.25728
2.21504
2.17421
2.13437
2.09496
2.05515
2.01411
1.96991
1.93318
6.71342
6.65859
6.52917
6.34325
6.10533
5.81729
5.50638
5.20353
4.58656
4.17514
3.87832
3.65787
3.48657
3.35284
3.24636
3.15858
3.08514
3.02168
2.96482
2.91172
2.86011
2.80746
2.75109
2.69119
2.63212
2.57608
2.52274
2.47181
2.42302
2.3762
2.33114
2.2876
2.24527
2.20376
2.1625
2.12062
2.0773
2.03045
1.99143
7.25214
7.21132
7.10904
6.96735
6.78627
6.57086
6.3476
6.11866
5.89189
5.69509
5.20355
4.74854
4.38978
4.09488
3.84712
3.63423
3.44848
3.28447
3.13857
3.00831
2.89238
2.79066
2.70247
2.62833
2.56453
2.50562
2.44991
2.39737
2.34757
2.3001
2.25489
2.21158
2.16981
2.12916
2.08903
2.04853
2.00682
1.96184
1.92475
7.24634
7.18839
7.05346
6.8579
6.60743
6.30401
5.97588
5.65351
4.86497
4.36752
4.02015
3.76817
3.57581
3.4277
3.31101
3.21567
3.13646
3.06846
3.00785
2.95153
2.89703
2.84163
2.78251
2.71989
2.65834
2.60016
2.54492
2.49231
2.44201
2.39383
2.34754
2.30286
2.25948
2.21697
2.17474
2.13188
2.08751
2.03945
1.99948
7.93544
7.89289
7.78528
7.6347
7.4423
7.21321
6.97504
6.73056
6.48824
6.28147
5.64159
5.06142
4.6204
4.26839
3.97967
3.7365
3.52784
3.34616
3.18648
3.04532
2.92118
2.81268
2.71914
2.64094
2.57394
2.5123
2.45421
2.39959
2.34797
2.2989
2.2523
2.20777
2.16494
2.12336
2.0824
2.04114
1.99868
1.95286
1.91538
7.92847
7.86665
7.72477
7.51721
7.25106
6.92848
6.57861
6.23177
5.20958
4.6007
4.1901
3.89977
3.68242
3.5176
3.3893
3.28549
3.19995
3.12705
3.06247
3.00279
2.94532
2.88715
2.82532
2.76007
2.69617
2.63597
2.57899
2.52483
2.47315
2.4237
2.37623
2.33045
2.28603
2.2425
2.19924
2.15529
2.10973
2.06023
2.01918
8.83404
8.78931
8.67513
8.5134
8.30684
8.06056
7.80348
7.53934
7.27715
7.05707
6.20205
5.4494
4.89979
4.47487
4.13522
3.85518
3.61909
3.4166
3.24083
3.08785
2.95388
2.83763
2.73806
2.65527
2.58468
2.51999
2.45924
2.40229
2.34865
2.29783
2.24967
2.20379
2.15979
2.11718
2.07529
2.03316
1.98986
1.94311
1.90519
8.82553
8.7589
8.6081
8.38539
8.0994
7.75243
7.37476
6.99659
5.64533
4.88866
4.39775
4.06047
3.81358
3.62964
3.48848
3.37559
3.2835
3.20567
3.13724
3.07442
3.01428
2.95373
2.88967
2.82235
2.7567
2.69507
2.63686
2.58165
2.52901
2.47866
2.43032
2.38367
2.33835
2.2939
2.24964
2.20458
2.15771
2.10657
2.06415
10.0574
10.0099
9.88723
9.71132
9.48671
9.21847
8.9369
8.64728
8.35924
8.12096
6.93936
5.94083
5.24413
4.72426
4.32025
3.99467
3.72527
3.49876
3.30538
3.13782
2.99233
2.86709
2.76053
2.67244
2.59772
2.52953
2.46572
2.40612
2.35016
2.29733
2.24742
2.2
2.15466
2.11086
2.06792
2.0248
1.98053
1.93272
1.89427
10.0468
9.97399
9.81146
9.56919
9.25768
8.87914
8.46513
8.04624
6.2118
5.25344
4.65906
4.26448
3.9835
3.77877
3.62449
3.50296
3.40505
3.32321
3.25196
3.18707
3.12544
3.06379
2.99895
2.93116
2.86532
2.8037
2.74559
2.69048
2.63791
2.58752
2.53903
2.4921
2.44634
2.40129
2.35625
2.31016
2.26197
2.20906
2.16487
11.7989
11.748
11.6144
11.4202
11.1722
10.8751
10.5611
10.2377
9.91525
9.65121
7.94442
6.58674
5.68628
5.04057
4.55462
4.17325
3.86461
3.6078
3.39039
3.20424
3.04424
2.90767
2.79232
2.69757
2.61765
2.54503
2.4774
2.41443
2.3555
2.30019
2.24805
2.19868
2.15162
2.10632
2.06201
2.01763
1.97212
1.92296
1.8838
11.7857
11.7047
11.5267
11.2587
10.9136
10.4931
10.0305
9.5574
6.97567
5.73344
5.00521
4.54294
4.22583
4.00179
3.83721
3.7103
3.6099
3.52721
3.45616
3.3922
3.33209
3.27244
3.21018
3.14537
3.08267
3.024
2.96857
2.9158
2.86517
2.81634
2.76899
2.72283
2.67742
2.63232
2.58684
2.53991
2.49039
2.43553
2.389
14.4318
14.3765
14.2285
14.0101
13.7311
13.3956
13.0381
12.6689
12.2994
11.9977
9.40198
7.49292
6.29725
5.47432
4.87364
4.41321
4.04757
3.74912
3.50058
3.29071
3.1124
2.96172
2.83549
2.73255
2.64624
2.5682
2.49588
2.42878
2.3662
2.30787
2.25297
2.20118
2.15198
2.10478
2.05875
2.01275
1.96566
1.91479
1.87463
14.4149
14.323
14.124
13.8216
13.4311
12.9538
12.425
11.8781
8.06077
6.40842
5.51271
4.98025
4.63524
4.4029
4.23898
4.11678
4.02268
3.947
3.88331
3.82677
3.77442
3.723
3.66957
3.61399
3.56
3.50899
3.46023
3.41304
3.36706
3.32172
3.27705
3.23264
3.18822
3.14338
3.09746
3.04938
2.99805
2.94069
2.89063
18.7586
18.6979
18.5314
18.2812
17.9613
17.5741
17.1572
16.7252
16.2904
15.9323
11.6616
8.77536
7.1039
6.01635
5.25539
4.69114
4.2548
3.90631
3.62136
3.38436
3.18561
3.01944
2.88151
2.76989
2.67693
2.59331
2.5162
2.44496
2.37876
2.31737
2.25975
2.20558
2.15429
2.10522
2.0575
2.00988
1.9612
1.90861
1.86745
18.7364
18.6298
18.4026
18.0537
17.602
17.0474
16.4269
15.7783
9.74257
7.50082
6.42856
5.85839
5.52411
5.31792
5.18284
5.08818
5.01891
4.96555
4.92193
4.88424
4.84981
4.81582
4.78034
4.74243
4.70369
4.6656
4.6272
4.58837
4.54848
4.50772
4.46596
4.42316
4.37903
4.33333
4.28556
4.23473
4.17946
4.11689
4.05971
26.7896
26.7231
26.5349
26.246
25.8762
25.4247
24.9321
24.4189
23.8976
23.457
15.4016
10.6937
8.23009
6.73576
5.74221
5.03352
4.50188
4.0877
3.75581
3.48446
3.2601
3.07481
2.92257
2.80049
2.69959
2.6094
2.52668
2.45064
2.38034
2.31533
2.25466
2.19786
2.1443
2.09324
2.04374
1.99444
1.94408
1.88951
1.84739
26.7602
26.6347
26.3719
25.9653
25.4365
24.7826
24.0418
23.2594
12.8844
9.92048
8.80203
8.32914
8.1087
8.00212
7.94704
7.91725
7.90063
7.88955
7.88271
7.87606
7.87058
7.86292
7.85347
7.83953
7.82082
7.79783
7.77113
7.74191
7.70824
7.67237
7.63317
7.59126
7.54646
7.49944
7.44876
7.39371
7.33499
7.27041
7.20561
44.7824
44.7172
44.5236
44.2189
43.8263
43.3414
42.803
42.2369
41.6539
41.1359
18.129
2.0486
0.00267505
0.00259652
0.00252914
0.00247645
0.00243129
0.00239078
0.00235011
0.00230515
0.00224746
0.00216333
0.00204959
0.0018852
0.00174539
0.00169204
0.00166395
0.00163162
0.00160286
0.00157809
0.00154333
0.00151755
0.0014969
0.00148591
0.00149192
0.00152736
0.00159346
0.00173394
0.00146733
44.7465
44.6114
44.3312
43.8945
43.3229
42.6083
41.7857
40.9052
22.3922
19.3467
18.7133
18.6139
18.645
18.7107
18.7828
18.8516
18.9155
18.973
19.0235
19.0674
19.1044
19.1339
19.1531
19.1611
19.1638
19.1643
19.1617
19.1555
19.1452
19.1307
19.112
19.0889
19.0612
19.0281
18.9886
18.9397
18.8781
18.7922
18.7286
109.908
101.449
96.3841
81.8966
62.198
49.6077
46.464
47.7328
48.5937
47.4112
44.7236
41.2682
37.5108
33.5837
29.648
25.8198
22.4993
19.4499
17.0697
15.5707
14.1715
12.7982
11.4097
9.98091
8.57853
7.27856
6.21403
5.34012
4.63734
4.08442
3.65992
3.33683
3.09151
2.90272
2.75516
2.63722
2.54113
2.46148
2.39458
2.33777
2.28908
2.24807
2.21284
2.18263
2.15655
2.13409
2.11454
2.09754
2.08256
2.06935
2.05749
2.04683
2.03709
2.02816
2.01986
2.0121
2.00479
1.99787
1.99128
1.98498
1.97888
1.97291
1.96693
1.96079
1.95428
1.9472
1.93952
1.93287
1.92603
1.91904
1.91156
1.9033
1.89412
1.88413
1.87341
1.86312
1.85402
1.84699
1.82712
0.000814317
87.3051
56.4787
20.9979
8.1823
4.57069
3.55156
3.25376
3.11646
3.02708
2.94682
2.86693
2.78723
2.70544
2.62618
2.54909
2.47886
2.4146
2.35878
2.30925
2.26703
2.22981
2.19824
2.17039
2.14687
2.12612
2.10869
2.09331
2.08046
2.06911
2.05969
2.05136
2.04448
2.03838
2.03336
2.02888
2.02519
2.02188
2.01913
2.01665
2.01456
2.01266
2.01104
2.00955
2.00825
2.00706
2.006
2.00503
2.00412
2.00327
2.00246
2.00166
2.00085
2.00001
1.99908
1.99802
1.99676
1.99523
1.99339
1.99119
1.98862
1.9857
1.98249
1.97911
1.97572
1.97253
1.96978
1.96778
1.96676
1.9659
1.96623
1.96915
1.97759
1.99793
2.04403
2.14671
2.37395
2.88006
4.05662
7.20874
18.7048
71.9702
73.8558
71.8654
71.7239
62.9997
50.1106
40.92
37.8407
38.1482
38.4791
37.2873
34.7357
31.4534
27.9667
24.5395
21.3374
18.6179
16.2166
14.8545
13.624
12.4591
11.3131
10.1519
8.9692
7.80159
6.72113
5.81106
5.05308
4.43448
3.94144
3.55771
3.26186
3.03443
2.8572
2.71727
2.60418
2.51147
2.43389
2.36839
2.31198
2.26426
2.2237
2.18891
2.15883
2.13293
2.11045
2.09098
2.07391
2.05897
2.04568
2.03386
2.02317
2.01347
2.00454
1.99627
1.98853
1.98127
1.97439
1.96785
1.96159
1.95555
1.94964
1.94374
1.93769
1.93129
1.92436
1.91683
1.91034
1.9036
1.89672
1.88938
1.88129
1.8723
1.86252
1.85201
1.8419
1.83288
1.82598
1.80629
0.000848093
58.4971
35.7015
13.7922
5.67067
3.79283
3.26375
3.08312
2.9811
2.90403
2.82909
2.75576
2.681
2.60741
2.53549
2.46787
2.40559
2.34968
2.30024
2.25683
2.21911
2.18611
2.15761
2.13266
2.11125
2.09249
2.07652
2.06249
2.05066
2.04024
2.03153
2.02383
2.01745
2.01177
2.00711
2.00292
1.99949
1.99637
1.99382
1.99146
1.98952
1.9877
1.9862
1.98476
1.98356
1.9824
1.98143
1.98047
1.97964
1.9788
1.97804
1.97725
1.97649
1.97566
1.97476
1.97371
1.97248
1.97098
1.96917
1.96702
1.96451
1.96165
1.95853
1.95525
1.95198
1.94891
1.94629
1.94441
1.94343
1.94269
1.94318
1.94635
1.95519
1.97622
2.02353
2.12826
2.35876
2.86958
4.05363
7.21158
18.6856
50.9787
54.1907
54.3301
54.3092
53.6975
47.9117
39.8166
33.4685
31.2965
31.5021
31.5885
30.3135
27.812
24.7233
21.592
18.6914
16.2024
14.5205
13.3244
12.2523
11.2457
10.2543
9.25884
8.24861
7.24778
6.31301
5.51015
4.83227
4.27321
3.82253
3.46848
3.19288
2.97928
2.81143
2.67789
2.56929
2.47964
2.40348
2.33973
2.28474
2.23787
2.19801
2.16359
2.13388
2.10813
2.08583
2.06638
2.04942
2.03445
2.02125
2.00941
1.9988
1.9891
1.98024
1.972
1.96433
1.9571
1.95028
1.94379
1.93759
1.93161
1.92577
1.91996
1.914
1.90773
1.90093
1.89357
1.88723
1.88061
1.87384
1.86665
1.85873
1.84993
1.84036
1.83005
1.82015
1.81121
1.80444
1.78491
0.000882976
41.8974
26.2273
10.5949
4.50457
3.37893
3.07134
2.94486
2.86256
2.79138
2.72267
2.65359
2.58535
2.51787
2.45373
2.39324
2.33843
2.28882
2.24526
2.2066
2.17307
2.14346
2.11788
2.09534
2.07595
2.05892
2.04432
2.03154
2.02064
2.01111
2.00302
1.99596
1.98999
1.98478
1.98039
1.97654
1.97328
1.97041
1.96796
1.9658
1.96393
1.96226
1.96079
1.95948
1.9583
1.95724
1.95628
1.9554
1.95458
1.95381
1.95305
1.95232
1.95156
1.95077
1.94988
1.94886
1.94764
1.94617
1.9444
1.94229
1.93983
1.93705
1.93401
1.93084
1.92769
1.92474
1.92224
1.92047
1.91955
1.91892
1.91959
1.92302
1.93229
1.95405
2.00265
2.10955
2.34347
2.85922
4.05084
7.21415
18.6707
38.0444
41.0911
42.369
42.1291
42.2169
41.5542
37.6656
32.3424
28.1539
26.4943
26.508
26.3558
25.0466
22.7068
19.9203
17.2022
14.7658
13.3797
12.2621
11.2897
10.3879
9.51272
8.6355
7.75155
6.86576
6.02988
5.2969
4.67268
4.15174
3.72917
3.39419
3.13254
2.92841
2.76736
2.63771
2.53312
2.44635
2.37236
2.31019
2.25639
2.21042
2.17113
2.13723
2.10782
2.08236
2.06019
2.04092
2.02398
2.00916
1.99597
1.98425
1.97365
1.96406
1.95523
1.94708
1.93945
1.9323
1.92553
1.91912
1.91298
1.90708
1.90131
1.89558
1.88973
1.88358
1.87694
1.86974
1.86356
1.85707
1.85041
1.84335
1.83561
1.82701
1.81766
1.80757
1.79785
1.78901
1.78236
1.76298
0.000918988
31.407
20.1957
8.61772
3.84691
3.11456
2.91867
2.82392
2.75191
2.68732
2.62273
2.55945
2.49625
2.43563
2.37756
2.32413
2.2751
2.23146
2.19249
2.15833
2.12814
2.10178
2.07861
2.05841
2.04074
2.02537
2.01201
2.00039
1.99037
1.98166
1.97419
1.96769
1.96217
1.95734
1.95326
1.94966
1.94664
1.94393
1.94166
1.9396
1.93787
1.93627
1.93492
1.93364
1.93256
1.93153
1.93064
1.92978
1.92902
1.92826
1.92756
1.92683
1.92612
1.92533
1.92447
1.92346
1.92227
1.92081
1.91908
1.91701
1.91461
1.9119
1.90895
1.90588
1.90285
1.90003
1.89765
1.89599
1.89512
1.89462
1.89547
1.89917
1.9089
1.93145
1.98141
2.0906
2.32811
2.84902
4.04822
7.21656
18.6589
29.1298
31.9314
33.566
34.1611
33.889
33.6961
33.1799
30.5428
26.9561
24.0492
22.7692
22.589
22.2721
21.026
18.9311
16.4854
14.1415
12.6407
11.5414
10.6063
9.77307
8.97834
8.19545
7.40469
6.60862
5.84086
5.15648
4.56464
4.06767
3.66029
3.33654
3.0822
2.88393
2.72694
2.60065
2.49839
2.41363
2.34123
2.28024
2.22744
2.18218
2.14344
2.10995
2.08091
2.05566
2.03373
2.01453
1.99781
1.98302
1.96999
1.95831
1.94784
1.93829
1.92957
1.92148
1.91395
1.90687
1.90019
1.89384
1.88779
1.88195
1.87627
1.87063
1.86489
1.85887
1.85237
1.84535
1.83933
1.83296
1.82643
1.81952
1.81195
1.80355
1.79442
1.78455
1.77503
1.7663
1.75977
1.74051
0.000956117
23.7588
15.3617
6.90768
3.39736
2.91746
2.78683
2.71002
2.64699
2.58682
2.52792
2.46923
2.41234
2.3573
2.3059
2.25808
2.21498
2.17606
2.14173
2.11112
2.08435
2.06059
2.0399
2.02159
2.00571
1.99171
1.97962
1.969
1.95987
1.95188
1.94503
1.93905
1.93394
1.92949
1.92569
1.92237
1.91952
1.91702
1.91486
1.91296
1.9113
1.90982
1.90851
1.90734
1.90628
1.90534
1.90446
1.90368
1.90292
1.90222
1.90152
1.90084
1.90013
1.89938
1.89851
1.89754
1.89635
1.89493
1.89321
1.89119
1.88885
1.88621
1.88335
1.88039
1.87747
1.87477
1.87252
1.87097
1.87016
1.8698
1.87083
1.87484
1.88505
1.90843
1.95985
2.07145
2.31271
2.83901
4.04578
7.2189
18.6496
22.3354
25.0677
26.8674
27.8473
28.2059
27.9832
27.5058
27.2104
25.4368
22.9515
20.828
19.7417
19.4158
19.0055
17.8929
16.0936
13.9913
12.2233
11.1044
10.1573
9.33735
8.59117
7.8721
7.15794
6.43467
5.72741
5.07799
4.50813
4.02208
3.62085
3.29877
3.04577
2.84797
2.69217
2.56683
2.46566
2.38183
2.31051
2.25022
2.19818
2.15344
2.11512
2.08199
2.05322
2.02824
2.00642
1.98747
1.9708
1.95621
1.94324
1.93171
1.92129
1.91188
1.90323
1.89526
1.8878
1.88083
1.87422
1.86797
1.86199
1.85625
1.85065
1.84511
1.83948
1.83359
1.82726
1.82041
1.81455
1.80832
1.80191
1.79514
1.78776
1.77956
1.77066
1.76101
1.75169
1.74307
1.73665
1.7175
0.000994402
17.6967
11.275
5.37332
3.05585
2.75708
2.66439
2.60093
2.54406
2.48955
2.43538
2.3826
2.33114
2.28245
2.23664
2.19476
2.15656
2.12248
2.09194
2.06499
2.04102
2.01997
2.00132
1.98499
1.9706
1.95804
1.94702
1.93744
1.92907
1.92182
1.91552
1.91005
1.90533
1.90123
1.89771
1.89462
1.89197
1.88963
1.88763
1.88583
1.88428
1.88287
1.88165
1.88052
1.87954
1.87862
1.87783
1.87705
1.87636
1.87565
1.875
1.87432
1.87365
1.87289
1.87207
1.87108
1.86992
1.86851
1.86684
1.86485
1.86257
1.86
1.85723
1.85438
1.85157
1.849
1.84688
1.84542
1.84469
1.84446
1.8457
1.85001
1.86075
1.88503
1.93798
2.05213
2.29733
2.82923
4.04353
7.22119
18.6423
16.8085
19.5523
21.5216
22.7414
23.4466
23.7205
23.5763
22.9691
22.7834
21.6145
19.851
18.2222
17.2513
16.833
16.398
15.4476
13.9308
12.1126
10.8888
9.91023
9.06622
8.32267
7.63853
6.97558
6.31449
5.65929
5.04346
4.48896
4.00894
3.60615
3.28026
3.02232
2.82119
2.66303
2.53686
2.43508
2.35139
2.28039
2.22047
2.1688
2.12442
2.08635
2.05346
2.02494
2.00006
1.97851
1.95963
1.94318
1.92866
1.91586
1.90439
1.89414
1.88479
1.87628
1.86838
1.86106
1.85416
1.84768
1.8415
1.83563
1.82997
1.82448
1.81904
1.81352
1.80777
1.80159
1.79493
1.78924
1.78315
1.77687
1.77025
1.76305
1.75506
1.74638
1.73696
1.72785
1.71934
1.71304
1.69397
0.00103379
12.7584
7.96603
4.13981
2.79475
2.61703
2.5484
2.49399
2.44349
2.394
2.34557
2.2982
2.25287
2.20982
2.16991
2.13314
2.09994
2.06996
2.04329
2.01942
1.99834
1.97955
1.96304
1.94837
1.93554
1.92419
1.91431
1.9056
1.89805
1.89142
1.88569
1.88067
1.87635
1.87257
1.86931
1.86646
1.86399
1.86182
1.85993
1.85826
1.85678
1.85547
1.8543
1.85326
1.85231
1.85148
1.85068
1.84997
1.84927
1.84862
1.84796
1.84733
1.84665
1.84593
1.84509
1.84414
1.84298
1.84161
1.83995
1.83802
1.83578
1.83329
1.83061
1.82786
1.82517
1.82272
1.82072
1.81936
1.81871
1.81863
1.82008
1.82473
1.83602
1.86125
1.91584
2.03268
2.282
2.81971
4.04146
7.22344
18.6367
12.209
14.9007
17.0204
18.4597
19.406
19.986
20.2418
20.1764
19.7549
19.3866
18.6444
17.3704
16.0786
15.1959
14.7315
14.3072
13.5109
12.237
10.7717
9.81958
8.94552
8.17609
7.48933
6.85246
6.23307
5.62371
5.03861
4.50024
4.02274
3.61555
3.28031
3.01327
2.80402
2.64066
2.511
2.40734
2.3225
2.25128
2.19113
2.13959
2.09527
2.05729
2.02454
1.99605
1.97142
1.94991
1.93126
1.91487
1.90053
1.88779
1.8765
1.86631
1.85712
1.84869
1.84094
1.8337
1.82694
1.82053
1.81448
1.8087
1.80315
1.79775
1.79242
1.78703
1.78141
1.77541
1.76892
1.7634
1.75746
1.75131
1.74484
1.73782
1.73004
1.7216
1.71241
1.70351
1.69513
1.68894
1.66992
0.00107432
8.84763
5.5143
3.28275
2.59489
2.49013
2.43631
2.38966
2.34475
2.30098
2.25799
2.21659
2.17689
2.1397
2.10504
2.0734
2.04454
2.01864
1.99531
1.97455
1.95595
1.93948
1.92479
1.91185
1.90036
1.89027
1.88135
1.87357
1.86671
1.86074
1.85551
1.85096
1.84699
1.84353
1.84052
1.83789
1.8356
1.83358
1.83181
1.83024
1.82886
1.82762
1.82653
1.82553
1.82468
1.82384
1.82312
1.82239
1.82175
1.82109
1.82048
1.81984
1.8192
1.81846
1.81766
1.8167
1.81558
1.8142
1.81259
1.81068
1.80851
1.80608
1.80349
1.80085
1.79828
1.79595
1.79407
1.79281
1.79225
1.79232
1.794
1.799
1.8109
1.83715
1.89348
2.01314
2.26677
2.81048
4.03959
7.22566
18.6325
8.50358
10.9382
13.0994
14.7197
15.8809
16.6853
17.2077
17.4725
17.4775
17.1995
16.6959
16.2624
15.3363
14.2934
13.4919
13.0124
12.6108
11.9449
10.8725
9.77526
8.93396
8.14212
7.43166
6.79025
6.19114
5.61252
5.05605
4.53324
4.05992
3.64637
3.29985
3.01922
2.79836
2.62585
2.49045
2.3828
2.2958
2.22332
2.16256
2.11065
2.06619
2.0281
1.99522
1.96688
1.94223
1.92091
1.90228
1.88606
1.87176
1.85919
1.84796
1.83794
1.82883
1.82055
1.81288
1.80579
1.79911
1.79285
1.7869
1.78124
1.77579
1.7705
1.76528
1.76001
1.75454
1.7487
1.7424
1.73705
1.73126
1.72525
1.71894
1.71211
1.70454
1.69633
1.68737
1.67868
1.67044
1.66436
1.64535
0.00111597
5.9721
3.90134
2.75683
2.43809
2.37244
2.32895
2.28851
2.24943
2.21102
2.17385
2.13795
2.104
2.07204
2.04254
2.01536
1.99074
1.96837
1.94832
1.93022
1.9141
1.89962
1.88679
1.87531
1.86519
1.85618
1.84828
1.84127
1.83514
1.82973
1.82503
1.82088
1.81728
1.81411
1.81135
1.80892
1.8068
1.80492
1.80327
1.80181
1.80051
1.79936
1.79831
1.79742
1.79656
1.79581
1.79506
1.7944
1.79374
1.79314
1.79252
1.79192
1.79126
1.79056
1.78975
1.78882
1.78768
1.78635
1.78474
1.78289
1.78076
1.77841
1.77591
1.77337
1.77091
1.76871
1.76694
1.76579
1.76532
1.76555
1.76747
1.77286
1.7854
1.81274
1.87091
1.99356
2.25168
2.80157
4.03792
7.22787
18.6294
5.74294
7.69744
9.69262
11.3852
12.7126
13.7102
14.4342
14.9305
15.2142
15.2819
15.1191
14.7154
14.2968
13.633
12.7882
12.0669
11.5913
11.2142
10.6537
9.74713
8.93052
8.18141
7.45811
6.79712
6.19356
5.62913
5.09143
4.58379
4.11502
3.697
3.33789
3.04184
2.80539
2.62057
2.47608
2.36255
2.27163
2.19709
2.1349
2.08228
2.03732
1.99882
1.96587
1.93737
1.91279
1.89142
1.8729
1.85668
1.84253
1.83
1.81892
1.80897
1.80001
1.79182
1.78431
1.7773
1.77078
1.76462
1.7588
1.75324
1.74791
1.74273
1.73763
1.73249
1.72717
1.7215
1.71538
1.71021
1.70458
1.69872
1.69255
1.68591
1.67856
1.67058
1.66187
1.65339
1.64528
1.63931
1.62029
0.00115895
4.08041
2.96772
2.45072
2.30749
2.2626
2.22636
2.19187
2.15807
2.12526
2.09339
2.06302
2.03417
2.00728
1.98225
1.95935
1.93836
1.91937
1.90212
1.88663
1.87263
1.86012
1.84888
1.83888
1.82994
1.82203
1.81499
1.80879
1.80329
1.79847
1.79421
1.79048
1.7872
1.78432
1.7818
1.77957
1.77761
1.77587
1.77434
1.77297
1.77177
1.77067
1.76975
1.76884
1.76806
1.76729
1.76661
1.76594
1.76534
1.76472
1.76415
1.76353
1.76291
1.76219
1.76141
1.76047
1.75937
1.75803
1.75647
1.75463
1.75257
1.75028
1.74788
1.74544
1.7431
1.74102
1.73937
1.73831
1.73795
1.73835
1.74053
1.74633
1.75955
1.78806
1.8482
1.97399
2.2368
2.793
4.03645
7.23006
18.6271
3.91483
5.26076
6.879
8.45944
9.84672
10.9817
11.8715
12.5448
13.0299
13.3364
13.461
13.389
13.1103
12.6418
12.184
11.5038
10.8613
10.4013
10.047
9.57032
8.8154
8.19992
7.52935
6.86525
6.24724
5.67831
5.14808
4.64939
4.1856
3.76394
3.39385
3.08118
2.8271
2.62629
2.46975
2.34751
2.25102
2.17294
2.10864
2.05468
2.00884
1.96987
1.93646
1.90782
1.88305
1.86167
1.84307
1.82693
1.81278
1.80037
1.78934
1.77952
1.77065
1.76261
1.75518
1.74833
1.74192
1.7359
1.73019
1.72476
1.71953
1.71448
1.7095
1.70449
1.69932
1.69382
1.6879
1.6829
1.67744
1.67172
1.66571
1.65926
1.65212
1.64438
1.63591
1.62765
1.61969
1.61383
1.59474
0.00120268
2.99092
2.47751
2.26222
2.19375
2.16
2.12987
2.1005
2.07198
2.04416
2.01749
1.99196
1.96795
1.9454
1.92456
1.90528
1.88769
1.87157
1.85698
1.8437
1.83175
1.82093
1.81124
1.80251
1.79473
1.78777
1.7816
1.77609
1.77123
1.76692
1.76312
1.75976
1.75681
1.7542
1.7519
1.74986
1.74805
1.74645
1.74502
1.74375
1.74262
1.74163
1.7407
1.73988
1.73909
1.7384
1.73771
1.7371
1.73648
1.73592
1.73533
1.73475
1.73411
1.73343
1.73263
1.73172
1.7306
1.7293
1.72775
1.72597
1.72394
1.72174
1.71941
1.71708
1.71486
1.7129
1.71136
1.71041
1.71016
1.71074
1.71319
1.71944
1.7334
1.76316
1.82538
1.95448
2.22216
2.78482
4.03519
7.23226
18.6257
2.86131
3.63503
4.75585
6.04083
7.32676
8.49526
9.49092
10.3011
10.9393
11.419
11.7485
11.9204
11.9228
11.7435
11.3848
10.933
10.3953
9.82927
9.39233
9.05771
8.64707
8.09549
7.55894
6.95562
6.34429
5.76499
5.22992
4.73252
4.2705
3.84572
3.46602
3.13749
2.8646
2.64519
2.47328
2.3394
2.23499
2.15172
2.08424
2.0282
1.98116
1.94125
1.90732
1.8782
1.85323
1.83163
1.813
1.79678
1.78268
1.77027
1.75934
1.74958
1.74084
1.73286
1.7256
1.71886
1.71259
1.70668
1.70111
1.69579
1.6907
1.68575
1.6809
1.67603
1.67101
1.66569
1.65996
1.65514
1.64984
1.64428
1.63843
1.63216
1.62524
1.61774
1.60952
1.60148
1.59368
1.58792
1.56872
0.0012479
2.43072
2.21886
2.12902
2.09097
2.06439
2.03942
2.0149
1.99117
1.96807
1.94603
1.92493
1.90515
1.8865
1.86928
1.85324
1.83859
1.82506
1.81279
1.80153
1.79138
1.78211
1.7738
1.76626
1.75953
1.75346
1.74807
1.74322
1.73895
1.73511
1.73174
1.72873
1.72608
1.72371
1.72163
1.71976
1.71811
1.71663
1.71531
1.71413
1.71308
1.71212
1.71126
1.71046
1.70975
1.70906
1.70844
1.70782
1.70727
1.70669
1.70614
1.70555
1.70495
1.70425
1.70348
1.70254
1.70146
1.70015
1.69864
1.69688
1.69493
1.69279
1.69056
1.68832
1.68621
1.68436
1.68294
1.68209
1.68197
1.68274
1.68549
1.69221
1.70697
1.73807
1.80252
1.93509
2.20782
2.77705
4.03414
7.23449
18.6249
2.32539
2.69503
3.34298
4.23098
5.2626
6.32469
7.32477
8.20885
8.95465
9.56277
10.0389
10.3865
10.5984
10.6622
10.5639
10.302
9.89622
9.42532
8.93474
8.52481
8.20862
7.84768
7.4593
6.98898
6.4452
5.88073
5.33869
4.83573
4.37049
3.94184
3.55298
3.21019
2.91829
2.67895
2.48856
2.34012
2.22484
2.13447
2.06223
2.00331
1.95431
1.9132
1.87835
1.84872
1.82331
1.8015
1.78265
1.76638
1.75219
1.73983
1.72891
1.71925
1.71055
1.70273
1.69556
1.68896
1.6828
1.67704
1.67157
1.66638
1.66141
1.6566
1.65187
1.64714
1.64227
1.63713
1.6316
1.62695
1.62182
1.61642
1.61073
1.60465
1.59795
1.59069
1.58272
1.57489
1.56726
1.5616
1.54224
0.00129409
2.14957
2.06417
2.02239
1.99732
1.97611
1.95552
1.93548
1.91596
1.89717
1.87911
1.86199
1.84578
1.83061
1.81641
1.80327
1.79109
1.7799
1.76959
1.76018
1.75157
1.74375
1.73663
1.7302
1.72438
1.71915
1.71445
1.71024
1.70647
1.70311
1.70011
1.69744
1.69505
1.69293
1.69104
1.68935
1.68783
1.68648
1.68526
1.68417
1.68318
1.68228
1.68147
1.68071
1.68001
1.67937
1.67876
1.6782
1.67764
1.67711
1.67655
1.676
1.67538
1.67472
1.67392
1.67301
1.67191
1.67063
1.66914
1.66744
1.66553
1.66347
1.66132
1.65919
1.65719
1.65546
1.65414
1.6534
1.65342
1.65439
1.65746
1.6647
1.68032
1.71286
1.77965
1.91587
2.19384
2.7697
4.03332
7.23675
18.6249
2.06078
2.21373
2.52734
3.03903
3.74073
4.57315
5.45687
6.31853
7.10738
7.79561
8.37511
8.8452
9.206
9.44987
9.56419
9.53361
9.35224
9.03248
8.61867
8.18348
7.80132
7.49501
7.21692
6.89186
6.47801
5.98653
5.46526
4.95842
4.48671
4.05178
3.65446
3.29819
2.98849
2.72842
2.51775
2.35152
2.22258
2.12236
2.04365
1.98046
1.92882
1.88588
1.84987
1.81937
1.79344
1.77122
1.75217
1.73571
1.72147
1.70904
1.69817
1.68851
1.67993
1.67218
1.66514
1.65864
1.65262
1.64696
1.64163
1.63656
1.63171
1.62702
1.62243
1.61784
1.61313
1.60816
1.60283
1.59835
1.59341
1.58816
1.58264
1.57675
1.57027
1.56324
1.55552
1.54792
1.54046
1.53491
1.51532
0.00134151
1.99155
1.95401
1.93048
1.91218
1.8951
1.87849
1.86223
1.84652
1.83131
1.8168
1.80294
1.78988
1.77753
1.76602
1.75524
1.74527
1.73599
1.72748
1.71959
1.7124
1.70578
1.69978
1.69429
1.68934
1.68483
1.68078
1.67712
1.67385
1.67089
1.66825
1.66588
1.66376
1.66186
1.66016
1.65862
1.65725
1.656
1.65489
1.65387
1.65296
1.65212
1.65135
1.65064
1.64997
1.64936
1.64877
1.64822
1.64769
1.64716
1.64663
1.64607
1.64548
1.6448
1.64403
1.6431
1.64202
1.64075
1.6393
1.63763
1.63579
1.63379
1.63174
1.6297
1.62781
1.62619
1.62499
1.62435
1.62452
1.62572
1.62913
1.63693
1.65347
1.68755
1.75684
1.89689
2.18026
2.76282
4.0327
7.23906
18.6258
1.91461
1.97456
2.10781
2.35624
2.75536
3.30821
3.98058
4.71733
5.46048
6.16399
6.79768
7.34742
7.80765
8.1757
8.44368
8.59877
8.62474
8.5121
8.26651
7.92201
7.54092
7.19421
6.91321
6.66552
6.38227
6.01658
5.57157
5.09009
4.61681
4.17492
3.76896
3.40089
3.07448
2.79437
2.56211
2.3759
2.2301
2.11729
2.02964
1.96062
1.90511
1.85973
1.82202
1.79044
1.76371
1.74099
1.72155
1.70488
1.69048
1.67802
1.66709
1.6575
1.64895
1.6413
1.63433
1.62796
1.62204
1.61651
1.6113
1.60636
1.60163
1.59707
1.59261
1.58817
1.58361
1.57882
1.57369
1.56939
1.56461
1.55953
1.55418
1.54848
1.54221
1.53543
1.52796
1.52059
1.5133
1.50785
1.48799
0.00138967
1.88484
1.86485
1.8492
1.83506
1.82149
1.80815
1.79521
1.78259
1.7705
1.75884
1.74778
1.73723
1.72733
1.71796
1.70924
1.70105
1.69348
1.68641
1.6799
1.67387
1.66836
1.66328
1.65865
1.65442
1.65058
1.64709
1.64394
1.64108
1.63852
1.63619
1.63411
1.63222
1.63053
1.629
1.62762
1.62637
1.62524
1.62421
1.62328
1.62242
1.62164
1.62092
1.62024
1.61962
1.61903
1.61847
1.61793
1.61742
1.6169
1.61638
1.61583
1.61523
1.61457
1.61378
1.61287
1.6118
1.61057
1.60913
1.60751
1.60571
1.6038
1.60182
1.5999
1.59811
1.5966
1.5955
1.59498
1.59532
1.59676
1.60054
1.60894
1.62649
1.66222
1.73415
1.87821
2.16715
2.75641
4.03235
7.24144
18.6277
1.81547
1.84023
1.89479
2.00177
2.19495
2.50358
2.93747
3.47944
4.09246
4.73174
5.35691
5.93748
6.4556
6.90193
7.27146
7.55609
7.74332
7.81639
7.76274
7.58227
7.30001
6.96853
6.65393
6.39464
6.17132
5.92224
5.59769
5.19408
4.74945
4.30784
3.89452
3.51607
3.17537
2.87636
2.62276
2.41485
2.2497
2.12113
2.02194
1.94484
1.88406
1.83517
1.79522
1.76207
1.73434
1.71088
1.69098
1.67396
1.65937
1.64676
1.63581
1.62619
1.61769
1.61008
1.60322
1.59693
1.59113
1.58572
1.58063
1.57581
1.57121
1.56678
1.56245
1.55814
1.55374
1.54913
1.54419
1.54006
1.53547
1.53056
1.52538
1.51986
1.51382
1.50727
1.50006
1.49291
1.4858
1.48046
1.46025
0.00143914
1.80005
1.78735
1.77581
1.76486
1.75406
1.74358
1.7333
1.72339
1.71377
1.70459
1.69577
1.68741
1.67946
1.67197
1.6649
1.65829
1.65208
1.64631
1.64092
1.63596
1.63134
1.62711
1.6232
1.61964
1.61636
1.6134
1.61068
1.60822
1.60598
1.60397
1.60212
1.60047
1.59896
1.59759
1.59635
1.59522
1.59419
1.59326
1.5924
1.59161
1.59088
1.5902
1.58957
1.58897
1.58841
1.58788
1.58737
1.58686
1.58636
1.58584
1.58529
1.58469
1.58402
1.58325
1.58235
1.58129
1.58006
1.57866
1.57708
1.57535
1.5735
1.57162
1.56979
1.56811
1.56671
1.56572
1.56531
1.56585
1.56754
1.57174
1.58079
1.59941
1.63691
1.71165
1.8599
2.15454
2.75051
4.03225
7.24406
18.6308
1.73697
1.7491
1.77303
1.81774
1.90178
2.05025
2.2874
2.62648
3.0616
3.56954
4.11676
4.66908
5.1974
5.68187
6.11036
6.4759
6.77035
6.98175
7.09331
7.09006
6.96682
6.74044
6.45429
6.16954
5.92958
5.72633
5.50547
5.21609
4.84921
4.43834
4.02672
3.64076
3.28842
2.97339
2.69951
2.46966
2.28315
2.13618
2.02236
1.93472
1.86664
1.81297
1.76983
1.73463
1.70547
1.68109
1.66051
1.64306
1.62816
1.61538
1.60431
1.59467
1.58617
1.57862
1.57181
1.56562
1.55992
1.55463
1.54965
1.54495
1.54048
1.53617
1.53198
1.5278
1.52356
1.51912
1.51438
1.51042
1.50601
1.50128
1.49626
1.49094
1.48511
1.4788
1.47185
1.46493
1.458
1.45277
1.43214
0.0014896
1.72733
1.71813
1.70939
1.70081
1.69244
1.68421
1.67623
1.66845
1.66096
1.65371
1.64679
1.64015
1.63386
1.62785
1.6222
1.61684
1.61183
1.6071
1.60271
1.5986
1.5948
1.59126
1.58801
1.58499
1.58224
1.5797
1.57739
1.57527
1.57334
1.57158
1.56998
1.56851
1.56718
1.56596
1.56485
1.56383
1.5629
1.56205
1.56126
1.56053
1.55985
1.55922
1.55863
1.55807
1.55753
1.55703
1.55653
1.55604
1.55554
1.55503
1.55448
1.55389
1.55322
1.55245
1.55155
1.55051
1.5493
1.54793
1.54639
1.54471
1.54295
1.54115
1.53942
1.53784
1.53655
1.53567
1.5354
1.53614
1.53812
1.54274
1.55251
1.5723
1.6117
1.68941
1.84203
2.14251
2.74511
4.03244
7.24678
18.6355
1.66945
1.6766
1.68904
1.70908
1.74494
1.81012
1.92344
2.10487
2.36873
2.71641
3.13499
3.60055
4.08515
4.56228
5.01143
5.4185
5.77484
6.07224
6.29976
6.44146
6.48103
6.40896
6.23423
5.991
5.73427
5.51065
5.32291
5.12545
4.86711
4.53355
4.15378
3.77001
3.40975
3.08228
2.79139
2.54061
2.3321
2.16442
2.0332
1.93206
1.85434
1.79405
1.74657
1.70847
1.67743
1.65175
1.63032
1.61227
1.59698
1.58392
1.5727
1.56297
1.55445
1.54692
1.54017
1.53406
1.52846
1.52326
1.51841
1.51383
1.50947
1.50529
1.50122
1.49719
1.49309
1.48883
1.48428
1.48049
1.47627
1.47171
1.46687
1.46173
1.45612
1.45005
1.44335
1.43666
1.42993
1.42479
1.40367
0.00154123
1.66257
1.65574
1.64901
1.64243
1.63594
1.62962
1.62341
1.6174
1.61154
1.60591
1.60045
1.59524
1.59023
1.58548
1.58093
1.57665
1.57258
1.56876
1.56516
1.56181
1.55866
1.55574
1.55302
1.55051
1.54818
1.54604
1.54406
1.54226
1.54059
1.53907
1.53767
1.5364
1.53521
1.53414
1.53315
1.53224
1.53139
1.53062
1.5299
1.52923
1.5286
1.52801
1.52745
1.52692
1.52642
1.52593
1.52546
1.52498
1.5245
1.52399
1.52345
1.52286
1.52219
1.52142
1.52053
1.51949
1.51831
1.51696
1.51547
1.51385
1.51215
1.51045
1.50881
1.50735
1.50616
1.50539
1.50526
1.50624
1.50851
1.51362
1.52417
1.54523
1.58665
1.6675
1.82466
2.13108
2.74027
4.03295
7.24967
18.6422
1.58122
1.58516
1.59162
1.60025
1.61338
1.63528
1.67352
1.73894
1.8451
2.00491
2.22684
2.51085
2.84813
3.22244
3.61457
4.00534
4.37901
4.72349
5.02993
5.28864
5.48731
5.60951
5.64032
5.57378
5.42379
5.22622
5.02773
4.85437
4.69052
4.49247
4.23135
3.91506
3.57712
3.24831
2.94488
2.67274
2.43618
2.23753
2.07669
1.94997
1.85218
1.77714
1.71948
1.67456
1.63908
1.61051
1.58725
1.568
1.55199
1.5385
1.52709
1.51732
1.50891
1.50155
1.49508
1.48928
1.48405
1.47926
1.47483
1.4707
1.46682
1.46313
1.45957
1.45609
1.45258
1.44894
1.44506
1.44188
1.43825
1.43431
1.43013
1.4257
1.42087
1.41566
1.40989
1.40414
1.39839
1.39419
1.37326
0.0015868
1.57683
1.57229
1.56774
1.56329
1.55886
1.55454
1.55027
1.54615
1.54208
1.53818
1.53436
1.53072
1.52717
1.52381
1.52056
1.5175
1.51455
1.51179
1.50915
1.5067
1.50436
1.50221
1.50016
1.49829
1.49652
1.49491
1.49339
1.49202
1.49072
1.48956
1.48846
1.48748
1.48655
1.48572
1.48494
1.48424
1.48358
1.48298
1.48243
1.48192
1.48145
1.48101
1.4806
1.48022
1.47986
1.47951
1.47919
1.47885
1.47852
1.47816
1.47778
1.47734
1.47684
1.47624
1.47555
1.47472
1.47377
1.47268
1.47148
1.47018
1.46884
1.46752
1.4663
1.46526
1.46453
1.46424
1.46466
1.4663
1.46931
1.47542
1.48742
1.5106
1.55516
1.64049
1.80373
2.11751
2.734
4.03072
7.24328
18.5979
1.50501
1.50739
1.51127
1.5159
1.52196
1.5306
1.54424
1.56694
1.60514
1.66733
1.76342
1.90249
2.09018
2.32631
2.60468
2.91352
3.2387
3.56537
3.88085
4.17452
4.43777
4.66074
4.83135
4.93415
4.9562
4.89444
4.76483
4.60106
4.43949
4.29138
4.1342
3.93385
3.67896
3.38788
3.0913
2.81109
2.55763
2.33523
2.14689
1.99285
1.87091
1.77638
1.70413
1.64887
1.60641
1.57323
1.547
1.52584
1.50863
1.49439
1.48257
1.4726
1.46417
1.45691
1.45063
1.44509
1.44018
1.43574
1.43171
1.428
1.42455
1.42133
1.41826
1.41529
1.41233
1.40928
1.40605
1.40341
1.40037
1.39704
1.39348
1.38973
1.38566
1.38126
1.37639
1.37156
1.36676
1.36346
1.3426
0.00164357
1.50219
1.49917
1.49613
1.49315
1.49017
1.48726
1.48437
1.48155
1.47878
1.47608
1.47345
1.47091
1.46843
1.46606
1.46376
1.46158
1.45947
1.45749
1.45558
1.4538
1.45209
1.45051
1.449
1.44762
1.4463
1.44509
1.44395
1.44292
1.44195
1.44106
1.44023
1.43949
1.43879
1.43816
1.43758
1.43706
1.43657
1.43614
1.43573
1.43537
1.43504
1.43474
1.43447
1.43422
1.434
1.43379
1.43359
1.43339
1.43319
1.43297
1.43273
1.43244
1.4321
1.43166
1.43115
1.43052
1.42979
1.42895
1.42803
1.42703
1.42603
1.42507
1.42424
1.42362
1.42331
1.4235
1.42445
1.4268
1.43057
1.43775
1.45127
1.47672
1.52456
1.61456
1.78397
2.10506
2.72847
4.02873
7.23772
18.5743
1.43776
1.43921
1.44165
1.44443
1.44781
1.45202
1.45784
1.46647
1.48029
1.50291
1.53972
1.59749
1.68388
1.80549
1.96664
2.16695
2.4018
2.66221
2.93707
3.21432
3.48339
3.73503
3.96149
4.15353
4.29937
4.38407
4.39579
4.33359
4.21549
4.07375
3.9362
3.80249
3.64663
3.4449
3.20034
2.93699
2.68045
2.44501
2.23692
2.05889
1.91215
1.79504
1.70413
1.63459
1.58184
1.54159
1.51067
1.48647
1.46732
1.45188
1.43933
1.42896
1.42035
1.41308
1.40691
1.40156
1.39691
1.39278
1.3891
1.38577
1.38274
1.37994
1.37732
1.37483
1.37239
1.3699
1.36727
1.36516
1.36268
1.35993
1.35698
1.35388
1.35052
1.34691
1.3429
1.33895
1.33506
1.33263
1.31172
0.00170114
1.43603
1.43405
1.43206
1.43008
1.4281
1.42614
1.42419
1.42228
1.42039
1.41854
1.41673
1.41497
1.41325
1.41159
1.40998
1.40844
1.40695
1.40554
1.40418
1.4029
1.40167
1.40053
1.39944
1.39843
1.39747
1.39659
1.39575
1.39499
1.39428
1.39363
1.39303
1.39248
1.39198
1.39153
1.39111
1.39074
1.3904
1.39011
1.38985
1.38962
1.38941
1.38924
1.38909
1.38897
1.38886
1.38877
1.3887
1.38862
1.38855
1.38846
1.38835
1.38819
1.388
1.38772
1.38738
1.38693
1.38642
1.38581
1.38514
1.38444
1.38376
1.38314
1.38268
1.38244
1.38256
1.38319
1.38471
1.38778
1.39236
1.40067
1.41584
1.44366
1.49497
1.58978
1.76545
2.09371
2.72368
4.02714
7.23417
18.5659
1.37775
1.37864
1.38016
1.38189
1.3839
1.38627
1.38922
1.39311
1.39869
1.40722
1.4209
1.44293
1.47791
1.53135
1.60939
1.71713
1.85778
2.03106
2.23306
2.45654
2.69224
2.9302
3.16158
3.37853
3.57425
3.73977
3.86279
3.92832
3.92578
3.85789
3.7463
3.62171
3.50169
3.3748
3.21593
3.01446
2.78503
2.55227
2.33469
2.14045
1.97305
1.83374
1.72197
1.63476
1.56821
1.51785
1.47989
1.45099
1.42879
1.41141
1.39767
1.38659
1.3776
1.37016
1.36399
1.35876
1.35431
1.35044
1.34707
1.34408
1.34142
1.33901
1.33682
1.33478
1.33282
1.33085
1.32879
1.32717
1.32522
1.32302
1.32065
1.31817
1.31549
1.31263
1.30944
1.30634
1.30334
1.30174
1.28064
0.00175927
1.37653
1.3752
1.37383
1.37249
1.37113
1.36981
1.36848
1.36719
1.36589
1.36464
1.3634
1.36219
1.361
1.35986
1.35874
1.35767
1.35663
1.35564
1.35468
1.35379
1.35292
1.35211
1.35133
1.35062
1.34993
1.34931
1.34872
1.34818
1.34768
1.34722
1.3468
1.34643
1.34608
1.34579
1.34552
1.34528
1.34508
1.34491
1.34477
1.34466
1.34457
1.34452
1.34448
1.34447
1.34447
1.3445
1.34453
1.34457
1.34461
1.34463
1.34465
1.34462
1.34456
1.34443
1.34424
1.34398
1.34366
1.34328
1.34287
1.34244
1.34206
1.34177
1.34165
1.34178
1.34229
1.34339
1.34546
1.34933
1.35475
1.36428
1.38118
1.41155
1.46647
1.56626
1.74822
2.08351
2.71966
4.02627
7.23347
18.5694
1.32243
1.32297
1.32396
1.32506
1.32633
1.32777
1.32948
1.33155
1.33423
1.33789
1.34332
1.35174
1.36519
1.38653
1.41976
1.46953
1.54081
1.63773
1.76266
1.91513
2.09173
2.28622
2.49078
2.69702
2.89759
3.08591
3.25552
3.39704
3.49722
3.5412
3.52144
3.44624
3.34093
3.23142
3.12258
2.99537
2.8318
2.63521
2.42661
2.22643
2.04584
1.88892
1.75744
1.65115
1.56803
1.5045
1.45672
1.42092
1.39407
1.37366
1.358
1.34575
1.33608
1.32829
1.32199
1.31677
1.31244
1.30878
1.30566
1.30297
1.30064
1.2986
1.29679
1.29517
1.29366
1.29218
1.29064
1.28947
1.28803
1.28636
1.28454
1.28265
1.28063
1.27848
1.27607
1.27378
1.27163
1.27083
1.2494
0.00181821
1.32166
1.32077
1.31987
1.31898
1.31807
1.31719
1.3163
1.31543
1.31456
1.31371
1.31286
1.31205
1.31124
1.31046
1.3097
1.30897
1.30825
1.30758
1.30692
1.3063
1.30571
1.30515
1.30462
1.30413
1.30367
1.30324
1.30284
1.30248
1.30215
1.30186
1.30159
1.30136
1.30115
1.30098
1.30083
1.30072
1.30063
1.30058
1.30054
1.30054
1.30055
1.3006
1.30067
1.30075
1.30086
1.30098
1.30112
1.30126
1.30141
1.30154
1.30167
1.30176
1.30182
1.30183
1.3018
1.3017
1.30158
1.3014
1.30122
1.30106
1.30096
1.30098
1.30119
1.30167
1.30258
1.30413
1.30679
1.31148
1.31783
1.32864
1.34743
1.38047
1.4392
1.54407
1.73235
2.07447
2.71651
4.02642
7.23605
18.5831
1.27083
1.27112
1.27175
1.27243
1.27324
1.27413
1.27519
1.27641
1.2779
1.27975
1.28224
1.28576
1.2911
1.29943
1.31269
1.33349
1.36531
1.41218
1.47824
1.56678
1.67953
1.81578
1.97235
2.14365
2.32302
2.50335
2.67843
2.84252
2.98897
3.10739
3.18359
3.20416
3.16665
3.08603
2.98882
2.89157
2.78659
2.6541
2.48826
2.30343
2.12052
1.95305
1.80661
1.68298
1.58251
1.50358
1.44333
1.39811
1.36456
1.33961
1.32099
1.30688
1.29608
1.28764
1.28101
1.27568
1.27138
1.26785
1.26494
1.2625
1.26046
1.25874
1.25729
1.25605
1.25495
1.25392
1.25288
1.25213
1.25116
1.24999
1.24871
1.24737
1.24596
1.24448
1.24283
1.2413
1.23997
1.23993
1.21802
0.00187753
1.27037
1.2698
1.26922
1.26864
1.26806
1.26749
1.26691
1.26634
1.26577
1.26521
1.26466
1.26412
1.26358
1.26307
1.26256
1.26208
1.26161
1.26116
1.26072
1.26031
1.25992
1.25956
1.25922
1.2589
1.2586
1.25834
1.25809
1.25787
1.25768
1.25751
1.25737
1.25726
1.25717
1.2571
1.25707
1.25705
1.25707
1.25711
1.25717
1.25726
1.25737
1.25751
1.25767
1.25785
1.25805
1.25826
1.25849
1.25873
1.25897
1.2592
1.25942
1.25962
1.2598
1.25994
1.26005
1.26012
1.26017
1.2602
1.26025
1.26032
1.2605
1.2608
1.26133
1.26215
1.26344
1.26546
1.26874
1.27434
1.28166
1.29388
1.31465
1.35056
1.41322
1.52331
1.71788
2.06664
2.71429
4.0279
7.24254
18.607
1.22225
1.22237
1.22275
1.22316
1.22366
1.22422
1.22487
1.22561
1.22651
1.22755
1.22887
1.23056
1.23292
1.23636
1.24167
1.25001
1.26319
1.28363
1.31449
1.35922
1.42134
1.50343
1.60668
1.73006
1.87051
2.02301
2.18165
2.34038
2.49387
2.63675
2.76162
2.85669
2.90755
2.90415
2.85118
2.76941
2.68165
2.59148
2.4833
2.3447
2.18292
2.01688
1.86224
1.72591
1.61026
1.51571
1.44128
1.38439
1.3419
1.31054
1.28754
1.27057
1.25797
1.24846
1.24122
1.23559
1.2312
1.22771
1.22494
1.22271
1.22092
1.21949
1.21836
1.21746
1.21675
1.21613
1.21554
1.21518
1.21464
1.21395
1.21317
1.21236
1.21153
1.21069
1.20974
1.20895
1.20839
1.20908
1.18658
0.0019374
1.22203
1.22169
1.22134
1.22099
1.22063
1.22027
1.21991
1.21954
1.21918
1.21883
1.21847
1.21813
1.21779
1.21746
1.21714
1.21683
1.21653
1.21625
1.21598
1.21572
1.21549
1.21527
1.21506
1.21488
1.21472
1.21458
1.21445
1.21435
1.21427
1.21421
1.21417
1.21415
1.21416
1.21419
1.21425
1.21432
1.21442
1.21455
1.21469
1.21486
1.21506
1.21528
1.21552
1.21578
1.21606
1.21636
1.21667
1.21699
1.21731
1.21763
1.21796
1.21825
1.21854
1.2188
1.21905
1.21927
1.21949
1.21971
1.21997
1.22028
1.22071
1.22129
1.22211
1.22326
1.22494
1.22744
1.23139
1.23796
1.24635
1.26006
1.28299
1.32189
1.38866
1.50404
1.70485
2.06003
2.71315
4.03102
7.25321
18.642
1.17644
1.17649
1.17671
1.17696
1.17725
1.17757
1.17795
1.17839
1.1789
1.1795
1.18023
1.18113
1.18229
1.18386
1.18612
1.18953
1.19488
1.20331
1.21657
1.23693
1.26725
1.31057
1.36981
1.44699
1.54276
1.6558
1.7831
1.92001
2.06123
2.20153
2.33619
2.45961
2.5632
2.63374
2.65795
2.63181
2.56835
2.49057
2.41122
2.32121
2.20574
2.06523
1.91577
1.77367
1.64739
1.53957
1.45103
1.38107
1.32767
1.28789
1.25879
1.23764
1.22232
1.2111
1.20284
1.19666
1.19201
1.18845
1.18574
1.18365
1.18207
1.18088
1.18003
1.17945
1.17908
1.17884
1.17867
1.17865
1.17853
1.17828
1.17797
1.17767
1.17738
1.17713
1.17684
1.17675
1.17692
1.1783
1.15515
0.00199766
1.17627
1.17605
1.17582
1.1756
1.17537
1.17514
1.17492
1.1747
1.17447
1.17426
1.17404
1.17383
1.17363
1.17343
1.17324
1.17307
1.17289
1.17273
1.17258
1.17245
1.17232
1.17221
1.17212
1.17204
1.17198
1.17193
1.1719
1.17189
1.1719
1.17192
1.17197
1.17204
1.17212
1.17223
1.17236
1.17252
1.17269
1.17289
1.17311
1.17335
1.17362
1.17391
1.17423
1.17456
1.17491
1.17528
1.17567
1.17606
1.17646
1.17687
1.17727
1.17767
1.17806
1.17843
1.17881
1.17917
1.17956
1.17995
1.18041
1.18094
1.18161
1.18245
1.18356
1.18504
1.18711
1.19013
1.1948
1.20244
1.21197
1.22732
1.25252
1.2946
1.3656
1.48634
1.6933
2.05469
2.71315
4.03603
7.26871
18.6914
1.13251
1.13249
1.13262
1.13276
1.13292
1.1331
1.13333
1.13358
1.13389
1.13424
1.13467
1.13517
1.1358
1.1366
1.13767
1.13917
1.14142
1.14488
1.15036
1.15902
1.17256
1.19311
1.22328
1.26575
1.32293
1.39629
1.486
1.59048
1.70666
1.83018
1.95626
2.08033
2.19803
2.30324
2.38578
2.4318
2.43099
2.38683
2.31877
2.24644
2.17025
2.07504
1.95426
1.81948
1.68822
1.57091
1.4708
1.3883
1.32297
1.27306
1.23607
1.20917
1.18989
1.17609
1.16622
1.1591
1.15394
1.15015
1.14739
1.14537
1.14394
1.14295
1.14235
1.14204
1.14198
1.14208
1.1423
1.1426
1.14285
1.14302
1.14315
1.14332
1.14354
1.14385
1.14418
1.14474
1.14562
1.14765
1.12406
0.00205755
1.13242
1.1323
1.13216
1.13203
1.1319
1.13177
1.13164
1.13152
1.13139
1.13127
1.13116
1.13105
1.13094
1.13084
1.13075
1.13067
1.13059
1.13052
1.13046
1.13042
1.13038
1.13035
1.13034
1.13035
1.13036
1.13039
1.13044
1.1305
1.13058
1.13068
1.1308
1.13093
1.13108
1.13126
1.13145
1.13167
1.13191
1.13217
1.13245
1.13276
1.13309
1.13344
1.13381
1.13421
1.13462
1.13505
1.13551
1.13597
1.13644
1.13692
1.13741
1.13789
1.13838
1.13886
1.13936
1.13986
1.14039
1.14096
1.14161
1.14234
1.14324
1.14433
1.14572
1.14753
1.15001
1.15358
1.15904
1.16785
1.17864
1.19573
1.22338
1.26877
1.34413
1.47023
1.68321
2.05056
2.71434
4.04298
7.28772
18.761
1.09023
1.09017
1.09025
1.09032
1.09042
1.09052
1.09066
1.09081
1.09099
1.09119
1.09145
1.09174
1.09211
1.09254
1.0931
1.09383
1.09486
1.09634
1.09863
1.10223
1.10798
1.11704
1.13109
1.15214
1.1826
1.22479
1.28065
1.35115
1.43597
1.53326
1.6399
1.75174
1.86434
1.97298
2.07227
2.15461
2.2101
2.2292
2.20957
2.16
2.09533
2.02327
1.93958
1.83811
1.72269
1.60534
1.49728
1.40411
1.3274
1.26668
1.22041
1.18621
1.16158
1.14409
1.13182
1.12321
1.11718
1.11293
1.10998
1.10793
1.10658
1.10575
1.10535
1.10528
1.10549
1.1059
1.10646
1.10705
1.10764
1.1082
1.10875
1.10935
1.11005
1.11087
1.11179
1.11296
1.1145
1.11713
1.09291
0.00206135
1.09021
1.09015
1.09009
1.09003
1.08997
1.08991
1.08986
1.0898
1.08975
1.0897
1.08966
1.08962
1.08959
1.08956
1.08954
1.08952
1.08951
1.08951
1.08952
1.08954
1.08957
1.08961
1.08966
1.08972
1.0898
1.08989
1.09
1.09012
1.09026
1.09041
1.09059
1.09077
1.09099
1.09121
1.09147
1.09173
1.09203
1.09234
1.09268
1.09304
1.09343
1.09383
1.09426
1.09471
1.09519
1.09567
1.09619
1.09671
1.09725
1.0978
1.09836
1.09892
1.09951
1.10009
1.1007
1.10133
1.10201
1.10274
1.10357
1.1045
1.10562
1.10695
1.10862
1.11077
1.11369
1.11786
1.12419
1.13428
1.14644
1.16542
1.19565
1.24452
1.32433
1.45578
1.67464
2.04776
2.71693
4.05222
7.31075
18.867
)
;

boundaryField
{
    inlet
    {
        type            fixedValue;
        value           uniform 100;
    }
    outlet
    {
        type            zeroGradient;
    }
    walls
    {
        beta1           0.075;
        blended         false;
        type            omegaWallFunction;
        value           nonuniform List<scalar> 
78
(
0.956495
0.957567
0.956699
0.961208
0.96326
0.965492
0.96872
0.97177
0.97482
0.978143
0.981082
0.983929
0.987081
0.990096
0.993285
0.996889
1.00106
1.00638
1.01438
1.5416
62.3997
84.3863
100.874
101.004
98.0663
96.7927
97.3571
100.427
99.2998
95.9902
110.771
131.696
155.62
175.993
189.436
196.677
198.078
196.989
204.025
0.956984
0.95914
0.957096
0.960793
0.964018
0.967612
0.980421
0.988008
0.99549
1.0033
1.01164
1.02001
1.02842
1.03671
1.04522
1.05404
1.06326
1.07307
1.08373
1.09536
1.10808
1.12213
1.13763
1.15391
1.17071
1.18814
1.21579
46.6038
69.6868
86.4745
98.1804
105.553
109.31
110.158
108.747
105.615
101.038
94.9428
87.4737
)
;
    }
    frontAndBack
    {
        type            empty;
    }
}


// ************************************************************************* //
