/*--------------------------------*- C++ -*----------------------------------*\
  =========                 |
  \\      /  F ield         | OpenFOAM: The Open Source CFD Toolbox
   \\    /   O peration     | Website:  https://openfoam.org
    \\  /    A nd           | Version:  12
     \\/     M anipulation  |
\*---------------------------------------------------------------------------*/
FoamFile
{
    format      ascii;
    class       volScalarField;
    location    "350";
    object      p;
}
// * * * * * * * * * * * * * * * * * * * * * * * * * * * * * * * * * * * * * //

dimensions      [0 2 -2 0 0 0 0];

internalField   nonuniform List<scalar> 
10720
(
283.214
153.354
-2.69318
-163.14
-318.78
-480.317
-628.429
-757.634
-872.425
-965.153
-1037.82
-1091.18
-1125.61
-1142.52
-1141.43
-1118.47
-1071.9
-997.627
-903.356
-815.579
-791.408
-837.35
-863.006
-856.304
-849.246
-835.044
-826.339
-823.306
-829.631
-833.748
-817.579
-760.33
-663.503
-546.731
-431.012
-335.661
-279.767
-227.373
-223.781
406.769
516.226
624.777
718.661
786.967
820.811
826.407
807.727
760.254
695.351
626.044
559.045
496.206
439.009
388.347
342.109
299.687
259.575
220.953
182.368
143.716
104.162
64.0198
24.4699
-9.36269
-34.7193
-54.5592
-70.1632
-81.7115
-89.1247
-92.6344
-92.6452
-89.5665
-83.6964
-75.3768
-64.593
-50.9139
-32.1753
-5.05143
404.954
308.262
196.523
74.005
-54.9915
-189.526
-322.672
-449.723
-568.422
-674.518
-766.247
-842.645
-902.979
-946.014
-969.326
-970.384
-948.47
-902.331
-838.718
-781.818
-781.991
-838.472
-858.946
-854.484
-847.743
-833.337
-824.311
-820.82
-827.132
-831.663
-816.179
-759.548
-663.161
-546.577
-430.783
-335.201
-280.158
-231.6
-226.863
489.702
568.161
643.226
710.756
762.679
792.79
800.32
784.66
746.892
695.012
636.724
576.97
518.328
462.7
411.264
363.478
318.938
276.782
236.282
196.386
156.773
116.856
76.8655
37.9654
4.13874
-22.261
-43.3136
-60.1488
-72.8841
-81.4138
-85.9711
-86.9643
-84.7905
-79.7358
-72.1138
-61.8903
-48.6497
-30.1001
-2.75483
409.351
323.272
223.279
110.373
-9.4991
-135.102
-262.872
-387.383
-505.005
-612.851
-707.633
-787.68
-851.12
-896.368
-922.546
-929.575
-916.378
-883.344
-836.103
-790.917
-783.12
-824.004
-848.739
-851.84
-844.25
-831.767
-822.64
-818.969
-825.406
-830.386
-815.528
-759.356
-663.272
-546.779
-430.861
-334.783
-279.858
-235.234
-229.721
484.754
555.137
622.063
681.383
726.535
754.28
763.453
752.906
723.805
680.981
629.81
574.909
519.39
465.423
414.438
366.679
321.898
279.529
238.904
199.165
159.844
120.507
81.3105
43.2824
9.53762
-17.6232
-39.3846
-56.7772
-69.9333
-78.8109
-83.6953
-84.9702
-83.0284
-78.1587
-70.6571
-60.4762
-47.223
-28.356
-0.659137
417.806
345.797
261.338
166.234
64.4547
-43.9991
-155.746
-267.035
-374.956
-476.637
-569.196
-650.48
-718.521
-771.738
-809.211
-830.165
-833.469
-819.723
-793.981
-768.849
-765.746
-794.949
-823.297
-838.157
-839.112
-828.688
-820.352
-817.863
-824.974
-830.723
-816.106
-759.721
-663.407
-546.751
-430.722
-334.38
-279.495
-237.931
-229.673
480.748
539.253
595.645
646.596
686.164
712.053
722.572
716.302
694.246
659.674
616.605
568.834
519.086
469.385
421.178
375.061
331.082
288.999
248.363
208.573
169.222
130.031
91.159
53.5485
19.7438
-8.08953
-30.572
-48.6664
-62.5571
-72.2399
-77.9488
-80.0208
-78.816
-74.6054
-67.6568
-57.9053
-44.9529
-26.1479
1.47191
407.322
343.736
268.829
184.086
93.264
-4.52972
-106.508
-209.399
-311
-408.589
-499.41
-581.259
-652.022
-709.828
-753.264
-780.932
-792.014
-787.055
-770.395
-752.514
-749.776
-771.884
-797.47
-813.88
-822.941
-821.547
-817.345
-816.128
-824.82
-831.811
-817.406
-760.422
-663.478
-546.45
-430.258
-333.829
-279.186
-240.129
-228.017
463.017
514.535
564.479
609.848
645.492
669.974
681.486
678.613
662.222
634.52
598.469
557.09
512.662
467.036
421.659
377.343
334.417
292.91
252.6
213.102
174.092
135.385
97.1412
60.2038
26.6368
-1.59973
-24.6819
-43.403
-57.943
-68.2813
-74.5752
-77.1608
-76.3849
-72.5222
-65.8319
-56.242
-43.3613
-24.4513
3.10739
393.55
337.411
271.064
196.1
115.892
28.9927
-62.0887
-154.719
-247.296
-337.416
-422.769
-501.353
-571.094
-630.118
-676.837
-710.34
-730.005
-736.377
-732.717
-726.682
-729.957
-750.805
-774.803
-790.172
-800.197
-805.54
-809.656
-813.293
-823.724
-832.068
-818.206
-760.852
-663.378
-545.992
-429.663
-333.187
-278.832
-241.775
-226.249
442.814
488.3
532.814
573.652
606.185
629.483
641.668
641.372
629.391
607.286
577.302
541.861
502.809
461.73
419.954
378.326
337.32
297.146
257.766
218.979
180.581
142.482
104.871
68.5271
35.182
6.60672
-17.0401
-36.3513
-51.5039
-62.4703
-69.3972
-72.6024
-72.4166
-69.0944
-62.8691
-53.6487
-41.03
-22.2676
5.15445
376.116
325.68
265.972
198.521
126.571
48.2709
-34.1706
-118.478
-203.566
-287.351
-367.877
-443.413
-512.002
-571.843
-621.414
-659.547
-685.442
-699.175
-703.404
-704.343
-710.89
-729.94
-752.623
-768.446
-778.592
-785.717
-794.439
-804.957
-819.848
-829.96
-816.894
-760.058
-662.733
-545.251
-428.976
-332.563
-278.446
-242.634
-224.761
420.466
461.342
501.645
538.894
568.949
591.195
603.788
605.456
596.915
579.333
554.454
524.225
490.111
453.416
415.302
376.559
337.724
299.141
260.922
223.03
185.392
148.014
111.118
75.4267
42.4099
13.6593
-10.4326
-30.2617
-45.9842
-57.5678
-65.1238
-68.9256
-69.2738
-66.4099
-60.5526
-51.598
-39.1452
-20.4327
6.80453
357.612
311.955
257.859
196.836
131.99
61.2532
-13.3678
-89.8954
-167.611
-244.756
-319.677
-390.95
-456.848
-515.725
-566.125
-606.837
-637.336
-657.651
-669.645
-677.91
-688.847
-707.813
-730.006
-747.072
-758.444
-766.584
-776.094
-789.765
-808.976
-822.681
-811.52
-756.664
-660.904
-543.97
-428.11
-331.961
-278.023
-242.644
-223.239
397.857
434.919
471.732
506.002
534.003
555.277
568.065
571.231
565.371
551.423
530.791
505.068
475.418
442.891
408.464
372.819
336.495
299.893
263.222
226.568
189.969
153.514
117.464
82.4948
49.8971
21.107
-3.32445
-23.6028
-39.8433
-52.0022
-60.1515
-64.5359
-65.4357
-63.0748
-57.6499
-49.0402
-36.835
-18.3086
8.63779
338.667
296.974
247.558
191.894
132.977
68.6371
0.682116
-69.1172
-140.338
-211.473
-281.157
-348.258
-411.271
-468.746
-519.358
-561.978
-595.927
-621.104
-638.654
-652.12
-666.383
-685.643
-707.47
-725.56
-738.475
-748.039
-757.913
-771.63
-791.48
-807.588
-799.802
-749.255
-656.956
-541.735
-426.92
-331.356
-277.529
-241.988
-221.166
375.509
409.423
443.328
475.097
501.338
521.707
534.545
538.842
535.077
524.056
506.939
485.061
459.353
430.652
399.756
367.223
333.542
299.119
264.214
228.999
193.608
158.206
123.085
88.8963
56.7926
28.0796
3.40981
-17.2506
-33.9624
-46.666
-55.3994
-60.3644
-61.8124
-59.9429
-54.9325
-46.6461
-34.6689
-16.3277
10.2847
319.913
281.59
236.176
185.109
131.272
72.4589
10.3416
-53.4859
-118.814
-184.339
-248.953
-311.763
-371.485
-426.898
-476.822
-520.189
-556.342
-585.189
-607.353
-625.385
-642.9
-663.105
-684.912
-703.817
-718.171
-729.294
-739.953
-753.076
-771.191
-786.662
-781.437
-736.478
-649.639
-537.915
-425.194
-330.694
-276.897
-240.747
-218.089
353.861
385.103
416.533
446.154
470.858
490.374
503.164
508.298
506.178
497.516
483.305
464.683
442.414
417.165
389.579
360.09
329.112
297.017
264.077
230.515
196.529
162.341
128.277
94.9613
63.452
34.9483
10.1633
-10.79
-27.9056
-41.1031
-50.3835
-55.9062
-57.8951
-56.5256
-51.9509
-44.0212
-32.3141
-14.238
11.9426
301.634
266.205
224.235
177.124
127.66
73.6276
16.5867
-42.0144
-102.097
-162.545
-222.462
-281.168
-337.576
-390.669
-439.436
-482.921
-520.458
-551.908
-577.497
-599.001
-619.138
-640.359
-662.321
-681.905
-697.503
-710.043
-721.671
-734.449
-750.26
-763.377
-758.736
-718.507
-638.176
-531.91
-422.668
-329.878
-276.035
-238.82
-213.746
333.093
362.045
391.332
419.089
442.427
461.14
473.801
479.549
478.723
471.97
460.157
444.286
424.995
402.818
378.274
351.686
323.377
293.665
262.809
231.046
198.612
165.771
132.864
100.5
69.6704
41.4884
16.698
-4.4661
-21.9257
-35.5736
-45.3741
-51.4413
-53.9658
-53.0947
-48.9559
-41.3867
-29.9591
-12.1821
13.512
284.009
251.102
212.136
168.473
122.809
72.9499
20.3659
-33.612
-89.014
-144.862
-200.43
-255.216
-308.315
-358.901
-406.115
-449.115
-487.268
-520.406
-548.548
-572.797
-595.145
-617.444
-639.72
-659.898
-676.556
-690.278
-702.766
-715.47
-729.347
-739.715
-734.233
-697.27
-623.334
-523.627
-419.103
-328.725
-274.78
-236.008
-207.9
313.309
340.269
367.681
393.788
415.9
433.85
446.323
452.512
452.702
447.498
437.673
424.12
407.392
387.924
366.139
342.263
316.532
289.203
260.496
230.64
199.884
168.511
136.868
105.547
75.492
47.7485
23.0713
1.79212
-15.9373
-29.9777
-40.2561
-46.8402
-49.8855
-49.5114
-45.8171
-38.6274
-27.5093
-10.0901
15.0365
267.135
236.439
200.115
159.482
117.146
70.9547
22.2958
-27.5911
-78.8188
-130.53
-182.119
-233.238
-283.135
-331.152
-376.581
-418.695
-456.914
-491.008
-520.906
-547.182
-571.263
-594.539
-617.19
-637.864
-655.391
-670.08
-683.233
-695.905
-708.329
-716.342
-709.628
-674.857
-606.652
-513.694
-414.546
-327.086
-272.954
-232.12
-200.487
294.528
319.747
345.487
370.127
391.12
408.348
420.598
427.087
428.077
424.134
415.957
404.359
389.831
372.741
353.428
332.048
308.763
283.763
257.22
229.333
200.344
170.533
140.244
110.053
80.8611
53.6622
29.21
7.90996
-10.0162
-24.3917
-35.1066
-42.1822
-45.7342
-45.8529
-42.6059
-35.8065
-25.0185
-8.00234
16.4949
251.052
222.315
188.335
150.385
110.99
68.0424
22.8581
-23.3927
-70.8936
-118.875
-166.834
-214.54
-261.378
-306.827
-350.323
-391.247
-429.069
-463.526
-494.516
-522.229
-547.628
-571.734
-594.764
-615.843
-634.054
-649.517
-663.171
-675.745
-687.015
-693.201
-685.479
-652.48
-589.299
-502.804
-409.221
-324.931
-270.448
-227.011
-191.534
276.75
300.42
324.672
347.985
367.955
384.492
396.489
403.176
404.792
401.879
395.073
385.126
372.484
357.466
340.356
321.251
300.252
277.491
253.083
227.186
200.017
171.841
142.988
114.007
85.7649
59.2138
35.0976
13.8753
-4.16709
-18.8129
-29.915
-37.4482
-41.486
-42.0899
-39.2929
-32.8976
-22.4665
-5.90384
17.895
235.77
208.784
176.897
141.342
104.561
64.4976
22.4105
-20.6021
-64.7618
-109.376
-154.029
-198.581
-242.531
-285.477
-326.967
-366.487
-403.57
-437.931
-469.46
-498.1
-524.42
-549.157
-572.507
-593.89
-612.609
-628.662
-642.675
-655.087
-665.366
-670.098
-661.728
-630.469
-571.859
-491.405
-403.296
-322.286
-267.347
-220.813
-181.196
259.95
282.23
305.139
327.25
346.274
362.154
373.877
380.679
382.784
380.71
375.049
366.497
355.475
342.262
327.103
310.055
291.17
270.525
248.185
224.263
198.938
172.448
145.095
117.393
90.1796
64.3718
40.6966
19.6501
1.57354
-13.2753
-24.7122
-32.6664
-37.1672
-38.246
-35.8992
-29.9196
-19.8701
-3.8067
19.2336
221.278
195.869
165.865
132.463
98.0202
60.5391
21.2252
-18.8861
-60.0438
-101.616
-143.262
-184.91
-226.147
-266.673
-306.139
-344.117
-380.204
-414.116
-445.723
-474.853
-501.746
-526.905
-550.477
-572.057
-591.119
-607.587
-621.831
-634.04
-643.464
-647.018
-638.233
-608.731
-554.433
-479.674
-396.849
-319.119
-263.75
-213.923
-169.912
244.093
265.118
286.807
307.816
325.962
341.218
352.651
359.502
361.987
360.601
355.898
348.529
338.894
327.251
313.814
298.613
281.664
262.997
242.635
220.643
197.156
172.376
146.567
120.205
94.0936
69.1165
45.9818
25.2078
7.18156
-7.79915
-19.5136
-27.8468
-32.7829
-34.3225
-32.4244
-26.8714
-17.2296
-1.71086
20.5115
207.56
183.577
155.277
123.824
91.4816
56.3273
19.5059
-17.9947
-56.445
-95.2689
-134.175
-173.145
-211.848
-250.061
-287.521
-323.877
-358.788
-391.984
-423.305
-452.549
-479.702
-505.069
-528.737
-550.398
-569.647
-586.367
-600.725
-612.693
-621.38
-623.986
-614.986
-587.219
-536.987
-467.642
-389.904
-315.43
-259.741
-206.791
-158.501
229.132
249.02
269.593
289.585
306.917
321.575
332.707
339.56
342.332
341.511
337.61
331.246
322.806
312.529
300.608
287.058
271.868
255.035
236.541
216.409
194.73
171.66
147.42
122.444
97.4956
73.4285
50.9268
30.5189
12.6283
-2.41095
-14.3424
-23.009
-28.3492
-30.3322
-28.8792
-23.7622
-14.5529
0.378773
21.7292
194.587
171.903
145.158
115.47
85.0342
51.9807
17.4149
-17.7284
-53.7287
-90.0566
-126.462
-162.973
-199.315
-235.334
-270.832
-305.529
-339.139
-371.413
-402.167
-431.21
-458.35
-483.72
-507.344
-528.965
-548.256
-565.079
-579.44
-591.138
-599.194
-601.06
-591.997
-565.922
-519.513
-455.293
-382.45
-311.2
-255.374
-199.697
-147.59
215.024
233.872
253.42
272.471
289.04
303.131
313.952
320.767
323.759
323.399
320.173
314.667
307.256
298.167
287.58
275.5
261.9
246.751
230.005
211.645
191.72
170.34
147.679
124.118
100.384
77.2949
55.5099
35.5575
17.8868
2.86424
-9.22075
-18.171
-23.8804
-26.2858
-25.2715
-20.5985
-11.8463
2.45887
22.8884
182.329
160.836
135.512
107.44
78.7342
47.5943
15.0754
-17.9273
-51.7046
-85.7608
-119.882
-154.128
-188.275
-222.218
-255.817
-288.849
-321.079
-352.282
-382.259
-410.845
-437.735
-462.916
-486.354
-507.809
-527.005
-543.795
-558.061
-569.464
-576.971
-578.271
-569.297
-544.878
-502.047
-442.661
-374.502
-306.436
-250.694
-192.87
-137.524
201.723
219.617
238.219
256.394
272.246
285.796
296.304
303.049
306.202
306.22
303.564
298.792
292.269
284.215
274.802
264.029
251.859
238.248
223.123
206.436
188.195
168.464
147.369
125.242
102.761
80.7081
59.714
40.3004
22.9318
8.00102
-4.17176
-13.3528
-19.3931
-22.196
-21.612
-17.3888
-9.11641
4.52583
23.9918
170.755
150.358
126.34
99.7505
72.6287
43.2336
12.5839
-18.4698
-50.2207
-82.2032
-114.229
-146.389
-178.491
-210.475
-242.25
-273.637
-304.444
-334.475
-363.522
-391.441
-417.882
-442.705
-465.817
-486.983
-505.957
-522.587
-536.669
-547.753
-554.786
-555.666
-546.893
-524.087
-484.608
-429.763
-366.078
-301.149
-245.706
-186.424
-128.514
189.186
206.199
223.925
241.281
256.458
269.49
279.684
286.336
289.604
289.933
287.76
283.618
277.864
270.715
262.333
252.719
241.834
229.619
215.987
200.864
184.222
166.085
146.531
125.839
104.635
83.6639
63.5253
44.7264
27.7384
12.9745
0.780616
-8.57562
-14.9054
-18.0776
-17.9125
-14.143
-6.37142
6.57525
25.0399
159.833
140.449
117.638
92.415
66.746
38.9533
10.0144
-19.2564
-49.1525
-79.2349
-109.34
-139.572
-169.776
-199.918
-229.946
-259.724
-289.092
-317.881
-345.891
-372.979
-398.801
-423.114
-445.771
-466.532
-485.169
-501.526
-515.342
-526.089
-532.705
-533.285
-524.814
-503.574
-467.225
-416.638
-357.213
-295.376
-240.45
-180.401
-120.677
177.374
193.569
210.477
227.067
241.607
254.144
264.026
270.567
273.912
274.493
272.73
269.132
264.047
257.688
250.215
241.63
231.894
220.943
208.678
195.006
179.871
163.26
145.208
125.935
106.019
86.1643
66.9349
48.8186
32.2852
17.7607
5.613
-3.86088
-10.4357
-13.946
-14.1853
-10.8709
-3.61876
8.60415
26.0369
149.532
131.088
109.395
85.4371
61.1095
34.7912
7.42693
-20.2067
-48.397
-76.7345
-105.069
-133.522
-161.958
-190.37
-218.737
-246.948
-274.883
-302.393
-329.291
-355.427
-380.49
-404.165
-426.25
-446.498
-464.692
-480.679
-494.156
-504.543
-510.793
-511.173
-503.074
-483.342
-449.91
-403.302
-347.926
-289.141
-234.955
-174.767
-113.969
166.244
181.676
197.821
213.689
227.627
239.694
249.267
255.681
259.073
259.862
258.448
255.319
250.817
245.152
238.48
230.81
222.1
212.289
201.269
188.936
175.21
160.048
143.441
125.562
106.934
88.217
69.939
52.5636
36.5523
22.3369
10.3017
0.768698
-6.00443
-9.81877
-10.4453
-7.5846
-0.867811
10.6075
26.9846
139.82
122.251
101.6
78.8185
55.7291
30.7774
4.86649
-21.2573
-47.8774
-74.6033
-101.304
-128.106
-154.894
-181.682
-208.469
-235.172
-261.694
-287.91
-313.647
-338.747
-362.942
-385.867
-407.281
-426.921
-444.579
-460.107
-473.18
-483.189
-489.111
-489.37
-481.702
-463.42
-432.7
-389.797
-338.254
-282.481
-229.272
-169.495
-108.304
155.757
170.479
185.906
201.094
214.463
226.079
235.348
241.626
245.039
245.998
244.883
242.162
238.171
233.117
227.153
220.292
212.5
203.713
193.823
182.719
170.303
156.505
141.282
124.758
107.404
89.8337
72.5384
55.9521
40.5231
26.6825
14.8241
5.29091
-1.63161
-5.71377
-6.707
-4.2958
1.87343
12.5822
27.8873
130.669
113.918
94.2389
72.5547
50.6171
26.9324
2.36879
-22.3576
-47.5242
-72.7619
-97.9488
-123.218
-148.468
-173.728
-199.017
-224.269
-249.412
-274.334
-298.882
-322.889
-346.132
-368.222
-388.88
-407.832
-424.873
-439.867
-452.483
-462.095
-467.718
-467.915
-460.713
-443.817
-415.617
-376.153
-328.231
-275.422
-223.422
-164.533
-103.561
145.88
159.936
174.689
189.236
202.063
213.245
222.217
228.351
231.768
232.864
232.006
229.64
226.098
221.582
216.245
210.105
203.131
195.264
186.399
176.416
165.21
152.689
138.779
123.562
107.457
91.0308
74.7369
58.9791
44.1846
30.7778
19.1586
9.68337
2.66051
-1.65116
-2.98725
-1.01831
4.59468
14.5232
28.747
122.049
106.065
87.2977
66.6394
45.7763
23.2722
-0.0374731
-23.4661
-47.2843
-71.1399
-94.9206
-118.761
-142.576
-166.403
-190.27
-214.133
-237.934
-261.578
-284.927
-307.811
-330.04
-351.226
-371.059
-389.253
-405.613
-420.013
-432.124
-441.321
-446.666
-446.846
-440.133
-424.561
-398.696
-362.421
-317.91
-268.01
-217.442
-159.852
-99.6452
136.578
150.008
164.126
178.065
190.378
201.144
209.826
215.812
219.217
220.425
219.786
217.733
214.587
210.548
205.766
200.268
194.025
186.983
179.041
170.08
159.986
148.651
135.98
122.014
107.124
91.8293
76.5451
61.6433
47.5269
34.6083
23.2853
13.9243
6.85155
2.34996
0.69722
2.23466
7.28709
16.4273
29.5681
113.934
98.6715
80.7608
61.0647
41.2073
19.8061
-2.33338
-24.552
-47.1143
-69.6827
-92.1541
-114.662
-137.132
-159.61
-182.132
-204.666
-227.17
-249.563
-271.716
-293.467
-314.639
-334.872
-353.827
-371.211
-386.836
-400.591
-412.158
-420.924
-426.002
-426.193
-419.98
-405.661
-381.96
-348.638
-307.335
-260.287
-211.35
-155.402
-96.4441
127.821
140.661
154.178
167.54
179.363
189.731
198.129
203.966
207.346
208.644
208.197
206.418
203.622
200.007
195.72
190.792
185.202
178.901
171.791
163.757
154.681
144.444
132.932
120.155
106.437
92.2518
77.9756
63.9472
50.5434
38.159
27.1854
17.9928
10.9199
6.26887
4.3278
5.44784
9.93941
18.2891
30.3524
106.298
91.716
74.613
55.8219
36.9083
16.5417
-4.50236
-25.59
-46.9787
-68.3444
-89.5931
-110.855
-132.065
-153.272
-174.521
-195.788
-217.043
-238.214
-259.187
-279.81
-299.902
-319.144
-337.183
-353.717
-368.567
-381.641
-392.635
-400.958
-405.774
-405.994
-400.277
-387.143
-365.443
-334.853
-296.571
-252.309
-205.181
-151.164
-93.8639
119.579
131.861
144.808
157.624
168.98
178.966
187.088
192.773
196.12
197.491
197.209
195.672
193.188
189.95
186.106
181.687
176.681
171.043
164.683
157.487
149.339
140.113
129.681
118.028
105.433
92.3252
79.0448
65.8981
53.2321
41.4204
30.8432
21.8697
14.8448
10.0855
7.88717
8.60687
12.5426
20.1048
31.1044
99.1175
85.1786
68.8375
50.9014
32.8755
13.4816
-6.5331
-26.5613
-46.8498
-67.0897
-87.1928
-107.288
-127.313
-147.324
-167.366
-187.425
-207.48
-227.469
-247.284
-266.787
-285.797
-304.028
-321.127
-336.783
-350.831
-363.197
-373.596
-381.465
-386.022
-386.278
-381.041
-369.016
-349.169
-321.105
-285.661
-244.12
-198.957
-147.095
-91.8022
111.824
123.579
135.986
148.28
159.19
168.811
176.663
182.197
185.503
186.932
186.795
185.474
183.269
180.369
176.919
172.956
168.472
163.429
157.742
151.304
143.999
135.701
126.271
115.672
104.144
92.0768
79.7724
67.5053
55.593
44.3847
34.2453
25.5362
18.6055
13.7792
11.3562
11.6959
15.0848
21.8692
31.8246
92.3684
79.0389
63.4194
46.2922
29.1036
10.6264
-8.41859
-27.4502
-46.7052
-65.8885
-84.9149
-103.913
-122.825
-141.705
-160.606
-179.516
-198.421
-217.267
-235.956
-254.356
-272.288
-289.503
-305.649
-320.417
-333.649
-345.289
-355.079
-362.486
-366.785
-367.077
-362.298
-351.309
-333.17
-307.443
-274.668
-235.775
-192.704
-143.18
-90.1693
104.53
115.784
127.677
139.475
149.96
159.228
166.821
172.204
175.463
176.939
176.93
175.8
173.845
171.249
168.152
164.598
160.582
156.072
150.99
145.235
138.697
131.246
122.741
113.126
102.608
91.5354
80.1796
68.7825
57.6311
47.0486
37.3804
28.9777
22.1842
17.3307
14.7172
14.7002
17.5569
23.5783
32.5169
86.0292
73.2777
58.3434
41.9826
25.5864
7.97619
-10.1538
-28.2452
-46.5265
-64.7142
-82.7285
-100.693
-118.555
-136.37
-154.188
-172.005
-189.81
-207.556
-225.153
-242.477
-259.35
-275.552
-290.744
-304.619
-317.029
-327.938
-337.112
-344.053
-348.092
-348.412
-344.063
-334.035
-317.472
-293.904
-263.638
-227.318
-186.441
-139.386
-88.8695
97.6728
108.451
119.854
131.179
141.258
150.187
157.528
162.762
165.97
167.483
167.586
166.629
164.898
162.575
159.797
156.61
153.015
148.982
144.443
139.305
133.459
126.781
119.125
110.425
100.856
90.7313
80.2901
69.7449
59.353
49.4106
40.241
32.1797
25.5632
20.7203
17.9512
17.6035
19.9466
25.2262
33.1805
80.0786
67.8772
53.5939
37.9616
22.316
5.5271
-11.7369
-28.94
-46.3017
-63.5506
-80.6096
-97.5996
-114.471
-131.277
-148.07
-164.847
-181.602
-198.292
-214.834
-231.112
-246.951
-262.154
-276.399
-289.389
-300.982
-311.16
-319.718
-326.194
-329.97
-330.309
-326.359
-317.219
-302.106
-280.535
-252.627
-218.801
-180.19
-135.697
-87.829
91.2289
101.554
112.49
123.364
133.052
141.656
148.753
153.841
156.996
158.538
158.739
157.938
156.411
154.334
151.844
148.987
145.769
142.165
138.115
133.531
128.311
122.334
115.458
107.604
98.9227
89.6937
80.1278
70.4103
60.7694
51.4733
42.8215
35.1316
28.7277
23.9319
21.0417
20.3922
22.245
26.809
33.8182
74.4968
62.8192
49.1562
34.217
19.2845
3.27517
-13.1676
-29.5298
-46.0218
-62.3824
-78.5392
-94.6076
-110.541
-126.392
-142.213
-158.003
-173.756
-189.435
-204.962
-220.228
-235.066
-249.29
-262.605
-274.722
-285.51
-294.968
-302.916
-308.928
-312.441
-312.786
-309.2
-300.877
-287.097
-267.371
-241.679
-210.264
-173.964
-132.087
-86.9689
85.1766
95.0692
105.56
116
125.317
133.607
140.468
145.413
148.512
150.076
150.366
149.706
148.363
146.51
144.279
141.721
138.841
135.624
132.012
127.926
123.271
117.932
111.767
104.694
96.838
88.4512
79.7178
70.7977
61.8919
53.241
45.12
37.8248
31.664
26.9492
23.9718
23.051
24.4408
28.3205
34.428
69.2645
58.0868
45.0156
30.7372
16.4832
1.21549
-14.4469
-30.0106
-45.6778
-61.1969
-76.5001
-91.6966
-106.743
-121.691
-136.589
-151.439
-166.238
-180.95
-195.504
-209.796
-223.668
-236.942
-249.35
-260.615
-270.617
-279.37
-286.718
-292.273
-295.523
-295.862
-292.605
-285.03
-272.476
-254.455
-230.844
-201.75
-167.78
-128.542
-86.2225
79.4949
88.9749
99.0385
109.065
118.024
126.014
132.646
137.451
140.494
142.075
142.444
141.911
140.736
139.087
137.091
134.802
132.229
129.358
126.14
122.503
118.357
113.594
108.078
101.721
94.6306
87.0311
79.0845
70.9274
62.7352
54.722
47.1369
40.2535
34.3617
29.759
26.727
25.5672
26.525
29.7563
35.011
64.3634
53.6634
41.1577
27.5102
13.9032
-0.658377
-15.5777
-30.3828
-45.2657
-59.9866
-74.4798
-88.8499
-103.056
-117.146
-131.17
-145.128
-159.018
-172.809
-186.432
-199.79
-212.734
-225.089
-236.618
-247.058
-256.299
-264.368
-271.132
-276.24
-279.227
-279.548
-276.587
-269.694
-258.263
-241.817
-220.159
-193.294
-161.645
-125.037
-85.5264
74.1643
83.2497
92.9049
102.535
111.151
118.851
125.262
129.93
132.916
134.51
134.95
134.533
133.512
132.048
130.267
128.221
125.923
123.365
120.501
117.267
113.58
109.338
104.41
98.7092
92.3261
85.46
78.2524
70.8201
63.3149
55.9253
48.8751
42.4146
36.8125
32.349
29.2935
27.9277
28.4872
31.11
35.5631
59.7765
49.5333
37.5688
24.5244
11.5349
-2.35291
-16.5643
-30.6465
-44.7844
-58.7463
-72.4705
-86.0566
-99.4651
-112.743
-125.936
-139.047
-152.073
-164.986
-177.72
-190.185
-202.239
-213.714
-224.397
-234.043
-242.551
-249.961
-256.162
-260.837
-263.564
-263.854
-261.156
-254.886
-244.484
-229.494
-209.667
-184.934
-155.577
-121.564
-84.8317
69.1658
77.8735
87.1371
96.3872
104.673
112.094
118.293
122.828
125.756
127.358
127.862
127.552
126.671
125.377
123.791
121.965
119.918
117.64
115.095
112.223
108.949
105.177
100.783
95.6813
89.9482
83.7616
77.2447
70.4968
63.6478
56.8628
50.3411
44.3082
39.0113
34.7106
31.6605
30.1222
30.3197
32.3773
36.0845
55.4867
45.6815
34.2351
21.7679
9.36876
-3.87513
-17.4104
-30.8039
-44.2323
-57.472
-70.4651
-83.3065
-95.9579
-108.465
-120.87
-133.177
-145.382
-157.459
-169.347
-180.961
-192.166
-202.8
-212.674
-221.559
-229.368
-236.148
-241.809
-246.065
-248.538
-248.788
-246.323
-240.617
-231.159
-217.512
-199.398
-176.696
-149.58
-118.104
-84.0923
64.4819
72.8275
81.7155
90.6006
98.57
105.723
111.715
116.12
118.992
120.599
121.161
120.948
120.196
119.057
117.649
116.025
114.202
112.179
109.92
107.373
104.47
101.121
97.2116
92.6554
87.518
81.9584
76.0839
69.9778
63.7514
57.5477
51.542
45.9364
40.955
36.8367
33.8186
32.1405
32.0139
33.5518
36.5698
51.4786
42.0932
31.1436
19.2293
7.39523
-5.23331
-18.1227
-30.8588
-43.6102
-56.1623
-68.4594
-80.593
-92.525
-104.299
-115.957
-127.501
-138.926
-150.21
-161.295
-172.098
-182.496
-192.33
-201.434
-209.595
-216.74
-222.922
-228.068
-231.924
-234.149
-234.353
-232.094
-226.9
-218.306
-205.899
-189.386
-168.61
-143.664
-114.651
-83.2767
60.0957
68.094
76.6212
85.1558
92.8206
99.7141
105.507
109.787
112.602
114.212
114.826
114.703
114.07
113.073
111.827
110.385
108.767
106.972
104.971
102.717
100.147
97.1799
93.707
89.6467
85.0538
80.0705
74.7905
69.2835
63.6436
57.994
52.488
47.3044
42.6439
38.7235
35.7614
33.9754
33.5636
34.6296
37.0175
47.7367
38.7544
28.2812
16.8976
5.60429
-6.43475
-18.7067
-30.8149
-42.9195
-54.8162
-66.4513
-77.9114
-89.1602
-100.239
-111.188
-122.006
-132.693
-143.225
-153.546
-163.581
-173.214
-182.29
-190.664
-198.141
-204.657
-210.274
-214.934
-218.409
-220.397
-220.549
-218.471
-213.741
-205.937
-194.672
-179.653
-160.697
-137.837
-111.193
-82.3542
55.9906
63.6558
71.8361
80.0336
87.4055
94.0497
99.6498
103.807
106.566
108.176
108.838
108.798
108.273
107.408
106.311
105.035
103.602
102.013
100.244
98.2523
95.9819
93.3576
90.279
86.6681
82.5714
78.1161
73.384
68.4329
63.3422
58.2171
53.1904
48.4187
44.0803
40.3692
37.484
35.6205
34.9622
35.6049
37.4213
44.2467
35.6512
25.6357
14.7613
3.98648
-7.48781
-19.1687
-30.6761
-42.164
-53.4354
-64.4396
-75.2587
-85.8578
-96.2769
-106.552
-116.684
-126.67
-136.489
-146.089
-155.397
-164.304
-172.666
-180.351
-187.183
-193.109
-198.196
-202.398
-205.515
-207.276
-207.373
-205.455
-201.147
-194.065
-183.853
-170.222
-152.978
-132.108
-107.729
-81.3095
52.1515
59.4966
67.3433
75.2165
82.3066
88.7099
94.1238
98.1619
100.865
102.474
103.179
103.215
102.791
102.046
101.084
99.9603
98.6952
97.2927
95.7324
93.9764
91.9744
89.6584
86.9352
83.7305
80.0848
76.1114
71.882
67.4443
62.8648
58.2327
53.662
49.2887
45.2691
41.7751
38.9847
37.0724
36.2061
36.4743
37.7789
40.9946
32.7709
23.1951
12.8098
2.53205
-8.40067
-19.5153
-30.4486
-41.3465
-52.0213
-62.4238
-72.633
-82.615
-92.407
-102.044
-111.525
-120.849
-129.993
-138.91
-147.532
-155.755
-163.445
-170.482
-176.71
-182.083
-186.674
-190.449
-193.231
-194.778
-194.82
-193.044
-189.117
-182.695
-173.452
-161.108
-145.468
-126.482
-104.251
-80.1256
48.5638
55.6012
63.1271
70.688
77.5064
83.6778
88.911
92.8333
95.4819
97.0872
97.8311
97.9365
97.6053
96.971
96.1345
95.1484
94.0356
92.8013
91.4286
89.8845
88.1235
86.084
83.6801
80.8423
77.6053
74.0706
70.3008
66.3349
62.2284
58.0566
53.9164
49.9248
46.2173
42.9444
40.2636
38.3285
37.2912
37.2332
38.0835
37.967
30.1008
20.9477
11.0322
1.23167
-9.18207
-19.7539
-30.1376
-40.4718
-50.5768
-60.4064
-70.0349
-79.4298
-88.6268
-97.6581
-106.523
-115.22
-123.728
-132.001
-139.975
-147.556
-154.616
-161.046
-166.708
-171.568
-175.698
-179.076
-181.545
-182.893
-182.88
-181.231
-177.651
-171.833
-163.478
-152.326
-138.18
-120.967
-100.763
-78.7985
45.2135
51.9547
59.1722
66.4322
72.9887
78.9355
83.9942
87.8041
90.3983
91.9984
92.7774
92.947
92.7014
92.1689
91.4467
90.5862
89.6114
88.5291
87.3254
85.9711
84.426
82.6343
80.5171
78.0103
75.1428
72.0061
68.6545
65.1203
61.4494
57.7047
53.9681
50.3391
46.934
43.883
41.3236
39.3895
38.2165
37.8792
38.3325
35.1512
27.629
18.8822
9.41836
0.0757659
-9.8397
-19.8914
-29.7493
-39.5446
-49.1056
-58.3888
-67.4643
-76.3016
-84.9337
-93.3915
-101.674
-109.778
-117.685
-125.352
-132.718
-139.695
-146.166
-152.031
-157.167
-161.549
-165.254
-168.265
-170.445
-171.608
-171.543
-170.009
-166.744
-161.477
-153.938
-143.884
-131.125
-115.568
-97.2628
-77.3241
42.0871
48.5436
55.4636
62.4339
68.7376
74.4677
79.3573
83.0575
85.5979
87.191
88.0014
88.2302
88.0634
87.6245
87.0068
86.2608
85.4113
84.4662
83.4142
82.2301
80.8783
79.3083
77.4484
75.2389
72.7052
69.9283
66.9562
63.8155
60.5436
57.1929
53.832
50.5448
47.4299
44.5985
42.1692
40.2569
38.9811
38.4093
38.5194
32.5351
25.3435
16.9881
7.9581
-0.944073
-10.3822
-19.9354
-29.2895
-38.5693
-47.6111
-56.3732
-64.9228
-73.23
-81.3266
-89.2412
-96.9725
-104.519
-111.86
-118.956
-125.751
-132.164
-138.085
-143.423
-148.072
-152.014
-155.325
-158
-159.915
-160.909
-160.796
-159.365
-156.388
-151.624
-144.831
-135.787
-124.309
-110.292
-93.7574
-75.7079
39.1718
45.3542
51.9877
58.6786
64.7386
70.259
74.9846
78.5778
81.065
82.6496
83.4881
83.7706
83.6764
83.3233
82.8013
82.1598
81.4237
80.6022
79.6866
78.655
77.476
76.1042
74.4746
72.5323
70.2987
67.8464
65.2175
62.4338
59.5258
56.5366
53.5232
50.5558
47.717
45.1006
42.8074
40.9349
39.5867
38.8228
38.6421
30.1068
23.2337
15.2546
6.64202
-1.83795
-10.817
-19.8923
-28.7644
-37.5515
-46.0976
-54.3633
-62.4122
-70.2163
-77.8051
-85.2057
-92.4166
-99.436
-106.245
-112.806
-119.067
-124.952
-130.361
-135.212
-139.41
-142.946
-145.899
-148.265
-149.94
-150.78
-150.623
-149.288
-146.574
-142.268
-136.157
-128.038
-117.738
-105.143
-90.2502
-73.953
36.4554
42.3739
48.7313
55.1525
60.977
66.2949
70.8612
74.3503
76.7846
78.3589
79.2221
79.554
79.526
79.2518
78.8171
78.2705
77.6372
76.9271
76.1338
75.2387
74.2139
73.0192
71.5957
69.8927
67.9283
65.768
63.4485
60.9876
58.4099
55.7506
53.057
50.3867
47.8084
45.4003
43.2464
41.4288
40.0353
39.1188
38.6948
27.8552
21.2887
13.6717
5.46052
-2.6135
-11.1525
-19.7698
-28.18
-36.4964
-44.5693
-52.362
-59.9348
-67.2613
-74.3692
-81.2842
-88.004
-94.5276
-100.836
-106.896
-112.657
-118.051
-122.986
-127.385
-131.168
-134.334
-136.958
-139.045
-140.501
-141.202
-141.008
-139.761
-137.287
-133.399
-127.911
-120.637
-111.415
-100.129
-86.7494
-72.072
33.9265
39.5906
45.6817
51.8428
57.4401
62.5617
66.9736
70.3608
72.7423
74.305
75.1896
75.5661
75.5988
75.3966
75.0415
74.5814
74.0409
73.4308
72.7472
71.9741
71.0871
70.0501
68.8102
67.3211
65.5983
63.6998
61.6583
59.488
57.2089
54.8494
52.4481
50.0523
47.718
45.5096
43.4963
41.7458
40.3313
39.2981
38.6766
25.7697
19.4985
12.2299
4.40478
-3.27975
-11.3958
-19.5741
-27.5429
-35.4091
-43.0305
-50.3728
-57.4931
-64.3664
-71.0191
-77.4753
-83.7326
-89.79
-95.63
-101.221
-106.516
-111.452
-115.947
-119.93
-123.333
-126.16
-128.487
-130.321
-131.581
-132.158
-131.932
-130.768
-128.513
-125.007
-120.084
-113.579
-105.341
-95.2517
-83.262
-70.0741
31.5736
36.9928
42.8271
48.7373
54.1147
59.0462
63.308
66.5955
68.9248
70.4742
71.3768
71.7938
71.8816
71.7452
71.4625
71.0805
70.6238
70.1038
69.5183
68.854
68.0895
67.1929
66.1166
64.8185
63.3115
61.6474
59.8548
57.9453
55.935
53.8466
51.7114
49.5674
47.4603
45.4418
43.5682
41.8943
40.4797
39.3621
38.5832
23.84
17.853
10.9199
3.46591
-3.84402
-11.5553
-19.3126
-26.8586
-34.2947
-41.4858
-48.3994
-55.0898
-61.5337
-67.7558
-73.7787
-79.6007
-85.2201
-90.6211
-95.7736
-100.635
-105.148
-109.236
-112.836
-115.892
-118.411
-120.469
-122.076
-123.159
-123.627
-123.376
-122.288
-120.235
-117.076
-112.666
-106.859
-99.5158
-90.517
-79.7971
-67.9756
29.3865
34.5695
40.1562
45.8241
50.9888
55.7362
59.8519
63.042
65.319
66.8534
67.7711
68.2241
68.3621
68.2853
68.0683
67.7569
67.3758
66.9366
66.4387
65.871
65.2155
64.4436
63.5128
62.3847
61.07
59.6151
58.0448
56.3688
54.5994
52.7552
50.8609
48.947
47.0498
45.2107
43.4741
41.8837
40.4869
39.3137
38.4153
22.0566
16.3433
9.73292
2.63573
-4.31502
-11.6371
-18.9916
-26.1336
-33.1588
-39.9393
-46.4452
-52.7276
-58.7645
-64.5798
-70.1945
-75.6071
-80.8159
-85.8063
-90.5503
-95.0091
-99.1289
-102.842
-106.092
-108.831
-111.072
-112.887
-114.289
-115.216
-115.588
-115.317
-114.303
-112.435
-109.591
-105.646
-100.471
-93.9373
-85.9275
-76.3634
-65.7882
27.355
32.3104
37.6581
43.0918
48.0511
52.6199
56.5934
59.6878
61.9125
63.4304
64.3603
64.8451
65.0282
65.0054
64.8479
64.6002
64.2867
63.9197
63.5
63.0184
62.4594
61.798
60.9961
60.0191
58.8757
57.6068
56.2346
54.7665
53.2128
51.5875
49.9104
48.2055
46.5013
44.8303
43.2268
41.7245
40.3601
39.1564
38.1702
20.4101
14.9601
8.66043
1.90623
-4.69923
-11.6488
-18.6174
-25.3726
-32.006
-38.3955
-44.5137
-50.4091
-56.0608
-61.492
-66.7222
-71.7501
-76.5744
-81.1813
-85.545
-89.6301
-93.3875
-96.7562
-99.685
-102.136
-104.125
-105.723
-106.943
-107.732
-108.021
-107.737
-106.792
-105.092
-102.535
-99.0113
-94.406
-88.6022
-81.486
-72.9699
-63.53
25.4694
30.2055
35.3225
40.5302
45.2905
49.6861
53.5211
56.5214
58.6938
60.1935
61.1325
61.6452
61.8688
61.8945
61.7906
61.6001
61.3473
61.0447
60.6944
60.2891
59.8154
59.2517
58.564
57.7209
56.7294
55.6257
54.4294
53.1465
51.7847
50.3549
48.8727
47.3569
45.8294
44.3148
42.8393
41.4278
40.1077
38.8947
37.8505
18.8916
13.6954
7.69439
1.2698
-5.00476
-11.5965
-18.1956
-24.5817
-30.841
-36.8585
-42.6082
-48.1364
-53.424
-58.4928
-63.3614
-68.0284
-72.493
-76.7423
-80.7526
-84.4916
-87.9151
-90.9672
-93.6037
-95.7935
-97.5565
-98.9595
-100.018
-100.685
-100.904
-100.611
-99.7315
-98.1872
-95.8898
-92.7459
-88.6535
-83.5063
-77.1949
-69.6256
-61.2138
23.7207
28.2454
33.1398
38.1289
42.6967
46.9242
50.624
53.532
55.652
57.1317
58.0768
58.6137
58.873
58.9424
58.8864
58.7471
58.5485
58.3033
58.0144
57.6764
57.2782
56.8005
56.2136
55.4889
54.632
53.6747
52.6341
51.5152
50.3237
49.0681
47.7604
46.4149
45.0482
43.6785
42.325
41.0052
39.7385
38.5342
37.4556
17.4929
12.5406
6.82723
0.719182
-5.23743
-11.487
-17.7324
-23.7656
-29.6685
-35.3318
-40.7317
-45.9124
-50.8559
-55.5829
-60.1115
-64.4403
-68.5689
-72.4852
-76.1678
-79.5871
-82.7027
-85.4655
-87.8357
-89.7898
-91.3493
-92.5791
-93.4944
-94.0564
-94.2153
-93.9172
-93.1012
-91.6992
-89.6374
-86.8349
-83.2026
-78.6441
-73.0553
-66.3384
-58.8578
22.1002
26.421
31.1006
35.8786
40.2598
44.324
47.892
50.7091
52.7764
54.2346
55.1829
55.7402
56.0311
56.1391
56.126
56.0323
55.8818
55.6873
55.4527
55.1741
54.8422
54.4404
53.9422
53.3219
52.5838
51.7557
50.8528
49.8788
48.838
47.7371
46.585
45.3924
44.1713
42.9351
41.697
40.4684
39.2618
38.0806
36.9898
16.2059
11.4887
6.05143
0.247564
-5.40456
-11.3256
-17.233
-22.9296
-28.4924
-33.8189
-38.8871
-43.7386
-48.3573
-52.7628
-56.972
-60.9843
-64.7992
-68.4059
-71.7848
-74.9089
-77.7422
-80.2402
-82.369
-84.1105
-85.4882
-86.5641
-87.3535
-87.8237
-87.9323
-87.6342
-86.8779
-85.6071
-83.7583
-81.2627
-78.0424
-74.0102
-69.0679
-63.1167
-56.4737
20.5996
24.7239
29.1962
33.77
37.9706
41.8761
45.3153
48.0427
50.0572
51.492
52.4408
53.0152
53.3334
53.4756
53.5003
53.4472
53.3392
53.1895
53.0028
52.7763
52.5026
52.1671
51.7468
51.2185
50.585
49.8707
49.089
48.2427
47.3352
46.3711
45.3572
44.3013
43.2119
42.0981
40.9684
39.8293
38.6873
37.541
36.4542
15.023
10.5318
5.36032
-0.151665
-5.51142
-11.1187
-16.7027
-22.0777
-27.3171
-32.3234
-37.0769
-41.6172
-45.9293
-50.0322
-53.9421
-57.6583
-61.1808
-64.5
-67.598
-70.4502
-73.0244
-75.2812
-77.1914
-78.7416
-79.9571
-80.8966
-81.5759
-81.9668
-82.034
-81.7392
-81.0404
-79.8892
-78.233
-76.0126
-73.1601
-69.5976
-65.2324
-59.9664
-54.0779
19.2111
23.1461
27.4183
31.7947
35.8201
39.5713
42.8847
45.5238
47.485
48.8949
49.8416
50.4293
50.7711
50.9432
51.0013
50.9837
50.9133
50.8029
50.6581
50.4773
50.2543
49.9769
49.6249
49.1771
48.6355
48.0213
47.346
46.6121
45.8218
44.9785
44.0871
43.1532
42.1823
41.1803
40.1518
39.0994
38.0248
36.9219
35.8542
13.9372
9.66343
4.74717
-0.484594
-5.56461
-10.8707
-16.1461
-21.2147
-26.1459
-30.8481
-35.3034
-39.5494
-43.5727
-47.3911
-51.0204
-54.46
-57.7103
-60.7628
-63.6012
-66.2036
-68.5405
-70.5779
-72.2902
-73.6691
-74.74
-75.5595
-76.1423
-76.4655
-76.4988
-76.2108
-75.566
-74.5246
-73.0421
-71.068
-68.5439
-65.3994
-61.5483
-56.8945
-51.6813
17.9272
21.6796
25.7588
29.9444
33.8
37.4012
40.5913
43.1434
45.0509
46.4343
47.3761
47.9742
48.3358
48.5337
48.6209
48.6346
48.597
48.521
48.4127
48.2716
48.0929
47.8662
47.5735
47.1963
46.7353
46.2088
45.6269
44.9915
44.3041
43.5672
42.7841
41.9585
41.094
40.1937
39.2594
38.2902
37.2842
36.2314
35.1934
12.9415
8.87675
4.20588
-0.757188
-5.56873
-10.5875
-15.5677
-20.3439
-24.9821
-29.3957
-33.5687
-37.5368
-41.2878
-44.8391
-48.2054
-51.387
-54.3843
-57.1896
-59.7884
-62.161
-64.2816
-66.1194
-67.6536
-68.8789
-69.8217
-70.5352
-71.0346
-71.2997
-71.3059
-71.0268
-70.4334
-69.4924
-68.1665
-66.4132
-64.1811
-61.4082
-58.0138
-53.9055
-49.2969
16.741
20.3175
24.2104
28.2114
31.9024
35.3575
38.4272
40.8931
42.7465
44.1017
45.0364
45.6417
46.0197
46.2396
46.3521
46.3928
46.3838
46.3377
46.2612
46.1545
46.0142
45.8313
45.5905
45.2748
44.8842
44.4342
43.934
43.3848
42.7876
42.1441
41.4566
40.7272
39.9579
39.1499
38.3025
37.4127
36.4751
35.4766
34.4773
12.0296
8.16597
3.73049
-0.974731
-5.52965
-10.2729
-14.9717
-19.4696
-23.8289
-27.9686
-31.8743
-35.58
-39.0747
-42.3753
-45.4957
-48.4366
-51.1986
-53.7752
-56.1532
-58.3153
-60.238
-61.8951
-63.2688
-64.3569
-65.1862
-65.807
-66.2339
-66.4501
-66.4347
-66.1667
-65.6217
-64.7726
-63.588
-62.0317
-60.0599
-57.6164
-54.627
-51.0037
-46.9341
15.6458
19.0526
22.7659
26.5883
30.1196
33.4327
36.3842
38.7651
40.5637
41.8893
42.8145
43.4242
43.8153
44.0539
44.1879
44.252
44.2676
44.2473
44.1982
44.1213
44.0141
43.8692
43.6732
43.4111
43.0817
42.6987
42.2696
41.7957
41.2775
40.7159
40.1124
39.4682
38.7841
38.0594
37.2923
36.4773
35.6068
34.6656
33.7109
11.1954
7.52482
3.31554
-1.14262
-5.45147
-9.93213
-14.362
-18.5945
-22.689
-26.5689
-30.2217
-33.6798
-36.9333
-39.9986
-42.889
-45.6056
-48.1493
-50.5142
-52.6891
-54.6581
-56.4008
-57.8941
-59.1236
-60.0894
-60.8185
-61.358
-61.7225
-61.8975
-61.8658
-61.6102
-61.1109
-60.3456
-59.2881
-57.9082
-56.1672
-54.0154
-51.3847
-48.1919
-44.6028
14.6352
17.8787
21.4186
25.0684
28.4446
31.6194
34.4552
36.7518
38.4952
39.7897
40.7034
41.3148
41.716
41.9699
42.1222
42.2062
42.2429
42.2447
42.2191
42.1677
42.0891
41.9768
41.8197
41.6039
41.3279
41.0029
40.6359
40.2276
39.7783
39.2885
38.7589
38.19
37.5816
36.9323
36.2386
35.4937
34.6884
33.8055
32.9002
10.4333
6.94825
2.95575
-1.26563
-5.3395
-9.56853
-13.7422
-17.7224
-21.5648
-25.1983
-28.6119
-31.8364
-34.8631
-37.7077
-40.3833
-42.8909
-45.2319
-47.4014
-49.3893
-51.1817
-52.7604
-54.1057
-55.2056
-56.0626
-56.7034
-57.1723
-57.4829
-57.6235
-57.5799
-57.3378
-56.8816
-56.1926
-55.2497
-54.0268
-52.4907
-50.597
-48.2838
-45.4729
-42.3104
13.7034
16.7896
20.1622
23.645
26.8708
29.9107
32.6329
34.8462
36.5336
37.7958
38.696
39.3068
39.7152
39.9815
40.1489
40.2498
40.3044
40.3251
40.3195
40.2899
40.2356
40.1514
40.0277
39.852
39.6222
39.3478
39.0346
38.6834
38.2942
37.8671
37.4024
36.9
36.3591
35.7774
35.1507
34.4712
33.7286
32.9043
32.0505
9.73768
6.43063
2.64633
-1.34846
-5.19714
-9.18653
-13.1156
-16.8551
-20.4584
-23.8585
-27.0458
-30.05
-32.8633
-35.5012
-37.9759
-40.289
-42.4421
-44.431
-46.2471
-47.8779
-49.3076
-50.5191
-51.5029
-52.2633
-52.8264
-53.2339
-53.4985
-53.6106
-53.5584
-53.3308
-52.9149
-52.2957
-51.4555
-50.3727
-49.0184
-47.3532
-45.3205
-42.8474
-40.0641
12.8448
15.7795
18.9909
22.312
25.3918
28.3003
30.9108
33.0415
34.6722
35.901
36.7863
37.3941
37.8072
38.083
38.2628
38.3776
38.4472
38.4838
38.4952
38.4842
38.4506
38.3904
38.2953
38.1543
37.9645
37.7338
37.4674
37.1658
36.8289
36.4565
36.0487
35.605
35.124
34.6031
34.0374
33.4187
32.7357
31.9689
31.1681
9.10363
5.96746
2.38247
-1.39536
-5.02921
-8.78912
-12.4852
-15.9962
-19.3718
-22.5505
-25.5239
-28.3202
-30.933
-33.3771
-35.6641
-37.7961
-39.7749
-41.5972
-43.2554
-44.7385
-46.0329
-47.1235
-48.0036
-48.6783
-49.1734
-49.5274
-49.7529
-49.8415
-49.784
-49.5712
-49.193
-48.6375
-47.8897
-46.9318
-45.7386
-44.2753
-42.4903
-40.3165
-37.8688
12.0541
14.8429
17.8991
21.0638
24.0018
26.7823
29.2829
31.3316
32.9043
34.0989
34.968
35.5709
35.9861
36.2689
36.4586
36.5848
36.667
36.7169
36.7426
36.7472
36.7312
36.6914
36.6209
36.5095
36.3544
36.1615
35.9356
35.677
35.3856
35.0611
34.7031
34.3111
33.8833
33.4168
32.9066
32.3439
31.7175
31.0065
30.2585
8.52651
5.554
2.16011
-1.41032
-4.83856
-8.38023
-11.854
-15.1471
-18.3068
-21.2756
-24.0465
-26.6465
-29.0707
-31.3332
-33.445
-35.4083
-37.2255
-38.8941
-40.4071
-41.7554
-42.9267
-43.9087
-44.6959
-45.2948
-45.7301
-46.0381
-46.2303
-46.3
-46.2396
-46.042
-45.6992
-45.2015
-44.5369
-43.6903
-42.64
-41.3551
-39.7889
-37.8795
-35.7295
11.3266
13.9751
16.8817
19.8948
22.6952
25.3506
27.743
29.7106
31.2241
32.3838
33.2358
33.8317
34.2468
34.5344
34.7316
34.8671
34.9595
35.0205
35.058
35.0758
35.0746
35.0521
35.0025
34.9167
34.7914
34.6313
34.4404
34.2191
33.9673
33.6844
33.3702
33.0237
32.6431
32.2254
31.7654
31.2546
30.6807
30.0236
29.3276
8.00209
5.18661
1.97528
-1.39671
-4.62901
-7.96191
-11.224
-14.3105
-17.2646
-20.0345
-22.6137
-25.0283
-27.2752
-29.3675
-31.3154
-33.1214
-34.7887
-36.3152
-37.695
-38.92
-39.9798
-40.864
-41.5682
-42.1001
-42.4833
-42.7515
-42.9157
-42.9703
-42.9091
-42.7268
-42.4171
-41.9723
-41.3825
-40.6351
-39.7114
-38.5843
-37.2113
-35.5358
-33.6492
10.6578
13.1713
15.9337
18.8
21.4666
23.9996
26.2851
28.1722
29.6252
30.7505
31.5848
32.1717
32.5843
32.8746
33.0775
33.2201
33.3208
33.3908
33.4383
33.4669
33.4782
33.4704
33.4385
33.3747
33.275
33.1431
32.9826
32.7938
32.5764
32.3299
32.054
31.7476
31.409
31.035
30.6205
30.1569
29.6324
29.0264
28.3813
7.52563
4.86043
1.82389
-1.35856
-4.40355
-7.53769
-10.5979
-13.4875
-16.246
-18.8275
-21.225
-23.4646
-25.5452
-27.4781
-29.2724
-30.9316
-32.4596
-33.8549
-35.112
-36.2244
-37.183
-37.9789
-38.6093
-39.082
-39.4198
-39.6539
-39.7947
-39.8374
-39.7773
-39.6103
-39.3317
-38.9351
-38.4126
-37.7539
-36.9427
-35.955
-34.7526
-33.2839
-31.6302
10.043
12.4267
15.0507
17.7745
20.3114
22.7244
24.9039
26.7108
28.1011
29.1938
30.0105
30.5861
30.9942
31.2854
31.4922
31.6403
31.7474
31.8247
31.8802
31.9179
31.9395
31.944
31.9273
31.8822
31.8046
31.6973
31.5631
31.4024
31.2151
31.0004
30.7581
30.4872
30.1857
29.8509
29.4775
29.0573
28.5786
28.0211
27.425
7.0924
4.57059
1.70068
-1.301
-4.16736
-7.11171
-9.97937
-12.6812
-15.2526
-17.6559
-19.879
-21.9523
-23.8776
-25.6617
-27.3119
-28.8339
-30.2327
-31.5067
-32.6513
-33.6605
-34.5272
-35.2437
-35.8081
-36.2286
-36.5269
-36.7318
-36.8531
-36.8868
-36.8294
-36.6776
-36.4279
-36.0755
-35.6139
-35.0343
-34.323
-33.4588
-32.4072
-31.1214
-29.6739
9.4772
11.7369
14.2283
16.8148
19.2265
21.5225
23.5973
25.3233
26.644
27.7062
28.5068
29.0694
29.471
29.7619
29.9715
30.1238
30.236
30.3191
30.3811
30.4262
30.4565
30.4713
30.4674
30.4385
30.38
30.2939
30.1826
30.0465
29.8853
29.6986
29.4859
29.2462
28.9779
28.678
28.3418
27.9612
27.525
27.0131
26.4638
6.69979
4.31442
1.60322
-1.22669
-3.92289
-6.68761
-9.37151
-11.8947
-14.2876
-16.5229
-18.576
-20.4889
-22.269
-23.9139
-25.4285
-26.8221
-28.1009
-29.2631
-30.3042
-31.2196
-32.003
-32.6482
-33.1543
-33.5289
-33.7931
-33.9732
-34.0785
-34.1058
-34.0522
-33.9155
-33.6931
-33.3811
-32.9745
-32.4659
-31.8436
-31.0888
-30.1706
-29.0466
-27.7817
8.95791
11.0989
13.4634
15.917
18.208
20.3896
22.3626
24.0081
25.2494
26.2831
27.0687
27.6164
28.0098
28.2994
28.5107
28.666
28.7821
28.8699
28.9373
28.9886
29.0261
29.0496
29.0569
29.0419
29.0001
28.9326
28.8415
28.7269
28.5889
28.4269
28.2404
28.0285
27.7897
27.5213
27.2188
26.8743
26.4773
26.0079
25.503
6.34952
4.09501
1.53546
-1.13089
-3.66598
-6.25979
-8.77052
-11.1258
-13.3504
-15.4254
-17.3171
-19.0818
-20.7272
-22.2392
-23.6237
-24.8956
-26.0619
-27.1195
-28.0642
-28.8932
-29.6006
-30.1817
-30.6358
-30.9704
-31.2049
-31.3642
-31.4565
-31.4796
-31.4308
-31.3092
-31.1123
-30.8375
-30.4809
-30.0361
-29.493
-28.8355
-28.0357
-27.0552
-25.9516
8.48574
10.5122
12.7522
15.075
17.2469
19.3134
21.187
22.7529
23.9197
24.9324
25.7001
26.2277
26.6108
26.8979
27.1092
27.2658
27.3842
27.4753
27.5468
27.6031
27.6464
27.6774
27.6941
27.6913
27.664
27.6129
27.5394
27.444
27.3263
27.1862
27.023
26.836
26.6237
26.3837
26.1116
25.8002
25.4393
25.0095
24.5463
6.03943
3.91022
1.49713
-1.01303
-3.3935
-5.82434
-8.16921
-10.3665
-12.4319
-14.3542
-16.0924
-17.7336
-19.2615
-20.6422
-21.8979
-23.0543
-24.1153
-25.0745
-25.929
-26.6771
-27.315
-27.8377
-28.2452
-28.5447
-28.754
-28.896
-28.9785
-28.9992
-28.9565
-28.85
-28.6776
-28.437
-28.1258
-27.7386
-27.2664
-26.6954
-26.0008
-25.1479
-24.1885
8.05853
9.97374
12.0916
14.2831
16.3351
18.2816
20.0549
21.5328
22.6393
23.6588
24.4058
24.9021
25.2724
25.5571
25.768
25.9246
26.0446
26.1382
26.2131
26.2731
26.3214
26.3583
26.383
26.3904
26.3759
26.339
26.2811
26.2025
26.103
25.9821
25.8396
25.6747
25.4861
25.2714
25.0267
24.7452
24.4171
24.024
23.5999
5.79569
3.76414
1.46247
-0.919201
-3.16703
-5.44779
-7.62121
-9.64087
-11.4993
-13.2389
-14.7058
-16.2812
-17.7902
-19.1035
-20.2879
-21.3905
-22.4056
-23.3201
-24.1322
-24.8427
-25.4475
-25.9416
-26.3253
-26.6053
-26.8
-26.9318
-27.0089
-27.0283
-26.9905
-26.8955
-26.7357
-26.5166
-26.2356
-25.887
-25.4627
-24.9503
-24.3278
-23.5639
-22.7057
7.72365
9.54758
11.5662
13.6338
15.5609
17.3565
18.9663
20.24
21.2026
22.3884
23.1942
23.6935
24.0791
24.3864
24.614
24.7827
24.9128
25.0161
25.0996
25.1682
25.2248
25.2708
25.3055
25.3247
25.3232
25.2998
25.2555
25.1908
25.1056
24.9996
24.8724
24.7236
24.5518
24.3552
24.1299
23.8692
23.5637
23.1956
22.7982
5.59954
3.64809
1.44012
-0.83175
-2.95932
-5.09556
-7.09619
-8.923
-10.5451
-12.0742
-13.1982
-14.769
-16.3266
-17.6156
-18.767
-19.8555
-20.8631
-21.7682
-22.5701
-23.2705
-23.8661
-24.3514
-24.7274
-25.0003
-25.1894
-25.3169
-25.3921
-25.411
-25.3768
-25.2908
-25.1349
-24.9281
-24.6665
-24.343
-23.9501
-23.4772
-22.9042
-22.2016
-21.4141
7.45119
9.19737
11.1237
13.0706
14.8646
16.4851
17.89
18.9076
19.6852
21.1157
22.0403
22.5714
22.9916
23.3373
23.5943
23.7842
23.9313
24.0492
24.1454
24.2255
24.2931
24.3503
24.397
24.4294
24.4415
24.4312
24.3994
24.3469
24.2737
24.1794
24.0641
23.9271
23.7676
23.5838
23.3722
23.1262
22.8365
22.4853
22.1055
5.4097
3.53955
1.42651
-0.734045
-2.74101
-4.73191
-6.56311
-8.20122
-9.59997
-10.9241
-11.7269
-13.2737
-14.8649
-16.1255
-17.2368
-18.303
-19.2977
-20.1898
-20.9781
-21.6666
-22.252
-22.7283
-23.0966
-23.363
-23.5471
-23.6712
-23.7456
-23.7653
-23.7364
-23.6613
-23.5114
-23.3184
-23.0784
-22.7815
-22.4208
-21.9879
-21.4644
-20.8231
-20.1092
7.18358
8.85175
10.6848
12.5113
14.1747
15.6208
16.829
17.6059
18.203
19.8323
20.8777
21.4423
21.8899
22.2697
22.5554
22.766
22.9294
23.061
23.1694
23.2605
23.3386
23.4065
23.4649
23.51
23.5354
23.5379
23.5186
23.4782
23.4168
23.3343
23.2308
23.1056
22.9584
22.7873
22.5892
22.358
22.0845
21.7508
21.3894
5.22621
3.43756
1.42034
-0.628884
-2.51536
-4.36212
-6.02828
-7.48115
-8.67112
-9.7872
-10.3036
-11.8028
-13.4043
-14.6342
-15.7022
-16.7382
-17.7135
-18.5886
-19.361
-20.0352
-20.6088
-21.0757
-21.4363
-21.6966
-21.8763
-21.9973
-22.0711
-22.0914
-22.0677
-22.0028
-21.8586
-21.6784
-21.4588
-21.1873
-20.8579
-20.4637
-19.9884
-19.4049
-18.7525
6.92176
8.51248
10.252
11.9597
13.4954
14.7683
15.7904
16.3375
16.764
18.5398
19.7033
20.3073
20.7778
21.1863
21.4984
21.7292
21.9083
22.0532
22.1732
22.2749
22.363
22.4412
22.5106
22.5682
22.6064
22.6217
22.6145
22.586
22.5364
22.4658
22.3741
22.2612
22.1266
21.9687
21.7845
21.5684
21.3114
20.9959
20.653
5.05089
3.34327
1.42139
-0.517545
-2.28553
-3.99018
-5.49706
-6.76964
-7.76579
-8.66892
-8.93759
-10.3654
-11.949
-13.1423
-14.1647
-15.1636
-16.1126
-16.9669
-17.7202
-18.3783
-18.9387
-19.3959
-19.7492
-20.0052
-20.183
-20.3044
-20.3819
-20.4078
-20.3944
-20.345
-20.2127
-20.0509
-19.8559
-19.6134
-19.3174
-18.9627
-18.5356
-18.0134
-17.4445
6.66837
8.18267
9.82908
11.4204
12.8321
13.9323
14.7785
15.0978
15.364
17.2392
18.5125
19.1632
19.6569
20.0911
20.427
20.6758
20.8691
21.0266
21.1583
21.2708
21.3694
21.4578
21.5383
21.6082
21.6596
21.6877
21.693
21.6766
21.639
21.5802
21.5003
21.3995
21.2772
21.1322
20.9618
20.7607
20.5204
20.2235
19.9
4.88497
3.25664
1.42826
-0.402714
-2.05525
-3.62201
-4.97668
-6.07485
-6.89218
-7.57719
-7.63589
-8.96802
-10.5027
-11.6508
-12.6252
-13.5811
-14.497
-15.3255
-16.0575
-16.6977
-17.2443
-17.6911
-18.0362
-18.2856
-18.4572
-18.5736
-18.6482
-18.6727
-18.6614
-18.6184
-18.4901
-18.3391
-18.1618
-17.9427
-17.6765
-17.359
-16.9758
-16.4997
-15.9548
6.42607
7.86604
9.42037
10.8991
12.1893
13.1168
13.797
13.8819
13.9933
15.9306
17.3023
18.0033
18.5224
18.9841
19.3464
19.6138
19.819
19.9856
20.1262
20.2479
20.3559
20.4545
20.5462
20.6285
20.6932
20.7349
20.7535
20.7505
20.7265
20.6814
20.6154
20.5284
20.42
20.289
20.1329
19.9467
19.7225
19.4429
19.1356
4.72991
3.17694
1.43763
-0.289998
-1.83159
-3.26545
-4.47496
-5.40557
-6.05723
-6.51943
-6.40445
-7.61628
-9.07026
-10.1617
-11.0842
-11.991
-12.8668
-13.6644
-14.3715
-14.9922
-15.5254
-15.9649
-16.3096
-16.5653
-16.7484
-16.8791
-16.9713
-17.0162
-17.0301
-17.017
-16.9153
-16.7944
-16.651
-16.4673
-16.2381
-15.9618
-15.6312
-15.2355
-14.8388
6.19863
7.5679
9.03258
10.4033
11.5708
12.3211
12.8404
12.6744
12.6299
14.6112
16.077
16.8272
17.3654
17.8495
18.2417
18.5375
18.7642
18.9449
19.0945
19.2228
19.3375
19.4435
19.5447
19.6382
19.7152
19.7686
19.7986
19.8066
19.7939
19.7607
19.7076
19.6347
19.542
19.4282
19.2908
19.1247
18.9226
18.6694
18.3975
4.58658
3.10236
1.4448
-0.186997
-1.62372
-2.93134
-4.0011
-4.76816
-5.26454
-5.50212
-5.2473
-6.31479
-7.65657
-8.67695
-9.54086
-10.3921
-11.221
-11.9824
-12.6612
-13.2584
-13.771
-14.1912
-14.5147
-14.7442
-14.899
-15.0043
-15.0746
-15.0999
-15.0977
-15.071
-14.9582
-14.8354
-14.6995
-14.5326
-14.3296
-14.0871
-13.7878
-13.393
-12.8848
5.98904
7.29269
8.67236
9.94097
10.9803
11.5464
11.9052
11.4575
11.2377
13.2607
14.838
15.6575
16.2173
16.7045
17.0992
17.4063
17.6544
17.8617
18.0366
18.1858
18.3165
18.4359
18.5497
18.658
18.7522
18.8243
18.8722
18.8969
18.8987
18.8779
18.8348
18.77
18.6839
18.5763
18.446
18.2886
18.0959
17.8449
17.5499
4.45581
3.03453
1.45122
-0.0941469
-1.43554
-2.62749
-3.56525
-4.17644
-4.52918
-4.54153
-4.16864
-5.06711
-6.26747
-7.19943
-7.99478
-8.78088
-9.55311
-10.273
-10.9264
-11.5133
-12.031
-12.4739
-12.8406
-13.135
-13.3627
-13.5358
-13.672
-13.7635
-13.834
-13.8852
-13.8396
-13.7784
-13.7002
-13.5855
-13.4306
-13.2397
-13.0223
-12.7974
-12.6833
5.79708
7.03976
8.34099
9.51746
10.428
10.8219
11.0279
10.2345
9.78333
11.8309
13.5286
14.4626
15.1124
15.6544
16.0568
16.3344
16.5407
16.7168
16.879
17.031
17.1736
17.3092
17.4407
17.566
17.6766
17.7669
17.8378
17.8908
17.926
17.9436
17.943
17.9235
17.8838
17.8218
17.7348
17.6193
17.475
17.3047
17.1736
4.34112
2.97805
1.46285
-0.00526155
-1.26345
-2.35743
-3.18116
-3.66152
-3.89105
-3.66775
-3.17397
-3.88148
-4.91049
-5.73182
-6.44854
-7.16145
-7.86056
-8.51024
-9.09657
-9.61666
-10.0632
-10.4215
-10.6788
-10.8341
-10.9232
-10.9866
-11.0318
-11.0419
-11.0293
-10.9958
-10.8881
-10.7866
-10.6869
-10.5713
-10.4329
-10.2634
-10.0265
-9.64516
-9.00027
5.62587
6.81262
8.04345
9.13902
9.93024
10.1955
10.2537
8.99958
8.26104
10.314
12.0595
13.0457
13.7962
14.4977
15.0776
15.4949
15.7726
15.9537
16.0797
16.1817
16.2787
16.3822
16.4981
16.6215
16.732
16.8136
16.8636
16.8845
16.8793
16.8507
16.8013
16.7345
16.6538
16.5617
16.4575
16.3332
16.163
15.8825
15.4201
4.24978
2.92442
1.45652
0.0482702
-1.14136
-2.15033
-2.86956
-3.23902
-3.34374
-2.8581
-2.25273
-2.77517
-3.60146
-4.27404
-4.8901
-5.53424
-6.19668
-6.84721
-7.47234
-8.0693
-8.63708
-9.17684
-9.68835
-10.1591
-10.5436
-10.8292
-11.0639
-11.2564
-11.4515
-11.6449
-11.7084
-11.7274
-11.7329
-11.7104
-11.6527
-11.574
-11.5253
-11.5979
-12.0387
5.49823
6.64627
7.82037
8.83609
9.49857
9.63562
9.43119
7.57468
6.63911
8.85065
10.6544
11.5608
12.1424
12.6739
13.1933
13.7043
14.1987
14.6477
15.0265
15.3287
15.5634
15.7468
15.9026
16.0669
16.2686
16.4896
16.7
16.89
17.0569
17.1991
17.3131
17.3938
17.4371
17.4406
17.4074
17.3506
17.3139
17.3947
17.798
4.18276
2.83808
1.35905
-0.0344018
-1.17758
-2.09445
-2.67002
-2.86798
-2.74002
-1.958
-1.34508
-1.7428
-2.37859
-2.87055
-3.29309
-3.70955
-4.12017
-4.50992
-4.86813
-5.18368
-5.43375
-5.58258
-5.60321
-5.50897
-5.41213
-5.37626
-5.36591
-5.32322
-5.23648
-5.17729
-5.0538
-4.94633
-4.8688
-4.79575
-4.71393
-4.60773
-4.39428
-3.92266
-2.86109
5.44629
6.59601
7.74134
8.66749
9.14535
9.0093
8.18328
5.6295
4.70902
7.39696
9.7331
11.156
11.9858
12.3665
12.364
12.132
11.8325
11.5951
11.4716
11.4639
11.5526
11.718
11.9256
12.0958
12.1462
12.1159
12.0721
12.0241
11.9696
11.9077
11.8453
11.7915
11.7525
11.73
11.715
11.6735
11.507
11.0152
9.87418
4.12389
2.71521
1.17513
-0.250051
-1.37571
-2.2044
-2.61153
-2.57246
-2.09681
-1.01772
-0.419641
-0.691789
-1.1998
-1.70855
-2.24697
-2.82739
-3.45125
-4.1188
-4.83615
-5.61664
-6.47997
-7.43556
-8.44051
-9.38598
-10.0794
-10.5184
-10.9483
-11.2941
-11.844
-12.6346
-12.446
-12.5082
-12.7582
-12.9453
-13.0415
-13.131
-13.3508
-13.8974
-15.1492
5.4398
6.62167
7.76741
8.61789
8.90181
8.39762
6.74402
3.58307
2.17854
4.67505
7.37684
9.97768
12.4574
14.7766
16.7178
18.1758
19.1954
19.8171
20.1364
20.2585
20.2736
20.2536
20.3025
20.5901
21.1846
21.8404
22.366
22.7846
23.1388
23.4372
23.6672
23.8226
23.9075
23.9343
23.9323
23.9611
24.1723
24.7947
26.2195
68.062
71.0431
74.8452
79.0142
83.3461
87.3167
90.8919
94.204
97.3086
100.159
102.515
104.003
104.088
102.133
97.5314
89.9794
79.6609
67.3461
54.1773
41.189
29.0382
18.0158
8.15849
-0.614722
-8.41675
-15.3613
-21.5501
-27.0788
-32.0245
-36.4534
-40.4141
-43.9471
-47.0842
-49.853
-52.2724
-54.3584
-56.1185
-57.5624
-58.6953
-59.5263
-60.0617
-60.3143
-60.2947
-60.0187
-59.5009
-58.7616
-57.8173
-56.6904
-55.3988
-53.9659
-52.4095
-50.752
-49.0101
-47.2033
-45.347
-43.4573
-41.5478
-39.6311
-37.7181
-35.8186
-33.9405
-32.0909
-30.2754
-28.498
-26.7635
-25.0711
-23.4307
-22.0399
-20.8102
-19.5726
-18.2621
-17.035
-15.5457
-14.5812
-12.4913
-12.6535
-8.50668
-12.3754
-2.18575
-16.0455
72.7229
73.797
71.613
69.7998
67.9857
66.5337
64.859
63.4306
61.9171
60.526
59.1422
57.8246
56.5454
55.3183
54.1357
53.0015
51.9127
50.8721
49.877
48.9288
48.0256
47.1703
46.3608
45.5994
44.8841
44.2185
43.6001
43.0314
42.51
42.0381
41.6121
41.2329
40.8957
40.5999
40.3394
40.1117
39.9092
39.7282
39.5598
39.3992
39.2369
39.0679
38.8826
38.6763
38.4404
38.1712
37.8614
37.5091
37.1088
36.6604
36.1606
35.6109
35.0108
34.3628
33.6687
32.932
32.156
31.3451
30.5036
29.6363
28.748
27.8435
26.9277
26.0049
25.0806
24.1579
23.2445
22.4656
21.7885
21.0891
20.3696
19.6346
18.8826
18.1779
17.296
17.0767
15.0214
18.0911
9.09588
26.8198
112.691
115
115.737
116.04
116.929
118.074
118.993
119.509
119.55
119.057
117.997
116.296
113.893
110.721
106.775
102.049
96.5516
90.2367
83.169
75.5147
67.4558
59.1355
50.6849
42.2201
33.8615
25.7144
17.8759
10.4149
3.38288
-3.19439
-9.30092
-14.9283
-20.0756
-24.7481
-28.9567
-32.7158
-36.0408
-38.9473
-41.4518
-43.5694
-45.3175
-46.7117
-47.7711
-48.5116
-48.9543
-49.1178
-49.0239
-48.6918
-48.1452
-47.4037
-46.4913
-45.4266
-44.2322
-42.9261
-41.5283
-40.0553
-38.5241
-36.9491
-35.344
-33.7208
-32.0907
-30.4624
-28.8444
-27.2426
-25.6644
-24.1107
-22.5922
-21.2963
-20.1451
-18.9862
-17.7442
-16.5903
-15.1566
-14.2602
-12.2214
-12.4206
-8.38727
-12.1382
-2.35455
-15.7152
109.699
107.118
105.054
103.046
100.925
98.7263
96.4709
94.1812
91.8356
89.4698
87.0697
84.6575
82.236
79.816
77.4085
75.0206
72.6659
70.351
68.0886
65.8841
63.7499
61.6904
59.716
57.8287
56.0369
54.3414
52.7476
51.254
49.8636
48.573
47.3833
46.289
45.2888
44.3757
43.5469
42.7936
42.1115
41.4907
40.9256
40.4054
39.9237
39.4697
39.0366
38.6139
38.1952
37.7709
37.3359
36.8819
36.4052
35.8995
35.3628
34.7913
34.1849
33.5417
32.8629
32.1492
31.4026
30.6257
29.8215
28.9934
28.1456
27.2819
26.4065
25.5234
24.6374
23.7515
22.8736
22.1233
21.4698
20.7941
20.0975
19.3861
18.6558
17.9769
17.1124
16.9192
14.9004
17.8797
9.24766
26.1816
121.169
123.462
125.447
127.037
128.314
129.344
129.961
130.045
129.612
128.677
127.163
124.971
121.961
118.048
113.205
107.52
101.171
94.3458
87.2042
79.9718
72.8
65.7629
58.8534
52.0545
45.3407
38.7107
32.1717
25.7507
19.4808
13.4034
7.5536
1.96969
-3.31992
-8.28813
-12.916
-17.1893
-21.0999
-24.6436
-27.8205
-30.634
-33.0903
-35.1992
-36.9708
-38.4179
-39.5543
-40.3966
-40.9603
-41.2647
-41.3267
-41.1682
-40.806
-40.2621
-39.554
-38.7031
-37.7263
-36.6431
-35.4696
-34.2223
-32.9156
-31.5636
-30.1782
-28.7708
-27.3514
-25.9277
-24.5087
-23.0974
-21.705
-20.5079
-19.4387
-18.3609
-17.1935
-16.1116
-14.7488
-13.9019
-11.9597
-12.128
-8.32523
-11.7938
-2.6225
-15.1869
118.773
116.447
114.127
111.706
109.251
106.761
104.257
101.725
99.1804
96.6249
94.0609
91.4991
88.9388
86.391
83.8565
81.3453
78.8595
76.4091
73.9963
71.6309
69.3159
67.0609
64.8689
62.7485
60.7029
58.7399
56.8615
55.0742
53.3786
51.7794
50.2758
48.8701
47.5591
46.3434
45.2177
44.1802
43.2239
42.3453
41.5356
40.7899
40.0986
39.4556
38.8509
38.278
37.7269
37.1916
36.6625
36.1345
35.5993
35.0528
34.489
33.9051
33.2969
32.6634
32.0023
31.3141
30.5985
29.8572
29.0918
28.3048
27.4991
26.6779
25.8448
25.0034
24.158
23.3111
22.4708
21.7513
21.124
20.4744
19.8033
19.1177
18.4123
17.7582
16.9223
16.7288
14.813
17.5756
9.49875
25.4414
101.566
102.484
103.344
104.106
104.68
105.071
105.328
105.39
105.196
104.744
104.024
102.985
101.556
99.6344
97.1284
93.9617
90.1451
85.7287
80.7823
75.4267
69.8407
64.157
58.46
52.787
47.1682
41.6174
36.1539
30.786
25.531
20.3966
15.3977
10.547
5.86322
1.36273
-2.93341
-7.00815
-10.8425
-14.4216
-17.7315
-20.7618
-23.5054
-25.9585
-28.1199
-29.9909
-31.5766
-32.8834
-33.9212
-34.7003
-35.2355
-35.5386
-35.6273
-35.5156
-35.2225
-34.7636
-34.1578
-33.4209
-32.5705
-31.6219
-30.5906
-29.4903
-28.3351
-27.1365
-25.9061
-24.6528
-23.387
-22.1135
-20.8434
-19.7425
-18.7513
-17.7495
-16.6529
-15.64
-14.3439
-13.5493
-11.6878
-11.8559
-8.21443
-11.5284
-2.733
-14.8417
100.439
99.1246
97.7781
96.3705
94.9248
93.4293
91.8913
90.3048
88.6795
87.0111
85.3064
83.5659
81.795
79.9963
78.1752
76.3351
74.4828
72.6219
70.76
68.9007
67.0522
65.2184
63.4075
61.6233
59.8738
58.1627
56.4974
54.8811
53.3205
51.8179
50.3792
49.0053
47.7005
46.4645
45.2999
44.2043
43.1787
42.2187
41.3233
40.4866
39.7058
38.9736
38.286
37.6346
37.0147
36.4177
35.8387
35.2693
34.7049
34.1383
33.5658
32.9812
32.3822
31.7644
31.1267
30.4668
29.7849
29.0805
28.355
27.6094
26.8461
26.0676
25.2767
24.4767
23.6714
22.8632
22.06
21.3707
20.7686
20.1443
19.4982
18.8378
18.1566
17.5265
16.7165
16.5306
14.6864
17.3303
9.5728
24.9535
80.4435
80.6949
80.9096
81.1413
81.3275
81.4234
81.4285
81.367
81.1972
80.8691
80.3721
79.6993
78.8211
77.6987
76.2754
74.5025
72.3384
69.8091
66.9298
63.7094
60.206
56.4979
52.6351
48.653
44.5705
40.4127
36.2005
31.9624
27.7216
23.5042
19.3283
15.2168
11.1856
7.25487
3.44024
-0.239482
-3.76871
-7.12963
-10.3073
-13.2859
-16.0534
-18.598
-20.9113
-22.9862
-24.8192
-26.4093
-27.7573
-28.869
-29.7478
-30.4042
-30.8461
-31.087
-31.1382
-31.0153
-30.7313
-30.3026
-29.743
-29.0682
-28.292
-27.4292
-26.4925
-25.4947
-24.4476
-23.3611
-22.2463
-21.1092
-19.9619
-18.957
-18.0439
-17.1184
-16.0933
-15.1503
-13.9202
-13.1834
-11.3932
-11.5844
-8.06201
-11.2967
-2.75542
-14.5848
79.959
79.2995
78.6382
77.9361
77.2067
76.4434
75.6485
74.8194
73.9578
73.0608
72.1299
71.164
70.1639
69.1297
68.062
66.9623
65.8317
64.6725
63.4864
62.2769
61.0464
59.7993
58.5389
57.2705
55.9976
54.7264
53.4606
52.2066
50.9682
49.7517
48.5605
47.4006
46.2744
45.1871
44.14
43.1372
42.1786
41.2665
40.3995
39.5781
38.7993
38.062
37.3614
36.6954
36.0579
35.4458
34.8523
34.2738
33.7037
33.1382
32.5709
31.9989
31.4168
30.8224
30.212
29.5847
28.9383
28.273
27.5882
26.8852
26.1652
25.43
24.6822
23.9242
23.1598
22.391
21.6257
20.9669
20.3904
19.7918
19.1713
18.5366
17.8803
17.2742
16.4903
16.3162
14.5277
17.0994
9.55094
24.5485
64.9697
64.9814
64.9549
64.9459
64.9319
64.8846
64.7946
64.654
64.4677
64.2175
63.8736
63.4211
62.8484
62.1304
61.2364
60.1259
58.7637
57.1318
55.2513
53.1238
50.7632
48.2141
45.5244
42.7187
39.812
36.8074
33.7138
30.5383
27.2973
24.0043
20.6785
17.3365
13.9992
10.6839
7.41206
4.20061
1.06991
-1.96365
-4.88122
-7.66759
-10.3064
-12.7845
-15.0887
-17.2083
-19.1348
-20.8611
-22.3844
-23.7003
-24.8107
-25.7161
-26.4231
-26.9365
-27.2665
-27.4208
-27.4122
-27.2511
-26.9512
-26.5242
-25.9843
-25.3432
-24.6147
-23.8103
-22.9418
-22.0197
-21.0551
-20.0554
-19.0319
-18.1252
-17.2927
-16.4462
-15.496
-14.6257
-13.4656
-12.7888
-11.0747
-11.2892
-7.89243
-11.042
-2.76996
-14.2961
64.7706
64.453
64.138
63.7944
63.4327
63.049
62.6427
62.2136
61.7598
61.2813
60.7768
60.2463
59.6887
59.1039
58.4915
57.8518
57.1844
56.4897
55.7684
55.021
54.2487
53.4525
52.6345
51.796
50.9399
50.0682
49.1843
48.2907
47.3918
46.49
45.5904
44.6957
43.8106
42.9377
42.0818
41.2446
40.4301
39.6394
38.8753
38.1377
37.4282
36.7453
36.0892
35.4571
34.8481
34.2579
33.6851
33.1243
32.5733
32.0266
31.4815
30.9329
30.3785
29.8138
29.2376
28.6462
28.0393
27.415
26.7736
26.1146
25.4395
24.7493
24.0458
23.3316
22.6097
21.882
21.1561
20.5295
19.9801
19.4089
18.8156
18.2079
17.5783
16.9972
16.2424
16.0775
14.3528
16.8356
9.52124
24.0937
53.0431
52.9541
52.8248
52.7031
52.5779
52.4399
52.2834
52.1048
51.8947
51.657
51.3855
51.061
50.6674
50.1948
49.6232
48.9293
48.0817
47.054
45.8335
44.4213
42.8124
41.0246
39.0876
37.0339
34.8806
32.6391
30.3113
27.9035
25.4203
22.8717
20.2653
17.614
14.9275
12.221
9.50734
6.80349
4.12408
1.48697
-1.0923
-3.59596
-6.00917
-8.31556
-10.5016
-12.5535
-14.4599
-16.2121
-17.7993
-19.217
-20.4587
-21.524
-22.4112
-23.124
-23.6643
-24.039
-24.2538
-24.3185
-24.241
-24.033
-23.704
-23.2664
-22.7307
-22.1084
-21.4104
-20.647
-19.8292
-18.9646
-18.065
-17.2569
-16.506
-15.7398
-14.8667
-14.0706
-12.9837
-12.3674
-10.7355
-10.9693
-7.71022
-10.7603
-2.77975
-13.9695
52.991
52.8559
52.7271
52.5809
52.4268
52.2596
52.0801
51.8863
51.6776
51.4525
51.2106
50.9504
50.6711
50.3715
50.0513
49.7096
49.3457
48.959
48.5496
48.1171
47.6618
47.1838
46.6834
46.1616
45.6191
45.0571
44.4769
43.8805
43.2692
42.6456
42.0114
41.3696
40.7222
40.0726
39.4226
38.7758
38.1336
37.4996
36.8746
36.2614
35.6603
35.0733
34.4995
33.94
33.3927
32.8582
32.3332
31.8171
31.3058
30.7981
30.2896
29.7788
29.2616
28.7365
28.1999
27.6509
27.0867
26.5074
25.9112
25.2988
24.6703
24.0265
23.3692
22.7001
22.0222
21.3372
20.6523
20.0592
19.5382
18.9956
18.4308
17.8517
17.2505
16.6951
15.9725
15.8133
14.1626
16.5367
9.48638
23.5991
43.7097
43.5827
43.4211
43.2596
43.093
42.9145
42.726
42.5248
42.3091
42.0712
41.815
41.5422
41.2384
40.8863
40.4798
40.0041
39.4416
38.7681
37.9611
37.0123
35.9208
34.6798
33.3027
31.8075
30.2153
28.5374
26.7805
24.945
23.0355
21.0551
19.0118
16.9114
14.7632
12.5746
10.357
8.11979
5.87622
3.63756
1.41869
-0.767644
-2.90594
-4.98294
-6.98388
-8.89533
-10.7057
-12.4013
-13.9728
-15.4092
-16.7047
-17.8522
-18.8493
-19.6923
-20.3824
-20.9199
-21.3094
-21.5543
-21.6622
-21.6391
-21.4948
-21.2368
-20.8754
-20.4199
-19.8808
-19.2672
-18.5896
-17.8561
-17.0768
-16.366
-15.6963
-15.0096
-14.214
-13.4922
-12.4805
-11.9243
-10.3776
-10.63
-7.51116
-10.4632
-2.76773
-13.6329
43.7255
43.6826
43.6467
43.6014
43.553
43.4986
43.438
43.3708
43.2958
43.2129
43.1206
43.0187
42.9058
42.7814
42.6442
42.4937
42.3286
42.1483
41.9518
41.7386
41.5077
41.2589
40.9914
40.7052
40.4002
40.0764
39.7341
39.3739
38.9964
38.6024
38.1933
37.77
37.3343
36.8875
36.4317
35.9682
35.4995
35.0266
34.552
34.0765
33.6024
33.13
32.661
32.1949
31.7336
31.275
30.8202
30.3664
29.9139
29.4595
29.0029
28.5405
28.0719
27.5933
27.1044
26.602
26.0859
25.554
25.0064
24.4422
23.8621
23.2662
22.6562
22.0335
21.4007
20.7595
20.1168
19.5582
19.0664
18.5533
18.0182
17.4685
16.897
16.3677
15.6798
15.5237
13.953
16.2117
9.4269
23.0987
36.3926
36.2628
36.1035
35.9425
35.7746
35.5959
35.407
35.2094
35.001
34.781
34.5457
34.2969
34.0376
33.7592
33.4458
33.0922
32.6874
32.2175
31.663
31.0071
30.2434
29.3681
28.3747
27.2738
26.0796
24.808
23.4665
22.0588
20.5838
19.0436
17.4396
15.7775
14.0611
12.2974
10.492
8.65381
6.79018
4.91181
3.02771
1.15024
-0.710143
-2.5406
-4.32923
-6.06442
-7.73215
-9.32171
-10.8202
-12.2189
-13.5071
-14.6784
-15.725
-16.6428
-17.4276
-18.079
-18.5956
-18.9802
-19.2348
-19.3654
-19.3758
-19.2737
-19.0658
-18.7608
-18.3668
-17.8924
-17.3468
-16.7376
-16.0747
-15.4586
-14.8681
-14.2598
-13.5414
-12.893
-11.9573
-11.4611
-10.0012
-10.273
-7.29302
-10.1542
-2.73004
-13.2948
36.4371
36.4397
36.4504
36.4562
36.4628
36.4672
36.4704
36.471
36.4694
36.4643
36.4557
36.4425
36.4247
36.4008
36.371
36.3336
36.2886
36.2346
36.1713
36.0973
36.0123
35.9151
35.8052
35.6816
35.544
35.3915
35.2238
35.0405
34.8415
34.6266
34.396
34.15
33.8891
33.614
33.3252
33.0241
32.7113
32.3883
32.0557
31.7152
31.3674
31.014
30.6548
30.2922
29.9248
29.5546
29.1795
28.801
28.4169
28.028
27.6316
27.2278
26.814
26.39
25.9531
25.5031
25.0378
24.5572
24.0599
23.5463
23.0157
22.4691
21.9073
21.3321
20.7456
20.1491
19.5495
19.0263
18.5643
18.0815
17.5769
17.0574
16.5166
16.0139
15.3623
15.2079
13.7207
15.863
9.33816
22.5961
30.6475
30.5257
30.3797
30.2297
30.0739
29.9077
29.7326
29.5485
29.3557
29.1527
28.9403
28.7175
28.4843
28.2413
27.9859
27.7064
27.3971
27.0487
26.6508
26.1874
25.6459
25.0188
24.2994
23.483
22.5792
21.5995
20.5565
19.4558
18.3001
17.0873
15.8186
14.4947
13.1193
11.6949
10.2267
8.71862
7.17759
5.60914
4.02203
2.42358
0.823631
-0.76873
-2.34384
-3.88952
-5.39589
-6.85078
-8.24468
-9.56624
-10.807
-11.9568
-13.0087
-13.9548
-14.7911
-15.512
-16.1162
-16.6015
-16.9697
-17.221
-17.3592
-17.3879
-17.3133
-17.1407
-16.8774
-16.53
-16.1068
-15.6149
-15.0625
-14.5374
-14.0241
-13.4922
-12.85
-12.2742
-11.4149
-10.9781
-9.60613
-9.89773
-7.05586
-9.83116
-2.67075
-12.9509
30.7038
30.731
30.7656
30.799
30.8344
30.8707
30.9077
30.9453
30.9829
31.0206
31.0575
31.0938
31.1283
31.1613
31.1916
31.2193
31.243
31.2628
31.2774
31.2866
31.2892
31.285
31.2727
31.2519
31.2215
31.1812
31.1299
31.0671
30.9922
30.9046
30.8037
30.6895
30.5615
30.4197
30.264
30.0946
29.9119
29.716
29.5077
29.287
29.0553
28.8121
28.5596
28.2963
28.0243
27.7421
27.4514
27.1507
26.8415
26.5216
26.1921
25.8507
25.4979
25.1314
24.7516
24.3561
23.9454
23.5176
23.0732
22.6107
22.1313
21.6346
21.1223
20.5954
20.0559
19.5051
18.9494
18.4622
18.0308
17.5789
17.1055
16.617
16.1078
15.6321
15.0186
14.8648
13.4643
15.4887
9.22385
22.0824
26.107
25.9991
25.8697
25.735
25.5939
25.4442
25.2854
25.1187
24.9428
24.7581
24.5639
24.3615
24.1504
23.93
23.7013
23.4668
23.2161
22.941
22.6355
22.2918
21.8968
21.4401
20.9133
20.3096
19.6261
18.8704
18.0515
17.1797
16.2596
15.2928
14.2774
13.2139
12.1026
10.9463
9.7467
8.50782
7.23254
5.92613
4.59313
3.24007
1.8733
0.499728
-0.87128
-2.23175
-3.57166
-4.88267
-6.15428
-7.37811
-8.54357
-9.64266
-10.6661
-11.6072
-12.4582
-13.2145
-13.8705
-14.4248
-14.8735
-15.2173
-15.456
-15.5926
-15.6296
-15.5717
-15.4232
-15.19
-14.8785
-14.495
-14.0467
-13.608
-13.1687
-12.7105
-12.143
-11.638
-10.8548
-10.4764
-9.19312
-9.50444
-6.80051
-9.49306
-2.59268
-12.5973
26.1655
26.2027
26.2471
26.2917
26.3396
26.3894
26.4417
26.4958
26.552
26.6097
26.6691
26.7295
26.791
26.853
26.9154
26.9775
27.0391
27.0995
27.1585
27.2152
27.2693
27.3198
27.3664
27.4082
27.4446
27.4747
27.498
27.5135
27.5208
27.5188
27.5071
27.485
27.4519
27.4073
27.3506
27.2816
27.1999
27.1053
26.9977
26.8773
26.7435
26.5976
26.4378
26.266
26.0804
25.8829
25.672
25.4492
25.2129
24.9641
24.7012
24.4251
24.1339
23.8282
23.506
23.168
22.8124
22.4395
22.0479
21.6383
21.21
20.7645
20.3018
19.8239
19.3319
18.8273
18.3161
17.8656
17.4653
17.0449
16.6032
16.1464
15.6695
15.2212
14.6471
14.4932
13.1822
15.0872
9.08616
21.5521
22.4864
22.3898
22.275
22.1544
22.0275
21.8927
21.7497
21.5991
21.4402
21.273
21.0968
20.9124
20.7199
20.5203
20.3132
20.1003
19.8813
19.6517
19.4029
19.1311
18.8282
18.4846
18.0906
17.639
17.122
16.5402
15.8974
15.2021
14.4615
13.6808
12.8598
11.9981
11.0942
10.1494
9.16482
8.14306
7.08572
5.99643
4.8779
3.73503
2.57172
1.39455
0.209042
-0.977363
-2.15824
-3.32503
-4.47043
-5.58512
-6.66137
-7.69001
-8.66374
-9.57375
-10.4137
-11.1762
-11.8572
-12.4504
-12.9531
-13.3623
-13.6778
-13.899
-14.0278
-14.0656
-14.0162
-13.8831
-13.6717
-13.3871
-13.0347
-12.677
-12.308
-11.92
-11.4245
-10.9879
-10.2799
-9.95826
-8.76369
-9.09412
-6.52778
-9.14016
-2.49678
-12.234
22.5434
22.5845
22.6315
22.6794
22.7307
22.7842
22.8407
22.8995
22.9612
23.0252
23.0919
23.1607
23.232
23.3051
23.3803
23.457
23.5352
23.6143
23.6943
23.7744
23.8547
23.9342
24.0128
24.0897
24.1645
24.2363
24.3047
24.3687
24.4279
24.4814
24.5285
24.5683
24.6003
24.6235
24.6373
24.6411
24.6341
24.616
24.5861
24.5441
24.4898
24.422
24.3411
24.246
24.1376
24.0144
23.8776
23.7255
23.5592
23.3771
23.1801
22.9666
22.7374
22.4906
22.2275
21.9457
21.6462
21.3272
20.9894
20.6318
20.2557
19.8607
19.4483
19.019
18.5748
18.1165
17.6501
17.2366
16.8676
16.4791
16.0698
15.6448
15.2009
14.7802
14.2466
14.0924
12.8734
14.6581
8.92525
21.0031
19.4613
19.3767
19.2775
19.1724
19.0618
18.9439
18.8189
18.6868
18.5478
18.4008
18.2462
18.0833
17.9128
17.7344
17.5495
17.3584
17.1615
16.9591
16.7496
16.5259
16.2833
16.0155
15.7141
15.3711
14.9806
14.5352
14.0349
13.4822
12.8845
12.2482
11.578
10.8735
10.134
9.35787
8.54644
7.70024
6.82147
5.91126
4.97256
4.00752
3.02011
2.01358
0.99307
-0.0369816
-1.0701
-2.10069
-3.12134
-4.12565
-5.1056
-6.05431
-6.96349
-7.82637
-8.63507
-9.38416
-10.0659
-10.6756
-11.2082
-11.6609
-12.0305
-12.316
-12.5165
-12.6328
-12.6661
-12.6194
-12.4956
-12.2993
-12.0342
-11.7513
-11.4477
-11.1257
-10.699
-10.3277
-9.69285
-9.42582
-8.31926
-8.66804
-6.23858
-8.77297
-2.38499
-11.8612
19.5144
19.5559
19.6026
19.6512
19.703
19.7578
19.8155
19.8764
19.9402
20.0071
20.077
20.15
20.2257
20.3045
20.3859
20.47
20.5564
20.6452
20.736
20.8287
20.9228
21.0182
21.1142
21.2108
21.3072
21.4032
21.498
21.5912
21.682
21.7699
21.8541
21.9339
22.0085
22.0773
22.1394
22.1941
22.2405
22.2778
22.3054
22.3224
22.3283
22.3223
22.3042
22.2734
22.2287
22.1703
22.0967
22.0085
21.904
21.7841
21.647
21.4934
21.3217
21.1331
20.9254
20.6993
20.4533
20.1879
19.9021
19.5968
19.2713
18.927
18.5635
18.1829
17.7857
17.3737
16.952
16.5753
16.2379
15.8816
15.5046
15.112
14.7012
14.3086
13.8159
13.6616
12.5364
14.2006
8.74122
20.4322
16.9718
16.8989
16.8134
16.7225
16.6263
16.5236
16.4142
16.2986
16.1764
16.0476
15.9115
15.7683
15.6174
15.4592
15.2936
15.1217
14.944
14.7611
14.5732
14.3806
14.1774
13.9585
13.7191
13.4525
13.1515
12.81
12.4218
11.9861
11.5051
10.9854
10.4328
9.85134
9.24066
8.59978
7.92737
7.22422
6.49074
5.72874
4.93906
4.12406
3.28538
2.42633
1.54958
0.659496
-0.240178
-1.1441
-2.04742
-2.94372
-3.8273
-4.69113
-5.52904
-6.33365
-7.09926
-7.81795
-8.48415
-9.09161
-9.63589
-10.1121
-10.5172
-10.8477
-11.1024
-11.28
-11.3811
-11.4064
-11.3579
-11.239
-11.052
-10.8368
-10.5936
-10.3327
-9.97062
-9.6607
-9.09658
-8.88142
-7.86157
-8.22717
-5.9339
-8.39144
-2.2593
-11.4771
17.0197
17.0587
17.1023
17.1477
17.1966
17.2481
17.303
17.3607
17.4219
17.4862
17.5539
17.6248
17.6992
17.7767
17.8577
17.9417
18.0291
18.1193
18.2127
18.3087
18.4074
18.5083
18.6116
18.7164
18.8229
18.9304
19.0386
19.1469
19.2551
19.3623
19.4681
19.5717
19.6727
19.77
19.8632
19.9513
20.0336
20.1092
20.1773
20.2371
20.2877
20.3284
20.3582
20.3766
20.3827
20.376
20.3556
20.3205
20.2703
20.2037
20.121
20.0205
19.903
19.7665
19.6116
19.4368
19.2425
19.0276
18.7929
18.5373
18.2619
17.9659
17.651
17.3172
16.9667
16.5999
16.2223
15.8824
15.5764
15.2518
14.9075
14.5472
14.1697
13.8053
13.3539
13.1999
12.17
13.7135
8.53505
19.8337
14.8731
14.8105
14.7372
14.6586
14.5757
14.487
14.3924
14.2918
14.1857
14.0734
13.9551
13.8301
13.6987
13.5601
13.4147
13.2621
13.1034
12.9389
12.7703
12.5972
12.4195
12.2342
12.037
11.8224
11.5851
11.3184
11.0168
10.6752
10.2923
9.86989
9.4138
8.92947
8.42061
7.8868
7.32717
6.74025
6.12662
5.48651
4.82134
4.13173
3.41961
2.6863
1.93456
1.16667
0.386294
-0.403341
-1.19762
-1.99235
-2.78206
-3.56169
-4.325
-5.06666
-5.7796
-6.45822
-7.09614
-7.68821
-8.22865
-8.71311
-9.13677
-9.49646
-9.78903
-10.013
-10.1668
-10.2507
-10.2653
-10.2128
-10.0941
-9.93954
-9.75069
-9.54559
-9.24363
-8.99076
-8.49407
-8.32745
-7.39264
-7.77257
-5.61575
-7.99476
-2.12325
-11.0783
14.9158
14.9521
14.9923
15.0346
15.0799
15.1281
15.1792
15.2335
15.2909
15.3515
15.4154
15.4828
15.5534
15.6275
15.705
15.786
15.8704
15.9583
16.0494
16.1439
16.2414
16.3421
16.4456
16.5518
16.6605
16.7714
16.884
16.9983
17.1137
17.2298
17.3461
17.4621
17.5771
17.6906
17.8019
17.9102
18.0149
18.1151
18.2099
18.2987
18.3804
18.4542
18.5193
18.5745
18.6193
18.6525
18.6735
18.6812
18.675
18.6539
18.6168
18.5636
18.4924
18.4036
18.2956
18.1686
18.0215
17.8548
17.6673
17.4596
17.2309
16.9821
16.713
16.4252
16.1193
15.7968
15.4619
15.1581
14.8829
14.5903
14.278
13.9501
13.6058
13.2699
12.8595
12.7068
11.7734
13.1951
8.30904
19.1987
13.1353
13.0809
13.017
12.9483
12.8756
12.798
12.715
12.6268
12.5331
12.4341
12.3295
12.2192
12.1029
11.9806
11.8517
11.7162
11.5738
11.4254
11.2715
11.1136
10.9518
10.7862
10.6145
10.4333
10.2369
10.0211
9.78114
9.51234
9.20983
8.87195
8.49991
8.09887
7.67352
7.22707
6.7589
6.26793
5.75281
5.21413
4.65217
4.06812
3.46241
2.83661
2.1918
1.53041
0.854333
0.16673
-0.529551
-1.23048
-1.93234
-2.63035
-3.32006
-3.9958
-4.65257
-5.28448
-5.88645
-6.45269
-6.97828
-7.45783
-7.88709
-8.26165
-8.57851
-8.83456
-9.02799
-9.15786
-9.2237
-9.22667
-9.16664
-9.06475
-8.92448
-8.76921
-8.52231
-8.3215
-7.8885
-7.76624
-6.91496
-7.30477
-5.28688
-7.58125
-1.98068
-10.6584
13.1733
13.2061
13.2423
13.2803
13.3212
13.3645
13.4106
13.4594
13.5112
13.5658
13.6235
13.6843
13.7484
13.8156
13.8863
13.9602
14.0378
14.1187
14.2032
14.2911
14.3826
14.4774
14.5756
14.677
14.7816
14.889
14.9993
15.1119
15.2269
15.3437
15.462
15.5814
15.7013
15.8214
15.9409
16.0593
16.1759
16.2899
16.4006
16.5072
16.6088
16.7046
16.7936
16.875
16.9477
17.0108
17.0633
17.1043
17.1327
17.1477
17.1484
17.1335
17.1025
17.0542
16.988
16.9032
16.7995
16.6759
16.5325
16.3684
16.184
15.9787
15.7537
15.509
15.2462
14.9656
14.6724
14.4032
14.1584
13.8966
13.6163
13.3202
13.0087
12.7012
12.3317
12.1811
11.346
12.6415
8.06809
18.5156
11.6027
11.556
11.5012
11.4418
11.3791
11.3122
11.2409
11.1647
11.0838
10.9979
10.9072
10.8114
10.7104
10.6039
10.4918
10.3736
10.2492
10.1181
9.98113
9.83865
9.69213
9.5422
9.38935
9.23161
9.0658
8.8873
8.69243
8.47621
8.23424
7.96308
7.66268
7.33472
6.98315
6.61116
6.22075
5.81067
5.37957
4.92627
4.45162
3.95613
3.4409
2.90621
2.35344
1.7836
1.19879
0.600716
-0.00777744
-0.624192
-1.24492
-1.8667
-2.48523
-3.09646
-3.69556
-4.27792
-4.8384
-5.37222
-5.87406
-6.33927
-6.76299
-7.14131
-7.47016
-7.74632
-7.96736
-8.13157
-8.2375
-8.2855
-8.27423
-8.21761
-8.11946
-8.00807
-7.81061
-7.65628
-7.28346
-7.19943
-6.43209
-6.82294
-4.95293
-7.14432
-1.84035
-10.207
11.6359
11.6654
11.6978
11.7321
11.7689
11.8082
11.8499
11.8943
11.9413
11.9912
12.0439
12.0997
12.1584
12.2204
12.2854
12.3539
12.4255
12.5007
12.5791
12.6612
12.7465
12.8355
12.9277
13.0235
13.1225
13.2248
13.3301
13.4385
13.5496
13.6633
13.7792
13.897
14.0165
14.1371
14.2584
14.38
14.5011
14.6213
14.7397
14.8558
14.9687
15.0776
15.1817
15.28
15.3716
15.4556
15.5309
15.5964
15.6513
15.6942
15.7244
15.7407
15.7424
15.7282
15.6976
15.6495
15.5832
15.4983
15.3938
15.2697
15.1252
14.9608
14.7761
14.5722
14.3493
14.109
13.8549
13.6195
13.4035
13.172
12.9223
12.6573
12.3778
12.0989
11.7696
11.6212
10.8892
12.0453
7.82493
17.7624
10.3212
10.2825
10.2368
10.1869
10.1339
10.0779
10.0179
9.95395
9.88583
9.81372
9.73733
9.65673
9.57165
9.4823
9.38835
9.28953
9.18447
9.07146
8.94756
8.81035
8.65772
8.49
8.3089
8.11801
7.92077
7.72185
7.52754
7.34563
7.17901
7.0217
6.85788
6.66696
6.42954
6.13785
5.79965
5.43281
5.05146
4.65997
4.2545
3.8311
3.38836
2.9277
2.45032
1.95754
1.45004
0.929467
0.397347
-0.14391
-0.691908
-1.24374
-1.79622
-2.34564
-2.88832
-3.42003
-3.93653
-4.43325
-4.90565
-5.3491
-5.75918
-6.1317
-6.46266
-6.74869
-6.98681
-7.17469
-7.31029
-7.39328
-7.42158
-7.40219
-7.34024
-7.26596
-7.11295
-6.99794
-6.68311
-6.62773
-5.94923
-6.32388
-4.62154
-6.67732
-1.71545
-9.71254
10.3489
10.3735
10.4008
10.4297
10.4609
10.4942
10.5299
10.568
10.6086
10.6517
10.6975
10.746
10.7974
10.8517
10.9091
10.9695
11.0332
11.1
11.1702
11.2438
11.3208
11.4011
11.485
11.5724
11.6632
11.7574
11.855
11.9557
12.0597
12.1666
12.2764
12.3887
12.5033
12.62
12.7383
12.8577
12.9778
13.0983
13.2184
13.3375
13.455
13.57
13.6818
13.7897
13.8926
13.9897
14.08
14.1626
14.2362
14.2999
14.3525
14.3932
14.4206
14.434
14.4323
14.4146
14.38
14.328
14.2576
14.1683
14.06
13.9317
13.7841
13.6172
13.4318
13.2285
13.0115
12.8075
12.6194
12.4161
12.196
11.9608
11.7124
11.4614
11.1722
11.0238
10.4059
11.3954
7.59634
16.9229
8.81291
8.78165
8.74423
8.70268
8.65839
8.61155
8.56155
8.50804
8.45085
8.39012
8.32562
8.2572
8.18454
8.10758
8.02603
7.94003
7.84936
7.75439
7.65504
7.55162
7.44375
7.33156
7.215
7.09527
6.97324
6.84883
6.71948
6.5817
6.43363
6.27535
6.10353
5.91191
5.69559
5.45453
5.19107
4.90827
4.60801
4.292
3.96069
3.61434
3.2522
2.87434
2.48082
2.0726
1.65013
1.21471
0.767224
0.309413
-0.157142
-0.630171
-1.10743
-1.58598
-2.06299
-2.53497
-2.99846
-3.4495
-3.88424
-4.2985
-4.68818
-5.04916
-5.37756
-5.66972
-5.92232
-6.13247
-6.29743
-6.41619
-6.48593
-6.50586
-6.48393
-6.44836
-6.34748
-6.27038
-6.02945
-5.99119
-5.43475
-5.75976
-4.28865
-6.14234
-1.62366
-9.16097
8.8358
8.85635
8.87914
8.9034
8.92973
8.95791
8.98819
9.0206
9.05524
9.09217
9.13157
9.17335
9.21775
9.26481
9.31464
9.36719
9.42276
9.48127
9.5429
9.60761
9.67557
9.74682
9.82143
9.89933
9.98068
10.0654
10.1536
10.2451
10.3399
10.4381
10.5395
10.6438
10.7511
10.8611
10.9736
11.0881
11.2045
11.3225
11.4414
11.5608
11.6802
11.7988
11.9162
12.0316
12.1441
12.2531
12.3574
12.4563
12.5487
12.6335
12.7097
12.7763
12.8318
12.8755
12.9062
12.9229
12.9245
12.9105
12.8796
12.8315
12.7653
12.6808
12.5776
12.4559
12.316
12.1587
11.9866
11.8221
11.6681
11.5004
11.3168
11.1197
10.9105
10.6959
10.4591
10.3092
9.85029
10.6037
7.38981
15.9015
7.35267
7.3294
7.30111
7.26897
7.23447
7.19811
7.15939
7.11793
7.07348
7.02623
6.97606
6.92277
6.866
6.80558
6.74134
6.67371
6.60312
6.53079
6.45799
6.38643
6.3171
6.25057
6.1858
6.12102
6.05274
5.97687
5.88824
5.78119
5.65053
5.49526
5.31939
5.12996
4.93242
4.72994
4.52214
4.30541
4.0746
3.82778
3.56597
3.29161
3.00522
2.70648
2.39434
2.06903
1.73077
1.3804
1.01844
0.645918
0.263748
-0.126514
-0.523444
-0.925006
-1.32909
-1.73313
-2.13453
-2.5301
-2.91671
-3.2908
-3.64882
-3.98705
-4.30179
-4.58944
-4.84649
-5.06975
-5.25602
-5.4035
-5.50905
-5.56514
-5.57965
-5.58328
-5.52959
-5.498
-5.3177
-5.3232
-4.84982
-5.19733
-3.85671
-5.67115
-1.3937
-8.80176
7.36986
7.38558
7.40303
7.42176
7.44213
7.46403
7.48768
7.51309
7.54035
7.56956
7.60082
7.63411
7.66966
7.70751
7.74773
7.79036
7.83563
7.8835
7.93418
7.98762
8.04397
8.10334
8.1658
8.23128
8.3
8.37192
8.44719
8.52572
8.60757
8.69272
8.78121
8.87285
8.96778
9.06584
9.16684
9.2706
9.37703
9.48584
9.59673
9.70936
9.82333
9.9382
10.0535
10.1687
10.2831
10.3961
10.5069
10.6146
10.7184
10.8174
10.9104
10.9965
11.0745
11.1434
11.202
11.2494
11.2843
11.3059
11.3131
11.3053
11.2815
11.2414
11.1843
11.1101
11.0188
10.9109
10.7891
10.6675
10.5517
10.4236
10.2821
10.1284
9.96491
9.79518
9.61464
9.48854
9.15349
9.81471
6.91584
15.2315
6.17421
6.15742
6.13652
6.11212
6.08572
6.05807
6.02877
5.99738
5.96355
5.92736
5.88883
5.84793
5.80431
5.75776
5.70801
5.65529
5.59953
5.54088
5.47925
5.41464
5.34673
5.27531
5.19984
5.11994
5.03483
4.94457
4.8495
4.751
4.65008
4.54607
4.43697
4.32147
4.19867
4.06619
3.91954
3.75585
3.57485
3.37852
3.16912
2.94893
2.71891
2.47927
2.22901
1.96778
1.69528
1.41202
1.11836
0.815004
0.502488
0.181784
-0.146176
-0.479973
-0.818173
-1.1589
-1.50025
-1.8398
-2.17511
-2.50334
-2.82159
-3.12668
-3.41539
-3.68443
-3.9305
-4.15047
-4.34112
-4.50039
-4.62481
-4.70314
-4.74178
-4.77287
-4.75385
-4.75744
-4.62515
-4.66867
-4.26298
-4.63872
-3.40327
-5.21084
-1.12294
-8.46272
6.18649
6.19779
6.21047
6.22425
6.2394
6.2559
6.27386
6.29325
6.31429
6.33693
6.36127
6.38735
6.41536
6.44529
6.47723
6.51127
6.54754
6.58604
6.62699
6.67029
6.71609
6.76452
6.81567
6.86953
6.9263
6.98588
7.04848
7.11411
7.18279
7.25454
7.32946
7.40744
7.48861
7.57289
7.66017
7.7504
7.84352
7.9393
8.03761
8.13824
8.24091
8.34532
8.4511
8.5578
8.66508
8.7724
8.87905
8.98446
9.08791
9.1887
9.28576
9.37836
9.46541
9.54591
9.61883
9.68315
9.73766
9.78158
9.8137
9.83333
9.83963
9.83188
9.80943
9.77198
9.71914
9.65167
9.57087
9.48602
9.40248
9.30934
9.20466
9.09051
8.96816
8.84114
8.71202
8.61476
8.3908
9.00135
6.36429
14.574
5.10947
5.09789
5.08267
5.06401
5.04354
5.02217
4.99971
4.97559
4.94938
4.92104
4.89064
4.85828
4.82381
4.78702
4.74764
4.70582
4.66146
4.61458
4.56501
4.51266
4.45736
4.39917
4.33798
4.27381
4.20628
4.13517
4.05989
3.98044
3.89755
3.81241
3.72531
3.63509
3.53981
3.43861
3.32991
3.21059
3.07724
2.92913
2.7673
2.59379
2.41033
2.21844
2.01838
1.80989
1.59212
1.36493
1.12838
0.883076
0.62942
0.368062
0.0996111
-0.174984
-0.454732
-0.738241
-1.02417
-1.31063
-1.59583
-1.87753
-2.15345
-2.42094
-2.67734
-2.91981
-3.14546
-3.35146
-3.53477
-3.69339
-3.82382
-3.91289
-3.96574
-4.01384
-4.01921
-4.0475
-3.95367
-4.02514
-3.68027
-4.07375
-2.94336
-4.72852
-0.845369
-8.05831
5.11778
5.12543
5.13433
5.14416
5.15521
5.16744
5.18093
5.19565
5.21177
5.2293
5.24829
5.26879
5.29095
5.31475
5.34029
5.36767
5.39695
5.42817
5.46148
5.49686
5.53446
5.57431
5.61655
5.6612
5.70838
5.75806
5.81039
5.86542
5.92319
5.98372
6.04712
6.11332
6.18244
6.25442
6.32923
6.40688
6.48731
6.57039
6.65606
6.74417
6.83456
6.92701
7.02123
7.11698
7.21395
7.31175
7.40989
7.5079
7.60519
7.70122
7.79518
7.88641
7.97404
8.05716
8.1349
8.20632
8.27032
8.32618
8.3728
8.40944
8.43528
8.4496
8.45172
8.44124
8.41766
8.38125
8.3334
8.278
8.2218
8.15784
8.08525
8.00508
7.91942
7.83103
7.74874
7.68101
7.56027
8.12351
5.76661
13.752
4.16191
4.15462
4.14428
4.13073
4.11539
4.09933
4.08258
4.06469
4.04514
4.02373
4.00049
3.9756
3.94902
3.92073
3.89054
3.85847
3.8243
3.78793
3.74922
3.70811
3.66446
3.61836
3.5698
3.51892
3.46567
3.41008
3.35165
3.28984
3.22404
3.1544
3.08162
3.0069
2.92998
2.84982
2.76542
2.67621
2.57994
2.47339
2.35431
2.22298
2.08084
1.92996
1.77192
1.60768
1.43679
1.25862
1.07249
0.878503
0.676929
0.468319
0.25303
0.0317319
-0.194949
-0.425988
-0.660419
-0.896861
-1.13393
-1.36991
-1.603
-1.83112
-2.05206
-2.26348
-2.46294
-2.64797
-2.81591
-2.96493
-3.09168
-3.18267
-3.24163
-3.29844
-3.31918
-3.36352
-3.29875
-3.38971
-3.09677
-3.50002
-2.46818
-4.2201
-0.54689
-7.59029
4.16671
4.17109
4.17645
4.18258
4.18967
4.1977
4.20677
4.21686
4.22808
4.24048
4.25412
4.26902
4.28526
4.30288
4.32198
4.34261
4.36482
4.38866
4.41425
4.44164
4.47095
4.50216
4.53541
4.57075
4.60828
4.64803
4.69007
4.7345
4.78137
4.83073
4.88263
4.93709
4.99421
5.05397
5.11634
5.18136
5.24905
5.3193
5.39208
5.46729
5.5448
5.62451
5.70621
5.7897
5.8747
5.96098
6.04821
6.13599
6.22384
6.31139
6.39801
6.48316
6.56617
6.64624
6.72265
6.79461
6.86116
6.92161
6.97502
7.0207
7.05787
7.08591
7.1041
7.11207
7.10928
7.09606
7.07302
7.04132
7.0068
6.96709
6.92061
6.86936
6.81445
6.76031
6.71772
6.6777
6.64664
7.16315
5.08144
12.7814
3.31877
3.31495
3.3087
3.29962
3.28874
3.27709
3.26497
3.25212
3.23801
3.22235
3.20513
3.18658
3.16677
3.1457
3.12324
3.09933
3.0737
3.04617
3.01662
2.98512
2.9516
2.91612
2.8786
2.83906
2.7975
2.75412
2.70884
2.66146
2.6114
2.55806
2.50093
2.44048
2.37753
2.31291
2.24615
2.17647
2.1034
2.02587
1.94091
1.84585
1.73989
1.62428
1.5009
1.37181
1.23801
1.09957
0.955708
0.805879
0.649879
0.488048
0.320553
0.147837
-0.0298434
-0.21179
-0.397375
-0.58563
-0.775558
-0.965885
-1.15529
-1.34213
-1.52473
-1.70115
-1.86945
-2.0276
-2.17334
-2.30515
-2.42
-2.5053
-2.5633
-2.62127
-2.64934
-2.70144
-2.65693
-2.75931
-2.5088
-2.91485
-1.96996
-3.68122
-0.21128
-7.05119
3.32075
3.32243
3.32487
3.32797
3.33183
3.33647
3.34193
3.34822
3.35543
3.3636
3.37276
3.38295
3.39422
3.40662
3.42023
3.43506
3.45117
3.46859
3.48743
3.50773
3.52953
3.55289
3.5779
3.60458
3.63306
3.66334
3.69547
3.72957
3.76569
3.80388
3.84417
3.8866
3.9313
3.97823
4.02738
4.07886
4.13267
4.18876
4.24714
4.30778
4.37055
4.43546
4.50237
4.57109
4.6415
4.71339
4.78658
4.86074
4.93555
5.01072
5.08573
5.16018
5.2336
5.30527
5.37462
5.44104
5.50371
5.56199
5.61512
5.66254
5.70354
5.73757
5.76408
5.78268
5.7929
5.79508
5.7896
5.77495
5.75692
5.7352
5.70928
5.68042
5.65054
5.62396
5.61266
5.59501
5.63762
6.10658
4.27621
11.6601
2.42012
2.41834
2.41477
2.4089
2.40128
2.39271
2.38364
2.37413
2.36382
2.3525
2.34019
2.32705
2.31302
2.29796
2.2817
2.26425
2.24553
2.22551
2.20403
2.18108
2.15663
2.13078
2.10341
2.07449
2.04388
2.01172
1.97804
1.94306
1.90669
1.86878
1.82873
1.78603
1.74035
1.69233
1.64291
1.59251
1.54086
1.48826
1.43477
1.37896
1.31786
1.24921
1.17222
1.08778
0.997341
0.902074
0.801699
0.695356
0.582388
0.463089
0.338095
0.208192
0.0738256
-0.0644447
-0.206105
-0.350373
-0.496465
-0.643389
-0.790155
-0.93557
-1.07838
-1.21718
-1.35052
-1.47693
-1.5946
-1.70243
-1.79792
-1.87048
-1.92094
-1.97315
-2.00079
-2.05298
-2.02004
-2.12586
-1.90792
-2.30877
-1.44024
-3.09448
0.166352
-6.36515
2.4206
2.42093
2.42181
2.4232
2.42517
2.42777
2.43101
2.43492
2.43956
2.44497
2.45116
2.45822
2.46618
2.47509
2.48499
2.49592
2.50792
2.52106
2.53539
2.55094
2.56773
2.58586
2.60539
2.62631
2.64871
2.67263
2.69811
2.72522
2.754
2.7845
2.81673
2.85075
2.88661
2.9243
2.96383
3.00527
3.04861
3.0938
3.14084
3.18976
3.24043
3.29283
3.34685
3.40238
3.45935
3.51756
3.57689
3.63713
3.69806
3.75943
3.82092
3.88228
3.9431
4.00293
4.06134
4.11783
4.17181
4.22277
4.2701
4.31336
4.35197
4.38548
4.41361
4.43591
4.45206
4.46246
4.46721
4.46361
4.45666
4.44796
4.43654
4.4244
4.41193
4.40478
4.41269
4.40672
4.50032
4.91837
3.29502
10.282
1.79567
1.79589
1.79486
1.79221
1.7882
1.78334
1.7781
1.77257
1.76641
1.7595
1.75208
1.74436
1.73614
1.72704
1.71673
1.70531
1.69308
1.6803
1.6668
1.65232
1.63664
1.61977
1.60169
1.58243
1.56186
1.53989
1.51644
1.49172
1.46586
1.43912
1.4114
1.38232
1.35094
1.31653
1.27904
1.23939
1.19847
1.15598
1.11098
1.06202
1.00699
0.944619
0.875863
0.803048
0.727716
0.650969
0.573887
0.497072
0.419655
0.340111
0.257311
0.171139
0.0818404
-0.0102634
-0.104984
-0.202013
-0.300935
-0.401164
-0.502033
-0.602752
-0.702417
-0.800045
-0.894576
-0.984971
-1.06987
-1.14854
-1.21905
-1.27371
-1.31158
-1.35246
-1.37352
-1.41936
-1.39048
-1.49311
-1.29806
-1.68644
-0.883525
-2.45268
0.573269
-5.44113
1.79462
1.79336
1.79251
1.79197
1.7918
1.79201
1.7926
1.79363
1.79511
1.79704
1.79943
1.80233
1.80577
1.80979
1.81438
1.81959
1.82544
1.83202
1.83929
1.84731
1.8561
1.86571
1.8762
1.88756
1.89982
1.91305
1.92728
1.94255
1.95889
1.97637
1.995
2.01484
2.03594
2.05829
2.08196
2.107
2.13345
2.16128
2.19051
2.22121
2.25331
2.2868
2.32166
2.35785
2.39531
2.43394
2.47366
2.51434
2.55586
2.59801
2.64064
2.6835
2.72633
2.76883
2.81072
2.85154
2.89091
2.92845
2.96373
2.99642
3.02608
3.05243
3.07531
3.09438
3.10952
3.12114
3.12921
3.13106
3.12972
3.12732
3.12382
3.12026
3.11754
3.12152
3.14016
3.13729
3.25768
3.62144
2.15856
8.52916
0.566142
0.564084
0.561215
0.557277
0.551919
0.545436
0.538627
0.531907
0.524875
0.516961
0.508094
0.498683
0.488908
0.478486
0.466907
0.453969
0.439949
0.425305
0.410071
0.393853
0.376079
0.356411
0.334743
0.311122
0.285505
0.257714
0.227459
0.194547
0.158702
0.119668
0.0770167
0.0300089
-0.0220882
-0.0788242
-0.136899
-0.188254
-0.219593
-0.214871
-0.159647
-0.0455873
0.124752
0.331645
0.535689
0.690489
0.765048
0.757574
0.690941
0.59638
0.498014
0.406929
0.323818
0.245528
0.169599
0.0955229
0.0235771
-0.0460068
-0.113293
-0.178387
-0.241346
-0.302161
-0.360729
-0.416902
-0.470421
-0.52105
-0.568196
-0.611829
-0.650736
-0.681224
-0.700897
-0.724747
-0.732978
-0.765944
-0.73466
-0.824506
-0.651676
-0.99815
-0.305716
-1.6352
0.86302
-3.81388
0.567709
0.569383
0.571435
0.573819
0.576586
0.579747
0.58331
0.587339
0.591857
0.596855
0.602345
0.608369
0.614972
0.62216
0.629945
0.638361
0.647447
0.657249
0.667735
0.678949
0.690943
0.703726
0.717298
0.731666
0.746852
0.762856
0.779696
0.797352
0.815824
0.835127
0.855224
0.876124
0.897785
0.920177
0.943291
0.9671
0.991576
1.01663
1.04227
1.06842
1.09501
1.12199
1.14932
1.17693
1.20473
1.23267
1.26066
1.28864
1.31654
1.34428
1.37181
1.39903
1.42589
1.45225
1.47804
1.50308
1.52722
1.55031
1.57212
1.59243
1.61103
1.62777
1.64261
1.65526
1.66577
1.67459
1.68177
1.68448
1.68591
1.68818
1.69068
1.69383
1.69556
1.69944
1.7083
1.67837
1.76072
2.05771
0.747813
5.83798
0.802373
0.805046
0.808215
0.811878
0.815419
0.818581
0.821794
0.825671
0.830278
0.835086
0.839671
0.8442
0.849219
0.854985
0.861306
0.867808
0.874505
0.881755
0.889946
0.89911
0.908982
0.919272
0.930057
0.941697
0.954799
0.96987
0.987234
1.00703
1.02937
1.05483
1.08545
1.12538
1.18096
1.25897
1.36245
1.48491
1.60541
1.68774
1.68637
1.55896
1.28349
0.876033
0.398955
-0.0527682
-0.387819
-0.558416
-0.577543
-0.502259
-0.396809
-0.302884
-0.233075
-0.182869
-0.144837
-0.115304
-0.0934858
-0.0792629
-0.07185
-0.0702172
-0.0732079
-0.0799037
-0.0893566
-0.100815
-0.113506
-0.126922
-0.140394
-0.153915
-0.166747
-0.17841
-0.183793
-0.193283
-0.192396
-0.21164
-0.18606
-0.248914
-0.132357
-0.359601
0.0674888
-0.695032
0.713419
-1.6496
0.799531
0.796496
0.793258
0.789807
0.78616
0.78231
0.778233
0.773922
0.769398
0.764626
0.759615
0.754331
0.748802
0.742993
0.736919
0.73055
0.723906
0.716982
0.709775
0.70227
0.694525
0.686504
0.67824
0.669727
0.661016
0.652086
0.643006
0.633755
0.624393
0.614936
0.605447
0.59594
0.586479
0.577094
0.567877
0.558848
0.5501
0.541658
0.533641
0.526057
0.518985
0.512448
0.506542
0.501245
0.49663
0.492686
0.489448
0.486879
0.485007
0.483785
0.483233
0.483228
0.483765
0.484672
0.4859
0.487246
0.488663
0.490025
0.491234
0.492184
0.492872
0.493281
0.493499
0.493511
0.493591
0.493906
0.494491
0.496087
0.493616
0.489208
0.483053
0.476817
0.472576
0.478048
0.499603
0.50734
0.576412
0.731542
0.0401626
2.42707
)
;

boundaryField
{
    inlet
    {
        type            freestreamPressure;
        freestreamValue uniform 0;
        supersonic      false;
        value           nonuniform List<scalar> 
134
(
4.10398
2.7021
1.16946
-0.248844
-1.36907
-2.19376
-2.59892
-2.56004
-2.08669
-1.0128
-0.180799
-0.298151
-0.517356
-0.737182
-0.970172
-1.22172
-1.49255
-1.78285
-2.09535
-2.43593
5.41353
-2.81318
-3.23124
-3.67139
-4.08605
-4.39109
-4.54754
-4.81118
-4.82943
-4.93317
-5.90577
-5.44079
-5.47046
-5.5822
-5.66641
-5.71072
-5.75211
-5.85071
-6.093
-6.37985
6.58969
7.7299
8.57627
8.85883
8.35707
6.71145
3.56577
-7.03931
-6.89466
-6.66305
-6.51189
-6.39951
-6.27326
-6.13032
-5.98301
-5.83506
-5.68454
-5.52976
-5.37068
-5.20743
-5.03914
-4.86433
-4.68025
-4.48221
-4.26524
-4.02306
-3.86532
-3.71636
-3.53861
-3.33284
-3.09576
-2.7941
-2.38789
-1.67327
-0.723396
1.2393
2.6578
4.19109
5.66525
7.06947
8.38195
9.47977
10.3036
10.879
11.229
11.4077
11.4747
11.4812
11.4676
11.493
11.6532
11.9871
12.3558
12.6507
12.8852
13.0834
13.2501
13.3783
13.4643
13.5106
13.5241
13.5215
13.5362
13.654
14.0041
14.8082
15.1474
14.7875
14.3699
14.0948
13.8664
13.6099
13.3309
13.0485
12.7649
12.475
12.1758
11.8659
11.5438
11.2061
10.8478
10.4623
10.0373
9.56358
8.98698
8.60917
8.23856
7.77506
7.2277
6.59509
5.81726
4.82716
3.30524
1.37491
)
;
    }
    outlet
    {
        type            freestreamPressure;
        freestreamValue uniform 0;
        supersonic      false;
        value           nonuniform List<scalar> 
160
(
0.00274567
0.00273619
0.00275467
0.00272607
0.00276521
0.00271526
0.00277734
0.00270372
0.002789
0.0026915
0.00279944
0.00267858
0.00281012
0.00266488
0.00282302
0.00265039
0.00283829
0.00263516
0.00285416
0.00261908
0.00286929
0.00260219
0.00288428
0.00258436
0.00290094
0.0025657
0.00292005
0.00254609
0.00294095
0.00252557
0.00296243
0.00250406
0.00298459
0.00248161
0.00300862
0.00245822
0.00303578
0.00243387
0.00306611
0.00240853
0.00309872
0.00238237
0.00313266
0.0023553
0.00316823
0.00232741
0.00320667
0.0022987
0.00325002
0.00226933
0.00330002
0.00223924
0.0033578
0.00220866
0.0034238
0.00217754
0.00349817
0.00214606
0.00358235
0.0021143
0.00368226
0.00208247
0.00381079
0.00205061
0.00398856
0.00201895
0.00423861
0.0019876
0.00457303
0.00195688
0.00497443
0.00192685
0.00537923
0.00189784
0.00567258
0.00186994
0.00570205
0.00184356
0.00531326
0.00181875
0.00440887
0.00179577
0.00302507
0.00177473
0.00137882
0.00175595
-0.000181672
0.00173938
-0.00132668
0.00172528
-0.00189646
0.00171364
-0.00194937
0.00170458
-0.00168831
0.001698
-0.00133121
0.00169402
-0.00101568
0.0016925
-0.000781834
0.00169354
-0.000613703
0.00169673
-0.000486227
0.00170209
-0.000387161
0.00170904
-0.00031395
0.00171745
-0.000266226
0.00172664
-0.000241371
0.00173646
-0.000235939
0.00174651
-0.000246066
0.00175646
-0.00026869
0.00176596
-0.000300659
0.00177504
-0.000339482
0.00178364
-0.000382599
0.00179211
-0.000428351
0.00180043
-0.000474534
0.00180963
-0.000521156
0.00182037
-0.000565801
0.00183289
-0.000606593
0.00184834
-0.000626245
0.00184767
-0.000659886
0.00184077
-0.000659111
0.0018282
-0.000726229
0.00181631
-0.000642616
0.00181314
-0.00085825
0.00184865
-0.000463597
0.00194908
-0.00123968
0.0020007
0.000243429
0.00229683
-0.00234533
0.00295521
0.00276591
0.0001681
-0.00505527
0.00963106
)
;
    }
    walls
    {
        type            zeroGradient;
    }
    frontAndBack
    {
        type            empty;
    }
}


// ************************************************************************* //
