/*--------------------------------*- C++ -*----------------------------------*\
  =========                 |
  \\      /  F ield         | OpenFOAM: The Open Source CFD Toolbox
   \\    /   O peration     | Website:  https://openfoam.org
    \\  /    A nd           | Version:  12
     \\/     M anipulation  |
\*---------------------------------------------------------------------------*/
FoamFile
{
    format      ascii;
    class       volScalarField;
    location    "300";
    object      omega;
}
// * * * * * * * * * * * * * * * * * * * * * * * * * * * * * * * * * * * * * //

dimensions      [0 0 -1 0 0 0 0];

internalField   nonuniform List<scalar> 
10720
(
0.949807
0.950789
0.949858
0.95424
0.956183
0.958292
0.961391
0.964303
0.96722
0.970413
0.973254
0.976048
0.979017
0.9818
0.98468
0.987823
0.99124
0.995124
0.999799
1.00536
1.01276
1.02461
4.29975
91.1841
124.051
164.635
203.2
224.464
235.815
238.03
233.661
220.831
201.541
179.587
158.779
134.58
117.365
139.862
165.96
0.950334
0.952539
0.950554
0.954293
0.957578
0.961389
0.973329
0.981187
0.98868
0.996455
1.00472
1.013
1.02132
1.0295
1.03788
1.04656
1.0556
1.06522
1.07566
1.08702
1.09942
1.11312
1.12816
1.14396
1.16026
1.17718
1.20467
47.1571
70.5527
87.5935
99.5203
107.086
111.018
112.043
110.839
107.997
103.907
98.7982
91.8546
3.98413
4.00683
4.04296
4.08549
4.12982
4.18303
4.24159
4.30249
4.36899
4.43802
4.50969
4.58538
4.66399
4.72309
4.76049
4.76646
4.74153
4.69706
4.65144
4.63867
4.71828
5.01147
10.8409
200.096
285.234
279.59
216.37
179.522
160.642
146.717
132.813
118.154
103.752
89.9915
78.6714
67.139
64.9557
68.8437
54.9026
3.95901
3.94485
3.92295
3.90876
3.89645
3.88946
3.91419
3.94406
3.97867
4.01968
4.06669
4.11693
4.16875
4.22254
4.27589
4.32952
4.38309
4.43745
4.49343
4.55306
4.61769
4.69404
4.78543
4.8994
5.04214
5.21995
5.45152
7.8266
12.8434
19.6922
27.4723
35.4532
43.1897
50.5584
57.7934
65.9193
75.2957
86.9512
105.389
3.28965
3.29351
3.30022
3.30844
3.31768
3.32899
3.34196
3.35631
3.37298
3.39171
3.41311
3.43781
3.46632
3.49954
3.53937
3.59826
3.67834
3.77977
3.90282
4.04282
4.21745
4.46725
6.63314
88.6035
188.202
263.972
266.107
239.789
202.465
167.951
141.475
118.596
98.8107
81.8337
68.5921
56.8521
53.6565
54.0398
38.9827
3.28586
3.28454
3.28236
3.28252
3.2842
3.28959
3.30302
3.31803
3.33472
3.35229
3.36999
3.38719
3.40395
3.4292
3.46073
3.49785
3.5403
3.58826
3.64212
3.69706
3.74484
3.79127
3.84087
3.89565
3.95446
4.01877
4.09258
4.18182
4.31344
4.6269
5.37679
6.79014
8.98876
11.962
15.6195
19.8815
24.8601
31.2412
36.0561
3.14886
3.1527
3.1582
3.16477
3.17234
3.18119
3.19092
3.20142
3.21272
3.22476
3.23855
3.25412
3.27152
3.2909
3.31251
3.33853
3.37296
3.41949
3.48593
3.58314
3.73095
3.95438
4.83631
31.1854
82.0383
144.942
194.062
218.834
215.549
194.029
166.508
137.805
111.337
88.9828
71.4468
56.9543
50.0572
48.1028
35.5986
3.1456
3.14361
3.14182
3.14172
3.14392
3.15196
3.16344
3.17745
3.19533
3.21644
3.24042
3.26716
3.29683
3.32959
3.3656
3.40529
3.449
3.49729
3.55074
3.61018
3.67615
3.74813
3.82658
3.91336
3.98807
4.04452
4.0887
4.12452
4.15387
4.17698
4.1993
4.24
4.34242
4.58123
5.06749
5.95556
7.45785
10.244
11.6817
3.10676
3.11094
3.11679
3.12365
3.13169
3.14117
3.15172
3.16347
3.1765
3.19074
3.20634
3.22342
3.24213
3.26267
3.2853
3.31033
3.33865
3.37138
3.41145
3.46499
3.54557
3.67795
4.05609
13.523
35.2924
67.429
102.318
134.024
155.689
163.139
156.585
140.932
121.088
99.3999
79.0587
61.4019
50.341
45.3728
39.2604
3.1034
3.1012
3.09943
3.09923
3.10176
3.11129
3.1233
3.13777
3.15502
3.17525
3.19823
3.22386
3.25232
3.28379
3.31839
3.35658
3.39867
3.44519
3.49671
3.55403
3.61475
3.66464
3.70697
3.74121
3.76553
3.77988
3.78605
3.78652
3.78361
3.77952
3.77673
3.77648
3.77877
3.78686
3.81209
3.88382
4.06653
4.64002
5.1137
3.07979
3.08478
3.09151
3.09913
3.10794
3.11818
3.12945
3.1419
3.15563
3.17057
3.18688
3.20469
3.22412
3.24542
3.26883
3.29463
3.32333
3.35527
3.39146
3.43397
3.48838
3.56786
3.73954
7.07998
16.6844
32.7833
51.8903
71.3618
89.1995
103.639
112.783
114.793
109.681
98.7985
84.1235
67.2397
53.1568
44.8147
42.714
3.07565
3.07263
3.07
3.06861
3.07019
3.0786
3.08916
3.10265
3.11895
3.13822
3.16018
3.18468
3.21195
3.24213
3.27534
3.31202
3.35251
3.39728
3.44691
3.50217
3.5639
3.63113
3.69218
3.73912
3.77182
3.79104
3.79916
3.79843
3.79049
3.77657
3.75731
3.73153
3.69979
3.66307
3.623
3.5834
3.55418
3.59501
3.66059
3.05465
3.06036
3.06787
3.07615
3.0856
3.09648
3.10835
3.1214
3.13574
3.15127
3.16821
3.18669
3.20682
3.22887
3.25309
3.27976
3.30938
3.34221
3.3788
3.42005
3.468
3.52798
3.6234
4.66117
8.44593
16.2611
27.0719
38.6589
49.4259
59.1784
68.8618
77.8589
83.8875
84.7575
80.0193
69.7794
56.81
47.9433
45.9114
3.04979
3.04602
3.04259
3.04002
3.04086
3.04781
3.05728
3.06983
3.0852
3.10351
3.12442
3.1478
3.17386
3.20271
3.23448
3.26963
3.30845
3.35144
3.39913
3.45227
3.5116
3.56227
3.60154
3.6303
3.64848
3.65647
3.65577
3.6479
3.63409
3.61522
3.59223
3.5669
3.53929
3.50918
3.47633
3.4412
3.40474
3.38124
3.37572
3.03053
3.03688
3.04507
3.05389
3.06386
3.07526
3.0876
3.10113
3.11597
3.132
3.14947
3.16852
3.18927
3.212
3.23695
3.26444
3.29482
3.3286
3.36611
3.40801
3.45526
3.50995
3.5801
3.91911
5.24739
8.49985
13.9614
20.8312
27.8617
34.3511
40.814
48.2834
56.8961
64.2987
67.8375
66.0705
58.4491
50.7113
48.764
3.02502
3.02055
3.01636
3.01258
3.01274
3.01825
3.02674
3.03834
3.05275
3.07007
3.08993
3.11216
3.13696
3.16444
3.19473
3.22827
3.26535
3.30645
3.3521
3.40301
3.45929
3.50833
3.54578
3.57287
3.58999
3.59761
3.59701
3.58952
3.57615
3.55757
3.53429
3.50639
3.47363
3.43645
3.39533
3.35112
3.30449
3.26288
3.22887
3.00693
3.01384
3.02259
3.03183
3.04218
3.05398
3.06668
3.08057
3.09579
3.11221
3.13011
3.14964
3.17092
3.19426
3.21989
3.24814
3.27938
3.31413
3.35268
3.39558
3.44354
3.49756
3.5605
3.70217
4.16967
5.39713
7.76306
11.2427
15.3874
19.7401
24.3497
29.8435
36.9129
45.2022
52.7954
57.1594
56.2178
51.6944
50.945
3.00081
2.99569
2.99078
2.9858
2.98521
2.9895
2.99697
3.00757
3.02098
3.03726
3.056
3.07703
3.10052
3.12656
3.15529
3.18712
3.22234
3.26142
3.30485
3.35327
3.40343
3.44149
3.46918
3.48779
3.49802
3.5003
3.49569
3.48528
3.46995
3.45028
3.42672
3.39993
3.36992
3.33679
3.30059
3.26178
3.22058
3.18213
3.14885
2.9835
2.99089
3.00008
3.00963
3.02024
3.03229
3.04521
3.05935
3.07483
3.09154
3.10978
3.12968
3.1514
3.17525
3.20148
3.23042
3.26246
3.29816
3.33773
3.38172
3.43073
3.48546
3.54714
3.63462
3.83152
4.29579
5.24232
6.79064
8.87969
11.3766
14.3335
18.1729
23.5681
30.743
38.9001
46.2928
50.2784
49.4839
51.4585
2.97685
2.9711
2.96551
2.95933
2.95797
2.96113
2.96754
2.97709
2.98944
3.0046
3.02215
3.04189
3.06399
3.08849
3.11554
3.14553
3.17873
3.21558
3.25653
3.30186
3.34323
3.37368
3.39474
3.40784
3.41385
3.41321
3.40678
3.39545
3.37992
3.36064
3.33793
3.31215
3.28282
3.25008
3.21415
3.17562
3.13491
3.09673
3.06374
2.96003
2.96779
2.9773
2.98701
2.99775
3.00993
3.02296
3.03722
3.05285
3.06974
3.0882
3.10838
3.13043
3.15469
3.18142
3.21097
3.24372
3.28024
3.32082
3.36591
3.4161
3.47194
3.53422
3.60808
3.72042
3.92437
4.3103
4.96227
5.9166
7.17865
8.8313
11.1776
14.8275
20.4258
27.7808
35.8748
42.4695
44.1572
49.3338
2.95288
2.94655
2.94029
2.93295
2.93081
2.93289
2.93818
2.9466
2.95778
2.97172
2.98796
3.0063
3.02688
3.04972
3.07493
3.1029
3.13384
3.16816
3.20611
3.2467
3.2774
3.29867
3.31181
3.31821
3.31888
3.31424
3.30498
3.29177
3.27519
3.25561
3.23325
3.20842
3.18101
3.15092
3.11823
3.08339
3.04672
3.01229
2.98278
2.93633
2.94437
2.95406
2.96381
2.97454
2.98672
2.99973
3.01399
3.02965
3.0466
3.06516
3.08549
3.10776
3.13232
3.15944
3.18947
3.22285
3.26001
3.30155
3.34771
3.39907
3.45615
3.51956
3.59016
3.67377
3.78935
3.97114
4.25882
4.68494
5.2805
6.11981
7.40767
9.59615
13.4273
19.3877
26.977
34.5035
38.9553
44.285
2.92875
2.92185
2.91493
2.90646
2.90358
2.90455
2.90864
2.91583
2.92574
2.9383
2.9531
2.96988
2.98878
3.00977
3.03294
3.05861
3.08695
3.11822
3.15209
3.18232
3.20324
3.21622
3.22237
3.22306
3.21935
3.21159
3.2003
3.18596
3.16899
3.14966
3.1281
3.10439
3.07857
3.05035
3.01979
2.98737
2.95349
2.92202
2.89613
2.91227
2.92047
2.9302
2.93986
2.95047
2.9625
2.97537
2.9895
3.00507
3.02194
3.04047
3.06081
3.08316
3.10787
3.13524
3.16564
3.19952
3.23733
3.27974
3.32691
3.37941
3.43772
3.50077
3.56655
3.63842
3.72238
3.83032
3.97808
4.1826
4.46496
4.87217
5.52799
6.72838
9.07883
13.3752
19.8535
27.2211
33.0939
37.1263
2.90434
2.8969
2.88931
2.87974
2.87617
2.87597
2.87876
2.88461
2.89309
2.9041
2.91725
2.93227
2.94926
2.96816
2.98897
3.01194
3.03711
3.06435
3.09138
3.11002
3.12143
3.1266
3.12643
3.12212
3.11466
3.10429
3.09133
3.07608
3.05883
3.03973
3.01887
2.99626
2.97208
2.94595
2.91793
2.8884
2.85783
2.82967
2.80749
2.88774
2.896
2.90562
2.91507
2.92541
2.93717
2.94975
2.96361
2.97894
2.99558
3.01392
3.03413
3.05638
3.08107
3.10852
3.13911
3.17333
3.21164
3.25483
3.30293
3.35652
3.41603
3.47512
3.53628
3.60122
3.67165
3.75089
3.84421
3.95847
4.10406
4.30521
4.62805
5.24571
6.57436
9.3742
14.4005
21.0296
27.3032
30.5552
2.87954
2.8716
2.8633
2.85272
2.84843
2.84701
2.8484
2.85276
2.85963
2.86886
2.88011
2.8931
2.90789
2.92432
2.94233
2.96192
2.98293
3.00407
3.019
3.02803
3.03186
3.03115
3.02648
3.01886
3.00908
2.99727
2.98357
2.96813
2.95112
2.9326
2.91262
2.89116
2.86839
2.84398
2.81794
2.79066
2.76265
2.73709
2.7179
2.86265
2.87085
2.88022
2.88932
2.89928
2.91061
2.92277
2.93621
2.95112
2.96736
2.98532
3.00518
3.02713
3.05157
3.07887
3.10944
3.14378
3.18241
3.22623
3.27516
3.32975
3.38517
3.4405
3.49752
3.55732
3.62036
3.68692
3.7577
3.83452
3.92135
4.02941
4.19118
4.49877
5.20474
6.8894
10.4531
15.994
22.0401
25.8416
2.85427
2.84586
2.83682
2.82534
2.82027
2.81757
2.81744
2.82015
2.82519
2.83235
2.84137
2.85199
2.86419
2.8776
2.89206
2.90709
2.9221
2.93218
2.93811
2.94038
2.93925
2.93498
2.92789
2.91867
2.90794
2.8957
2.88199
2.86685
2.85037
2.83257
2.81344
2.79296
2.77134
2.7483
2.72387
2.69837
2.67235
2.64863
2.63132
2.83693
2.84495
2.85393
2.86257
2.872
2.88275
2.89433
2.90716
2.92145
2.93707
2.95441
2.97366
2.99502
3.01893
3.04577
3.07599
3.11015
3.14881
3.19263
3.24224
3.29398
3.34486
3.39631
3.44942
3.50484
3.56268
3.62231
3.68274
3.74339
3.80493
3.87183
3.95931
4.11352
4.47455
5.42541
7.76362
12.0598
17.5099
21.3968
2.82845
2.81963
2.8098
2.79752
2.79161
2.78756
2.78578
2.78664
2.7896
2.79433
2.8007
2.80849
2.81755
2.82705
2.83679
2.84497
2.85047
2.85369
2.85472
2.85357
2.85016
2.84451
2.8367
2.82722
2.8165
2.80454
2.79129
2.77674
2.76094
2.74388
2.72556
2.70592
2.68516
2.66309
2.63972
2.61535
2.59051
2.56766
2.55092
2.81051
2.81822
2.82667
2.83473
2.84351
2.85352
2.86432
2.87633
2.88976
2.90449
2.92089
2.93919
2.95958
2.98253
3.00845
3.03783
3.07127
3.10946
3.15312
3.19971
3.24595
3.29258
3.34049
3.3902
3.44198
3.49584
3.55096
3.60585
3.65905
3.70965
3.75889
3.81347
3.89567
4.07859
4.5909
6.02774
9.12792
13.7523
17.4587
2.80204
2.79287
2.78218
2.76923
2.76241
2.75691
2.75332
2.75212
2.75267
2.75451
2.75772
2.76208
2.76727
2.77123
2.77434
2.77668
2.77812
2.77848
2.77753
2.7751
2.77098
2.76506
2.75734
2.74812
2.73777
2.72624
2.71351
2.69953
2.68432
2.66788
2.65017
2.63116
2.611
2.58957
2.56686
2.54315
2.51892
2.49622
2.47899
2.78335
2.79063
2.79842
2.80577
2.81375
2.82283
2.83264
2.84358
2.85583
2.86932
2.88439
2.90125
2.92013
2.94147
2.96573
2.99337
3.02489
3.06117
3.0991
3.13914
3.1805
3.22355
3.26872
3.31601
3.36528
3.41648
3.46878
3.52066
3.57044
3.61664
3.65896
3.70005
3.75046
3.84689
4.11603
4.95333
7.04933
10.74
14.1101
2.77499
2.76552
2.75392
2.74042
2.7326
2.72556
2.71999
2.71647
2.71422
2.7126
2.71198
2.7121
2.71269
2.71349
2.71421
2.71465
2.71455
2.71371
2.71188
2.70886
2.70443
2.69847
2.69089
2.68191
2.67182
2.66062
2.64825
2.63467
2.61988
2.60387
2.5866
2.56803
2.54828
2.52725
2.50494
2.48156
2.45754
2.43456
2.41619
2.7554
2.76211
2.76911
2.77565
2.78266
2.7906
2.79917
2.80871
2.81942
2.83121
2.8444
2.85916
2.87568
2.89438
2.91567
2.93951
2.96495
2.99246
3.0226
3.05657
3.09353
3.1336
3.17683
3.22271
3.27072
3.32068
3.3718
3.42258
3.4714
3.51665
3.55744
3.59451
3.63265
3.68995
3.83308
4.30321
5.64219
8.41598
11.3448
2.74724
2.73755
2.72498
2.71105
2.70215
2.69345
2.68571
2.67958
2.67483
2.67131
2.66895
2.6674
2.66635
2.66561
2.66489
2.66401
2.66275
2.66091
2.65828
2.65465
2.64983
2.64366
2.63603
2.62709
2.61709
2.60601
2.59381
2.58045
2.5659
2.55014
2.53313
2.51484
2.49521
2.47442
2.45234
2.42912
2.40513
2.38169
2.362
2.72662
2.73264
2.73875
2.74432
2.75019
2.75674
2.76375
2.77152
2.78019
2.78967
2.80019
2.81182
2.82463
2.8388
2.85447
2.87183
2.89112
2.91261
2.93669
2.96467
2.99661
3.0326
3.07263
3.11603
3.16211
3.21059
3.26073
3.31107
3.36003
3.40604
3.44792
3.48556
3.52101
3.56305
3.64527
3.90592
4.72308
6.69439
9.12144
2.71943
2.71036
2.6974
2.68397
2.67492
2.66567
2.65704
2.64979
2.64376
2.63882
2.63499
2.63199
2.62952
2.62741
2.62541
2.62333
2.62099
2.6182
2.61475
2.61047
2.60517
2.59867
2.59084
2.58177
2.57168
2.56058
2.5484
2.5351
2.52064
2.505
2.48813
2.46998
2.45051
2.42984
2.40785
2.38466
2.36056
2.33658
2.31552
2.70515
2.71006
2.71468
2.71868
2.72274
2.72719
2.73194
2.73724
2.74322
2.74985
2.75732
2.76569
2.77505
2.78555
2.79734
2.81057
2.82547
2.84228
2.86134
2.88302
2.90911
2.93921
2.97354
3.01163
3.053
3.0975
3.14454
3.19283
3.24088
3.28717
3.33043
3.37011
3.40685
3.44487
3.50057
3.64935
4.13341
5.46708
7.38404
2.69892
2.69038
2.67684
2.66388
2.65456
2.64472
2.63523
2.62692
2.6197
2.61347
2.60832
2.60402
2.60029
2.59696
2.59382
2.59067
2.58734
2.58366
2.57943
2.57449
2.56865
2.56174
2.55361
2.54431
2.53402
2.52277
2.51049
2.49713
2.48266
2.46702
2.45018
2.43207
2.41266
2.39201
2.37003
2.34679
2.32252
2.298
2.27568
2.68963
2.69356
2.6969
2.69955
2.70207
2.70471
2.70752
2.7107
2.71437
2.71857
2.72342
2.72902
2.73543
2.74279
2.75123
2.7609
2.77199
2.78472
2.79939
2.8163
2.83681
2.86078
2.8885
2.91982
2.9545
2.99267
3.03406
3.0777
3.12244
3.1669
3.2099
3.25067
3.28922
3.32752
3.37322
3.46599
3.7511
4.61837
6.06503
2.68423
2.67619
2.6619
2.64939
2.6397
2.62925
2.6189
2.60959
2.60126
2.59383
2.58749
2.58203
2.57716
2.57276
2.5686
2.56449
2.56027
2.55577
2.55082
2.54524
2.53885
2.53149
2.52299
2.51337
2.5028
2.49131
2.47885
2.46536
2.45078
2.43506
2.41816
2.40002
2.38058
2.3599
2.33786
2.31452
2.29002
2.26498
2.24152
2.67891
2.682
2.68421
2.6857
2.68686
2.68793
2.68906
2.69039
2.69207
2.69416
2.69676
2.69996
2.70383
2.70848
2.71402
2.72059
2.72836
2.73753
2.74834
2.76107
2.77673
2.79531
2.81705
2.84188
2.86973
2.90089
2.93541
2.9727
3.01201
3.05235
3.09271
3.13242
3.17127
3.21017
3.25265
3.31897
3.49174
4.04118
5.08984
2.67425
2.66668
2.65158
2.63937
2.62928
2.61821
2.60702
2.59673
2.58735
2.57882
2.57137
2.56486
2.55898
2.55361
2.54855
2.54358
2.53856
2.53333
2.52769
2.5215
2.51459
2.50676
2.49786
2.48786
2.47696
2.46518
2.45248
2.43877
2.42402
2.40816
2.39114
2.3729
2.35337
2.33259
2.31044
2.28694
2.26219
2.23664
2.21217
2.67213
2.67447
2.67569
2.67615
2.67613
2.67581
2.67545
2.67517
2.67509
2.67534
2.67597
2.67708
2.67873
2.68102
2.68404
2.68791
2.69278
2.69882
2.70625
2.7153
2.72675
2.74064
2.75717
2.77628
2.79794
2.82251
2.85016
2.88063
2.91351
2.9482
2.98399
3.02046
3.05742
3.09544
3.1362
3.19004
3.30203
3.64732
4.3832
2.66814
2.66102
2.64506
2.63303
2.62252
2.6108
2.59876
2.58752
2.57715
2.56757
2.5591
2.55162
2.54481
2.53857
2.5327
2.52697
2.52124
2.51533
2.50909
2.50233
2.4949
2.48662
2.47729
2.46689
2.45562
2.44352
2.43052
2.41656
2.40159
2.38553
2.36835
2.34996
2.33031
2.30938
2.28708
2.26339
2.23838
2.21234
2.18697
2.66861
2.67029
2.67063
2.67018
2.66909
2.66752
2.66584
2.66411
2.66248
2.66109
2.65999
2.65926
2.65896
2.65917
2.65998
2.66148
2.6638
2.6671
2.67155
2.67736
2.68512
2.69493
2.70695
2.7211
2.73739
2.75612
2.77752
2.80149
2.82786
2.85632
2.8865
2.91818
2.95137
2.9866
3.02491
3.07187
3.15133
3.37138
3.87645
2.66521
2.65854
2.6417
2.62975
2.61879
2.60639
2.5935
2.58133
2.56999
2.55941
2.54998
2.5416
2.53394
2.52691
2.52031
2.51389
2.50752
2.50101
2.49421
2.48693
2.47901
2.47028
2.46052
2.44972
2.43805
2.4256
2.41227
2.39803
2.3828
2.36652
2.34913
2.33055
2.31073
2.28962
2.26714
2.24324
2.21795
2.19145
2.1653
2.66784
2.66893
2.66847
2.66719
2.66514
2.66244
2.65956
2.65653
2.65349
2.65064
2.64798
2.6456
2.64357
2.64194
2.64079
2.64019
2.64027
2.64114
2.64296
2.64591
2.65045
2.6567
2.6648
2.67469
2.68635
2.70001
2.71591
2.73404
2.75435
2.77671
2.80099
2.82715
2.85537
2.88626
2.92077
2.96229
3.02354
3.16885
3.51203
2.66498
2.65875
2.641
2.62905
2.6176
2.60451
2.59076
2.57766
2.56536
2.55382
2.54348
2.53424
2.5258
2.51804
2.51076
2.50372
2.49677
2.48972
2.48241
2.47465
2.46628
2.45712
2.44694
2.43572
2.42365
2.41083
2.39717
2.38261
2.3671
2.35056
2.33294
2.31416
2.29413
2.27283
2.25015
2.22603
2.20045
2.17352
2.14668
2.66942
2.66998
2.6688
2.66676
2.66382
2.66008
2.65608
2.65185
2.64753
2.64334
2.63927
2.63541
2.63183
2.62855
2.62564
2.62317
2.62125
2.61996
2.61946
2.61988
2.62148
2.62463
2.62933
2.63555
2.64322
2.65254
2.66368
2.6767
2.69159
2.70835
2.72695
2.74747
2.77023
2.7959
2.82547
2.86147
2.91103
3.01182
3.24567
2.66705
2.66124
2.64259
2.63057
2.6186
2.60478
2.59015
2.57612
2.56287
2.55038
2.53916
2.52911
2.51991
2.51148
2.50358
2.49597
2.48849
2.48095
2.47317
2.46497
2.45619
2.44661
2.43602
2.42439
2.41192
2.39871
2.3847
2.36983
2.35402
2.33721
2.31933
2.30031
2.28007
2.25856
2.23566
2.2113
2.18544
2.1581
2.13066
2.67304
2.67313
2.67128
2.66853
2.66475
2.66003
2.655
2.64965
2.64414
2.63871
2.63335
2.62813
2.62313
2.61835
2.61386
2.60971
2.60599
2.60278
2.60019
2.59837
2.59746
2.59789
2.59961
2.60262
2.60686
2.61241
2.61944
2.628
2.63813
2.64988
2.66327
2.67845
2.69574
2.71589
2.73989
2.76991
2.81049
2.88384
3.0454
2.67111
2.66572
2.64618
2.63401
2.6215
2.60691
2.59137
2.57639
2.5622
2.54877
2.53668
2.52585
2.51594
2.50686
2.49838
2.49024
2.48227
2.47428
2.46607
2.45747
2.44829
2.43832
2.42734
2.41529
2.40242
2.38884
2.37448
2.35927
2.34315
2.32605
2.30792
2.28865
2.26818
2.24644
2.22332
2.19873
2.17259
2.14487
2.1169
2.67848
2.67813
2.67565
2.67224
2.66766
2.66201
2.656
2.64959
2.64295
2.63636
2.62979
2.62331
2.617
2.61085
2.60492
2.59924
2.59389
2.58894
2.58449
2.58066
2.57758
2.5756
2.57473
2.57496
2.57621
2.57851
2.58198
2.58668
2.59266
2.59998
2.6087
2.61898
2.63115
2.64587
2.66417
2.68797
2.72064
2.77575
2.88961
2.67695
2.67195
2.65153
2.63915
2.62606
2.61068
2.5942
2.57825
2.5631
2.54873
2.53578
2.52418
2.51357
2.50387
2.49485
2.4862
2.47778
2.46937
2.46077
2.45178
2.44223
2.43189
2.42053
2.40808
2.39482
2.38085
2.36614
2.3506
2.33416
2.31678
2.29836
2.27885
2.25814
2.23614
2.2128
2.18796
2.16155
2.13348
2.10505
2.68555
2.6848
2.68173
2.67767
2.67233
2.66578
2.65881
2.65139
2.64367
2.63598
2.62826
2.6206
2.61307
2.60564
2.59837
2.59129
2.58445
2.57792
2.57178
2.56614
2.56113
2.55702
2.55387
2.55168
2.55035
2.54984
2.55023
2.55159
2.55397
2.55742
2.56201
2.56791
2.57539
2.58506
2.59784
2.6155
2.64078
2.68255
2.7643
2.68438
2.67976
2.65849
2.64585
2.63213
2.61591
2.59845
2.58151
2.56537
2.55006
2.53624
2.52388
2.51258
2.50228
2.49273
2.48361
2.47475
2.46595
2.45697
2.44763
2.43773
2.42704
2.4153
2.40246
2.3888
2.37447
2.3594
2.34352
2.32677
2.30909
2.2904
2.27062
2.24968
2.22745
2.20388
2.1788
2.15213
2.12372
2.09489
2.69414
2.69301
2.68936
2.68468
2.67859
2.67115
2.66326
2.65484
2.64608
2.63733
2.62851
2.61972
2.61103
2.6024
2.59388
2.58549
2.57727
2.56928
2.56161
2.55432
2.54756
2.54157
2.53639
2.53209
2.52853
2.52558
2.52332
2.52178
2.52102
2.5211
2.52209
2.52411
2.52741
2.5325
2.54018
2.55201
2.57036
2.60147
2.66074
2.69328
2.68901
2.66693
2.65396
2.63958
2.62248
2.604
2.58602
2.56888
2.5526
2.5379
2.52477
2.51279
2.50189
2.49182
2.48224
2.47297
2.46379
2.45446
2.44478
2.43455
2.42352
2.41142
2.39819
2.38414
2.36944
2.35401
2.3378
2.32074
2.30276
2.28379
2.26375
2.24255
2.2201
2.19629
2.17098
2.14406
2.11534
2.08616
2.70415
2.70266
2.69845
2.69315
2.68632
2.67801
2.6692
2.6598
2.65001
2.64022
2.63033
2.62045
2.61064
2.60086
2.59115
2.58153
2.57202
2.56268
2.55358
2.5448
2.53645
2.52875
2.52179
2.51563
2.5101
2.50505
2.50047
2.49643
2.49296
2.4901
2.48793
2.48655
2.48616
2.48716
2.49025
2.49673
2.50868
2.53078
2.57346
2.70357
2.69963
2.67675
2.6634
2.64832
2.63029
2.61074
2.59169
2.57351
2.55623
2.54064
2.52673
2.51406
2.50256
2.49198
2.48194
2.47227
2.46272
2.45305
2.44305
2.43249
2.42113
2.40867
2.39506
2.38063
2.36556
2.34979
2.33324
2.31586
2.29758
2.27833
2.25803
2.23659
2.2139
2.18987
2.16433
2.13716
2.10815
2.07866
2.71551
2.71369
2.70892
2.70301
2.69543
2.68624
2.67651
2.66613
2.65532
2.6445
2.63356
2.6226
2.61171
2.60081
2.58996
2.57916
2.56844
2.55783
2.54739
2.53722
2.52742
2.51818
2.50961
2.5018
2.49456
2.48766
2.48107
2.47485
2.46901
2.46361
2.45869
2.45433
2.4507
2.44811
2.44713
2.44882
2.45496
2.46924
2.49907
2.71519
2.71154
2.68791
2.67413
2.65829
2.63927
2.6186
2.59842
2.57916
2.56085
2.54434
2.52963
2.51626
2.50417
2.49306
2.48257
2.4725
2.46259
2.45259
2.44227
2.4314
2.41972
2.40691
2.39292
2.37811
2.36267
2.34654
2.32966
2.31196
2.29338
2.27385
2.25329
2.2316
2.20868
2.18442
2.15866
2.13126
2.10196
2.07221
2.72821
2.72606
2.72073
2.7142
2.70587
2.69578
2.68512
2.67375
2.66192
2.65006
2.63807
2.62605
2.61408
2.6021
2.59014
2.5782
2.5663
2.55448
2.54279
2.53131
2.52016
2.50951
2.49949
2.49021
2.48145
2.47292
2.46458
2.45645
2.44857
2.44094
2.43362
2.42666
2.4202
2.41446
2.4099
2.40737
2.40835
2.41579
2.43526
2.72811
2.72471
2.70036
2.6861
2.66946
2.64939
2.62754
2.60618
2.58579
2.5664
2.54894
2.53341
2.51932
2.50661
2.49498
2.48403
2.47357
2.4633
2.45297
2.44234
2.43116
2.41915
2.40599
2.39162
2.37642
2.36062
2.34414
2.32692
2.30891
2.29003
2.27021
2.24939
2.22745
2.20431
2.17982
2.15384
2.12621
2.09666
2.06667
2.74223
2.73976
2.73386
2.72669
2.71759
2.70659
2.69498
2.68261
2.66972
2.65682
2.64377
2.63068
2.61765
2.60458
2.59153
2.57847
2.56543
2.55244
2.53956
2.52684
2.51442
2.50246
2.49112
2.48051
2.4704
2.46044
2.45055
2.44076
2.43107
2.42151
2.41209
2.40287
2.39393
2.38546
2.37778
2.37156
2.36801
2.36949
2.3804
2.74233
2.73914
2.71411
2.69929
2.6818
2.66062
2.63752
2.61493
2.59335
2.57284
2.55439
2.53801
2.52317
2.50983
2.49767
2.48625
2.47538
2.46475
2.45409
2.44314
2.43166
2.41933
2.40582
2.39106
2.37547
2.3593
2.34246
2.32491
2.30657
2.28739
2.26729
2.2462
2.22402
2.20065
2.17594
2.14975
2.12189
2.09208
2.06188
2.75758
2.75479
2.74831
2.74049
2.7306
2.71865
2.70606
2.69265
2.6787
2.66473
2.65059
2.63643
2.62231
2.60816
2.59402
2.57986
2.5657
2.55157
2.53752
2.52362
2.50999
2.49681
2.48424
2.47242
2.4611
2.44986
2.43859
2.42733
2.41607
2.40481
2.39357
2.38237
2.37127
2.36041
2.35001
2.3406
2.33311
2.32943
2.33317
2.75786
2.75483
2.72916
2.71373
2.69532
2.67297
2.64855
2.62465
2.60183
2.58014
2.56065
2.54337
2.52777
2.51377
2.50105
2.48916
2.47787
2.46688
2.45589
2.44462
2.43282
2.42016
2.40629
2.39114
2.37516
2.35861
2.34141
2.32352
2.30486
2.28537
2.26499
2.24363
2.22121
2.1976
2.17268
2.14627
2.1182
2.08814
2.05775
2.77429
2.77118
2.7641
2.75561
2.74489
2.73196
2.71836
2.70388
2.68881
2.67375
2.6585
2.64323
2.62802
2.61277
2.59752
2.58226
2.56699
2.55173
2.53654
2.52149
2.5067
2.49236
2.47864
2.4657
2.45327
2.44088
2.42839
2.41583
2.40317
2.39042
2.37758
2.36465
2.35167
2.33873
2.32598
2.3138
2.30292
2.29479
2.29252
2.77473
2.77181
2.74553
2.72944
2.71004
2.68644
2.66063
2.63535
2.6112
2.58828
2.5677
2.54949
2.53308
2.5184
2.50511
2.49272
2.481
2.46963
2.4583
2.4467
2.43458
2.42159
2.40736
2.3918
2.37542
2.35848
2.34092
2.32267
2.30368
2.28389
2.26322
2.24159
2.21892
2.19508
2.16994
2.14331
2.11503
2.08473
2.05416
2.79241
2.78897
2.78127
2.77208
2.7605
2.74655
2.73189
2.71629
2.70007
2.68386
2.66747
2.65106
2.63473
2.61835
2.60198
2.5856
2.56921
2.55283
2.53651
2.52033
2.50442
2.48896
2.47414
2.46017
2.44672
2.43327
2.41968
2.40595
2.39205
2.37798
2.36373
2.34929
2.33467
2.31991
2.30512
2.29056
2.27676
2.26482
2.25751
2.793
2.79012
2.76328
2.74644
2.726
2.70108
2.67378
2.64704
2.6215
2.59726
2.57553
2.55634
2.53909
2.5237
2.5098
2.49689
2.48473
2.47297
2.46128
2.44935
2.4369
2.42357
2.40895
2.39298
2.37619
2.35885
2.34091
2.32231
2.30298
2.28287
2.26191
2.24001
2.21708
2.19301
2.16765
2.14081
2.11231
2.08178
2.05105
2.812
2.80823
2.79988
2.78996
2.77747
2.76244
2.74667
2.7299
2.71247
2.69508
2.67749
2.6599
2.6424
2.62487
2.60736
2.58983
2.5723
2.55479
2.53734
2.52004
2.50301
2.48647
2.47061
2.45565
2.44125
2.42683
2.41223
2.39744
2.38244
2.36719
2.35169
2.33591
2.31985
2.30352
2.28696
2.27034
2.25404
2.23886
2.22734
2.81273
2.80983
2.78246
2.76481
2.74325
2.71691
2.68803
2.65974
2.63272
2.6071
2.58416
2.56394
2.54579
2.52965
2.51512
2.50167
2.48905
2.47688
2.46482
2.45254
2.43975
2.42606
2.41105
2.39465
2.37742
2.35967
2.34134
2.32237
2.3027
2.28226
2.261
2.23882
2.21563
2.19133
2.16574
2.13869
2.10998
2.07921
2.04832
2.83314
2.82902
2.82
2.8093
2.79586
2.7797
2.76276
2.74475
2.72606
2.70741
2.68858
2.66975
2.65104
2.63231
2.61361
2.59491
2.57622
2.55755
2.53896
2.52053
2.50239
2.48479
2.46791
2.452
2.43671
2.42139
2.40585
2.3901
2.37408
2.35778
2.34117
2.32421
2.30689
2.28917
2.27107
2.25268
2.23425
2.2163
2.20127
2.834
2.83102
2.80316
2.78462
2.76186
2.73401
2.70345
2.6735
2.64491
2.61782
2.59359
2.57227
2.55318
2.53625
2.52106
2.50705
2.49393
2.48134
2.46889
2.45625
2.4431
2.42904
2.41362
2.39676
2.37908
2.36091
2.34217
2.32282
2.30279
2.28202
2.26044
2.23798
2.21453
2.18998
2.16417
2.1369
2.10797
2.07696
2.04593
2.85593
2.85145
2.84171
2.8302
2.81575
2.79839
2.7802
2.76089
2.74086
2.7209
2.70075
2.68063
2.66065
2.64066
2.62073
2.60082
2.58092
2.56107
2.54132
2.52174
2.5025
2.48383
2.46594
2.44912
2.43297
2.41679
2.40038
2.38373
2.3668
2.34954
2.33193
2.31392
2.29547
2.27655
2.25712
2.23719
2.21692
2.19664
2.17869
2.85691
2.85379
2.82545
2.80593
2.78189
2.75243
2.72007
2.68836
2.6581
2.62945
2.60386
2.58138
2.56129
2.54352
2.52763
2.51302
2.49939
2.48634
2.47349
2.46047
2.44694
2.43249
2.41664
2.39931
2.38116
2.36254
2.34338
2.32363
2.30323
2.28211
2.26021
2.23745
2.21373
2.18893
2.16289
2.1354
2.10624
2.07498
2.04381
2.88048
2.87562
2.86512
2.85274
2.83722
2.8186
2.79909
2.7784
2.75694
2.73558
2.71405
2.69256
2.67125
2.64995
2.62873
2.60755
2.58641
2.56534
2.54438
2.52364
2.50326
2.48352
2.46464
2.44691
2.42993
2.41293
2.39569
2.37821
2.36042
2.34228
2.32377
2.30481
2.28537
2.26538
2.24478
2.22352
2.20169
2.17942
2.15905
2.88158
2.87823
2.84946
2.82887
2.80345
2.77227
2.73799
2.7044
2.67236
2.64204
2.615
2.59129
2.57014
2.55148
2.53484
2.5196
2.50543
2.4919
2.47862
2.46519
2.45127
2.43641
2.4201
2.40228
2.38363
2.36454
2.34494
2.32478
2.30398
2.2825
2.26027
2.2372
2.2132
2.18814
2.16186
2.13414
2.10475
2.07324
2.04194
2.90692
2.90165
2.89036
2.87706
2.8604
2.84042
2.81951
2.79734
2.77437
2.75153
2.72852
2.70559
2.68287
2.66019
2.63762
2.61511
2.59267
2.57033
2.54813
2.52618
2.50466
2.48382
2.46393
2.44531
2.42751
2.40972
2.39168
2.3734
2.3548
2.33586
2.31651
2.2967
2.27636
2.25542
2.23379
2.21139
2.18821
2.16424
2.14187
2.90814
2.90449
2.87531
2.85354
2.82665
2.79362
2.75729
2.72168
2.68774
2.65565
2.62706
2.60203
2.57975
2.56015
2.54273
2.5268
2.51206
2.49803
2.48429
2.47043
2.45609
2.4408
2.42401
2.40566
2.38649
2.3669
2.34684
2.32624
2.30503
2.28317
2.26059
2.2372
2.2129
2.18758
2.16105
2.13309
2.10347
2.0717
2.04025
2.9354
2.92971
2.91757
2.90329
2.88541
2.86398
2.84157
2.81782
2.79324
2.76882
2.74424
2.71977
2.69556
2.67141
2.64742
2.62351
2.59971
2.57604
2.55256
2.52937
2.50665
2.4847
2.46378
2.44426
2.42565
2.40707
2.38825
2.36921
2.34985
2.33013
2.31001
2.28941
2.26827
2.24648
2.22395
2.20054
2.17619
2.15078
2.12676
2.93674
2.93276
2.90309
2.88008
2.85161
2.8166
2.77807
2.7403
2.70432
2.67033
2.64008
2.61365
2.59018
2.56957
2.5513
2.53466
2.5193
2.50474
2.49052
2.47621
2.46142
2.44566
2.42837
2.40946
2.38974
2.36963
2.34907
2.32801
2.30637
2.28411
2.26116
2.23743
2.21283
2.18723
2.16044
2.13223
2.10237
2.07033
2.03873
2.96609
2.95995
2.94691
2.93158
2.9124
2.88941
2.86539
2.83995
2.81365
2.78753
2.76128
2.73518
2.70938
2.68368
2.65817
2.6328
2.60756
2.58249
2.55766
2.53317
2.50922
2.48612
2.46416
2.44372
2.42429
2.40494
2.38535
2.36556
2.34546
2.32501
2.30416
2.28284
2.26095
2.2384
2.21505
2.19075
2.1654
2.13874
2.11336
2.96756
2.96322
2.93299
2.90864
2.87848
2.84134
2.80044
2.76036
2.72219
2.68616
2.65415
2.62622
2.60146
2.57978
2.56061
2.5432
2.52719
2.51206
2.49732
2.48252
2.46726
2.45101
2.43318
2.41368
2.39337
2.37271
2.35163
2.33008
2.30799
2.28531
2.26197
2.23789
2.21297
2.18707
2.16001
2.13154
2.10143
2.0691
2.03736
2.99918
2.99257
2.97856
2.96212
2.94154
2.91687
2.89112
2.86387
2.83571
2.80778
2.77974
2.75189
2.72439
2.69704
2.66993
2.64299
2.61624
2.58971
2.56346
2.53761
2.51237
2.48808
2.46504
2.44366
2.42341
2.40326
2.38292
2.36238
2.34156
2.32041
2.29887
2.27685
2.25428
2.23102
2.20695
2.18186
2.15562
2.12789
2.10137
3.00079
2.99606
2.96517
2.93941
2.90742
2.86799
2.82454
2.78197
2.74145
2.70323
2.66932
2.63979
2.61365
2.59082
2.5707
2.55247
2.53576
2.52001
2.50472
2.48941
2.47364
2.45687
2.43846
2.41834
2.3974
2.37615
2.35451
2.33245
2.30988
2.28675
2.263
2.23855
2.21329
2.18708
2.15974
2.13101
2.10062
2.068
2.0361
3.0349
3.02778
3.01275
2.9951
2.97301
2.94655
2.91893
2.88972
2.85956
2.82969
2.79973
2.77
2.74069
2.71158
2.68275
2.65416
2.6258
2.59772
2.56997
2.54269
2.5161
2.49057
2.46641
2.44407
2.42297
2.40203
2.38092
2.35964
2.33811
2.31626
2.29405
2.27138
2.24815
2.22425
2.19951
2.17372
2.14669
2.11802
2.09056
3.03665
3.0315
2.99987
2.97258
2.93863
2.89671
2.85051
2.80525
2.76221
2.72164
2.68569
2.65443
2.62682
2.60276
2.5816
2.5625
2.54504
2.52864
2.51276
2.49689
2.48058
2.46325
2.44422
2.42343
2.40183
2.37995
2.35773
2.33511
2.31203
2.28844
2.26426
2.23941
2.21379
2.18726
2.15962
2.1306
2.09994
2.067
2.03495
3.07351
3.06585
3.04972
3.03077
3.00706
2.97864
2.949
2.91768
2.88537
2.8534
2.82137
2.78962
2.75837
2.72737
2.69672
2.66636
2.6363
2.60656
2.57723
2.54845
2.52044
2.49361
2.46828
2.44494
2.42297
2.40121
2.37932
2.35729
2.33505
2.31252
2.28964
2.26634
2.24249
2.21798
2.19263
2.16619
2.13845
2.10895
2.0807
3.0754
3.06979
3.03732
3.00839
2.9723
2.92769
2.87852
2.83037
2.7846
2.7415
2.70335
2.67023
2.64104
2.61565
2.59339
2.57334
2.55508
2.53797
2.52146
2.505
2.48811
2.47018
2.45049
2.42898
2.40667
2.38412
2.36128
2.33808
2.31446
2.29036
2.26572
2.24046
2.21447
2.18759
2.15964
2.13032
2.09936
2.0661
2.03388
3.11529
3.10706
3.08974
3.06939
3.04391
3.01339
2.98156
2.94795
2.91331
2.87907
2.84481
2.81089
2.77756
2.74453
2.71192
2.67967
2.64778
2.61629
2.58529
2.55491
2.52541
2.49721
2.47066
2.44627
2.4234
2.4008
2.3781
2.35532
2.33235
2.30914
2.28561
2.26168
2.23724
2.21214
2.18621
2.15917
2.1308
2.10055
2.07162
3.11733
3.11122
3.0778
3.04709
3.00868
2.96117
2.90878
2.85749
2.80877
2.76293
2.72241
2.68728
2.65637
2.62956
2.6061
2.58505
2.56592
2.54806
2.53086
2.51377
2.49625
2.47767
2.45728
2.43501
2.41193
2.38867
2.36516
2.34134
2.31714
2.29251
2.26739
2.24169
2.21529
2.18806
2.15977
2.13014
2.09886
2.06527
2.03288
3.16057
3.15173
3.13314
3.11127
3.08388
3.05106
3.01685
2.98075
2.94358
2.90689
2.87021
2.83396
2.79837
2.76316
2.72846
2.69418
2.66035
2.62699
2.5942
2.56213
2.53105
2.5014
2.47356
2.44808
2.42426
2.40079
2.37727
2.3537
2.33
2.30609
2.28191
2.25736
2.23233
2.20667
2.18019
2.15259
2.12362
2.09269
2.06319
3.16276
3.1561
3.12162
3.08899
3.04806
2.99737
2.94148
2.88679
2.83487
2.78607
2.74298
2.70568
2.67292
2.64456
2.61982
2.59767
2.5776
2.55893
2.541
2.52322
2.50503
2.48575
2.4646
2.44151
2.41762
2.3936
2.36937
2.34489
2.32007
2.29488
2.26924
2.24307
2.21625
2.18864
2.16
2.13004
2.09844
2.06448
2.03191
3.20974
3.20024
3.18028
3.15676
3.12728
3.09196
3.05516
3.01635
2.97643
2.93707
2.89777
2.85899
2.82097
2.7834
2.74644
2.70999
2.67407
2.63871
2.60402
2.57015
2.53739
2.50621
2.47702
2.45039
2.42558
2.4012
2.37682
2.35245
2.32799
2.30337
2.27852
2.25335
2.22774
2.20153
2.17451
2.14638
2.11685
2.08528
2.05527
3.21208
3.20481
3.16915
3.13442
3.09073
3.03659
2.97689
2.9185
2.8631
2.81108
2.76519
2.72554
2.69077
2.66073
2.6346
2.61126
2.59019
2.57063
2.55191
2.53338
2.51447
2.49445
2.47248
2.4485
2.42374
2.39889
2.37391
2.34871
2.32324
2.29745
2.27126
2.2446
2.21733
2.18931
2.16031
2.12999
2.09805
2.06373
2.03097
3.26322
3.25302
3.23158
3.20626
3.1745
3.13644
3.0968
3.05504
3.01212
2.96985
2.92771
2.88617
2.84552
2.80542
2.76602
2.72723
2.68906
2.65156
2.61483
2.57904
2.54449
2.51169
2.48106
2.45322
2.42738
2.40205
2.37676
2.35155
2.32631
2.30096
2.27544
2.24964
2.22344
2.19668
2.16913
2.14048
2.11041
2.07824
2.04779
3.26572
3.25779
3.2208
3.18377
3.13706
3.07915
3.01528
2.95285
2.89367
2.83812
2.78919
2.74697
2.71001
2.67815
2.65051
2.62588
2.60371
2.5832
2.56362
2.54429
2.52459
2.50375
2.48091
2.45597
2.43027
2.40456
2.37875
2.3528
2.32663
2.3002
2.27343
2.24624
2.2185
2.19005
2.16066
2.12998
2.09768
2.06296
2.03001
3.32153
3.31058
3.28753
3.26024
3.22598
3.18491
3.14217
3.09716
3.05096
3.00551
2.96027
2.91574
2.87223
2.82938
2.78734
2.74603
2.70545
2.66564
2.62673
2.58888
2.55243
2.5179
2.48574
2.45662
2.42968
2.40335
2.37712
2.35104
2.32498
2.29888
2.27265
2.24621
2.21941
2.1921
2.16402
2.13486
2.10427
2.07151
2.04066
3.32418
3.31552
3.27704
3.2375
3.18747
3.1254
3.05698
2.99013
2.9268
2.8674
2.81513
2.7701
2.73075
2.69691
2.66761
2.64158
2.61822
2.59667
2.57615
2.55595
2.53539
2.51369
2.48989
2.46393
2.43722
2.41056
2.38388
2.35712
2.33021
2.30309
2.2757
2.24795
2.21971
2.19082
2.16102
2.12995
2.09728
2.06215
2.02901
3.38525
3.37349
3.34868
3.31924
3.28222
3.23784
3.19167
3.1431
3.0933
3.04438
2.99575
2.94796
2.90133
2.85548
2.81059
2.76654
2.72335
2.68107
2.63981
2.59976
2.56126
2.52489
2.49111
2.46063
2.43253
2.40514
2.37792
2.35092
2.32401
2.29712
2.27017
2.24306
2.21565
2.18777
2.15917
2.12949
2.09839
2.06505
2.03382
3.38804
3.37857
3.33843
3.29611
3.24241
3.17578
3.10234
3.03066
2.96277
2.89913
2.84319
2.79506
2.75309
2.71707
2.68596
2.65841
2.63374
2.61106
2.58953
2.56837
2.54689
2.52424
2.49941
2.47234
2.44455
2.41688
2.38926
2.36164
2.33393
2.30608
2.27804
2.2497
2.22093
2.19156
2.16133
2.12987
2.0968
2.06125
2.0279
3.45506
3.44243
3.4157
3.38388
3.34381
3.29578
3.24583
3.19333
3.13956
3.08682
3.03447
2.98311
2.93308
2.88397
2.83597
2.78896
2.74294
2.69798
2.65419
2.61177
2.57109
2.53274
2.49723
2.4653
2.43598
2.40746
2.37919
2.35122
2.32341
2.2957
2.268
2.2402
2.21216
2.1837
2.15456
2.12436
2.09274
2.05883
2.02724
3.45799
3.44762
3.40561
3.36021
3.30245
3.23077
3.1518
3.07479
3.00187
2.93355
2.87355
2.822
2.77713
2.73871
2.70562
2.67639
2.65031
2.62639
2.60375
2.58155
2.55907
2.53539
2.50944
2.48119
2.45223
2.42347
2.39485
2.3663
2.33774
2.30913
2.28039
2.25143
2.2221
2.19223
2.16155
2.12967
2.0962
2.0602
2.02665
3.53177
3.51818
3.48936
3.45489
3.41145
3.35935
3.30521
3.24836
3.19021
3.13326
3.07682
3.02153
2.96778
2.91511
2.86371
2.81347
2.76439
2.71652
2.66999
2.62502
2.58199
2.54152
2.50416
2.47069
2.44005
2.41034
2.38097
2.35198
2.32323
2.29465
2.26616
2.23764
2.20895
2.17989
2.15019
2.11946
2.08731
2.05283
2.02089
3.53481
3.52343
3.47933
3.43049
3.36823
3.29094
3.20585
3.12294
3.04444
2.97091
2.90639
2.85106
2.80298
2.76191
2.72664
2.69556
2.66791
2.64264
2.61879
2.59547
2.5719
2.5471
2.51995
2.49041
2.46019
2.43028
2.40059
2.37105
2.34159
2.31216
2.28269
2.25307
2.22315
2.19276
2.16162
2.12929
2.0954
2.05895
2.02518
3.6163
3.60168
3.57055
3.53316
3.48594
3.42932
3.37051
3.30882
3.24581
3.1842
3.12324
3.06364
3.00578
2.9492
2.89408
2.8403
2.78787
2.73684
2.68735
2.63962
2.59405
2.55131
2.51197
2.47685
2.44482
2.41384
2.38329
2.35322
2.32347
2.29398
2.26466
2.23539
2.20601
2.17633
2.14606
2.11478
2.08209
2.04702
2.01474
3.61945
3.60694
3.56047
3.50779
3.44048
3.35695
3.26505
3.1756
3.09088
3.01151
2.94193
2.88236
2.83071
2.78671
2.74902
2.71592
2.68656
2.65981
2.63464
2.6101
2.58534
2.55933
2.53088
2.49995
2.4684
2.43724
2.4064
2.37582
2.34541
2.31512
2.28487
2.25455
2.22403
2.19309
2.16145
2.12868
2.09435
2.05743
2.02345
3.70979
3.69405
3.66036
3.61969
3.56825
3.50656
3.44252
3.37543
3.30701
3.24022
3.17426
3.10987
3.04749
2.98659
2.92737
2.86971
2.81361
2.75912
2.7064
2.65567
2.60736
2.56218
2.52071
2.48381
2.4503
2.41797
2.38617
2.35495
2.32416
2.29371
2.26352
2.23345
2.20337
2.17304
2.14218
2.11033
2.07708
2.04141
2.00877
3.71301
3.69922
3.65007
3.59307
3.5201
3.42957
3.33007
3.23333
3.14161
3.05565
2.98037
2.91604
2.86041
2.81315
2.7728
2.73746
2.70623
2.67786
2.65125
2.62538
2.59933
2.57202
2.54218
2.50977
2.47677
2.44429
2.41224
2.38056
2.34914
2.31793
2.28687
2.25583
2.22466
2.19316
2.16101
2.12777
2.09298
2.05558
2.02138
3.81356
3.7966
3.76007
3.71571
3.65951
3.59211
3.52221
3.44906
3.37459
3.30202
3.23048
3.16078
3.09336
3.02766
2.9639
2.90194
2.84178
2.7835
2.72724
2.67325
2.62197
2.57415
2.5304
2.49161
2.45651
2.42275
2.38962
2.35719
2.32529
2.29383
2.26272
2.23183
2.201
2.17
2.13852
2.10609
2.07227
2.03597
2.00299
3.81684
3.80157
3.74938
3.68749
3.60812
3.50973
3.40169
3.29677
3.19713
3.10366
3.02191
2.95222
2.89213
2.84126
2.79796
2.76017
2.72688
2.69676
2.66858
2.64126
2.61384
2.58512
2.55378
2.51979
2.48526
2.45138
2.41805
2.3852
2.35272
2.32056
2.28865
2.25685
2.22501
2.19292
2.16025
2.12652
2.09127
2.05336
2.01895
3.92924
3.91094
3.87123
3.8227
3.7611
3.68724
3.61071
3.53073
3.44945
3.3704
3.29263
3.21698
3.14392
3.07284
3.004
2.93724
2.87258
2.8101
2.74996
2.6924
2.63789
2.58722
2.54102
2.50021
2.46341
2.42813
2.3936
2.35988
2.32681
2.29429
2.26223
2.23048
2.19888
2.16718
2.13507
2.10204
2.06763
2.03069
1.99735
3.93251
3.91557
3.85989
3.79243
3.7058
3.59849
3.48083
3.36671
3.25797
3.15588
3.06674
2.991
2.92592
2.87103
2.82448
2.78401
2.74849
2.71645
2.68659
2.65772
2.62881
2.5986
2.56566
2.52999
2.49385
2.45849
2.42381
2.38973
2.35615
2.323
2.29019
2.25761
2.22508
2.19237
2.15915
2.12492
2.08919
2.05077
2.01614
4.05879
4.039
3.99573
3.94244
3.87469
3.79348
3.7094
3.62168
3.53269
3.44635
3.36155
3.27918
3.19974
3.12257
3.04798
2.97582
2.90613
2.83898
2.77454
2.71308
2.65507
2.60132
2.55247
2.50951
2.47091
2.43401
2.398
2.36294
2.32865
2.29503
2.26197
2.22933
2.19693
2.16452
2.13176
2.09812
2.06311
2.02552
1.99184
4.06199
4.04311
3.98341
3.90958
3.81463
3.69719
3.56858
3.44403
3.32476
3.21266
3.11506
3.03246
2.96181
2.90247
2.85237
2.80898
2.77104
2.73694
2.70528
2.67475
2.64427
2.61246
2.57784
2.5404
2.50255
2.46564
2.42956
2.3942
2.35946
2.32527
2.29154
2.25813
2.22488
2.19154
2.15776
2.12301
2.08677
2.04782
2.01296
4.20461
4.18318
4.13588
4.07713
4.00231
3.91266
3.81996
3.72339
3.62563
3.53104
3.43827
3.34822
3.26145
3.17728
3.09611
3.01781
2.94245
2.87008
2.8009
2.73515
2.67331
2.61624
2.56458
2.51931
2.47881
2.44021
2.40264
2.36618
2.33062
2.29586
2.26179
2.22824
2.19503
2.1619
2.12849
2.09424
2.05863
2.02039
1.98637
4.20766
4.18652
4.12217
4.04095
3.93644
3.80737
3.66626
3.52982
3.39814
3.27434
3.167
3.07667
2.99984
2.93563
2.88166
2.83512
2.79458
2.75829
2.72471
2.69243
2.66027
2.6268
2.59041
2.5511
2.51148
2.47295
2.43538
2.39869
2.36275
2.32748
2.29278
2.25853
2.22453
2.19052
2.15615
2.12085
2.0841
2.04458
2.00949
4.3697
4.34644
4.29454
4.22947
4.14646
4.04708
3.94442
3.83768
3.72988
3.62591
3.52399
3.42498
3.32963
3.23729
3.14851
3.06319
2.98141
2.90321
2.82878
2.75833
2.69236
2.63172
2.57704
2.52934
2.48683
2.44645
2.40727
2.36936
2.3325
2.29657
2.26146
2.227
2.19298
2.15914
2.12508
2.09023
2.05405
2.01517
1.98084
4.37249
4.34869
4.27891
4.18909
4.07347
3.93097
3.77546
3.62536
3.47882
3.34121
3.22272
3.12374
3.04009
2.9706
2.91247
2.86256
2.81927
2.78066
2.74504
2.71092
2.67702
2.64179
2.60354
2.56229
2.52081
2.48058
2.44148
2.4034
2.3662
2.3298
2.2941
2.25896
2.22417
2.18947
2.15448
2.11861
2.0813
2.04119
2.00584
4.55784
4.53253
4.47534
4.40287
4.31029
4.19959
4.08535
3.96681
3.84744
3.73275
3.62008
3.51039
3.40475
3.30275
3.20511
3.11174
3.02272
2.93805
2.85785
2.78231
2.71188
2.64741
2.58954
2.53926
2.49465
2.45242
2.41157
2.37217
2.33398
2.29688
2.26073
2.22535
2.19054
2.156
2.12133
2.08591
2.04917
2.00969
1.97508
4.56018
4.5332
4.45703
4.3571
4.22848
4.07034
3.89812
3.73219
3.56748
3.41355
3.28236
3.17381
3.08278
3.00762
2.94507
2.89159
2.84539
2.80434
2.7666
2.73054
2.69481
2.65775
2.61756
2.57427
2.53084
2.48884
2.44813
2.40859
2.37007
2.33248
2.29573
2.25965
2.22403
2.1886
2.15295
2.11646
2.07857
2.03782
2.00218
4.77377
4.74616
4.68284
4.60163
4.49777
4.37375
4.24591
4.11359
3.98075
3.85379
3.72811
3.60518
3.487
3.37349
3.26557
3.1631
3.06604
2.97429
2.88785
2.80683
2.73164
2.66311
2.60184
2.54886
2.50205
2.45789
2.41531
2.37438
2.33483
2.29653
2.25934
2.22306
2.18747
2.15226
2.11699
2.08104
2.04379
2.00375
1.96891
4.77547
4.74469
4.66091
4.54894
4.40495
4.22842
4.03663
3.85221
3.66472
3.49158
3.34618
3.22723
3.12831
3.04713
2.97991
2.92269
2.87343
2.82981
2.78983
2.75175
2.71409
2.6751
2.63287
2.58744
2.54195
2.49809
2.45568
2.41459
2.37467
2.33584
2.29796
2.26088
2.22438
2.18816
2.15181
2.11466
2.07613
2.03469
1.99873
5.0237
4.99348
4.92298
4.83128
4.71399
4.57418
4.43019
4.28157
4.13295
3.99191
3.84957
3.70965
3.57603
3.44901
3.32945
3.21696
3.11123
3.01191
2.91886
2.83207
2.75184
2.67901
2.61414
2.55828
2.50914
2.46295
2.41856
2.37603
2.33506
2.29553
2.25726
2.22006
2.18367
2.14778
2.11194
2.07547
2.03773
1.99717
1.96216
5.02446
4.98903
4.89608
4.76966
4.60731
4.40893
4.19396
3.98772
3.77092
3.57553
3.41462
3.28461
3.17737
3.08987
3.01773
2.95654
2.90405
2.85771
2.81536
2.77512
2.73542
2.69438
2.64997
2.60226
2.55459
2.50874
2.46453
2.4218
2.3804
2.34023
2.30116
2.26301
2.22556
2.18849
2.15137
2.1135
2.07427
2.03206
1.99573
5.31576
5.28253
5.20348
5.09908
4.96561
4.8068
4.64337
4.47531
4.308
4.15089
3.98528
3.82303
3.67094
3.52877
3.3967
3.27367
3.1589
3.05176
2.95188
2.85908
2.77359
2.69619
2.62743
2.56848
2.5168
2.4684
2.42203
2.37773
2.33522
2.29432
2.25488
2.21665
2.17941
2.14278
2.10631
2.06929
2.03104
1.98994
1.95476
5.31515
5.27401
5.16987
5.02581
4.84119
4.61656
4.37388
4.14158
3.88592
3.66586
3.48863
3.34705
3.23106
3.13684
3.05945
2.994
2.93804
2.88877
2.84386
2.8013
2.75939
2.71615
2.66942
2.61928
2.56929
2.52133
2.47519
2.43072
2.38774
2.34613
2.30578
2.26648
2.22799
2.19
2.15202
2.11336
2.07334
2.03028
1.99352
5.66079
5.6241
5.53479
5.4147
5.26145
5.07949
4.89233
4.70078
4.51112
4.3359
4.13377
3.94295
3.77089
3.61329
3.46867
3.33504
3.21118
3.09613
2.98936
2.89054
2.79988
2.7181
2.64578
2.58362
2.52913
2.4781
2.42928
2.3828
2.33834
2.29563
2.25467
2.21516
2.17682
2.13928
2.10203
2.06432
2.02545
1.98368
1.94828
5.65821
5.60986
5.49187
5.32601
5.11409
4.85747
4.58119
4.3174
4.00856
3.76375
3.56993
3.4162
3.2908
3.18928
3.10613
3.03602
2.97624
2.92375
2.87605
2.83097
2.78668
2.74108
2.69188
2.63918
2.58675
2.53656
2.4884
2.44208
2.39742
2.35429
2.31255
2.272
2.23239
2.19337
2.15445
2.11486
2.07389
2.02976
1.99238
5.94656
5.90904
5.81724
5.69306
5.53455
5.34629
5.15243
4.95396
4.75751
4.5786
4.33062
4.0957
3.8909
3.7083
3.5443
3.39541
3.25938
3.13454
3.01982
2.91455
2.81861
2.73259
2.65696
2.59247
2.53625
2.48379
2.4337
2.38602
2.34044
2.29665
2.25464
2.21412
2.17482
2.13638
2.09829
2.05977
2.02009
1.97748
1.94163
5.94347
5.89336
5.77243
5.60115
5.38216
5.11704
4.83143
4.55712
4.16958
3.88046
3.65853
3.48624
3.34789
3.23718
3.14731
3.07207
3.00828
2.95258
2.90217
2.85469
2.80822
2.7605
2.70913
2.65425
2.59978
2.54781
2.49805
2.45031
2.40438
2.36012
2.31736
2.2759
2.23546
2.19568
2.15606
2.11579
2.07413
2.02924
1.99141
6.29305
6.25454
6.15978
6.03069
5.86592
5.67014
5.46822
5.26146
5.05682
4.87326
4.56598
4.27544
4.03037
3.81758
3.63057
3.4638
3.31366
3.17757
3.0538
2.94121
2.83935
2.74865
2.66927
2.60189
2.5434
2.48904
2.4373
2.38822
2.34144
2.29659
2.25364
2.21229
2.17222
2.13305
2.09426
2.05504
2.01463
1.97117
1.93484
6.28928
6.23701
6.11249
5.93475
5.70733
5.43196
5.135
4.84788
4.3604
4.01685
3.76116
3.56694
3.41346
3.29213
3.19456
3.11347
3.04517
2.98582
2.93237
2.88224
2.83333
2.78327
2.72952
2.67223
2.61556
2.56164
2.51015
2.46088
2.41357
2.36807
2.3242
2.28174
2.24039
2.19979
2.15938
2.11834
2.0759
2.03008
1.9917
6.71929
6.67956
6.58124
6.44629
6.27396
6.06917
5.8575
5.64063
5.42597
5.23653
4.8509
4.48901
4.1937
3.94409
3.72951
3.54161
3.37502
3.22594
3.09181
2.9709
2.86236
2.7665
2.6829
2.61229
2.55125
2.4947
2.44104
2.39031
2.34208
2.29598
2.25195
2.20966
2.16878
2.1289
2.08945
2.0496
2.00854
1.96431
1.92756
6.71477
6.65997
6.53098
6.34535
6.10765
5.81979
5.50894
5.20611
4.58918
4.17784
3.8811
3.66073
3.48949
3.35582
3.24939
3.16165
3.08823
3.0248
2.96797
2.91489
2.86331
2.81069
2.75435
2.69448
2.63545
2.57944
2.52612
2.47522
2.42645
2.37964
2.33459
2.29106
2.24873
2.20721
2.16593
2.12403
2.08068
2.0338
1.99471
7.25309
7.21193
7.10925
6.96715
6.78565
6.56984
6.3462
6.11693
5.88988
5.69288
5.20107
4.74578
4.38677
4.09165
3.84369
3.63062
3.4447
3.28053
3.13448
3.00407
2.88809
2.78626
2.69796
2.62373
2.55985
2.50087
2.4451
2.39249
2.34264
2.29512
2.24987
2.2065
2.16469
2.12401
2.08384
2.04332
2.00159
1.95659
1.91949
7.24758
7.18968
7.05515
6.85986
6.60959
6.30634
5.97824
5.65591
4.86742
4.37009
4.02283
3.77097
3.57872
3.4307
3.3141
3.21882
3.13967
3.07173
3.01118
2.95491
2.90046
2.84512
2.78606
2.72351
2.66204
2.60392
2.54874
2.49619
2.44595
2.39781
2.35155
2.3069
2.26354
2.22105
2.17882
2.13595
2.09156
2.04348
2.00345
7.93629
7.89341
7.78543
7.63445
7.44168
7.21219
6.97367
6.72891
6.48636
6.27942
5.63928
5.05884
4.61757
4.26535
3.97644
3.73309
3.52426
3.34244
3.1826
3.04131
2.91706
2.80846
2.71484
2.63656
2.5695
2.5078
2.44965
2.39498
2.34331
2.2942
2.24756
2.203
2.16014
2.11854
2.07755
2.03627
1.9938
1.94797
1.91048
7.9296
7.86784
7.72633
7.51901
7.25305
6.93062
6.58077
6.23397
5.21187
4.60317
4.19275
3.9026
3.68542
3.52075
3.39259
3.28891
3.20349
3.13069
3.06621
3.00663
2.94926
2.89121
2.8295
2.76439
2.70063
2.64057
2.58371
2.52967
2.4781
2.42875
2.38137
2.33567
2.29131
2.24783
2.20461
2.1607
2.11515
2.06565
2.0246
8.83478
8.78976
8.67522
8.51313
8.30621
8.05958
7.8022
7.5378
7.27543
7.05524
6.19996
5.44703
4.89719
4.47206
4.13222
3.85201
3.61576
3.41311
3.23733
3.08432
2.95022
2.83387
2.73419
2.65132
2.58065
2.51589
2.45507
2.39806
2.34437
2.2935
2.24531
2.19939
2.15535
2.11271
2.0708
2.02865
1.98534
1.93858
1.90065
8.82653
8.75998
8.6095
8.38701
8.1012
7.75437
7.37669
6.99862
5.64747
4.89107
4.40045
4.06346
3.81687
3.6332
3.4923
3.37965
3.28777
3.21014
3.1419
3.07927
3.01933
2.95899
2.89517
2.82812
2.76274
2.70136
2.6434
2.58841
2.53599
2.48584
2.43768
2.39119
2.34602
2.3017
2.25756
2.21259
2.1658
2.11473
2.07232
10.058
10.0103
9.88727
9.71103
9.48611
9.21756
8.93572
8.64589
8.35772
8.11937
6.93751
5.93873
5.24181
4.72174
4.31753
3.99177
3.72229
3.49579
3.30228
3.13458
2.98898
2.86364
2.75699
2.66882
2.59403
2.52578
2.46192
2.40226
2.34625
2.29338
2.24343
2.19598
2.15061
2.10679
2.06382
2.02069
1.97641
1.92859
1.89014
10.0477
9.97494
9.8127
9.57063
9.25927
8.88084
8.46684
8.04809
6.21386
5.25593
4.66204
4.26799
3.98756
3.78335
3.62956
3.50848
3.41098
3.32953
3.25864
3.19412
3.13285
3.07159
3.00719
2.93989
2.87454
2.81338
2.75572
2.70102
2.64885
2.59882
2.55067
2.50405
2.45857
2.41378
2.36897
2.32309
2.2751
2.22239
2.1783
11.7994
11.7483
11.6145
11.42
11.1716
10.8743
10.5601
10.2365
9.91398
9.64988
7.94285
6.58531
5.68487
5.03914
4.55314
4.1717
3.86289
3.60582
3.38819
3.20182
3.04163
2.90489
2.78939
2.69452
2.6145
2.54178
2.47407
2.41102
2.35203
2.29666
2.24447
2.19505
2.14795
2.10261
2.05828
2.01387
1.96834
1.91918
1.88
11.7864
11.7055
11.5277
11.26
10.9149
10.4945
10.0319
9.55908
6.97772
5.73629
5.00905
4.54785
4.23186
4.00887
3.84525
3.71923
3.61962
3.53766
3.4673
3.404
3.34455
3.28559
3.22411
3.16014
3.09826
3.04038
2.98568
2.9336
2.88363
2.83539
2.7886
2.74294
2.698
2.65332
2.60824
2.56169
2.51252
2.45804
2.41172
14.4322
14.3767
14.2285
14.0099
13.7306
13.395
13.0373
12.668
12.2984
11.9966
9.40122
7.49195
6.29605
5.47291
4.87201
4.41139
4.04556
3.74694
3.49825
3.28824
3.1098
2.959
2.83267
2.72964
2.64326
2.56515
2.49277
2.42562
2.36299
2.30462
2.24969
2.19786
2.14864
2.10141
2.05537
2.00935
1.96225
1.91138
1.87121
14.4155
14.3236
14.1248
13.8226
13.4322
12.955
12.4262
11.8796
8.06315
6.41254
5.51904
4.98898
4.64634
4.41618
4.25417
4.13365
4.04103
3.96665
3.90415
3.84873
3.79747
3.74718
3.69496
3.64068
3.58795
3.53811
3.49043
3.44426
3.39921
3.35473
3.31085
3.26716
3.22339
3.17916
3.1338
3.08625
3.03542
2.97862
2.92884
18.7589
18.698
18.5314
18.281
17.9609
17.5736
17.1566
16.7246
16.2897
15.9315
11.6609
8.77463
7.10301
6.01528
5.25413
4.68969
4.25318
3.90451
3.6194
3.38225
3.18336
3.01706
2.879
2.76728
2.67423
2.59052
2.51335
2.44203
2.37576
2.31431
2.25665
2.20243
2.1511
2.10199
2.05424
2.0066
1.9579
1.90529
1.86412
18.7369
18.6303
18.4032
18.0545
17.6028
17.0483
16.4278
15.7795
9.7463
7.50903
6.44223
5.87753
5.54832
5.34646
5.21497
5.12329
5.05647
5.00518
4.96333
4.92724
4.8943
4.86178
4.82786
4.79159
4.75443
4.71783
4.68081
4.64327
4.60457
4.5649
4.52414
4.48223
4.4389
4.39393
4.34682
4.2966
4.24195
4.18009
4.12323
26.7898
26.7232
26.5349
26.2459
25.8761
25.4245
24.9318
24.4186
23.8973
23.4566
15.4013
10.6935
8.22871
6.73347
5.73913
5.02974
4.49748
4.08273
3.75035
3.47858
3.25385
3.06826
2.9158
2.79358
2.69261
2.60234
2.51955
2.44347
2.37311
2.30805
2.24734
2.19052
2.13694
2.08588
2.03636
1.98704
1.93664
1.882
1.83989
26.7605
26.635
26.3723
25.9658
25.437
24.7831
24.0424
23.2602
12.8937
9.94243
8.83738
8.37647
8.166
8.06714
8.01784
7.99242
7.97907
7.97052
7.96566
7.96066
7.95663
7.95036
7.94244
7.93032
7.91361
7.89267
7.86796
7.84061
7.80868
7.77439
7.73657
7.69588
7.65211
7.60598
7.55604
7.50162
7.44343
7.37927
7.31462
44.7825
44.7173
44.5236
44.2189
43.8263
43.3414
42.8029
42.2369
41.6538
41.1359
18.1226
2.01352
0.00267469
0.00259648
0.00252909
0.00247639
0.00243123
0.00239071
0.00235003
0.00230507
0.00224737
0.00216325
0.00204951
0.00188512
0.00174532
0.00169196
0.00166388
0.00163155
0.0016028
0.00157802
0.00154326
0.00151749
0.00149683
0.00148585
0.00149185
0.00152729
0.00159339
0.00173386
0.00146726
44.7467
44.6116
44.3314
43.8947
43.3231
42.6085
41.7858
40.9053
22.4237
19.4103
18.8056
18.7284
18.7763
18.8534
18.9322
19.0048
19.07
19.1275
19.1773
19.2205
19.2573
19.2879
19.3104
19.3241
19.3325
19.3378
19.339
19.3359
19.3281
19.3154
19.2979
19.2755
19.2481
19.2151
19.1757
19.1276
19.0679
18.9874
18.9227
94.5965
92.5996
82.1793
69.8454
56.69
45.9537
41.8395
44.3645
49.0661
51.8635
51.1026
46.7541
39.725
31.4994
25.3936
20.8658
16.8528
13.5413
10.9033
8.81904
7.18877
5.93938
5.00541
4.31943
3.82374
3.47081
3.21143
3.01539
2.86224
2.7387
2.63635
2.54992
2.47609
2.41261
2.35791
2.31073
2.27004
2.23494
2.20463
2.17844
2.15573
2.13598
2.11871
2.10352
2.09006
2.07804
2.0672
2.05734
2.04828
2.03986
2.03198
2.02454
2.01745
2.01067
2.00414
1.99784
1.99175
1.98584
1.98011
1.97454
1.96909
1.96368
1.95823
1.95257
1.94653
1.93991
1.93267
1.92634
1.9198
1.91312
1.90597
1.89806
1.88924
1.87961
1.8693
1.85934
1.85062
1.84365
1.81969
0.000814279
68.8024
43.967
16.7174
6.50137
3.90448
3.31538
3.15722
3.05995
2.98607
2.90987
2.83396
2.75537
2.67656
2.59917
2.52587
2.45864
2.39866
2.34608
2.30038
2.26083
2.22662
2.19703
2.17141
2.14925
2.13006
2.11346
2.0991
2.08669
2.07596
2.06671
2.05873
2.05184
2.04589
2.04076
2.03631
2.03246
2.02911
2.02618
2.02362
2.02135
2.01935
2.01757
2.01596
2.01452
2.01321
2.01201
2.01091
2.00988
2.00892
2.00799
2.00708
2.00615
2.00516
2.00408
2.00285
2.00141
1.9997
1.99767
1.99528
1.99253
1.98942
1.98604
1.98249
1.97896
1.97563
1.97276
1.97067
1.96957
1.96873
1.96919
1.97245
1.9816
2.00345
2.05239
2.16042
2.39704
2.9187
4.1204
7.31803
18.8914
56.0277
65.5617
66.8254
63.3011
60.8104
54.1182
45.4246
39.3183
38.6125
41.2537
43.2053
42.1874
37.9315
31.5157
24.8481
20.7726
16.8564
13.4287
10.7647
8.72223
7.13929
5.91857
4.99525
4.31005
3.81086
3.45334
3.19118
2.99352
2.83958
2.71573
2.61334
2.52696
2.45318
2.38971
2.33496
2.28768
2.24686
2.21161
2.18116
2.15483
2.13199
2.11213
2.09478
2.07953
2.06603
2.05398
2.04314
2.03329
2.02425
2.01587
2.00803
2.00063
1.9936
1.98688
1.98042
1.97418
1.96815
1.96231
1.95664
1.95113
1.94574
1.94042
1.93505
1.92949
1.92356
1.91709
1.91001
1.90384
1.89741
1.89083
1.88382
1.87608
1.86745
1.85803
1.84791
1.83813
1.8295
1.82263
1.79892
0.000848054
38.348
21.1329
8.76248
4.40252
3.34569
3.08053
2.9792
2.90402
2.83656
2.76784
2.69873
2.62889
2.5601
2.49391
2.43206
2.37573
2.32548
2.28123
2.24251
2.20874
2.17929
2.15363
2.13127
2.11179
2.09482
2.08007
2.06723
2.05608
2.0464
2.03802
2.03075
2.02445
2.01899
2.01426
2.01015
2.00658
2.00345
2.00072
1.99831
1.99619
1.9943
1.99261
1.9911
1.98973
1.98848
1.98734
1.98628
1.98531
1.98438
1.98349
1.9826
1.9817
1.98074
1.97968
1.97847
1.97706
1.97537
1.97338
1.97104
1.96834
1.96531
1.96202
1.95858
1.95516
1.95196
1.94923
1.94725
1.94621
1.94549
1.94612
1.94965
1.95925
1.98183
2.03207
2.14226
2.38223
2.90864
4.1177
7.32073
18.8655
34.7898
44.0282
49.0962
50.4964
49.2871
49.7903
45.9494
39.9182
34.893
33.2497
34.4966
35.8241
34.8229
31.038
25.4495
20.9555
17.42
14.0238
11.1803
8.98307
7.31405
6.04327
5.08203
4.36498
3.83962
3.4618
3.18665
2.98111
2.82257
2.6961
2.59224
2.50502
2.4307
2.36685
2.31179
2.26423
2.22316
2.18768
2.15703
2.13051
2.10754
2.08756
2.07012
2.05481
2.04128
2.02922
2.01839
2.00856
1.99955
1.99121
1.98343
1.97609
1.96913
1.96247
1.95607
1.94991
1.94395
1.93817
1.93258
1.92714
1.92182
1.91657
1.91128
1.90583
1.90002
1.8937
1.88678
1.88077
1.87446
1.86799
1.86111
1.85354
1.84511
1.83589
1.82598
1.81638
1.80784
1.80109
1.77759
0.000882936
22.6755
11.6893
5.43544
3.50144
3.04172
2.90214
2.82735
2.76348
2.7021
2.64011
2.57813
2.51668
2.45712
2.40064
2.34835
2.30092
2.25856
2.22108
2.18809
2.15912
2.1337
2.1114
2.09185
2.07472
2.05973
2.04662
2.03518
2.02518
2.01647
2.00889
2.0023
1.99656
1.99157
1.98723
1.98344
1.98013
1.97724
1.97469
1.97245
1.97046
1.96868
1.96709
1.96566
1.96436
1.96318
1.9621
1.9611
1.96016
1.95928
1.95842
1.95757
1.95669
1.95576
1.95472
1.95353
1.95214
1.95048
1.94852
1.94623
1.94358
1.94063
1.93743
1.9341
1.93081
1.92774
1.92513
1.92327
1.92228
1.92169
1.92252
1.92633
1.93639
1.95977
2.01137
2.12383
2.36732
2.89869
4.11513
7.32276
18.8442
22.4953
30.0039
35.3709
38.5481
39.7819
39.3874
40.2676
38.1593
34.1709
30.4068
28.6716
28.9957
29.6019
28.6285
25.5267
20.9164
17.9774
14.9719
12.1087
9.6988
7.81385
6.38267
5.30882
4.51138
3.92752
3.50761
3.2049
2.98243
2.81381
2.68146
2.57415
2.48486
2.40923
2.34448
2.28875
2.24066
2.19915
2.16331
2.13237
2.10562
2.08245
2.06234
2.0448
2.02942
2.01585
2.00379
1.99296
1.98316
1.97419
1.96591
1.95818
1.95091
1.94402
1.93744
1.93112
1.92503
1.91915
1.91345
1.90793
1.90256
1.89732
1.89214
1.88695
1.8816
1.87592
1.86974
1.863
1.85715
1.85096
1.8446
1.83786
1.83046
1.82222
1.81322
1.80352
1.7941
1.78566
1.77902
1.7557
0.000918946
14.0001
7.18428
3.93457
3.05834
2.84032
2.75331
2.69251
2.63621
2.58075
2.52525
2.47033
2.41671
2.36537
2.31722
2.27289
2.23277
2.19684
2.16494
2.13668
2.11173
2.0897
2.07028
2.05316
2.0381
2.02485
2.01322
2.003
1.99407
1.98624
1.9794
1.97343
1.96822
1.96366
1.95969
1.95621
1.95317
1.95048
1.94813
1.94603
1.94418
1.94251
1.94102
1.93967
1.93845
1.93733
1.93631
1.93536
1.93447
1.93362
1.9328
1.93198
1.93113
1.93022
1.9292
1.92803
1.92666
1.92503
1.92311
1.92085
1.91827
1.9154
1.91229
1.90907
1.9059
1.90296
1.90049
1.89874
1.89781
1.89736
1.89838
1.9025
1.91306
1.93727
1.99033
2.10519
2.35235
2.88888
4.11266
7.3243
18.8266
14.6582
20.6194
25.4841
29.0149
31.2534
32.2974
32.2398
32.7445
31.635
29.0232
26.2867
24.7207
24.5423
24.6768
23.7666
21.265
17.9386
15.6336
13.1022
10.6828
8.61545
6.97132
5.71609
4.78089
4.0971
3.60621
3.2561
3.00373
2.81708
2.67406
2.56048
2.4674
2.3894
2.32305
2.26619
2.21724
2.17507
2.1387
2.10733
2.08026
2.05684
2.03654
2.01887
2.00341
1.98979
1.97771
1.96689
1.95712
1.94819
1.93997
1.93231
1.92512
1.9183
1.9118
1.90557
1.89956
1.89376
1.88814
1.8827
1.87741
1.87225
1.86716
1.86205
1.85681
1.85126
1.84523
1.83866
1.83297
1.82691
1.82067
1.81407
1.80685
1.79881
1.79002
1.78054
1.7713
1.76296
1.75642
1.73326
0.000956073
8.83156
4.81792
3.19656
2.7995
2.68382
2.62127
2.56936
2.51932
2.46977
2.42065
2.37259
2.3262
2.28225
2.24129
2.20374
2.16971
2.13919
2.11194
2.0877
2.06616
2.04706
2.03012
2.01514
2.00187
1.99017
1.97984
1.97076
1.96276
1.95574
1.94958
1.94419
1.93946
1.93532
1.93168
1.9285
1.92569
1.92322
1.92104
1.9191
1.91736
1.91581
1.91441
1.91315
1.912
1.91095
1.90997
1.90907
1.90823
1.90742
1.90663
1.90584
1.90502
1.90413
1.90313
1.90198
1.90063
1.89903
1.89714
1.89494
1.89242
1.88962
1.88661
1.8835
1.88045
1.87764
1.8753
1.87367
1.87281
1.8725
1.87373
1.87817
1.88926
1.91437
1.96897
2.08635
2.33734
2.87925
4.11027
7.32547
18.812
9.49571
14.0271
18.2419
21.666
24.2226
25.9258
26.8053
26.8863
26.9419
26.4004
24.6762
22.6892
21.3656
20.9665
20.8406
20.0108
17.9733
15.6905
13.7516
11.6146
9.55427
7.76508
6.3186
5.20473
4.37691
3.77899
3.35466
3.0541
2.8377
2.67696
2.55292
2.45365
2.37182
2.30301
2.24442
2.19423
2.1511
2.114
2.08206
2.05455
2.0308
2.01025
1.9924
1.97683
1.96314
1.95103
1.94021
1.93047
1.92159
1.91342
1.90584
1.89872
1.89199
1.88557
1.87943
1.87351
1.86779
1.86227
1.85691
1.8517
1.84662
1.84162
1.83661
1.83147
1.82605
1.82018
1.81378
1.80826
1.80233
1.79621
1.78975
1.7827
1.77486
1.76629
1.75703
1.74799
1.73976
1.73332
1.71027
0.000994358
5.73561
3.55636
2.80524
2.62087
2.55021
2.50074
2.45556
2.41133
2.36762
2.32473
2.28314
2.24341
2.20599
2.17131
2.13952
2.11071
2.08475
2.06148
2.04066
2.02209
2.00551
1.99077
1.97763
1.96599
1.95565
1.94651
1.93842
1.93129
1.92499
1.91946
1.91459
1.91031
1.90655
1.90324
1.90032
1.89775
1.89547
1.89346
1.89165
1.89005
1.8886
1.88729
1.88611
1.88503
1.88403
1.88312
1.88227
1.88146
1.88069
1.87994
1.87917
1.87838
1.87751
1.87653
1.87541
1.87408
1.87251
1.87065
1.8685
1.86604
1.86332
1.8604
1.85741
1.85448
1.8518
1.84959
1.84806
1.84729
1.84713
1.84858
1.85336
1.86502
1.89109
1.94732
2.06735
2.32235
2.86981
4.10797
7.32632
18.7998
6.17276
9.36683
12.8127
15.9463
18.5313
20.5132
21.8788
22.6275
22.7658
22.4681
22.2448
21.0844
19.6262
18.5439
18.0815
17.831
17.0805
15.3985
13.8424
12.2035
10.3881
8.62095
7.06338
5.78504
4.7914
4.05277
3.52223
3.14834
2.88488
2.69544
2.55445
2.44521
2.35742
2.28486
2.22381
2.17187
2.12746
2.08937
2.05669
2.02859
2.00441
1.98354
1.96546
1.94973
1.93595
1.92379
1.91296
1.90323
1.8944
1.88629
1.87877
1.87174
1.86509
1.85877
1.85272
1.84689
1.84127
1.83583
1.83056
1.82544
1.82045
1.81553
1.81062
1.8056
1.80031
1.7946
1.78837
1.78301
1.77723
1.77123
1.76492
1.75804
1.7504
1.74205
1.73302
1.72417
1.71605
1.70972
1.68673
0.00103374
3.9624
2.90005
2.57327
2.48007
2.4306
2.38941
2.35007
2.31137
2.27338
2.23639
2.20084
2.16708
2.13548
2.10621
2.0794
2.05502
2.03299
2.01312
1.99528
1.97925
1.96491
1.95206
1.9406
1.93037
1.92127
1.91318
1.906
1.89964
1.89402
1.88905
1.88467
1.8808
1.87739
1.87437
1.87171
1.86935
1.86726
1.8654
1.86374
1.86224
1.86089
1.85967
1.85857
1.85755
1.85662
1.85576
1.85495
1.85419
1.85346
1.85273
1.852
1.85122
1.85038
1.84942
1.84831
1.847
1.84546
1.84364
1.84153
1.83914
1.8365
1.83368
1.8308
1.82799
1.82545
1.82336
1.82194
1.82126
1.82126
1.82294
1.82809
1.84036
1.86745
1.92541
2.04823
2.30741
2.8606
4.10576
7.32691
18.7899
4.16838
6.19791
8.78506
11.4663
13.911
15.9684
17.5806
18.7181
19.3664
19.5321
19.2327
18.9278
18.1324
17.0479
16.1776
15.729
15.431
14.7551
13.3823
12.3007
10.9036
9.3497
7.8242
6.46262
5.33059
4.44302
3.78112
3.30626
2.97277
2.73847
2.57025
2.44498
2.34775
2.26952
2.20486
2.15051
2.10437
2.06501
2.03135
2.00252
1.97778
1.9565
1.93812
1.92218
1.90826
1.89603
1.88517
1.87545
1.86665
1.8586
1.85115
1.8442
1.83764
1.83141
1.82545
1.81973
1.8142
1.80886
1.80368
1.79865
1.79375
1.78893
1.78412
1.77921
1.77405
1.76849
1.76244
1.75725
1.75161
1.74575
1.73958
1.73288
1.72544
1.71732
1.70851
1.69985
1.69186
1.68563
1.66266
0.00107428
3.02022
2.55576
2.41388
2.35951
2.32128
2.28634
2.2523
2.21893
2.18634
2.15488
2.12478
2.09638
2.06981
2.04526
2.0227
2.00214
1.98345
1.96655
1.95126
1.93749
1.92508
1.91394
1.90393
1.89499
1.88698
1.87985
1.87348
1.86784
1.86281
1.85837
1.85443
1.85094
1.84785
1.84512
1.84268
1.84053
1.83861
1.83689
1.83535
1.83397
1.83272
1.83158
1.83054
1.8296
1.82872
1.82791
1.82715
1.82643
1.82573
1.82503
1.82432
1.82357
1.82274
1.82181
1.82072
1.81943
1.81792
1.81613
1.81408
1.81175
1.80919
1.80647
1.80369
1.80101
1.7986
1.79664
1.79533
1.79474
1.79491
1.79684
1.80238
1.8153
1.84348
1.90328
2.02903
2.29256
2.85165
4.10364
7.32731
18.7818
3.06717
4.19718
5.93598
8.03085
10.1777
12.1597
13.8613
15.2204
16.1982
16.775
16.9524
16.7458
16.2741
15.7167
14.8948
14.1962
13.7902
13.4844
12.8747
11.9309
10.9986
9.79654
8.45613
7.13141
5.93689
4.93333
4.14007
3.54571
3.11872
2.81897
2.60868
2.45785
2.34557
2.25845
2.18841
2.13061
2.08214
2.04111
2.00622
1.97646
1.95102
1.9292
1.91045
1.89424
1.88015
1.8678
1.85689
1.84716
1.83838
1.83038
1.823
1.81612
1.80966
1.80352
1.79766
1.79203
1.78661
1.78136
1.77628
1.77134
1.76653
1.76181
1.7571
1.75231
1.74729
1.74189
1.73602
1.731
1.72551
1.71978
1.71375
1.70723
1.7
1.6921
1.68352
1.67506
1.6672
1.66107
1.63806
0.00111592
2.54707
2.3564
2.28883
2.25186
2.22077
2.19104
2.16198
2.13356
2.10601
2.07951
2.05432
2.03057
2.00841
1.98786
1.96897
1.95166
1.93588
1.9215
1.90847
1.89664
1.88596
1.8763
1.86761
1.85979
1.85278
1.84649
1.84088
1.83586
1.8314
1.82742
1.82389
1.82074
1.81796
1.81547
1.81327
1.81129
1.80953
1.80795
1.80654
1.80525
1.80409
1.80303
1.80207
1.80118
1.80036
1.7996
1.79888
1.79819
1.79753
1.79686
1.79617
1.79544
1.79463
1.79371
1.79264
1.79138
1.78989
1.78815
1.78614
1.78387
1.78139
1.77877
1.77611
1.77356
1.77127
1.76944
1.76824
1.76776
1.76811
1.7703
1.77626
1.78987
1.81922
1.88097
2.0098
2.27786
2.84298
4.10162
7.32756
18.7752
2.51303
3.05476
4.07318
5.53198
7.24675
9.00872
10.6621
12.11
13.2881
14.1524
14.6782
14.8616
14.7197
14.2924
13.7342
13.1002
12.5349
12.1772
11.8822
11.3303
10.698
9.88754
8.84449
7.6799
6.52306
5.47156
4.58062
3.87123
3.33702
2.95198
2.68138
2.49153
2.35543
2.25423
2.17584
2.11297
2.06122
2.01797
1.98148
1.95055
1.92422
1.90177
1.88253
1.86598
1.85164
1.83915
1.82816
1.8184
1.80962
1.80166
1.79434
1.78754
1.78116
1.77512
1.76936
1.76384
1.75851
1.75336
1.74838
1.74354
1.73883
1.7342
1.7296
1.72492
1.72004
1.7148
1.70911
1.70426
1.69892
1.69333
1.68745
1.68111
1.67408
1.66641
1.65806
1.64981
1.64208
1.63605
1.61295
0.0011589
2.30112
2.22036
2.1821
2.15414
2.12832
2.10324
2.07871
2.05486
2.03181
2.00976
1.98882
1.96912
1.9507
1.93361
1.91782
1.90331
1.88999
1.87783
1.86672
1.85661
1.84742
1.8391
1.83156
1.82476
1.81862
1.81311
1.80816
1.80373
1.79976
1.79622
1.79306
1.79024
1.78772
1.78548
1.78347
1.78167
1.78006
1.77861
1.7773
1.77612
1.77504
1.77406
1.77316
1.77233
1.77156
1.77084
1.77016
1.76951
1.76887
1.76823
1.76757
1.76686
1.76607
1.76516
1.76411
1.76287
1.76141
1.7597
1.75774
1.75554
1.75314
1.75062
1.74808
1.74565
1.74349
1.74178
1.74069
1.74033
1.74087
1.74334
1.74975
1.76411
1.7947
1.85851
1.99058
2.26335
2.83461
4.09969
7.32773
18.7699
2.23747
2.46581
2.97574
3.85762
5.07421
6.49391
7.96695
9.37424
10.6314
11.6752
12.4577
12.9498
13.1436
13.0514
12.7106
12.1934
11.6132
11.1346
10.8221
10.5452
10.1266
9.6438
8.9325
8.01999
7.00116
5.98554
5.05675
4.26439
3.6296
3.149
2.80131
2.55639
2.38434
2.26107
2.16955
2.09886
2.04233
1.99599
1.9574
1.92496
1.89755
1.87427
1.85444
1.83745
1.82283
1.81013
1.79902
1.7892
1.78042
1.77248
1.76521
1.75848
1.75218
1.74624
1.74058
1.73515
1.72993
1.72489
1.72
1.71527
1.71065
1.70613
1.70163
1.69708
1.69233
1.68725
1.68174
1.67705
1.67188
1.66643
1.6607
1.65453
1.64772
1.64027
1.63216
1.62411
1.61653
1.61059
1.58733
0.00120262
2.15267
2.11312
2.08734
2.06497
2.04351
2.02255
2.00212
1.9823
1.96324
1.94502
1.92776
1.91149
1.89628
1.88209
1.86896
1.85681
1.84563
1.83535
1.82593
1.81731
1.80944
1.80227
1.79577
1.78986
1.78452
1.77969
1.77535
1.77144
1.76793
1.76478
1.76196
1.75943
1.75717
1.75514
1.75332
1.75168
1.75021
1.74888
1.74767
1.74658
1.74558
1.74467
1.74383
1.74305
1.74233
1.74166
1.74102
1.7404
1.73979
1.73917
1.73853
1.73784
1.73707
1.73618
1.73514
1.73392
1.73248
1.73082
1.72891
1.72677
1.72446
1.72204
1.71961
1.7173
1.71527
1.71368
1.7127
1.71248
1.71321
1.71599
1.72288
1.73804
1.76997
1.83597
1.97143
2.24907
2.82657
4.09787
7.32786
18.7656
2.08208
2.17355
2.39523
2.84941
3.59639
4.6093
5.79449
7.04114
8.2546
9.36153
10.3015
11.0252
11.499
11.709
11.6625
11.391
10.9588
10.4665
10.0258
9.69931
9.44999
9.16594
8.73584
8.10598
7.30138
6.40426
5.50812
4.68486
3.97891
3.41022
2.97766
2.66346
2.44145
2.28526
2.17339
2.09049
2.02666
1.97583
1.93435
1.89995
1.87113
1.84685
1.82627
1.80875
1.79375
1.7808
1.76953
1.75962
1.7508
1.74287
1.73564
1.72897
1.72276
1.7169
1.71134
1.70602
1.7009
1.69596
1.69118
1.68654
1.68203
1.67761
1.67322
1.66878
1.66417
1.65926
1.65393
1.64941
1.6444
1.63909
1.63351
1.62752
1.62092
1.6137
1.60582
1.59799
1.59055
1.58471
1.56122
0.00124784
2.04448
2.02081
2.00146
1.98329
1.9656
1.94832
1.93151
1.91525
1.89963
1.88471
1.87057
1.85722
1.84469
1.83298
1.82209
1.81196
1.8026
1.79394
1.78598
1.77865
1.77194
1.76579
1.76019
1.75508
1.75045
1.74624
1.74244
1.739
1.7359
1.7331
1.7306
1.72833
1.72631
1.72447
1.72283
1.72134
1.72
1.71878
1.71767
1.71666
1.71574
1.71489
1.71411
1.71339
1.71271
1.71208
1.71147
1.71088
1.7103
1.70971
1.70909
1.70841
1.70765
1.70678
1.70576
1.70456
1.70315
1.70152
1.69966
1.6976
1.69537
1.69305
1.69073
1.68854
1.68664
1.68518
1.68431
1.68424
1.68518
1.68828
1.69569
1.71172
1.74507
1.81338
1.95241
2.23508
2.81889
4.09616
7.32801
18.7624
1.97557
2.01489
2.10455
2.30692
2.69738
3.32167
4.16416
5.1587
6.22129
7.2757
8.25871
9.11479
9.79471
10.2609
10.493
10.4911
10.2803
9.91684
9.49116
9.10518
8.8157
8.59133
8.33505
7.94854
7.38582
6.67088
5.876
5.08153
4.3496
3.71932
3.20949
2.82007
2.53606
2.33477
2.19294
2.09135
2.01624
1.95863
1.91296
1.87585
1.84521
1.81964
1.79814
1.77996
1.76448
1.75121
1.73973
1.72969
1.72081
1.71287
1.70566
1.69905
1.69291
1.68714
1.68167
1.67645
1.67144
1.6666
1.66193
1.65739
1.65298
1.64866
1.64439
1.64007
1.6356
1.63085
1.6257
1.62134
1.6165
1.61135
1.60592
1.6001
1.59371
1.58672
1.57908
1.57146
1.56417
1.55843
1.53463
0.00129403
1.95514
1.93855
1.9233
1.90855
1.89411
1.88003
1.86635
1.85313
1.84044
1.82831
1.81679
1.80589
1.79562
1.78599
1.77697
1.76857
1.76075
1.7535
1.74678
1.74059
1.73488
1.72963
1.72482
1.72042
1.71641
1.71275
1.70943
1.70642
1.70369
1.70122
1.69899
1.69698
1.69516
1.69351
1.69202
1.69067
1.68945
1.68834
1.68732
1.68639
1.68554
1.68475
1.68403
1.68335
1.68272
1.68212
1.68155
1.68099
1.68043
1.67986
1.67926
1.6786
1.67786
1.677
1.67599
1.67481
1.67343
1.67184
1.67003
1.66804
1.66589
1.66367
1.66146
1.6594
1.65762
1.65628
1.65553
1.65562
1.65679
1.66025
1.66822
1.68517
1.72004
1.79081
1.93356
2.22143
2.81157
4.09459
7.3282
18.7601
1.89016
1.91046
1.94823
2.03159
2.20856
2.53676
3.0539
3.75403
4.5909
5.50036
6.42047
7.29754
8.08193
8.72632
9.19033
9.44731
9.48976
9.33451
9.02979
8.65755
8.31238
8.0499
7.84541
7.61201
7.2613
6.75399
6.11387
5.40537
4.69807
4.04533
3.48179
3.0245
2.67392
2.41738
2.23503
2.10632
2.01416
1.94617
1.89423
1.85325
1.82011
1.79286
1.7702
1.75119
1.73512
1.72144
1.70968
1.69947
1.6905
1.68252
1.67532
1.66876
1.66268
1.65699
1.65161
1.64649
1.64158
1.63685
1.63228
1.62785
1.62354
1.61933
1.61516
1.61096
1.60663
1.60204
1.59708
1.59288
1.58821
1.58321
1.57794
1.5723
1.56611
1.55935
1.55196
1.54455
1.53742
1.53178
1.50758
0.00134145
1.87675
1.86412
1.85197
1.84007
1.82843
1.81707
1.80604
1.79539
1.78515
1.77534
1.766
1.75713
1.74875
1.74085
1.73343
1.72647
1.71997
1.71391
1.70827
1.70304
1.69821
1.69374
1.68963
1.68585
1.6824
1.67923
1.67634
1.67371
1.67132
1.66914
1.66717
1.66537
1.66375
1.66227
1.66093
1.65971
1.65859
1.65758
1.65665
1.65579
1.65501
1.65428
1.6536
1.65297
1.65238
1.65182
1.65128
1.65075
1.65021
1.64966
1.64908
1.64843
1.6477
1.64685
1.64586
1.6447
1.64335
1.6418
1.64005
1.63812
1.63606
1.63394
1.63185
1.6299
1.62825
1.62703
1.6264
1.62667
1.62808
1.63191
1.64049
1.65844
1.69495
1.7683
1.91495
2.20816
2.80465
4.09314
7.32847
18.7588
1.8165
1.82931
1.84791
1.88319
1.9574
2.10793
2.37995
2.80621
3.38784
4.09349
4.87409
5.67926
6.46353
7.18358
7.79533
8.25738
8.53801
8.62226
8.51846
8.26597
7.93815
7.62441
7.38194
7.19276
6.97802
6.65688
6.19564
5.61835
4.98342
4.35112
3.76765
3.26322
2.85294
2.5376
2.30618
2.14124
2.02466
1.94121
1.8798
1.83305
1.79635
1.76681
1.74262
1.72255
1.70575
1.69155
1.67945
1.66901
1.65991
1.65186
1.64466
1.63812
1.63209
1.62648
1.62119
1.61617
1.61136
1.60673
1.60226
1.59794
1.59373
1.58962
1.58557
1.58149
1.5773
1.57287
1.56809
1.56406
1.55955
1.55471
1.5496
1.54413
1.53814
1.53162
1.52447
1.51727
1.51031
1.50477
1.48009
0.0013896
1.80654
1.79664
1.78693
1.77742
1.76809
1.75901
1.75016
1.74162
1.73337
1.72547
1.7179
1.71072
1.70387
1.69741
1.6913
1.68556
1.68016
1.67512
1.67039
1.666
1.66191
1.65813
1.65462
1.65139
1.64841
1.64568
1.64318
1.64089
1.63879
1.63688
1.63514
1.63354
1.6321
1.63077
1.62957
1.62846
1.62746
1.62653
1.62568
1.62489
1.62417
1.62349
1.62287
1.62228
1.62173
1.6212
1.62069
1.62018
1.61967
1.61914
1.61857
1.61793
1.61721
1.61638
1.6154
1.61426
1.61294
1.61143
1.60973
1.60788
1.6059
1.60388
1.6019
1.60007
1.59854
1.59744
1.59694
1.59741
1.59908
1.60332
1.61256
1.63158
1.66983
1.74593
1.89663
2.19532
2.79815
4.09189
7.32884
18.7586
1.75012
1.75937
1.77056
1.78776
1.81961
1.8839
2.00988
2.23379
2.58447
3.06819
3.66461
4.33645
5.04262
5.74476
6.40522
6.98404
7.44067
7.74038
7.86178
7.80487
7.59948
7.31022
7.0219
6.7943
6.6166
6.41705
6.12076
5.69849
5.17476
4.60282
4.03565
3.51305
3.06109
2.69317
2.40989
2.20153
2.05271
1.94739
1.87203
1.81671
1.77475
1.74196
1.71568
1.69423
1.67649
1.66165
1.6491
1.63838
1.62909
1.62095
1.61371
1.60718
1.60119
1.59565
1.59044
1.58551
1.5808
1.57627
1.57191
1.56769
1.56359
1.55958
1.55564
1.55169
1.54763
1.54335
1.53876
1.53489
1.53055
1.52587
1.52092
1.51563
1.50985
1.50354
1.49664
1.48966
1.48287
1.47742
1.45217
0.00143906
1.7426
1.73477
1.72708
1.71951
1.71209
1.70485
1.69781
1.69098
1.68439
1.67805
1.67197
1.66616
1.66062
1.65535
1.65036
1.64563
1.64118
1.63699
1.63306
1.62937
1.62594
1.62274
1.61976
1.61701
1.61446
1.61211
1.60995
1.60796
1.60613
1.60446
1.60292
1.60152
1.60022
1.59905
1.59796
1.59697
1.59605
1.59522
1.59444
1.59372
1.59305
1.59243
1.59185
1.59131
1.59078
1.59029
1.5898
1.58932
1.58883
1.58832
1.58776
1.58714
1.58642
1.5856
1.58464
1.58353
1.58223
1.58076
1.57912
1.57733
1.57544
1.57352
1.57165
1.56995
1.56853
1.56756
1.5672
1.56787
1.56983
1.57452
1.58447
1.60465
1.64476
1.72375
1.87868
2.18295
2.79207
4.09081
7.32949
18.7595
1.69025
1.69737
1.70514
1.71523
1.73075
1.75878
1.81353
1.91814
2.10207
2.39098
2.79434
3.30002
3.88
4.5008
5.12979
5.73423
6.27867
6.72495
7.03736
7.18971
7.17427
7.01129
6.75628
6.48923
6.27283
6.10382
5.91709
5.64224
5.2535
4.7756
4.25811
3.74777
3.2788
2.87374
2.54406
2.29
2.10284
1.96895
1.87411
1.80628
1.75659
1.71904
1.68982
1.66649
1.64751
1.63184
1.61873
1.60763
1.59811
1.58983
1.58253
1.57598
1.57003
1.56453
1.5594
1.55455
1.54994
1.54552
1.54125
1.53714
1.53314
1.52924
1.52541
1.52157
1.51765
1.51354
1.50912
1.50541
1.50124
1.49673
1.49193
1.48682
1.48124
1.47517
1.4685
1.46175
1.45513
1.44978
1.42384
0.00148952
1.6843
1.67804
1.67189
1.66587
1.65997
1.65423
1.64864
1.64321
1.63796
1.6329
1.62802
1.62334
1.61886
1.61458
1.61051
1.60663
1.60297
1.59949
1.59623
1.59315
1.59028
1.58758
1.58507
1.58272
1.58055
1.57853
1.57667
1.57494
1.57336
1.57189
1.57055
1.5693
1.56817
1.56711
1.56615
1.56525
1.56443
1.56366
1.56296
1.5623
1.56169
1.56111
1.56058
1.56007
1.55959
1.55912
1.55866
1.5582
1.55773
1.55722
1.55668
1.55607
1.55537
1.55455
1.55361
1.55252
1.55126
1.54983
1.54824
1.54652
1.54472
1.5429
1.54113
1.53955
1.53826
1.5374
1.53719
1.53811
1.54037
1.54554
1.55626
1.57769
1.61979
1.70184
1.86115
2.17112
2.78643
4.08996
7.33028
18.762
1.63574
1.64147
1.64723
1.65411
1.66307
1.67681
1.7011
1.74735
1.83408
1.98555
2.22452
2.56233
2.99277
3.49521
4.04216
4.60541
5.15618
5.66341
6.09281
6.41014
6.58683
6.60882
6.48669
6.26519
6.0171
5.80732
5.64261
5.46661
5.21222
4.85417
4.41648
3.94591
3.48486
3.06324
2.70011
2.40494
2.17749
2.0098
1.88968
1.80453
1.74367
1.69918
1.66568
1.6397
1.61904
1.60227
1.58844
1.57686
1.56703
1.55856
1.55115
1.54456
1.53862
1.53316
1.5281
1.52334
1.51881
1.51449
1.51033
1.50631
1.50242
1.49863
1.49491
1.49119
1.4874
1.48344
1.4792
1.47564
1.47165
1.4673
1.46267
1.45773
1.45236
1.44651
1.44009
1.43355
1.42711
1.42187
1.39512
0.00154114
1.63096
1.62589
1.62095
1.61612
1.61142
1.60683
1.60238
1.59804
1.59384
1.58978
1.58585
1.58208
1.57845
1.57497
1.57164
1.56847
1.56545
1.56259
1.55987
1.55732
1.5549
1.55265
1.55051
1.54854
1.54668
1.54497
1.54335
1.54188
1.54049
1.53922
1.53804
1.53695
1.53593
1.53501
1.53414
1.53334
1.5326
1.53191
1.53127
1.53067
1.53011
1.52958
1.52908
1.52862
1.52816
1.52772
1.52729
1.52685
1.52639
1.5259
1.52537
1.52477
1.52408
1.52327
1.52235
1.52128
1.52005
1.51866
1.51713
1.51548
1.51377
1.51204
1.51039
1.50892
1.50774
1.50702
1.50697
1.50814
1.51074
1.51644
1.528
1.55078
1.595
1.68025
1.84412
2.15985
2.78127
4.08936
7.33127
18.7663
1.56078
1.56502
1.56893
1.57336
1.57854
1.58522
1.59494
1.61134
1.64119
1.69614
1.79231
1.94788
2.17671
2.48296
2.85869
3.28756
3.74851
4.21914
4.67499
5.08948
5.43321
5.67715
5.79749
5.78605
5.66012
5.4675
5.2691
5.10085
4.94369
4.74462
4.46576
4.11148
3.71513
3.31529
2.94083
2.61062
2.33498
2.11664
1.95134
1.83048
1.74383
1.68199
1.63736
1.60448
1.57958
1.56023
1.54481
1.53229
1.52191
1.51319
1.5057
1.49918
1.4934
1.48819
1.48342
1.479
1.47484
1.47092
1.46717
1.46359
1.46015
1.45683
1.45359
1.4504
1.44717
1.4438
1.44021
1.43723
1.43383
1.43009
1.42609
1.42185
1.41724
1.41223
1.40673
1.40113
1.39564
1.39134
1.36438
0.00158671
1.55738
1.55358
1.54991
1.54634
1.54289
1.53953
1.53628
1.53313
1.53007
1.52712
1.52426
1.52152
1.51885
1.51632
1.51385
1.51153
1.50928
1.50717
1.50513
1.50323
1.5014
1.49971
1.49808
1.4966
1.49516
1.49387
1.49261
1.4915
1.49041
1.48945
1.48851
1.4877
1.48689
1.4862
1.48552
1.48493
1.48435
1.48385
1.48336
1.48294
1.48252
1.48216
1.4818
1.48149
1.48118
1.4809
1.48061
1.48033
1.48002
1.47969
1.47931
1.47889
1.47837
1.47777
1.47704
1.4762
1.47522
1.47411
1.47289
1.47158
1.47023
1.4689
1.46768
1.46666
1.46596
1.46574
1.46626
1.46814
1.47152
1.4783
1.49139
1.5164
1.56386
1.65369
1.82359
2.14642
2.77453
4.0858
7.32261
18.7202
1.49484
1.49803
1.5006
1.50345
1.50664
1.51047
1.51529
1.52223
1.53337
1.55304
1.58838
1.65038
1.75239
1.90768
2.12453
2.40325
2.73548
3.10691
3.49951
3.89412
4.27
4.60537
4.87655
5.06028
5.13809
5.10647
4.98446
4.81434
4.64107
4.48213
4.31386
4.09827
3.81826
3.48941
3.14337
2.81036
2.51048
2.25517
2.04843
1.88868
1.76975
1.68355
1.62182
1.57762
1.54551
1.52171
1.50357
1.48943
1.47809
1.46884
1.46111
1.45455
1.44884
1.44382
1.43929
1.43517
1.43135
1.4278
1.42444
1.42127
1.41825
1.41537
1.4126
1.4099
1.40719
1.4044
1.40142
1.39898
1.39614
1.39299
1.38962
1.38604
1.38217
1.37796
1.37333
1.36864
1.36408
1.36067
1.33335
0.00164347
1.49234
1.48939
1.48652
1.48374
1.48105
1.47847
1.47597
1.47357
1.47125
1.46903
1.46687
1.46482
1.46282
1.46094
1.45909
1.45737
1.45568
1.45412
1.45257
1.45117
1.44978
1.44852
1.44728
1.44618
1.44508
1.44412
1.44315
1.44232
1.44148
1.44077
1.44005
1.43945
1.43883
1.43833
1.43782
1.4374
1.43697
1.43663
1.43628
1.43601
1.43573
1.43552
1.43529
1.43513
1.43494
1.43481
1.43465
1.43451
1.43433
1.43416
1.43392
1.43365
1.4333
1.43288
1.43234
1.43172
1.43097
1.43013
1.42919
1.4282
1.42721
1.42626
1.42544
1.42485
1.42459
1.42486
1.42596
1.42858
1.43278
1.44068
1.45541
1.48277
1.53363
1.62817
1.80418
2.134
2.76841
4.08239
7.31493
18.6946
1.43461
1.43695
1.43859
1.44042
1.44247
1.44486
1.44768
1.45131
1.45629
1.46409
1.47724
1.50051
1.54103
1.60864
1.71424
1.86723
2.07201
2.32644
2.62153
2.94398
3.27791
3.60719
3.91518
4.18495
4.39772
4.53466
4.5808
4.53456
4.41406
4.25518
4.09167
3.93209
3.75507
3.53529
3.2682
2.97333
2.6784
2.4064
2.17051
1.97633
1.82362
1.70835
1.62388
1.56319
1.51981
1.48869
1.46596
1.44902
1.43602
1.42581
1.41757
1.41079
1.40505
1.40012
1.39578
1.39192
1.3884
1.38517
1.38218
1.37939
1.37677
1.37431
1.37198
1.36974
1.36753
1.36527
1.36287
1.36094
1.35864
1.35606
1.35328
1.35034
1.34716
1.34373
1.33994
1.33612
1.33245
1.32992
1.30206
0.00170103
1.43286
1.43071
1.42853
1.4264
1.42429
1.42226
1.42026
1.41838
1.41652
1.41478
1.41307
1.41149
1.40992
1.40847
1.40704
1.40573
1.40443
1.40325
1.40207
1.40101
1.39995
1.39901
1.39807
1.39724
1.3964
1.39569
1.39496
1.39435
1.39372
1.3932
1.39266
1.39224
1.39179
1.39144
1.39108
1.39081
1.39051
1.39031
1.39009
1.38995
1.38979
1.3897
1.3896
1.38955
1.38949
1.38948
1.38944
1.38943
1.38938
1.38933
1.38924
1.38911
1.38891
1.38865
1.3883
1.38787
1.38734
1.38675
1.38609
1.3854
1.38473
1.38414
1.3837
1.38351
1.38369
1.38444
1.38612
1.38954
1.39459
1.4037
1.42014
1.45
1.5044
1.60379
1.78595
2.1226
2.76294
4.07935
7.30929
18.6838
1.37615
1.37772
1.37892
1.38032
1.38188
1.3837
1.38572
1.38815
1.39104
1.39493
1.40054
1.4097
1.42524
1.45215
1.49721
1.56907
1.67619
1.82501
2.01687
2.24788
2.50861
2.78703
3.06953
3.34306
3.59466
3.81123
3.97738
4.07723
4.09803
4.03944
3.91825
3.76517
3.60617
3.44548
3.26598
3.05199
2.80629
2.5489
2.30305
2.08534
1.90328
1.75823
1.6473
1.56536
1.50618
1.46399
1.43392
1.41231
1.39645
1.38456
1.37536
1.36808
1.36213
1.35719
1.35296
1.34929
1.34603
1.3431
1.34044
1.338
1.33576
1.33369
1.33177
1.32996
1.32822
1.32646
1.32461
1.32315
1.32137
1.31934
1.31713
1.31479
1.31228
1.30957
1.30659
1.30361
1.30081
1.29911
1.27052
0.00175915
1.3756
1.37447
1.3732
1.37192
1.37051
1.36915
1.3677
1.36633
1.36489
1.36358
1.36221
1.36099
1.35971
1.35859
1.35743
1.35642
1.35537
1.35446
1.35352
1.35271
1.35188
1.35117
1.35043
1.34981
1.34917
1.34864
1.34809
1.34764
1.34718
1.3468
1.34642
1.34612
1.34581
1.34559
1.34535
1.34519
1.34502
1.34492
1.34482
1.34478
1.34473
1.34475
1.34476
1.34481
1.34486
1.34495
1.34503
1.34512
1.34519
1.34526
1.34528
1.34529
1.34523
1.34512
1.34493
1.3447
1.34438
1.34402
1.34361
1.34321
1.34285
1.3426
1.34251
1.34271
1.3433
1.34453
1.34682
1.35106
1.35703
1.36741
1.38569
1.41818
1.47628
1.58064
1.76896
2.11225
2.75815
4.07699
7.30644
18.6841
1.32273
1.32388
1.32491
1.32602
1.32721
1.32851
1.32994
1.33155
1.3334
1.33562
1.33845
1.34246
1.34871
1.35916
1.37698
1.40702
1.45557
1.52987
1.63628
1.77855
1.95605
2.16366
2.39245
2.63166
2.87003
3.09705
3.30263
3.47619
3.60486
3.67455
3.67445
3.60499
3.48216
3.33261
3.17744
3.01873
2.84335
2.64214
2.4222
2.20264
2.00211
1.8315
1.69384
1.58753
1.50834
1.45099
1.41012
1.3812
1.36065
1.34585
1.33494
1.32671
1.32028
1.31515
1.31092
1.30737
1.3043
1.30164
1.29926
1.29715
1.29525
1.29355
1.29202
1.29062
1.2893
1.28802
1.28668
1.28565
1.28437
1.28286
1.28119
1.27943
1.27756
1.27555
1.27333
1.27115
1.26918
1.26828
1.23877
0.00181808
1.32222
1.32142
1.32062
1.31985
1.31902
1.3182
1.3173
1.31642
1.31546
1.31454
1.31356
1.31265
1.3117
1.31082
1.30993
1.30911
1.30829
1.30755
1.30681
1.30615
1.3055
1.30492
1.30436
1.30386
1.30337
1.30295
1.30255
1.3022
1.30187
1.30159
1.30133
1.30112
1.30093
1.30078
1.30066
1.30058
1.30052
1.3005
1.3005
1.30054
1.3006
1.30069
1.3008
1.30094
1.30109
1.30126
1.30144
1.30162
1.3018
1.30197
1.30211
1.30222
1.30229
1.30232
1.30229
1.30223
1.3021
1.30196
1.3018
1.30167
1.30159
1.30166
1.30191
1.30247
1.30347
1.30518
1.30809
1.31324
1.32016
1.33192
1.35215
1.38742
1.44936
1.5588
1.75326
2.10298
2.75412
4.07557
7.30667
18.6938
1.27704
1.27847
1.27942
1.28021
1.28093
1.28154
1.28218
1.28282
1.28361
1.28452
1.28575
1.28737
1.28986
1.29379
1.30053
1.31207
1.33177
1.36411
1.4148
1.48951
1.59288
1.72659
1.88884
2.07395
2.27396
2.47929
2.68069
2.86959
3.03814
3.17736
3.2759
3.32057
3.30212
3.222
3.09658
2.95026
2.80091
2.64856
2.4824
2.29782
2.10506
1.9218
1.76201
1.63136
1.52951
1.45316
1.39768
1.35821
1.33044
1.31094
1.29712
1.28716
1.27978
1.27417
1.26977
1.26623
1.26329
1.26083
1.25871
1.25689
1.25531
1.25394
1.25276
1.25174
1.25083
1.24999
1.24913
1.24851
1.24768
1.24666
1.24552
1.24431
1.24303
1.24168
1.2402
1.23878
1.23761
1.23747
1.20684
0.00187739
1.27539
1.27401
1.27283
1.27183
1.27096
1.27016
1.26944
1.26873
1.26806
1.26737
1.26671
1.26602
1.26538
1.26469
1.26406
1.2634
1.26281
1.2622
1.26166
1.26109
1.26061
1.26011
1.2597
1.25927
1.25892
1.25856
1.25828
1.25798
1.25777
1.25754
1.2574
1.25724
1.25715
1.25706
1.25704
1.257
1.25704
1.25707
1.25716
1.25726
1.25741
1.25756
1.25776
1.25796
1.2582
1.25843
1.2587
1.25896
1.25923
1.25948
1.25972
1.25994
1.26013
1.26029
1.2604
1.2605
1.26055
1.26062
1.26068
1.2608
1.26099
1.26135
1.26192
1.26283
1.26424
1.26644
1.27002
1.27612
1.28409
1.29731
1.31963
1.35782
1.42375
1.53834
1.73888
2.09479
2.75093
4.07536
7.31052
18.7126
1.23354
1.23526
1.23599
1.23643
1.23679
1.23696
1.23713
1.23717
1.23734
1.23749
1.23787
1.23834
1.23925
1.2406
1.24305
1.24717
1.25456
1.26716
1.28841
1.32229
1.37383
1.44733
1.54606
1.67026
1.81756
1.98225
2.15715
2.33386
2.50484
2.66313
2.80251
2.91462
2.98836
3.01077
2.97416
2.88247
2.7542
2.61299
2.47295
2.33052
2.17594
2.00934
1.84385
1.69478
1.57079
1.47326
1.39975
1.34619
1.30814
1.28154
1.26306
1.25019
1.2411
1.23455
1.22969
1.22598
1.22306
1.22073
1.21882
1.21726
1.21595
1.2149
1.21404
1.21337
1.21284
1.2124
1.21199
1.21174
1.21134
1.2108
1.21014
1.20946
1.20874
1.20802
1.20722
1.20653
1.20611
1.2067
1.17479
0.00193724
1.23147
1.22963
1.228
1.22658
1.22542
1.22437
1.22356
1.22278
1.22218
1.22156
1.22108
1.22054
1.22012
1.21962
1.21922
1.21874
1.21837
1.2179
1.21756
1.21712
1.21681
1.21641
1.21614
1.21579
1.21556
1.21527
1.2151
1.21487
1.21475
1.21458
1.21452
1.2144
1.2144
1.21435
1.21441
1.21442
1.21454
1.21462
1.21478
1.21493
1.21515
1.21535
1.21562
1.21587
1.21619
1.21648
1.21682
1.21715
1.21749
1.21782
1.21815
1.21846
1.21876
1.21903
1.21928
1.21953
1.21975
1.22
1.22028
1.22063
1.22108
1.22172
1.22259
1.22385
1.22565
1.22837
1.23266
1.23981
1.2489
1.2637
1.28823
1.32949
1.39954
1.51933
1.72585
2.08773
2.74867
4.07667
7.31814
18.7411
1.18818
1.18972
1.19024
1.19063
1.19095
1.19119
1.19141
1.19156
1.19175
1.19189
1.19211
1.19234
1.19273
1.19324
1.19415
1.19558
1.19819
1.20273
1.21079
1.22444
1.24691
1.28185
1.33345
1.40504
1.49867
1.61375
1.74744
1.89429
2.04775
2.20064
2.34693
2.48117
2.59776
2.68771
2.73866
2.73801
2.68103
2.57694
2.44816
2.31682
2.18977
2.05809
1.91488
1.76691
1.62894
1.51176
1.41864
1.34799
1.2964
1.25982
1.2344
1.21695
1.20499
1.19675
1.19096
1.18681
1.18374
1.18144
1.17966
1.1783
1.17724
1.17647
1.17591
1.17556
1.17537
1.17531
1.1753
1.1754
1.17541
1.17529
1.17511
1.17491
1.17474
1.17459
1.17445
1.17444
1.17474
1.17602
1.14272
0.00199749
1.18676
1.18538
1.18405
1.18278
1.18165
1.1806
1.17971
1.17889
1.17823
1.17761
1.17712
1.17663
1.17627
1.17587
1.17558
1.17524
1.17498
1.17468
1.17445
1.17417
1.17397
1.17372
1.17354
1.17332
1.17318
1.17299
1.17289
1.17275
1.1727
1.17261
1.1726
1.17256
1.17261
1.17263
1.17273
1.17281
1.17297
1.17311
1.17332
1.17352
1.17379
1.17405
1.17437
1.17468
1.17504
1.1754
1.1758
1.17618
1.17659
1.17699
1.1774
1.1778
1.17819
1.17858
1.17895
1.17934
1.17972
1.18015
1.18062
1.18119
1.18189
1.18279
1.18396
1.18555
1.18777
1.19103
1.19609
1.20438
1.21468
1.23116
1.25806
1.30254
1.37682
1.50182
1.71421
2.0818
2.74746
4.07967
7.33003
18.7822
1.14101
1.14176
1.14211
1.1425
1.14293
1.1434
1.1439
1.14442
1.14495
1.14547
1.14598
1.14648
1.14697
1.14749
1.14807
1.1488
1.14987
1.15158
1.15454
1.1597
1.16862
1.18348
1.20722
1.24319
1.29477
1.3645
1.45341
1.56034
1.68203
1.81343
1.94858
2.08177
2.20849
2.32444
2.42332
2.49418
2.52277
2.4976
2.41892
2.30358
2.17847
2.06121
1.94794
1.82573
1.69396
1.56573
1.4544
1.36528
1.29758
1.24809
1.21308
1.18892
1.1725
1.16147
1.15403
1.14899
1.14549
1.14306
1.14131
1.14009
1.13923
1.1387
1.1384
1.13835
1.13847
1.13875
1.13911
1.13953
1.1399
1.1402
1.14045
1.14072
1.14104
1.14144
1.1419
1.14254
1.14353
1.14547
1.1111
0.00205736
1.14062
1.1401
1.13951
1.1389
1.13825
1.1376
1.13696
1.13634
1.13576
1.13524
1.13476
1.13433
1.13395
1.13362
1.13333
1.13307
1.13285
1.13264
1.13247
1.1323
1.13217
1.13202
1.13192
1.13181
1.13174
1.13166
1.13163
1.13158
1.13158
1.13157
1.13163
1.13166
1.13176
1.13184
1.13199
1.13213
1.13233
1.13253
1.13278
1.13304
1.13335
1.13366
1.13402
1.13438
1.13479
1.1352
1.13565
1.13609
1.13656
1.13703
1.13751
1.13799
1.13847
1.13896
1.13945
1.13997
1.1405
1.1411
1.14175
1.14254
1.14345
1.14461
1.14606
1.14799
1.15064
1.15449
1.16039
1.16992
1.18152
1.19984
1.22922
1.27706
1.35564
1.48585
1.70393
2.07698
2.7473
4.08443
7.34495
18.841
1.09582
1.0963
1.09679
1.0973
1.09781
1.09835
1.09888
1.09943
1.09996
1.10051
1.10105
1.1016
1.10212
1.10267
1.10322
1.10382
1.10451
1.1054
1.10669
1.10878
1.1123
1.11831
1.12842
1.14479
1.17017
1.20752
1.25954
1.32797
1.41297
1.51284
1.62417
1.74226
1.86212
1.9791
2.089
2.18656
2.26355
2.30827
2.30908
2.26084
2.17103
2.05924
1.94589
1.83829
1.73022
1.61656
1.50264
1.39943
1.3144
1.24918
1.20151
1.168
1.14504
1.12972
1.11956
1.11296
1.10859
1.10576
1.10388
1.1027
1.10197
1.10162
1.10156
1.10176
1.10216
1.10275
1.10345
1.10416
1.10486
1.10554
1.1062
1.1069
1.10769
1.1086
1.10963
1.11088
1.11251
1.11506
1.07933
0.00206115
1.09553
1.09518
1.09488
1.0946
1.09433
1.09408
1.09382
1.09357
1.09332
1.09308
1.09284
1.09262
1.09241
1.09222
1.09205
1.0919
1.09176
1.09165
1.09155
1.09146
1.09139
1.09134
1.0913
1.09127
1.09127
1.09127
1.0913
1.09133
1.09139
1.09146
1.09157
1.09167
1.09183
1.09197
1.09217
1.09237
1.09262
1.09288
1.09318
1.09349
1.09384
1.09421
1.09461
1.09503
1.09548
1.09594
1.09643
1.09694
1.09745
1.09799
1.09852
1.09909
1.09964
1.10024
1.10082
1.10148
1.10213
1.10289
1.1037
1.10468
1.1058
1.1072
1.10893
1.11121
1.11431
1.1188
1.12562
1.13651
1.14954
1.1698
1.20182
1.25312
1.33608
1.47143
1.69502
2.0733
2.74829
4.09106
7.36281
18.9305
)
;

boundaryField
{
    inlet
    {
        type            fixedValue;
        value           uniform 100;
    }
    outlet
    {
        type            zeroGradient;
    }
    walls
    {
        beta1           0.075;
        blended         false;
        type            omegaWallFunction;
        value           nonuniform List<scalar> 
78
(
0.949807
0.950789
0.949858
0.95424
0.956183
0.958292
0.961391
0.964303
0.96722
0.970413
0.973254
0.976048
0.979017
0.9818
0.98468
0.987823
0.99124
0.995124
0.999799
1.00536
1.01276
1.02461
4.29975
91.1841
124.051
164.635
203.2
224.464
235.815
238.03
233.661
220.831
201.541
179.587
158.779
134.58
117.365
139.862
165.96
0.950334
0.952539
0.950554
0.954293
0.957578
0.961389
0.973329
0.981187
0.98868
0.996455
1.00472
1.013
1.02132
1.0295
1.03788
1.04656
1.0556
1.06522
1.07566
1.08702
1.09942
1.11312
1.12816
1.14396
1.16026
1.17718
1.20467
47.1571
70.5527
87.5935
99.5203
107.086
111.018
112.043
110.839
107.997
103.907
98.7982
91.8546
)
;
    }
    frontAndBack
    {
        type            empty;
    }
}


// ************************************************************************* //
