/*--------------------------------*- C++ -*----------------------------------*\
  =========                 |
  \\      /  F ield         | OpenFOAM: The Open Source CFD Toolbox
   \\    /   O peration     | Website:  https://openfoam.org
    \\  /    A nd           | Version:  12
     \\/     M anipulation  |
\*---------------------------------------------------------------------------*/
FoamFile
{
    format      ascii;
    class       volScalarField;
    location    "100";
    object      nuTilda;
}
// * * * * * * * * * * * * * * * * * * * * * * * * * * * * * * * * * * * * * //

dimensions      [0 2 -1 0 0 0 0];

internalField   nonuniform List<scalar> 
10720
(
0.105134
0.110405
0.116318
0.123139
0.13089
0.139851
0.150289
0.162185
0.175719
0.190681
0.206583
0.222767
0.23822
0.251798
0.262736
0.27059
0.275304
0.277135
0.276468
0.273743
0.269268
0.263265
0.255955
0.247664
0.239067
0.23086
0.223123
0.215511
0.207758
0.199768
0.191489
0.182793
0.173653
0.164044
0.152983
0.141883
0.131393
0.122182
0.0883224
0.100187
0.0949944
0.089161
0.0822213
0.0737025
0.0626192
0.0487758
0.0452314
0.0466746
0.0573192
0.0663731
0.0741573
0.0816836
0.0894791
0.0976187
0.105932
0.114087
0.121782
0.128816
0.13517
0.140921
0.146221
0.151211
0.155975
0.160272
0.163774
0.166466
0.168443
0.169801
0.170568
0.170805
0.170564
0.169846
0.168647
0.166926
0.164711
0.161489
0.157875
0.145904
0.111419
0.11099
0.110332
0.109462
0.108534
0.107514
0.106434
0.105713
0.106073
0.107323
0.109369
0.112283
0.11613
0.121199
0.127615
0.135349
0.144368
0.15436
0.165072
0.176057
0.187044
0.197477
0.206904
0.214648
0.220067
0.222975
0.223536
0.222024
0.218838
0.214409
0.209121
0.203268
0.197067
0.190705
0.184319
0.178317
0.172554
0.167036
0.1625
0.111846
0.112034
0.112353
0.112304
0.112075
0.111615
0.110645
0.108541
0.105791
0.102208
0.0983193
0.0943908
0.0905323
0.0868302
0.0834348
0.0804299
0.0778919
0.0758652
0.0743575
0.0733407
0.0727759
0.0726249
0.0728459
0.0734319
0.0743634
0.0755387
0.0768343
0.0781313
0.079403
0.0810783
0.0842762
0.0888887
0.0940122
0.0988619
0.103034
0.106628
0.109539
0.114391
0.118981
0.128151
0.128054
0.127806
0.127412
0.126955
0.126352
0.125597
0.124735
0.123708
0.122901
0.122343
0.121935
0.121592
0.121346
0.121287
0.121354
0.121655
0.122411
0.123857
0.126158
0.129073
0.131278
0.134277
0.137728
0.145281
0.155438
0.166285
0.176595
0.185719
0.193263
0.199063
0.203164
0.205775
0.207172
0.20765
0.207434
0.20703
0.204484
0.207845
0.128237
0.128174
0.128137
0.127923
0.127564
0.127054
0.12635
0.125456
0.124304
0.122877
0.121139
0.119118
0.116839
0.11431
0.111601
0.108741
0.105782
0.102765
0.0997439
0.0967384
0.0937837
0.0908883
0.0880767
0.0852783
0.0824613
0.0796953
0.0770319
0.0745164
0.0722053
0.0700569
0.0687781
0.0691467
0.0709042
0.0737424
0.0773634
0.0816137
0.0862873
0.0911597
0.0996067
0.132918
0.13286
0.132737
0.132544
0.132304
0.131993
0.131605
0.131155
0.130622
0.13001
0.129475
0.12907
0.128739
0.128426
0.128112
0.127786
0.127298
0.126575
0.124953
0.123013
0.12103
0.119157
0.11759
0.116662
0.116584
0.117658
0.120189
0.124459
0.133264
0.144366
0.156446
0.168663
0.180382
0.191191
0.200952
0.209681
0.217948
0.22401
0.232825
0.13295
0.132935
0.132902
0.132798
0.132621
0.132376
0.132031
0.131553
0.130942
0.130182
0.129265
0.128197
0.126974
0.125582
0.124037
0.122339
0.120502
0.118538
0.116469
0.114304
0.112062
0.109751
0.107365
0.10483
0.102085
0.0991639
0.096092
0.0929022
0.0896306
0.0863081
0.082984
0.0797679
0.0768359
0.074302
0.072683
0.0731696
0.0752235
0.0779669
0.0853262
0.135337
0.1353
0.135219
0.135092
0.134933
0.134726
0.134475
0.134185
0.133844
0.133453
0.13301
0.132508
0.131946
0.131324
0.130636
0.129887
0.129062
0.128162
0.127131
0.125904
0.124412
0.122654
0.120655
0.118489
0.116672
0.115405
0.114586
0.114332
0.114273
0.11567
0.119278
0.127999
0.139979
0.154244
0.170021
0.186733
0.204254
0.222267
0.240963
0.135346
0.135324
0.135286
0.135206
0.135079
0.134919
0.134703
0.134419
0.134061
0.133616
0.133079
0.132451
0.131731
0.130908
0.12999
0.128969
0.127849
0.12663
0.125318
0.123912
0.122417
0.120828
0.119137
0.117284
0.115213
0.112932
0.110439
0.107743
0.104852
0.101777
0.0985389
0.0951577
0.0916649
0.0880996
0.0845344
0.0811804
0.0783568
0.0760253
0.0780337
0.136669
0.136646
0.136593
0.136511
0.136408
0.136276
0.136114
0.135925
0.135705
0.135451
0.135163
0.134835
0.134463
0.134043
0.133566
0.133026
0.132431
0.131738
0.130918
0.129963
0.128847
0.127542
0.126014
0.124235
0.122281
0.120225
0.118148
0.116167
0.114217
0.11292
0.1121
0.112107
0.114227
0.121725
0.134045
0.151204
0.173034
0.201162
0.233195
0.136661
0.136641
0.136603
0.136545
0.13645
0.136338
0.136197
0.136015
0.135785
0.1355
0.135157
0.134757
0.1343
0.133776
0.133192
0.13254
0.131821
0.131033
0.130178
0.129253
0.128256
0.127182
0.126021
0.124728
0.123259
0.121609
0.119766
0.117724
0.115475
0.113013
0.110338
0.10745
0.104352
0.101048
0.0975411
0.0937941
0.089877
0.0852873
0.0800109
0.137484
0.137468
0.137429
0.137369
0.137295
0.137201
0.137089
0.136959
0.136807
0.136632
0.136432
0.136202
0.135939
0.135637
0.13529
0.134895
0.134442
0.133924
0.133325
0.132631
0.13183
0.130905
0.129831
0.12859
0.127178
0.125586
0.123786
0.121792
0.119591
0.11729
0.115003
0.11273
0.110907
0.110411
0.112647
0.121722
0.138471
0.168067
0.211453
0.137472
0.137456
0.137425
0.137382
0.137309
0.137227
0.137128
0.137002
0.136845
0.136652
0.13642
0.136151
0.135844
0.135494
0.135102
0.134665
0.134182
0.133651
0.133072
0.132441
0.131757
0.131015
0.130205
0.129297
0.128256
0.127076
0.125743
0.124245
0.122569
0.1207
0.118626
0.116337
0.113821
0.111067
0.10806
0.104746
0.101027
0.0967625
0.0884114
0.138017
0.138005
0.137976
0.137933
0.137883
0.137821
0.137748
0.137666
0.137569
0.137456
0.137326
0.137174
0.136998
0.136794
0.136558
0.136285
0.13597
0.135605
0.135179
0.134678
0.134089
0.133401
0.132601
0.131682
0.130649
0.129492
0.128175
0.126668
0.124941
0.122956
0.120716
0.118212
0.115473
0.112686
0.110273
0.109996
0.115877
0.135559
0.181201
0.138006
0.137999
0.13798
0.137952
0.137894
0.137832
0.137757
0.137665
0.137552
0.137413
0.13725
0.137062
0.136847
0.136604
0.136332
0.136028
0.135691
0.13532
0.134914
0.13447
0.133986
0.133457
0.132877
0.132223
0.131472
0.130615
0.129642
0.128541
0.127298
0.125898
0.124325
0.122564
0.120597
0.118405
0.115961
0.113221
0.110007
0.106514
0.0982065
0.138388
0.138377
0.138355
0.138326
0.138293
0.138256
0.138213
0.138164
0.138104
0.13803
0.137942
0.137836
0.13771
0.137562
0.137388
0.137185
0.136948
0.136673
0.136353
0.135985
0.135556
0.135056
0.134472
0.133797
0.133032
0.132174
0.131201
0.130092
0.128814
0.127352
0.125728
0.123861
0.12153
0.11874
0.115479
0.111998
0.109792
0.114967
0.151249
0.138384
0.138388
0.138382
0.138365
0.138318
0.138267
0.138208
0.138137
0.138051
0.137948
0.137829
0.137692
0.137538
0.137364
0.137169
0.136952
0.136711
0.136445
0.136153
0.135832
0.135481
0.135096
0.134671
0.13419
0.133636
0.133002
0.13228
0.131459
0.130528
0.129473
0.128281
0.126934
0.125415
0.123702
0.121765
0.119565
0.116906
0.114088
0.106915
0.138665
0.138654
0.138638
0.138619
0.138602
0.138585
0.138564
0.138538
0.138502
0.138455
0.138395
0.13832
0.138229
0.138121
0.137994
0.137845
0.13767
0.137466
0.137227
0.136949
0.136623
0.136243
0.135801
0.135292
0.134715
0.134065
0.133328
0.132487
0.131519
0.130436
0.129315
0.128125
0.126708
0.124871
0.1224
0.118698
0.114267
0.108928
0.129399
0.13867
0.138683
0.138686
0.138678
0.138639
0.138596
0.138547
0.138489
0.138422
0.138343
0.138252
0.138151
0.138037
0.137908
0.137766
0.137607
0.137431
0.137237
0.137023
0.136787
0.136528
0.136242
0.135925
0.135565
0.135148
0.13467
0.134124
0.133503
0.132795
0.131991
0.131078
0.130042
0.128867
0.127533
0.12601
0.124268
0.12212
0.119855
0.113978
0.138885
0.138874
0.138862
0.138853
0.138848
0.138845
0.138839
0.138826
0.138803
0.13877
0.138727
0.138671
0.138603
0.138521
0.138425
0.138312
0.138179
0.138023
0.137841
0.13763
0.137382
0.137094
0.136758
0.13637
0.13593
0.135433
0.134865
0.134218
0.133493
0.132713
0.131907
0.131071
0.130157
0.129046
0.127594
0.125218
0.121932
0.113299
0.118817
0.138896
0.138912
0.13892
0.138917
0.138884
0.138848
0.138807
0.13876
0.138707
0.138645
0.138575
0.138497
0.138411
0.138315
0.138209
0.138091
0.13796
0.137815
0.137656
0.13748
0.137286
0.137071
0.136831
0.136557
0.136239
0.135873
0.135455
0.134977
0.134432
0.133811
0.133103
0.132298
0.131382
0.130338
0.129139
0.127761
0.126042
0.12423
0.119523
0.139065
0.139055
0.139049
0.139047
0.139052
0.139058
0.139059
0.139052
0.139035
0.13901
0.138976
0.138932
0.13888
0.138818
0.138745
0.13866
0.138561
0.138444
0.138307
0.138147
0.137959
0.137739
0.137481
0.137183
0.136843
0.13646
0.136032
0.135569
0.135077
0.134549
0.133975
0.133348
0.132662
0.131877
0.130958
0.129529
0.127863
0.120861
0.117312
0.139075
0.139089
0.139096
0.139096
0.13907
0.139041
0.139009
0.138971
0.138929
0.13888
0.138826
0.138767
0.138701
0.138628
0.138547
0.138458
0.13836
0.138251
0.138132
0.137999
0.137852
0.137688
0.137504
0.137293
0.137047
0.136764
0.136438
0.136066
0.135641
0.135155
0.134601
0.133969
0.133247
0.132423
0.131474
0.130379
0.129005
0.127557
0.123822
0.13921
0.139204
0.139204
0.13921
0.139222
0.139233
0.139236
0.139231
0.139217
0.139195
0.139167
0.139132
0.139092
0.139045
0.138991
0.138929
0.138857
0.138773
0.138673
0.138555
0.138415
0.138251
0.138058
0.137838
0.137592
0.137325
0.13704
0.136739
0.136416
0.13606
0.135659
0.135199
0.134671
0.134055
0.133359
0.132371
0.13144
0.127648
0.120835
0.139214
0.139221
0.139225
0.139228
0.139209
0.139188
0.139163
0.139134
0.139102
0.139066
0.139025
0.13898
0.13893
0.138874
0.138813
0.138746
0.138671
0.138589
0.138498
0.138397
0.138284
0.138158
0.138016
0.137851
0.137659
0.137437
0.137181
0.136888
0.136553
0.136169
0.13573
0.135228
0.134655
0.133999
0.133242
0.132367
0.131265
0.130102
0.127151
0.139323
0.139323
0.139329
0.139343
0.139361
0.139373
0.139377
0.139372
0.139359
0.139341
0.139318
0.13929
0.139259
0.139226
0.13919
0.13915
0.139105
0.139053
0.138988
0.13891
0.138818
0.138711
0.13859
0.138453
0.1383
0.138133
0.137952
0.137755
0.137539
0.137296
0.137016
0.136688
0.136298
0.135824
0.135266
0.134511
0.133709
0.132084
0.12573
0.139316
0.139316
0.139318
0.139324
0.139313
0.139298
0.13928
0.13926
0.139237
0.139211
0.139181
0.139148
0.139111
0.13907
0.139025
0.138974
0.138918
0.138856
0.138787
0.13871
0.138623
0.138525
0.138414
0.138284
0.138132
0.137956
0.137753
0.13752
0.137252
0.136945
0.136595
0.136193
0.135734
0.135207
0.134599
0.133895
0.133007
0.132067
0.129736
0.139405
0.139413
0.139426
0.139447
0.139468
0.139482
0.139486
0.139482
0.139471
0.139456
0.139438
0.139418
0.139397
0.139377
0.13936
0.139343
0.139326
0.139303
0.139272
0.139231
0.139183
0.139127
0.139063
0.138987
0.1389
0.138801
0.138689
0.138563
0.13842
0.138256
0.138065
0.137839
0.137566
0.137225
0.136799
0.136234
0.135452
0.134748
0.130035
0.13939
0.139385
0.139386
0.139396
0.13939
0.139381
0.139369
0.139355
0.13934
0.139323
0.139304
0.139281
0.139256
0.139227
0.139194
0.139158
0.139117
0.139071
0.139019
0.13896
0.138893
0.138816
0.138728
0.138625
0.138504
0.138363
0.1382
0.138012
0.137796
0.137549
0.137266
0.136942
0.136571
0.136146
0.135653
0.135083
0.134363
0.133603
0.131755
0.139464
0.139477
0.139496
0.139522
0.139546
0.139561
0.139567
0.139564
0.139557
0.139546
0.139534
0.139522
0.139513
0.139509
0.13951
0.139512
0.139514
0.139511
0.139502
0.139485
0.139463
0.139436
0.139403
0.139364
0.139318
0.139263
0.139199
0.139125
0.139038
0.138936
0.138816
0.13867
0.138492
0.138267
0.13797
0.137582
0.136911
0.13647
0.133252
0.139442
0.139435
0.139437
0.139453
0.139452
0.139447
0.139438
0.139429
0.13942
0.13941
0.139399
0.139386
0.13937
0.139352
0.13933
0.139306
0.139277
0.139244
0.139206
0.139161
0.139109
0.13905
0.13898
0.138897
0.138799
0.138685
0.138553
0.138401
0.138225
0.138025
0.137795
0.137531
0.137229
0.136883
0.136481
0.136019
0.135428
0.134835
0.133359
0.139505
0.139521
0.139545
0.139575
0.1396
0.139616
0.139623
0.139624
0.13962
0.139615
0.139609
0.139607
0.13961
0.13962
0.139633
0.139645
0.139655
0.139661
0.139661
0.139656
0.139646
0.139633
0.139618
0.139599
0.139576
0.139548
0.139515
0.139476
0.139429
0.139373
0.139305
0.139222
0.139118
0.138985
0.1388
0.138561
0.138077
0.137723
0.135541
0.139481
0.139475
0.13948
0.1395
0.139503
0.1395
0.139494
0.139488
0.139483
0.139479
0.139474
0.139468
0.13946
0.139451
0.139439
0.139425
0.139407
0.139384
0.139357
0.139324
0.139285
0.139238
0.139182
0.139116
0.139036
0.138943
0.138835
0.13871
0.138567
0.138402
0.138214
0.137998
0.137751
0.137468
0.137141
0.136766
0.136286
0.135881
0.13469
0.139535
0.139553
0.139578
0.13961
0.139636
0.139653
0.139662
0.139666
0.139667
0.139666
0.139668
0.139674
0.139688
0.139705
0.139724
0.13974
0.139753
0.139762
0.139767
0.139767
0.139764
0.139759
0.139752
0.139744
0.139734
0.139722
0.139706
0.139688
0.139666
0.139639
0.139606
0.139565
0.139512
0.139445
0.139345
0.139217
0.138921
0.138668
0.137173
0.139514
0.13951
0.139519
0.139541
0.139547
0.139546
0.139541
0.139537
0.139534
0.139533
0.139533
0.139533
0.139532
0.13953
0.139527
0.13952
0.139511
0.139497
0.139479
0.139455
0.139426
0.13939
0.139345
0.139291
0.139226
0.13915
0.139061
0.138958
0.13884
0.138705
0.13855
0.138373
0.138171
0.137941
0.13768
0.13739
0.13704
0.136788
0.135832
0.139562
0.139578
0.139604
0.139636
0.139661
0.139678
0.139689
0.139695
0.1397
0.139704
0.139712
0.139726
0.139746
0.139768
0.139789
0.139806
0.139821
0.139831
0.139838
0.139842
0.139843
0.139842
0.139841
0.139839
0.139836
0.139832
0.139826
0.139819
0.139811
0.139801
0.139789
0.139773
0.139753
0.139726
0.139683
0.139629
0.139474
0.139343
0.13834
0.139547
0.13955
0.139561
0.139579
0.139585
0.139584
0.13958
0.139577
0.139576
0.139578
0.139581
0.139585
0.139589
0.139593
0.139596
0.139597
0.139594
0.139587
0.139576
0.13956
0.139539
0.139511
0.139476
0.139432
0.139379
0.139316
0.139243
0.139158
0.139061
0.138949
0.138822
0.138679
0.138518
0.138342
0.138156
0.137959
0.137727
0.13757
0.136836
0.139593
0.139606
0.139629
0.139658
0.139682
0.139699
0.13971
0.139718
0.139725
0.139733
0.139746
0.139765
0.139789
0.139812
0.139833
0.139851
0.139866
0.139877
0.139886
0.139892
0.139895
0.139898
0.1399
0.139902
0.139904
0.139905
0.139905
0.139906
0.139905
0.139905
0.139904
0.139903
0.139901
0.139898
0.139889
0.139878
0.139812
0.139783
0.139152
0.13959
0.139599
0.139609
0.139617
0.13962
0.139618
0.139613
0.13961
0.13961
0.139613
0.139619
0.139626
0.139635
0.139644
0.139652
0.139657
0.13966
0.139659
0.139654
0.139644
0.139629
0.139608
0.13958
0.139545
0.139502
0.13945
0.139389
0.139319
0.139239
0.139149
0.139048
0.138939
0.138824
0.138707
0.13859
0.138469
0.138322
0.138222
0.137697
0.139637
0.139642
0.139659
0.139684
0.139705
0.139719
0.139729
0.139738
0.139746
0.139756
0.139772
0.139794
0.139818
0.139841
0.139862
0.13988
0.139895
0.139907
0.139917
0.139925
0.13993
0.139935
0.13994
0.139945
0.139949
0.139954
0.139958
0.139963
0.139968
0.139974
0.139981
0.139988
0.139997
0.140007
0.140016
0.140029
0.140013
0.140045
0.139688
0.139646
0.139656
0.139663
0.13966
0.139656
0.13965
0.139644
0.139639
0.139639
0.139642
0.139649
0.139659
0.139672
0.139684
0.139696
0.139706
0.139712
0.139715
0.139715
0.139709
0.139699
0.139684
0.139663
0.139635
0.139599
0.139557
0.139507
0.13945
0.139386
0.139316
0.139243
0.139171
0.139099
0.139029
0.138962
0.13889
0.138799
0.138737
0.138386
0.139693
0.139689
0.139698
0.139715
0.13973
0.139741
0.13975
0.139757
0.139765
0.139776
0.139793
0.139816
0.13984
0.139862
0.139882
0.1399
0.139915
0.139928
0.139939
0.139947
0.139954
0.139961
0.139967
0.139974
0.139981
0.139987
0.139994
0.140002
0.14001
0.14002
0.140031
0.140044
0.14006
0.140078
0.140097
0.140124
0.140133
0.140193
0.140021
0.139708
0.139714
0.139715
0.139707
0.139696
0.139686
0.139675
0.139668
0.139666
0.139668
0.139675
0.139687
0.139701
0.139716
0.139731
0.139744
0.139754
0.13976
0.139762
0.139761
0.139755
0.139744
0.139727
0.139705
0.139676
0.139641
0.139601
0.139557
0.139509
0.13946
0.139413
0.139369
0.139328
0.139289
0.139251
0.13921
0.139156
0.139119
0.138899
0.139751
0.139742
0.139742
0.139751
0.13976
0.139766
0.139772
0.139777
0.139783
0.139793
0.13981
0.139831
0.139854
0.139876
0.139895
0.139913
0.139928
0.139941
0.139952
0.139961
0.139969
0.139977
0.139985
0.139993
0.140002
0.14001
0.140019
0.140028
0.140039
0.140051
0.140065
0.140081
0.140101
0.140123
0.140149
0.140183
0.140209
0.140276
0.140215
0.139763
0.139763
0.13976
0.139752
0.139739
0.139726
0.139711
0.1397
0.139694
0.139694
0.1397
0.139712
0.139727
0.139744
0.13976
0.139775
0.139787
0.139795
0.1398
0.139801
0.139797
0.13979
0.139778
0.13976
0.139736
0.139709
0.139678
0.139645
0.139612
0.139581
0.139553
0.139529
0.139506
0.139484
0.139463
0.13944
0.13941
0.139389
0.13926
0.1398
0.139791
0.139786
0.139787
0.13979
0.139792
0.139793
0.139795
0.139799
0.139807
0.139822
0.139842
0.139864
0.139884
0.139903
0.13992
0.139935
0.139948
0.139959
0.139969
0.139978
0.139987
0.139996
0.140006
0.140015
0.140025
0.140035
0.140045
0.140057
0.140071
0.140086
0.140105
0.140126
0.140152
0.140182
0.14022
0.140256
0.140325
0.140324
0.139804
0.139798
0.139794
0.139792
0.139781
0.139767
0.139751
0.139736
0.139726
0.139722
0.139725
0.139736
0.13975
0.139767
0.139785
0.1398
0.139813
0.139823
0.139829
0.139832
0.139831
0.139826
0.139817
0.139802
0.139784
0.139763
0.139741
0.139718
0.139697
0.139679
0.139664
0.13965
0.139638
0.139625
0.139614
0.139602
0.139586
0.139576
0.139505
0.139835
0.13983
0.139824
0.13982
0.139819
0.139816
0.139814
0.139812
0.139813
0.139817
0.13983
0.139848
0.139868
0.139887
0.139905
0.139922
0.139936
0.13995
0.139962
0.139972
0.139982
0.139992
0.140002
0.140012
0.140023
0.140033
0.140044
0.140056
0.140069
0.140083
0.140099
0.140119
0.140141
0.140168
0.1402
0.140241
0.140283
0.140353
0.140382
0.139831
0.139824
0.139823
0.139824
0.139817
0.139806
0.139791
0.139775
0.139761
0.139753
0.139752
0.139759
0.139773
0.139789
0.139806
0.139821
0.139834
0.139845
0.139853
0.139856
0.139857
0.139854
0.139847
0.139836
0.139821
0.139806
0.139791
0.139777
0.139765
0.139754
0.139746
0.139739
0.139732
0.139726
0.13972
0.139715
0.139707
0.139706
0.139667
0.13986
0.13986
0.139856
0.13985
0.139846
0.139841
0.139835
0.13983
0.139827
0.139827
0.139835
0.139851
0.139869
0.139887
0.139904
0.13992
0.139935
0.139948
0.13996
0.139971
0.139982
0.139992
0.140003
0.140014
0.140025
0.140037
0.140049
0.140062
0.140075
0.14009
0.140107
0.140126
0.140149
0.140176
0.140209
0.14025
0.140295
0.140366
0.140412
0.139854
0.13985
0.13985
0.139851
0.139846
0.139837
0.139826
0.139811
0.139796
0.139784
0.139779
0.139783
0.139793
0.139808
0.139824
0.139838
0.139851
0.139862
0.13987
0.139875
0.139877
0.139875
0.13987
0.139862
0.139851
0.139841
0.139831
0.139823
0.139816
0.13981
0.139805
0.139802
0.139798
0.139795
0.139794
0.139793
0.139791
0.139795
0.139774
0.139882
0.139885
0.139883
0.139878
0.139873
0.139866
0.139859
0.139851
0.139844
0.13984
0.139844
0.139855
0.13987
0.139887
0.139902
0.139917
0.139931
0.139944
0.139956
0.139968
0.139978
0.139989
0.14
0.140012
0.140024
0.140037
0.14005
0.140063
0.140077
0.140093
0.140109
0.140129
0.140151
0.140178
0.14021
0.140251
0.140297
0.140368
0.140423
0.139879
0.139879
0.139878
0.139876
0.13987
0.139862
0.139854
0.139841
0.139827
0.139813
0.139805
0.139805
0.139813
0.139825
0.139839
0.139852
0.139865
0.139875
0.139884
0.13989
0.139893
0.139893
0.139889
0.139882
0.139874
0.139868
0.139863
0.139858
0.139853
0.13985
0.139848
0.139847
0.139846
0.139845
0.139846
0.139847
0.139849
0.139857
0.139847
0.139906
0.139909
0.139909
0.139905
0.1399
0.139893
0.139885
0.139876
0.139867
0.13986
0.139858
0.139864
0.139876
0.13989
0.139903
0.139917
0.13993
0.139942
0.139953
0.139964
0.139974
0.139985
0.139996
0.140008
0.14002
0.140033
0.140047
0.140061
0.140076
0.140092
0.140109
0.140128
0.14015
0.140176
0.140207
0.140247
0.140291
0.140361
0.14042
0.139908
0.13991
0.139907
0.139902
0.139893
0.139884
0.139876
0.139867
0.139855
0.139841
0.13983
0.139826
0.13983
0.13984
0.139852
0.139864
0.139876
0.139886
0.139895
0.139901
0.139905
0.139906
0.139903
0.139898
0.139893
0.139889
0.139886
0.139884
0.139881
0.13988
0.139879
0.139879
0.139879
0.13988
0.139882
0.139886
0.13989
0.1399
0.139897
0.139934
0.139934
0.139934
0.13993
0.139925
0.13992
0.139912
0.139904
0.139895
0.139885
0.139879
0.13988
0.139887
0.139898
0.139909
0.13992
0.139931
0.139942
0.139952
0.139962
0.139972
0.139981
0.139992
0.140003
0.140015
0.140028
0.140042
0.140056
0.140072
0.140088
0.140105
0.140125
0.140146
0.140172
0.140201
0.140239
0.140282
0.140349
0.140409
0.139939
0.13994
0.139937
0.139929
0.139918
0.139907
0.139898
0.13989
0.13988
0.139867
0.139854
0.139847
0.139848
0.139854
0.139864
0.139874
0.139884
0.139894
0.139903
0.139909
0.139914
0.139916
0.139914
0.139911
0.139907
0.139905
0.139904
0.139903
0.139902
0.139901
0.139901
0.139902
0.139903
0.139905
0.139908
0.139913
0.139919
0.13993
0.139931
0.139961
0.139959
0.139958
0.139954
0.13995
0.139944
0.139938
0.139931
0.139923
0.139913
0.139904
0.1399
0.139903
0.13991
0.139918
0.139928
0.139937
0.139946
0.139955
0.139963
0.139972
0.13998
0.139989
0.139999
0.140011
0.140023
0.140036
0.14005
0.140066
0.140082
0.1401
0.140119
0.14014
0.140165
0.140193
0.140229
0.14027
0.140333
0.140391
0.139967
0.139969
0.139965
0.139955
0.139944
0.139932
0.139921
0.139912
0.139903
0.139892
0.139879
0.13987
0.139866
0.139868
0.139875
0.139884
0.139893
0.139902
0.13991
0.139916
0.139921
0.139923
0.139922
0.13992
0.139918
0.139917
0.139917
0.139917
0.139916
0.139916
0.139917
0.139918
0.13992
0.139922
0.139926
0.139931
0.139938
0.13995
0.139955
0.139987
0.139984
0.139982
0.139977
0.139972
0.139967
0.139961
0.139955
0.139948
0.13994
0.139931
0.139923
0.139922
0.139925
0.139931
0.139938
0.139946
0.139953
0.13996
0.139967
0.139974
0.139981
0.139989
0.139998
0.140008
0.140019
0.140031
0.140044
0.140059
0.140075
0.140092
0.140111
0.140132
0.140156
0.140184
0.140217
0.140256
0.140315
0.14037
0.139994
0.139996
0.139991
0.13998
0.139968
0.139956
0.139945
0.139935
0.139926
0.139916
0.139905
0.139893
0.139886
0.139885
0.139888
0.139894
0.139902
0.139909
0.139916
0.139922
0.139927
0.139929
0.139929
0.139927
0.139926
0.139926
0.139926
0.139926
0.139927
0.139927
0.139928
0.13993
0.139932
0.139934
0.139938
0.139944
0.139952
0.139964
0.13997
0.140012
0.140008
0.140005
0.139999
0.139993
0.139988
0.139982
0.139976
0.139971
0.139964
0.139957
0.139948
0.139943
0.139943
0.139946
0.139951
0.139956
0.139962
0.139968
0.139974
0.139979
0.139985
0.139992
0.139999
0.140007
0.140017
0.140028
0.14004
0.140053
0.140068
0.140085
0.140103
0.140123
0.140146
0.140172
0.140205
0.140241
0.140296
0.140348
0.140018
0.14002
0.140014
0.140003
0.139991
0.13998
0.139969
0.139958
0.139949
0.13994
0.139929
0.139918
0.139908
0.139903
0.139903
0.139906
0.139912
0.139917
0.139923
0.139928
0.139932
0.139935
0.139934
0.139933
0.139932
0.139932
0.139933
0.139934
0.139934
0.139935
0.139936
0.139938
0.13994
0.139943
0.139947
0.139953
0.13996
0.139972
0.13998
0.140035
0.140031
0.140026
0.14002
0.140014
0.140009
0.140003
0.139998
0.139993
0.139988
0.139981
0.139973
0.139965
0.139962
0.139962
0.139965
0.139969
0.139973
0.139977
0.139982
0.139986
0.139991
0.139996
0.140002
0.140009
0.140017
0.140026
0.140036
0.140048
0.140062
0.140077
0.140094
0.140114
0.140136
0.140161
0.140191
0.140225
0.140277
0.140324
0.140041
0.140042
0.140035
0.140023
0.140011
0.140001
0.139991
0.13998
0.13997
0.139961
0.139952
0.139941
0.13993
0.139923
0.139919
0.13992
0.139923
0.139927
0.139931
0.139935
0.139938
0.13994
0.13994
0.139938
0.139937
0.139938
0.139938
0.139939
0.139939
0.13994
0.139941
0.139943
0.139945
0.139948
0.139953
0.139959
0.139966
0.139978
0.139985
0.140056
0.140052
0.140046
0.14004
0.140035
0.14003
0.140026
0.140021
0.140016
0.140011
0.140005
0.139998
0.13999
0.139983
0.13998
0.13998
0.139982
0.139985
0.139988
0.139991
0.139994
0.139998
0.140001
0.140006
0.140011
0.140018
0.140026
0.140035
0.140045
0.140057
0.140071
0.140087
0.140105
0.140125
0.140149
0.140177
0.140209
0.140257
0.140301
0.140061
0.140061
0.140054
0.14004
0.140029
0.140019
0.14001
0.14
0.13999
0.139981
0.139972
0.139962
0.139952
0.139943
0.139937
0.139934
0.139935
0.139937
0.13994
0.139942
0.139945
0.139946
0.139945
0.139943
0.139942
0.139942
0.139942
0.139943
0.139943
0.139944
0.139945
0.139947
0.139949
0.139952
0.139956
0.139962
0.139969
0.13998
0.139987
0.140074
0.14007
0.140064
0.140059
0.140055
0.140052
0.140048
0.140044
0.140039
0.140034
0.140028
0.140022
0.140015
0.140006
0.139999
0.139996
0.139996
0.139997
0.139998
0.140001
0.140003
0.140005
0.140008
0.140011
0.140016
0.140021
0.140027
0.140035
0.140044
0.140054
0.140066
0.14008
0.140097
0.140115
0.140137
0.140164
0.140193
0.140238
0.140277
0.140078
0.140079
0.140071
0.140057
0.140045
0.140036
0.140027
0.140018
0.140008
0.139999
0.139989
0.139981
0.139972
0.139962
0.139954
0.139949
0.139947
0.139948
0.139949
0.13995
0.139952
0.139952
0.13995
0.139948
0.139946
0.139946
0.139946
0.139946
0.139946
0.139946
0.139947
0.139949
0.139951
0.139954
0.139958
0.139963
0.13997
0.139981
0.139987
0.14009
0.140085
0.14008
0.140076
0.140074
0.140072
0.14007
0.140066
0.140062
0.140056
0.14005
0.140044
0.140037
0.14003
0.140021
0.140014
0.140011
0.14001
0.14001
0.140011
0.140012
0.140013
0.140015
0.140018
0.140021
0.140025
0.14003
0.140036
0.140043
0.140052
0.140063
0.140075
0.140089
0.140107
0.140126
0.140151
0.140178
0.140219
0.140255
0.140093
0.140095
0.140087
0.140072
0.140061
0.140052
0.140043
0.140034
0.140024
0.140015
0.140005
0.139997
0.139989
0.13998
0.139972
0.139965
0.139961
0.139959
0.139958
0.139959
0.139959
0.139958
0.139956
0.139953
0.139951
0.139949
0.139949
0.139948
0.139948
0.139948
0.139949
0.13995
0.139952
0.139955
0.139958
0.139964
0.13997
0.139981
0.139986
0.140105
0.1401
0.140094
0.140092
0.140092
0.140092
0.14009
0.140087
0.140082
0.140077
0.140071
0.140065
0.140059
0.140052
0.140044
0.140035
0.140028
0.140024
0.140022
0.140022
0.140022
0.140022
0.140023
0.140025
0.140027
0.14003
0.140033
0.140038
0.140044
0.140051
0.14006
0.140071
0.140084
0.140099
0.140117
0.140139
0.140163
0.140202
0.140233
0.140109
0.140112
0.140104
0.140088
0.140077
0.140068
0.140059
0.140049
0.140039
0.14003
0.14002
0.140012
0.140004
0.139996
0.139988
0.13998
0.139974
0.139971
0.139968
0.139967
0.139966
0.139965
0.139962
0.139959
0.139956
0.139954
0.139952
0.139951
0.13995
0.139949
0.139949
0.13995
0.139952
0.139954
0.139958
0.139963
0.139969
0.13998
0.139983
0.140119
0.140113
0.140108
0.140109
0.14011
0.14011
0.140108
0.140105
0.140101
0.140097
0.140091
0.140086
0.140079
0.140073
0.140066
0.140058
0.140049
0.140041
0.140036
0.140033
0.140032
0.140031
0.140031
0.140032
0.140033
0.140035
0.140038
0.140042
0.140046
0.140052
0.140059
0.140068
0.140079
0.140092
0.140108
0.140128
0.14015
0.140185
0.140213
0.140123
0.140127
0.140119
0.140103
0.140092
0.140083
0.140074
0.140064
0.140054
0.140044
0.140034
0.140025
0.140017
0.14001
0.140003
0.139995
0.139988
0.139983
0.139979
0.139976
0.139974
0.139972
0.139969
0.139966
0.139962
0.139959
0.139956
0.139954
0.139952
0.139951
0.13995
0.13995
0.139951
0.139953
0.139957
0.139962
0.139968
0.139978
0.139979
0.140133
0.140126
0.140122
0.140126
0.140127
0.140126
0.140124
0.140122
0.140119
0.140115
0.140111
0.140106
0.1401
0.140093
0.140087
0.14008
0.140071
0.140062
0.140053
0.140047
0.140043
0.140041
0.14004
0.140039
0.14004
0.140041
0.140043
0.140046
0.140049
0.140054
0.14006
0.140067
0.140076
0.140087
0.140101
0.140119
0.140138
0.14017
0.140194
0.140137
0.140141
0.140133
0.140117
0.140107
0.140098
0.140089
0.140078
0.140067
0.140057
0.140048
0.140039
0.14003
0.140023
0.140016
0.140009
0.140002
0.139996
0.139991
0.139987
0.139983
0.13998
0.139977
0.139973
0.139968
0.139964
0.139961
0.139958
0.139955
0.139953
0.139951
0.13995
0.139951
0.139952
0.139955
0.13996
0.139966
0.139976
0.139972
0.140146
0.140138
0.140136
0.140142
0.140142
0.140141
0.14014
0.140139
0.140137
0.140133
0.140129
0.140125
0.140119
0.140113
0.140106
0.140099
0.140092
0.140084
0.140075
0.140065
0.140056
0.140051
0.140048
0.140046
0.140046
0.140047
0.140048
0.14005
0.140053
0.140056
0.140061
0.140067
0.140074
0.140083
0.140095
0.140111
0.140128
0.140156
0.140177
0.140148
0.140148
0.140143
0.140129
0.14012
0.140112
0.140102
0.140091
0.14008
0.14007
0.140061
0.140052
0.140043
0.140036
0.140029
0.140022
0.140016
0.140009
0.140003
0.139998
0.139993
0.139989
0.139985
0.13998
0.139976
0.139971
0.139967
0.139963
0.13996
0.139957
0.139954
0.139952
0.139951
0.139951
0.139953
0.139958
0.139963
0.139973
0.139967
0.140153
0.140149
0.140149
0.140154
0.140154
0.140154
0.140155
0.140154
0.140152
0.14015
0.140147
0.140142
0.140137
0.140132
0.140126
0.140119
0.140111
0.140104
0.140096
0.140086
0.140076
0.140066
0.140058
0.140054
0.140052
0.140052
0.140053
0.140055
0.140057
0.140059
0.140063
0.140067
0.140073
0.140081
0.140091
0.140104
0.140118
0.140144
0.140161
0.140154
0.140153
0.140148
0.140138
0.14013
0.140123
0.140113
0.140102
0.140092
0.140082
0.140073
0.140064
0.140055
0.140048
0.14004
0.140034
0.140027
0.140021
0.140014
0.140009
0.140003
0.139998
0.139993
0.139989
0.139983
0.139978
0.139973
0.139969
0.139965
0.139961
0.139958
0.139955
0.139952
0.139951
0.139951
0.139955
0.13996
0.139971
0.139964
0.140157
0.140157
0.140158
0.14016
0.140162
0.140163
0.140164
0.140165
0.140165
0.140164
0.140162
0.140158
0.140154
0.140149
0.140144
0.140137
0.14013
0.140123
0.140115
0.140106
0.140097
0.140087
0.140076
0.140066
0.140061
0.140059
0.140058
0.140059
0.14006
0.140062
0.140065
0.140069
0.140073
0.14008
0.140088
0.140098
0.140111
0.140133
0.140147
0.140157
0.140155
0.14015
0.140143
0.140136
0.14013
0.140122
0.140112
0.140103
0.140093
0.140084
0.140075
0.140067
0.140059
0.140051
0.140044
0.140038
0.140032
0.140025
0.140019
0.140013
0.140007
0.140002
0.139997
0.139991
0.139985
0.13998
0.139975
0.139971
0.139966
0.139962
0.139959
0.139955
0.139952
0.139951
0.139953
0.139956
0.139967
0.139962
0.14016
0.14016
0.140162
0.140165
0.140166
0.140168
0.140169
0.140171
0.140171
0.140172
0.140172
0.140171
0.140169
0.140165
0.14016
0.140155
0.140149
0.140142
0.140134
0.140126
0.140117
0.140108
0.140098
0.140087
0.140076
0.140068
0.140065
0.140064
0.140064
0.140065
0.140067
0.14007
0.140074
0.140079
0.140086
0.140095
0.140104
0.140124
0.140133
0.140158
0.140157
0.140152
0.140145
0.140138
0.140133
0.140127
0.14012
0.140111
0.140103
0.140094
0.140085
0.140076
0.140068
0.14006
0.140053
0.140047
0.14004
0.140034
0.140028
0.140022
0.140016
0.14001
0.140004
0.139998
0.139993
0.139987
0.139982
0.139977
0.139972
0.139968
0.139963
0.139959
0.139956
0.139952
0.139952
0.139953
0.139963
0.13996
0.140162
0.140163
0.140165
0.140168
0.14017
0.140172
0.140174
0.140175
0.140176
0.140177
0.140178
0.140178
0.140178
0.140177
0.140175
0.140171
0.140165
0.14016
0.140153
0.140145
0.140137
0.140128
0.140118
0.140108
0.140097
0.140085
0.140076
0.140072
0.14007
0.140069
0.14007
0.140072
0.140075
0.140079
0.140084
0.140092
0.1401
0.140117
0.14012
0.14016
0.140158
0.140153
0.140146
0.14014
0.140135
0.140129
0.140124
0.140117
0.14011
0.140101
0.140092
0.140084
0.140076
0.140068
0.140061
0.140054
0.140048
0.140042
0.140036
0.140029
0.140023
0.140017
0.140011
0.140005
0.139999
0.139993
0.139988
0.139982
0.139977
0.139973
0.139968
0.139964
0.13996
0.139955
0.139953
0.139951
0.13996
0.139957
0.140163
0.140165
0.140167
0.14017
0.140172
0.140175
0.140177
0.140179
0.14018
0.140182
0.140182
0.140183
0.140183
0.140183
0.140182
0.140181
0.14018
0.140176
0.140171
0.140164
0.140157
0.140148
0.140139
0.14013
0.140119
0.140108
0.140096
0.140084
0.140077
0.140074
0.140074
0.140074
0.140076
0.140079
0.140083
0.14009
0.140096
0.140111
0.140111
0.140161
0.14016
0.140155
0.140147
0.140141
0.140136
0.14013
0.140125
0.140119
0.140113
0.140106
0.140097
0.140089
0.140081
0.140074
0.140067
0.14006
0.140054
0.140048
0.140042
0.140036
0.14003
0.140024
0.140017
0.140011
0.140005
0.139999
0.139993
0.139988
0.139983
0.139978
0.139973
0.139968
0.139964
0.139959
0.139955
0.139951
0.139957
0.139955
0.140165
0.140166
0.140169
0.140172
0.140175
0.140177
0.14018
0.140182
0.140184
0.140185
0.140186
0.140187
0.140188
0.140188
0.140187
0.140187
0.140186
0.140185
0.140184
0.140182
0.140177
0.14017
0.140161
0.140152
0.140142
0.140131
0.140119
0.140106
0.140093
0.140083
0.140079
0.140078
0.140078
0.14008
0.140083
0.140088
0.140093
0.140106
0.140104
0.140163
0.140161
0.140156
0.140149
0.140142
0.140137
0.140131
0.140125
0.140119
0.140113
0.140107
0.140101
0.140093
0.140085
0.140078
0.140071
0.140065
0.140059
0.140053
0.140047
0.140041
0.140035
0.140029
0.140023
0.140017
0.14001
0.140004
0.139999
0.139993
0.139988
0.139982
0.139977
0.139973
0.139968
0.139963
0.139959
0.139953
0.139956
0.139954
0.140166
0.140168
0.140171
0.140174
0.140177
0.14018
0.140182
0.140185
0.140186
0.140188
0.140189
0.14019
0.140191
0.140192
0.140192
0.140192
0.140192
0.140191
0.14019
0.140189
0.140188
0.140186
0.140183
0.140177
0.140168
0.140157
0.140145
0.140132
0.140117
0.140103
0.140091
0.140083
0.140081
0.140081
0.140083
0.140087
0.14009
0.140102
0.1401
0.140165
0.140163
0.140158
0.14015
0.140143
0.140137
0.140131
0.140125
0.140119
0.140112
0.140106
0.140101
0.140095
0.140088
0.140081
0.140075
0.140068
0.140062
0.140057
0.140051
0.140046
0.14004
0.140034
0.140028
0.140021
0.140015
0.140009
0.140004
0.139998
0.139992
0.139987
0.139982
0.139977
0.139972
0.139967
0.139962
0.139956
0.139956
0.139953
0.140167
0.140169
0.140172
0.140176
0.140179
0.140182
0.140184
0.140187
0.140189
0.140191
0.140192
0.140193
0.140194
0.140195
0.140195
0.140196
0.140196
0.140196
0.140195
0.140195
0.140194
0.140192
0.140191
0.140189
0.140186
0.14018
0.140171
0.140159
0.140145
0.140129
0.140113
0.140099
0.140088
0.140084
0.140084
0.140086
0.140088
0.140099
0.140099
0.140166
0.140163
0.140158
0.14015
0.140144
0.140138
0.140132
0.140125
0.140118
0.140111
0.140105
0.140099
0.140095
0.140089
0.140083
0.140077
0.140071
0.140065
0.14006
0.140054
0.140049
0.140044
0.140038
0.140032
0.140026
0.14002
0.140014
0.140008
0.140003
0.139997
0.139992
0.139986
0.139981
0.139976
0.139971
0.139966
0.13996
0.139957
0.139953
0.140168
0.14017
0.140173
0.140177
0.14018
0.140183
0.140186
0.140188
0.140191
0.140193
0.140194
0.140195
0.140197
0.140197
0.140198
0.140199
0.140199
0.140199
0.140199
0.140199
0.140199
0.140198
0.140197
0.140195
0.140194
0.140192
0.140188
0.140182
0.140172
0.140158
0.140141
0.140124
0.140107
0.140095
0.140087
0.140087
0.140087
0.140095
0.140098
0.140166
0.140163
0.140158
0.14015
0.140144
0.140138
0.140131
0.140124
0.140116
0.140109
0.140103
0.140097
0.140092
0.140088
0.140083
0.140078
0.140072
0.140067
0.140062
0.140057
0.140052
0.140047
0.140041
0.140036
0.14003
0.140024
0.140019
0.140013
0.140007
0.140002
0.139996
0.139991
0.139985
0.13998
0.139975
0.139969
0.139963
0.139958
0.139954
0.140168
0.140171
0.140174
0.140178
0.140181
0.140184
0.140187
0.14019
0.140192
0.140194
0.140196
0.140197
0.140198
0.140199
0.1402
0.140201
0.140202
0.140202
0.140202
0.140202
0.140202
0.140202
0.140202
0.140201
0.1402
0.140198
0.140196
0.140194
0.14019
0.140183
0.140171
0.140155
0.140135
0.140117
0.140101
0.140092
0.140086
0.140092
0.140096
0.140165
0.140162
0.140157
0.140149
0.140143
0.140137
0.14013
0.140122
0.140114
0.140107
0.1401
0.140095
0.14009
0.140086
0.140082
0.140078
0.140073
0.140068
0.140063
0.140059
0.140054
0.140049
0.140044
0.140039
0.140034
0.140029
0.140023
0.140018
0.140012
0.140007
0.140001
0.139995
0.13999
0.139984
0.139979
0.139973
0.139967
0.139961
0.139958
0.140167
0.14017
0.140174
0.140178
0.140181
0.140184
0.140187
0.14019
0.140192
0.140195
0.140196
0.140198
0.140199
0.1402
0.140201
0.140202
0.140203
0.140204
0.140204
0.140205
0.140205
0.140205
0.140205
0.140205
0.140204
0.140203
0.140202
0.1402
0.140198
0.140196
0.140191
0.140182
0.140168
0.140148
0.140127
0.140109
0.140095
0.140093
0.140096
0.140164
0.140161
0.140155
0.140148
0.140141
0.140135
0.140128
0.140119
0.140111
0.140103
0.140097
0.140091
0.140087
0.140083
0.14008
0.140077
0.140073
0.140069
0.140065
0.14006
0.140056
0.140051
0.140047
0.140042
0.140037
0.140032
0.140027
0.140022
0.140016
0.140011
0.140005
0.14
0.139994
0.139988
0.139983
0.139977
0.139971
0.139964
0.139961
0.140166
0.140169
0.140173
0.140177
0.140181
0.140184
0.140187
0.14019
0.140192
0.140194
0.140196
0.140198
0.140199
0.140201
0.140202
0.140203
0.140204
0.140205
0.140206
0.140207
0.140207
0.140208
0.140208
0.140208
0.140208
0.140207
0.140206
0.140205
0.140203
0.140202
0.1402
0.140197
0.14019
0.140178
0.14016
0.140138
0.140117
0.140104
0.1401
0.140163
0.140159
0.140153
0.140146
0.140139
0.140133
0.140125
0.140116
0.140107
0.1401
0.140093
0.140088
0.140084
0.14008
0.140077
0.140074
0.140071
0.140069
0.140065
0.140061
0.140057
0.140053
0.140049
0.140045
0.14004
0.140035
0.14003
0.140024
0.140019
0.140013
0.140008
0.140002
0.139997
0.139991
0.139985
0.13998
0.139974
0.139967
0.139964
0.140165
0.140168
0.140172
0.140176
0.14018
0.140183
0.140186
0.140189
0.140191
0.140194
0.140195
0.140197
0.140199
0.1402
0.140201
0.140203
0.140204
0.140205
0.140206
0.140207
0.140208
0.140209
0.14021
0.14021
0.14021
0.14021
0.14021
0.140209
0.140208
0.140206
0.140205
0.140204
0.140201
0.140196
0.140186
0.14017
0.140148
0.140125
0.140113
0.140161
0.140158
0.140152
0.140144
0.140137
0.14013
0.140121
0.140112
0.140103
0.140095
0.140089
0.140084
0.14008
0.140076
0.140073
0.140071
0.140068
0.140066
0.140064
0.140061
0.140058
0.140054
0.140051
0.140047
0.140042
0.140036
0.14003
0.140024
0.140019
0.140013
0.140007
0.140002
0.139996
0.139991
0.139986
0.139981
0.139975
0.139969
0.139967
0.140163
0.140167
0.140171
0.140175
0.140179
0.140182
0.140185
0.140188
0.14019
0.140192
0.140194
0.140196
0.140197
0.140199
0.1402
0.140201
0.140203
0.140204
0.140205
0.140207
0.140208
0.140209
0.14021
0.140211
0.140212
0.140212
0.140212
0.140212
0.140211
0.14021
0.140209
0.140208
0.140207
0.140205
0.140201
0.140193
0.140178
0.140153
0.140134
0.14016
0.140156
0.14015
0.140142
0.140135
0.140127
0.140118
0.140107
0.140098
0.14009
0.140084
0.140079
0.140076
0.140072
0.140069
0.140067
0.140064
0.140062
0.14006
0.140058
0.140055
0.140052
0.140049
0.140044
0.140039
0.140033
0.140027
0.14002
0.140014
0.140009
0.140003
0.139998
0.139993
0.139989
0.139984
0.13998
0.139975
0.13997
0.139968
0.140162
0.140165
0.140169
0.140174
0.140177
0.140181
0.140184
0.140186
0.140188
0.14019
0.140192
0.140193
0.140195
0.140196
0.140198
0.140199
0.140201
0.140202
0.140204
0.140205
0.140207
0.140208
0.14021
0.140211
0.140212
0.140212
0.140213
0.140213
0.140213
0.140213
0.140212
0.140211
0.14021
0.140209
0.140208
0.140205
0.140199
0.140182
0.140161
0.140158
0.140154
0.140148
0.140139
0.140132
0.140124
0.140114
0.140103
0.140093
0.140085
0.140079
0.140075
0.140071
0.140068
0.140065
0.140062
0.140059
0.140057
0.140055
0.140053
0.14005
0.140046
0.140042
0.140036
0.14003
0.140024
0.140017
0.140012
0.140006
0.140002
0.139997
0.139993
0.139989
0.139986
0.139983
0.139979
0.139976
0.139972
0.139971
0.14016
0.140163
0.140168
0.140172
0.140176
0.140179
0.140181
0.140184
0.140186
0.140187
0.140189
0.14019
0.140192
0.140193
0.140195
0.140196
0.140198
0.1402
0.140201
0.140203
0.140205
0.140207
0.140208
0.14021
0.140211
0.140212
0.140213
0.140214
0.140214
0.140214
0.140214
0.140214
0.140213
0.140212
0.140211
0.14021
0.140209
0.140201
0.140187
0.140156
0.140152
0.140145
0.140137
0.14013
0.140121
0.140109
0.140098
0.140088
0.14008
0.140074
0.140069
0.140065
0.140062
0.140059
0.140056
0.140053
0.14005
0.140048
0.140044
0.14004
0.140035
0.14003
0.140024
0.140017
0.140012
0.140007
0.140003
0.139999
0.139996
0.139993
0.139991
0.13999
0.139988
0.139986
0.139985
0.139982
0.139981
0.13998
0.140158
0.140161
0.140166
0.14017
0.140173
0.140176
0.140179
0.140181
0.140183
0.140184
0.140186
0.140187
0.140188
0.14019
0.140191
0.140193
0.140194
0.140196
0.140198
0.1402
0.140202
0.140204
0.140206
0.140207
0.140209
0.14021
0.140212
0.140213
0.140214
0.140215
0.140215
0.140216
0.140215
0.140215
0.140214
0.140213
0.140213
0.140211
0.140205
0.140154
0.140149
0.140143
0.140134
0.140127
0.140117
0.140105
0.140093
0.140083
0.140075
0.140069
0.140064
0.140059
0.140055
0.140051
0.140048
0.140045
0.140041
0.140037
0.140033
0.140027
0.140021
0.140016
0.140011
0.140007
0.140004
0.140001
0.14
0.139998
0.139998
0.139997
0.139998
0.139999
0.14
0.140001
0.140002
0.140001
0.140003
0.14
0.140155
0.140159
0.140163
0.140167
0.140171
0.140173
0.140176
0.140178
0.140179
0.14018
0.140182
0.140183
0.140184
0.140185
0.140186
0.140188
0.14019
0.140191
0.140193
0.140195
0.140198
0.1402
0.140202
0.140204
0.140206
0.140208
0.140209
0.140211
0.140212
0.140214
0.140215
0.140216
0.140216
0.140216
0.140216
0.140216
0.140215
0.140215
0.140214
0.140151
0.140146
0.140139
0.140131
0.140123
0.140112
0.140099
0.140087
0.140077
0.14007
0.140063
0.140057
0.140052
0.140047
0.140043
0.140038
0.140034
0.140029
0.140024
0.140019
0.140014
0.140011
0.140008
0.140006
0.140005
0.140004
0.140005
0.140006
0.140008
0.14001
0.140011
0.140013
0.140014
0.140015
0.140017
0.140018
0.140018
0.14002
0.140017
0.140152
0.140156
0.14016
0.140164
0.140167
0.14017
0.140172
0.140173
0.140175
0.140176
0.140177
0.140178
0.140179
0.14018
0.140181
0.140183
0.140184
0.140186
0.140188
0.14019
0.140192
0.140195
0.140197
0.1402
0.140202
0.140204
0.140206
0.140208
0.14021
0.140211
0.140213
0.140214
0.140216
0.140217
0.140217
0.140217
0.140217
0.140217
0.140218
0.140148
0.140143
0.140136
0.140127
0.140119
0.140108
0.140094
0.140082
0.140072
0.140064
0.140056
0.14005
0.140044
0.140038
0.140033
0.140027
0.140021
0.140017
0.140013
0.14001
0.140009
0.140008
0.140009
0.14001
0.140012
0.140014
0.140015
0.140017
0.140019
0.14002
0.140022
0.140023
0.140024
0.140026
0.140027
0.140028
0.140029
0.14003
0.140029
0.140149
0.140153
0.140157
0.140161
0.140164
0.140166
0.140168
0.140169
0.14017
0.14017
0.140171
0.140172
0.140173
0.140174
0.140175
0.140176
0.140178
0.140179
0.140181
0.140184
0.140186
0.140188
0.140191
0.140194
0.140196
0.140198
0.140201
0.140203
0.140205
0.140208
0.14021
0.140212
0.140214
0.140215
0.140217
0.140218
0.140218
0.140218
0.140219
0.140144
0.14014
0.140132
0.140123
0.140115
0.140102
0.140088
0.140076
0.140066
0.140057
0.140049
0.140041
0.140034
0.140028
0.140022
0.140016
0.140013
0.140011
0.140011
0.140012
0.140013
0.140015
0.140017
0.140018
0.14002
0.140022
0.140024
0.140026
0.140027
0.140029
0.140031
0.140032
0.140033
0.140035
0.140036
0.140037
0.140038
0.14004
0.14004
0.140145
0.140149
0.140153
0.140157
0.14016
0.140161
0.140163
0.140163
0.140164
0.140164
0.140165
0.140165
0.140166
0.140167
0.140168
0.140169
0.14017
0.140171
0.140173
0.140175
0.140177
0.14018
0.140183
0.140185
0.140188
0.140191
0.140193
0.140196
0.140199
0.140202
0.140204
0.140207
0.140209
0.140212
0.140214
0.140216
0.140218
0.140218
0.14022
0.140141
0.140136
0.140128
0.140119
0.14011
0.140097
0.140082
0.14007
0.14006
0.14005
0.140041
0.140032
0.140025
0.140019
0.140015
0.140013
0.140014
0.140015
0.140017
0.140019
0.140021
0.140023
0.140025
0.140027
0.140029
0.140031
0.140033
0.140035
0.140037
0.140039
0.14004
0.140042
0.140044
0.140045
0.140046
0.140048
0.140049
0.14005
0.14005
0.140141
0.140145
0.140149
0.140153
0.140155
0.140156
0.140157
0.140157
0.140158
0.140158
0.140158
0.140158
0.140158
0.140159
0.140159
0.14016
0.140161
0.140162
0.140163
0.140165
0.140167
0.140169
0.140172
0.140175
0.140177
0.14018
0.140183
0.140186
0.140189
0.140193
0.140196
0.140199
0.140202
0.140205
0.140209
0.140211
0.140214
0.140217
0.140219
0.140137
0.140132
0.140124
0.140115
0.140106
0.140091
0.140076
0.140064
0.140053
0.140042
0.140032
0.140024
0.140018
0.140015
0.140016
0.140019
0.140021
0.140023
0.140025
0.140027
0.140029
0.140031
0.140033
0.140036
0.140038
0.140041
0.140043
0.140046
0.140048
0.14005
0.140052
0.140054
0.140056
0.140058
0.140059
0.140061
0.140062
0.140064
0.140064
0.140137
0.140141
0.140145
0.140148
0.14015
0.140151
0.140151
0.140151
0.140151
0.14015
0.14015
0.14015
0.140149
0.140149
0.140149
0.140149
0.140149
0.14015
0.140151
0.140152
0.140154
0.140157
0.140159
0.140162
0.140165
0.140168
0.140171
0.140174
0.140177
0.140181
0.140184
0.140188
0.140192
0.140196
0.1402
0.140204
0.140208
0.140211
0.140215
0.140133
0.140128
0.14012
0.140111
0.140101
0.140085
0.14007
0.140058
0.140046
0.140034
0.140024
0.140018
0.140018
0.14002
0.140023
0.140026
0.140029
0.140031
0.140034
0.140036
0.140039
0.140041
0.140044
0.140047
0.14005
0.140053
0.140056
0.140059
0.140062
0.140065
0.140067
0.140069
0.140072
0.140074
0.140076
0.140078
0.140079
0.140081
0.140081
0.140133
0.140137
0.140141
0.140143
0.140145
0.140145
0.140145
0.140144
0.140143
0.140142
0.140141
0.14014
0.140139
0.140138
0.140137
0.140137
0.140137
0.140137
0.140138
0.140139
0.140141
0.140143
0.140145
0.140148
0.140151
0.140154
0.140157
0.14016
0.140164
0.140167
0.140171
0.140175
0.140179
0.140183
0.140188
0.140192
0.140197
0.140202
0.140207
0.140128
0.140123
0.140115
0.140106
0.140095
0.140079
0.140064
0.140051
0.140038
0.140027
0.140019
0.140019
0.140023
0.140027
0.140031
0.140035
0.140038
0.140041
0.140044
0.140047
0.140051
0.140054
0.140057
0.140061
0.140065
0.140069
0.140073
0.140076
0.14008
0.140083
0.140086
0.140089
0.140092
0.140094
0.140097
0.140099
0.140101
0.140103
0.140103
0.140128
0.140132
0.140135
0.140138
0.140139
0.140138
0.140138
0.140136
0.140135
0.140133
0.140132
0.14013
0.140128
0.140126
0.140125
0.140124
0.140124
0.140124
0.140124
0.140125
0.140127
0.140129
0.140132
0.140134
0.140137
0.14014
0.140143
0.140146
0.140149
0.140153
0.140157
0.140161
0.140165
0.140169
0.140174
0.140179
0.140184
0.140189
0.140196
0.140124
0.140118
0.140111
0.140101
0.14009
0.140073
0.140058
0.140044
0.140031
0.140021
0.140021
0.140025
0.14003
0.140035
0.140041
0.140046
0.14005
0.140054
0.140058
0.140062
0.140066
0.14007
0.140074
0.140079
0.140083
0.140088
0.140093
0.140097
0.140101
0.140105
0.140108
0.140112
0.140115
0.140118
0.140121
0.140123
0.140126
0.140128
0.140129
0.140123
0.140126
0.14013
0.140131
0.140132
0.140131
0.14013
0.140128
0.140126
0.140124
0.140121
0.140118
0.140116
0.140114
0.140112
0.140111
0.14011
0.14011
0.14011
0.140111
0.140113
0.140115
0.140117
0.14012
0.140122
0.140125
0.140128
0.140131
0.140135
0.140138
0.140142
0.140146
0.140151
0.140155
0.140159
0.140164
0.14017
0.140175
0.140182
0.140118
0.140113
0.140105
0.140096
0.140084
0.140067
0.140052
0.140037
0.140025
0.140021
0.140025
0.140031
0.140039
0.140046
0.140053
0.140059
0.140065
0.14007
0.140075
0.14008
0.140084
0.140089
0.140094
0.140099
0.140105
0.14011
0.140115
0.14012
0.140124
0.140128
0.140132
0.140136
0.14014
0.140143
0.140146
0.140149
0.140152
0.140155
0.140157
0.140117
0.140121
0.140123
0.140125
0.140125
0.140123
0.140122
0.140119
0.140116
0.140113
0.14011
0.140106
0.140103
0.140101
0.140099
0.140097
0.140096
0.140095
0.140096
0.140096
0.140097
0.140099
0.140101
0.140104
0.140106
0.140109
0.140112
0.140116
0.140119
0.140123
0.140127
0.140132
0.140136
0.140141
0.140145
0.14015
0.140155
0.140161
0.140168
0.140113
0.140108
0.1401
0.14009
0.140077
0.14006
0.140045
0.140031
0.140022
0.140024
0.140031
0.14004
0.14005
0.14006
0.140068
0.140076
0.140082
0.140088
0.140094
0.140099
0.140104
0.140109
0.140115
0.140121
0.140127
0.140132
0.140138
0.140143
0.140148
0.140152
0.140157
0.140161
0.140164
0.140168
0.140172
0.140175
0.140178
0.140182
0.140184
0.140112
0.140115
0.140117
0.140118
0.140118
0.140115
0.140113
0.140109
0.140106
0.140101
0.140097
0.140093
0.14009
0.140087
0.140085
0.140083
0.140082
0.140081
0.140081
0.140081
0.140082
0.140084
0.140086
0.140088
0.140091
0.140093
0.140097
0.1401
0.140104
0.140108
0.140112
0.140117
0.140122
0.140127
0.140132
0.140137
0.140143
0.140149
0.140156
0.140108
0.140103
0.140095
0.140085
0.140071
0.140054
0.140038
0.140025
0.140023
0.140029
0.140039
0.140051
0.140063
0.140074
0.140083
0.140092
0.140099
0.140105
0.140111
0.140117
0.140122
0.140128
0.140133
0.140139
0.140145
0.140151
0.140157
0.140162
0.140167
0.140172
0.140176
0.140181
0.140185
0.140189
0.140193
0.140196
0.1402
0.140204
0.140207
0.140107
0.14011
0.140112
0.140112
0.140111
0.140108
0.140104
0.140099
0.140095
0.140086
0.140081
0.140078
0.140075
0.140073
0.140071
0.140069
0.140068
0.140067
0.140067
0.140067
0.140068
0.14007
0.140071
0.140074
0.140076
0.140079
0.140082
0.140085
0.140089
0.140093
0.140097
0.140101
0.140106
0.140111
0.140117
0.140123
0.140129
0.140136
0.140143
0.140103
0.140098
0.14009
0.14008
0.140066
0.140048
0.140031
0.140022
0.140025
0.140035
0.140048
0.140062
0.140076
0.140087
0.140097
0.140106
0.140113
0.14012
0.140126
0.140131
0.140136
0.140142
0.140147
0.140153
0.140159
0.140165
0.14017
0.140175
0.14018
0.140185
0.140189
0.140194
0.140198
0.140202
0.140206
0.140211
0.140215
0.140219
0.140223
0.140102
0.140105
0.140107
0.140106
0.140104
0.1401
0.140095
0.140088
0.140083
0.140071
0.140065
0.140062
0.140059
0.140057
0.140056
0.140054
0.140053
0.140053
0.140053
0.140053
0.140054
0.140055
0.140057
0.140059
0.140061
0.140064
0.140066
0.140069
0.140073
0.140076
0.14008
0.140084
0.140089
0.140094
0.140099
0.140105
0.140111
0.140118
0.140126
0.140098
0.140093
0.140085
0.140075
0.14006
0.140042
0.140024
0.140022
0.14003
0.140044
0.14006
0.140076
0.14009
0.140102
0.140112
0.14012
0.140128
0.140134
0.140139
0.140145
0.14015
0.140154
0.14016
0.140165
0.140171
0.140176
0.140181
0.140186
0.140191
0.140195
0.1402
0.140204
0.140208
0.140212
0.140216
0.140221
0.140225
0.14023
0.140234
0.140097
0.140099
0.1401
0.140099
0.140096
0.140091
0.140085
0.140077
0.140069
0.140054
0.140048
0.140045
0.140044
0.140042
0.140041
0.14004
0.140039
0.140038
0.140038
0.140039
0.140039
0.14004
0.140042
0.140044
0.140046
0.140048
0.14005
0.140053
0.140056
0.140059
0.140063
0.140067
0.140071
0.140075
0.14008
0.140085
0.140091
0.140097
0.140105
0.140093
0.140088
0.14008
0.140069
0.140054
0.140036
0.140018
0.140023
0.140037
0.140055
0.140073
0.14009
0.140104
0.140116
0.140126
0.140134
0.140141
0.140146
0.140151
0.140156
0.140161
0.140165
0.14017
0.140175
0.14018
0.140185
0.140189
0.140194
0.140199
0.140203
0.140207
0.140211
0.140215
0.14022
0.140224
0.140228
0.140232
0.140237
0.140242
0.14009
0.140093
0.140093
0.140091
0.140087
0.140082
0.140074
0.140065
0.140055
0.140039
0.140033
0.140031
0.140029
0.140028
0.140027
0.140026
0.140025
0.140025
0.140024
0.140024
0.140025
0.140026
0.140027
0.140028
0.14003
0.140032
0.140034
0.140036
0.140039
0.140042
0.140045
0.140048
0.140052
0.140056
0.14006
0.140065
0.14007
0.140076
0.140083
0.140087
0.140082
0.140074
0.140063
0.140048
0.140029
0.140013
0.140027
0.140046
0.140067
0.140087
0.140104
0.140118
0.140129
0.140138
0.140145
0.140151
0.140156
0.14016
0.140165
0.140169
0.140173
0.140177
0.140182
0.140186
0.140191
0.140196
0.1402
0.140205
0.140209
0.140214
0.140218
0.140222
0.140227
0.140231
0.140235
0.14024
0.140245
0.140249
0.140084
0.140085
0.140085
0.140083
0.140078
0.140072
0.140063
0.140052
0.14004
0.140026
0.140021
0.140019
0.140018
0.140018
0.140017
0.140017
0.140016
0.140015
0.140014
0.140013
0.140012
0.140011
0.140011
0.140012
0.140013
0.140014
0.140016
0.140017
0.14002
0.140022
0.140025
0.140028
0.140031
0.140034
0.140038
0.140042
0.140047
0.140052
0.140059
0.14008
0.140076
0.140068
0.140057
0.140042
0.140023
0.140009
0.140032
0.140056
0.14008
0.1401
0.140116
0.140128
0.140138
0.140146
0.140152
0.140158
0.140163
0.140167
0.140171
0.140175
0.140179
0.140183
0.140188
0.140194
0.140199
0.140204
0.140209
0.140215
0.14022
0.140225
0.14023
0.140235
0.14024
0.140245
0.14025
0.140255
0.140261
0.140265
0.140076
0.140077
0.140077
0.140073
0.140068
0.140061
0.140051
0.14004
0.140026
0.140017
0.140014
0.140014
0.140015
0.140016
0.140017
0.140018
0.140019
0.140021
0.140021
0.140022
0.140022
0.140022
0.140021
0.140021
0.14002
0.140019
0.140018
0.140017
0.140015
0.140014
0.140015
0.140015
0.140016
0.140018
0.14002
0.140023
0.140026
0.14003
0.140035
0.140073
0.140068
0.140061
0.14005
0.140035
0.140017
0.140008
0.140038
0.140065
0.140091
0.140109
0.140124
0.140135
0.140144
0.140152
0.140158
0.140164
0.140169
0.140174
0.140178
0.140183
0.140188
0.140194
0.1402
0.140207
0.140213
0.14022
0.140227
0.140234
0.140241
0.140247
0.140254
0.14026
0.140267
0.140273
0.14028
0.140287
0.140294
0.140301
0.140067
0.140068
0.140067
0.140063
0.140058
0.14005
0.14004
0.140027
0.140015
0.140014
0.140016
0.140019
0.140022
0.140025
0.140027
0.14003
0.140032
0.140034
0.140035
0.140036
0.140037
0.140038
0.140038
0.140038
0.140037
0.140036
0.140035
0.140034
0.140032
0.140031
0.140029
0.140027
0.140026
0.140025
0.140024
0.140023
0.140023
0.140023
0.140024
0.140065
0.14006
0.140053
0.140043
0.140028
0.140012
0.14001
0.140044
0.140072
0.140097
0.140114
0.140128
0.140139
0.140149
0.140158
0.140166
0.140174
0.14018
0.140187
0.140193
0.140199
0.140206
0.140213
0.140221
0.14023
0.140239
0.140248
0.140257
0.140266
0.140274
0.140283
0.140291
0.1403
0.140308
0.140316
0.140325
0.140333
0.140343
0.140352
0.140058
0.140058
0.140057
0.140053
0.140047
0.140039
0.140028
0.140016
0.140007
0.140015
0.140021
0.140026
0.140031
0.140035
0.140039
0.140042
0.140045
0.140048
0.14005
0.140052
0.140053
0.140055
0.140055
0.140056
0.140056
0.140055
0.140055
0.140054
0.140052
0.140051
0.14005
0.140048
0.140045
0.140043
0.140039
0.140037
0.140034
0.140031
0.140029
0.140055
0.140052
0.140045
0.140035
0.140022
0.140008
0.140013
0.140047
0.140074
0.140098
0.140116
0.140132
0.140146
0.140159
0.140171
0.140182
0.140192
0.1402
0.140208
0.140216
0.140223
0.140231
0.14024
0.140249
0.140259
0.140268
0.140278
0.140287
0.140296
0.140305
0.140313
0.140322
0.14033
0.140338
0.140346
0.140355
0.140364
0.140374
0.140383
0.140047
0.140047
0.140045
0.140041
0.140036
0.140028
0.140018
0.140008
0.140005
0.140018
0.140026
0.140033
0.14004
0.140045
0.14005
0.140055
0.140059
0.140062
0.140065
0.140068
0.14007
0.140072
0.140073
0.140074
0.140074
0.140075
0.140075
0.140075
0.140075
0.140075
0.140075
0.140075
0.140074
0.140074
0.140073
0.140072
0.14007
0.140069
0.140067
0.140045
0.140042
0.140036
0.140028
0.140016
0.140005
0.140016
0.140045
0.140071
0.140097
0.140119
0.14014
0.140158
0.140174
0.140188
0.140199
0.140209
0.140217
0.140224
0.140231
0.140238
0.140244
0.140251
0.140258
0.140265
0.140272
0.140279
0.140285
0.140291
0.140296
0.140302
0.140307
0.140312
0.140317
0.140322
0.140327
0.140332
0.140337
0.140343
0.140035
0.140035
0.140033
0.14003
0.140025
0.140018
0.140009
0.140003
0.140007
0.140019
0.140028
0.140036
0.140045
0.140052
0.140059
0.140065
0.14007
0.140075
0.14008
0.140084
0.140088
0.140091
0.140093
0.140095
0.140096
0.140096
0.140097
0.140096
0.140095
0.140095
0.140095
0.140093
0.140091
0.140089
0.140087
0.140086
0.140084
0.140083
0.140082
0.140034
0.140031
0.140027
0.14002
0.14001
0.140004
0.140017
0.140038
0.140065
0.140096
0.140123
0.140145
0.140161
0.140173
0.140182
0.140189
0.140194
0.140199
0.140202
0.140205
0.140208
0.140211
0.140214
0.140217
0.140221
0.140225
0.140229
0.140234
0.140239
0.140244
0.14025
0.140256
0.140262
0.140268
0.140274
0.140281
0.140289
0.140298
0.140305
0.140022
0.140022
0.14002
0.140018
0.140014
0.140009
0.140003
0.140002
0.140008
0.140014
0.140023
0.140032
0.140043
0.140051
0.140059
0.140065
0.140071
0.140076
0.14008
0.140085
0.140089
0.140094
0.140099
0.140103
0.140107
0.140112
0.140116
0.140122
0.140127
0.140131
0.140135
0.140141
0.140146
0.140152
0.140157
0.140163
0.140169
0.140176
0.140184
0.140021
0.14002
0.140017
0.140012
0.140005
0.140003
0.140014
0.140025
0.140056
0.140089
0.140106
0.140114
0.140119
0.140123
0.140126
0.14013
0.140133
0.140136
0.140139
0.140142
0.140145
0.14015
0.140156
0.140165
0.140177
0.14019
0.140205
0.140221
0.140237
0.140255
0.140273
0.140291
0.140309
0.140328
0.140348
0.140368
0.140389
0.140413
0.140436
0.140008
0.140007
0.140007
0.140006
0.140004
0.140002
0.14
0.140001
0.140004
0.140005
0.140014
0.140027
0.140044
0.140061
0.140076
0.140091
0.140105
0.140119
0.140131
0.140142
0.140152
0.14016
0.140168
0.140173
0.140178
0.140181
0.140183
0.140186
0.140186
0.140187
0.140186
0.140186
0.140184
0.140183
0.140183
0.140184
0.140185
0.140188
0.140191
0.140007
0.140007
0.140006
0.140004
0.140001
0.140002
0.140006
0.140009
0.140033
0.140042
0.14003
0.140028
0.140035
0.140047
0.140062
0.140078
0.140093
0.140106
0.140119
0.140131
0.140143
0.140155
0.140167
0.14018
0.140193
0.140206
0.140218
0.14023
0.140241
0.140251
0.14026
0.140269
0.140277
0.140284
0.140291
0.140297
0.140302
0.140308
0.140313
0.182261
0.195467
0.232704
0.261864
0.270722
0.261529
0.237477
0.202977
0.166102
0.136961
0.121342
0.117487
0.120227
0.12509
0.129605
0.133031
0.135461
0.137177
0.138396
0.139244
0.139805
0.14015
0.140347
0.140452
0.140504
0.140526
0.140528
0.140519
0.1405
0.140476
0.140448
0.140419
0.140389
0.14036
0.140332
0.140304
0.140278
0.140254
0.140231
0.14021
0.140191
0.140174
0.140157
0.140142
0.140129
0.140119
0.140111
0.140107
0.140105
0.140104
0.140103
0.140105
0.140112
0.140128
0.140151
0.140177
0.140197
0.140208
0.140215
0.140218
0.140219
0.140219
0.140216
0.140209
0.140198
0.140185
0.14017
0.140159
0.140146
0.14013
0.140109
0.140087
0.140062
0.140038
0.140025
0.140028
0.140065
0.14008
0.140187
0.140192
0.168577
0.128146
0.0998611
0.0853778
0.0805848
0.0840468
0.0923531
0.101356
0.109198
0.115518
0.120503
0.124453
0.127542
0.129965
0.131889
0.133456
0.134783
0.135936
0.136944
0.137786
0.138441
0.138921
0.139256
0.139485
0.139645
0.139763
0.139848
0.139904
0.139941
0.139965
0.139981
0.13999
0.139996
0.139997
0.139997
0.139995
0.139992
0.139987
0.139981
0.139975
0.139971
0.139969
0.139967
0.139965
0.139963
0.139961
0.139959
0.139958
0.139957
0.139959
0.139962
0.139965
0.139966
0.139968
0.139972
0.139984
0.140004
0.140019
0.140032
0.140042
0.140053
0.140066
0.140084
0.140107
0.140133
0.140161
0.140188
0.140211
0.140227
0.140238
0.140246
0.140253
0.14027
0.140307
0.14036
0.14039
0.140347
0.140311
0.14045
0.140318
0.22183
0.237364
0.248515
0.274846
0.29116
0.287531
0.265233
0.229137
0.187089
0.150074
0.127184
0.11908
0.12012
0.124594
0.129229
0.132868
0.135452
0.137252
0.138512
0.13938
0.139949
0.140294
0.140485
0.140581
0.140622
0.140633
0.140626
0.140608
0.140581
0.140549
0.140515
0.140479
0.140444
0.14041
0.140377
0.140345
0.140315
0.140287
0.140261
0.140238
0.140216
0.140196
0.140177
0.14016
0.140145
0.140132
0.140122
0.140116
0.140112
0.140109
0.140107
0.140108
0.140113
0.140125
0.140143
0.140167
0.14019
0.140204
0.140213
0.140217
0.140219
0.140219
0.140217
0.14021
0.1402
0.140186
0.140172
0.140161
0.140149
0.140132
0.140111
0.140089
0.140065
0.140039
0.140025
0.140027
0.140064
0.140078
0.14019
0.140193
0.182451
0.133528
0.0994189
0.0855431
0.0839477
0.0892695
0.0974611
0.105546
0.112397
0.117878
0.122229
0.125717
0.128467
0.130656
0.132429
0.133912
0.135195
0.136321
0.137293
0.138072
0.138654
0.139069
0.139357
0.139558
0.139703
0.139811
0.139885
0.139933
0.139965
0.139985
0.139998
0.140006
0.140009
0.14001
0.140009
0.140006
0.140002
0.139997
0.139991
0.139984
0.13998
0.139977
0.139974
0.139972
0.13997
0.139968
0.139965
0.139962
0.13996
0.13996
0.139961
0.139962
0.139964
0.139967
0.139974
0.139988
0.140007
0.140022
0.140034
0.140045
0.140055
0.140069
0.140087
0.14011
0.140137
0.140164
0.140192
0.140215
0.140231
0.140241
0.140249
0.140257
0.140275
0.140313
0.140366
0.140394
0.140349
0.140316
0.14046
0.140321
0.228166
0.258973
0.271138
0.279448
0.297763
0.305712
0.29377
0.262589
0.218624
0.173038
0.138898
0.122663
0.120187
0.123791
0.128503
0.132431
0.135266
0.137221
0.138564
0.139478
0.140073
0.14043
0.140624
0.140714
0.140746
0.140747
0.14073
0.140702
0.140666
0.140626
0.140584
0.140542
0.140501
0.140462
0.140424
0.140387
0.140353
0.140321
0.140292
0.140265
0.14024
0.140218
0.140197
0.140178
0.140161
0.140146
0.140134
0.140125
0.140119
0.140114
0.140111
0.14011
0.140113
0.140122
0.140135
0.140158
0.140183
0.1402
0.14021
0.140216
0.140219
0.140219
0.140217
0.140211
0.140201
0.140188
0.140174
0.140163
0.140151
0.140134
0.140113
0.140091
0.140067
0.140041
0.140026
0.140027
0.140062
0.140077
0.140192
0.140195
0.179436
0.129224
0.0969684
0.0870216
0.0889299
0.0954773
0.103114
0.110069
0.115828
0.120488
0.124241
0.12727
0.129674
0.131619
0.133237
0.134626
0.13584
0.136889
0.137756
0.138423
0.138909
0.139251
0.13949
0.139661
0.139784
0.139872
0.139931
0.13997
0.139995
0.14001
0.14002
0.140024
0.140026
0.140024
0.140022
0.140018
0.140013
0.140008
0.140001
0.139995
0.139989
0.139985
0.139982
0.13998
0.139977
0.139974
0.139971
0.139967
0.139963
0.13996
0.139959
0.13996
0.139962
0.139966
0.139976
0.139992
0.140011
0.140025
0.140037
0.140047
0.140058
0.140072
0.140091
0.140114
0.140141
0.140169
0.140196
0.140219
0.140235
0.140245
0.140252
0.14026
0.140279
0.140319
0.140373
0.140398
0.140352
0.140323
0.140469
0.140324
0.214669
0.25737
0.282984
0.292702
0.298364
0.310444
0.313054
0.296602
0.260751
0.212682
0.165837
0.13425
0.122069
0.122447
0.127014
0.13147
0.134752
0.136991
0.138502
0.139513
0.140165
0.140555
0.140762
0.140853
0.140878
0.140869
0.140841
0.140804
0.140759
0.140711
0.140661
0.140611
0.140564
0.140518
0.140474
0.140433
0.140394
0.140358
0.140325
0.140294
0.140267
0.140242
0.140219
0.140197
0.140178
0.140161
0.140147
0.140135
0.140127
0.14012
0.140116
0.140114
0.140114
0.14012
0.140129
0.14015
0.140175
0.140195
0.140207
0.140215
0.140218
0.140219
0.140217
0.140212
0.140202
0.140189
0.140176
0.140164
0.140153
0.140136
0.140116
0.140093
0.140069
0.140043
0.140027
0.140026
0.14006
0.140075
0.140194
0.140198
0.16362
0.118826
0.0947878
0.0905937
0.0950387
0.101787
0.108492
0.11431
0.119143
0.123074
0.126263
0.128842
0.13093
0.132663
0.134144
0.135431
0.136546
0.137478
0.138215
0.138764
0.139157
0.139433
0.139628
0.139768
0.139867
0.139935
0.13998
0.140009
0.140027
0.140038
0.140043
0.140045
0.140044
0.14004
0.140036
0.140031
0.140025
0.140019
0.140012
0.140005
0.139999
0.139994
0.13999
0.139987
0.139984
0.13998
0.139976
0.139971
0.139966
0.139961
0.139959
0.139959
0.139961
0.139967
0.139979
0.139997
0.140015
0.140028
0.14004
0.14005
0.140061
0.140075
0.140094
0.140118
0.140145
0.140173
0.140201
0.140224
0.140239
0.140249
0.140256
0.140264
0.140284
0.140325
0.14038
0.140402
0.140354
0.14033
0.140479
0.140326
0.188471
0.237164
0.276281
0.299147
0.307479
0.310657
0.318274
0.317693
0.299134
0.261219
0.211246
0.163883
0.133511
0.123098
0.124661
0.129533
0.133692
0.136479
0.138275
0.13945
0.140205
0.140659
0.140899
0.141002
0.141024
0.141005
0.140966
0.140918
0.140863
0.140805
0.140746
0.140689
0.140633
0.14058
0.14053
0.140483
0.140439
0.140398
0.140361
0.140327
0.140296
0.140267
0.140242
0.140218
0.140197
0.140178
0.140161
0.140147
0.140136
0.140128
0.140121
0.140117
0.140116
0.14012
0.140125
0.140141
0.140167
0.140189
0.140204
0.140213
0.140217
0.140219
0.140218
0.140213
0.140204
0.140191
0.140177
0.140166
0.140155
0.140139
0.140118
0.140095
0.140072
0.140045
0.140028
0.140026
0.140059
0.140073
0.140197
0.140201
0.14139
0.10804
0.0951087
0.0960536
0.101606
0.107785
0.113419
0.118233
0.122223
0.125491
0.128163
0.130353
0.132175
0.133729
0.135077
0.136246
0.137231
0.138024
0.138629
0.139069
0.139381
0.139602
0.139758
0.139869
0.139945
0.139996
0.140028
0.140049
0.14006
0.140066
0.140068
0.140066
0.140062
0.140057
0.140051
0.140045
0.140038
0.14003
0.140023
0.140015
0.140008
0.140003
0.139998
0.139995
0.139991
0.139987
0.139982
0.139976
0.13997
0.139963
0.139959
0.139958
0.139961
0.139969
0.139983
0.140001
0.140018
0.140032
0.140043
0.140053
0.140064
0.140078
0.140098
0.140122
0.14015
0.140178
0.140206
0.140229
0.140243
0.140252
0.140259
0.140268
0.140289
0.140332
0.140388
0.140406
0.140357
0.140338
0.140489
0.140328
0.156625
0.203727
0.251196
0.288579
0.310555
0.318492
0.320237
0.324302
0.321598
0.302218
0.26369
0.212948
0.165071
0.134673
0.124563
0.126475
0.131456
0.135414
0.137845
0.139294
0.140193
0.140737
0.14103
0.141156
0.141184
0.141159
0.141109
0.141048
0.140981
0.140912
0.140843
0.140776
0.140712
0.140651
0.140594
0.14054
0.14049
0.140444
0.140401
0.140363
0.140328
0.140296
0.140267
0.140241
0.140217
0.140195
0.140177
0.140161
0.140147
0.140136
0.140128
0.140122
0.140119
0.14012
0.140124
0.140133
0.140158
0.140182
0.140199
0.14021
0.140216
0.140218
0.140218
0.140213
0.140205
0.140192
0.140179
0.140168
0.140157
0.140141
0.14012
0.140098
0.140074
0.140047
0.140029
0.140025
0.140057
0.140071
0.1402
0.140205
0.120674
0.102045
0.0987232
0.102584
0.108057
0.113311
0.117913
0.121808
0.125048
0.12773
0.129955
0.131823
0.13342
0.134806
0.13601
0.137032
0.137866
0.138514
0.138994
0.139339
0.139583
0.139755
0.139877
0.139961
0.140017
0.140053
0.140075
0.140088
0.140094
0.140095
0.140093
0.140088
0.140082
0.140075
0.140067
0.140059
0.140051
0.140042
0.140034
0.140026
0.140018
0.140012
0.140007
0.140002
0.139998
0.139993
0.139988
0.139982
0.139974
0.139967
0.139961
0.139959
0.139962
0.139972
0.139988
0.140006
0.140022
0.140035
0.140046
0.140056
0.140067
0.140082
0.140102
0.140127
0.140155
0.140183
0.140211
0.140234
0.140248
0.140256
0.140263
0.140272
0.140295
0.14034
0.140395
0.14041
0.140359
0.140347
0.1405
0.14033
0.128544
0.164964
0.212075
0.258985
0.29623
0.318816
0.327434
0.328489
0.329638
0.325466
0.306116
0.268006
0.217263
0.168743
0.137293
0.126336
0.127935
0.132873
0.136718
0.138912
0.140103
0.140786
0.141163
0.141329
0.141363
0.14133
0.141268
0.141195
0.141116
0.141035
0.140954
0.140875
0.140801
0.140731
0.140666
0.140604
0.140548
0.140495
0.140447
0.140403
0.140363
0.140328
0.140295
0.140266
0.140239
0.140215
0.140194
0.140175
0.14016
0.140146
0.140136
0.140128
0.140123
0.140122
0.140124
0.140128
0.140148
0.140174
0.140194
0.140207
0.140215
0.140218
0.140218
0.140214
0.140206
0.140194
0.140181
0.14017
0.140159
0.140143
0.140123
0.1401
0.140076
0.140049
0.14003
0.140025
0.140055
0.140069
0.140202
0.140209
0.108405
0.102481
0.104612
0.109243
0.113995
0.118248
0.121907
0.125004
0.127606
0.129795
0.131654
0.133256
0.134651
0.135865
0.136903
0.137759
0.138434
0.138943
0.139313
0.139576
0.139762
0.139893
0.139984
0.140044
0.140083
0.140107
0.14012
0.140126
0.140126
0.140123
0.140117
0.14011
0.140101
0.140092
0.140083
0.140073
0.140064
0.140054
0.140045
0.140037
0.140028
0.140021
0.140015
0.14001
0.140005
0.14
0.139994
0.139987
0.139979
0.139971
0.139964
0.139962
0.139966
0.139977
0.139994
0.140011
0.140026
0.140039
0.140049
0.140059
0.14007
0.140086
0.140106
0.140132
0.14016
0.140188
0.140216
0.140239
0.140252
0.140261
0.140267
0.140277
0.140301
0.140347
0.140403
0.140414
0.140362
0.140357
0.140511
0.140332
0.112469
0.132259
0.168217
0.21478
0.26178
0.300057
0.324362
0.334504
0.3355
0.334192
0.328976
0.31029
0.273452
0.223416
0.174326
0.141225
0.128618
0.129364
0.134062
0.137782
0.139766
0.140722
0.141226
0.141487
0.14157
0.141539
0.141458
0.141363
0.141268
0.141174
0.14108
0.140989
0.140902
0.140821
0.140747
0.140677
0.140613
0.140553
0.140498
0.140448
0.140404
0.140363
0.140326
0.140293
0.140263
0.140237
0.140213
0.140192
0.140174
0.140158
0.140145
0.140135
0.140128
0.140125
0.140125
0.140127
0.140139
0.140165
0.140188
0.140203
0.140213
0.140217
0.140218
0.140214
0.140207
0.140195
0.140182
0.140172
0.140161
0.140146
0.140125
0.140102
0.140079
0.140051
0.140031
0.140024
0.140053
0.140068
0.140205
0.140214
0.106169
0.107331
0.111204
0.115391
0.119204
0.122528
0.125384
0.127823
0.129908
0.131703
0.133265
0.134634
0.135832
0.136861
0.137718
0.138402
0.138925
0.13931
0.139587
0.139783
0.139921
0.140016
0.140079
0.14012
0.140145
0.140158
0.140163
0.140162
0.140158
0.140151
0.140142
0.140132
0.140121
0.14011
0.140098
0.140088
0.140077
0.140067
0.140057
0.140047
0.140039
0.140031
0.140024
0.140018
0.140012
0.140006
0.14
0.139992
0.139984
0.139975
0.139969
0.139966
0.139971
0.139983
0.139999
0.140015
0.14003
0.140042
0.140052
0.140062
0.140074
0.14009
0.140111
0.140137
0.140165
0.140194
0.140221
0.140244
0.140257
0.140265
0.140271
0.140281
0.140307
0.140356
0.140411
0.140419
0.140365
0.140368
0.140523
0.140332
0.109302
0.114805
0.133175
0.167422
0.213071
0.260618
0.300788
0.327691
0.34006
0.341481
0.337942
0.33174
0.313926
0.278821
0.229972
0.180491
0.145547
0.130973
0.1307
0.135185
0.138855
0.140636
0.141302
0.141575
0.141711
0.141741
0.141681
0.141572
0.14145
0.141332
0.141222
0.141118
0.141019
0.140926
0.140839
0.140759
0.140686
0.140618
0.140556
0.1405
0.140449
0.140403
0.140362
0.140324
0.140291
0.140261
0.140234
0.14021
0.140189
0.140171
0.140156
0.140144
0.140135
0.140129
0.140127
0.140127
0.140133
0.140156
0.14018
0.140199
0.14021
0.140216
0.140218
0.140215
0.140208
0.140196
0.140184
0.140173
0.140163
0.140148
0.140128
0.140105
0.140081
0.140054
0.140033
0.140024
0.140051
0.140066
0.140208
0.140219
0.110355
0.113714
0.117361
0.120691
0.123619
0.126168
0.12838
0.130303
0.131984
0.133464
0.134773
0.135924
0.136919
0.137754
0.138427
0.138949
0.139338
0.13962
0.139821
0.139961
0.140058
0.140123
0.140165
0.140189
0.140202
0.140206
0.140204
0.140198
0.140189
0.140178
0.140166
0.140153
0.14014
0.140127
0.140114
0.140102
0.14009
0.140079
0.140068
0.140058
0.140049
0.14004
0.140033
0.140026
0.140019
0.140013
0.140005
0.139997
0.139989
0.13998
0.139974
0.139972
0.139977
0.139989
0.140004
0.14002
0.140034
0.140046
0.140056
0.140065
0.140077
0.140094
0.140116
0.140142
0.14017
0.140199
0.140227
0.140249
0.140262
0.140269
0.140275
0.140286
0.140314
0.140365
0.140419
0.140423
0.140368
0.14038
0.140536
0.140332
0.11356
0.112075
0.116216
0.132195
0.163918
0.208459
0.257109
0.300241
0.330962
0.346647
0.349263
0.343782
0.336274
0.318921
0.285247
0.23731
0.187016
0.149638
0.132575
0.131129
0.135654
0.139679
0.141543
0.141997
0.141984
0.141919
0.14186
0.141779
0.141664
0.141529
0.141392
0.141265
0.14115
0.141044
0.140945
0.140854
0.140769
0.140692
0.140622
0.140558
0.1405
0.140448
0.140401
0.140359
0.140321
0.140287
0.140257
0.14023
0.140207
0.140186
0.140169
0.140154
0.140142
0.140134
0.14013
0.140128
0.14013
0.140147
0.140172
0.140193
0.140207
0.140214
0.140217
0.140215
0.140209
0.140198
0.140185
0.140175
0.140165
0.140151
0.14013
0.140107
0.140084
0.140056
0.140034
0.140024
0.14005
0.140064
0.140211
0.140225
0.116572
0.119729
0.122578
0.125086
0.127295
0.129242
0.130963
0.132491
0.133854
0.13507
0.136146
0.137082
0.137873
0.138517
0.139021
0.139401
0.139679
0.139877
0.140016
0.140112
0.140176
0.140217
0.140241
0.140252
0.140255
0.140251
0.140243
0.140232
0.140219
0.140204
0.140189
0.140174
0.140159
0.140144
0.14013
0.140117
0.140104
0.140091
0.14008
0.140069
0.140059
0.14005
0.140041
0.140034
0.140026
0.140019
0.140011
0.140003
0.139994
0.139985
0.139979
0.139978
0.139983
0.139995
0.14001
0.140025
0.140039
0.14005
0.140059
0.140069
0.140081
0.140098
0.140121
0.140147
0.140176
0.140205
0.140233
0.140255
0.140267
0.140273
0.140279
0.140291
0.140321
0.140374
0.140428
0.140427
0.140371
0.140393
0.140548
0.140332
0.119659
0.116751
0.114704
0.117216
0.130347
0.158965
0.201938
0.251708
0.298445
0.334136
0.354597
0.360089
0.35544
0.346797
0.32964
0.297058
0.249488
0.197408
0.156114
0.134855
0.130926
0.134997
0.13958
0.142002
0.142628
0.142487
0.14221
0.141997
0.141851
0.141727
0.141593
0.141448
0.141306
0.141178
0.141064
0.140961
0.140866
0.140777
0.140697
0.140623
0.140558
0.140499
0.140446
0.140398
0.140356
0.140317
0.140283
0.140253
0.140227
0.140203
0.140183
0.140166
0.140151
0.140141
0.140134
0.14013
0.14013
0.140139
0.140163
0.140186
0.140203
0.140212
0.140216
0.140215
0.14021
0.140199
0.140187
0.140177
0.140167
0.140153
0.140133
0.140109
0.140086
0.140058
0.140036
0.140024
0.140048
0.140062
0.140214
0.140231
0.122329
0.124715
0.126811
0.128675
0.130343
0.131843
0.133195
0.134415
0.135514
0.136493
0.137348
0.138074
0.13867
0.139141
0.139499
0.139764
0.139954
0.140087
0.140179
0.14024
0.140278
0.140299
0.140309
0.140309
0.140303
0.140293
0.14028
0.140264
0.140247
0.14023
0.140212
0.140195
0.140178
0.140162
0.140146
0.140131
0.140117
0.140104
0.140091
0.14008
0.140069
0.140059
0.14005
0.140041
0.140033
0.140025
0.140017
0.140008
0.139998
0.13999
0.139984
0.139984
0.13999
0.140001
0.140016
0.14003
0.140043
0.140054
0.140063
0.140073
0.140085
0.140103
0.140126
0.140153
0.140182
0.140211
0.140239
0.14026
0.140272
0.140278
0.140284
0.140297
0.140329
0.140384
0.140436
0.140431
0.140374
0.140407
0.140561
0.14033
0.125025
0.122682
0.119847
0.117412
0.118387
0.128238
0.15202
0.190248
0.237459
0.284833
0.32397
0.349415
0.359977
0.359228
0.352239
0.338165
0.309629
0.265036
0.212875
0.16796
0.141301
0.132849
0.134642
0.138818
0.141668
0.142775
0.142856
0.142554
0.142207
0.141946
0.141773
0.141635
0.141494
0.141345
0.141204
0.141081
0.140973
0.140874
0.140783
0.140699
0.140624
0.140556
0.140496
0.140443
0.140394
0.140351
0.140313
0.140279
0.140249
0.140222
0.140199
0.140179
0.140162
0.140149
0.140139
0.140133
0.140131
0.140134
0.140154
0.140178
0.140197
0.14021
0.140215
0.140215
0.14021
0.1402
0.140188
0.140178
0.140169
0.140155
0.140136
0.140112
0.140088
0.140061
0.140038
0.140024
0.140046
0.140059
0.140217
0.140238
0.126957
0.12867
0.130207
0.131605
0.132881
0.134048
0.135113
0.136079
0.136944
0.137702
0.138348
0.138881
0.139306
0.139632
0.139874
0.140049
0.140173
0.140257
0.140312
0.140346
0.140365
0.140371
0.140369
0.140361
0.140348
0.140332
0.140314
0.140295
0.140275
0.140255
0.140235
0.140215
0.140197
0.140179
0.140162
0.140146
0.14013
0.140116
0.140103
0.14009
0.140079
0.140068
0.140058
0.140049
0.14004
0.140031
0.140022
0.140013
0.140003
0.139995
0.13999
0.13999
0.139996
0.140007
0.140021
0.140035
0.140048
0.140058
0.140067
0.140077
0.14009
0.140108
0.140132
0.140159
0.140189
0.140218
0.140245
0.140266
0.140277
0.140282
0.140288
0.140303
0.140338
0.140394
0.140445
0.140435
0.140378
0.140423
0.140575
0.140328
0.129188
0.127588
0.125526
0.122903
0.120152
0.119047
0.123494
0.138368
0.166483
0.205598
0.248818
0.287894
0.316398
0.331753
0.335845
0.332376
0.324361
0.304508
0.268818
0.222836
0.179643
0.150797
0.138496
0.136898
0.139062
0.141198
0.142391
0.142822
0.142765
0.142449
0.142094
0.141831
0.141663
0.141526
0.141381
0.141232
0.141097
0.140981
0.140879
0.140786
0.1407
0.140623
0.140554
0.140493
0.140438
0.140389
0.140346
0.140307
0.140273
0.140243
0.140217
0.140194
0.140174
0.140158
0.140146
0.140138
0.140133
0.140133
0.140145
0.140169
0.140191
0.140206
0.140214
0.140215
0.140211
0.140201
0.14019
0.14018
0.140171
0.140158
0.140138
0.140115
0.140091
0.140063
0.140039
0.140024
0.140045
0.140057
0.14022
0.140245
0.130547
0.131794
0.132942
0.134007
0.134993
0.1359
0.136727
0.137469
0.138121
0.138678
0.139139
0.139508
0.139793
0.140006
0.140161
0.14027
0.140345
0.140393
0.140422
0.140436
0.140439
0.140435
0.140424
0.140408
0.14039
0.140369
0.140347
0.140324
0.140301
0.140279
0.140257
0.140235
0.140215
0.140195
0.140177
0.14016
0.140144
0.140128
0.140114
0.140101
0.140089
0.140077
0.140067
0.140057
0.140047
0.140038
0.140028
0.140018
0.140008
0.14
0.139995
0.139996
0.140003
0.140014
0.140027
0.140041
0.140053
0.140062
0.140071
0.140081
0.140095
0.140113
0.140138
0.140166
0.140195
0.140224
0.140252
0.140272
0.140282
0.140287
0.140293
0.140309
0.140347
0.140406
0.140454
0.140438
0.140381
0.140441
0.140589
0.140324
0.132352
0.131252
0.129889
0.128027
0.125285
0.121563
0.118408
0.120478
0.134175
0.162453
0.201999
0.245099
0.283239
0.309848
0.321975
0.320787
0.311176
0.299083
0.281211
0.252547
0.215359
0.179563
0.155052
0.143973
0.141383
0.141572
0.141902
0.142137
0.142462
0.142694
0.142607
0.142268
0.141912
0.141677
0.141535
0.141408
0.141264
0.141117
0.140988
0.140879
0.140785
0.140699
0.14062
0.14055
0.140488
0.140433
0.140383
0.14034
0.140301
0.140267
0.140237
0.140211
0.140189
0.14017
0.140155
0.140144
0.140137
0.140134
0.140139
0.14016
0.140183
0.140201
0.140212
0.140215
0.140211
0.140202
0.140191
0.140181
0.140173
0.14016
0.140141
0.140117
0.140093
0.140066
0.140041
0.140024
0.140043
0.140055
0.140223
0.140253
0.133343
0.134277
0.135153
0.13597
0.136726
0.137416
0.138035
0.138578
0.139042
0.139427
0.139735
0.139974
0.140154
0.140285
0.140378
0.14044
0.14048
0.140502
0.140512
0.140512
0.140504
0.14049
0.140472
0.140451
0.140428
0.140403
0.140378
0.140352
0.140327
0.140302
0.140278
0.140255
0.140233
0.140212
0.140192
0.140174
0.140157
0.140141
0.140126
0.140112
0.140099
0.140087
0.140075
0.140064
0.140054
0.140044
0.140033
0.140023
0.140013
0.140005
0.140001
0.140002
0.140009
0.14002
0.140034
0.140046
0.140057
0.140067
0.140075
0.140085
0.1401
0.140119
0.140144
0.140172
0.140202
0.140231
0.140259
0.140278
0.140287
0.140292
0.140299
0.140317
0.140357
0.140417
0.140463
0.140442
0.140386
0.14046
0.140602
0.140319
0.134769
0.133965
0.133006
0.131703
0.129801
0.128112
0.130478
0.143378
0.171967
0.2163
0.271024
0.327995
0.378627
0.415403
0.432918
0.428833
0.404853
0.367532
0.325588
0.284607
0.242548
0.200805
0.166759
0.147546
0.142439
0.143895
0.145098
0.14423
0.142788
0.142197
0.14241
0.142649
0.142488
0.142073
0.141709
0.141505
0.141392
0.141279
0.141142
0.141004
0.140882
0.140781
0.140694
0.140616
0.140545
0.140482
0.140426
0.140376
0.140333
0.140294
0.140261
0.140231
0.140205
0.140183
0.140165
0.140151
0.140141
0.140136
0.140137
0.140151
0.140175
0.140196
0.140209
0.140214
0.140212
0.140203
0.140192
0.140183
0.140175
0.140163
0.140144
0.14012
0.140096
0.140068
0.140043
0.140024
0.140041
0.140052
0.140225
0.140261
0.135525
0.136242
0.136914
0.137535
0.138101
0.138606
0.139046
0.139421
0.13973
0.139977
0.140169
0.140314
0.140419
0.140492
0.140541
0.140572
0.140587
0.140592
0.140587
0.140576
0.14056
0.140539
0.140516
0.14049
0.140463
0.140435
0.140407
0.140378
0.140351
0.140324
0.140298
0.140273
0.14025
0.140228
0.140207
0.140188
0.14017
0.140153
0.140137
0.140122
0.140109
0.140096
0.140084
0.140072
0.140061
0.14005
0.140039
0.140028
0.140018
0.140011
0.140007
0.140009
0.140016
0.140027
0.14004
0.140052
0.140062
0.140071
0.14008
0.14009
0.140105
0.140125
0.140151
0.140179
0.140209
0.140238
0.140266
0.140284
0.140292
0.140297
0.140304
0.140324
0.140367
0.140429
0.140471
0.140445
0.140391
0.140481
0.140616
0.140313
0.136625
0.136023
0.135329
0.134451
0.13337
0.133642
0.141801
0.168644
0.220279
0.292902
0.3768
0.461802
0.539045
0.600991
0.641285
0.65497
0.639183
0.594468
0.526035
0.443302
0.360382
0.281365
0.21135
0.159705
0.134259
0.132173
0.140487
0.14688
0.147323
0.144507
0.142203
0.14175
0.142279
0.142607
0.142381
0.141909
0.141538
0.141347
0.141244
0.14114
0.141017
0.140892
0.140782
0.140689
0.140609
0.140538
0.140475
0.140418
0.140369
0.140325
0.140287
0.140253
0.140224
0.140199
0.140177
0.14016
0.140148
0.14014
0.140137
0.140144
0.140166
0.140188
0.140205
0.140212
0.140212
0.140204
0.140193
0.140184
0.140176
0.140165
0.140147
0.140123
0.140098
0.140071
0.140045
0.140025
0.14004
0.14005
0.140228
0.14027
0.137207
0.137757
0.138264
0.138724
0.139132
0.139485
0.139782
0.140024
0.140217
0.140366
0.140476
0.140556
0.140611
0.140646
0.140667
0.140675
0.140674
0.140666
0.140651
0.140632
0.140609
0.140583
0.140555
0.140525
0.140495
0.140464
0.140433
0.140403
0.140373
0.140345
0.140318
0.140292
0.140267
0.140244
0.140222
0.140202
0.140183
0.140165
0.140148
0.140133
0.140118
0.140105
0.140092
0.140079
0.140067
0.140055
0.140044
0.140033
0.140023
0.140016
0.140013
0.140016
0.140023
0.140034
0.140046
0.140058
0.140068
0.140076
0.140084
0.140095
0.140111
0.140132
0.140158
0.140187
0.140217
0.140246
0.140273
0.140291
0.140298
0.140302
0.14031
0.140332
0.140379
0.140442
0.14048
0.140447
0.140396
0.140504
0.140629
0.140305
0.138069
0.137638
0.13715
0.136581
0.135913
0.135847
0.140663
0.16127
0.21002
0.289232
0.389497
0.498008
0.603974
0.699095
0.776535
0.830177
0.854511
0.845147
0.799984
0.720835
0.615673
0.497955
0.378514
0.267278
0.179175
0.12877
0.11764
0.129932
0.144772
0.150807
0.148636
0.144092
0.14144
0.141233
0.141974
0.142378
0.142194
0.141767
0.141415
0.141215
0.141099
0.140999
0.140892
0.140784
0.140687
0.140602
0.14053
0.140466
0.14041
0.14036
0.140317
0.140279
0.140245
0.140216
0.140192
0.140171
0.140156
0.140145
0.140139
0.14014
0.140157
0.14018
0.1402
0.14021
0.140212
0.140205
0.140195
0.140185
0.140178
0.140167
0.14015
0.140125
0.140101
0.140073
0.140048
0.140026
0.140039
0.140047
0.14023
0.140278
0.138492
0.138891
0.139254
0.139577
0.139856
0.14009
0.140279
0.140429
0.140542
0.140626
0.140685
0.140724
0.140748
0.14076
0.140762
0.140756
0.140744
0.140727
0.140705
0.14068
0.140652
0.140622
0.14059
0.140557
0.140524
0.140491
0.140458
0.140426
0.140395
0.140365
0.140336
0.140309
0.140284
0.140259
0.140237
0.140215
0.140195
0.140177
0.140159
0.140143
0.140128
0.140114
0.1401
0.140087
0.140074
0.140061
0.140049
0.140038
0.140028
0.140022
0.14002
0.140023
0.140031
0.140041
0.140053
0.140064
0.140073
0.140081
0.14009
0.140101
0.140117
0.140139
0.140166
0.140195
0.140225
0.140254
0.140281
0.140297
0.140303
0.140307
0.140316
0.140341
0.140391
0.140455
0.140488
0.14045
0.140402
0.140528
0.140642
0.140295
0.139254
0.138974
0.138648
0.138269
0.137784
0.137135
0.137256
0.142998
0.165355
0.216774
0.301117
0.410475
0.531846
0.653409
0.766074
0.86261
0.936596
0.981939
0.993033
0.965578
0.898156
0.794432
0.663705
0.519027
0.371695
0.240199
0.147433
0.106671
0.109014
0.129616
0.146581
0.151953
0.149059
0.144324
0.141564
0.141085
0.141575
0.141948
0.141904
0.141618
0.141317
0.141102
0.140967
0.140867
0.140774
0.140683
0.140597
0.140522
0.140457
0.140401
0.140351
0.140308
0.14027
0.140237
0.140209
0.140185
0.140166
0.140152
0.140142
0.14014
0.140149
0.140171
0.140193
0.140207
0.140211
0.140205
0.140196
0.140186
0.140179
0.140169
0.140152
0.140128
0.140103
0.140076
0.14005
0.140027
0.140038
0.140045
0.140232
0.140288
0.139516
0.139765
0.139991
0.14019
0.140358
0.140496
0.140606
0.140689
0.14075
0.140793
0.140821
0.140837
0.140843
0.140841
0.140833
0.140819
0.1408
0.140777
0.14075
0.140721
0.140689
0.140656
0.140622
0.140587
0.140552
0.140517
0.140482
0.140449
0.140416
0.140385
0.140355
0.140327
0.1403
0.140275
0.140251
0.140229
0.140209
0.140189
0.140171
0.140154
0.140138
0.140123
0.140108
0.140094
0.14008
0.140067
0.140054
0.140043
0.140034
0.140028
0.140027
0.140031
0.140038
0.140049
0.14006
0.14007
0.140079
0.140086
0.140095
0.140107
0.140124
0.140146
0.140174
0.140203
0.140233
0.140263
0.140288
0.140304
0.140309
0.140312
0.140323
0.140351
0.140405
0.140469
0.140496
0.140451
0.140409
0.140555
0.140654
0.140283
0.140409
0.14026
0.140068
0.139832
0.139528
0.139043
0.138204
0.137482
0.139792
0.15218
0.184764
0.246164
0.337855
0.453031
0.580494
0.708927
0.828707
0.931786
1.01105
1.05994
1.07264
1.04489
0.97539
0.866948
0.729138
0.571472
0.408398
0.262846
0.15912
0.109174
0.104225
0.121502
0.139788
0.149032
0.149551
0.146085
0.142753
0.141175
0.141041
0.141414
0.14163
0.141534
0.141274
0.141029
0.140867
0.140765
0.140683
0.140603
0.140526
0.140457
0.140398
0.140347
0.140303
0.140265
0.140231
0.140203
0.14018
0.140161
0.140148
0.140142
0.140143
0.140161
0.140184
0.140202
0.14021
0.140207
0.140197
0.140188
0.140181
0.140172
0.140156
0.140132
0.140107
0.140079
0.140052
0.140028
0.140037
0.140042
0.140233
0.140298
0.140525
0.140621
0.140702
0.140768
0.140821
0.140862
0.140892
0.140914
0.140927
0.140934
0.140936
0.140932
0.140924
0.140911
0.140894
0.140873
0.140849
0.140821
0.140791
0.140758
0.140724
0.140689
0.140652
0.140616
0.140579
0.140542
0.140507
0.140472
0.140438
0.140406
0.140375
0.140346
0.140318
0.140292
0.140267
0.140244
0.140222
0.140202
0.140183
0.140165
0.140148
0.140132
0.140116
0.140101
0.140087
0.140073
0.14006
0.140048
0.14004
0.140035
0.140035
0.140039
0.140048
0.140058
0.140068
0.140078
0.140086
0.140093
0.140102
0.140114
0.140132
0.140156
0.140184
0.140214
0.140244
0.140273
0.140298
0.140311
0.140315
0.140319
0.140332
0.140364
0.140421
0.140485
0.140505
0.140453
0.140419
0.140587
0.140665
0.140269
0.141211
0.141116
0.140994
0.140849
0.140681
0.140464
0.140057
0.139102
0.137255
0.135128
0.135766
0.14558
0.1735
0.228173
0.313659
0.426654
0.557713
0.694977
0.827162
0.944533
1.03868
1.10211
1.12835
1.11252
1.05288
0.95039
0.813502
0.649615
0.473895
0.310943
0.187325
0.118759
0.101099
0.11389
0.133994
0.147176
0.150431
0.147543
0.143479
0.141085
0.140641
0.141103
0.141485
0.141463
0.141204
0.140948
0.140788
0.140693
0.140615
0.140539
0.140467
0.140404
0.14035
0.140303
0.140263
0.140228
0.140199
0.140176
0.140158
0.140147
0.140143
0.140152
0.140174
0.140195
0.140207
0.140207
0.140199
0.14019
0.140183
0.140175
0.14016
0.140136
0.14011
0.140082
0.140055
0.14003
0.140036
0.140039
0.140234
0.140308
0.141295
0.141332
0.141338
0.141325
0.141298
0.141263
0.141226
0.141188
0.141152
0.141118
0.141086
0.141056
0.141026
0.140996
0.140966
0.140934
0.140902
0.140868
0.140832
0.140796
0.140759
0.140721
0.140683
0.140644
0.140606
0.140568
0.140531
0.140496
0.140461
0.140428
0.140396
0.140366
0.140337
0.14031
0.140285
0.140261
0.140238
0.140217
0.140197
0.140178
0.14016
0.140142
0.140125
0.140109
0.140094
0.140079
0.140066
0.140055
0.140047
0.140044
0.140045
0.14005
0.140059
0.140069
0.140078
0.140087
0.140094
0.140101
0.14011
0.140124
0.140143
0.140168
0.140196
0.140227
0.140257
0.140285
0.140309
0.14032
0.140323
0.140328
0.140343
0.14038
0.140442
0.140503
0.140514
0.140454
0.140434
0.140623
0.140675
0.140251
0.141279
0.141186
0.141097
0.14101
0.140928
0.140851
0.140762
0.140542
0.139862
0.138188
0.135162
0.131442
0.129801
0.135959
0.158318
0.206152
0.285808
0.396911
0.531571
0.677348
0.821093
0.951061
1.0573
1.13137
1.1663
1.15697
1.1014
1.00055
0.861464
0.691034
0.505517
0.331086
0.196264
0.119161
0.0974431
0.11039
0.132654
0.147631
0.151309
0.147897
0.143265
0.140729
0.14044
0.141039
0.141422
0.141346
0.14107
0.140837
0.140702
0.140617
0.140542
0.14047
0.140407
0.140351
0.140301
0.140259
0.140223
0.140195
0.140172
0.140155
0.140145
0.140146
0.140163
0.140185
0.140202
0.140207
0.140201
0.140192
0.140185
0.140177
0.140163
0.14014
0.140114
0.140085
0.140058
0.140032
0.140036
0.140037
0.140235
0.140318
0.141428
0.141528
0.141584
0.141603
0.141593
0.14156
0.141513
0.141456
0.141396
0.141336
0.141277
0.14122
0.141167
0.141116
0.141067
0.14102
0.140975
0.14093
0.140886
0.140843
0.1408
0.140758
0.140716
0.140675
0.140635
0.140595
0.140557
0.14052
0.140484
0.14045
0.140417
0.140386
0.140356
0.140328
0.140302
0.140277
0.140253
0.140231
0.14021
0.14019
0.14017
0.140152
0.140134
0.140117
0.1401
0.140085
0.140072
0.140062
0.140056
0.140054
0.140056
0.140062
0.140071
0.14008
0.140089
0.140096
0.140102
0.140109
0.140119
0.140134
0.140155
0.140181
0.14021
0.14024
0.140271
0.140298
0.14032
0.140329
0.140331
0.140337
0.140356
0.140398
0.140463
0.140521
0.140522
0.140456
0.140454
0.140662
0.140683
0.14023
0.140932
0.140898
0.140888
0.140894
0.140911
0.140937
0.140978
0.141032
0.141046
0.140835
0.139996
0.137964
0.134342
0.129609
0.126081
0.128897
0.146222
0.188004
0.262597
0.372208
0.510445
0.664341
0.818762
0.959729
1.07559
1.15692
1.19633
1.1888
1.13249
1.02948
0.884946
0.706244
0.511255
0.328423
0.188731
0.111482
0.0931909
0.110228
0.13471
0.149473
0.15171
0.147178
0.142411
0.14035
0.140465
0.141116
0.141363
0.141197
0.140934
0.140746
0.140632
0.140546
0.14047
0.140404
0.140348
0.140298
0.140255
0.140218
0.140189
0.140167
0.140152
0.140146
0.140154
0.140175
0.140195
0.140205
0.140202
0.140194
0.140187
0.140179
0.140167
0.140144
0.140117
0.140088
0.140061
0.140034
0.140036
0.140034
0.140235
0.140328
0.141066
0.141211
0.141342
0.141448
0.141523
0.141567
0.141582
0.141573
0.141543
0.141499
0.141445
0.141384
0.141322
0.141258
0.141196
0.141136
0.141077
0.14102
0.140966
0.140913
0.140862
0.140812
0.140765
0.140718
0.140674
0.140631
0.14059
0.14055
0.140512
0.140476
0.140442
0.140409
0.140378
0.140348
0.140321
0.140294
0.14027
0.140246
0.140224
0.140202
0.140182
0.140162
0.140143
0.140124
0.140108
0.140092
0.14008
0.140071
0.140066
0.140065
0.140068
0.140075
0.140083
0.140092
0.140099
0.140106
0.140111
0.140119
0.14013
0.140146
0.140168
0.140195
0.140225
0.140255
0.140285
0.140312
0.140331
0.140338
0.140339
0.140347
0.14037
0.140419
0.140487
0.14054
0.140527
0.140458
0.140481
0.140702
0.140686
0.140206
0.140916
0.141024
0.141136
0.141244
0.141349
0.141462
0.141587
0.141728
0.141893
0.142076
0.142209
0.142084
0.141277
0.139195
0.135344
0.12995
0.124922
0.124951
0.13812
0.175037
0.245889
0.355154
0.497749
0.660012
0.824641
0.975266
1.09841
1.18369
1.22351
1.21337
1.15166
1.04215
0.888313
0.698532
0.493631
0.305707
0.168204
0.0993874
0.0909892
0.114227
0.139472
0.151592
0.151061
0.145543
0.14135
0.140158
0.140603
0.141105
0.141151
0.140954
0.140767
0.140646
0.140554
0.14047
0.140399
0.140342
0.140293
0.140249
0.140212
0.140183
0.140162
0.14015
0.140149
0.140164
0.140186
0.1402
0.140202
0.140195
0.140188
0.140181
0.14017
0.140149
0.140121
0.140092
0.140064
0.140036
0.140036
0.140032
0.140235
0.140338
0.140842
0.140857
0.140924
0.141018
0.141122
0.141221
0.141306
0.141371
0.141415
0.141437
0.141437
0.141419
0.141386
0.141342
0.14129
0.141233
0.141174
0.141113
0.141053
0.140994
0.140937
0.140882
0.140828
0.140776
0.140727
0.140679
0.140634
0.14059
0.140549
0.14051
0.140472
0.140437
0.140404
0.140372
0.140343
0.140315
0.140288
0.140263
0.140239
0.140216
0.140193
0.140172
0.140152
0.140133
0.140116
0.140101
0.140089
0.140081
0.140078
0.140078
0.140082
0.140089
0.140097
0.140104
0.140111
0.140116
0.140121
0.140129
0.140141
0.140159
0.140183
0.14021
0.14024
0.14027
0.1403
0.140325
0.140342
0.140346
0.140348
0.140358
0.140387
0.140441
0.140511
0.140557
0.140531
0.140461
0.140515
0.140743
0.140685
0.140179
0.141544
0.141781
0.14199
0.14219
0.142396
0.142616
0.142844
0.143071
0.1433
0.143536
0.143792
0.144068
0.144295
0.144266
0.143556
0.141537
0.137606
0.13175
0.125536
0.123336
0.133323
0.166923
0.236127
0.347326
0.496208
0.66788
0.842483
1.00114
1.12866
1.21394
1.24949
1.23175
1.15953
1.03882
0.87129
0.667732
0.453592
0.265839
0.139322
0.0875218
0.0933793
0.122168
0.145183
0.152537
0.149178
0.143768
0.140977
0.140701
0.141134
0.141238
0.141022
0.140788
0.140646
0.140555
0.140471
0.140395
0.140334
0.140284
0.140242
0.140205
0.140177
0.140158
0.14015
0.140156
0.140175
0.140193
0.1402
0.140196
0.14019
0.140183
0.140173
0.140153
0.140126
0.140095
0.140066
0.140039
0.140037
0.14003
0.140233
0.140347
0.141258
0.141077
0.140965
0.140905
0.140883
0.140895
0.140934
0.140989
0.14105
0.141109
0.141161
0.141202
0.141227
0.141237
0.141232
0.141212
0.141181
0.141141
0.141094
0.141044
0.140991
0.140937
0.140883
0.140831
0.140779
0.140729
0.140681
0.140635
0.140591
0.140548
0.140508
0.14047
0.140434
0.1404
0.140368
0.140338
0.140309
0.140282
0.140255
0.14023
0.140207
0.140184
0.140162
0.140143
0.140125
0.140111
0.1401
0.140094
0.140092
0.140093
0.140098
0.140104
0.140111
0.140117
0.140122
0.140127
0.140132
0.140141
0.140155
0.140174
0.140198
0.140226
0.140256
0.140287
0.140316
0.140339
0.140352
0.140355
0.140358
0.140372
0.140406
0.140467
0.140537
0.140572
0.140533
0.140467
0.140557
0.140784
0.140677
0.140147
0.142588
0.142976
0.143327
0.143677
0.144019
0.144345
0.144651
0.144937
0.145202
0.145449
0.145683
0.145919
0.146176
0.14646
0.146713
0.146739
0.146114
0.144177
0.140207
0.133981
0.126793
0.12288
0.130799
0.163157
0.233814
0.350607
0.508885
0.691469
0.875475
1.0396
1.16742
1.24762
1.27337
1.24283
1.1572
1.02005
0.834187
0.614993
0.394657
0.215425
0.11041
0.08255
0.102652
0.13228
0.14852
0.149577
0.144364
0.140512
0.139831
0.140595
0.141128
0.141093
0.140848
0.140662
0.140552
0.140467
0.140389
0.140324
0.140273
0.140232
0.140197
0.140171
0.140155
0.140152
0.140165
0.140184
0.140195
0.140196
0.140191
0.140185
0.140176
0.140157
0.14013
0.140098
0.140069
0.140041
0.140038
0.140028
0.140231
0.140355
0.14206
0.141678
0.141402
0.141211
0.141082
0.140997
0.14094
0.140902
0.140879
0.140869
0.140873
0.140894
0.140922
0.140954
0.140983
0.141005
0.141017
0.141019
0.14101
0.14099
0.140963
0.140928
0.140889
0.140846
0.140802
0.140756
0.140711
0.140667
0.140623
0.140581
0.14054
0.140501
0.140463
0.140428
0.140394
0.140361
0.140331
0.140301
0.140273
0.140246
0.140221
0.140196
0.140174
0.140154
0.140137
0.140124
0.140114
0.140109
0.140108
0.14011
0.140115
0.140121
0.140126
0.140131
0.140134
0.140138
0.140144
0.140154
0.140169
0.14019
0.140215
0.140244
0.140274
0.140304
0.140332
0.140353
0.140363
0.140364
0.140369
0.140387
0.140428
0.140494
0.140562
0.140586
0.140533
0.140475
0.140605
0.140824
0.140663
0.14012
0.144224
0.144758
0.1452
0.145592
0.145943
0.146256
0.146535
0.146786
0.147012
0.147217
0.147404
0.147576
0.147741
0.147913
0.148118
0.148365
0.148613
0.148674
0.148126
0.14626
0.142235
0.135623
0.127564
0.122447
0.129715
0.163787
0.2405
0.36819
0.539989
0.734765
0.926064
1.09047
1.21113
1.27778
1.2858
1.23475
1.12978
0.970823
0.763689
0.531323
0.314864
0.16002
0.0912163
0.0936226
0.125662
0.150989
0.157314
0.151381
0.14402
0.140481
0.14016
0.140733
0.140973
0.140861
0.140685
0.14056
0.140468
0.140387
0.140318
0.140264
0.140223
0.14019
0.140166
0.140154
0.140157
0.140174
0.140189
0.140194
0.140191
0.140186
0.140179
0.140162
0.140135
0.140102
0.140072
0.140044
0.140039
0.140025
0.140225
0.140363
0.143403
0.142719
0.142172
0.141759
0.141462
0.141259
0.141123
0.141031
0.140967
0.140918
0.14088
0.140851
0.140828
0.140813
0.140803
0.1408
0.140805
0.140814
0.140823
0.14083
0.14083
0.140825
0.140812
0.140793
0.140767
0.140737
0.140703
0.140667
0.14063
0.140592
0.140554
0.140517
0.140481
0.140446
0.140412
0.140379
0.140348
0.140317
0.140288
0.14026
0.140233
0.140209
0.140187
0.140167
0.140151
0.140139
0.140131
0.140127
0.140127
0.140129
0.140134
0.140138
0.140142
0.140145
0.140147
0.140151
0.140158
0.140169
0.140186
0.140208
0.140234
0.140263
0.140293
0.140323
0.140349
0.140367
0.140374
0.140375
0.140382
0.140406
0.140455
0.140525
0.140588
0.140597
0.140532
0.140489
0.140663
0.140861
0.140643
0.140105
0.146503
0.146931
0.147245
0.147499
0.147712
0.147891
0.148045
0.148178
0.148295
0.148402
0.148501
0.148594
0.148681
0.148763
0.148847
0.148949
0.149097
0.149311
0.14956
0.149668
0.149195
0.147359
0.143161
0.135981
0.126944
0.121059
0.129462
0.169329
0.258647
0.405306
0.598795
0.812981
1.01707
1.18475
1.2979
1.3466
1.32894
1.24768
1.10786
0.909836
0.666626
0.413274
0.201588
0.0763327
0.0454727
0.0749062
0.117251
0.143454
0.150016
0.146695
0.142586
0.140833
0.140666
0.140796
0.140765
0.140642
0.14053
0.140441
0.140364
0.140298
0.140246
0.140206
0.140177
0.140158
0.140153
0.140163
0.14018
0.140189
0.14019
0.140186
0.14018
0.140164
0.140138
0.140105
0.140074
0.140046
0.140041
0.140024
0.140226
0.140369
0.145694
0.14482
0.143952
0.143158
0.142494
0.141968
0.141575
0.141291
0.141095
0.140963
0.140876
0.140817
0.140776
0.140746
0.140723
0.140705
0.140692
0.140682
0.140675
0.140669
0.140664
0.140659
0.140656
0.140653
0.140648
0.140641
0.140628
0.140611
0.140589
0.140563
0.140536
0.140507
0.140477
0.140447
0.140416
0.140386
0.140356
0.140326
0.140297
0.140269
0.140243
0.140219
0.140197
0.140179
0.140164
0.140154
0.140147
0.140145
0.140145
0.140148
0.140151
0.140154
0.140156
0.140157
0.140159
0.140163
0.14017
0.140183
0.140201
0.140224
0.140251
0.14028
0.140311
0.14034
0.140364
0.140379
0.140383
0.140383
0.140393
0.140423
0.140479
0.140553
0.140612
0.140605
0.140528
0.140502
0.140718
0.140894
0.140615
0.140087
0.147144
0.147295
0.1474
0.147486
0.147567
0.14765
0.147735
0.147826
0.147922
0.148024
0.148132
0.148246
0.148365
0.148488
0.148612
0.148734
0.148859
0.149003
0.149193
0.149464
0.149819
0.150146
0.150089
0.148895
0.145442
0.138781
0.129467
0.121845
0.126311
0.158869
0.235883
0.364925
0.538625
0.736363
0.931772
1.10016
1.22278
1.28822
1.29131
1.22865
1.10541
0.923163
0.698876
0.469821
0.282378
0.16764
0.123691
0.122762
0.13453
0.142483
0.14414
0.14293
0.141703
0.141164
0.14098
0.140848
0.140709
0.140584
0.14048
0.140393
0.140319
0.14026
0.140215
0.140182
0.140163
0.140159
0.140169
0.140179
0.140184
0.140184
0.140182
0.14017
0.140146
0.140112
0.140081
0.140053
0.140046
0.140024
0.140207
0.140383
0.146888
0.146483
0.145963
0.145367
0.144732
0.144096
0.143493
0.142945
0.142467
0.142061
0.141726
0.141458
0.141251
0.141092
0.14097
0.140877
0.140803
0.140746
0.140699
0.140662
0.140631
0.140605
0.140583
0.140565
0.140549
0.140536
0.140524
0.140515
0.140504
0.140491
0.140474
0.140455
0.140435
0.140413
0.140389
0.140365
0.14034
0.140316
0.140291
0.140268
0.140246
0.140227
0.14021
0.140196
0.140186
0.14018
0.140176
0.140175
0.140176
0.140177
0.140178
0.140179
0.140179
0.140179
0.140181
0.140187
0.140197
0.140212
0.140233
0.140258
0.140285
0.140315
0.140344
0.14037
0.140389
0.140398
0.140399
0.140404
0.140424
0.140467
0.140534
0.140606
0.140643
0.140607
0.140528
0.140569
0.140828
0.140926
0.140581
0.140107
)
;

boundaryField
{
    inlet
    {
        type            freestream;
        freestreamValue uniform 0.14;
        value           nonuniform List<scalar> 
134
(
0.14
0.14
0.14
0.14
0.14
0.14
0.14
0.14
0.14
0.14
0.140014
0.140027
0.140044
0.140061
0.140076
0.140091
0.140105
0.140119
0.140131
0.140142
0.14
0.140152
0.14016
0.140168
0.140173
0.140178
0.140181
0.140183
0.140186
0.140186
0.140187
0.140186
0.140186
0.140184
0.140183
0.140183
0.140184
0.140185
0.140188
0.140191
0.14
0.14
0.14
0.14
0.14
0.14
0.14
0.140192
0.140193
0.140195
0.140198
0.140201
0.140205
0.140209
0.140214
0.140219
0.140225
0.140231
0.140238
0.140245
0.140253
0.140261
0.14027
0.140278
0.140288
0.140298
0.140308
0.140318
0.140328
0.140338
0.140347
0.140355
0.140363
0.140369
0.140383
0.14
0.14
0.14
0.14
0.14
0.14
0.14
0.14
0.14
0.14
0.14
0.14
0.14
0.14
0.14
0.14
0.14
0.14
0.14
0.14
0.14
0.14
0.14
0.14
0.14
0.14
0.14
0.14
0.14
0.14
0.14
0.14
0.14
0.14
0.14
0.14
0.14
0.14
0.14
0.14
0.14
0.14
0.14
0.14
0.14
0.14
0.14
0.14
0.14
0.14
0.14
0.14
0.14
0.14
0.14
0.14
0.14
0.14
0.14
)
;
    }
    outlet
    {
        type            freestream;
        freestreamValue uniform 0.14;
        value           nonuniform List<scalar> 
160
(
0.147144
0.146888
0.147295
0.146483
0.1474
0.145963
0.147486
0.145367
0.147567
0.144732
0.14765
0.144096
0.147735
0.143493
0.147826
0.142945
0.147922
0.142467
0.148024
0.142061
0.148132
0.141726
0.148246
0.141458
0.148365
0.141251
0.148488
0.141092
0.148612
0.14097
0.148734
0.140877
0.148859
0.140803
0.149003
0.140746
0.149193
0.140699
0.149464
0.140662
0.149819
0.140631
0.150146
0.140605
0.150089
0.140583
0.148895
0.140565
0.145442
0.140549
0.138781
0.140536
0.129467
0.140524
0.121845
0.140515
0.126311
0.140504
0.158869
0.140491
0.235883
0.140474
0.364925
0.140455
0.538625
0.140435
0.736363
0.140413
0.931772
0.140389
1.10016
0.140365
1.22278
0.14034
1.28822
0.140316
1.29131
0.140291
1.22865
0.140268
1.10541
0.140246
0.923163
0.140227
0.698876
0.14021
0.469821
0.140196
0.282378
0.140186
0.16764
0.14018
0.123691
0.140176
0.122762
0.140175
0.13453
0.140176
0.142483
0.140177
0.14414
0.140178
0.14293
0.140179
0.141703
0.140179
0.141164
0.140179
0.14098
0.140181
0.140848
0.140187
0.140709
0.140197
0.140584
0.140212
0.14048
0.140233
0.140393
0.140258
0.140319
0.140285
0.14026
0.140315
0.140215
0.140344
0.140182
0.14037
0.140163
0.140389
0.140159
0.140398
0.140169
0.140399
0.140179
0.140404
0.140184
0.140424
0.140184
0.140467
0.140182
0.140534
0.14017
0.140606
0.140146
0.140643
0.140112
0.140607
0.140081
0.140528
0.140053
0.140569
0.140046
0.140828
0.140024
0.140926
0.140207
0.140581
0.140383
0.140107
)
;
    }
    walls
    {
        type            fixedValue;
        value           nonuniform List<scalar> 
78
(
0.094572
0.0999498
0.105865
0.112223
0.119408
0.127451
0.136635
0.147051
0.158927
0.172141
0.186385
0.201244
0.215841
0.229289
0.240879
0.249606
0.255182
0.257951
0.258298
0.256751
0.253543
0.248949
0.243121
0.236405
0.229327
0.222236
0.215085
0.207633
0.199652
0.191049
0.181668
0.170819
0.15863
0.144705
0.119075
0.0932461
0.116446
0.134812
0.0969946
0.0892749
0.0830154
0.0753501
0.0646224
0.051796
0.0500893
0.0500151
0.0617503
0.0717533
0.0800241
0.0877124
0.0955201
0.103657
0.11209
0.120536
0.128705
0.13631
0.143174
0.149219
0.154512
0.159203
0.163484
0.167553
0.171548
0.175254
0.178368
0.180879
0.182876
0.184406
0.185393
0.185971
0.186116
0.185747
0.184842
0.183414
0.181559
0.179158
0.176585
0.173623
)
;
    }
    frontAndBack
    {
        type            empty;
    }
}


// ************************************************************************* //
