/*--------------------------------*- C++ -*----------------------------------*\
  =========                 |
  \\      /  F ield         | OpenFOAM: The Open Source CFD Toolbox
   \\    /   O peration     | Website:  https://openfoam.org
    \\  /    A nd           | Version:  12
     \\/     M anipulation  |
\*---------------------------------------------------------------------------*/
FoamFile
{
    format      ascii;
    class       volScalarField;
    location    "100";
    object      p;
}
// * * * * * * * * * * * * * * * * * * * * * * * * * * * * * * * * * * * * * //

dimensions      [0 2 -2 0 0 0 0];

internalField   nonuniform List<scalar> 
10720
(
-88.5104
-257.472
-457.026
-654.851
-839.53
-1028.67
-1197.82
-1341.66
-1468.09
-1568.79
-1647.82
-1708.09
-1750.57
-1777.88
-1791.7
-1790.96
-1777.52
-1748.25
-1705.81
-1647.05
-1574.39
-1486
-1387.05
-1279.71
-1172.05
-1075.83
-988.895
-903.089
-817.748
-733.403
-649.667
-566.24
-482.882
-399.099
-314.328
-226.161
-133.734
-24.2265
84.9756
79.7579
232.264
393.072
541.768
667.038
758.662
808.031
821.598
809.709
772.066
718.054
659.272
600.767
544.885
493.268
445.058
400.214
357.607
316.58
275.848
235.303
194.141
152.62
111.758
76.3252
48.9419
26.9017
9.20808
-4.14199
-13.0222
-17.6759
-18.3718
-15.3217
-8.53341
2.00953
17.2819
38.6532
74.9518
136.112
139.746
11.3964
-132.782
-286.576
-445.262
-608.328
-767.425
-917.523
-1056.93
-1181.42
-1290.05
-1382.4
-1458.58
-1518.99
-1563.31
-1590.75
-1602.15
-1596.63
-1575.47
-1537.28
-1483.33
-1413.02
-1330.19
-1237.5
-1142.03
-1053.73
-971.732
-889.716
-807.283
-725.187
-643.257
-561.286
-479.102
-396.258
-312.214
-224.582
-132.553
-23.2233
84.1193
254.921
364.378
472.883
576.634
666.902
737.186
780.263
796.01
787.315
757.296
713.541
663.289
610.732
558.413
508.1
460.088
414.527
370.925
328.791
287.277
246.14
204.85
163.625
123.501
88.1763
59.89
36.7744
17.9835
3.55723
-6.37997
-12.008
-13.5832
-11.319
-5.22392
4.74235
19.5641
40.5849
76.6873
135.35
171.297
56.4378
-73.1985
-216.45
-365.666
-519.368
-673.645
-822.288
-961.566
-1088.94
-1201.4
-1298.04
-1378.47
-1442.17
-1489.18
-1519.98
-1535.28
-1534.5
-1518.04
-1485.35
-1437.09
-1373.44
-1297.31
-1211.69
-1122.47
-1037.83
-958.138
-878.54
-798.284
-718.015
-637.624
-556.914
-475.742
-393.701
-310.277
-223.135
-131.512
-22.6072
83.6565
274.566
374.245
472.624
565.094
644.012
705.368
744.558
761.612
757.844
735.409
699.566
655.582
607.465
558.057
509.362
462.277
417.132
373.773
331.821
290.643
249.899
209.222
168.775
129.494
94.3043
65.4048
41.7281
22.4586
7.58144
-2.80065
-8.85019
-10.8213
-8.92181
-3.15679
6.53496
21.1407
42.0006
77.8071
134.124
216.023
119.244
8.55836
-113.478
-242.054
-377.101
-514.67
-650.527
-781.579
-905.045
-1018.2
-1119.38
-1207.36
-1281.23
-1340.33
-1384.61
-1413.81
-1427.02
-1423.96
-1404.31
-1368.4
-1316.72
-1251.6
-1176.12
-1095.41
-1016.42
-940.628
-864.478
-787.1
-709.159
-630.697
-551.572
-471.684
-390.674
-308.057
-221.57
-130.51
-22.3143
82.8977
302.502
385.182
467.531
546.305
614.423
668.692
705.359
723.562
723.787
707.714
679.126
642.083
599.918
555.23
509.955
465.192
421.486
378.976
337.494
296.654
256.19
215.901
175.96
137.245
102.15
72.748
48.4928
28.6277
13.1175
2.07631
-4.62997
-7.22394
-5.89072
-0.622948
8.65898
22.9389
43.5296
78.8569
132.857
227.57
141.589
42.7646
-66.8382
-182.612
-305.566
-432.39
-559.311
-683.964
-803.568
-915.401
-1017.53
-1108.29
-1186.32
-1250.6
-1300.56
-1335.26
-1354.31
-1357.27
-1344.08
-1314.96
-1270.58
-1212.87
-1144.74
-1070.6
-996.275
-923.712
-850.445
-775.59
-699.779
-623.165
-545.629
-467.087
-387.2
-305.51
-219.812
-129.47
-22.2204
81.5459
304.561
377.77
450.931
521.009
581.75
630.925
665.657
684.707
688.142
677.359
655.07
624.372
587.92
547.972
506.348
464.233
422.356
381.082
340.456
300.304
260.461
220.836
181.629
143.649
108.872
79.1925
54.4777
34.117
18.078
6.48356
-0.766158
-3.87089
-3.00164
1.85132
10.7806
24.7651
45.0792
79.861
131.507
232.661
156.376
68.2777
-29.3963
-132.568
-242.939
-357.463
-473.122
-588.189
-700.149
-806.679
-905.939
-996.129
-1075.68
-1143.33
-1198.09
-1238.95
-1265.39
-1276.68
-1272.42
-1252.53
-1217.54
-1168.97
-1109.47
-1042.86
-974.071
-905.41
-835.419
-763.366
-689.871
-615.204
-539.319
-462.171
-383.458
-302.756
-217.937
-128.445
-22.3947
79.6223
300.997
365.757
430.95
493.851
548.691
593.836
626.95
646.529
652.411
645.829
628.794
603.711
572.668
537.546
499.959
461.044
421.593
382.109
342.803
303.68
264.698
225.873
187.446
150.182
115.756
85.8877
60.7616
39.9386
23.3882
11.2383
3.42382
-0.230688
0.123441
4.50871
13.0348
26.6746
46.6568
80.7805
130.031
229.878
161.042
81.3379
-7.07789
-100.274
-200.476
-304.963
-411.11
-517.761
-622.676
-723.855
-819.647
-908.218
-987.924
-1057.35
-1115.22
-1160.37
-1191.82
-1208.74
-1210.57
-1197.23
-1169.21
-1127.83
-1075.45
-1015.35
-951.657
-886.757
-819.968
-750.717
-679.572
-606.894
-532.702
-456.99
-379.497
-299.84
-215.978
-127.463
-22.8623
77.1623
291.611
349.946
408.998
466.245
516.374
558.274
589.965
609.776
617.514
614.243
601.527
581.263
555.098
524.554
491.007
455.467
418.719
381.343
343.667
305.84
267.942
230.088
192.563
156.097
122.136
92.243
66.8278
45.6251
28.6225
15.9579
7.60497
3.42034
3.27355
7.20037
15.3249
28.6076
48.2259
81.5905
128.442
223.549
161.015
88.4671
8.05676
-76.4612
-167.6
-262.866
-359.967
-458.153
-555.517
-650.327
-741.206
-826.467
-904.509
-973.858
-1033.13
-1080.98
-1116.33
-1138.28
-1146.11
-1139.51
-1118.74
-1084.81
-1039.72
-986.275
-927.935
-867.091
-803.697
-737.398
-668.736
-598.153
-525.746
-451.544
-375.333
-296.779
-213.945
-126.523
-23.6001
74.203
279.723
332.698
386.637
439.192
485.412
524.609
554.989
574.809
583.927
583.238
574.021
557.822
535.952
509.628
479.991
447.891
414.052
379.063
343.316
307.059
270.476
233.767
197.262
161.662
128.255
98.4651
72.8588
51.3397
33.9299
20.7806
11.9051
7.19476
6.54066
9.99478
17.6961
30.5896
49.7953
82.2937
126.753
214.789
157.508
90.9829
17.3102
-59.8748
-143.228
-230.489
-319.591
-410.117
-500.399
-588.993
-674.779
-756.233
-831.863
-900.24
-959.922
-1009.48
-1047.73
-1073.59
-1086.2
-1085.05
-1070.31
-1042.79
-1004.15
-956.801
-903.592
-846.791
-786.808
-723.503
-657.397
-588.988
-518.442
-445.827
-370.971
-293.586
-211.853
-125.614
-24.5711
70.8114
266.324
314.86
364.534
413.143
456.056
492.94
522.096
541.775
551.881
553.2
546.806
533.996
515.839
493.308
467.331
438.597
407.733
375.291
341.676
307.202
272.128
236.724
201.357
166.712
133.959
104.405
78.7229
56.9698
39.2143
25.6254
16.2558
11.0351
9.87888
12.8571
20.1237
32.6026
51.3512
82.8849
124.965
204.75
151.973
90.6379
22.7988
-48.0389
-124.586
-204.739
-286.633
-370.087
-453.634
-536.089
-616.555
-693.679
-766.162
-832.647
-891.698
-941.903
-981.977
-1010.79
-1027.42
-1031.16
-1022
-1000.5
-968.012
-926.531
-878.407
-825.729
-769.237
-709.001
-645.534
-579.381
-510.777
-439.827
-366.401
-290.262
-209.711
-124.737
-25.7526
67.0719
252.32
297.073
343.106
388.331
428.4
463.244
491.257
510.678
521.469
524.339
520.214
510.207
495.221
476.042
453.42
427.893
399.981
370.163
338.828
306.31
272.918
238.968
204.859
171.262
139.261
110.071
84.4278
62.5241
44.4858
30.5031
20.6686
14.9531
13.2992
15.7955
22.6122
34.6474
52.8912
83.3648
123.083
194.045
145.16
88.328
25.5554
-39.756
-110.345
-184.233
-259.72
-336.763
-414.087
-490.726
-565.984
-638.674
-707.663
-771.726
-829.509
-879.62
-920.765
-951.718
-971.55
-979.351
-974.979
-958.794
-931.868
-895.828
-852.589
-804.013
-751.037
-693.913
-633.154
-569.332
-502.745
-433.538
-361.621
-286.808
-207.528
-123.903
-27.1343
63.0421
238.184
279.68
322.558
364.838
402.428
435.451
462.369
481.457
492.702
496.761
494.45
486.757
474.46
458.206
438.606
416.073
391.01
363.815
334.834
304.394
272.819
240.457
207.719
175.26
144.11
115.406
89.9197
67.9564
49.7045
35.3811
25.1179
18.9287
16.7866
18.799
25.1534
36.7168
54.4083
83.7343
121.115
183.099
137.628
84.7543
26.4382
-34.0232
-99.3499
-167.668
-237.41
-308.646
-380.244
-451.409
-521.62
-589.854
-655.151
-716.41
-772.383
-821.758
-863.259
-895.623
-917.913
-929.116
-928.919
-917.501
-895.669
-864.718
-826.179
-781.67
-732.226
-678.25
-620.258
-558.839
-494.342
-426.954
-356.626
-283.222
-205.309
-123.127
-28.7151
58.7578
224.24
262.89
302.999
342.669
378.08
409.452
435.318
454.022
465.537
470.501
469.643
463.851
453.819
440.096
423.188
403.397
381.031
356.401
329.793
301.501
271.848
241.183
209.917
178.69
148.487
120.385
95.1721
73.243
54.8515
40.2442
29.5927
22.9545
20.3362
21.8637
27.7431
38.806
55.8973
83.9957
119.067
172.192
129.735
80.3714
26.0053
-30.1632
-90.8151
-154.169
-218.756
-284.739
-351.11
-417.193
-482.615
-546.501
-608.045
-666.293
-720.114
-768.287
-809.589
-842.761
-866.853
-880.816
-884.155
-876.906
-859.646
-833.379
-799.298
-758.771
-712.847
-662.035
-606.855
-547.902
-485.566
-420.073
-351.413
-279.504
-203.055
-122.416
-30.4909
54.2373
210.672
246.819
284.46
321.807
355.27
385.134
409.992
428.264
439.915
445.556
445.855
441.624
433.496
421.952
407.411
390.103
370.248
348.078
323.812
297.697
270.028
241.141
211.434
181.527
152.363
124.974
100.148
78.3503
59.8964
45.0675
34.0731
27.0152
23.9361
24.9804
30.3739
40.9084
57.3526
84.1513
116.95
161.5
121.731
75.5062
24.6711
-27.6677
-84.1406
-143.05
-203
-264.232
-325.827
-387.21
-448.127
-507.835
-565.66
-620.796
-672.235
-718.847
-759.493
-792.952
-818.258
-834.395
-840.697
-837.069
-823.895
-801.919
-772.042
-735.381
-692.94
-645.291
-592.958
-536.525
-476.416
-412.891
-345.98
-275.653
-200.767
-121.777
-32.4535
49.4982
197.602
231.513
266.95
302.202
333.905
362.373
386.267
404.08
415.759
421.902
423.12
420.167
413.634
403.953
391.484
376.4
358.852
339.004
317.009
293.056
267.399
240.346
212.27
183.759
155.721
129.146
104.817
83.2487
64.8135
49.8285
38.541
31.0966
27.5757
28.1409
33.0387
43.0176
58.7689
84.2063
114.772
151.136
113.785
70.3865
22.7309
-26.1714
-78.8905
-133.792
-189.563
-246.484
-303.711
-360.765
-417.478
-473.219
-527.441
-579.449
-628.365
-673.17
-712.811
-746.135
-772.167
-789.944
-798.67
-798.141
-788.568
-770.482
-744.525
-711.579
-672.558
-628.054
-578.583
-524.716
-466.894
-405.408
-340.327
-271.669
-198.444
-121.209
-34.5944
44.5607
185.098
216.996
250.438
283.792
313.888
341.059
364.034
381.364
392.99
399.489
401.436
399.528
394.332
386.242
375.576
362.47
347.021
329.334
309.503
287.661
264.012
238.823
212.43
185.379
158.542
132.878
109.149
87.9077
69.5742
54.5022
42.9754
35.1821
31.2417
31.3349
35.729
45.1264
60.1409
84.1648
112.542
141.168
106.012
65.175
20.4011
-25.4005
-74.7219
-125.997
-177.984
-230.986
-284.224
-337.299
-390.107
-442.11
-492.864
-541.793
-588.127
-630.96
-669.333
-702.173
-728.51
-747.455
-758.123
-760.204
-753.774
-739.18
-716.852
-687.447
-651.757
-610.36
-563.755
-512.487
-457.007
-397.627
-334.452
-267.552
-196.087
-120.711
-36.8971
39.4465
173.192
203.269
234.894
266.512
295.129
321.09
343.185
360.02
371.53
378.274
380.793
379.74
375.66
368.923
359.822
348.46
334.904
319.208
301.415
281.606
259.931
236.608
211.927
186.387
160.821
136.15
113.119
92.2988
74.151
59.0635
47.3547
39.2539
34.9198
34.551
38.4354
47.2273
61.4637
84.0332
110.273
131.644
98.4857
59.9833
17.8383
-25.1491
-71.3812
-119.365
-167.91
-217.339
-266.938
-316.353
-365.536
-414.035
-461.492
-507.428
-551.179
-591.946
-628.863
-660.941
-687.244
-706.936
-719.111
-723.353
-719.629
-708.141
-689.138
-663.074
-630.601
-592.254
-548.502
-499.856
-446.762
-389.55
-328.359
-263.302
-193.696
-120.281
-39.3457
34.1777
161.898
190.316
220.272
250.293
277.547
302.37
323.621
339.955
351.298
358.2
361.162
360.806
357.66
352.077
344.327
334.5
322.637
308.758
292.864
274.988
255.228
233.748
210.787
186.792
162.551
138.947
116.703
96.3951
78.5166
63.4867
51.6563
43.293
38.5944
37.7768
41.1475
49.3124
62.7331
83.8179
107.973
122.584
91.2554
54.8992
15.1556
-25.2573
-68.6748
-113.651
-159.058
-205.225
-251.487
-297.535
-343.369
-388.598
-432.942
-476.001
-517.206
-555.863
-591.191
-622.293
-648.28
-668.364
-681.658
-687.652
-686.228
-677.474
-661.491
-638.551
-609.161
-573.788
-532.859
-486.844
-436.173
-381.185
-322.049
-258.922
-191.27
-119.915
-41.9207
28.7833
151.211
178.108
206.524
235.072
261.058
284.808
305.25
321.081
332.223
339.208
342.513
342.725
340.361
335.759
329.175
320.692
310.336
298.102
283.96
267.901
249.976
230.297
209.046
186.613
163.736
141.262
119.882
100.172
82.6448
67.7462
55.8565
47.2789
42.2482
40.9984
43.8541
51.3735
63.9448
83.5267
105.657
113.995
84.3533
49.9717
12.4433
-25.6137
-66.4463
-108.67
-151.201
-194.382
-237.583
-280.535
-323.271
-365.457
-406.868
-447.184
-485.912
-522.454
-556.116
-586.085
-611.536
-631.709
-645.78
-653.16
-653.659
-647.281
-634.013
-613.969
-587.509
-555.017
-516.865
-473.475
-425.254
-372.54
-315.527
-254.412
-188.808
-119.608
-44.6018
23.2903
141.122
166.615
193.607
220.788
245.584
268.324
287.988
303.318
314.231
321.244
324.807
325.482
323.772
320.003
314.426
307.118
298.097
287.343
274.805
260.439
244.253
226.31
206.739
185.869
164.386
143.09
122.643
103.609
86.5112
71.8167
59.9316
51.1905
45.8631
44.2009
46.5433
53.402
65.0956
83.167
103.335
105.878
77.7974
45.2419
9.75889
-26.1258
-64.5817
-104.271
-144.164
-184.602
-224.989
-265.085
-304.957
-344.31
-382.972
-420.685
-457.029
-491.486
-523.445
-552.171
-576.906
-596.924
-611.475
-619.912
-621.992
-617.656
-606.807
-589.421
-565.722
-536
-500.563
-459.781
-414.024
-363.626
-308.798
-249.774
-186.307
-119.352
-47.3664
17.7278
131.614
155.806
181.476
207.381
231.062
252.84
271.759
286.593
297.256
304.253
308.01
309.06
307.895
304.838
300.127
293.845
286.003
276.574
265.492
252.689
238.137
221.853
203.916
184.595
164.516
144.434
124.976
106.687
90.0926
75.6739
63.8573
55.0056
49.4197
47.3685
49.2021
55.3891
66.1821
82.7469
101.02
98.2247
71.5936
40.7359
7.1503
-26.7275
-62.9868
-100.34
-137.803
-175.713
-213.508
-250.975
-288.196
-324.92
-361.01
-396.263
-430.326
-462.747
-492.99
-520.4
-544.286
-563.952
-578.729
-587.934
-591.287
-588.686
-579.965
-564.998
-543.88
-516.802
-484.005
-445.797
-402.509
-354.458
-301.871
-245.012
-183.764
-119.137
-50.1901
12.1276
122.667
145.649
170.084
194.794
217.425
238.293
256.495
270.842
281.241
288.184
292.079
293.434
292.726
290.274
286.311
280.921
274.118
265.872
256.106
244.735
231.703
216.991
200.627
182.824
164.146
145.301
126.875
109.392
93.3693
79.2945
67.6102
58.7019
52.8978
50.4843
51.8172
57.3259
67.2018
82.2749
98.7239
91.0236
65.7442
36.4671
4.64877
-27.3667
-61.5908
-96.7816
-132
-167.573
-202.976
-238.014
-272.785
-307.065
-340.756
-373.698
-405.584
-436.036
-464.58
-490.632
-513.568
-532.728
-547.516
-557.24
-561.59
-560.437
-553.574
-540.788
-522.061
-497.489
-467.241
-431.561
-390.733
-345.053
-294.755
-240.128
-181.176
-118.951
-53.0459
6.5234
114.258
136.11
159.387
182.975
204.615
224.62
242.133
255.999
266.126
272.989
276.979
278.576
278.251
276.315
272.998
268.386
262.498
255.302
246.719
236.652
225.026
211.788
196.925
180.595
163.302
145.703
128.343
111.715
96.3237
82.657
71.1669
62.2565
56.2767
53.5304
54.3744
59.2032
68.1523
81.7585
96.4594
84.2606
60.2434
32.4456
2.27766
-28.0084
-60.3379
-93.5226
-126.66
-160.074
-193.261
-226.051
-258.551
-290.563
-322.016
-352.787
-382.614
-411.172
-438.052
-462.731
-484.648
-503.182
-517.802
-527.831
-532.939
-532.975
-527.711
-516.872
-500.345
-478.132
-450.33
-417.118
-378.73
-335.432
-287.46
-235.126
-178.537
-118.78
-55.9093
0.946406
106.362
127.159
149.348
171.877
192.58
211.765
228.614
242.009
251.856
258.62
262.667
264.46
264.456
262.962
260.201
256.267
251.181
244.916
237.392
228.508
218.172
206.307
192.865
177.953
162.017
145.659
129.383
113.649
98.9419
85.7423
74.5055
65.647
59.5358
56.4885
56.8594
61.0119
69.0321
81.206
94.2376
77.9187
55.085
28.6735
0.051201
-28.6203
-59.1847
-90.5024
-121.708
-153.116
-184.254
-214.962
-245.355
-275.258
-304.624
-333.358
-361.241
-387.992
-413.251
-436.561
-457.415
-475.237
-489.543
-499.698
-505.352
-506.344
-502.443
-493.329
-478.807
-458.801
-433.33
-402.514
-366.531
-325.617
-280.002
-230.01
-175.842
-118.608
-58.7511
-4.56871
98.9563
118.76
139.927
161.457
181.272
199.671
215.883
228.818
238.386
245.033
249.109
251.056
251.322
250.204
247.924
244.581
240.2
234.759
228.18
220.363
211.204
200.61
188.502
174.944
160.323
145.191
130.006
115.194
101.214
88.5331
77.6055
68.8519
62.6534
59.3393
59.2572
62.7428
69.8392
80.6243
92.0695
71.9791
50.259
25.1506
-2.02185
-29.1812
-58.0975
-87.6723
-117.079
-146.624
-175.858
-204.633
-233.07
-261.015
-288.437
-315.264
-341.313
-366.344
-390.041
-412.001
-431.767
-448.817
-462.696
-472.825
-478.843
-480.588
-477.832
-470.229
-457.523
-439.563
-416.303
-387.797
-354.177
-315.636
-272.394
-224.785
-173.085
-118.42
-61.544
-9.98935
92.0161
110.887
131.087
151.67
170.642
188.293
203.891
216.381
225.668
232.185
236.267
238.336
238.827
238.032
236.169
233.341
229.579
224.864
219.127
212.267
204.179
194.752
183.889
171.613
158.258
144.324
130.226
116.352
103.133
91.0167
80.4485
71.8502
65.6096
62.0642
61.5532
64.3866
70.5724
80.0203
89.9649
66.4245
45.7541
21.8725
-3.93671
-29.6784
-57.0505
-84.9962
-112.725
-140.534
-167.995
-194.975
-221.594
-247.715
-273.326
-298.37
-322.694
-346.092
-368.293
-388.934
-407.609
-423.842
-437.209
-447.19
-453.418
-455.736
-453.928
-447.638
-436.559
-420.485
-399.307
-373.022
-341.705
-305.514
-264.654
-219.454
-170.262
-118.194
-64.2591
-15.2819
85.5182
103.508
122.794
142.478
160.648
177.584
192.592
204.649
213.658
220.037
224.107
226.27
226.95
226.432
224.93
222.55
219.33
215.257
210.268
204.266
197.145
188.786
179.076
168.005
155.86
143.087
130.061
117.131
104.696
93.1815
83.0181
74.6226
68.3843
64.6448
63.7321
65.9343
71.2299
79.3996
87.932
61.2373
41.5562
18.8339
-5.69131
-30.1001
-56.0231
-82.4432
-108.602
-134.792
-160.601
-185.91
-210.837
-235.263
-259.183
-282.562
-305.264
-327.119
-347.888
-367.25
-384.844
-400.235
-413.027
-422.761
-429.068
-431.804
-430.771
-425.611
-415.983
-401.634
-382.405
-358.238
-329.159
-295.283
-256.797
-214.027
-167.363
-117.914
-66.8721
-20.4133
79.4382
96.5944
115.014
133.846
151.252
167.506
181.945
193.582
202.315
208.551
212.594
214.828
215.666
215.386
214.198
212.211
209.466
205.959
201.632
196.397
190.146
182.759
174.111
164.167
153.168
141.512
129.531
117.541
105.905
95.021
85.3009
77.1519
70.9587
67.0629
65.7797
67.3767
71.8107
78.7665
85.978
56.3985
37.6541
16.0257
-7.28551
-30.4411
-55.0007
-79.9882
-104.68
-129.354
-153.622
-177.373
-200.726
-223.57
-245.916
-267.736
-288.917
-309.316
-328.721
-346.851
-363.382
-377.921
-390.095
-399.505
-405.786
-408.807
-408.395
-404.196
-395.853
-383.073
-365.658
-343.5
-316.581
-284.976
-248.846
-208.508
-164.385
-117.563
-69.3536
-25.3538
73.7535
90.121
107.72
125.741
142.417
158.018
171.91
183.14
191.602
197.691
201.696
203.983
204.954
204.878
203.963
202.318
199.991
196.982
193.242
188.688
183.218
176.713
169.038
160.141
150.22
139.63
128.663
117.598
106.765
96.5312
87.287
79.4227
73.3152
69.3018
67.682
68.7053
72.3127
78.1252
84.108
51.8899
34.0325
13.4405
-8.723
-30.6966
-53.9735
-77.6136
-100.928
-124.184
-147.011
-169.306
-191.191
-212.563
-233.438
-253.802
-273.559
-292.585
-310.697
-327.645
-343.138
-356.825
-368.357
-377.381
-383.553
-386.749
-386.822
-383.436
-376.218
-364.859
-349.122
-328.862
-304.016
-274.623
-240.821
-202.905
-161.321
-117.116
-71.6804
-30.0747
68.4433
84.0624
100.881
118.129
134.109
149.086
162.452
173.286
181.482
187.422
191.38
193.706
194.788
194.89
194.211
192.866
190.905
188.334
185.113
181.165
176.394
170.684
163.898
155.966
147.054
137.473
127.479
117.318
107.283
97.7124
88.9684
81.4232
75.439
71.3458
69.4258
69.9116
72.7347
77.4777
82.3253
47.6947
30.6781
11.069
-10.0083
-30.8656
-52.9312
-75.3035
-97.3235
-119.248
-140.727
-161.663
-182.176
-202.174
-221.677
-240.68
-259.103
-276.838
-293.726
-309.546
-324.036
-336.882
-347.757
-356.355
-362.347
-365.627
-366.071
-363.361
-357.127
-347.043
-332.852
-314.373
-291.509
-264.262
-232.743
-197.228
-158.165
-116.561
-73.8264
-34.5488
63.4865
78.3943
94.4717
110.982
126.298
140.675
153.536
163.986
171.924
177.713
181.618
183.969
185.143
185.398
184.927
183.845
182.206
180.021
177.257
173.846
169.7
164.705
158.725
151.681
143.706
135.074
126.008
116.721
107.472
98.5677
90.3419
83.1432
77.317
73.1808
70.9989
70.9878
73.0741
76.8252
80.6308
43.7954
27.5773
8.90089
-11.1461
-30.9479
-51.8703
-73.047
-93.8493
-114.525
-134.739
-154.403
-173.634
-192.349
-210.57
-228.302
-245.474
-261.998
-277.73
-292.476
-306.002
-318.024
-328.239
-336.382
-342.143
-345.432
-346.147
-343.997
-338.616
-329.675
-316.898
-300.083
-279.102
-253.925
-224.636
-191.486
-154.914
-115.877
-75.7716
-38.7535
58.8631
73.0951
88.4655
104.273
118.952
132.756
145.13
155.211
162.895
168.535
172.379
174.746
175.998
176.385
176.094
175.242
173.887
172.041
169.681
166.746
163.155
158.801
153.55
147.317
140.21
132.465
124.277
115.828
107.346
99.1036
91.4061
84.5766
78.939
74.7952
72.3909
71.9268
73.3291
76.1677
79.0242
40.1758
24.7166
6.92654
-12.1429
-30.946
-50.7867
-70.8351
-90.4916
-109.993
-129.021
-147.493
-165.525
-183.039
-200.063
-216.606
-232.609
-247.994
-262.637
-276.364
-288.968
-300.189
-309.752
-317.42
-322.912
-326.151
-327.056
-325.362
-320.717
-312.793
-301.308
-286.04
-266.839
-243.648
-216.523
-185.688
-151.566
-115.051
-77.4961
-42.6682
54.5539
68.1431
82.8392
97.9736
112.044
125.298
137.204
146.928
154.366
159.857
163.638
166.012
167.327
167.828
167.696
167.047
165.939
164.393
162.389
159.875
156.777
152.995
148.403
142.908
136.597
129.677
122.313
114.662
106.92
99.329
92.164
85.7199
80.2972
76.1792
73.5925
72.722
73.497
75.5039
77.5026
36.8195
22.0823
5.1357
-13.0053
-30.8614
-49.6786
-68.6607
-87.2357
-105.632
-123.545
-140.901
-157.81
-174.202
-190.108
-205.539
-220.447
-234.764
-248.383
-261.147
-272.87
-283.32
-292.243
-299.43
-304.626
-307.767
-308.795
-307.468
-303.454
-296.433
-286.12
-272.286
-254.76
-233.463
-208.428
-179.847
-148.118
-114.069
-78.9827
-46.2734
50.5409
63.5175
77.5701
92.0611
105.55
118.275
129.731
139.11
146.308
151.653
155.367
157.74
159.109
159.708
159.714
159.243
158.354
157.071
155.381
153.238
150.578
147.307
143.304
138.479
132.897
126.738
120.144
113.246
106.213
99.2564
92.6207
86.5726
81.3869
77.3257
74.5967
73.3681
73.5755
74.8315
76.0617
33.7111
19.6618
3.51805
-13.74
-30.6979
-48.5457
-66.5189
-84.0743
-101.428
-118.294
-134.602
-150.458
-165.8
-180.66
-195.052
-208.936
-222.253
-234.91
-246.764
-257.651
-267.361
-275.662
-282.367
-287.251
-290.261
-291.356
-290.321
-286.846
-280.622
-271.372
-258.858
-242.902
-223.403
-200.373
-173.974
-144.571
-112.92
-80.217
-49.5558
46.8065
59.199
72.6368
86.5126
99.4428
111.662
122.684
131.731
138.696
143.896
147.542
149.908
151.319
152.003
152.131
151.816
151.119
150.068
148.653
146.839
144.566
141.749
138.275
134.053
129.135
123.676
117.795
111.603
105.244
98.8993
92.7844
87.1375
82.2062
78.2298
75.3976
73.8603
73.5617
74.1475
74.6955
30.8363
17.4422
2.06358
-14.3546
-30.4596
-47.3883
-64.4072
-80.9986
-97.371
-113.251
-128.574
-143.444
-157.803
-171.683
-185.104
-198.03
-210.411
-222.163
-233.162
-243.258
-252.262
-259.963
-266.194
-270.757
-273.609
-274.727
-273.922
-270.906
-265.385
-257.092
-245.792
-231.299
-213.499
-192.383
-168.083
-140.928
-111.598
-81.1897
-52.5033
43.334
55.169
68.0194
81.3057
93.7012
105.434
116.039
124.765
131.505
136.562
140.138
142.492
143.938
144.695
144.929
144.75
144.222
143.375
142.203
140.678
138.747
136.332
133.33
129.652
125.336
120.515
115.293
109.759
104.034
98.274
92.6663
87.4201
82.7563
78.8898
75.9919
74.1954
73.4533
73.4479
73.3966
28.1804
15.4116
0.762116
-14.8562
-30.1511
-46.2072
-62.3218
-78.0025
-93.4492
-108.4
-122.798
-136.742
-150.18
-163.145
-175.657
-187.687
-199.191
-210.096
-220.291
-229.64
-237.973
-245.101
-250.869
-255.109
-257.786
-258.894
-258.267
-255.639
-250.738
-243.306
-233.117
-219.983
-203.779
-184.479
-162.187
-137.191
-110.098
-81.892
-55.1085
40.1079
51.4105
63.6986
76.4209
88.3035
99.5696
109.773
118.187
124.709
129.626
133.132
135.47
136.943
137.763
138.089
138.03
137.651
136.982
136.024
134.753
133.123
131.065
128.483
125.292
121.519
117.28
112.661
107.735
102.604
97.398
92.279
87.4286
83.0409
79.3062
76.3778
74.3708
73.2474
72.728
72.1566
25.7303
13.558
-0.395999
-15.2526
-29.777
-45.0053
-60.2629
-75.0821
-89.6541
-103.73
-117.258
-130.334
-142.907
-155.015
-166.678
-177.87
-188.554
-198.666
-208.106
-216.753
-224.452
-231.031
-236.354
-240.274
-242.768
-243.839
-243.346
-241.047
-236.689
-230.032
-220.857
-208.979
-194.268
-176.683
-156.3
-133.368
-108.417
-82.3207
-57.3667
37.1132
47.9069
59.6573
71.8385
83.2292
94.0462
103.863
111.978
118.287
123.068
126.502
128.82
130.314
131.188
131.594
131.64
131.39
130.878
130.108
129.059
127.694
125.952
123.743
120.987
117.704
113.991
109.922
105.555
100.975
96.2901
91.6379
87.1742
83.067
79.4823
76.5557
74.3855
72.9419
71.9828
70.9664
23.473
11.8705
-1.42019
-15.5505
-29.3426
-43.784
-58.2292
-72.2332
-85.9783
-99.2303
-111.94
-124.199
-135.964
-147.269
-158.137
-168.546
-178.464
-187.834
-196.567
-204.554
-211.655
-217.716
-222.612
-226.22
-228.524
-229.541
-229.148
-227.128
-223.247
-217.284
-209.032
-198.31
-184.989
-169.013
-150.437
-129.466
-106.558
-82.4744
-59.2768
34.335
44.6429
55.8776
67.5406
78.4591
88.8447
98.2883
106.115
112.218
116.865
120.227
122.522
124.032
124.951
125.426
125.564
125.428
125.053
124.446
123.593
122.461
120.996
119.117
116.749
113.904
110.666
107.096
103.241
99.1682
94.9698
90.7597
86.6698
82.8436
79.4238
76.5282
74.2394
72.5347
71.2067
69.8159
21.3963
10.3375
-2.31941
-15.7574
-28.8527
-42.5461
-56.2207
-69.4524
-82.4173
-94.8917
-106.831
-118.324
-129.329
-139.883
-150.008
-159.685
-168.887
-177.565
-185.637
-193.005
-199.544
-205.115
-209.606
-212.913
-215.028
-215.978
-215.658
-213.873
-210.411
-205.07
-197.654
-187.996
-175.962
-161.49
-144.612
-125.495
-104.525
-82.3566
-60.8418
31.7604
41.6032
52.3446
63.5098
73.9753
83.9458
93.0304
100.577
106.481
110.997
114.287
116.557
118.076
119.033
119.569
119.786
119.75
119.494
119.03
118.348
117.42
116.198
114.61
112.587
110.134
107.322
104.202
100.812
97.2054
93.4575
89.6625
85.9306
82.3824
79.1386
76.2998
73.9343
72.0242
70.3942
68.6952
19.4885
8.94952
-3.10275
-15.8803
-28.3124
-41.2947
-54.2376
-66.7385
-78.9651
-90.7061
-101.92
-112.692
-122.986
-132.836
-142.266
-151.26
-159.794
-167.825
-175.279
-182.07
-188.083
-193.194
-197.302
-200.321
-202.251
-203.126
-202.858
-201.272
-198.179
-193.393
-186.736
-178.049
-167.203
-154.129
-138.84
-121.465
-102.326
-81.9731
-62.0671
29.3763
38.7744
49.0427
59.7307
69.7608
79.3323
88.0706
95.3469
101.058
105.445
108.662
110.905
112.429
113.418
114.005
114.292
114.341
114.189
113.85
113.317
112.566
111.558
110.227
108.508
106.404
103.973
101.258
98.2879
95.1063
91.7731
88.3651
84.9732
81.6969
78.6368
75.877
73.4726
71.4094
69.5399
67.594
17.7385
7.69607
-3.77838
-15.9261
-27.7268
-40.0332
-52.2812
-64.0898
-75.6181
-86.6669
-97.1979
-107.294
-116.92
-126.111
-134.891
-143.246
-151.157
-158.585
-165.464
-171.715
-177.237
-181.917
-185.666
-188.413
-190.164
-190.96
-190.727
-189.311
-186.543
-182.253
-176.282
-168.48
-158.725
-146.945
-133.134
-117.39
-99.9701
-81.3334
-62.961
27.1707
36.1428
45.9583
56.1878
65.7997
74.9868
83.3911
90.4064
95.929
100.19
103.335
105.548
107.073
108.087
108.718
109.065
109.19
109.128
108.897
108.492
107.897
107.074
105.968
104.519
102.723
100.631
98.2787
95.687
92.8904
89.9365
86.887
83.8153
80.8025
77.9305
75.2682
72.8588
70.6902
68.6387
66.5022
16.1356
6.56814
-4.3545
-15.9013
-27.1007
-38.7641
-50.3524
-61.505
-72.3734
-82.7686
-92.6564
-102.116
-111.116
-119.69
-127.862
-135.622
-142.952
-149.817
-156.161
-161.91
-166.974
-171.252
-174.666
-177.157
-178.737
-179.454
-179.245
-177.974
-175.491
-171.646
-166.293
-159.296
-150.54
-139.95
-127.508
-113.281
-97.4705
-80.449
-63.5356
25.132
33.6963
43.077
52.8669
62.0766
70.8938
78.9761
85.7387
91.0785
95.2163
98.2887
100.469
101.992
103.026
103.694
104.092
104.281
104.297
104.159
103.867
103.405
102.745
101.835
100.622
99.0992
97.3084
95.2782
93.0255
90.5762
87.9672
85.2476
82.4755
79.7155
77.0331
74.4833
72.0985
69.8674
67.686
65.4103
14.6701
5.55634
-4.83856
-15.8122
-26.4383
-37.4907
-48.4529
-58.9835
-69.2273
-79.0057
-88.2874
-97.149
-105.561
-113.558
-121.162
-128.366
-135.155
-141.498
-147.343
-152.626
-157.265
-161.169
-164.271
-166.523
-167.943
-168.58
-168.387
-167.24
-165.01
-161.562
-156.766
-150.499
-142.654
-133.155
-121.974
-109.152
-94.8409
-79.3347
-63.8048
23.249
31.423
40.3869
49.7543
58.5775
67.0386
74.8099
81.3275
86.4896
90.5064
93.5064
95.652
97.1689
98.2176
98.9163
99.3577
99.6022
99.686
99.6285
99.4324
99.0871
98.5669
97.8282
96.8215
95.5387
94.0135
92.2693
90.3188
88.1809
85.8841
83.4662
80.9724
78.4532
75.9594
73.5335
71.1986
68.9428
66.6782
64.3097
13.3322
4.65259
-5.23825
-15.6646
-25.7454
-36.2158
-46.5833
-56.5245
-66.1776
-75.3738
-84.0849
-92.384
-100.245
-107.701
-114.775
-121.46
-127.745
-133.602
-138.985
-143.835
-148.079
-151.639
-154.451
-156.482
-157.752
-158.314
-158.129
-157.091
-155.084
-151.991
-147.697
-142.09
-135.072
-126.569
-116.545
-105.018
-92.0968
-78.0066
-63.7844
21.5116
29.3115
37.8756
46.8371
55.2885
63.4064
70.8774
77.1582
82.1473
86.045
88.9725
91.0819
92.5891
93.6479
94.3713
94.8494
95.1409
95.2821
95.2936
95.1804
94.9348
94.536
93.9459
93.1194
92.0466
90.7549
89.2634
87.5809
85.7211
83.7051
81.5616
79.325
77.0332
74.7249
72.4312
70.167
67.9193
65.6128
63.1922
12.113
3.8486
-5.56047
-15.4645
-25.0256
-34.9423
-44.7452
-54.1277
-63.2221
-71.8687
-80.0421
-87.8125
-95.1569
-102.107
-108.685
-114.887
-120.704
-126.109
-131.062
-135.512
-139.392
-142.632
-145.178
-147.005
-148.136
-148.627
-148.446
-147.503
-145.695
-142.92
-139.076
-134.065
-127.796
-120.199
-111.231
-100.893
-89.2548
-76.4829
-63.4925
19.91
27.3514
35.532
44.1035
52.1974
59.9847
67.1654
73.2165
78.0371
81.8179
84.6726
86.7439
88.2382
89.3028
90.0454
90.5539
90.8851
91.0748
91.1451
91.1028
90.9431
90.6486
90.1865
89.5167
88.6273
87.5401
86.2707
84.8248
83.2121
81.4476
79.5523
77.5517
75.4735
73.3455
71.1893
69.0127
66.8007
64.4881
62.0515
11.0041
3.13685
-5.81173
-15.2173
-24.2832
-33.6731
-42.9396
-51.7928
-60.3587
-68.4863
-76.1534
-83.4272
-90.2866
-96.7628
-102.879
-108.631
-114.011
-118.998
-123.554
-127.633
-131.177
-134.123
-136.424
-138.063
-139.067
-139.492
-139.314
-138.454
-136.823
-134.332
-130.893
-126.418
-120.826
-114.05
-106.043
-96.7897
-86.3317
-74.7828
-62.9487
18.4347
25.5326
33.3451
41.5423
49.2919
56.7601
63.6606
69.489
74.1453
77.8113
80.5929
82.6245
84.1027
85.1691
85.9261
86.459
86.823
87.0536
87.1737
87.1916
87.1049
86.8997
86.5481
86.0139
85.284
84.3754
83.3002
82.0624
80.6681
79.1277
77.456
75.671
73.7918
71.8376
69.8215
67.7453
65.5921
63.3036
60.8821
9.99724
2.50998
-5.99844
-14.9281
-23.5221
-32.4112
-41.1681
-49.5195
-57.5853
-65.2233
-72.4136
-79.2206
-85.6257
-91.6591
-97.3434
-102.676
-107.651
-112.249
-116.437
-120.175
-123.409
-126.085
-128.163
-129.63
-130.518
-130.883
-130.707
-129.921
-128.447
-126.211
-123.135
-119.142
-114.16
-108.124
-100.987
-92.7227
-83.3454
-72.9261
-62.1735
17.0772
23.8457
31.3051
39.1422
46.5605
53.7214
60.3505
65.963
70.4592
74.012
76.7204
78.7106
80.1702
81.2344
82.0013
82.553
82.9439
83.2085
83.3702
83.4386
83.4139
83.285
83.0281
82.6108
82.019
81.2656
80.36
79.3044
78.1024
76.7608
75.2895
73.7003
72.0056
70.2173
68.3416
66.3752
64.299
62.06
59.6798
9.08504
1.9613
-6.12638
-14.6018
-22.7463
-31.1587
-39.4319
-47.3079
-54.9005
-62.0762
-68.8176
-75.1862
-81.1653
-86.7846
-92.0661
-97.0082
-101.607
-105.845
-109.694
-113.116
-116.065
-118.494
-120.367
-121.679
-122.463
-122.773
-122.598
-121.878
-120.547
-118.538
-115.788
-112.228
-107.792
-102.424
-96.0726
-88.7043
-80.3128
-70.9335
-61.1882
15.8289
22.282
29.402
36.8931
43.9926
50.8567
57.2238
62.6265
66.9664
70.4077
73.0431
74.9901
76.4284
77.487
78.2596
78.8255
79.2375
79.5298
79.7259
79.8367
79.8641
79.7996
79.6235
79.3068
78.8342
78.2152
77.4569
76.5603
75.5271
74.3612
73.0687
71.6565
70.1318
68.5006
66.7636
64.9131
62.9279
60.7587
58.4417
8.26028
1.48423
-6.20119
-14.2431
-21.9592
-29.9181
-37.732
-45.1572
-52.3024
-59.042
-65.3606
-71.3175
-76.8974
-82.1296
-87.0355
-91.6144
-95.8639
-99.769
-103.304
-106.436
-109.124
-111.326
-113.014
-114.185
-114.874
-115.136
-114.962
-114.302
-113.098
-111.295
-108.836
-105.663
-101.718
-96.9484
-91.3045
-84.7461
-77.2505
-68.825
-60.0144
14.6822
20.8328
27.6272
34.7857
41.578
48.156
54.2692
59.4682
63.6555
66.987
69.5491
71.4516
72.8661
73.916
74.6905
75.2662
75.6944
76.0087
76.2328
76.3786
76.4494
76.4392
76.3316
76.1006
75.7307
75.2276
74.597
73.8388
72.9532
71.942
70.8083
69.5556
68.1867
66.7031
65.1012
63.37
61.4861
59.4027
57.1666
7.51617
1.07288
-6.22806
-13.8562
-21.1643
-28.6916
-36.0691
-43.0672
-49.7894
-56.1176
-62.0382
-67.6081
-72.8141
-77.6846
-82.2404
-86.4818
-90.4074
-94.0044
-97.2498
-100.115
-102.564
-104.56
-106.078
-107.123
-107.727
-107.946
-107.775
-107.168
-106.079
-104.46
-102.262
-99.4358
-95.9303
-91.6967
-86.6875
-80.8585
-74.1746
-66.6209
-58.6741
13.6298
19.4905
25.9721
32.8106
39.307
45.6088
51.4763
56.4774
60.5158
63.739
66.2277
68.0846
69.473
70.5111
71.284
71.8655
72.3056
72.637
72.8833
73.0575
73.164
73.199
73.1491
72.9912
72.7091
72.3058
71.7853
71.1471
70.3903
69.515
68.5221
67.4124
66.1857
64.8399
63.3682
61.7568
59.981
57.9953
55.8537
6.84645
0.72141
-6.21189
-13.4452
-20.3645
-27.4813
-34.4445
-41.0379
-47.36
-53.2998
-58.8459
-64.0525
-68.9084
-73.4407
-77.6702
-81.5979
-85.2234
-88.5356
-91.5147
-94.1351
-96.3651
-98.1722
-99.5379
-100.468
-100.997
-101.179
-101.01
-100.454
-99.4686
-98.0145
-96.0505
-93.5339
-90.4204
-86.6659
-82.2247
-77.0507
-71.1001
-64.3402
-57.189
12.6647
18.2473
24.4287
30.9595
37.171
43.2059
48.8355
53.6443
57.537
60.6535
63.0687
64.8787
66.239
67.2628
68.031
68.6149
69.0626
69.4066
69.6702
69.8671
70.0027
70.0751
70.0735
69.9771
69.7697
69.4518
69.0262
68.4918
67.8469
67.0907
66.2223
65.2406
64.143
62.9252
61.5777
60.0849
58.4208
56.5411
54.5042
6.24514
0.424705
-6.15744
-13.0139
-19.5628
-26.2889
-32.8588
-39.0688
-45.0124
-50.5857
-55.7793
-60.6448
-65.1728
-69.3894
-73.3149
-76.951
-80.2986
-83.348
-86.0817
-88.4774
-90.5073
-92.1434
-93.3709
-94.1983
-94.6612
-94.8102
-94.6453
-94.1344
-93.2431
-91.9375
-90.183
-87.9431
-85.1794
-81.8522
-77.9184
-73.3311
-68.0405
-62.0016
-55.5799
11.7805
17.0966
22.9895
29.2243
35.1612
40.9386
46.3377
50.9594
54.7097
57.7208
60.0626
61.8247
63.1552
64.1622
64.9228
65.5059
65.9579
66.3106
66.5871
66.8015
66.9604
67.0631
67.1014
67.0567
66.9128
66.6677
66.3233
65.8783
65.3308
64.6786
63.92
63.0525
62.072
60.9722
59.7422
58.3651
56.8138
55.0452
53.1197
5.70665
0.177607
-6.06875
-12.5656
-18.7616
-25.1164
-31.3128
-37.1592
-42.7451
-47.9728
-52.8344
-57.3796
-61.6004
-65.5221
-69.1647
-72.5302
-75.6202
-78.427
-80.9352
-83.1249
-84.9722
-86.4531
-87.5559
-88.2916
-88.6956
-88.8166
-88.6561
-88.1874
-87.3812
-86.2091
-84.6422
-82.6493
-80.1973
-77.2507
-73.769
-69.706
-65.0084
-59.6219
-53.8671
10.9711
16.0315
21.6476
27.5977
33.27
38.7985
43.9742
48.414
52.0249
54.9321
57.2006
58.9137
60.2129
61.2009
61.9515
62.5309
62.9842
63.342
63.6276
63.8552
64.0322
64.1592
64.2302
64.2286
64.1379
63.9547
63.6797
63.3116
62.8482
62.2869
61.625
60.8593
59.9845
58.9932
57.8736
56.6079
55.1686
53.5135
51.7036
5.22581
-0.024454
-5.94993
-12.1036
-17.9636
-23.9649
-29.8067
-35.3088
-40.5564
-45.4578
-50.0071
-54.2516
-58.1848
-61.8311
-65.21
-68.3243
-71.176
-73.7589
-76.0597
-78.061
-79.742
-81.0822
-82.0729
-82.7267
-83.0789
-83.1759
-83.0206
-82.5908
-81.8618
-80.8097
-79.4107
-77.6383
-75.4638
-72.8556
-69.7764
-66.1812
-62.0148
-57.2172
-52.0698
10.2308
15.046
20.3962
26.0725
31.4897
36.7779
41.7371
45.9999
49.4744
52.279
54.4743
56.1377
57.404
58.3712
59.1096
59.6828
60.1347
60.4947
60.7859
61.023
61.2136
61.3598
61.4571
61.491
61.4449
61.3138
61.0979
60.7958
60.405
59.9228
59.346
58.6707
57.8912
56.9994
55.9829
54.8234
53.4937
51.952
50.2593
4.79766
-0.185885
-5.80469
-11.631
-17.1707
-22.8358
-28.3409
-33.5167
-38.4442
-43.038
-47.2933
-51.2556
-54.9194
-58.3085
-61.4419
-64.3229
-66.9542
-69.3306
-71.4407
-73.2697
-74.7994
-76.0121
-76.9021
-77.4833
-77.79
-77.8666
-77.7174
-77.3233
-76.6642
-75.7203
-74.4714
-72.8956
-70.968
-68.6606
-65.9391
-62.7605
-59.0691
-54.8019
-50.206
9.55417
14.1343
19.2293
24.642
29.8134
34.8695
39.6187
43.7094
47.0503
49.7537
51.8759
53.4891
54.7212
55.6659
56.3901
56.9551
57.4031
57.7628
58.0569
58.2999
58.5005
58.6613
58.7795
58.8423
58.8331
58.7457
58.5799
58.3342
58.006
57.5925
57.0905
56.4955
55.8017
55.0007
54.0799
53.021
51.797
50.3672
48.7913
4.41763
-0.310743
-5.63651
-11.1503
-16.3849
-21.7303
-26.9156
-31.7822
-36.4071
-40.7104
-44.6891
-48.3863
-51.7978
-54.9468
-57.8516
-60.516
-62.9432
-65.1293
-67.0643
-68.7357
-70.1275
-71.2252
-72.025
-72.5415
-72.8085
-72.8682
-72.7256
-72.3648
-71.769
-70.9223
-69.8077
-68.4071
-66.699
-64.6587
-62.2548
-59.4468
-56.1796
-52.3887
-48.2921
8.93617
13.2908
18.1407
23.3001
28.2345
33.0662
37.6118
41.535
44.7449
47.3486
49.3983
50.9606
52.1575
53.0784
53.7868
54.3416
54.7837
55.1408
55.4353
55.6816
55.8888
56.0603
56.1948
56.2807
56.3019
56.251
56.1274
55.9297
55.6554
55.3017
54.8651
54.3414
53.7245
53.0061
52.1737
51.2093
50.0865
48.7656
47.3044
4.08141
-0.402934
-5.44867
-10.6643
-15.6082
-20.6494
-25.531
-30.1044
-34.443
-38.4723
-42.1902
-45.6385
-48.8137
-51.7385
-54.4303
-56.8937
-59.1322
-61.1426
-62.9169
-64.4441
-65.7107
-66.7045
-67.4233
-67.8828
-68.1154
-68.161
-68.0256
-67.6956
-67.1575
-66.3979
-65.4035
-64.1588
-62.6458
-60.8426
-58.7205
-56.2415
-53.3526
-49.989
-46.3431
8.37207
12.5105
17.1251
22.0406
26.7464
31.3614
35.7096
39.4695
42.5512
45.0567
47.0344
48.5458
49.7067
50.6024
51.2934
51.8366
52.271
52.6237
52.9165
53.1638
53.3748
53.5538
53.7005
53.8048
53.8505
53.8299
53.7418
53.5848
53.3567
53.0548
52.6756
52.2149
51.6669
51.0235
50.2725
49.3964
48.3695
47.1533
45.8037
3.78494
-0.465976
-5.24417
-10.1753
-14.8423
-19.594
-24.187
-28.4824
-32.55
-36.3204
-39.7928
-43.0071
-45.961
-48.6762
-51.1698
-53.4464
-55.5101
-57.3588
-58.9855
-60.381
-61.5337
-62.4336
-63.08
-63.489
-63.6918
-63.7261
-63.5982
-63.297
-62.8113
-62.1303
-61.2433
-60.1375
-58.7976
-57.2045
-55.3324
-53.1456
-50.5933
-47.6124
-44.3727
7.85742
11.7885
16.1772
20.8581
25.3434
29.7488
33.9053
37.5065
40.4623
42.8712
44.7778
46.2383
47.3625
48.232
48.9047
49.4348
49.8602
50.2068
50.4961
50.7424
50.9551
51.1388
51.2943
51.4127
51.4782
51.4824
51.4238
51.3014
51.113
50.8559
50.5269
50.122
49.6357
49.06
48.3836
47.5894
46.6529
45.5367
44.2942
3.52448
-0.503259
-5.0258
-9.68561
-14.0888
-18.5649
-22.8837
-26.9154
-30.7263
-34.252
-37.493
-40.4873
-43.2335
-45.7529
-48.0617
-50.1649
-52.0669
-53.7663
-55.2574
-56.5325
-57.5818
-58.397
-58.9787
-59.3431
-59.5202
-59.5456
-59.4256
-59.1512
-58.7133
-58.1031
-57.3122
-56.3301
-55.1439
-53.737
-52.0862
-50.1585
-47.9058
-45.267
-42.3926
7.38812
11.1205
15.2923
19.7474
24.02
28.2228
32.193
35.6395
38.4716
40.7857
42.6225
44.0321
45.1193
45.962
46.6152
47.1312
47.5463
47.8857
48.1701
48.4138
48.6261
48.8123
48.9738
49.1029
49.184
49.2083
49.1743
49.081
48.9265
48.7081
48.4231
48.0675
47.6362
47.1218
46.5134
45.795
44.943
43.9213
42.781
3.29658
-0.517883
-4.79629
-9.19728
-13.349
-17.563
-21.6211
-25.4025
-28.97
-32.2643
-35.2869
-38.074
-40.6254
-42.9616
-45.0979
-47.0398
-48.792
-50.3537
-51.7205
-52.8856
-53.8409
-54.5796
-55.1036
-55.4287
-55.5839
-55.6023
-55.4905
-55.2412
-54.8468
-54.3006
-53.5958
-52.724
-51.6742
-50.4324
-48.9774
-47.2794
-45.2928
-42.9597
-40.4132
6.96032
10.5021
14.466
18.7038
22.7713
26.7781
30.5673
33.8629
36.5728
38.7942
40.5625
41.9217
42.9716
43.7868
44.4201
44.9211
45.3251
45.6562
45.9346
46.1744
46.3849
46.5716
46.7368
46.8735
46.9668
47.0074
46.9936
46.9247
46.799
46.6142
46.3676
46.0556
45.6734
45.2143
44.6679
44.0191
43.2457
42.3128
41.269
3.09807
-0.512622
-4.55794
-8.71209
-12.6244
-16.5888
-20.399
-23.9428
-27.2795
-30.3548
-33.1708
-35.7625
-38.1308
-40.2954
-42.2709
-44.0625
-45.6757
-47.1104
-48.3627
-49.4273
-50.2971
-50.967
-51.4395
-51.7302
-51.8665
-51.8798
-51.7765
-51.5506
-51.1962
-50.7079
-50.0803
-49.3069
-48.3784
-47.2828
-46.0014
-44.5067
-42.7565
-40.6959
-38.4434
6.57056
9.92975
13.694
17.7227
21.5922
25.4095
29.0225
32.1712
34.7603
36.8911
38.5926
39.9018
40.9141
41.7016
42.3145
42.8001
43.1922
43.5143
43.7859
44.0208
44.2282
44.4141
44.5811
44.7231
44.8255
44.879
44.8817
44.8332
44.732
44.5761
44.363
44.0896
43.7513
43.3419
42.8518
42.267
41.5662
40.7164
39.7634
2.92605
-0.489911
-4.31287
-8.23151
-11.9156
-15.6425
-19.2169
-22.5352
-25.6526
-28.5206
-31.1412
-33.5483
-35.7446
-37.7484
-39.5731
-41.2245
-42.7085
-44.0256
-45.1726
-46.1451
-46.9374
-47.5453
-47.9719
-48.2326
-48.353
-48.3627
-48.2679
-48.0641
-47.7462
-47.3104
-46.7525
-46.067
-45.2465
-44.2806
-43.1528
-41.8382
-40.2978
-38.4801
-36.4905
6.21563
9.39973
12.9725
16.7995
20.4781
24.1116
27.5529
30.5586
33.0285
35.0719
36.7086
37.9677
38.942
39.7017
40.2938
40.7637
41.1435
41.4561
41.7203
41.9496
42.1531
42.3369
42.5042
42.6496
42.7588
42.8224
42.8386
42.807
42.7265
42.5955
42.4117
42.1722
41.8731
41.5084
41.0696
40.5432
39.9094
39.1368
38.2687
2.77745
-0.452482
-4.06338
-7.75743
-11.2242
-14.7246
-18.0745
-21.1784
-24.087
-26.7587
-29.1939
-31.4267
-33.4619
-35.315
-36.9981
-38.5181
-39.8816
-41.0896
-42.1393
-43.0273
-43.749
-44.301
-44.6869
-44.9214
-45.0286
-45.0361
-44.9502
-44.767
-44.4829
-44.0948
-43.5996
-42.993
-42.2689
-41.4183
-40.4266
-39.2716
-37.9172
-36.3158
-34.5611
5.89223
8.90891
12.2986
15.9312
19.4254
22.8807
26.1538
29.0196
31.3704
33.3314
34.9061
36.1148
37.0509
37.7827
38.3542
38.808
39.1754
39.4781
39.7344
39.9575
40.1564
40.3373
40.5037
40.651
40.7652
40.8367
40.8638
40.8464
40.7835
40.6737
40.5153
40.3058
40.0415
39.7172
39.3248
38.8518
38.2797
37.5786
36.7896
2.64934
-0.403804
-3.81285
-7.29324
-10.5527
-13.8377
-16.9732
-19.8726
-22.5816
-25.0676
-27.3243
-29.3912
-31.2762
-32.9885
-34.5381
-35.9347
-37.186
-38.2927
-39.2526
-40.0629
-40.7201
-41.2216
-41.5711
-41.7828
-41.8791
-41.8856
-41.8086
-41.6451
-41.3922
-41.0476
-40.6091
-40.0734
-39.4354
-38.6875
-37.8168
-36.8033
-35.6141
-34.2052
-32.6603
5.59738
8.4545
11.6694
15.1157
18.4331
21.7159
24.8248
27.5521
29.7773
31.6612
33.1784
34.3373
35.235
35.9395
36.4909
36.9291
37.2839
37.5766
37.8249
38.0415
38.2353
38.4126
38.5774
38.7254
38.8432
38.921
38.9572
38.9516
38.9036
38.8121
38.6758
38.4925
38.2591
37.9709
37.6205
37.1962
36.6808
36.0457
35.3301
2.53955
-0.345542
-3.56279
-6.84021
-9.90269
-12.9832
-15.9144
-18.6192
-21.1372
-23.4483
-25.5294
-27.4356
-29.1804
-30.7609
-32.1842
-33.4645
-34.6112
-35.6242
-36.501
-37.24
-37.8385
-38.2946
-38.6123
-38.8043
-38.8919
-38.8987
-38.831
-38.6862
-38.4621
-38.1574
-37.7704
-37.2987
-36.7379
-36.0816
-35.3186
-34.431
-33.3884
-32.151
-30.7934
5.32861
8.03344
11.0819
14.3492
17.4972
20.6136
23.5647
26.1563
28.2461
30.0567
31.5203
32.6294
33.489
34.167
34.6989
35.1217
35.4643
35.7473
35.9877
36.1977
36.3863
36.5598
36.7224
36.8705
36.9908
37.074
37.1178
37.1224
37.0874
37.0119
36.8949
36.7345
36.5285
36.2725
35.9599
35.5799
35.1164
34.5421
33.8945
2.44803
-0.276059
-3.30959
-6.39335
-9.26834
-12.1542
-14.8921
-17.4129
-19.7505
-21.8946
-23.8073
-25.5652
-27.1802
-28.6337
-29.9344
-31.1039
-32.152
-33.0764
-33.8751
-34.5477
-35.092
-35.507
-35.7963
-35.9714
-36.0522
-36.0604
-36.0021
-35.8753
-35.6783
-35.4104
-35.0704
-34.6562
-34.1651
-33.5909
-32.9241
-32.1486
-31.237
-30.1525
-28.9618
5.08445
7.64294
10.5293
13.622
16.6048
19.5574
22.3568
24.818
26.7854
28.5325
29.9396
30.9939
31.8142
32.4656
32.9773
33.3841
33.7142
33.9873
34.2198
34.4233
34.6065
34.7759
34.936
35.0837
35.206
35.2937
35.3442
35.358
35.3344
35.2731
35.1731
35.0331
34.8513
34.6241
34.3455
34.0057
33.5895
33.0709
32.4859
2.37385
-0.195743
-3.05179
-5.94978
-8.64433
-11.3428
-13.895
-16.2416
-18.408
-20.392
-22.1422
-23.7812
-25.2856
-26.6108
-27.7874
-28.8509
-29.8061
-30.6465
-31.3707
-31.9804
-32.4744
-32.8513
-33.1146
-33.2754
-33.3511
-33.3619
-33.3137
-33.2045
-33.0331
-32.7997
-32.5027
-32.141
-31.7125
-31.2123
-30.6313
-29.9558
-29.1609
-28.2134
-27.1728
4.86376
7.28071
10.0084
12.9281
15.7464
18.5324
21.1805
23.5056
25.3773
27.0967
28.444
29.4309
30.2098
30.836
31.3275
31.7176
32.0349
32.2983
32.5228
32.7197
32.8974
33.0624
33.2195
33.366
33.4897
33.581
33.6377
33.6597
33.6467
33.5982
33.5135
33.3917
33.2315
33.0297
32.7815
32.4778
32.1045
31.6372
31.1099
2.31906
-0.129614
-2.84809
-5.58942
-8.1235
-10.6423
-12.9922
-15.1298
-17.059
-18.8288
-20.2796
-21.8833
-23.4031
-24.6767
-25.7952
-26.8221
-27.7501
-28.5636
-29.2631
-29.8527
-30.3314
-30.6973
-30.9539
-31.1112
-31.1878
-31.2035
-31.165
-31.0695
-30.9175
-30.7101
-30.4394
-30.1126
-29.7273
-29.2781
-28.7564
-28.1501
-27.4366
-26.5856
-25.6512
4.6955
6.99825
9.60117
12.365
15.0226
17.6182
20.0477
22.1084
23.7593
25.6473
27.0341
27.9991
28.7766
29.4131
29.9104
30.3026
30.6217
30.8873
31.1139
31.3127
31.4925
31.6597
31.8197
31.9701
32.099
32.1963
32.2598
32.2896
32.2854
32.2467
32.1728
32.0635
31.9173
31.7324
31.5041
31.2241
30.8796
30.4467
29.9589
2.27755
-0.071516
-2.67284
-5.27723
-7.66219
-10.0023
-12.1424
-14.0467
-15.6972
-17.2078
-18.266
-19.9152
-21.5354
-22.8101
-23.9154
-24.9514
-25.8952
-26.7204
-27.4289
-28.0271
-28.5139
-28.8873
-29.1512
-29.3149
-29.3985
-29.4223
-29.394
-29.3096
-29.173
-28.9859
-28.7295
-28.4251
-28.0694
-27.6546
-27.1734
-26.6148
-25.9584
-25.1749
-24.315
4.55968
6.76682
9.25734
11.8745
14.3683
16.7509
18.9184
20.6632
22.0384
24.1898
25.6887
26.6678
27.4691
28.1377
28.6588
29.0665
29.3975
29.6733
29.9087
30.1153
30.3023
30.4767
30.644
30.8024
30.9395
31.0447
31.1157
31.1532
31.1568
31.1259
31.0604
30.9596
30.8229
30.6488
30.4334
30.169
29.8433
29.4332
28.9718
2.23959
-0.00892012
-2.49192
-4.95852
-7.19459
-9.35682
-11.292
-12.9688
-14.3566
-15.6154
-16.3084
-17.9725
-19.6717
-20.9421
-22.0251
-23.0593
-24.0116
-24.8439
-25.5577
-26.1616
-26.6553
-27.0354
-27.3062
-27.4764
-27.5672
-27.5994
-27.5823
-27.5104
-27.3905
-27.2258
-26.9855
-26.705
-26.3807
-26.0019
-25.5617
-25.0512
-24.4519
-23.7358
-22.9546
4.4259
6.53692
8.91347
11.3835
13.7161
15.8854
17.8006
19.2488
20.3536
22.7138
24.3286
25.3231
26.1393
26.835
27.3789
27.8015
28.1433
28.4282
28.6717
28.8857
29.0796
29.261
29.4358
29.6023
29.7477
29.8607
29.9395
29.9848
29.9966
29.9745
29.918
29.8267
29.7003
29.5374
29.3348
29.0857
28.7786
28.3909
27.9558
2.20491
0.0570414
-2.30741
-4.63692
-6.72555
-8.71192
-10.4488
-11.9036
-13.0466
-14.0514
-14.4206
-16.0639
-17.8101
-19.0724
-20.1288
-21.1507
-22.1032
-22.9374
-23.6528
-24.2596
-24.7581
-25.1443
-25.4214
-25.5981
-25.6962
-25.7368
-25.7304
-25.6701
-25.5661
-25.4222
-25.1967
-24.9383
-24.6434
-24.2987
-23.8977
-23.4338
-22.8897
-22.2377
-21.5215
4.2948
6.3103
8.57235
10.8964
13.0713
15.0269
16.7023
17.8645
18.715
21.2212
22.9498
23.9678
24.7934
25.5098
26.074
26.5111
26.8634
27.157
27.408
27.6289
27.8293
28.0174
28.1996
28.3743
28.528
28.6489
28.7355
28.7888
28.8091
28.7962
28.7495
28.6689
28.554
28.4035
28.2145
27.9811
27.6925
27.3271
26.9176
2.17376
0.125532
-2.12116
-4.31562
-6.25958
-8.07388
-9.61981
-10.8588
-11.7748
-12.5199
-12.6105
-14.1982
-15.9538
-17.2002
-18.2264
-19.2273
-20.1711
-21.0019
-21.7154
-22.3224
-22.8238
-23.2154
-23.4989
-23.684
-23.7923
-23.8451
-23.8543
-23.8112
-23.7293
-23.6124
-23.4092
-23.1791
-22.9185
-22.6117
-22.2525
-21.8358
-21.3471
-20.7635
-20.1402
4.1677
6.08888
8.23696
10.4176
12.4387
14.1801
15.6289
16.5056
17.1202
19.7139
21.5465
22.5977
23.4336
24.1671
24.7485
25.1973
25.5581
25.8597
26.1186
26.3469
26.5544
26.7496
26.9393
27.1225
27.2854
27.4152
27.5103
27.5721
27.6012
27.5976
27.5611
27.4914
27.3883
27.2506
27.0759
26.8585
26.5887
26.2455
25.8614
2.14614
0.195383
-1.9363
-3.99887
-5.8026
-7.44993
-8.81373
-9.84433
-10.5502
-11.0282
-10.8832
-12.3809
-14.1056
-15.3245
-16.3175
-17.2896
-18.2158
-19.0375
-19.7456
-20.3509
-20.8539
-21.2498
-21.5383
-21.7283
-21.8407
-21.898
-21.9135
-21.8776
-21.8065
-21.7042
-21.512
-21.3
-21.0645
-20.7883
-20.4661
-20.0939
-19.6561
-19.1232
-18.5203
4.04626
5.87578
7.91122
9.9528
11.8233
13.3499
14.5852
15.1674
15.5594
18.1938
20.1158
21.2048
22.0541
22.8075
23.4098
23.8712
24.2377
24.5425
24.8056
25.0394
25.2535
25.456
25.654
25.8465
26.0192
26.1592
26.2645
26.3371
26.3776
26.3863
26.3628
26.307
26.2182
26.0953
25.936
25.735
25.4832
25.1601
24.7957
2.12196
0.263532
-1.75842
-3.69474
-5.36313
-6.84961
-8.03914
-8.86815
-9.37806
-9.58114
-9.24104
-10.6155
-12.2692
-13.446
-14.4003
-15.3361
-16.2364
-17.0422
-17.7411
-18.3419
-18.847
-19.251
-19.5548
-19.7672
-19.9069
-19.9938
-20.042
-20.0414
-20.0103
-19.9524
-19.7997
-19.6299
-19.4392
-19.208
-18.931
-18.6071
-18.2294
-17.7887
-17.3609
3.93339
5.67607
7.6022
9.51033
11.2297
12.5366
13.5655
13.834
14.009
16.6591
18.6632
19.7893
20.6443
21.4116
22.0398
22.5271
22.9113
23.225
23.4914
23.7268
23.9434
24.1503
24.355
24.5559
24.7378
24.8865
25.0001
25.0809
25.1304
25.1492
25.1381
25.097
25.0258
24.923
24.786
24.6094
24.3846
24.0947
23.7768
2.1005
0.326331
-1.59492
-3.41352
-4.95322
-6.28522
-7.30476
-7.93474
-8.25831
-8.18181
-7.68311
-8.9032
-10.4476
-11.5646
-12.472
-13.3632
-14.2293
-15.0137
-15.6987
-16.29
-16.7869
-17.1822
-17.4724
-17.6626
-17.7754
-17.8388
-17.8669
-17.8489
-17.8038
-17.7337
-17.572
-17.4033
-17.2246
-17.0157
-16.7717
-16.4889
-16.1477
-15.702
-15.1242
3.83102
5.49349
7.31646
9.09902
10.6622
11.7416
12.5664
12.4874
12.4297
15.0871
17.1911
18.3778
19.2415
19.9983
20.6196
21.1134
21.5178
21.8577
22.1481
22.4016
22.6311
22.8484
23.0636
23.2776
23.476
23.6429
23.774
23.8707
23.9336
23.9634
23.9605
23.9257
23.8596
23.7622
23.632
23.4646
23.2495
22.9589
22.6045
2.08102
0.383766
-1.44595
-3.15818
-4.57986
-5.76937
-6.62565
-7.06264
-7.21083
-6.84911
-6.20903
-7.24338
-8.64404
-9.68066
-10.529
-11.3641
-12.1843
-12.9409
-13.6182
-14.2198
-14.7457
-15.191
-15.5561
-15.8467
-16.0675
-16.2291
-16.3509
-16.425
-16.4786
-16.5124
-16.4397
-16.3511
-16.2454
-16.1006
-15.9129
-15.6887
-15.4413
-15.1983
-15.1066
3.73679
5.32474
7.05241
8.72172
10.1292
10.9956
11.6297
11.1347
10.7864
13.4239
15.6336
16.9341
17.8874
18.6941
19.3119
19.7612
20.1095
20.4077
20.6788
20.9309
21.1693
21.4004
21.6312
21.8608
22.0747
22.2604
22.4169
22.5462
22.649
22.7253
22.7748
22.7967
22.7893
22.7503
22.6763
22.5638
22.4136
22.2326
22.1016
2.06449
0.438784
-1.30695
-2.92389
-4.2427
-5.31132
-6.02511
-6.29945
-6.29295
-5.621
-4.82047
-5.64161
-6.8638
-7.79296
-8.57103
-9.34177
-10.0949
-10.7849
-11.3953
-11.9276
-12.3756
-12.7241
-12.9572
-13.0756
-13.1247
-13.1535
-13.1672
-13.1457
-13.101
-13.0333
-12.8874
-12.7535
-12.6258
-12.4842
-12.3212
-12.1264
-11.8551
-11.412
-10.6408
3.65068
5.16973
6.81152
8.38185
9.64637
10.3539
10.8129
9.77681
9.07745
11.6637
13.889
15.2288
16.2848
17.2659
18.0822
18.6876
19.1122
19.4087
19.63
19.8164
19.9943
20.1809
20.3874
20.609
20.8171
20.9862
21.1111
21.1945
21.2406
21.2529
21.2348
21.191
21.1262
21.044
20.944
20.816
20.6268
20.2932
19.7162
2.05303
0.475046
-1.20916
-2.74834
-3.97801
-4.93735
-5.51576
-5.64914
-5.47695
-4.44789
-3.4923
-4.11601
-5.12293
-5.89447
-6.57672
-7.29678
-8.04463
-8.77771
-9.47892
-10.1466
-10.7837
-11.3937
-11.9794
-12.5239
-12.9666
-13.2861
-13.5441
-13.7546
-13.973
-14.1908
-14.2595
-14.2717
-14.2683
-14.2338
-14.1603
-14.0654
-14.0141
-14.1243
-14.7089
3.59439
5.0673
6.64368
8.12268
9.24043
9.79897
9.96227
8.22105
7.2705
9.97005
12.2171
13.4411
14.2823
15.0484
15.7817
16.4911
17.1698
17.7843
18.3064
18.7308
19.0713
19.3504
19.6012
19.8704
20.1909
20.5353
20.8639
21.1639
21.4322
21.6665
21.8622
22.0128
22.113
22.1605
22.1597
22.1287
22.1254
22.2792
22.8503
2.0419
0.443808
-1.24352
-2.74805
-3.90074
-4.72379
-5.09949
-4.99902
-4.50383
-3.07865
-2.12746
-2.65008
-3.46717
-4.03954
-4.49059
-4.92693
-5.35686
-5.76282
-6.13233
-6.45281
-6.69628
-6.81788
-6.78431
-6.61459
-6.45497
-6.38521
-6.35369
-6.28629
-6.1655
-6.08089
-5.92516
-5.7928
-5.70057
-5.61715
-5.52617
-5.40833
-5.15997
-4.592
-3.28153
3.60418
5.08713
6.6433
8.03548
8.95677
9.21176
8.66916
6.09726
5.12833
8.28439
11.0869
12.8818
13.9991
14.578
14.683
14.496
14.2133
13.9929
13.9008
13.9419
14.0955
14.3405
14.6384
14.8938
15.0031
15.0102
14.9964
14.9739
14.94
14.8939
14.8444
14.8032
14.7785
14.773
14.7749
14.7414
14.5458
13.9311
12.48
2.01886
0.345788
-1.40256
-2.9224
-4.02339
-4.70161
-4.82938
-4.39643
-3.41516
-1.60386
-0.681621
-1.09266
-1.82679
-2.52425
-3.23215
-3.974
-4.7558
-5.58134
-6.46146
-7.41655
-8.47432
-9.64971
-10.8881
-12.0515
-12.8912
-13.4052
-13.9087
-14.308
-14.9717
-15.942
-15.6694
-15.7182
-16.0098
-16.226
-16.3287
-16.4238
-16.6836
-17.356
-18.9179
3.65045
5.1849
6.76211
8.0925
8.81434
8.66
7.16805
3.85895
2.33715
5.17426
8.30958
11.4004
14.4014
17.2447
19.6563
21.4985
22.8162
23.6532
24.1235
24.3544
24.4561
24.518
24.6704
25.1223
25.9542
26.8601
27.6028
28.2117
28.7391
29.1948
29.5622
29.8331
30.0127
30.1173
30.1847
30.2925
30.6364
31.5131
33.4106
277.707
273.015
267.139
260.233
251.833
241.89
230.499
217.87
204.372
190.469
176.566
162.925
149.668
136.837
124.445
112.498
101.003
89.9661
79.3912
69.2787
59.6234
50.4205
41.661
33.3364
25.4374
17.9536
10.8729
4.18322
-2.12371
-8.05474
-13.6139
-18.8024
-23.6224
-28.073
-32.1534
-35.8639
-39.2045
-42.1771
-44.7847
-47.0323
-48.9263
-50.476
-51.6926
-52.5886
-53.179
-53.4809
-53.5117
-53.2906
-52.8377
-52.1737
-51.3198
-50.2967
-49.1254
-47.8259
-46.4176
-44.919
-43.3471
-41.7179
-40.0456
-38.343
-36.6216
-34.8909
-33.1598
-31.4352
-29.725
-28.0315
-26.3665
-24.9383
-23.6647
-22.3745
-20.9873
-19.6959
-18.0663
-17.0892
-14.67
-15.1076
-10.0433
-15.1576
-2.44631
-20.0455
276.839
268.016
258.502
248.654
238.617
228.575
218.668
208.964
199.503
190.318
181.435
172.881
164.677
156.844
149.395
142.342
135.69
129.442
123.594
118.14
113.069
108.368
104.02
100.007
96.3087
92.906
89.7777
86.9032
84.262
81.8348
79.6026
77.5471
75.6505
73.8962
72.2681
70.7507
69.3292
67.9893
66.717
65.4993
64.3233
63.1769
62.0489
60.929
59.8078
58.6776
57.5314
56.3641
55.1714
53.9505
52.6998
51.4191
50.109
48.7714
47.4089
46.0253
44.6244
43.2108
41.7891
40.3639
38.9398
37.521
36.1122
34.7172
33.3408
31.9862
30.6605
29.5448
28.5822
27.5917
26.5783
25.5471
24.4966
23.5227
22.2988
22.0081
19.2181
23.2631
11.4978
34.218
112.499
111.626
111.044
110.567
110.03
109.43
108.68
107.636
106.17
104.206
101.714
98.6999
95.1834
91.1969
86.7814
81.9815
76.8466
71.427
65.774
59.9392
53.9737
47.9268
41.8446
35.7692
29.74
23.7929
17.9647
12.2883
6.79329
1.50285
-3.56316
-8.38786
-12.9583
-17.2622
-21.2892
-25.0308
-28.4798
-31.6305
-34.4787
-37.0218
-39.2592
-41.1926
-42.8258
-44.164
-45.2153
-45.99
-46.4993
-46.7565
-46.7766
-46.5757
-46.1707
-45.5793
-44.8195
-43.9096
-42.8676
-41.711
-40.4568
-39.1209
-37.7183
-36.2627
-34.7665
-33.2405
-31.695
-30.1378
-28.5786
-27.0207
-25.4761
-24.1426
-22.9481
-21.7385
-20.4209
-19.2073
-17.634
-16.733
-14.3668
-14.8451
-9.91428
-14.876
-2.67011
-19.6353
112.921
113.334
114.485
115.457
116.222
116.746
117.005
116.99
116.702
116.146
115.331
114.266
112.965
111.444
109.724
107.826
105.775
103.596
101.318
98.9681
96.5752
94.1648
91.762
89.3897
87.0678
84.8122
82.6368
80.5514
78.5624
76.6734
74.8853
73.1963
71.6026
70.0989
68.679
67.3354
66.0603
64.8453
63.682
62.5616
61.4754
60.4145
59.3705
58.3351
57.3006
56.26
55.2073
54.137
53.045
51.9279
50.7836
49.6107
48.4093
47.1798
45.9244
44.6454
43.3463
42.0308
40.7031
39.3673
38.0279
36.6891
35.3553
34.0308
32.72
31.4261
30.1567
29.0862
28.1614
27.2084
26.2308
25.2351
24.2152
23.2766
22.0748
21.8173
19.078
23.004
11.712
33.4197
60.6256
59.755
58.8916
58.0409
57.1189
56.1231
55.0665
53.9541
52.7942
51.5978
50.3738
49.1265
47.8466
46.5114
45.0903
43.5515
41.8665
40.0121
37.9682
35.7216
33.2647
30.5969
27.7232
24.6562
21.4138
18.0191
14.4978
10.8778
7.18997
3.46674
-0.259483
-3.95554
-7.59112
-11.1366
-14.5646
-17.8506
-20.9723
-23.9102
-26.6472
-29.1688
-31.4635
-33.5227
-35.3402
-36.9122
-38.2381
-39.3198
-40.1611
-40.7683
-41.1498
-41.3158
-41.2779
-41.0492
-40.6438
-40.0767
-39.363
-38.5186
-37.5587
-36.4987
-35.3529
-34.1352
-32.8582
-31.5336
-30.1723
-28.783
-27.3761
-25.9563
-24.5354
-23.3003
-22.188
-21.0603
-19.8185
-18.679
-17.1802
-16.3295
-14.075
-14.5036
-9.85958
-14.4525
-3.02125
-18.9689
61.2262
61.7607
62.357
62.921
63.5616
64.2596
65.0091
65.7996
66.6192
67.454
68.289
69.1077
69.8941
70.6315
71.3043
71.8966
72.3947
72.7859
73.0601
73.2104
73.2319
73.1234
72.8866
72.5269
72.0522
71.4727
70.8005
70.0494
69.233
68.3653
67.4597
66.528
65.5808
64.6268
63.6729
62.7242
61.784
60.8543
59.9353
59.0263
58.1252
57.2293
56.3348
55.4377
54.5336
53.6182
52.687
51.7365
50.7629
49.7637
48.7368
47.6809
46.5953
45.4804
44.3374
43.1682
41.9755
40.7627
39.5333
38.2914
37.041
35.7865
34.5323
33.2824
32.0415
30.8125
29.6035
28.5817
27.698
26.7859
25.8481
24.8919
23.9082
23.004
21.8414
21.5807
18.9801
22.6213
12.0477
32.4975
61.255
60.7521
60.2135
59.6522
59.022
58.2717
57.3659
56.273
54.9714
53.4604
51.7617
49.9131
47.9532
45.9089
43.7954
41.6201
39.3888
37.1062
34.7748
32.3953
29.9671
27.4873
24.9527
22.3595
19.7053
16.9881
14.2087
11.3689
8.4749
5.53483
2.56065
-0.432519
-3.42744
-6.40483
-9.34334
-12.2215
-15.0174
-17.7098
-20.2781
-22.7034
-24.9687
-27.0596
-28.9636
-30.6704
-32.1729
-33.4664
-34.5487
-35.4201
-36.0833
-36.5429
-36.8057
-36.8801
-36.7763
-36.5055
-36.08
-35.5131
-34.8182
-34.0089
-33.099
-32.1016
-31.0293
-29.894
-28.7069
-27.4774
-26.2161
-24.9292
-23.628
-22.4881
-21.4532
-20.4017
-19.2307
-18.1614
-16.7319
-15.9336
-13.772
-14.1868
-9.74422
-14.126
-3.17527
-18.5295
61.6623
62.0247
62.3351
62.6056
62.8468
63.045
63.2062
63.3321
63.4255
63.4897
63.5285
63.5455
63.5444
63.529
63.5023
63.4665
63.4234
63.373
63.3144
63.2457
63.1635
63.064
62.9421
62.7929
62.6116
62.3934
62.1347
61.8328
61.4863
61.095
60.6602
60.1839
59.6693
59.1199
58.5398
57.9329
57.3031
56.6534
55.9869
55.3053
54.6101
53.9015
53.1791
52.4416
51.6873
50.9138
50.1189
49.2998
48.4544
47.5806
46.6768
45.7417
44.7748
43.7761
42.7465
41.6874
40.6012
39.4907
38.3593
37.2107
36.0489
34.8782
33.703
32.5273
31.3556
30.191
29.0417
28.0672
27.2227
26.3497
25.4504
24.5328
23.5853
22.7149
21.5884
21.3356
18.8291
22.3165
12.1485
31.906
53.2739
52.7861
52.2898
51.8163
51.3474
50.8579
50.3225
49.7199
49.0261
48.2163
47.2728
46.1902
44.9735
43.631
42.168
40.5859
38.8841
37.064
35.1289
33.0843
30.937
28.6949
26.3666
23.9614
21.4885
18.9572
16.3765
13.7549
11.1011
8.42361
5.73051
3.0316
0.336347
-2.34428
-4.99818
-7.61215
-10.1721
-12.6628
-15.0688
-17.3743
-19.5641
-21.6237
-23.5395
-25.2995
-26.8936
-28.3134
-29.5527
-30.6078
-31.4766
-32.1595
-32.6589
-32.979
-33.1259
-33.1072
-32.932
-32.6104
-32.1535
-31.573
-30.881
-30.0897
-29.2111
-28.2564
-27.2372
-26.1628
-25.0443
-23.8883
-22.7061
-21.6608
-20.703
-19.7273
-18.6276
-17.6288
-16.267
-15.5267
-13.4448
-13.875
-9.57767
-13.8461
-3.21697
-18.2049
53.6403
53.9338
54.2346
54.5401
54.8423
55.1381
55.4265
55.703
55.9644
56.207
56.4273
56.6221
56.7888
56.9249
57.0287
57.0992
57.1362
57.1401
57.112
57.0536
56.967
56.8544
56.7186
56.5615
56.3851
56.1912
55.9805
55.7534
55.5099
55.2495
54.9712
54.6738
54.3562
54.017
53.6554
53.2706
52.862
52.4297
51.9736
51.494
50.9912
50.4652
49.9157
49.3423
48.7442
48.1201
47.4684
46.7878
46.0765
45.3332
44.5564
43.7455
42.8998
42.0195
41.105
40.1577
39.1793
38.1725
37.1403
36.0864
35.0145
33.929
32.834
31.7338
30.6329
29.5343
28.4463
27.5201
26.7154
25.8821
25.0222
24.1438
23.2341
22.3986
21.3088
21.0719
18.637
22.034
12.1262
31.4224
41.9378
41.4877
41.0234
40.5775
40.135
39.6892
39.2306
38.7426
38.2111
37.6223
36.963
36.2254
35.4093
34.5197
33.5617
32.5376
31.4447
30.2773
29.0293
27.695
26.2705
24.7524
23.1393
21.431
19.6297
17.7388
15.7637
13.711
11.5891
9.40716
7.17536
4.90496
2.60757
0.29516
-2.01944
-4.32355
-6.60381
-8.84689
-11.0388
-13.1657
-15.2137
-17.1694
-19.0194
-20.7512
-22.3538
-23.8168
-25.1318
-26.2919
-27.2919
-28.1287
-28.801
-29.3091
-29.6555
-29.8439
-29.8801
-29.7709
-29.5247
-29.1507
-28.6589
-28.0597
-27.364
-26.5824
-25.7256
-24.8031
-23.8255
-22.8003
-21.7378
-20.7884
-19.9099
-19.0127
-17.9876
-17.0619
-15.7715
-15.0913
-13.0925
-13.5389
-9.39129
-13.5408
-3.24869
-17.8446
42.2543
42.4994
42.7672
43.0434
43.3292
43.6258
43.9325
44.2486
44.5733
44.9054
45.2436
45.5862
45.9308
46.275
46.616
46.9508
47.2758
47.5876
47.8827
48.1577
48.4093
48.6348
48.8318
48.9985
49.1336
49.2366
49.3073
49.3463
49.3545
49.3328
49.2824
49.2041
49.099
48.9673
48.8092
48.6247
48.4134
48.1747
47.9083
47.6136
47.2903
46.938
46.5562
46.1444
45.7019
45.2278
44.7212
44.181
43.606
42.9951
42.3476
41.6625
40.9399
40.1796
39.3819
38.548
37.6794
36.7783
35.8476
34.8906
33.9111
32.9131
31.9011
30.8791
29.8518
28.8222
27.7987
26.9236
26.1613
25.3702
24.5519
23.715
22.8461
22.0477
20.9995
20.7768
18.4249
21.71
12.0971
30.8725
34.6535
34.2828
33.8932
33.5089
33.1191
32.7239
32.3252
31.9139
31.4752
30.9959
30.4633
29.8657
29.1971
28.4598
27.6605
26.8066
25.9026
24.9496
23.9455
22.8872
21.7722
20.5983
19.3633
18.0654
16.703
15.2749
13.7804
12.2195
10.5934
8.90442
7.15607
5.35394
3.50449
1.6159
-0.302488
-2.24021
-4.18592
-6.12753
-8.05227
-9.94696
-11.7984
-13.5932
-15.3182
-16.9606
-18.5085
-19.9506
-21.2766
-22.4777
-23.5465
-24.477
-25.2651
-25.9081
-26.405
-26.7563
-26.9645
-27.0334
-26.9682
-26.7755
-26.4628
-26.0388
-25.5125
-24.8932
-24.1908
-23.4142
-22.5736
-21.6765
-20.7328
-19.8795
-19.0812
-18.2635
-17.3154
-16.4639
-15.2484
-14.6281
-12.7188
-13.1754
-9.19173
-13.2028
-3.27553
-17.4356
34.9287
35.1615
35.412
35.6676
35.9319
36.204
36.4838
36.7712
37.0658
37.3676
37.6763
37.9915
38.3129
38.6398
38.972
39.3086
39.6485
39.9906
40.3337
40.6759
41.0153
41.3493
41.6754
41.991
42.2929
42.5781
42.8438
43.0873
43.3064
43.499
43.6634
43.7983
43.903
43.9766
44.0187
44.0287
44.0062
43.951
43.8625
43.7406
43.5849
43.3951
43.171
42.9121
42.618
42.2883
41.922
41.5185
41.0767
40.5961
40.0758
39.5155
38.9147
38.2736
37.5923
36.8717
36.1131
35.3183
34.4899
33.631
32.7452
31.8364
30.909
29.9671
29.0155
28.0573
27.1007
26.2792
25.5615
24.8146
24.0402
23.2466
22.4208
21.6612
20.6594
20.4468
18.1935
21.3397
12.0627
30.2701
29.8457
29.537
29.2096
28.8802
28.5415
28.1951
27.8468
27.4967
27.1377
26.7583
26.3474
25.8935
25.3851
24.8152
24.1839
23.4956
22.7555
21.9674
21.132
20.2474
19.3118
18.324
17.2836
16.1907
15.0454
13.8479
12.5983
11.2969
9.9444
8.54176
7.0907
5.59371
4.05399
2.47555
0.86366
-0.775698
-2.43521
-4.10675
-5.78088
-7.44752
-9.0957
-10.7141
-12.291
-13.8143
-15.2725
-16.654
-17.9483
-19.1453
-20.2364
-21.2138
-22.0713
-22.8039
-23.4081
-23.8817
-24.2246
-24.4375
-24.5231
-24.4852
-24.329
-24.0607
-23.6875
-23.2172
-22.6585
-22.0193
-21.3091
-20.5355
-19.7071
-18.9483
-18.2293
-17.4904
-16.6195
-15.8424
-14.7038
-14.1426
-12.3262
-12.7908
-8.97416
-12.8461
-3.27673
-17.0137
30.0862
30.3001
30.5275
30.7614
31.0039
31.2544
31.5128
31.779
32.0527
32.3338
32.6218
32.9163
33.2167
33.5226
33.8334
34.1485
34.4671
34.7886
35.1123
35.4375
35.7633
36.0886
36.4125
36.7336
37.0508
37.3622
37.6661
37.9608
38.2442
38.514
38.7682
39.0044
39.2206
39.4144
39.5838
39.7266
39.8409
39.9251
39.9774
39.9966
39.9814
39.931
39.8446
39.7215
39.5612
39.3629
39.126
38.8496
38.5332
38.1759
37.7772
37.3364
36.8533
36.3278
35.7599
35.1502
34.4998
33.81
33.0832
32.322
31.5298
30.7105
29.8681
29.0071
28.1321
27.2462
26.3579
25.5913
24.9194
24.2182
23.489
22.7402
21.9591
21.239
20.2873
20.0817
17.9357
20.9347
11.9955
29.6595
25.7908
25.5286
25.25
24.9673
24.6733
24.3677
24.056
23.7422
23.4265
23.1047
22.7686
22.4095
22.0181
21.5843
21.1008
20.5662
19.9831
19.3551
18.6852
17.9744
17.2211
16.423
15.5786
14.6871
13.7479
12.7605
11.7244
10.6394
9.50599
8.32508
7.09825
5.82791
4.51665
3.16778
1.78518
0.373305
-1.06277
-2.51703
-3.98286
-5.45259
-6.9181
-8.37038
-9.79991
-11.1967
-12.5502
-13.8502
-15.0864
-16.2492
-17.3291
-18.3179
-19.208
-19.993
-20.6678
-21.2283
-21.672
-21.9975
-22.205
-22.2959
-22.273
-22.1404
-21.9031
-21.5675
-21.1404
-20.6289
-20.0414
-19.3849
-18.6675
-18.0002
-17.3587
-16.6971
-15.9033
-15.1997
-14.1391
-13.6364
-11.9147
-12.3878
-8.73601
-12.4772
-3.24651
-16.5903
25.9987
26.1866
26.3866
26.5939
26.81
27.0345
27.2676
27.5092
27.7595
28.0183
28.2856
28.5613
28.8451
29.1367
29.4358
29.7418
30.0542
30.3722
30.6952
31.0221
31.3522
31.6844
32.0175
32.3503
32.6818
33.0105
33.335
33.6541
33.9663
34.2702
34.5642
34.8469
35.1166
35.3713
35.6092
35.8281
36.0258
36.1998
36.348
36.468
36.5578
36.6156
36.6396
36.6286
36.5812
36.4965
36.373
36.2102
36.007
35.7626
35.4761
35.1469
34.7745
34.3586
33.899
33.396
32.8502
32.2627
31.6353
30.9704
30.2708
29.5402
28.7826
28.0024
27.2041
26.391
25.5715
24.8606
24.2352
23.5806
22.898
22.1949
21.4601
20.7799
19.8812
19.6809
17.6472
20.4989
11.8899
29.0461
22.3731
22.1495
21.912
21.6699
21.4165
21.1493
20.8709
20.5849
20.2955
20.0047
19.7106
19.4069
19.0854
18.7381
18.3562
17.9327
17.4655
16.9561
16.4071
15.8215
15.2016
14.5472
13.8566
13.1283
12.3609
11.5531
10.7037
9.81154
8.87624
7.89764
6.87637
5.81362
4.71091
3.57024
2.39433
1.18629
-0.0499543
-1.3099
-2.58818
-3.87891
-5.17544
-6.47062
-7.75664
-9.02493
-10.2669
-11.4732
-12.6349
-13.7425
-14.7872
-15.7603
-16.6543
-17.4616
-18.1764
-18.7931
-19.3078
-19.7173
-20.0198
-20.2147
-20.3027
-20.2857
-20.1672
-19.9511
-19.643
-19.2486
-18.775
-18.229
-17.617
-17.0375
-16.4711
-15.8848
-15.167
-14.5359
-13.5539
-13.1091
-11.4835
-11.9656
-8.4768
-12.0934
-3.19038
-16.1617
22.5532
22.7184
22.8942
23.0771
23.2682
23.4673
23.6747
23.8904
24.1144
24.347
24.5881
24.8378
25.0961
25.3631
25.6387
25.9227
26.2149
26.515
26.8226
27.1372
27.4582
27.7849
28.1164
28.4517
28.7896
29.129
29.4684
29.8063
30.1414
30.4721
30.7968
31.114
31.4223
31.7197
32.0048
32.2756
32.53
32.766
32.9811
33.1732
33.3399
33.4789
33.5883
33.6659
33.71
33.719
33.6915
33.6262
33.5219
33.3774
33.1916
32.9637
32.6929
32.3785
32.0202
31.6179
31.1719
30.6826
30.1514
29.58
28.9711
28.3278
27.6541
26.9541
26.2323
25.492
24.7413
24.0863
23.508
22.9007
22.2654
21.6091
20.9217
20.2822
19.439
19.2429
17.3259
20.0294
11.7512
28.4172
19.6143
19.4228
19.219
19.0101
18.7907
18.5585
18.3141
18.0591
17.7965
17.5307
17.2648
16.9976
16.7232
16.434
16.1224
15.7801
15.4008
14.9829
14.5281
14.039
13.5177
12.9664
12.3856
11.7745
11.1313
10.4544
9.74251
8.99467
8.21025
7.38901
6.53099
5.63671
4.70668
3.7418
2.74339
1.71331
0.653974
-0.431471
-1.53925
-2.66493
-3.80347
-4.94928
-6.0959
-7.23652
-8.36369
-9.46965
-10.546
-11.5847
-12.5769
-13.5148
-14.3904
-15.1964
-15.926
-16.5733
-17.1331
-17.6012
-17.9741
-18.2497
-18.4271
-18.5063
-18.4889
-18.377
-18.1746
-17.8861
-17.5171
-17.0735
-16.5607
-16.0645
-15.5702
-15.0562
-14.4128
-13.8523
-12.9488
-12.5608
-11.0322
-11.5233
-8.19691
-11.6935
-3.11136
-15.7213
19.7713
19.9175
20.0724
20.2337
20.4024
20.5785
20.7622
20.9538
21.1533
21.3609
21.5766
21.8005
22.0328
22.2734
22.5223
22.7798
23.0456
23.3197
23.6019
23.8922
24.1901
24.4953
24.8073
25.1254
25.449
25.7772
26.1088
26.4429
26.7782
27.1134
27.4471
27.7777
28.1039
28.424
28.7362
29.0388
29.3299
29.6071
29.8684
30.1114
30.3336
30.5328
30.7064
30.8524
30.9685
31.053
31.104
31.12
31.0994
31.0408
30.9429
30.8044
30.6245
30.4021
30.1365
29.8275
29.4746
29.0781
28.6384
28.157
27.6357
27.0776
26.486
25.865
25.2188
24.5506
23.8684
23.2692
22.7379
22.1782
21.5907
20.9818
20.3428
19.7444
18.9588
18.7665
16.9702
19.5237
11.5826
27.7658
17.3359
17.1708
16.9951
16.814
16.6231
16.4205
16.2075
15.9852
15.7547
15.5174
15.276
15.0326
14.7868
14.5347
14.2707
13.9884
13.6804
13.3393
12.9626
12.5529
12.1139
11.6482
11.1571
10.6402
10.0961
9.52317
8.92001
8.28565
7.61958
6.92158
6.1916
5.42983
4.63636
3.81156
2.95617
2.0713
1.15852
0.219977
-0.741707
-1.72337
-2.72141
-3.73155
-4.74902
-5.76832
-6.78355
-7.78806
-8.77491
-9.73672
-10.666
-11.555
-12.3965
-13.1831
-13.908
-14.5648
-15.148
-15.6524
-16.0739
-16.409
-16.6557
-16.8122
-16.8785
-16.8554
-16.745
-16.5504
-16.2757
-15.926
-15.5051
-15.0872
-14.6611
-14.216
-13.6443
-13.1517
-12.3256
-11.9925
-10.5611
-11.0611
-7.89664
-11.276
-3.01117
-15.2696
17.4732
17.6029
17.7399
17.8828
18.0321
18.1882
18.3512
18.5214
18.6991
18.8843
19.0774
19.2782
19.4871
19.7038
19.9286
20.1615
20.4025
20.6515
20.9086
21.1738
21.4469
21.7276
22.0159
22.3112
22.6131
22.9209
23.2341
23.5516
23.8728
24.1965
24.5216
24.8471
25.1717
25.494
25.8128
26.1263
26.4329
26.7306
27.0172
27.2906
27.5484
27.7879
28.0067
28.2024
28.3727
28.5154
28.6285
28.71
28.7582
28.7713
28.7479
28.6865
28.5857
28.4446
28.2621
28.0375
27.77
27.4593
27.1053
26.7089
26.2715
25.7953
25.2834
24.7393
24.1671
23.5697
22.9552
22.4113
21.9266
21.4142
20.8745
20.313
19.7228
19.166
18.4392
18.2506
16.5786
18.9809
11.3839
27.0888
15.3929
15.2496
15.0979
14.9417
14.7766
14.6013
14.4164
14.2229
14.0208
13.8098
13.5902
13.3633
13.1314
12.8957
12.6551
12.4063
12.1454
11.8674
11.5648
11.2318
10.8676
10.4758
10.0604
9.62352
9.16422
8.68022
8.16954
7.63122
7.06488
6.47037
5.84758
5.19646
4.51687
3.80885
3.07281
2.30946
1.51993
0.705686
-0.131341
-0.988886
-1.86427
-2.7544
-3.65557
-4.56354
-5.47352
-6.38029
-7.27798
-8.16048
-9.02114
-9.85322
-10.6498
-11.404
-12.1092
-12.7593
-13.3481
-13.8704
-14.3215
-14.6974
-14.9947
-15.2108
-15.3443
-15.3946
-15.3625
-15.2496
-15.0585
-14.7934
-14.4567
-14.1112
-13.7489
-13.3684
-12.8652
-12.4372
-11.6865
-11.4061
-10.0713
-10.5796
-7.57651
-10.8423
-2.89145
-14.8059
15.5143
15.6305
15.7532
15.8813
16.0151
16.1549
16.3007
16.453
16.6118
16.7776
16.9503
17.1304
17.3178
17.5128
17.7153
17.9255
18.1432
18.3687
18.6019
18.8428
19.0914
19.3476
19.6114
19.8826
20.1609
20.4459
20.7372
21.0341
21.3359
21.642
21.9514
22.2633
22.5766
22.8904
23.2035
23.5146
23.8224
24.1252
24.4213
24.7086
24.985
25.248
25.4952
25.7241
25.9324
26.1176
26.2773
26.4096
26.5123
26.5835
26.6214
26.6245
26.5911
26.5201
26.4102
26.2602
26.0691
25.8362
25.561
25.2438
24.8853
24.487
24.0513
23.5813
23.0808
22.5526
22.0043
21.5146
21.076
20.6101
20.1176
19.6031
19.0615
18.5463
17.8792
17.6945
16.1498
18.4003
11.1551
26.3828
13.7739
13.6492
13.5181
13.3838
13.2424
13.092
12.933
12.7655
12.5883
12.3993
12.1963
11.9792
11.7507
11.5162
11.2813
11.0476
10.8121
10.5695
10.3155
10.0451
9.75201
9.43194
9.08463
8.71314
8.32098
7.90875
7.47432
7.01546
6.53147
6.02239
5.48836
4.92934
4.34513
3.73556
3.10079
2.4412
1.75748
1.05063
0.321923
-0.427043
-1.19433
-1.97758
-2.77396
-3.58014
-4.39244
-5.20665
-6.01807
-6.82152
-7.61143
-8.38184
-9.12664
-9.83952
-10.5143
-11.1448
-11.7254
-12.2507
-12.7157
-13.1159
-13.4474
-13.7069
-13.8921
-14.0012
-14.0339
-13.9903
-13.8718
-13.6816
-13.4208
-13.1414
-12.8381
-12.5176
-12.0789
-11.7117
-11.034
-10.8032
-9.5637
-10.0792
-7.23704
-10.3907
-2.75506
-14.3292
13.8809
13.9839
14.0924
14.2057
14.324
14.4475
14.5763
14.7106
14.8505
14.9963
15.1484
15.3068
15.4719
15.6438
15.8228
16.009
16.2024
16.4032
16.6114
16.827
17.0501
17.2807
17.5188
17.7643
18.0172
18.2772
18.544
18.8173
19.0966
19.3813
19.6708
19.9643
20.2612
20.5605
20.8613
21.1627
21.4635
21.7623
22.0578
22.3481
22.6314
22.9056
23.1683
23.4173
23.65
23.8641
24.0572
24.2268
24.371
24.4875
24.5744
24.6299
24.6523
24.6401
24.5918
24.5061
24.3819
24.2181
24.0141
23.7693
23.4838
23.1583
22.7946
22.3952
21.9635
21.502
21.018
20.5814
20.1877
19.7674
19.321
18.8526
18.359
17.885
17.2777
17.0975
15.6823
17.7804
10.8974
25.6398
12.3928
12.2829
12.1676
12.0503
11.9277
11.798
11.6612
11.5172
11.3652
11.203
11.0265
10.8317
10.6177
10.3883
10.1514
9.91681
9.69056
9.47154
9.25188
9.02287
8.77851
8.5148
8.22835
7.91674
7.58005
7.22141
6.84364
6.44649
6.02826
5.58809
5.12614
4.64264
4.1374
3.61013
3.06071
2.4892
1.89593
1.28145
0.646607
-0.00754579
-0.679598
-1.36783
-2.07007
-2.7838
-3.50612
-4.23373
-4.96283
-5.68923
-6.40826
-7.11492
-7.80384
-8.46944
-9.10595
-9.70781
-10.2695
-10.7859
-11.2518
-11.6626
-12.0142
-12.3029
-12.5256
-12.68
-12.7643
-12.7781
-12.7212
-12.5962
-12.4024
-12.1825
-11.9329
-11.6675
-11.2889
-10.9782
-10.3702
-10.1857
-9.03979
-9.5599
-6.8796
-9.9208
-2.60526
-13.8341
12.4867
12.5768
12.6714
12.77
12.873
12.9804
13.0923
13.209
13.3304
13.4569
13.5887
13.7259
13.8689
14.0179
14.1733
14.3353
14.5041
14.6799
14.8628
15.0532
15.2509
15.4561
15.6689
15.8892
16.1171
16.3524
16.5949
16.8444
17.1005
17.363
17.6311
17.9045
18.1824
18.4643
18.7493
19.0366
19.3255
19.6147
19.9031
20.1892
20.4715
20.7481
21.0168
21.2757
21.5223
21.7543
21.9693
22.165
22.3391
22.4895
22.6139
22.7106
22.7776
22.8133
22.816
22.7844
22.7174
22.6137
22.4723
22.2923
22.073
21.8144
21.5177
21.1849
20.8185
20.4208
19.9987
19.6132
19.2632
18.8872
18.4857
18.0622
17.6154
17.182
16.6339
16.4586
15.1749
17.1188
10.6141
24.8477
11.0758
10.9802
10.8794
10.7767
10.6697
10.5572
10.4387
10.3141
10.183
10.0447
9.89714
9.73641
9.55872
9.36262
9.15039
8.9285
8.7061
8.49178
8.28843
8.09062
7.88747
7.66919
7.43037
7.16937
6.8853
6.57735
6.24718
5.8987
5.53401
5.15234
4.75239
4.33387
3.89667
3.44047
2.96486
2.4696
1.95467
1.42037
0.867176
0.295903
-0.292429
-0.896481
-1.51463
-2.1449
-2.78505
-3.4325
-4.08421
-4.73681
-5.38653
-6.02922
-6.66032
-7.27499
-7.86822
-8.43484
-8.96978
-9.46789
-9.92435
-10.3345
-10.6943
-10.9997
-11.2475
-11.4344
-11.5584
-11.618
-11.6122
-11.5421
-11.4066
-11.239
-11.0377
-10.8219
-10.4989
-10.2399
-9.69808
-9.55523
-8.50164
-9.02149
-6.50681
-9.42826
-2.44689
-13.3132
11.157
11.2347
11.3165
11.4021
11.4918
11.5858
11.6842
11.7874
11.8953
12.0081
12.1259
12.2489
12.3771
12.5108
12.6502
12.7955
12.9469
13.1046
13.2689
13.44
13.618
13.8032
13.9956
14.1954
14.4025
14.617
14.8388
15.0677
15.3035
15.5459
15.7944
16.0487
16.3082
16.5724
16.8407
17.1124
17.3869
17.6632
17.9406
18.2177
18.4932
18.7657
19.0333
19.2941
19.546
19.7867
20.0142
20.226
20.4199
20.5937
20.7454
20.8727
20.9739
21.047
21.0906
21.1032
21.0838
21.0309
20.9433
20.8195
20.6588
20.4606
20.2253
19.9542
19.649
19.3118
18.9484
18.6122
18.3039
17.9707
17.6125
17.2326
16.8311
16.4375
15.9471
15.7771
14.6276
16.4102
10.3116
23.9909
9.88205
9.79819
9.70894
9.61722
9.52129
9.42041
9.3146
9.20313
9.08535
8.961
8.82986
8.69063
8.54129
8.37962
8.20467
8.01714
7.82023
7.61935
7.42128
7.23074
7.0468
6.86181
6.66526
6.44894
6.21009
5.94937
5.66734
5.36483
5.04554
4.71328
4.3683
4.00835
3.63181
3.23823
2.82752
2.39918
1.95288
1.48861
1.00689
0.508422
-0.00592758
-0.535178
-1.07808
-1.63314
-2.19858
-2.77238
-3.35216
-3.93524
-4.5186
-5.09888
-5.67231
-6.23474
-6.78186
-7.30899
-7.81147
-8.28461
-8.72377
-9.12464
-9.48292
-9.79487
-10.0567
-10.2653
-10.4179
-10.5125
-10.5474
-10.5228
-10.4364
-10.3144
-10.1556
-9.98394
-9.71153
-9.49883
-9.02017
-8.91259
-7.95251
-8.46184
-6.12447
-8.90532
-2.28965
-12.7519
9.95306
10.0211
10.0926
10.1673
10.2456
10.3277
10.414
10.5046
10.5998
10.6997
10.8045
10.9142
11.0292
11.1493
11.2748
11.4058
11.5425
11.685
11.8336
11.9883
12.1495
12.3173
12.4919
12.6734
12.862
13.0577
13.2605
13.4704
13.6872
13.9107
14.1405
14.3762
14.6176
14.864
15.115
15.3701
15.6286
15.89
16.1533
16.4179
16.6825
16.9459
17.2065
17.4629
17.713
17.955
18.1867
18.4061
18.6109
18.7991
18.9685
19.1171
19.2428
19.3441
19.4193
19.4671
19.486
19.4748
19.4318
19.3558
19.2457
19.1007
18.9206
18.7057
18.4572
18.1764
17.8686
17.579
17.3108
17.0185
16.702
16.364
16.0061
15.6512
15.2172
15.0511
14.0423
15.6447
10.0068
23.0406
8.79982
8.7261
8.64792
8.56709
8.48153
8.39105
8.2962
8.19667
8.09125
7.97925
7.86016
7.73343
7.59795
7.45305
7.29843
7.13432
6.96081
6.77848
6.58857
6.39405
6.1986
6.0054
5.8149
5.62528
5.43374
5.23783
5.03343
4.81183
4.56205
4.28064
3.9758
3.65894
3.33412
2.99827
2.64664
2.27699
1.88956
1.48569
1.06646
0.632524
0.184268
-0.277778
-0.752747
-1.23943
-1.7365
-2.24234
-2.75515
-3.27288
-3.79304
-4.31301
-4.82962
-5.33938
-5.8386
-6.32326
-6.78916
-7.23204
-7.64769
-8.0319
-8.3806
-8.68997
-8.95639
-9.17655
-9.34758
-9.46689
-9.53223
-9.54338
-9.49743
-9.41322
-9.2914
-9.15747
-8.93108
-8.75759
-8.34071
-8.25778
-7.39847
-7.87643
-5.74232
-8.34172
-2.15039
-12.1365
8.86358
8.92576
8.99129
9.05998
9.13184
9.2072
9.28607
9.36885
9.45561
9.54671
9.64217
9.74232
9.84713
9.95689
10.0716
10.1913
10.3163
10.4465
10.5821
10.7233
10.8701
11.0228
11.1814
11.3464
11.5177
11.6955
11.8799
12.0709
12.2684
12.4725
12.6827
12.8988
13.1205
13.3475
13.5792
13.8151
14.055
14.2981
14.544
14.7919
15.041
15.2901
15.5383
15.7841
16.0258
16.2619
16.4903
16.7091
16.9165
17.1104
17.2888
17.4497
17.5912
17.7118
17.8098
17.8836
17.9318
17.953
17.9456
17.9087
17.841
17.7413
17.609
17.4441
17.2468
17.0178
16.7615
16.5158
16.2854
16.0319
15.755
15.4572
15.1409
14.8233
14.4445
14.278
13.4247
14.8081
9.72251
21.9756
7.49062
7.42833
7.36347
7.29667
7.22473
7.14688
7.06453
6.97844
6.88811
6.79233
6.69021
6.58153
6.46633
6.34433
6.21543
6.0804
5.94044
5.79652
5.64901
5.49845
5.34598
5.19356
5.04254
4.89189
4.73676
4.57023
4.387
4.1868
3.97372
3.75049
3.51508
3.26432
2.99794
2.71786
2.42492
2.11853
1.79807
1.46363
1.11559
0.75433
0.380197
-0.00633745
-0.404752
-0.814379
-1.23454
-1.66412
-2.10187
-2.54627
-2.99545
-3.44739
-3.89964
-4.34948
-4.79392
-5.2297
-5.65324
-6.06078
-6.44852
-6.81254
-7.14891
-7.45387
-7.72384
-7.95546
-8.14556
-8.29131
-8.38991
-8.44052
-8.43987
-8.398
-8.31935
-8.22652
-8.0571
-7.92197
-7.58826
-7.51633
-6.80051
-7.20522
-5.35481
-7.69047
-2.05063
-11.447
7.54606
7.6011
7.65933
7.72072
7.78529
7.85316
7.92434
7.99913
8.07752
8.15984
8.24616
8.33671
8.43156
8.531
8.63499
8.74366
8.85711
8.9754
9.09854
9.22657
9.35954
9.4976
9.64077
9.78912
9.94283
10.102
10.2667
10.437
10.6131
10.7948
10.982
11.1746
11.3724
11.5753
11.7829
11.9948
12.2107
12.4305
12.6536
12.8794
13.1075
13.337
13.5672
13.797
14.0252
14.2505
14.4714
14.686
14.8928
15.09
15.2758
15.4485
15.6062
15.7471
15.8699
15.9727
16.0538
16.112
16.1457
16.1538
16.1351
16.0882
16.0123
15.9066
15.7709
15.6051
15.4123
15.2212
15.0384
14.8337
14.6071
14.3605
14.0973
13.8273
13.5211
13.3491
12.7135
13.7821
9.46796
20.6705
6.33553
6.27801
6.21955
6.16082
6.09819
6.0301
5.95781
5.88283
5.80561
5.72526
5.64085
5.55202
5.45942
5.36359
5.26446
5.1614
5.05389
4.94243
4.82832
4.71236
4.59443
4.47345
4.34794
4.21634
4.07711
3.92897
3.77152
3.60527
3.4319
3.25328
3.06976
2.87816
2.67357
2.4534
2.21922
1.97373
1.71788
1.4509
1.17232
0.882519
0.582021
0.271021
-0.0506218
-0.382978
-0.725802
-1.07857
-1.44036
-1.81017
-2.18663
-2.56827
-2.95334
-3.33996
-3.72577
-4.10827
-4.4846
-4.85162
-5.20594
-5.54406
-5.86237
-6.15735
-6.42553
-6.66354
-6.86818
-7.03639
-7.16514
-7.25288
-7.2963
-7.29739
-7.26127
-7.21367
-7.09819
-7.01447
-6.75004
-6.72536
-6.10624
-6.53012
-4.83859
-7.11503
-1.77591
-10.9975
6.38832
6.44061
6.49457
6.5504
6.60818
6.66797
6.72987
6.79404
6.86052
6.92958
7.00135
7.07602
7.15385
7.2351
7.31989
7.40841
7.50091
7.59741
7.69814
7.80304
7.91222
8.02579
8.1438
8.26615
8.39312
8.52465
8.66098
8.80203
8.94796
9.09872
9.25444
9.41484
9.58011
9.75002
9.92443
10.1031
10.286
10.4729
10.6637
10.858
11.0556
11.256
11.4588
11.6633
11.8687
12.074
12.2781
12.4796
12.6773
12.8696
13.0549
13.2319
13.3986
13.5536
13.6953
13.8221
13.9323
14.0245
14.0971
14.1489
14.1786
14.1849
14.1665
14.1224
14.0517
13.9538
13.8305
13.7001
13.5705
13.4217
13.2528
13.0658
12.864
12.654
12.4236
12.2817
11.8122
12.7623
8.85742
19.829
5.42592
5.36379
5.30174
5.24203
5.1822
5.11974
5.05422
4.98659
4.91804
4.84847
4.77715
4.70319
4.62659
4.54747
4.46593
4.38155
4.2936
4.20082
4.10231
3.99743
3.88692
3.77155
3.65239
3.53
3.40545
3.2799
3.15439
3.0283
2.89979
2.76532
2.62216
2.46925
2.30728
2.13586
1.95334
1.75824
1.5516
1.3354
1.11104
0.878444
0.637306
0.387183
0.127623
-0.141744
-0.420854
-0.709305
-1.00635
-1.31124
-1.62301
-1.94069
-2.26307
-2.58894
-2.91656
-3.24407
-3.56924
-3.88957
-4.20221
-4.50426
-4.7926
-5.0641
-5.31556
-5.54389
-5.74601
-5.91903
-6.05995
-6.16714
-6.23701
-6.26689
-6.26061
-6.24625
-6.17224
-6.12962
-5.92179
-5.93989
-5.40055
-5.85327
-4.28955
-6.55072
-1.44733
-10.5732
5.48376
5.54019
5.59696
5.65416
5.71213
5.77084
5.83053
5.89106
5.95273
6.01541
6.07936
6.14454
6.21135
6.2798
6.35023
6.42273
6.49769
6.57513
6.65546
6.7386
6.82483
6.91421
7.00701
7.10315
7.20297
7.30631
7.41355
7.52465
7.63981
7.75898
7.88242
8.0099
8.14168
8.27757
8.41756
8.56153
8.70956
8.86143
9.0172
9.17679
9.34009
9.50697
9.67715
9.85024
10.0259
10.2034
10.3819
10.5605
10.7381
10.9136
11.0855
11.2528
11.414
11.5674
11.712
11.8461
11.9682
12.077
12.1709
12.2485
12.3086
12.35
12.3715
12.3719
12.3501
12.305
12.2376
12.1574
12.073
11.972
11.8537
11.7196
11.5733
11.4192
11.2579
11.1516
10.8297
11.7151
8.14736
19.0049
4.56609
4.50568
4.44667
4.39197
4.34008
4.28761
4.23256
4.17518
4.11746
4.06007
4.00249
3.94315
3.88145
3.81715
3.75065
3.68174
3.6102
3.53546
3.45744
3.37505
3.28715
3.1924
3.09139
2.98545
2.87646
2.76554
2.65395
2.54215
2.43048
2.31768
2.20181
2.0802
1.95114
1.81428
1.66994
1.51706
1.35405
1.1808
0.999518
0.812027
0.618083
0.416158
0.205254
-0.0147285
-0.243356
-0.479989
-0.723843
-0.974284
-1.23064
-1.4924
-1.75875
-2.02895
-2.30176
-2.57581
-2.84949
-3.12089
-3.38785
-3.64815
-3.89922
-4.13845
-4.36303
-4.57028
-4.75747
-4.92199
-5.06118
-5.1734
-5.25526
-5.30105
-5.31387
-5.32162
-5.27823
-5.26605
-5.10504
-5.15571
-4.68988
-5.16057
-3.72652
-5.95431
-1.1069
-10.067
4.62207
4.67626
4.73053
4.78449
4.8388
4.89321
4.94823
5.00348
5.05949
5.11583
5.17286
5.23022
5.28835
5.34696
5.40646
5.46677
5.5283
5.59099
5.65533
5.72124
5.78913
5.85897
5.93113
6.00562
6.08274
6.16251
6.24522
6.33099
6.42001
6.5124
6.60837
6.70791
6.81119
6.91826
7.02901
7.14363
7.26203
7.38429
7.51037
7.64042
7.77435
7.91229
8.05398
8.19945
8.34827
8.5002
8.65446
8.81047
8.96727
9.12409
9.27967
9.43309
9.58317
9.72862
9.86837
10.001
10.1252
10.2398
10.3431
10.434
10.5114
10.5741
10.6212
10.6517
10.6643
10.658
10.6331
10.5926
10.5447
10.4836
10.4082
10.3199
10.222
10.1186
10.0192
9.94896
9.76415
10.5866
7.38124
17.9642
3.78958
3.74584
3.70116
3.65836
3.61886
3.58076
3.54084
3.49798
3.45336
3.40832
3.36271
3.31526
3.26475
3.21099
3.15444
3.09558
3.03422
2.96999
2.90271
2.8326
2.75969
2.68336
2.60207
2.51458
2.42117
2.3238
2.22428
2.1239
2.02337
1.9232
1.82312
1.72224
1.61873
1.51069
1.39673
1.27695
1.1514
1.01926
0.879151
0.731217
0.576524
0.415461
0.247037
0.0706754
-0.113372
-0.304209
-0.501142
-0.703612
-0.91131
-1.12385
-1.34075
-1.56131
-1.78464
-2.00967
-2.23523
-2.46001
-2.68241
-2.90075
-3.11304
-3.3172
-3.51086
-3.69182
-3.85772
-4.00639
-4.13545
-4.24353
-4.32735
-4.38025
-4.40409
-4.42591
-4.40436
-4.41424
-4.29089
-4.36651
-3.96562
-4.44705
-3.13582
-5.32014
-0.735983
-9.47885
3.82946
3.86785
3.90653
3.94496
3.9834
4.02179
4.06044
4.09932
4.13878
4.17881
4.21957
4.26088
4.30285
4.34535
4.38851
4.4323
4.47683
4.52216
4.56853
4.61617
4.66524
4.71589
4.76831
4.82278
4.87942
4.93852
5.00009
5.06457
5.13194
5.20263
5.27654
5.35407
5.43513
5.52006
5.60855
5.70105
5.79732
5.89767
6.00187
6.11028
6.22265
6.33944
6.4603
6.58549
6.71451
6.8474
6.98349
7.12237
7.26303
7.40499
7.54708
7.68853
7.82834
7.9654
8.09876
8.22732
8.34981
8.46506
8.57187
8.66899
8.75555
8.83054
8.89325
8.94292
8.97863
8.99941
9.00547
8.99522
8.97608
8.94695
8.90676
8.8567
8.79976
8.74043
8.69364
8.65661
8.59186
9.35002
6.50263
16.7277
2.93823
2.92803
2.91266
2.89287
2.87333
2.8557
2.83719
2.81545
2.78972
2.76146
2.73109
2.69865
2.66283
2.62365
2.58108
2.53615
2.4885
2.43823
2.3846
2.32795
2.26813
2.20608
2.14169
2.07484
2.00355
1.92695
1.84479
1.75921
1.67169
1.58397
1.49637
1.40967
1.32308
1.23603
1.14654
1.05327
0.955111
0.852455
0.74473
0.630727
0.50911
0.380883
0.247337
0.109134
-0.0342408
-0.182647
-0.335877
-0.493557
-0.655644
-0.821868
-0.991961
-1.16536
-1.34144
-1.51947
-1.69861
-1.87802
-2.05648
-2.23284
-2.40553
-2.57301
-2.73334
-2.88475
-3.02527
-3.15315
-3.26633
-3.36373
-3.44243
-3.49567
-3.52427
-3.55322
-3.54605
-3.57028
-3.47651
-3.56946
-3.22427
-3.70977
-2.50983
-4.6418
-0.314928
-8.79993
2.94663
2.95516
2.96556
2.97753
2.99069
3.00513
3.02048
3.03706
3.05475
3.07403
3.09467
3.11712
3.14105
3.16681
3.19404
3.22296
3.25316
3.28496
3.31808
3.35296
3.38927
3.42756
3.46759
3.50989
3.55432
3.60136
3.65076
3.70322
3.75846
3.81709
3.87878
3.94412
4.01286
4.08545
4.16142
4.24137
4.32488
4.41233
4.5034
4.59854
4.69734
4.80038
4.90731
5.01842
5.13332
5.25214
5.37428
5.49948
5.62684
5.75597
5.8857
6.0155
6.1444
6.27153
6.39601
6.51704
6.63349
6.74439
6.84868
6.9454
7.03369
7.11271
7.18207
7.24121
7.28962
7.32677
7.35285
7.36346
7.36471
7.35915
7.34544
7.32513
7.30039
7.27668
7.27077
7.26074
7.29469
7.98652
5.46727
15.2918
1.87529
1.89814
1.91364
1.91955
1.92128
1.92309
1.92425
1.9222
1.91491
1.90332
1.88868
1.87206
1.85269
1.83032
1.80448
1.77594
1.74457
1.7107
1.67368
1.63379
1.59075
1.54534
1.49768
1.44862
1.39796
1.34538
1.28864
1.22673
1.1597
1.09025
1.02035
0.952094
0.885816
0.822034
0.75975
0.698143
0.635258
0.569888
0.501071
0.428812
0.351926
0.269503
0.18171
0.0903323
-0.00433161
-0.103193
-0.207411
-0.316867
-0.431309
-0.550241
-0.673463
-0.800511
-0.930946
-1.06411
-1.1993
-1.33572
-1.47242
-1.60845
-1.74263
-1.87378
-2.00037
-2.12098
-2.23404
-2.3382
-2.43171
-2.51378
-2.58194
-2.6302
-2.65834
-2.68892
-2.68956
-2.72194
-2.64975
-2.7533
-2.45419
-2.93721
-1.8359
-3.89864
0.163862
-7.9355
1.85065
1.8277
1.80823
1.79228
1.77938
1.7697
1.76248
1.75794
1.75553
1.75567
1.75797
1.76306
1.77065
1.78129
1.79463
1.81106
1.83011
1.85219
1.87677
1.90418
1.93393
1.96652
2.00156
2.03945
2.07994
2.12352
2.16988
2.21962
2.27245
2.32887
2.38856
2.452
2.5189
2.58959
2.66364
2.74148
2.82259
2.90727
2.99507
3.08641
3.18078
3.27862
3.37953
3.48382
3.59115
3.70159
3.81459
3.92998
4.04693
4.16502
4.28326
4.40113
4.51779
4.63255
4.74478
4.85378
4.9589
5.05933
5.15437
5.24321
5.32523
5.39974
5.46678
5.52586
5.57693
5.61988
5.65503
5.67647
5.68987
5.69902
5.70311
5.70324
5.70084
5.70165
5.72193
5.72491
5.82875
6.44832
4.20094
13.5148
1.0643
1.11405
1.15443
1.18189
1.20153
1.219
1.236
1.25085
1.26088
1.26626
1.26824
1.26847
1.26637
1.26172
1.25351
1.24232
1.22809
1.21164
1.1925
1.17107
1.14703
1.1211
1.09314
1.06374
1.03258
0.999913
0.964868
0.926407
0.882078
0.831401
0.776002
0.719755
0.664991
0.612624
0.561626
0.510874
0.45871
0.403983
0.345614
0.284055
0.220632
0.156069
0.0892525
0.0197282
-0.050895
-0.120478
-0.189348
-0.259048
-0.330829
-0.404993
-0.481864
-0.561513
-0.643816
-0.728342
-0.814565
-0.902207
-0.990845
-1.08021
-1.16956
-1.25821
-1.34495
-1.42876
-1.50842
-1.58291
-1.65082
-1.71154
-1.76313
-1.8012
-1.8236
-1.84979
-1.85199
-1.88543
-1.82705
-1.93407
-1.67098
-2.14248
-1.12851
-3.0857
0.680551
-6.77529
1.013
0.963243
0.916845
0.874504
0.835943
0.801892
0.771704
0.74584
0.723505
0.705021
0.689697
0.678051
0.669646
0.665084
0.664013
0.667038
0.673845
0.684921
0.69975
0.718675
0.741201
0.767627
0.797474
0.830922
0.867629
0.907882
0.951388
0.998439
1.04881
1.10281
1.16014
1.22109
1.28536
1.35306
1.42386
1.49783
1.57455
1.65393
1.73558
1.81957
1.90546
1.99336
2.08299
2.17452
2.26766
2.36247
2.45851
2.55569
2.65335
2.75109
2.84816
2.94409
3.03816
3.12996
3.21908
3.30506
3.38757
3.46621
3.54062
3.61027
3.67481
3.7338
3.78746
3.83555
3.87833
3.91604
3.94889
3.97212
3.98848
4.00248
4.01338
4.02269
4.03063
4.04474
4.0779
4.0822
4.22252
4.76452
2.73133
11.2397
-1.0941
-1.06741
-1.04147
-1.02017
-1.00525
-0.993816
-0.981264
-0.967888
-0.955254
-0.945393
-0.937002
-0.929691
-0.922473
-0.91674
-0.912365
-0.91026
-0.909295
-0.909662
-0.910398
-0.912229
-0.91474
-0.918709
-0.923789
-0.930847
-0.939834
-0.951903
-0.96729
-0.986859
-1.01076
-1.03991
-1.07329
-1.10665
-1.12952
-1.12926
-1.09506
-1.02198
-0.910174
-0.764913
-0.595536
-0.416615
-0.24621
-0.101877
0.0048786
0.0699385
0.0969399
0.0960602
0.0802461
0.0575684
0.0289218
-0.00816459
-0.0536065
-0.105305
-0.160044
-0.216816
-0.274831
-0.334618
-0.395204
-0.456199
-0.516266
-0.575051
-0.631654
-0.68579
-0.736749
-0.784169
-0.827181
-0.865757
-0.898526
-0.923093
-0.937171
-0.956843
-0.957108
-0.988437
-0.940049
-1.04378
-0.81911
-1.24835
-0.378106
-2.04239
1.06514
-4.73554
-1.122
-1.14784
-1.17106
-1.19174
-1.20906
-1.22304
-1.23275
-1.23849
-1.23963
-1.23677
-1.22953
-1.21863
-1.20374
-1.18548
-1.16339
-1.13783
-1.10827
-1.07498
-1.03749
-0.99612
-0.950498
-0.901032
-0.847645
-0.790845
-0.730561
-0.667263
-0.600944
-0.531966
-0.46032
-0.386267
-0.309821
-0.231163
-0.150391
-0.0677517
0.0166076
0.102415
0.189348
0.277031
0.365139
0.453376
0.541385
0.628984
0.71595
0.802209
0.887553
0.971971
1.05517
1.137
1.21703
1.29486
1.37009
1.44219
1.51093
1.57587
1.63719
1.69455
1.74841
1.79854
1.84539
1.8885
1.9283
1.96438
1.99744
2.02702
2.0539
2.07808
2.10015
2.11581
2.12897
2.14176
2.1546
2.16703
2.17751
2.18982
2.21169
2.18171
2.27652
2.72151
0.902734
7.70675
0.969341
0.975934
0.984824
0.997097
1.00787
1.01606
1.02458
1.0353
1.04753
1.05974
1.07148
1.08342
1.09633
1.11038
1.12536
1.14102
1.15761
1.17541
1.19476
1.21556
1.23772
1.26076
1.28455
1.30857
1.33296
1.3577
1.38411
1.41421
1.45211
1.50215
1.56784
1.64603
1.72533
1.78546
1.80388
1.75993
1.64018
1.43926
1.16367
0.832016
0.47643
0.13678
-0.14662
-0.346114
-0.455389
-0.493837
-0.49432
-0.48504
-0.475997
-0.464366
-0.445178
-0.419083
-0.390211
-0.362978
-0.339035
-0.318728
-0.301567
-0.28781
-0.277467
-0.270764
-0.267217
-0.266409
-0.267655
-0.27049
-0.274283
-0.27901
-0.284056
-0.290386
-0.29021
-0.294992
-0.286993
-0.304102
-0.265718
-0.33829
-0.185712
-0.465776
0.0745401
-0.878598
0.875039
-2.05113
0.963723
0.957515
0.949586
0.940161
0.928939
0.916235
0.902028
0.886773
0.870739
0.854423
0.837922
0.82148
0.804992
0.788533
0.771826
0.754891
0.737517
0.719912
0.701999
0.684043
0.666193
0.648822
0.631893
0.615721
0.600219
0.585618
0.571718
0.558752
0.546415
0.534997
0.524284
0.5146
0.505707
0.497912
0.49105
0.485367
0.48063
0.476953
0.474158
0.472302
0.471278
0.471129
0.471973
0.473828
0.476955
0.481318
0.487229
0.494382
0.502994
0.512421
0.522812
0.533227
0.543964
0.553954
0.563812
0.572488
0.58096
0.588272
0.595446
0.601489
0.607345
0.612172
0.616803
0.620684
0.624743
0.628789
0.63321
0.639912
0.641547
0.640543
0.637178
0.633329
0.630582
0.63736
0.664211
0.670428
0.747568
0.98113
0.0219309
3.22625
)
;

boundaryField
{
    inlet
    {
        type            freestreamPressure;
        freestreamValue uniform 0;
        supersonic      false;
        value           nonuniform List<scalar> 
134
(
2.00911
0.344118
-1.39579
-2.90829
-4.00396
-4.67891
-4.80606
-4.3752
-3.39867
-1.59611
-0.293736
-0.47111
-0.788235
-1.09015
-1.39724
-1.71974
-2.06037
-2.42086
-2.80603
-3.22481
3.63283
-3.68935
-4.20617
-4.75136
-5.26435
-5.63595
-5.8172
-6.13495
-6.14276
-6.26275
-7.4786
-6.87818
-6.90317
-7.03473
-7.13306
-7.18139
-7.22635
-7.34391
-7.64382
-8.00609
5.15986
6.72945
8.05342
8.77178
8.61818
7.13343
3.84032
-8.83474
-8.65426
-8.36068
-8.16732
-8.02468
-7.86635
-7.68652
-7.50103
-7.3149
-7.12649
-6.93281
-6.73411
-6.53012
-6.32032
-6.10232
-5.87289
-5.62553
-5.35421
-5.05005
-4.8517
-4.6644
-4.44079
-4.18091
-3.88086
-3.49888
-2.98638
-2.08652
-0.903199
1.32943
2.94115
4.71979
6.47064
8.16872
9.77621
11.1384
12.1779
12.9203
13.3905
13.6532
13.7804
13.8344
13.8658
13.948
14.1993
14.6651
15.1726
15.5879
15.9277
16.2216
16.475
16.6787
16.8281
16.9261
16.9819
17.0169
17.0746
17.2653
17.7563
18.8237
19.2784
18.8292
18.3101
17.9772
17.705
17.3955
17.0563
16.7125
16.3671
16.0129
15.6461
15.265
14.8676
14.4493
14.0035
13.5214
12.9866
12.3872
11.6525
11.1794
10.7164
10.1316
9.43646
8.62899
7.62901
6.34759
4.3544
1.8243
)
;
    }
    outlet
    {
        type            freestreamPressure;
        freestreamValue uniform 0;
        supersonic      false;
        value           nonuniform List<scalar> 
160
(
0.00284561
0.00283518
0.00286257
0.00282256
0.00288439
0.00280393
0.00291516
0.00278017
0.00294137
0.00275031
0.00296063
0.00271524
0.00298108
0.00267498
0.00300757
0.00263093
0.00303795
0.002584
0.00306808
0.00253581
0.00309692
0.00248677
0.00312641
0.0024377
0.00315858
0.00238837
0.0031938
0.00233903
0.00323145
0.00228891
0.00327093
0.00223806
0.00331291
0.00218589
0.00335807
0.00213303
0.00340735
0.00207929
0.0034603
0.00202551
0.00351664
0.00197214
0.00357505
0.00192036
0.0036352
0.00187008
0.00369566
0.00182225
0.00375682
0.00177662
0.00381827
0.00173389
0.00388307
0.00169343
0.0039557
0.00165594
0.00404657
0.00162049
0.00416773
0.00158794
0.0043308
0.00155762
0.00453149
0.00153053
0.00474438
0.00150591
0.00491888
0.0014847
0.00499429
0.00146637
0.00490925
0.00145168
0.00461681
0.0014399
0.00409
0.00143138
0.00333652
0.00142558
0.00240355
0.00142266
0.00138424
0.0014223
0.000400084
0.00142464
-0.000424144
0.00143005
-0.00100286
0.00143861
-0.00131697
0.00145113
-0.00142508
0.00146754
-0.00142484
0.00148884
-0.0013986
0.00151413
-0.00137464
0.00154414
-0.00134375
0.00157695
-0.00129077
0.0016131
-0.00121734
0.00164975
-0.00113555
0.00168789
-0.00105838
0.00172425
-0.000990696
0.0017608
-0.000933493
0.0017943
-0.000885364
0.00182788
-0.000847101
0.00185857
-0.000818823
0.00188965
-0.000801283
0.00191803
-0.000793153
0.00194677
-0.000793284
0.00197324
-0.000799734
0.00200017
-0.000811186
0.00202584
-0.000825844
0.00205334
-0.000843673
0.00208217
-0.000862938
0.00211377
-0.000885913
0.0021519
-0.000889082
0.00217191
-0.000907363
0.00218487
-0.000887998
0.00219168
-0.000944297
0.00219887
-0.000833405
0.00221225
-0.00106001
0.00226187
-0.000595058
0.00238746
-0.00146271
0.00244784
0.000248341
0.00277129
-0.00268827
0.00370467
0.00321091
8.72171e-05
-0.00554553
0.0118697
)
;
    }
    walls
    {
        type            zeroGradient;
    }
    frontAndBack
    {
        type            empty;
    }
}


// ************************************************************************* //
