/*--------------------------------*- C++ -*----------------------------------*\
  =========                 |
  \\      /  F ield         | OpenFOAM: The Open Source CFD Toolbox
   \\    /   O peration     | Website:  https://openfoam.org
    \\  /    A nd           | Version:  12
     \\/     M anipulation  |
\*---------------------------------------------------------------------------*/
FoamFile
{
    format      ascii;
    class       volScalarField;
    location    "250";
    object      nuTilda;
}
// * * * * * * * * * * * * * * * * * * * * * * * * * * * * * * * * * * * * * //

dimensions      [0 2 -1 0 0 0 0];

internalField   nonuniform List<scalar> 
10720
(
0.10882
0.114169
0.120232
0.127278
0.13532
0.144649
0.155531
0.167935
0.18202
0.197525
0.213883
0.230422
0.245934
0.259373
0.27002
0.277486
0.281774
0.283191
0.282149
0.279103
0.274359
0.268133
0.260639
0.252202
0.243502
0.235234
0.227465
0.219841
0.212092
0.204122
0.195885
0.18726
0.178227
0.168767
0.158013
0.147326
0.136634
0.12716
0.0933579
0.1038
0.098624
0.092893
0.0862931
0.0785117
0.0688386
0.0567319
0.0455558
0.043662
0.0533602
0.062703
0.0707177
0.0783009
0.0860544
0.0941386
0.102429
0.110609
0.118377
0.125518
0.131998
0.137879
0.143303
0.148407
0.153274
0.157668
0.161266
0.164052
0.166121
0.167562
0.168405
0.168702
0.168509
0.167832
0.166666
0.164968
0.162756
0.159522
0.155818
0.14367
0.111118
0.110704
0.110072
0.109247
0.10837
0.10743
0.106407
0.10614
0.106902
0.108496
0.110886
0.114125
0.118498
0.124187
0.131261
0.139685
0.149369
0.159975
0.171243
0.18272
0.194141
0.204935
0.214635
0.222538
0.228024
0.230909
0.23136
0.229669
0.226257
0.221579
0.216045
0.209963
0.203564
0.197039
0.190544
0.184503
0.178662
0.17343
0.166901
0.11153
0.1117
0.111986
0.111889
0.111604
0.111066
0.110096
0.108435
0.105851
0.102276
0.0983125
0.0943187
0.0904034
0.0866131
0.0831183
0.0800073
0.0773605
0.0752247
0.0736126
0.0724997
0.07185
0.0716266
0.0717867
0.0723196
0.0732049
0.0743448
0.0756181
0.0769031
0.0781317
0.0794269
0.0820311
0.0863448
0.0914662
0.0964634
0.100828
0.10461
0.107699
0.112764
0.117163
0.127976
0.127877
0.127631
0.127239
0.126785
0.12619
0.12544
0.124644
0.124145
0.123835
0.123606
0.123406
0.123261
0.123231
0.123402
0.123702
0.124295
0.125408
0.1273
0.130105
0.133803
0.136333
0.139535
0.143101
0.15162
0.162511
0.173931
0.184662
0.194082
0.201813
0.207712
0.211848
0.214452
0.215822
0.216267
0.216031
0.215524
0.213207
0.213594
0.128081
0.128019
0.128008
0.127797
0.127461
0.126961
0.126248
0.1253
0.124119
0.122679
0.120935
0.118912
0.116641
0.114116
0.111407
0.108542
0.105576
0.102549
0.0995156
0.0964962
0.0935261
0.090614
0.0877674
0.0849288
0.0820691
0.0792585
0.0765481
0.0739862
0.0716169
0.0694461
0.0677397
0.0676694
0.0691145
0.0717627
0.075266
0.0794644
0.0841238
0.0891705
0.0972848
0.132668
0.132596
0.132461
0.132257
0.132011
0.131696
0.131309
0.13086
0.13033
0.129717
0.12918
0.128786
0.128475
0.128195
0.127937
0.127649
0.127223
0.126268
0.124715
0.122998
0.121428
0.119992
0.119458
0.119934
0.121465
0.123085
0.125886
0.130283
0.13964
0.151415
0.164125
0.176884
0.189048
0.200212
0.210255
0.219234
0.227641
0.234214
0.240896
0.132719
0.132713
0.132706
0.132611
0.132456
0.132212
0.131857
0.131371
0.130743
0.129967
0.129035
0.127954
0.126721
0.125321
0.123768
0.122064
0.120219
0.118248
0.116172
0.113998
0.111746
0.10942
0.107019
0.104468
0.101706
0.0987681
0.0956781
0.0924692
0.0891753
0.085832
0.0824749
0.0791941
0.0761532
0.0735392
0.0715059
0.0716716
0.0735183
0.0762013
0.0832095
0.13508
0.135035
0.134945
0.134816
0.134663
0.134463
0.134219
0.133935
0.133601
0.133218
0.132784
0.132294
0.131748
0.131249
0.130847
0.130508
0.13014
0.129626
0.128785
0.127531
0.125927
0.12407
0.122359
0.121069
0.120211
0.119629
0.119359
0.119464
0.120773
0.122494
0.125915
0.134863
0.147317
0.16213
0.178453
0.195706
0.213676
0.232529
0.250761
0.135114
0.135105
0.1351
0.135036
0.134938
0.134779
0.134549
0.134242
0.133857
0.13339
0.132831
0.132185
0.131448
0.13061
0.129678
0.128644
0.127511
0.126279
0.124954
0.123535
0.122026
0.120424
0.118718
0.11685
0.114763
0.112466
0.109959
0.107247
0.10434
0.101253
0.0980059
0.094615
0.0911028
0.087516
0.083887
0.0804199
0.0774564
0.0748751
0.0765086
0.136431
0.136399
0.136341
0.136255
0.136149
0.136012
0.135845
0.135651
0.135422
0.135159
0.13486
0.134521
0.134138
0.133707
0.133223
0.132686
0.132088
0.131429
0.130696
0.129864
0.128885
0.12771
0.126314
0.124751
0.123136
0.121543
0.120016
0.119173
0.118747
0.118531
0.118531
0.119845
0.121937
0.129077
0.141465
0.158961
0.181236
0.210282
0.243458
0.13645
0.136444
0.136439
0.136395
0.136331
0.136222
0.136063
0.135853
0.135594
0.135284
0.134916
0.134494
0.134015
0.133473
0.13287
0.1322
0.131464
0.130659
0.129787
0.128844
0.12783
0.126738
0.125557
0.124245
0.122757
0.121087
0.119225
0.117163
0.114894
0.112415
0.109723
0.106821
0.10371
0.100392
0.0968733
0.0930985
0.0891295
0.0844191
0.0789268
0.137292
0.13727
0.137228
0.137166
0.13709
0.136991
0.136871
0.136732
0.136568
0.13638
0.136167
0.135924
0.135651
0.135342
0.134993
0.1346
0.134154
0.133644
0.133051
0.132367
0.131579
0.130676
0.129633
0.128424
0.12706
0.125564
0.123921
0.122266
0.120643
0.119324
0.118583
0.118223
0.117931
0.118925
0.120979
0.129438
0.145831
0.17564
0.220988
0.137304
0.137297
0.137291
0.137257
0.137213
0.137134
0.137016
0.136863
0.136677
0.136456
0.136198
0.135905
0.135574
0.135201
0.134788
0.134329
0.133825
0.133273
0.132673
0.132021
0.131316
0.130552
0.129719
0.128788
0.127724
0.12652
0.125163
0.12364
0.121938
0.120042
0.117941
0.115624
0.11308
0.110297
0.107263
0.103919
0.100169
0.0958148
0.0873683
0.137881
0.137865
0.137834
0.137788
0.13773
0.137656
0.137566
0.13746
0.137337
0.137196
0.137035
0.136853
0.136647
0.136415
0.136151
0.135852
0.135513
0.135126
0.13468
0.134165
0.133564
0.132873
0.132079
0.131171
0.130148
0.128999
0.127697
0.126227
0.124588
0.122837
0.121144
0.119502
0.118531
0.118059
0.117656
0.119014
0.123167
0.141989
0.189373
0.137888
0.137881
0.137873
0.137846
0.137813
0.137754
0.137663
0.137546
0.137406
0.137242
0.137052
0.136837
0.136598
0.13633
0.136034
0.135707
0.135346
0.134951
0.134522
0.134054
0.133546
0.132993
0.132387
0.131707
0.130929
0.130045
0.129044
0.127915
0.126642
0.125211
0.123606
0.12181
0.119806
0.117574
0.115086
0.112298
0.109033
0.105449
0.0970388
0.138307
0.138294
0.138271
0.138235
0.13819
0.138132
0.138061
0.13798
0.137884
0.137775
0.137653
0.137513
0.137356
0.137179
0.136979
0.136752
0.136494
0.136201
0.135864
0.135476
0.135024
0.134499
0.133892
0.133197
0.132417
0.131543
0.130554
0.129423
0.128124
0.12663
0.124954
0.123091
0.121256
0.119507
0.118435
0.117861
0.117809
0.121129
0.158124
0.138311
0.138303
0.138294
0.138271
0.138246
0.138199
0.138127
0.138034
0.137925
0.137798
0.137653
0.137491
0.137311
0.137111
0.136891
0.13665
0.136384
0.136093
0.135776
0.135429
0.135052
0.13464
0.134188
0.133678
0.133095
0.132431
0.131679
0.130827
0.129863
0.128775
0.127546
0.126161
0.124601
0.122843
0.120855
0.118598
0.115871
0.11296
0.105627
0.138627
0.138617
0.138598
0.138569
0.138533
0.138486
0.138429
0.138364
0.138288
0.138201
0.138104
0.137993
0.137869
0.137729
0.137571
0.137391
0.137187
0.136955
0.136689
0.136386
0.136036
0.135634
0.13517
0.134639
0.13404
0.133369
0.13261
0.131744
0.130752
0.129603
0.128265
0.126702
0.124916
0.122907
0.120918
0.119147
0.118385
0.115278
0.136067
0.138629
0.138621
0.138611
0.13859
0.13857
0.138533
0.138474
0.138399
0.138311
0.138211
0.138097
0.13797
0.13783
0.137677
0.137509
0.137325
0.137124
0.136904
0.136664
0.136402
0.136115
0.135801
0.135455
0.135064
0.134617
0.134108
0.13353
0.132875
0.132133
0.131293
0.130342
0.129266
0.128047
0.126665
0.125089
0.123285
0.121062
0.11871
0.112624
0.138876
0.138867
0.138852
0.138827
0.138797
0.138758
0.138711
0.138658
0.138596
0.138526
0.138447
0.138358
0.138258
0.138147
0.13802
0.137878
0.137717
0.137533
0.137323
0.137083
0.136805
0.136485
0.136118
0.1357
0.13523
0.134704
0.134109
0.133432
0.132659
0.13177
0.130737
0.129525
0.128089
0.126373
0.124378
0.12205
0.120285
0.116219
0.123781
0.138877
0.138868
0.138858
0.138838
0.138821
0.138791
0.138742
0.138679
0.138608
0.138526
0.138434
0.138333
0.138222
0.138101
0.13797
0.137827
0.137671
0.137501
0.137316
0.137113
0.136891
0.136648
0.136378
0.136073
0.135723
0.135325
0.134873
0.134361
0.133781
0.133122
0.132376
0.13153
0.130568
0.129475
0.128221
0.12678
0.124984
0.123091
0.11815
0.139073
0.139066
0.139052
0.139031
0.139006
0.138973
0.138933
0.138888
0.138837
0.138779
0.138713
0.13864
0.138559
0.138467
0.138364
0.138248
0.138117
0.137968
0.137798
0.137603
0.13738
0.137125
0.136831
0.136497
0.136123
0.135703
0.135229
0.13469
0.134075
0.133369
0.132555
0.131607
0.130489
0.129142
0.127511
0.125389
0.123181
0.119453
0.11987
0.139074
0.139066
0.139054
0.139035
0.139021
0.138996
0.138955
0.138902
0.138842
0.138774
0.138699
0.138617
0.138527
0.13843
0.138325
0.138211
0.138088
0.137954
0.137808
0.137649
0.137474
0.137282
0.137069
0.136827
0.13655
0.136234
0.135875
0.135468
0.135007
0.134484
0.13389
0.133216
0.132449
0.131576
0.130571
0.129414
0.127961
0.126435
0.122467
0.139234
0.139227
0.139215
0.139196
0.139174
0.139145
0.139111
0.139073
0.139029
0.13898
0.138926
0.138865
0.138797
0.138721
0.138636
0.138541
0.138432
0.13831
0.138171
0.138012
0.137829
0.137621
0.137382
0.137112
0.136809
0.13647
0.136086
0.135651
0.135154
0.134584
0.133928
0.133167
0.132278
0.131217
0.129938
0.128254
0.126213
0.122837
0.120167
0.139235
0.139226
0.139215
0.139196
0.139184
0.139162
0.139126
0.139081
0.139031
0.138974
0.138911
0.138842
0.138769
0.138689
0.138604
0.138513
0.138414
0.138307
0.13819
0.138063
0.137923
0.13777
0.137598
0.137404
0.137182
0.136928
0.136639
0.136312
0.13594
0.135519
0.135041
0.134498
0.13388
0.133175
0.132362
0.131425
0.130246
0.129008
0.125833
0.139366
0.139359
0.139348
0.139332
0.139312
0.139286
0.139257
0.139224
0.139186
0.139144
0.139098
0.139047
0.13899
0.138926
0.138855
0.138775
0.138685
0.138583
0.138467
0.138335
0.138184
0.138012
0.137816
0.137594
0.137346
0.137069
0.136755
0.1364
0.135994
0.135528
0.134992
0.134371
0.133647
0.132791
0.131767
0.130454
0.12879
0.126045
0.12225
0.139367
0.139359
0.139347
0.139329
0.139318
0.139299
0.139268
0.139229
0.139185
0.139137
0.139084
0.139026
0.138965
0.138899
0.138829
0.138754
0.138673
0.138586
0.138492
0.138389
0.138276
0.138152
0.138013
0.137855
0.137674
0.137468
0.137234
0.136967
0.136664
0.136321
0.135932
0.13549
0.134987
0.134412
0.133749
0.132984
0.13202
0.131008
0.128466
0.139476
0.13947
0.139459
0.139444
0.139426
0.139403
0.139377
0.139348
0.139316
0.13928
0.13924
0.139197
0.139148
0.139094
0.139034
0.138966
0.13889
0.138805
0.138707
0.138597
0.138471
0.138327
0.138164
0.13798
0.137775
0.137546
0.137287
0.136993
0.136658
0.136274
0.135833
0.135321
0.134724
0.134019
0.133179
0.132127
0.13079
0.128737
0.124789
0.139478
0.139471
0.139458
0.13944
0.13943
0.139413
0.139386
0.139352
0.139314
0.139272
0.139227
0.139178
0.139126
0.139071
0.139012
0.13895
0.138884
0.138812
0.138735
0.138651
0.138559
0.138457
0.138343
0.138213
0.138065
0.137896
0.137703
0.137485
0.137236
0.136954
0.136634
0.13627
0.135857
0.135384
0.134839
0.134209
0.133416
0.132582
0.13054
0.139569
0.139563
0.139553
0.139539
0.139522
0.139502
0.139478
0.139453
0.139425
0.139394
0.13936
0.139322
0.13928
0.139234
0.139183
0.139125
0.139061
0.138988
0.138905
0.138812
0.138705
0.138584
0.138447
0.138293
0.138122
0.137931
0.137715
0.13747
0.137192
0.136873
0.136506
0.13608
0.135585
0.134999
0.134301
0.133436
0.132328
0.130833
0.127252
0.139571
0.139565
0.139553
0.139535
0.139525
0.13951
0.139486
0.139456
0.139423
0.139387
0.139347
0.139305
0.139261
0.139214
0.139165
0.139113
0.139057
0.138998
0.138934
0.138864
0.138788
0.138704
0.13861
0.138502
0.13838
0.138239
0.13808
0.137899
0.137694
0.13746
0.137195
0.136893
0.13655
0.136158
0.135706
0.135184
0.134527
0.133835
0.132186
0.139649
0.139643
0.139633
0.139619
0.139604
0.139585
0.139565
0.139542
0.139518
0.139491
0.139461
0.139428
0.139392
0.139353
0.139308
0.139259
0.139203
0.139141
0.13907
0.138991
0.1389
0.138797
0.138681
0.138551
0.138407
0.138246
0.138065
0.137859
0.137626
0.137358
0.137051
0.136695
0.136281
0.135792
0.135207
0.134489
0.133548
0.132421
0.129425
0.139652
0.139646
0.139634
0.139616
0.139607
0.139593
0.139572
0.139545
0.139516
0.139484
0.139449
0.139413
0.139375
0.139334
0.139292
0.139248
0.139202
0.139152
0.139099
0.139041
0.138977
0.138907
0.138828
0.138739
0.138636
0.138519
0.138387
0.138236
0.138064
0.13787
0.137648
0.137396
0.13711
0.136782
0.136405
0.135969
0.135422
0.134843
0.133506
0.139717
0.139711
0.139701
0.139688
0.139674
0.139657
0.139639
0.139619
0.139597
0.139574
0.139548
0.139519
0.139488
0.139454
0.139415
0.139372
0.139324
0.139271
0.13921
0.139141
0.139064
0.138976
0.138877
0.138766
0.138644
0.138508
0.138354
0.13818
0.137983
0.137757
0.137498
0.137199
0.13685
0.136439
0.135947
0.135347
0.134546
0.133642
0.131254
0.139721
0.139716
0.139704
0.139687
0.139677
0.139665
0.139646
0.139622
0.139596
0.139568
0.139537
0.139505
0.139472
0.139437
0.139401
0.139363
0.139324
0.139282
0.139237
0.139188
0.139135
0.139076
0.13901
0.138934
0.138848
0.13875
0.138638
0.138512
0.138368
0.138205
0.138019
0.137807
0.137566
0.137291
0.136974
0.136608
0.136149
0.135663
0.134572
0.139777
0.13977
0.13976
0.139748
0.139735
0.139719
0.139703
0.139686
0.139666
0.139646
0.139623
0.139598
0.139571
0.139541
0.139507
0.13947
0.139428
0.139382
0.139329
0.13927
0.139203
0.139127
0.139042
0.138947
0.138843
0.138727
0.138596
0.138448
0.13828
0.138089
0.137869
0.137615
0.13732
0.136972
0.136556
0.136052
0.135375
0.134609
0.132757
0.139781
0.139777
0.139765
0.139748
0.139739
0.139727
0.13971
0.139689
0.139666
0.13964
0.139613
0.139585
0.139556
0.139525
0.139494
0.139462
0.139428
0.139392
0.139354
0.139312
0.139267
0.139217
0.139162
0.139098
0.139025
0.138942
0.138848
0.138741
0.138619
0.138482
0.138325
0.138146
0.137943
0.13771
0.137442
0.137132
0.136746
0.136336
0.135441
0.139829
0.139822
0.139811
0.1398
0.139788
0.139774
0.13976
0.139744
0.139727
0.139709
0.139689
0.139667
0.139643
0.139617
0.139588
0.139555
0.139519
0.139478
0.139433
0.139381
0.139323
0.139257
0.139184
0.139102
0.139012
0.138912
0.1388
0.138674
0.13853
0.138366
0.138179
0.137963
0.137711
0.137416
0.137063
0.136635
0.136066
0.135402
0.133964
0.139833
0.13983
0.139819
0.139802
0.139793
0.139782
0.139767
0.139748
0.139726
0.139704
0.139679
0.139654
0.139628
0.139602
0.139574
0.139546
0.139517
0.139486
0.139453
0.139418
0.13938
0.139337
0.13929
0.139236
0.139173
0.139103
0.139023
0.138932
0.138829
0.138712
0.138579
0.138428
0.138255
0.138058
0.13783
0.137567
0.13724
0.136892
0.136155
0.139875
0.139867
0.139856
0.139846
0.139835
0.139822
0.139809
0.139795
0.13978
0.139764
0.139747
0.139728
0.139707
0.139684
0.139659
0.13963
0.139599
0.139563
0.139523
0.139478
0.139428
0.139371
0.139307
0.139236
0.139158
0.139072
0.138975
0.138866
0.138742
0.138602
0.138441
0.138255
0.13804
0.137788
0.137487
0.137122
0.136645
0.136066
0.134933
0.139879
0.139877
0.139866
0.139849
0.13984
0.13983
0.139816
0.139799
0.13978
0.139759
0.139737
0.139715
0.139692
0.139668
0.139644
0.13962
0.139594
0.139568
0.139539
0.139509
0.139476
0.13944
0.139399
0.139353
0.139299
0.139239
0.139171
0.139093
0.139006
0.138906
0.138793
0.138664
0.138517
0.138349
0.138154
0.13793
0.137653
0.137356
0.136746
0.139915
0.139907
0.139896
0.139886
0.139876
0.139865
0.139853
0.139841
0.139828
0.139814
0.139799
0.139782
0.139764
0.139744
0.139722
0.139698
0.13967
0.139639
0.139604
0.139564
0.13952
0.13947
0.139414
0.139352
0.139285
0.13921
0.139126
0.139031
0.138924
0.138803
0.138664
0.138504
0.138319
0.138102
0.137845
0.137532
0.137131
0.136628
0.135721
0.13992
0.139918
0.139908
0.139891
0.139882
0.139873
0.13986
0.139845
0.139827
0.139809
0.139789
0.139768
0.139747
0.139726
0.139705
0.139684
0.139662
0.139638
0.139614
0.139588
0.139559
0.139528
0.139493
0.139453
0.139407
0.139355
0.139297
0.13923
0.139155
0.13907
0.138973
0.138863
0.138738
0.138594
0.138428
0.138236
0.137999
0.137745
0.137238
0.13995
0.139942
0.139932
0.139923
0.139913
0.139903
0.139893
0.139882
0.139871
0.139859
0.139846
0.139832
0.139816
0.139799
0.13978
0.139758
0.139734
0.139706
0.139676
0.139641
0.139602
0.139558
0.139509
0.139455
0.139396
0.13933
0.139257
0.139175
0.139082
0.138976
0.138856
0.138718
0.138558
0.138371
0.138149
0.137879
0.137547
0.13711
0.136373
0.139956
0.139955
0.139946
0.139929
0.13992
0.139911
0.1399
0.139885
0.139869
0.139852
0.139834
0.139815
0.139796
0.139778
0.139759
0.13974
0.13972
0.1397
0.139679
0.139656
0.139631
0.139604
0.139574
0.139539
0.1395
0.139455
0.139405
0.139348
0.139283
0.13921
0.139127
0.139033
0.138925
0.138802
0.138659
0.138494
0.138291
0.138073
0.13765
0.139982
0.139973
0.139964
0.139955
0.139947
0.139937
0.139928
0.139919
0.13991
0.1399
0.139889
0.139877
0.139864
0.139849
0.139832
0.139813
0.139791
0.139767
0.13974
0.139709
0.139674
0.139636
0.139593
0.139545
0.139493
0.139436
0.139372
0.1393
0.139219
0.139127
0.139022
0.138902
0.138763
0.138601
0.13841
0.138174
0.137906
0.137527
0.136921
0.139988
0.139988
0.139979
0.139962
0.139953
0.139945
0.139935
0.139922
0.139907
0.139891
0.139874
0.139857
0.13984
0.139823
0.139806
0.139789
0.139772
0.139754
0.139735
0.139715
0.139694
0.13967
0.139644
0.139614
0.13958
0.139542
0.139498
0.139449
0.139393
0.13933
0.139259
0.139178
0.139085
0.138979
0.138857
0.138714
0.13854
0.138352
0.137998
0.14001
0.140001
0.139992
0.139984
0.139976
0.139968
0.139961
0.139954
0.139946
0.139938
0.139929
0.139919
0.139907
0.139894
0.139879
0.139862
0.139843
0.139821
0.139797
0.13977
0.139739
0.139705
0.139667
0.139625
0.13958
0.13953
0.139474
0.139411
0.13934
0.139259
0.139168
0.139063
0.138942
0.138801
0.138636
0.138428
0.138214
0.137889
0.137387
0.140017
0.140018
0.140009
0.139992
0.139983
0.139976
0.139966
0.139954
0.13994
0.139925
0.13991
0.139894
0.139878
0.139863
0.139848
0.139833
0.139818
0.139802
0.139785
0.139768
0.139749
0.139729
0.139706
0.13968
0.13965
0.139617
0.139579
0.139537
0.139489
0.139434
0.139373
0.139303
0.139223
0.139131
0.139026
0.138903
0.138753
0.13859
0.138293
0.140035
0.140027
0.140018
0.14001
0.140003
0.139997
0.139991
0.139986
0.13998
0.139973
0.139965
0.139956
0.139946
0.139934
0.139921
0.139906
0.139889
0.13987
0.139849
0.139825
0.139797
0.139767
0.139733
0.139696
0.139656
0.139612
0.139563
0.139508
0.139446
0.139375
0.139295
0.139203
0.139098
0.138975
0.138833
0.138653
0.138478
0.1382
0.137785
0.140042
0.140045
0.140036
0.140019
0.14001
0.140004
0.139995
0.139983
0.13997
0.139956
0.139941
0.139927
0.139913
0.139899
0.139885
0.139872
0.139858
0.139844
0.13983
0.139815
0.139798
0.13978
0.139761
0.139738
0.139712
0.139683
0.13965
0.139613
0.139572
0.139525
0.139472
0.139411
0.139342
0.139263
0.139172
0.139066
0.138936
0.138795
0.138545
0.140058
0.140049
0.140041
0.140034
0.140028
0.140023
0.140019
0.140016
0.140011
0.140006
0.139999
0.139991
0.139982
0.139972
0.13996
0.139947
0.139932
0.139915
0.139896
0.139874
0.13985
0.139823
0.139793
0.13976
0.139725
0.139686
0.139643
0.139594
0.139539
0.139477
0.139407
0.139327
0.139234
0.139127
0.139008
0.138857
0.138712
0.13847
0.138126
0.140065
0.140069
0.140061
0.140043
0.140035
0.140029
0.14002
0.140009
0.139997
0.139984
0.13997
0.139956
0.139943
0.139931
0.139918
0.139906
0.139894
0.139882
0.139869
0.139856
0.139842
0.139826
0.139809
0.139789
0.139767
0.139741
0.139713
0.139681
0.139645
0.139604
0.139558
0.139505
0.139445
0.139377
0.139298
0.139206
0.139094
0.138971
0.13876
0.140078
0.14007
0.140062
0.140056
0.140051
0.140048
0.140046
0.140043
0.14004
0.140035
0.14003
0.140023
0.140015
0.140006
0.139996
0.139984
0.139971
0.139956
0.139939
0.13992
0.139898
0.139874
0.139847
0.139818
0.139787
0.139752
0.139714
0.139671
0.139622
0.139568
0.139506
0.139435
0.139355
0.139263
0.139165
0.139042
0.138919
0.138709
0.13842
0.140086
0.14009
0.140083
0.140065
0.140057
0.140051
0.140044
0.140033
0.140021
0.140008
0.139995
0.139983
0.139971
0.139959
0.139948
0.139938
0.139927
0.139916
0.139905
0.139894
0.139881
0.139867
0.139852
0.139835
0.139815
0.139793
0.139768
0.13974
0.139709
0.139673
0.139633
0.139588
0.139536
0.139476
0.139408
0.139328
0.139231
0.139124
0.138946
0.140096
0.140089
0.140081
0.140076
0.140073
0.140072
0.140071
0.140069
0.140066
0.140063
0.140058
0.140052
0.140045
0.140038
0.140029
0.140018
0.140007
0.139993
0.139978
0.139961
0.139942
0.139921
0.139897
0.139871
0.139843
0.139812
0.139778
0.13974
0.139697
0.139649
0.139594
0.139532
0.139463
0.139386
0.139306
0.139205
0.139103
0.138922
0.138677
0.140104
0.14011
0.140103
0.140085
0.140077
0.140072
0.140064
0.140054
0.140042
0.14003
0.140018
0.140006
0.139996
0.139985
0.139976
0.139966
0.139957
0.139947
0.139937
0.139927
0.139916
0.139904
0.139891
0.139876
0.139859
0.139839
0.139817
0.139793
0.139765
0.139734
0.139699
0.13966
0.139615
0.139563
0.139503
0.139434
0.139351
0.139257
0.139106
0.140113
0.140106
0.140098
0.140094
0.140093
0.140094
0.140094
0.140093
0.140091
0.140088
0.140084
0.140079
0.140074
0.140067
0.14006
0.140051
0.14004
0.140028
0.140015
0.14
0.139982
0.139963
0.139942
0.139919
0.139894
0.139867
0.139837
0.139803
0.139765
0.139722
0.139673
0.139619
0.139561
0.139498
0.139431
0.139348
0.139263
0.139111
0.138904
0.140121
0.140128
0.140121
0.140103
0.140095
0.140091
0.140083
0.140073
0.140061
0.14005
0.140038
0.140028
0.140018
0.140009
0.14
0.139992
0.139984
0.139975
0.139967
0.139958
0.139948
0.139938
0.139926
0.139913
0.139897
0.13988
0.139861
0.13984
0.139816
0.139788
0.139758
0.139723
0.139684
0.139639
0.139587
0.139527
0.139455
0.139372
0.139245
0.140128
0.140121
0.140114
0.140112
0.140113
0.140115
0.140115
0.140115
0.140114
0.140112
0.140109
0.140105
0.140101
0.140095
0.140088
0.14008
0.140071
0.140061
0.140049
0.140035
0.14002
0.140002
0.139983
0.139963
0.139941
0.139917
0.13989
0.139859
0.139826
0.139787
0.139745
0.139698
0.13965
0.139598
0.139543
0.139474
0.139402
0.139276
0.139103
0.140136
0.140144
0.140137
0.140119
0.140112
0.140108
0.1401
0.14009
0.140079
0.140067
0.140057
0.140048
0.140039
0.140031
0.140023
0.140016
0.140008
0.140001
0.139993
0.139985
0.139977
0.139968
0.139957
0.139946
0.139932
0.139917
0.1399
0.139881
0.13986
0.139837
0.13981
0.13978
0.139746
0.139707
0.139662
0.13961
0.139547
0.139474
0.139366
0.140142
0.140135
0.140129
0.140129
0.140132
0.140134
0.140135
0.140135
0.140135
0.140134
0.140132
0.14013
0.140126
0.140121
0.140115
0.140108
0.1401
0.14009
0.14008
0.140067
0.140053
0.140038
0.140021
0.140003
0.139983
0.139961
0.139937
0.139911
0.139881
0.139847
0.13981
0.139771
0.139732
0.139689
0.139642
0.139584
0.139523
0.139419
0.139277
0.140149
0.140158
0.140152
0.140134
0.140127
0.140123
0.140116
0.140105
0.140094
0.140084
0.140074
0.140066
0.140058
0.140051
0.140044
0.140038
0.140031
0.140024
0.140018
0.140011
0.140003
0.139995
0.139986
0.139976
0.139964
0.139951
0.139937
0.139921
0.139903
0.139883
0.13986
0.139834
0.139805
0.139771
0.139731
0.139685
0.13963
0.139567
0.139473
0.140155
0.140148
0.140142
0.140146
0.14015
0.140152
0.140154
0.140155
0.140156
0.140156
0.140154
0.140152
0.140149
0.140145
0.14014
0.140133
0.140126
0.140118
0.140108
0.140097
0.140085
0.140071
0.140056
0.140039
0.140022
0.140003
0.139981
0.139957
0.13993
0.139901
0.13987
0.139839
0.139806
0.13977
0.13973
0.139681
0.139629
0.139542
0.139427
0.140161
0.140171
0.140166
0.140147
0.140141
0.140138
0.140129
0.140118
0.140108
0.140098
0.14009
0.140083
0.140076
0.14007
0.140063
0.140058
0.140052
0.140046
0.14004
0.140034
0.140027
0.14002
0.140012
0.140004
0.139995
0.139985
0.139973
0.139961
0.139946
0.13993
0.139911
0.139889
0.139863
0.139834
0.139799
0.139759
0.13971
0.139653
0.139571
0.140167
0.14016
0.140155
0.140162
0.140166
0.140167
0.140171
0.140173
0.140174
0.140175
0.140175
0.140173
0.14017
0.140167
0.140162
0.140157
0.140151
0.140144
0.140135
0.140126
0.140115
0.140102
0.140089
0.140074
0.140058
0.140041
0.140021
0.14
0.139977
0.139952
0.139928
0.139902
0.139874
0.139843
0.139809
0.139767
0.139723
0.13965
0.139556
0.140172
0.140181
0.140177
0.140159
0.140154
0.14015
0.140141
0.14013
0.140121
0.140112
0.140105
0.140098
0.140092
0.140087
0.140081
0.140076
0.140071
0.140066
0.140061
0.140055
0.14005
0.140044
0.140039
0.140034
0.140028
0.140021
0.140013
0.140004
0.139993
0.13998
0.139964
0.139946
0.139924
0.139899
0.139868
0.139832
0.139789
0.139738
0.139666
0.140177
0.14017
0.140167
0.140177
0.14018
0.140182
0.140186
0.140189
0.14019
0.140191
0.140191
0.14019
0.140189
0.140186
0.140183
0.140179
0.140174
0.140169
0.140162
0.140154
0.140145
0.140135
0.140123
0.14011
0.140096
0.14008
0.140063
0.140044
0.140024
0.140004
0.139983
0.13996
0.139936
0.139909
0.13988
0.139844
0.139806
0.139744
0.139667
0.140181
0.140188
0.140184
0.14017
0.140165
0.140161
0.140152
0.140141
0.140132
0.140125
0.140119
0.140113
0.140107
0.140102
0.140098
0.140093
0.140089
0.140085
0.140081
0.140077
0.140073
0.14007
0.140068
0.140067
0.140065
0.140061
0.140056
0.14005
0.140042
0.140032
0.14002
0.140006
0.139987
0.139965
0.139938
0.139907
0.139868
0.139821
0.139765
0.140186
0.14018
0.140179
0.140189
0.140191
0.140193
0.140197
0.140199
0.1402
0.140202
0.140202
0.140202
0.140202
0.140201
0.1402
0.140198
0.140195
0.140192
0.140188
0.140183
0.140177
0.140171
0.140163
0.140155
0.140144
0.140132
0.140117
0.140101
0.140083
0.140064
0.140043
0.140022
0.139998
0.139973
0.139945
0.139913
0.13988
0.139827
0.139764
0.140189
0.140192
0.140189
0.140178
0.140174
0.14017
0.140161
0.140151
0.140143
0.140137
0.140131
0.140126
0.140121
0.140117
0.140113
0.14011
0.140106
0.140103
0.140101
0.140099
0.140098
0.140098
0.140099
0.140099
0.140099
0.140097
0.140093
0.140089
0.140084
0.140078
0.14007
0.140059
0.140046
0.140028
0.140005
0.139977
0.139944
0.139901
0.139859
0.140193
0.140188
0.14019
0.140196
0.140198
0.1402
0.140203
0.140205
0.140207
0.140208
0.140209
0.14021
0.14021
0.14021
0.14021
0.140209
0.140208
0.140207
0.140205
0.140202
0.140199
0.140196
0.140192
0.140187
0.140181
0.140174
0.140165
0.140154
0.140141
0.140125
0.140107
0.140087
0.140064
0.140039
0.140012
0.13998
0.139949
0.139902
0.139848
0.140193
0.140195
0.140192
0.140184
0.140179
0.140175
0.140169
0.14016
0.140153
0.140148
0.140143
0.140138
0.140134
0.140131
0.140128
0.140126
0.140124
0.140123
0.140122
0.140121
0.140121
0.140122
0.140123
0.140123
0.140122
0.140121
0.140118
0.140115
0.140111
0.140107
0.140102
0.140095
0.140087
0.140075
0.140059
0.140037
0.140009
0.139971
0.13994
0.140196
0.140195
0.140196
0.1402
0.140203
0.140205
0.140207
0.140209
0.140211
0.140213
0.140214
0.140215
0.140216
0.140217
0.140217
0.140217
0.140217
0.140216
0.140215
0.140214
0.140213
0.140211
0.140209
0.140206
0.140203
0.140199
0.140194
0.140188
0.140181
0.140171
0.140159
0.140145
0.140126
0.140105
0.140079
0.140049
0.140018
0.139973
0.139925
0.140196
0.140197
0.140194
0.140187
0.140182
0.140178
0.140173
0.140167
0.140162
0.140158
0.140153
0.140149
0.140146
0.140144
0.140142
0.140141
0.14014
0.140139
0.140138
0.140138
0.140138
0.140137
0.140137
0.140137
0.140136
0.140134
0.140132
0.14013
0.140127
0.140124
0.140121
0.140117
0.140111
0.140104
0.140095
0.14008
0.140061
0.140029
0.140007
0.140198
0.140198
0.1402
0.140203
0.140206
0.140208
0.14021
0.140213
0.140215
0.140216
0.140218
0.140219
0.14022
0.140221
0.140222
0.140223
0.140223
0.140223
0.140223
0.140223
0.140222
0.140221
0.14022
0.140219
0.140217
0.140215
0.140212
0.140208
0.140204
0.140199
0.140193
0.140185
0.140173
0.140159
0.14014
0.140114
0.140086
0.140044
0.139999
0.140198
0.140198
0.140195
0.140188
0.140184
0.14018
0.140175
0.140171
0.140167
0.140163
0.14016
0.140157
0.140155
0.140153
0.140152
0.14015
0.140149
0.140148
0.140147
0.140147
0.140146
0.140145
0.140145
0.140144
0.140143
0.140142
0.14014
0.140138
0.140137
0.140134
0.140132
0.140129
0.140126
0.140121
0.140116
0.140107
0.140098
0.140073
0.140058
0.1402
0.1402
0.140202
0.140205
0.140208
0.14021
0.140213
0.140215
0.140217
0.140219
0.140221
0.140222
0.140224
0.140225
0.140226
0.140227
0.140228
0.140228
0.140228
0.140229
0.140229
0.140228
0.140228
0.140227
0.140226
0.140225
0.140224
0.140222
0.140219
0.140216
0.140213
0.140209
0.140203
0.140195
0.140184
0.140167
0.140147
0.140112
0.140071
0.140199
0.140198
0.140195
0.140189
0.140184
0.140181
0.140176
0.140172
0.140169
0.140166
0.140163
0.140161
0.140159
0.140157
0.140155
0.140154
0.140153
0.140152
0.140151
0.140151
0.14015
0.140149
0.140149
0.140148
0.140147
0.140146
0.140145
0.140143
0.140142
0.14014
0.140139
0.140137
0.140134
0.140132
0.140128
0.140123
0.140119
0.140101
0.140093
0.1402
0.140201
0.140203
0.140206
0.140209
0.140212
0.140214
0.140217
0.140219
0.140221
0.140223
0.140225
0.140226
0.140228
0.140229
0.14023
0.140231
0.140232
0.140233
0.140233
0.140234
0.140234
0.140234
0.140234
0.140234
0.140233
0.140232
0.140231
0.14023
0.140228
0.140226
0.140224
0.140221
0.140217
0.140212
0.140203
0.140191
0.140167
0.140136
0.140199
0.140198
0.140195
0.140189
0.140185
0.140181
0.140177
0.140173
0.14017
0.140167
0.140164
0.140162
0.14016
0.140158
0.140157
0.140156
0.140155
0.140154
0.140153
0.140152
0.140151
0.140151
0.14015
0.140149
0.140148
0.140147
0.140146
0.140145
0.140144
0.140143
0.140142
0.140141
0.140139
0.140137
0.140135
0.140132
0.14013
0.140119
0.140116
0.140201
0.140202
0.140204
0.140207
0.14021
0.140213
0.140215
0.140218
0.14022
0.140223
0.140225
0.140227
0.140228
0.14023
0.140231
0.140233
0.140234
0.140235
0.140236
0.140237
0.140238
0.140239
0.140239
0.140239
0.14024
0.14024
0.140239
0.140239
0.140238
0.140237
0.140236
0.140235
0.140233
0.140231
0.140229
0.140225
0.14022
0.140206
0.140188
0.140199
0.140198
0.140195
0.140189
0.140184
0.14018
0.140176
0.140173
0.140169
0.140166
0.140164
0.140161
0.140159
0.140158
0.140156
0.140155
0.140154
0.140153
0.140152
0.140152
0.140151
0.14015
0.14015
0.140149
0.140148
0.140147
0.140146
0.140146
0.140145
0.140144
0.140143
0.140142
0.140141
0.14014
0.140139
0.140137
0.140136
0.140129
0.140129
0.140201
0.140202
0.140204
0.140208
0.14021
0.140213
0.140216
0.140219
0.140221
0.140224
0.140226
0.140228
0.14023
0.140232
0.140233
0.140235
0.140236
0.140238
0.140239
0.14024
0.140241
0.140242
0.140243
0.140244
0.140244
0.140245
0.140245
0.140245
0.140245
0.140245
0.140244
0.140244
0.140243
0.140242
0.140241
0.140239
0.140238
0.14023
0.140223
0.140199
0.140197
0.140194
0.140188
0.140183
0.140179
0.140175
0.140172
0.140168
0.140165
0.140162
0.14016
0.140158
0.140156
0.140155
0.140154
0.140153
0.140152
0.140151
0.14015
0.140149
0.140149
0.140148
0.140147
0.140146
0.140146
0.140145
0.140144
0.140144
0.140143
0.140143
0.140142
0.140142
0.140141
0.14014
0.140139
0.140139
0.140135
0.140136
0.1402
0.140202
0.140204
0.140208
0.140211
0.140214
0.140217
0.140219
0.140222
0.140224
0.140227
0.140229
0.140231
0.140233
0.140234
0.140236
0.140238
0.140239
0.140241
0.140242
0.140244
0.140245
0.140246
0.140247
0.140248
0.140249
0.140249
0.14025
0.14025
0.14025
0.140251
0.140251
0.140251
0.14025
0.14025
0.140249
0.140249
0.140245
0.140245
0.140198
0.140197
0.140193
0.140187
0.140182
0.140178
0.140174
0.14017
0.140167
0.140163
0.14016
0.140158
0.140156
0.140154
0.140152
0.140151
0.14015
0.140149
0.140148
0.140147
0.140147
0.140146
0.140145
0.140145
0.140144
0.140143
0.140143
0.140142
0.140142
0.140141
0.140141
0.140141
0.14014
0.14014
0.14014
0.140139
0.14014
0.140137
0.14014
0.140199
0.140201
0.140204
0.140207
0.14021
0.140214
0.140217
0.14022
0.140222
0.140225
0.140227
0.140229
0.140231
0.140233
0.140235
0.140237
0.140239
0.14024
0.140242
0.140244
0.140245
0.140247
0.140248
0.14025
0.140251
0.140252
0.140253
0.140254
0.140254
0.140255
0.140256
0.140256
0.140257
0.140257
0.140258
0.140257
0.140259
0.140256
0.140259
0.140197
0.140195
0.140192
0.140186
0.140181
0.140176
0.140172
0.140168
0.140164
0.140161
0.140157
0.140155
0.140152
0.14015
0.140149
0.140148
0.140146
0.140145
0.140145
0.140144
0.140143
0.140142
0.140142
0.140141
0.140141
0.14014
0.140139
0.140139
0.140139
0.140138
0.140138
0.140138
0.140138
0.140138
0.140138
0.140138
0.140139
0.140137
0.14014
0.140198
0.140201
0.140203
0.140207
0.14021
0.140213
0.140216
0.140219
0.140222
0.140225
0.140227
0.140229
0.140232
0.140234
0.140236
0.140237
0.140239
0.140241
0.140243
0.140245
0.140247
0.140248
0.14025
0.140251
0.140253
0.140254
0.140255
0.140256
0.140258
0.140259
0.14026
0.140261
0.140262
0.140263
0.140264
0.140264
0.140266
0.140264
0.140269
0.140196
0.140194
0.14019
0.140184
0.140179
0.140174
0.14017
0.140166
0.140162
0.140158
0.140154
0.140151
0.140148
0.140146
0.140145
0.140143
0.140142
0.140141
0.14014
0.14014
0.140139
0.140138
0.140138
0.140137
0.140137
0.140136
0.140136
0.140135
0.140135
0.140135
0.140135
0.140135
0.140135
0.140135
0.140136
0.140136
0.140137
0.140136
0.140139
0.140197
0.1402
0.140202
0.140206
0.140209
0.140213
0.140216
0.140219
0.140222
0.140224
0.140227
0.140229
0.140231
0.140233
0.140235
0.140237
0.140239
0.140241
0.140243
0.140245
0.140247
0.140249
0.140251
0.140253
0.140254
0.140256
0.140257
0.140259
0.14026
0.140262
0.140263
0.140264
0.140266
0.140267
0.140269
0.14027
0.140273
0.140271
0.140277
0.140195
0.140193
0.140188
0.140182
0.140177
0.140172
0.140168
0.140163
0.140158
0.140154
0.14015
0.140147
0.140144
0.140142
0.14014
0.140139
0.140138
0.140137
0.140136
0.140135
0.140134
0.140134
0.140133
0.140133
0.140132
0.140132
0.140131
0.140131
0.140131
0.140131
0.140131
0.140131
0.140132
0.140132
0.140133
0.140133
0.140134
0.140134
0.140138
0.140196
0.140198
0.140201
0.140205
0.140209
0.140212
0.140215
0.140218
0.140221
0.140224
0.140226
0.140228
0.140231
0.140233
0.140235
0.140237
0.140239
0.140241
0.140243
0.140245
0.140247
0.140249
0.140251
0.140253
0.140255
0.140257
0.140258
0.14026
0.140262
0.140264
0.140265
0.140267
0.140269
0.140271
0.140273
0.140275
0.140278
0.140277
0.140283
0.140193
0.140191
0.140186
0.14018
0.140174
0.14017
0.140165
0.14016
0.140154
0.14015
0.140145
0.140142
0.140139
0.140137
0.140135
0.140134
0.140133
0.140132
0.140131
0.14013
0.14013
0.140129
0.140128
0.140128
0.140128
0.140127
0.140127
0.140127
0.140127
0.140127
0.140127
0.140128
0.140128
0.140129
0.140129
0.14013
0.140131
0.140131
0.140135
0.140194
0.140197
0.1402
0.140204
0.140207
0.140211
0.140214
0.140217
0.14022
0.140223
0.140225
0.140227
0.14023
0.140232
0.140234
0.140236
0.140238
0.14024
0.140242
0.140245
0.140247
0.140249
0.140251
0.140253
0.140255
0.140257
0.140259
0.140261
0.140263
0.140265
0.140267
0.140269
0.140271
0.140273
0.140276
0.140278
0.140281
0.140282
0.140289
0.140191
0.140189
0.140184
0.140178
0.140172
0.140167
0.140162
0.140156
0.14015
0.140145
0.14014
0.140137
0.140134
0.140132
0.14013
0.140128
0.140127
0.140126
0.140126
0.140125
0.140125
0.140124
0.140124
0.140123
0.140123
0.140123
0.140123
0.140123
0.140123
0.140123
0.140123
0.140124
0.140124
0.140125
0.140126
0.140127
0.140128
0.140128
0.140132
0.140192
0.140195
0.140199
0.140203
0.140206
0.140209
0.140213
0.140216
0.140219
0.140221
0.140223
0.140226
0.140228
0.14023
0.140232
0.140234
0.140237
0.140239
0.140241
0.140243
0.140246
0.140248
0.14025
0.140253
0.140255
0.140257
0.140259
0.140261
0.140263
0.140265
0.140268
0.14027
0.140272
0.140275
0.140278
0.14028
0.140284
0.140285
0.140293
0.140189
0.140187
0.140182
0.140175
0.140169
0.140164
0.140158
0.140152
0.140145
0.14014
0.140135
0.140131
0.140128
0.140126
0.140124
0.140123
0.140122
0.140121
0.14012
0.14012
0.140119
0.140119
0.140119
0.140118
0.140118
0.140118
0.140118
0.140118
0.140118
0.140118
0.140119
0.140119
0.14012
0.140121
0.140121
0.140123
0.140124
0.140125
0.140128
0.14019
0.140193
0.140197
0.140201
0.140204
0.140208
0.140211
0.140214
0.140217
0.140219
0.140222
0.140224
0.140226
0.140228
0.14023
0.140232
0.140235
0.140237
0.140239
0.140242
0.140244
0.140246
0.140249
0.140251
0.140254
0.140256
0.140258
0.14026
0.140263
0.140265
0.140268
0.14027
0.140273
0.140276
0.140279
0.140282
0.140286
0.140288
0.140296
0.140187
0.140184
0.140179
0.140172
0.140166
0.140161
0.140154
0.140147
0.14014
0.140134
0.140129
0.140125
0.140122
0.14012
0.140119
0.140117
0.140116
0.140116
0.140115
0.140114
0.140114
0.140114
0.140113
0.140113
0.140113
0.140113
0.140113
0.140113
0.140113
0.140113
0.140113
0.140114
0.140115
0.140116
0.140117
0.140118
0.140119
0.14012
0.140124
0.140188
0.140191
0.140195
0.140199
0.140203
0.140206
0.140209
0.140212
0.140215
0.140217
0.140219
0.140221
0.140223
0.140226
0.140228
0.14023
0.140232
0.140234
0.140237
0.140239
0.140242
0.140244
0.140247
0.140249
0.140252
0.140254
0.140257
0.140259
0.140262
0.140264
0.140267
0.14027
0.140273
0.140276
0.140279
0.140283
0.140287
0.140289
0.140297
0.140185
0.140182
0.140177
0.140169
0.140163
0.140157
0.14015
0.140142
0.140135
0.140128
0.140123
0.140119
0.140116
0.140114
0.140113
0.140112
0.140111
0.14011
0.140109
0.140109
0.140108
0.140108
0.140107
0.140107
0.140107
0.140107
0.140107
0.140107
0.140107
0.140107
0.140107
0.140108
0.140108
0.140109
0.14011
0.140111
0.140113
0.140114
0.140118
0.140186
0.140189
0.140193
0.140197
0.1402
0.140204
0.140207
0.14021
0.140212
0.140214
0.140216
0.140218
0.14022
0.140222
0.140225
0.140227
0.140229
0.140231
0.140234
0.140236
0.140239
0.140241
0.140244
0.140247
0.140249
0.140252
0.140254
0.140257
0.14026
0.140263
0.140266
0.140269
0.140272
0.140275
0.140279
0.140282
0.140287
0.14029
0.140298
0.140182
0.140179
0.140174
0.140166
0.14016
0.140154
0.140146
0.140137
0.140129
0.140122
0.140117
0.140113
0.14011
0.140108
0.140107
0.140106
0.140105
0.140104
0.140103
0.140103
0.140102
0.140101
0.140101
0.1401
0.1401
0.1401
0.140099
0.140099
0.140099
0.140099
0.1401
0.1401
0.1401
0.140101
0.140102
0.140103
0.140105
0.140106
0.14011
0.140183
0.140187
0.14019
0.140194
0.140198
0.140201
0.140204
0.140207
0.140209
0.140211
0.140213
0.140215
0.140217
0.140219
0.140221
0.140223
0.140225
0.140227
0.14023
0.140232
0.140235
0.140238
0.140241
0.140243
0.140246
0.140249
0.140251
0.140254
0.140257
0.14026
0.140263
0.140267
0.14027
0.140274
0.140277
0.140281
0.140286
0.14029
0.140298
0.14018
0.140176
0.14017
0.140163
0.140157
0.14015
0.140141
0.140131
0.140123
0.140116
0.140111
0.140107
0.140104
0.140102
0.1401
0.140099
0.140098
0.140097
0.140096
0.140095
0.140095
0.140094
0.140093
0.140092
0.140092
0.140091
0.14009
0.14009
0.14009
0.14009
0.14009
0.14009
0.14009
0.140091
0.140092
0.140093
0.140095
0.140096
0.1401
0.14018
0.140184
0.140188
0.140192
0.140195
0.140198
0.140201
0.140203
0.140206
0.140207
0.140209
0.140211
0.140213
0.140215
0.140216
0.140218
0.140221
0.140223
0.140225
0.140228
0.140231
0.140234
0.140236
0.140239
0.140242
0.140245
0.140248
0.140251
0.140254
0.140257
0.14026
0.140264
0.140267
0.140271
0.140275
0.14028
0.140285
0.140289
0.140297
0.140177
0.140173
0.140167
0.140159
0.140153
0.140145
0.140135
0.140125
0.140117
0.14011
0.140105
0.140101
0.140098
0.140095
0.140093
0.140092
0.14009
0.140089
0.140088
0.140087
0.140086
0.140085
0.140084
0.140083
0.140082
0.140081
0.14008
0.140079
0.140078
0.140078
0.140078
0.140078
0.140078
0.140078
0.140079
0.14008
0.140081
0.140083
0.140086
0.140177
0.140181
0.140185
0.140189
0.140192
0.140195
0.140198
0.1402
0.140202
0.140203
0.140205
0.140206
0.140208
0.14021
0.140211
0.140213
0.140215
0.140218
0.14022
0.140223
0.140226
0.140228
0.140231
0.140234
0.140237
0.14024
0.140243
0.140246
0.140249
0.140253
0.140256
0.14026
0.140264
0.140268
0.140272
0.140277
0.140282
0.140287
0.140294
0.140173
0.14017
0.140163
0.140155
0.140149
0.14014
0.14013
0.140119
0.14011
0.140103
0.140098
0.140094
0.14009
0.140088
0.140085
0.140083
0.140081
0.14008
0.140078
0.140077
0.140075
0.140074
0.140073
0.140071
0.14007
0.140068
0.140067
0.140066
0.140065
0.140064
0.140064
0.140063
0.140063
0.140063
0.140064
0.140064
0.140066
0.140067
0.14007
0.140174
0.140178
0.140182
0.140186
0.140189
0.140192
0.140194
0.140196
0.140197
0.140199
0.1402
0.140201
0.140203
0.140204
0.140206
0.140207
0.140209
0.140212
0.140214
0.140217
0.14022
0.140223
0.140226
0.140229
0.140232
0.140235
0.140238
0.140241
0.140244
0.140248
0.140252
0.140255
0.140259
0.140264
0.140268
0.140273
0.140278
0.140283
0.140291
0.14017
0.140166
0.14016
0.140152
0.140145
0.140135
0.140124
0.140113
0.140104
0.140097
0.140091
0.140086
0.140082
0.140079
0.140076
0.140073
0.140071
0.140069
0.140067
0.140065
0.140063
0.140061
0.14006
0.140058
0.140056
0.140054
0.140052
0.140051
0.14005
0.140048
0.140047
0.140047
0.140046
0.140046
0.140046
0.140046
0.140047
0.140048
0.140051
0.140171
0.140174
0.140178
0.140182
0.140185
0.140188
0.14019
0.140191
0.140192
0.140193
0.140194
0.140195
0.140196
0.140198
0.140199
0.140201
0.140203
0.140205
0.140207
0.14021
0.140213
0.140216
0.140219
0.140222
0.140226
0.140229
0.140232
0.140235
0.140239
0.140242
0.140246
0.14025
0.140254
0.140258
0.140263
0.140268
0.140274
0.140279
0.140287
0.140167
0.140162
0.140156
0.140147
0.14014
0.14013
0.140117
0.140106
0.140097
0.14009
0.140083
0.140078
0.140073
0.140068
0.140065
0.140062
0.140059
0.140056
0.140054
0.140052
0.14005
0.140048
0.140045
0.140043
0.14004
0.140038
0.140036
0.140034
0.140032
0.14003
0.140029
0.140027
0.140026
0.140026
0.140025
0.140025
0.140026
0.140025
0.140029
0.140167
0.140171
0.140175
0.140178
0.140181
0.140183
0.140185
0.140186
0.140187
0.140187
0.140188
0.140189
0.14019
0.140191
0.140192
0.140194
0.140195
0.140198
0.1402
0.140203
0.140206
0.140209
0.140212
0.140215
0.140218
0.140221
0.140225
0.140228
0.140232
0.140236
0.140239
0.140244
0.140248
0.140252
0.140257
0.140262
0.140268
0.140274
0.140282
0.140163
0.140158
0.140152
0.140143
0.140135
0.140124
0.140111
0.140099
0.14009
0.140082
0.140075
0.140068
0.140062
0.140057
0.140053
0.140049
0.140046
0.140043
0.14004
0.140037
0.140035
0.140032
0.14003
0.140027
0.140024
0.140021
0.140018
0.140015
0.140012
0.14001
0.140008
0.140006
0.140004
0.140002
0.140001
0.139999
0.139999
0.139997
0.14
0.140163
0.140167
0.140171
0.140174
0.140176
0.140178
0.140179
0.14018
0.14018
0.140181
0.140181
0.140182
0.140182
0.140183
0.140184
0.140186
0.140187
0.140189
0.140191
0.140194
0.140197
0.1402
0.140203
0.140206
0.14021
0.140213
0.140216
0.14022
0.140224
0.140228
0.140232
0.140236
0.140241
0.140245
0.14025
0.140256
0.140262
0.140268
0.140276
0.140159
0.140154
0.140147
0.140138
0.14013
0.140118
0.140104
0.140093
0.140083
0.140074
0.140065
0.140057
0.140051
0.140045
0.14004
0.140036
0.140032
0.140029
0.140026
0.140023
0.14002
0.140017
0.140014
0.140011
0.140007
0.140004
0.140001
0.139999
0.139997
0.139994
0.139993
0.139991
0.139989
0.139987
0.139985
0.139983
0.139981
0.139979
0.139979
0.140158
0.140162
0.140166
0.140169
0.140172
0.140173
0.140174
0.140174
0.140174
0.140174
0.140174
0.140174
0.140174
0.140175
0.140176
0.140177
0.140178
0.140179
0.140181
0.140184
0.140186
0.140189
0.140192
0.140196
0.140199
0.140202
0.140206
0.140209
0.140213
0.140218
0.140222
0.140227
0.140232
0.140237
0.140242
0.140248
0.140254
0.140261
0.140269
0.140154
0.14015
0.140142
0.140134
0.140125
0.140112
0.140098
0.140086
0.140075
0.140065
0.140055
0.140046
0.140039
0.140032
0.140027
0.140023
0.140019
0.140016
0.140012
0.14001
0.140007
0.140006
0.140004
0.140002
0.140001
0.14
0.14
0.14
0.139999
0.139999
0.139999
0.139998
0.139997
0.139996
0.139995
0.139993
0.139991
0.139988
0.139986
0.140154
0.140158
0.140161
0.140164
0.140166
0.140167
0.140167
0.140167
0.140166
0.140166
0.140165
0.140165
0.140165
0.140165
0.140166
0.140166
0.140167
0.140168
0.140169
0.140171
0.140173
0.140176
0.140179
0.140182
0.140185
0.140189
0.140192
0.140196
0.140201
0.140205
0.14021
0.140215
0.14022
0.140225
0.140231
0.140237
0.140244
0.140251
0.14026
0.14015
0.140145
0.140138
0.140129
0.140119
0.140105
0.140091
0.140079
0.140067
0.140055
0.140044
0.140035
0.140027
0.140021
0.140016
0.140012
0.14001
0.140008
0.140008
0.140007
0.140008
0.140008
0.140009
0.14001
0.140011
0.140013
0.140015
0.140017
0.140019
0.14002
0.140022
0.140023
0.140024
0.140024
0.140025
0.140025
0.140024
0.140023
0.140019
0.140149
0.140153
0.140156
0.140159
0.14016
0.140161
0.14016
0.140159
0.140158
0.140157
0.140156
0.140156
0.140155
0.140155
0.140154
0.140154
0.140154
0.140154
0.140155
0.140157
0.140159
0.140161
0.140164
0.140167
0.14017
0.140173
0.140177
0.140181
0.140185
0.140189
0.140194
0.140199
0.140205
0.140211
0.140217
0.140224
0.140231
0.140239
0.140248
0.140145
0.14014
0.140132
0.140123
0.140113
0.140098
0.140084
0.140071
0.140058
0.140045
0.140034
0.140024
0.140018
0.140014
0.140012
0.140012
0.140013
0.140014
0.140016
0.140018
0.140021
0.140023
0.140026
0.140029
0.140032
0.140035
0.140037
0.14004
0.140042
0.140043
0.140045
0.140047
0.140048
0.140049
0.140049
0.14005
0.14005
0.14005
0.140048
0.140144
0.140148
0.140151
0.140153
0.140154
0.140154
0.140153
0.140151
0.14015
0.140148
0.140147
0.140145
0.140144
0.140142
0.140141
0.14014
0.140139
0.140139
0.14014
0.140141
0.140143
0.140145
0.140148
0.140151
0.140154
0.140157
0.14016
0.140164
0.140168
0.140172
0.140177
0.140182
0.140188
0.140193
0.1402
0.140207
0.140214
0.140223
0.140233
0.14014
0.140135
0.140127
0.140118
0.140107
0.140091
0.140077
0.140063
0.140048
0.140035
0.140025
0.140017
0.140015
0.140016
0.140019
0.140022
0.140026
0.140029
0.140032
0.140035
0.140038
0.140041
0.140044
0.140047
0.14005
0.140054
0.140057
0.140059
0.140062
0.140064
0.140066
0.140068
0.14007
0.140071
0.140072
0.140074
0.140074
0.140075
0.140074
0.140138
0.140142
0.140145
0.140147
0.140147
0.140146
0.140145
0.140143
0.14014
0.140138
0.140136
0.140134
0.140131
0.140129
0.140127
0.140125
0.140125
0.140124
0.140125
0.140126
0.140127
0.140129
0.140131
0.140134
0.140137
0.14014
0.140143
0.140147
0.140151
0.140155
0.140159
0.140164
0.140169
0.140175
0.140181
0.140188
0.140196
0.140204
0.140215
0.140134
0.140129
0.140121
0.140112
0.140101
0.140084
0.14007
0.140055
0.140039
0.140027
0.140019
0.140017
0.140021
0.140026
0.140032
0.140037
0.140041
0.140045
0.140048
0.140051
0.140055
0.140058
0.140062
0.140066
0.14007
0.140073
0.140077
0.140081
0.140084
0.140087
0.140089
0.140092
0.140094
0.140096
0.140098
0.140099
0.1401
0.140102
0.140101
0.140132
0.140136
0.140138
0.14014
0.140139
0.140138
0.140136
0.140133
0.14013
0.140128
0.140125
0.140121
0.140118
0.140115
0.140112
0.140111
0.140109
0.140109
0.140109
0.14011
0.140111
0.140113
0.140115
0.140117
0.14012
0.140123
0.140126
0.140129
0.140133
0.140137
0.140141
0.140146
0.140151
0.140156
0.140162
0.140168
0.140176
0.140184
0.140194
0.140128
0.140123
0.140115
0.140106
0.140094
0.140077
0.140062
0.140046
0.14003
0.140021
0.14002
0.140025
0.140032
0.140039
0.140046
0.140051
0.140056
0.140061
0.140065
0.140069
0.140073
0.140077
0.140082
0.140086
0.140091
0.140096
0.1401
0.140104
0.140108
0.140111
0.140114
0.140117
0.14012
0.140122
0.140125
0.140127
0.140129
0.14013
0.140131
0.140126
0.140129
0.140131
0.140132
0.140131
0.140129
0.140127
0.140123
0.14012
0.140116
0.140112
0.140107
0.140104
0.1401
0.140098
0.140095
0.140094
0.140093
0.140092
0.140093
0.140094
0.140095
0.140097
0.1401
0.140102
0.140105
0.140108
0.140111
0.140115
0.140119
0.140123
0.140128
0.140133
0.140138
0.140143
0.140149
0.140156
0.140164
0.140173
0.140122
0.140117
0.140109
0.1401
0.140087
0.14007
0.140055
0.140037
0.140024
0.14002
0.140026
0.140035
0.140044
0.140053
0.140061
0.140068
0.140074
0.14008
0.140085
0.140089
0.140094
0.140099
0.140104
0.140109
0.140114
0.140119
0.140124
0.140129
0.140133
0.140137
0.14014
0.140144
0.140147
0.14015
0.140152
0.140155
0.140157
0.140159
0.14016
0.14012
0.140123
0.140125
0.140125
0.140124
0.140121
0.140118
0.140113
0.140109
0.140103
0.140097
0.140093
0.140089
0.140086
0.140083
0.14008
0.140079
0.140077
0.140077
0.140077
0.140077
0.140079
0.14008
0.140083
0.140085
0.140088
0.140091
0.140094
0.140098
0.140102
0.140106
0.140111
0.140116
0.140121
0.140127
0.140133
0.14014
0.140147
0.140156
0.140116
0.140111
0.140103
0.140094
0.140081
0.140063
0.140046
0.140029
0.140022
0.140025
0.140035
0.140046
0.140057
0.140067
0.140076
0.140084
0.140091
0.140097
0.140103
0.140108
0.140113
0.140118
0.140123
0.140129
0.140134
0.14014
0.140145
0.14015
0.140154
0.140158
0.140162
0.140166
0.140169
0.140172
0.140175
0.140178
0.140181
0.140184
0.140185
0.140115
0.140118
0.140119
0.140119
0.140117
0.140113
0.140108
0.140102
0.140097
0.140087
0.140081
0.140076
0.140073
0.14007
0.140068
0.140065
0.140064
0.140063
0.140062
0.140062
0.140063
0.140064
0.140065
0.140067
0.140069
0.140072
0.140075
0.140078
0.140081
0.140085
0.140089
0.140094
0.140098
0.140104
0.140109
0.140116
0.140123
0.14013
0.140139
0.140111
0.140106
0.140098
0.140088
0.140075
0.140056
0.140038
0.140024
0.140024
0.140032
0.140044
0.140057
0.14007
0.140081
0.140091
0.1401
0.140107
0.140113
0.140119
0.140124
0.140129
0.140133
0.140139
0.140144
0.14015
0.140155
0.14016
0.140165
0.140169
0.140173
0.140177
0.140181
0.140184
0.140188
0.140191
0.140195
0.140198
0.140202
0.140204
0.14011
0.140112
0.140113
0.140112
0.140109
0.140104
0.140098
0.14009
0.140083
0.14007
0.140063
0.140059
0.140056
0.140054
0.140052
0.14005
0.140049
0.140048
0.140047
0.140047
0.140048
0.140049
0.14005
0.140052
0.140054
0.140056
0.140058
0.140061
0.140064
0.140067
0.140071
0.140075
0.140079
0.140084
0.140089
0.140095
0.140102
0.140109
0.140118
0.140106
0.140101
0.140093
0.140082
0.140068
0.140049
0.140029
0.140023
0.140028
0.140041
0.140056
0.140071
0.140085
0.140097
0.140107
0.140115
0.140122
0.140128
0.140134
0.140138
0.140143
0.140148
0.140153
0.140158
0.140163
0.140168
0.140173
0.140177
0.140181
0.140185
0.140189
0.140193
0.140197
0.1402
0.140204
0.140207
0.140211
0.140215
0.140218
0.140103
0.140106
0.140106
0.140104
0.1401
0.140095
0.140088
0.140078
0.140069
0.140053
0.140046
0.140043
0.14004
0.140039
0.140037
0.140036
0.140034
0.140034
0.140033
0.140033
0.140033
0.140034
0.140035
0.140036
0.140038
0.14004
0.140042
0.140044
0.140047
0.140049
0.140052
0.140056
0.14006
0.140064
0.140068
0.140073
0.140079
0.140086
0.140094
0.1401
0.140095
0.140087
0.140076
0.140061
0.140042
0.140022
0.140023
0.140034
0.140051
0.140069
0.140086
0.1401
0.140112
0.140122
0.14013
0.140136
0.140142
0.140147
0.140151
0.140156
0.14016
0.140164
0.140169
0.140174
0.140178
0.140183
0.140187
0.140191
0.140195
0.140199
0.140203
0.140206
0.14021
0.140213
0.140217
0.140221
0.140225
0.140229
0.140097
0.140099
0.140098
0.140096
0.140091
0.140084
0.140076
0.140065
0.140054
0.140037
0.140031
0.140028
0.140027
0.140025
0.140024
0.140023
0.140022
0.140021
0.140021
0.140021
0.140021
0.140021
0.140021
0.140022
0.140023
0.140024
0.140025
0.140027
0.140029
0.140031
0.140033
0.140036
0.140039
0.140043
0.140047
0.140051
0.140057
0.140063
0.14007
0.140093
0.140089
0.140081
0.14007
0.140055
0.140035
0.140015
0.140026
0.140043
0.140064
0.140084
0.140101
0.140115
0.140126
0.140135
0.140142
0.140148
0.140153
0.140157
0.140161
0.140165
0.140169
0.140173
0.140177
0.140182
0.140186
0.140191
0.140195
0.140199
0.140203
0.140207
0.140211
0.140215
0.140219
0.140223
0.140226
0.14023
0.140235
0.140239
0.140089
0.140091
0.14009
0.140087
0.140081
0.140074
0.140064
0.140052
0.140039
0.140024
0.14002
0.140018
0.140018
0.140017
0.140016
0.140016
0.140016
0.140017
0.140017
0.140018
0.140018
0.140018
0.140018
0.140018
0.140018
0.140018
0.140018
0.140018
0.140018
0.140018
0.140018
0.140018
0.140019
0.140021
0.140023
0.140026
0.14003
0.140035
0.140041
0.140086
0.140081
0.140074
0.140063
0.140047
0.140027
0.14001
0.14003
0.140053
0.140078
0.140098
0.140114
0.140127
0.140137
0.140144
0.140151
0.140156
0.140161
0.140165
0.140169
0.140173
0.140176
0.140181
0.140185
0.14019
0.140195
0.1402
0.140205
0.14021
0.140215
0.14022
0.140224
0.140229
0.140234
0.140238
0.140243
0.140247
0.140253
0.140257
0.140081
0.140082
0.140081
0.140077
0.140071
0.140062
0.140052
0.140039
0.140024
0.140018
0.140016
0.140017
0.140019
0.140021
0.140023
0.140025
0.140027
0.140029
0.140031
0.140032
0.140033
0.140033
0.140034
0.140033
0.140033
0.140032
0.140031
0.14003
0.140029
0.140027
0.140026
0.140024
0.140023
0.140021
0.140019
0.140019
0.140019
0.140019
0.140021
0.140078
0.140074
0.140066
0.140055
0.14004
0.14002
0.140007
0.140036
0.140064
0.140089
0.140109
0.140123
0.140134
0.140144
0.140151
0.140158
0.140163
0.140168
0.140173
0.140177
0.140182
0.140187
0.140192
0.140198
0.140205
0.140211
0.140218
0.140224
0.140231
0.140237
0.140244
0.14025
0.140256
0.140262
0.140268
0.140275
0.140281
0.140288
0.140294
0.140071
0.140072
0.14007
0.140066
0.14006
0.140051
0.14004
0.140026
0.140013
0.140016
0.140019
0.140023
0.140027
0.140031
0.140034
0.140038
0.140041
0.140043
0.140046
0.140048
0.14005
0.140051
0.140052
0.140052
0.140052
0.140052
0.140052
0.140052
0.140051
0.14005
0.140049
0.140048
0.140046
0.140045
0.140043
0.140041
0.140038
0.140036
0.140034
0.140069
0.140065
0.140058
0.140047
0.140032
0.140014
0.140008
0.140043
0.140072
0.140097
0.140114
0.140128
0.14014
0.14015
0.140159
0.140167
0.140174
0.140181
0.140187
0.140193
0.140199
0.140206
0.140213
0.140221
0.140229
0.140238
0.140247
0.140256
0.140264
0.140273
0.140281
0.140289
0.140297
0.140305
0.140313
0.140321
0.14033
0.140339
0.140348
0.140061
0.140062
0.140059
0.140055
0.140048
0.140039
0.140028
0.140015
0.140007
0.140018
0.140026
0.140032
0.140038
0.140043
0.140048
0.140052
0.140056
0.14006
0.140063
0.140066
0.140068
0.14007
0.140072
0.140073
0.140073
0.140074
0.140074
0.140074
0.140073
0.140073
0.140073
0.140072
0.14007
0.140069
0.140067
0.140064
0.140062
0.140058
0.140053
0.140059
0.140055
0.140049
0.140039
0.140025
0.140008
0.140012
0.140046
0.140075
0.140099
0.140117
0.140133
0.140147
0.140161
0.140173
0.140183
0.140193
0.140201
0.140209
0.140217
0.140224
0.140232
0.14024
0.140249
0.140259
0.140269
0.140278
0.140287
0.140296
0.140305
0.140313
0.140322
0.14033
0.140338
0.140346
0.140354
0.140363
0.140373
0.140383
0.14005
0.14005
0.140048
0.140043
0.140037
0.140028
0.140017
0.140007
0.140006
0.140022
0.140031
0.140039
0.140047
0.140054
0.14006
0.140066
0.140071
0.140075
0.140079
0.140083
0.140086
0.140089
0.140091
0.140093
0.140095
0.140096
0.140097
0.140098
0.140099
0.1401
0.140101
0.140102
0.140103
0.140103
0.140104
0.140104
0.140104
0.140104
0.140104
0.140048
0.140045
0.140039
0.14003
0.140018
0.140005
0.140015
0.140045
0.140072
0.140098
0.140121
0.140141
0.14016
0.140176
0.14019
0.140201
0.140211
0.140219
0.140226
0.140233
0.140239
0.140246
0.140253
0.14026
0.140267
0.140274
0.14028
0.140287
0.140293
0.140298
0.140304
0.140309
0.140314
0.140319
0.140324
0.14033
0.140335
0.140341
0.140347
0.140037
0.140037
0.140035
0.140031
0.140025
0.140018
0.140008
0.140003
0.140009
0.140022
0.140032
0.140042
0.140052
0.140061
0.140069
0.140076
0.140083
0.140089
0.140095
0.1401
0.140105
0.140109
0.140113
0.140115
0.140118
0.140119
0.140121
0.140121
0.140121
0.140123
0.140123
0.140123
0.140122
0.140121
0.140119
0.140118
0.140116
0.140115
0.140114
0.140036
0.140034
0.140029
0.140022
0.140012
0.140003
0.140016
0.140038
0.140066
0.140098
0.140125
0.140147
0.140164
0.140176
0.140185
0.140192
0.140197
0.140201
0.140205
0.140208
0.140211
0.140214
0.140217
0.140221
0.140224
0.140229
0.140233
0.140238
0.140244
0.140249
0.140255
0.140261
0.140268
0.140274
0.140281
0.140289
0.140297
0.140306
0.140314
0.140023
0.140023
0.140021
0.140018
0.140014
0.140009
0.140003
0.140003
0.140009
0.140016
0.140026
0.140037
0.140049
0.140059
0.140068
0.140075
0.140082
0.140089
0.140095
0.140101
0.140106
0.140112
0.140119
0.140124
0.14013
0.140136
0.140142
0.140149
0.140157
0.140162
0.140168
0.140175
0.140183
0.14019
0.140198
0.140206
0.140214
0.140224
0.140234
0.140023
0.140021
0.140018
0.140013
0.140006
0.140003
0.140014
0.140026
0.140057
0.14009
0.140108
0.140117
0.140121
0.140125
0.140129
0.140133
0.140136
0.14014
0.140143
0.140146
0.140149
0.140154
0.140161
0.14017
0.140183
0.140197
0.140212
0.140229
0.140246
0.140265
0.140283
0.140303
0.140322
0.140342
0.140363
0.140384
0.140407
0.140433
0.140457
0.140008
0.140008
0.140007
0.140006
0.140004
0.140002
0.14
0.140002
0.140005
0.140006
0.140015
0.140031
0.14005
0.140068
0.140086
0.140103
0.14012
0.140135
0.140149
0.140163
0.140175
0.140185
0.140194
0.140202
0.140208
0.140213
0.140217
0.140221
0.140222
0.140224
0.140226
0.140226
0.140226
0.140226
0.140226
0.140227
0.140229
0.140233
0.140236
0.140008
0.140007
0.140006
0.140004
0.140002
0.140001
0.140006
0.140009
0.140033
0.140042
0.14003
0.140028
0.140036
0.140049
0.140065
0.140081
0.140096
0.140111
0.140124
0.140137
0.140149
0.140161
0.140174
0.140188
0.140202
0.140215
0.140228
0.140241
0.140252
0.140263
0.140273
0.140283
0.140291
0.140299
0.140306
0.140313
0.14032
0.140327
0.140332
0.181786
0.200263
0.245805
0.273401
0.280436
0.27007
0.244754
0.208872
0.17115
0.142217
0.125912
0.120158
0.119794
0.121757
0.124253
0.126745
0.128985
0.130891
0.132464
0.133728
0.13474
0.135561
0.136237
0.136805
0.137288
0.137701
0.138055
0.138362
0.138629
0.138862
0.139068
0.139248
0.139404
0.139537
0.139653
0.139752
0.139839
0.139917
0.139991
0.140062
0.140129
0.140183
0.140222
0.140246
0.14026
0.14027
0.140278
0.140284
0.140287
0.14029
0.140293
0.140298
0.1403
0.1403
0.140299
0.140298
0.140295
0.140291
0.140286
0.14028
0.140273
0.140265
0.140253
0.140238
0.14022
0.140199
0.140178
0.140161
0.140144
0.140123
0.140098
0.140073
0.140044
0.140022
0.140033
0.140052
0.140103
0.140114
0.14024
0.140238
0.170914
0.130806
0.0998956
0.0840924
0.0789887
0.0824022
0.0906998
0.099733
0.107662
0.114118
0.119232
0.123244
0.126388
0.128861
0.130819
0.132382
0.13364
0.134661
0.135498
0.136187
0.13676
0.137238
0.137641
0.137981
0.138271
0.138518
0.13873
0.138913
0.139072
0.13921
0.139333
0.139443
0.139545
0.139645
0.139748
0.139845
0.139928
0.139996
0.140048
0.140084
0.140108
0.140122
0.140131
0.140135
0.140136
0.140136
0.140135
0.140133
0.140131
0.140128
0.140124
0.140118
0.14011
0.140099
0.140086
0.140069
0.140049
0.140026
0.139998
0.139979
0.139987
0.14002
0.14005
0.140076
0.140104
0.140134
0.140163
0.140189
0.140208
0.140222
0.140232
0.140242
0.140262
0.1403
0.140356
0.140389
0.140351
0.140321
0.140473
0.140338
0.224476
0.239667
0.263632
0.292619
0.304861
0.296834
0.271217
0.23282
0.189702
0.153121
0.130625
0.121468
0.119788
0.121451
0.123953
0.126481
0.128765
0.130714
0.132324
0.133619
0.134654
0.13549
0.136177
0.136751
0.137238
0.137655
0.138008
0.138305
0.138569
0.138807
0.139018
0.139204
0.139364
0.139502
0.13962
0.139723
0.139812
0.139893
0.139968
0.140042
0.140115
0.140175
0.140217
0.140244
0.14026
0.14027
0.140278
0.140284
0.140288
0.14029
0.140294
0.140299
0.140302
0.140302
0.140302
0.1403
0.140298
0.140294
0.140289
0.140284
0.140277
0.140268
0.140257
0.140242
0.140223
0.140202
0.140181
0.140164
0.140147
0.140126
0.140101
0.140076
0.140046
0.140023
0.140032
0.140052
0.140102
0.140113
0.140244
0.140239
0.190346
0.141486
0.102436
0.0849506
0.0820368
0.0869904
0.0952103
0.103498
0.110629
0.116411
0.120994
0.124599
0.127433
0.12967
0.131449
0.132874
0.134026
0.134964
0.135735
0.136372
0.136903
0.137347
0.137721
0.138037
0.138306
0.138535
0.138734
0.138908
0.139062
0.139199
0.139321
0.139432
0.139537
0.139643
0.13975
0.139848
0.139931
0.139998
0.140048
0.140083
0.140107
0.140121
0.140129
0.140134
0.140135
0.140136
0.140135
0.140133
0.140131
0.140128
0.140124
0.140118
0.14011
0.140099
0.140085
0.140067
0.140046
0.140023
0.139995
0.139978
0.139989
0.140022
0.140052
0.140079
0.140107
0.140137
0.140166
0.140192
0.140211
0.140225
0.140235
0.140245
0.140265
0.140305
0.140362
0.140393
0.140353
0.140327
0.140483
0.140341
0.236592
0.262708
0.27835
0.299628
0.318676
0.32072
0.302076
0.265684
0.218787
0.172947
0.140159
0.124369
0.120141
0.121068
0.123483
0.126058
0.12841
0.130426
0.132096
0.133442
0.134516
0.13538
0.136085
0.136671
0.137163
0.137572
0.137929
0.138231
0.138498
0.138743
0.138961
0.139151
0.139317
0.139462
0.139591
0.139701
0.139795
0.139878
0.139955
0.14003
0.140106
0.140169
0.140214
0.140243
0.140261
0.140272
0.14028
0.140286
0.14029
0.140293
0.140296
0.140302
0.140305
0.140306
0.140305
0.140304
0.140301
0.140298
0.140293
0.140287
0.14028
0.140272
0.140261
0.140246
0.140227
0.140206
0.140185
0.140167
0.14015
0.140128
0.140103
0.140078
0.140048
0.140023
0.140031
0.140051
0.140102
0.140113
0.140248
0.140242
0.192629
0.140858
0.101428
0.0862501
0.0864738
0.0927256
0.100554
0.107885
0.114063
0.119055
0.12302
0.126152
0.12863
0.130598
0.132172
0.133441
0.134473
0.135318
0.136015
0.136595
0.137079
0.137486
0.137829
0.13812
0.138367
0.13858
0.138765
0.138929
0.139077
0.139209
0.139329
0.13944
0.139548
0.139656
0.139764
0.13986
0.139941
0.140005
0.140053
0.140086
0.140109
0.140122
0.14013
0.140134
0.140136
0.140136
0.140135
0.140134
0.140131
0.140128
0.140124
0.140118
0.14011
0.140098
0.140084
0.140066
0.140044
0.14002
0.139991
0.139976
0.13999
0.140024
0.140055
0.140081
0.14011
0.14014
0.14017
0.140196
0.140215
0.140228
0.140238
0.140249
0.14027
0.140311
0.140369
0.140397
0.140356
0.140334
0.140493
0.140345
0.22937
0.266017
0.287967
0.30224
0.320179
0.333197
0.329299
0.304527
0.261808
0.210101
0.16336
0.133617
0.121803
0.120478
0.12259
0.125308
0.127799
0.129938
0.131716
0.133152
0.134296
0.135209
0.135948
0.136556
0.137057
0.137468
0.137833
0.138147
0.138423
0.138674
0.138899
0.139104
0.13928
0.139432
0.139567
0.139682
0.13978
0.139866
0.139945
0.140021
0.140097
0.140163
0.140211
0.140243
0.140262
0.140273
0.140282
0.140289
0.140293
0.140296
0.140299
0.140305
0.140308
0.140309
0.140309
0.140308
0.140305
0.140302
0.140297
0.140291
0.140284
0.140276
0.140265
0.14025
0.140231
0.14021
0.140188
0.14017
0.140153
0.140131
0.140106
0.14008
0.14005
0.140023
0.14003
0.140051
0.140101
0.140113
0.140252
0.140245
0.180905
0.131521
0.0985749
0.0889932
0.0920869
0.0988226
0.105903
0.112193
0.117418
0.121635
0.124999
0.127674
0.129806
0.131513
0.132888
0.134006
0.13492
0.135674
0.1363
0.136822
0.137261
0.137631
0.137944
0.138211
0.138439
0.138636
0.138809
0.138965
0.139105
0.139233
0.13935
0.13946
0.139569
0.139678
0.139784
0.139877
0.139954
0.140015
0.14006
0.140091
0.140111
0.140124
0.140131
0.140135
0.140136
0.140137
0.140136
0.140134
0.140132
0.140129
0.140125
0.140118
0.14011
0.140098
0.140083
0.140064
0.140042
0.140016
0.139987
0.139975
0.139991
0.140027
0.140057
0.140084
0.140113
0.140144
0.140174
0.1402
0.140218
0.140231
0.140241
0.140252
0.140274
0.140318
0.140376
0.140402
0.140359
0.140342
0.140504
0.140348
0.208215
0.25231
0.28492
0.304556
0.31753
0.332767
0.34235
0.335422
0.307539
0.261351
0.206811
0.159331
0.13086
0.121038
0.121172
0.124008
0.126841
0.129194
0.13113
0.132707
0.133964
0.134958
0.135754
0.1364
0.136929
0.137348
0.137723
0.138051
0.13834
0.1386
0.138841
0.139057
0.139244
0.139402
0.139543
0.139663
0.139765
0.139854
0.139934
0.140011
0.140088
0.140156
0.140208
0.140242
0.140263
0.140276
0.140285
0.140292
0.140296
0.140299
0.140303
0.140308
0.140312
0.140313
0.140313
0.140312
0.140309
0.140306
0.140301
0.140295
0.140288
0.14028
0.140269
0.140254
0.140235
0.140214
0.140192
0.140173
0.140156
0.140134
0.140109
0.140082
0.140052
0.140024
0.140029
0.14005
0.1401
0.140113
0.140257
0.140249
0.159778
0.118415
0.0965789
0.0935309
0.0984406
0.104888
0.110985
0.116224
0.120544
0.124041
0.126849
0.129101
0.130913
0.132377
0.133568
0.134544
0.135349
0.136017
0.136575
0.137045
0.13744
0.137776
0.138061
0.138305
0.138515
0.138698
0.138861
0.139008
0.139142
0.139265
0.139379
0.139488
0.139596
0.139705
0.139807
0.139896
0.139969
0.140026
0.140068
0.140096
0.140115
0.140126
0.140133
0.140136
0.140137
0.140138
0.140137
0.140135
0.140133
0.14013
0.140125
0.140119
0.140109
0.140097
0.140082
0.140062
0.14004
0.140013
0.139984
0.139974
0.139993
0.14003
0.14006
0.140087
0.140117
0.140148
0.140178
0.140204
0.140222
0.140234
0.140244
0.140256
0.140279
0.140324
0.140383
0.140406
0.140362
0.140351
0.140516
0.140351
0.177883
0.224517
0.266422
0.297081
0.315815
0.328047
0.341244
0.348949
0.340806
0.311712
0.263793
0.20738
0.158705
0.130098
0.12091
0.121875
0.125209
0.128127
0.130342
0.132089
0.133495
0.134611
0.135492
0.136197
0.136768
0.137219
0.137598
0.137941
0.138245
0.138521
0.138778
0.139006
0.139203
0.13937
0.139516
0.139642
0.139748
0.13984
0.139922
0.14
0.140078
0.140149
0.140204
0.140241
0.140264
0.140278
0.140287
0.140295
0.1403
0.140303
0.140306
0.140311
0.140315
0.140317
0.140317
0.140316
0.140314
0.14031
0.140305
0.1403
0.140293
0.140284
0.140273
0.140259
0.14024
0.140218
0.140196
0.140177
0.140159
0.140138
0.140112
0.140085
0.140055
0.140025
0.140027
0.14005
0.140099
0.140112
0.140262
0.140253
0.135762
0.107619
0.0977144
0.0995532
0.104999
0.110653
0.115682
0.119926
0.12342
0.126264
0.128568
0.130436
0.131954
0.133195
0.134215
0.135058
0.135761
0.136348
0.136843
0.137261
0.137616
0.137919
0.138178
0.1384
0.138593
0.138764
0.138917
0.139057
0.139184
0.139302
0.139413
0.13952
0.139628
0.139734
0.139832
0.139917
0.139985
0.140038
0.140076
0.140102
0.140119
0.140129
0.140135
0.140138
0.140139
0.140139
0.140138
0.140136
0.140134
0.140131
0.140126
0.140119
0.140109
0.140097
0.14008
0.140061
0.140037
0.140009
0.13998
0.139973
0.139994
0.140033
0.140063
0.140091
0.140121
0.140152
0.140182
0.140208
0.140226
0.140238
0.140247
0.140259
0.140284
0.140332
0.140391
0.14041
0.140365
0.140361
0.140528
0.140354
0.145871
0.187435
0.233351
0.274338
0.304667
0.323622
0.3357
0.347335
0.354109
0.345974
0.317051
0.268689
0.211038
0.16071
0.130762
0.121158
0.122446
0.126173
0.129208
0.131312
0.132886
0.134142
0.135143
0.135934
0.136565
0.137064
0.137466
0.137817
0.138137
0.138433
0.138704
0.138946
0.139155
0.139331
0.139484
0.139617
0.139729
0.139825
0.139909
0.139988
0.140067
0.14014
0.140199
0.14024
0.140265
0.14028
0.14029
0.140298
0.140303
0.140307
0.14031
0.140315
0.140319
0.140321
0.140321
0.14032
0.140318
0.140315
0.14031
0.140304
0.140297
0.140289
0.140278
0.140263
0.140245
0.140222
0.1402
0.140181
0.140163
0.140141
0.140115
0.140088
0.140057
0.140026
0.140026
0.140049
0.140098
0.140111
0.140267
0.140258
0.116806
0.10335
0.102142
0.106211
0.111235
0.11588
0.119881
0.123234
0.126004
0.128277
0.130139
0.131666
0.132923
0.133962
0.134826
0.135548
0.136154
0.136667
0.137102
0.137472
0.137788
0.138059
0.138293
0.138495
0.138673
0.138832
0.138977
0.139109
0.13923
0.139343
0.139451
0.139557
0.139663
0.139766
0.139859
0.139938
0.140002
0.14005
0.140084
0.140108
0.140123
0.140132
0.140137
0.140139
0.14014
0.14014
0.140139
0.140138
0.140135
0.140132
0.140127
0.140119
0.140109
0.140096
0.140079
0.140059
0.140034
0.140005
0.139976
0.139972
0.139997
0.140036
0.140066
0.140094
0.140125
0.140156
0.140187
0.140213
0.14023
0.140242
0.140251
0.140263
0.14029
0.140339
0.140399
0.140415
0.140368
0.140372
0.140541
0.140356
0.121786
0.15006
0.190974
0.236374
0.277525
0.308753
0.328862
0.341357
0.351821
0.358288
0.351028
0.323339
0.275574
0.217226
0.164924
0.132682
0.121713
0.122851
0.126885
0.130093
0.132139
0.133562
0.134684
0.135589
0.136307
0.13687
0.137314
0.137678
0.138012
0.138329
0.138618
0.138874
0.139097
0.139286
0.139448
0.139587
0.139706
0.139807
0.139894
0.139975
0.140054
0.14013
0.140193
0.140237
0.140265
0.140282
0.140293
0.140301
0.140307
0.140311
0.140314
0.140319
0.140323
0.140325
0.140326
0.140325
0.140323
0.140319
0.140315
0.140309
0.140302
0.140294
0.140283
0.140268
0.14025
0.140227
0.140204
0.140185
0.140167
0.140145
0.140119
0.140091
0.14006
0.140028
0.140025
0.140049
0.140098
0.14011
0.140273
0.140264
0.108167
0.105495
0.108348
0.112646
0.116793
0.120428
0.123521
0.126114
0.128272
0.130063
0.131547
0.132781
0.13381
0.134671
0.135395
0.136007
0.136527
0.13697
0.137349
0.137675
0.137955
0.138196
0.138406
0.13859
0.138754
0.138902
0.139038
0.139162
0.139278
0.139386
0.139491
0.139596
0.1397
0.139799
0.139886
0.13996
0.140018
0.140062
0.140093
0.140114
0.140127
0.140135
0.140139
0.140142
0.140142
0.140142
0.140141
0.140139
0.140136
0.140133
0.140127
0.14012
0.140109
0.140095
0.140078
0.140056
0.140031
0.140001
0.139973
0.139972
0.14
0.140039
0.140069
0.140098
0.140129
0.140161
0.140192
0.140218
0.140234
0.140245
0.140255
0.140268
0.140296
0.140348
0.140407
0.14042
0.140372
0.140384
0.140555
0.140357
0.111339
0.123681
0.150303
0.189734
0.234732
0.276779
0.30982
0.331877
0.345359
0.355029
0.361626
0.355866
0.330241
0.283923
0.225397
0.170989
0.135741
0.12262
0.123123
0.127375
0.130808
0.132852
0.134149
0.135148
0.135969
0.136622
0.137129
0.137528
0.137872
0.138206
0.138515
0.13879
0.139029
0.139233
0.139405
0.139553
0.139679
0.139786
0.139878
0.139961
0.140041
0.140118
0.140185
0.140234
0.140265
0.140284
0.140296
0.140304
0.140311
0.140315
0.140318
0.140323
0.140327
0.14033
0.140331
0.14033
0.140328
0.140324
0.14032
0.140314
0.140307
0.140299
0.140288
0.140274
0.140255
0.140232
0.140209
0.140189
0.140171
0.140149
0.140123
0.140094
0.140063
0.14003
0.140024
0.140048
0.140097
0.140109
0.140278
0.14027
0.10882
0.111051
0.114709
0.118319
0.121512
0.124259
0.126595
0.128567
0.130225
0.131618
0.132789
0.133776
0.13461
0.135317
0.135919
0.136434
0.136876
0.137256
0.137584
0.137868
0.138114
0.138329
0.138517
0.138685
0.138836
0.138973
0.1391
0.139217
0.139327
0.139432
0.139535
0.139637
0.139738
0.139832
0.139914
0.139982
0.140035
0.140074
0.140102
0.14012
0.140132
0.140138
0.140142
0.140144
0.140144
0.140144
0.140142
0.140141
0.140138
0.140134
0.140128
0.14012
0.140109
0.140094
0.140076
0.140054
0.140028
0.139996
0.139969
0.139973
0.140004
0.140043
0.140073
0.140102
0.140134
0.140165
0.140197
0.140222
0.140239
0.140249
0.140259
0.140273
0.140303
0.140357
0.140415
0.140424
0.140375
0.140397
0.140569
0.140358
0.111917
0.113502
0.123855
0.147701
0.184861
0.229259
0.272541
0.308024
0.332705
0.347736
0.356978
0.363977
0.360161
0.337278
0.29318
0.235048
0.178623
0.139919
0.123951
0.123335
0.127657
0.131357
0.133467
0.134671
0.135556
0.136295
0.13689
0.13735
0.137717
0.138064
0.138393
0.138689
0.138948
0.139168
0.139355
0.139513
0.139648
0.139761
0.139858
0.139944
0.140026
0.140105
0.140175
0.140229
0.140265
0.140286
0.140299
0.140308
0.140315
0.140319
0.140322
0.140327
0.140332
0.140335
0.140336
0.140335
0.140333
0.14033
0.140325
0.14032
0.140313
0.140304
0.140294
0.140279
0.140261
0.140238
0.140214
0.140194
0.140176
0.140153
0.140127
0.140097
0.140066
0.140031
0.140023
0.140047
0.140096
0.140108
0.140284
0.140278
0.114028
0.117203
0.120296
0.123021
0.125378
0.127404
0.129138
0.130618
0.131879
0.132953
0.133869
0.134652
0.135323
0.135899
0.136397
0.136827
0.137199
0.137523
0.137805
0.138052
0.138267
0.138457
0.138626
0.138778
0.138917
0.139045
0.139163
0.139274
0.139379
0.13948
0.139581
0.139681
0.139777
0.139866
0.139942
0.140003
0.140051
0.140086
0.14011
0.140126
0.140136
0.140142
0.140145
0.140146
0.140146
0.140146
0.140144
0.140142
0.140139
0.140135
0.140129
0.14012
0.140108
0.140093
0.140074
0.140051
0.140024
0.139992
0.139966
0.139974
0.140008
0.140047
0.140077
0.140107
0.140138
0.140171
0.140202
0.140228
0.140243
0.140254
0.140263
0.140278
0.14031
0.140366
0.140424
0.140429
0.140379
0.140412
0.140583
0.140359
0.117184
0.114851
0.115269
0.123101
0.143385
0.177426
0.220665
0.26511
0.303374
0.331231
0.348452
0.358358
0.365678
0.363843
0.344092
0.302848
0.245727
0.187577
0.1452
0.125816
0.123565
0.127756
0.131743
0.133991
0.135142
0.13592
0.136578
0.13712
0.137542
0.137902
0.138249
0.138568
0.13885
0.139092
0.139294
0.139465
0.13961
0.139732
0.139835
0.139925
0.140009
0.14009
0.140164
0.140223
0.140263
0.140287
0.140302
0.140311
0.140319
0.140324
0.140327
0.140331
0.140336
0.14034
0.140341
0.14034
0.140338
0.140335
0.140331
0.140325
0.140318
0.14031
0.140299
0.140285
0.140267
0.140243
0.140219
0.140199
0.14018
0.140158
0.140131
0.140101
0.140069
0.140034
0.140023
0.140045
0.140095
0.140106
0.14029
0.140285
0.119944
0.122551
0.124814
0.126769
0.128465
0.129935
0.131209
0.13231
0.133262
0.134084
0.134797
0.135414
0.135951
0.136419
0.136827
0.137183
0.137496
0.13777
0.138011
0.138224
0.138412
0.138581
0.138732
0.138871
0.138998
0.139117
0.139227
0.139332
0.139432
0.139531
0.139629
0.139726
0.139817
0.139899
0.139969
0.140024
0.140067
0.140098
0.140119
0.140132
0.140141
0.140146
0.140148
0.140149
0.140149
0.140148
0.140146
0.140144
0.140141
0.140136
0.140129
0.14012
0.140108
0.140092
0.140072
0.140048
0.140019
0.139987
0.139964
0.139976
0.140013
0.140051
0.140081
0.140111
0.140144
0.140176
0.140208
0.140233
0.140248
0.140258
0.140267
0.140283
0.140318
0.140376
0.140434
0.140434
0.140384
0.140428
0.140599
0.140358
0.12281
0.120275
0.117706
0.116971
0.122141
0.138386
0.168467
0.209683
0.254811
0.295882
0.327378
0.347701
0.359581
0.367117
0.367054
0.350543
0.312592
0.25706
0.197608
0.151545
0.1283
0.123899
0.127704
0.131969
0.134425
0.135569
0.136251
0.136827
0.137319
0.13772
0.138085
0.138426
0.138733
0.138999
0.139222
0.139409
0.139566
0.139698
0.139809
0.139904
0.13999
0.140073
0.14015
0.140214
0.14026
0.140288
0.140304
0.140315
0.140323
0.140328
0.140332
0.140336
0.140341
0.140345
0.140346
0.140346
0.140344
0.140341
0.140337
0.140331
0.140324
0.140316
0.140306
0.140291
0.140273
0.140249
0.140225
0.140204
0.140185
0.140162
0.140135
0.140105
0.140073
0.140036
0.140022
0.140044
0.140094
0.140105
0.140296
0.140294
0.124921
0.126744
0.128312
0.129683
0.130888
0.131946
0.132876
0.133691
0.134407
0.135035
0.135587
0.136072
0.1365
0.136877
0.13721
0.137505
0.137766
0.137997
0.138202
0.138386
0.13855
0.138699
0.138836
0.138962
0.139079
0.139189
0.139292
0.139391
0.139488
0.139583
0.139679
0.139771
0.139857
0.139933
0.139995
0.140045
0.140082
0.140109
0.140127
0.140138
0.140145
0.140149
0.140151
0.140151
0.140151
0.14015
0.140148
0.140146
0.140142
0.140137
0.14013
0.14012
0.140107
0.14009
0.140069
0.140045
0.140014
0.139982
0.139962
0.139978
0.140018
0.140055
0.140085
0.140117
0.140149
0.140182
0.140214
0.140239
0.140253
0.140262
0.140272
0.140289
0.140327
0.140387
0.140443
0.140439
0.140388
0.140446
0.140615
0.140356
0.127279
0.125507
0.123183
0.120527
0.118839
0.121506
0.133566
0.158991
0.197138
0.242091
0.28567
0.321125
0.345434
0.35993
0.367919
0.369603
0.356432
0.322144
0.26876
0.208514
0.158914
0.131485
0.12443
0.127544
0.132048
0.134769
0.135955
0.136556
0.137049
0.137496
0.137894
0.138261
0.138594
0.138886
0.139134
0.139341
0.139513
0.139657
0.139778
0.139879
0.139969
0.140054
0.140134
0.140203
0.140255
0.140288
0.140307
0.140319
0.140327
0.140333
0.140337
0.140341
0.140346
0.14035
0.140352
0.140352
0.14035
0.140347
0.140343
0.140337
0.140331
0.140322
0.140312
0.140298
0.140279
0.140256
0.140231
0.140209
0.14019
0.140168
0.14014
0.140109
0.140076
0.140039
0.140022
0.140043
0.140093
0.140103
0.140302
0.140303
0.128675
0.129893
0.130965
0.131919
0.132771
0.133531
0.134209
0.134812
0.13535
0.135829
0.136255
0.136636
0.136976
0.137279
0.13755
0.137793
0.138009
0.138204
0.138379
0.138537
0.138681
0.138814
0.138936
0.139051
0.139159
0.139261
0.139358
0.139452
0.139545
0.139638
0.13973
0.139818
0.139897
0.139965
0.140021
0.140064
0.140096
0.140119
0.140135
0.140144
0.14015
0.140153
0.140154
0.140154
0.140153
0.140152
0.14015
0.140148
0.140144
0.140138
0.140131
0.14012
0.140106
0.140088
0.140067
0.140041
0.140009
0.139977
0.139961
0.139981
0.140023
0.14006
0.14009
0.140122
0.140155
0.140188
0.14022
0.140244
0.140258
0.140267
0.140277
0.140296
0.140336
0.140399
0.140453
0.140444
0.140394
0.140465
0.140631
0.140353
0.13051
0.129402
0.127915
0.125864
0.123275
0.120965
0.121516
0.129574
0.149918
0.183943
0.227575
0.272988
0.312404
0.341175
0.358855
0.367668
0.371072
0.361306
0.331037
0.280405
0.220002
0.167198
0.135419
0.125248
0.127335
0.131996
0.135025
0.136305
0.136842
0.13725
0.137659
0.138061
0.138428
0.138751
0.139028
0.139259
0.13945
0.139609
0.13974
0.13985
0.139946
0.140033
0.140116
0.14019
0.140248
0.140286
0.140309
0.140322
0.140331
0.140338
0.140342
0.140346
0.140351
0.140355
0.140358
0.140358
0.140357
0.140354
0.14035
0.140344
0.140337
0.140329
0.140319
0.140305
0.140286
0.140263
0.140237
0.140215
0.140196
0.140173
0.140145
0.140114
0.140081
0.140042
0.140022
0.140041
0.140092
0.140101
0.140308
0.140313
0.131412
0.132226
0.13296
0.133626
0.134229
0.134776
0.135271
0.135718
0.136123
0.136488
0.136818
0.137116
0.137386
0.137629
0.137849
0.138048
0.138229
0.138392
0.138541
0.138679
0.138805
0.138924
0.139035
0.139139
0.139238
0.139333
0.139425
0.139515
0.139605
0.139695
0.139782
0.139863
0.139935
0.139996
0.140045
0.140082
0.14011
0.140129
0.140142
0.14015
0.140154
0.140157
0.140157
0.140157
0.140156
0.140154
0.140152
0.140149
0.140145
0.140139
0.140131
0.14012
0.140105
0.140086
0.140063
0.140036
0.140004
0.139972
0.13996
0.139986
0.140029
0.140065
0.140096
0.140128
0.140161
0.140195
0.140227
0.14025
0.140263
0.140272
0.140282
0.140303
0.140346
0.140411
0.140463
0.140449
0.140399
0.140487
0.140647
0.140349
0.132806
0.132109
0.131222
0.130013
0.128279
0.125899
0.123288
0.122238
0.126764
0.141967
0.171006
0.212016
0.2582
0.301164
0.33458
0.356013
0.367383
0.372199
0.365442
0.339204
0.291748
0.231806
0.176244
0.140085
0.126439
0.127127
0.131805
0.135169
0.136611
0.137122
0.137457
0.137833
0.138226
0.138586
0.138897
0.139159
0.139374
0.139551
0.139696
0.139816
0.139918
0.14001
0.140096
0.140174
0.140238
0.140283
0.14031
0.140326
0.140336
0.140343
0.140348
0.140352
0.140356
0.140361
0.140364
0.140364
0.140363
0.140361
0.140356
0.140351
0.140344
0.140336
0.140326
0.140312
0.140294
0.14027
0.140244
0.140221
0.140202
0.140179
0.140151
0.140119
0.140085
0.140045
0.140023
0.14004
0.140091
0.140098
0.140314
0.140323
0.1334
0.133953
0.13446
0.134928
0.135358
0.135754
0.136117
0.13645
0.136755
0.137034
0.13729
0.137524
0.137738
0.137933
0.138112
0.138275
0.138426
0.138564
0.138692
0.138812
0.138924
0.13903
0.13913
0.139226
0.139317
0.139406
0.139493
0.13958
0.139667
0.139752
0.139834
0.139908
0.139972
0.140025
0.140068
0.1401
0.140123
0.140139
0.140149
0.140155
0.140159
0.14016
0.14016
0.14016
0.140159
0.140157
0.140155
0.140151
0.140147
0.14014
0.140131
0.140119
0.140103
0.140083
0.14006
0.140031
0.139998
0.139968
0.139961
0.139992
0.140035
0.14007
0.140101
0.140134
0.140168
0.140202
0.140233
0.140257
0.140269
0.140277
0.140288
0.140311
0.140358
0.140424
0.140473
0.140453
0.140406
0.14051
0.140664
0.140344
0.134456
0.133998
0.133446
0.13275
0.131799
0.130393
0.128322
0.125681
0.123631
0.125284
0.135646
0.159162
0.196266
0.241862
0.287541
0.325512
0.351596
0.366435
0.372722
0.36876
0.346548
0.302634
0.243766
0.185974
0.145568
0.128182
0.127083
0.131551
0.135189
0.136799
0.137313
0.137618
0.137995
0.138394
0.138746
0.139037
0.139279
0.139479
0.139642
0.139776
0.139887
0.139983
0.140073
0.140155
0.140226
0.140278
0.14031
0.140329
0.14034
0.140348
0.140353
0.140358
0.140362
0.140367
0.14037
0.140371
0.14037
0.140368
0.140364
0.140358
0.140351
0.140343
0.140333
0.14032
0.140302
0.140278
0.140251
0.140228
0.140208
0.140185
0.140157
0.140124
0.140089
0.140049
0.140023
0.140038
0.14009
0.140095
0.140319
0.140334
0.134858
0.135239
0.135594
0.135925
0.136235
0.136523
0.136792
0.137041
0.137272
0.137487
0.137685
0.137869
0.138039
0.138196
0.138342
0.138477
0.138603
0.138721
0.138832
0.138937
0.139037
0.139132
0.139223
0.139311
0.139396
0.13948
0.139564
0.139647
0.13973
0.13981
0.139884
0.13995
0.140007
0.140053
0.140089
0.140116
0.140135
0.140148
0.140156
0.140161
0.140163
0.140164
0.140164
0.140163
0.140161
0.140159
0.140157
0.140153
0.140148
0.140141
0.140131
0.140118
0.140101
0.140081
0.140056
0.140025
0.139991
0.139964
0.139963
0.139998
0.140041
0.140076
0.140107
0.140141
0.140175
0.140209
0.140241
0.140263
0.140274
0.140282
0.140294
0.14032
0.14037
0.140438
0.140483
0.140458
0.140413
0.140536
0.14068
0.140336
0.135659
0.135348
0.134983
0.134548
0.134009
0.133281
0.132187
0.13047
0.128026
0.125459
0.12499
0.131121
0.149012
0.181199
0.224811
0.272176
0.314473
0.345681
0.364451
0.372349
0.370933
0.352635
0.312513
0.255251
0.195759
0.151346
0.130146
0.127172
0.131484
0.135478
0.137212
0.137599
0.137762
0.138099
0.138521
0.138891
0.139174
0.139395
0.139576
0.139725
0.139849
0.139954
0.140047
0.140134
0.14021
0.14027
0.140309
0.140332
0.140345
0.140353
0.140359
0.140364
0.140368
0.140373
0.140377
0.140378
0.140378
0.140375
0.140371
0.140366
0.140359
0.140351
0.140341
0.140328
0.14031
0.140286
0.140259
0.140235
0.140215
0.140191
0.140163
0.140129
0.140094
0.140053
0.140025
0.140037
0.140088
0.140093
0.140325
0.140346
0.135937
0.136204
0.136455
0.136694
0.136919
0.137131
0.137331
0.137519
0.137696
0.137861
0.138016
0.138161
0.138297
0.138425
0.138545
0.138658
0.138765
0.138866
0.138963
0.139056
0.139145
0.139231
0.139314
0.139395
0.139475
0.139555
0.139635
0.139715
0.139792
0.139866
0.139932
0.139991
0.140039
0.140078
0.140108
0.14013
0.140146
0.140156
0.140162
0.140166
0.140167
0.140167
0.140167
0.140166
0.140164
0.140162
0.140159
0.140155
0.14015
0.140142
0.140131
0.140117
0.140099
0.140077
0.140051
0.140019
0.139985
0.13996
0.139966
0.140005
0.140047
0.140082
0.140114
0.140148
0.140183
0.140217
0.140248
0.14027
0.14028
0.140288
0.140301
0.140329
0.140383
0.140453
0.140493
0.140462
0.140421
0.140564
0.140696
0.140327
0.13656
0.136345
0.136095
0.135805
0.135464
0.135053
0.134512
0.133699
0.132362
0.13027
0.127593
0.125777
0.128352
0.140571
0.166612
0.206247
0.253664
0.299927
0.337157
0.361331
0.372605
0.373694
0.359215
0.323301
0.26834
0.207444
0.158321
0.131822
0.125753
0.129798
0.134884
0.137514
0.13814
0.138141
0.138279
0.138623
0.138995
0.139291
0.139506
0.13967
0.139804
0.139918
0.140018
0.140109
0.140191
0.140258
0.140305
0.140333
0.140349
0.140359
0.140365
0.14037
0.140374
0.140379
0.140383
0.140385
0.140385
0.140383
0.140379
0.140374
0.140367
0.140359
0.140349
0.140336
0.140318
0.140295
0.140267
0.140243
0.140222
0.140198
0.140169
0.140136
0.1401
0.140058
0.140026
0.140035
0.140087
0.14009
0.14033
0.140358
0.136754
0.136944
0.137124
0.137296
0.137461
0.137619
0.137768
0.137911
0.138046
0.138175
0.138296
0.138412
0.138522
0.138627
0.138726
0.138822
0.138914
0.139002
0.139087
0.13917
0.13925
0.139327
0.139404
0.13948
0.139556
0.139632
0.139708
0.139782
0.139854
0.13992
0.139978
0.140028
0.140069
0.140101
0.140126
0.140143
0.140155
0.140163
0.140168
0.14017
0.140171
0.140171
0.14017
0.140169
0.140167
0.140164
0.140161
0.140157
0.140151
0.140142
0.14013
0.140115
0.140096
0.140073
0.140045
0.140012
0.139978
0.139957
0.13997
0.140013
0.140054
0.140088
0.140121
0.140156
0.140191
0.140225
0.140256
0.140277
0.140286
0.140294
0.140308
0.14034
0.140398
0.140468
0.140504
0.140466
0.140431
0.140594
0.140711
0.140315
0.137366
0.137224
0.137063
0.136876
0.13666
0.136409
0.136114
0.135746
0.135222
0.134369
0.132949
0.130877
0.128721
0.128435
0.133873
0.149533
0.178123
0.218206
0.263931
0.307311
0.341415
0.363007
0.370649
0.364632
0.339956
0.295558
0.239197
0.185445
0.147631
0.13007
0.12771
0.131781
0.135923
0.138013
0.138576
0.138639
0.138771
0.139043
0.139336
0.139571
0.13974
0.139867
0.139974
0.140072
0.140161
0.140238
0.140295
0.140332
0.140353
0.140365
0.140373
0.140378
0.140383
0.140387
0.140392
0.140394
0.140395
0.140393
0.140389
0.140384
0.140378
0.140369
0.140359
0.140347
0.140329
0.140306
0.140277
0.140252
0.140231
0.140207
0.140178
0.140143
0.140106
0.140063
0.140029
0.140033
0.140085
0.140088
0.140335
0.140371
0.137495
0.137622
0.137745
0.137864
0.137979
0.13809
0.138197
0.1383
0.1384
0.138496
0.138589
0.138678
0.138765
0.138849
0.13893
0.139009
0.139086
0.139161
0.139234
0.139306
0.139377
0.139448
0.139518
0.139588
0.139659
0.13973
0.139799
0.139865
0.139927
0.139982
0.14003
0.14007
0.140102
0.140127
0.140145
0.140158
0.140166
0.140172
0.140175
0.140176
0.140176
0.140175
0.140174
0.140172
0.14017
0.140168
0.140164
0.140159
0.140152
0.140142
0.140129
0.140112
0.140092
0.140067
0.140037
0.140003
0.139971
0.139956
0.139978
0.140023
0.140062
0.140097
0.14013
0.140166
0.140201
0.140235
0.140266
0.140285
0.140293
0.140302
0.140318
0.140354
0.140416
0.140486
0.140515
0.14047
0.140442
0.14063
0.140727
0.140302
0.13805
0.137963
0.137864
0.137753
0.137625
0.137479
0.137311
0.137123
0.13691
0.136644
0.136232
0.135466
0.134061
0.131901
0.129621
0.129236
0.13449
0.149658
0.177308
0.21623
0.261033
0.304097
0.338521
0.360096
0.366505
0.356859
0.327687
0.280824
0.226039
0.177162
0.14469
0.130525
0.129237
0.133062
0.136704
0.138495
0.138959
0.139
0.139118
0.139353
0.139597
0.139785
0.139918
0.140023
0.140119
0.140205
0.140277
0.140327
0.140356
0.140372
0.140381
0.140388
0.140393
0.140397
0.140402
0.140405
0.140406
0.140405
0.140402
0.140397
0.14039
0.140382
0.140372
0.140359
0.140342
0.140319
0.14029
0.140264
0.140241
0.140217
0.140187
0.140152
0.140114
0.14007
0.140032
0.140032
0.140083
0.140085
0.140339
0.140385
0.138131
0.138213
0.138292
0.13837
0.138447
0.138523
0.138597
0.13867
0.138742
0.138812
0.138881
0.138949
0.139016
0.139082
0.139147
0.139212
0.139275
0.139338
0.139401
0.139464
0.139527
0.13959
0.139654
0.139718
0.139782
0.139843
0.139902
0.139957
0.140006
0.140048
0.140084
0.140113
0.140135
0.140152
0.140164
0.140173
0.140178
0.140181
0.140182
0.140182
0.140182
0.14018
0.140179
0.140177
0.140174
0.140171
0.140167
0.140161
0.140152
0.140141
0.140126
0.140108
0.140085
0.140058
0.140026
0.139992
0.139964
0.139959
0.13999
0.140035
0.140073
0.140107
0.140142
0.140178
0.140214
0.140248
0.140277
0.140294
0.140302
0.140311
0.14033
0.140371
0.140438
0.140507
0.140527
0.140474
0.14046
0.140671
0.140742
0.140285
0.138523
0.138465
0.138402
0.138332
0.138253
0.138163
0.138062
0.137947
0.137822
0.137692
0.137553
0.137364
0.136987
0.136141
0.134514
0.132037
0.129504
0.129106
0.134622
0.150231
0.178296
0.217436
0.262327
0.305356
0.33929
0.358862
0.361926
0.346889
0.312298
0.262896
0.209976
0.166371
0.139898
0.130073
0.130726
0.134687
0.137758
0.139032
0.139263
0.139276
0.139407
0.139624
0.139822
0.139965
0.140073
0.140165
0.140248
0.140312
0.140354
0.140378
0.14039
0.140398
0.140403
0.140408
0.140413
0.140417
0.140418
0.140418
0.140415
0.14041
0.140403
0.140395
0.140385
0.140372
0.140356
0.140332
0.140303
0.140276
0.140252
0.140227
0.140197
0.140161
0.140122
0.140077
0.140036
0.14003
0.140081
0.140083
0.140344
0.1404
0.138578
0.138633
0.138688
0.138743
0.138798
0.138853
0.138907
0.138962
0.139016
0.13907
0.139124
0.139178
0.139232
0.139286
0.13934
0.139394
0.139448
0.139503
0.139559
0.139615
0.139671
0.139728
0.139785
0.139841
0.139895
0.139946
0.139993
0.140035
0.140071
0.140102
0.140127
0.140147
0.140162
0.140173
0.14018
0.140185
0.140188
0.140189
0.140189
0.140188
0.140187
0.140186
0.140184
0.140181
0.140178
0.140175
0.140169
0.140162
0.140152
0.140139
0.140122
0.140102
0.140077
0.140048
0.140014
0.13998
0.139959
0.139965
0.140004
0.140047
0.140085
0.140119
0.140155
0.140192
0.140228
0.140261
0.140289
0.140304
0.140311
0.140321
0.140344
0.140391
0.140462
0.140529
0.140538
0.140478
0.140483
0.140715
0.140753
0.140264
0.138867
0.138826
0.138781
0.138732
0.138678
0.138619
0.138553
0.138478
0.138395
0.138305
0.138212
0.138124
0.138034
0.137877
0.137472
0.136508
0.134678
0.131991
0.129393
0.129237
0.135428
0.152081
0.181348
0.221565
0.267029
0.309508
0.341382
0.356808
0.354741
0.333414
0.293569
0.242514
0.19255
0.155137
0.135273
0.130099
0.132599
0.136437
0.138737
0.139444
0.139481
0.139504
0.13966
0.139855
0.140011
0.140125
0.140215
0.14029
0.140346
0.14038
0.140398
0.140408
0.140414
0.140419
0.140424
0.140428
0.140431
0.140431
0.140428
0.140424
0.140417
0.140409
0.140399
0.140386
0.14037
0.140347
0.140318
0.140289
0.140265
0.140239
0.140208
0.140171
0.140131
0.140085
0.14004
0.140029
0.140078
0.14008
0.140347
0.140414
0.138907
0.138948
0.138989
0.139031
0.139073
0.139115
0.139158
0.139201
0.139244
0.139288
0.139332
0.139377
0.139423
0.139468
0.139515
0.139562
0.13961
0.139659
0.139708
0.139758
0.139808
0.139857
0.139905
0.139951
0.139993
0.140033
0.140068
0.140098
0.140123
0.140144
0.140161
0.140173
0.140183
0.140189
0.140193
0.140195
0.140196
0.140196
0.140195
0.140194
0.140193
0.140191
0.140188
0.140186
0.140182
0.140177
0.140171
0.140162
0.14015
0.140135
0.140117
0.140094
0.140067
0.140035
0.140001
0.13997
0.139957
0.139976
0.140018
0.140061
0.140097
0.140133
0.140169
0.140206
0.140242
0.140275
0.140301
0.140314
0.140321
0.140332
0.14036
0.140413
0.140488
0.140551
0.140548
0.140483
0.140514
0.140762
0.140761
0.140239
0.139136
0.139104
0.13907
0.139032
0.138992
0.138948
0.138901
0.138848
0.138789
0.138724
0.138653
0.138578
0.138509
0.138454
0.138401
0.138264
0.137826
0.136757
0.134754
0.131907
0.129341
0.129637
0.136948
0.155372
0.186732
0.228676
0.274598
0.315406
0.343447
0.353106
0.344513
0.316197
0.271438
0.22
0.174668
0.144823
0.132044
0.131161
0.134813
0.138049
0.139465
0.139698
0.139649
0.139712
0.139875
0.140038
0.140162
0.140256
0.140327
0.140376
0.140404
0.140418
0.140425
0.14043
0.140435
0.14044
0.140443
0.140444
0.140443
0.140438
0.140432
0.140424
0.140413
0.140401
0.140385
0.140362
0.140333
0.140304
0.140278
0.140251
0.14022
0.140182
0.140141
0.140093
0.140046
0.140029
0.140075
0.140077
0.140349
0.140428
0.139168
0.139201
0.139234
0.139267
0.139301
0.139336
0.139371
0.139407
0.139443
0.13948
0.139518
0.139557
0.139596
0.139637
0.139678
0.139719
0.139762
0.139804
0.139847
0.139889
0.13993
0.13997
0.140008
0.140042
0.140074
0.140102
0.140126
0.140146
0.140163
0.140176
0.140186
0.140193
0.140198
0.140202
0.140203
0.140204
0.140204
0.140203
0.140201
0.1402
0.140198
0.140196
0.140193
0.14019
0.140185
0.140179
0.140171
0.140161
0.140147
0.14013
0.140109
0.140084
0.140055
0.140021
0.139987
0.139962
0.13996
0.13999
0.140034
0.140075
0.140111
0.140147
0.140184
0.140222
0.140258
0.14029
0.140313
0.140324
0.140331
0.140345
0.140378
0.140438
0.140516
0.140572
0.140556
0.14049
0.140552
0.140811
0.140765
0.140212
0.139361
0.139334
0.139306
0.139276
0.139244
0.139209
0.139171
0.13913
0.139086
0.139037
0.138982
0.138922
0.138858
0.138794
0.138746
0.138724
0.138704
0.13858
0.138096
0.136901
0.134706
0.131704
0.12928
0.130345
0.139425
0.160536
0.194839
0.238778
0.284481
0.322151
0.344397
0.347499
0.330897
0.294978
0.246172
0.196463
0.158002
0.136877
0.130925
0.133169
0.136964
0.139226
0.139878
0.139873
0.139861
0.13997
0.140112
0.140224
0.140304
0.140362
0.140402
0.140425
0.140437
0.140443
0.140448
0.140452
0.140456
0.140458
0.140457
0.140454
0.140447
0.140439
0.140429
0.140417
0.140401
0.140379
0.140349
0.140319
0.140292
0.140264
0.140233
0.140194
0.140152
0.140102
0.140053
0.140029
0.140072
0.140074
0.14035
0.140441
0.139388
0.139415
0.139443
0.139471
0.1395
0.13953
0.13956
0.139591
0.139623
0.139655
0.139688
0.139722
0.139757
0.139792
0.139828
0.139863
0.139899
0.139934
0.139969
0.140002
0.140034
0.140063
0.14009
0.140114
0.140136
0.140154
0.140169
0.140182
0.140192
0.140199
0.140205
0.140208
0.140211
0.140212
0.140212
0.140211
0.14021
0.140209
0.140207
0.140205
0.140203
0.1402
0.140197
0.140193
0.140188
0.14018
0.14017
0.140158
0.140142
0.140123
0.1401
0.140072
0.14004
0.140006
0.139975
0.139958
0.139969
0.140006
0.14005
0.140089
0.140126
0.140163
0.140201
0.140239
0.140274
0.140305
0.140326
0.140335
0.140342
0.14036
0.140399
0.140466
0.140546
0.140593
0.140563
0.140499
0.140599
0.14086
0.140762
0.140179
0.139557
0.139534
0.13951
0.139485
0.139457
0.139428
0.139397
0.139363
0.139327
0.139287
0.139244
0.139197
0.139144
0.139087
0.139026
0.138974
0.138945
0.138953
0.138962
0.138835
0.138277
0.13691
0.134477
0.131332
0.129231
0.131634
0.143379
0.168192
0.206072
0.25175
0.295881
0.328799
0.343317
0.338093
0.312348
0.2693
0.218787
0.174021
0.144782
0.132642
0.13213
0.135694
0.138566
0.139661
0.139778
0.139772
0.139913
0.140114
0.140268
0.140356
0.140403
0.140431
0.140446
0.140455
0.14046
0.140465
0.140469
0.140472
0.140472
0.140469
0.140463
0.140455
0.140445
0.140433
0.140417
0.140395
0.140366
0.140336
0.140307
0.140278
0.140246
0.140207
0.140163
0.140112
0.14006
0.140029
0.140069
0.140071
0.140351
0.140454
0.13958
0.139604
0.139628
0.139653
0.139679
0.139705
0.139731
0.139758
0.139786
0.139814
0.139843
0.139872
0.139901
0.13993
0.139959
0.139988
0.140016
0.140043
0.140068
0.140092
0.140114
0.140134
0.140152
0.140167
0.14018
0.140191
0.1402
0.140207
0.140212
0.140216
0.140218
0.140219
0.14022
0.14022
0.140219
0.140218
0.140216
0.140214
0.140212
0.14021
0.140208
0.140205
0.140201
0.140196
0.140189
0.14018
0.140168
0.140153
0.140135
0.140113
0.140088
0.140057
0.140024
0.13999
0.139965
0.139959
0.139983
0.140024
0.140067
0.140105
0.140142
0.14018
0.140219
0.140256
0.140291
0.14032
0.140338
0.140346
0.140354
0.140377
0.140424
0.140497
0.140577
0.140613
0.140567
0.140511
0.140654
0.140909
0.140751
0.140146
0.139735
0.139715
0.139694
0.139672
0.139648
0.139623
0.139597
0.139568
0.139537
0.139504
0.139468
0.139429
0.139387
0.139341
0.139289
0.139232
0.139175
0.139132
0.139125
0.139162
0.139191
0.139037
0.138361
0.136754
0.134021
0.13081
0.129394
0.133956
0.149522
0.17906
0.220718
0.267173
0.3077
0.333174
0.33819
0.32239
0.286647
0.238167
0.189796
0.153927
0.135902
0.132419
0.135673
0.139209
0.140664
0.140589
0.140172
0.140016
0.140112
0.140269
0.140379
0.140433
0.140456
0.140467
0.140474
0.140479
0.140484
0.140487
0.140488
0.140486
0.140481
0.140473
0.140463
0.140451
0.140435
0.140414
0.140386
0.140355
0.140325
0.140294
0.140262
0.140222
0.140177
0.140124
0.140069
0.140031
0.140065
0.140067
0.140348
0.140468
0.139756
0.139777
0.139798
0.139819
0.139841
0.139864
0.139886
0.139909
0.139932
0.139955
0.139979
0.140002
0.140024
0.140046
0.140068
0.140089
0.140108
0.140127
0.140144
0.140159
0.140173
0.140185
0.140195
0.140204
0.140212
0.140217
0.140222
0.140225
0.140227
0.140228
0.140229
0.140229
0.140228
0.140227
0.140226
0.140224
0.140222
0.14022
0.140218
0.140215
0.140212
0.140208
0.140203
0.140196
0.140188
0.140176
0.140162
0.140145
0.140125
0.140101
0.140072
0.14004
0.140006
0.139976
0.13996
0.139968
0.140001
0.140044
0.140085
0.140123
0.140161
0.140199
0.140238
0.140276
0.14031
0.140335
0.140351
0.140358
0.14037
0.140399
0.140454
0.140533
0.140609
0.14063
0.140571
0.14053
0.14072
0.140957
0.140735
0.140124
0.139881
0.139863
0.139845
0.139826
0.139805
0.139783
0.139759
0.139734
0.139707
0.139678
0.139646
0.139613
0.139576
0.139537
0.139494
0.139446
0.139392
0.139334
0.139279
0.139246
0.13926
0.139324
0.139363
0.139146
0.138281
0.136331
0.133233
0.130096
0.129906
0.137714
0.158485
0.193925
0.239921
0.28693
0.323465
0.340428
0.33493
0.306643
0.260195
0.207326
0.162548
0.135578
0.12674
0.129236
0.134837
0.138804
0.140319
0.140458
0.140295
0.140256
0.140329
0.140413
0.140461
0.14048
0.140486
0.14049
0.140494
0.140499
0.140501
0.140499
0.140495
0.140487
0.140477
0.140465
0.14045
0.140429
0.140401
0.14037
0.140339
0.140307
0.140273
0.140233
0.140187
0.140134
0.140076
0.140033
0.140064
0.140064
0.140352
0.140478
0.139899
0.139918
0.139936
0.139954
0.139973
0.139991
0.14001
0.140028
0.140046
0.140064
0.140081
0.140098
0.140115
0.14013
0.140145
0.140159
0.140171
0.140183
0.140193
0.140202
0.14021
0.140217
0.140222
0.140227
0.14023
0.140233
0.140235
0.140236
0.140236
0.140236
0.140235
0.140234
0.140233
0.140232
0.14023
0.140228
0.140227
0.140224
0.140222
0.140219
0.140215
0.140211
0.140204
0.140196
0.140186
0.140173
0.140157
0.140138
0.140115
0.140087
0.140056
0.140021
0.139988
0.139964
0.13996
0.13998
0.140019
0.140061
0.140101
0.140139
0.140177
0.140217
0.140256
0.140293
0.140326
0.140349
0.140361
0.140368
0.140382
0.140418
0.140481
0.140566
0.140638
0.140644
0.140571
0.140544
0.140782
0.140998
0.140708
0.1401
0.140066
0.140053
0.140041
0.140027
0.140013
0.139997
0.13998
0.139961
0.139941
0.13992
0.139897
0.139871
0.139844
0.139814
0.139782
0.139746
0.139707
0.139663
0.139613
0.139557
0.139507
0.139481
0.139508
0.139593
0.139664
0.139488
0.138664
0.136767
0.133761
0.130851
0.130969
0.138759
0.158277
0.190323
0.230827
0.271388
0.30299
0.317474
0.311887
0.2863
0.246469
0.203406
0.168232
0.146782
0.137941
0.136705
0.138108
0.13943
0.140043
0.140227
0.140297
0.14037
0.140438
0.140484
0.140506
0.140516
0.140521
0.140525
0.140529
0.140529
0.140526
0.14052
0.14051
0.140497
0.140482
0.140463
0.140436
0.140405
0.140373
0.140338
0.140302
0.14026
0.140213
0.140156
0.140096
0.140041
0.140061
0.140059
0.140334
0.140502
0.140078
0.140091
0.140103
0.140115
0.140126
0.140138
0.140149
0.140159
0.140169
0.140179
0.140188
0.140197
0.140205
0.140212
0.140219
0.140225
0.140231
0.140235
0.140239
0.140243
0.140245
0.140247
0.140249
0.14025
0.140251
0.140251
0.14025
0.14025
0.140249
0.140248
0.140247
0.140245
0.140244
0.140242
0.14024
0.140238
0.140235
0.140232
0.140228
0.140224
0.140218
0.14021
0.140201
0.140189
0.140175
0.140158
0.140137
0.140114
0.140086
0.140056
0.140024
0.139993
0.139971
0.139965
0.139979
0.140013
0.140054
0.140096
0.140135
0.140173
0.140213
0.140253
0.140292
0.140327
0.140355
0.140373
0.140383
0.140393
0.140419
0.140469
0.140545
0.140632
0.140684
0.140657
0.140578
0.140619
0.140913
0.141048
0.140674
0.140111
)
;

boundaryField
{
    inlet
    {
        type            freestream;
        freestreamValue uniform 0.14;
        value           nonuniform List<scalar> 
134
(
0.14
0.14
0.14
0.14
0.14
0.14
0.14
0.14
0.14
0.14
0.140015
0.140031
0.14005
0.140068
0.140086
0.140103
0.14012
0.140135
0.140149
0.140163
0.14
0.140175
0.140185
0.140194
0.140202
0.140208
0.140213
0.140217
0.140221
0.140222
0.140224
0.140226
0.140226
0.140226
0.140226
0.140226
0.140227
0.140229
0.140233
0.140236
0.14
0.14
0.14
0.14
0.14
0.14
0.14
0.140238
0.140239
0.140242
0.140245
0.140249
0.140253
0.140258
0.140264
0.14027
0.140278
0.140285
0.140294
0.140303
0.140313
0.140323
0.140334
0.140346
0.140358
0.140371
0.140385
0.1404
0.140414
0.140428
0.140441
0.140454
0.140468
0.140478
0.140502
0.14
0.14
0.14
0.14
0.14
0.14
0.14
0.14
0.14
0.14
0.14
0.14
0.14
0.14
0.14
0.14
0.14
0.14
0.14
0.14
0.14
0.14
0.14
0.14
0.14
0.14
0.14
0.14
0.14
0.14
0.14
0.14
0.14
0.14
0.14
0.14
0.14
0.14
0.14
0.14
0.14
0.14
0.14
0.14
0.14
0.14
0.14
0.14
0.14
0.14
0.14
0.14
0.14
0.14
0.14
0.14
0.14
0.14
0.14
)
;
    }
    outlet
    {
        type            freestream;
        freestreamValue uniform 0.14;
        value           nonuniform List<scalar> 
160
(
0.140066
0.140078
0.140053
0.140091
0.140041
0.140103
0.140027
0.140115
0.140013
0.140126
0.139997
0.140138
0.13998
0.140149
0.139961
0.140159
0.139941
0.140169
0.13992
0.140179
0.139897
0.140188
0.139871
0.140197
0.139844
0.140205
0.139814
0.140212
0.139782
0.140219
0.139746
0.140225
0.139707
0.140231
0.139663
0.140235
0.139613
0.140239
0.139557
0.140243
0.139507
0.140245
0.139481
0.140247
0.139508
0.140249
0.139593
0.14025
0.139664
0.140251
0.139488
0.140251
0.138664
0.14025
0.136767
0.14025
0.133761
0.140249
0.130851
0.140248
0.130969
0.140247
0.138759
0.140245
0.158277
0.140244
0.190323
0.140242
0.230827
0.14024
0.271388
0.140238
0.30299
0.140235
0.317474
0.140232
0.311887
0.140228
0.2863
0.140224
0.246469
0.140218
0.203406
0.14021
0.168232
0.140201
0.146782
0.140189
0.137941
0.140175
0.136705
0.140158
0.138108
0.140137
0.13943
0.140114
0.140043
0.140086
0.140227
0.140056
0.140297
0.140024
0.14037
0.139993
0.140438
0.139971
0.140484
0.139965
0.140506
0.139979
0.140516
0.140013
0.140521
0.140054
0.140525
0.140096
0.140529
0.140135
0.140529
0.140173
0.140526
0.140213
0.14052
0.140253
0.14051
0.140292
0.140497
0.140327
0.140482
0.140355
0.140463
0.140373
0.140436
0.140383
0.140405
0.140393
0.140373
0.140419
0.140338
0.140469
0.140302
0.140545
0.14026
0.140632
0.140213
0.140684
0.140156
0.140657
0.140096
0.140578
0.140041
0.140619
0.140061
0.140913
0.140059
0.141048
0.140334
0.140674
0.140502
0.140111
)
;
    }
    walls
    {
        type            fixedValue;
        value           nonuniform List<scalar> 
78
(
0.094572
0.0999498
0.105865
0.112223
0.119408
0.127451
0.136635
0.147051
0.158927
0.172141
0.186385
0.201244
0.215841
0.229289
0.240879
0.249606
0.255182
0.257951
0.258298
0.256751
0.253543
0.248949
0.243121
0.236405
0.229327
0.222236
0.215085
0.207633
0.199652
0.191049
0.181668
0.170819
0.15863
0.144705
0.119075
0.0932461
0.116446
0.134812
0.0969946
0.0892749
0.0830154
0.0753501
0.0646224
0.051796
0.0500893
0.0500151
0.0617503
0.0717533
0.0800241
0.0877124
0.0955201
0.103657
0.11209
0.120536
0.128705
0.13631
0.143174
0.149219
0.154512
0.159203
0.163484
0.167553
0.171548
0.175254
0.178368
0.180879
0.182876
0.184406
0.185393
0.185971
0.186116
0.185747
0.184842
0.183414
0.181559
0.179158
0.176585
0.173623
)
;
    }
    frontAndBack
    {
        type            empty;
    }
}


// ************************************************************************* //
