/*--------------------------------*- C++ -*----------------------------------*\
  =========                 |
  \\      /  F ield         | OpenFOAM: The Open Source CFD Toolbox
   \\    /   O peration     | Website:  https://openfoam.org
    \\  /    A nd           | Version:  12
     \\/     M anipulation  |
\*---------------------------------------------------------------------------*/
FoamFile
{
    format      ascii;
    class       volScalarField;
    location    "250";
    object      p;
}
// * * * * * * * * * * * * * * * * * * * * * * * * * * * * * * * * * * * * * //

dimensions      [0 2 -2 0 0 0 0];

internalField   nonuniform List<scalar> 
10720
(
-214.108
-392.227
-602.247
-807.855
-996.682
-1189.15
-1358.92
-1500.72
-1623.81
-1719.6
-1792.74
-1846.27
-1882.27
-1903.6
-1911.1
-1903.61
-1883.41
-1847.34
-1798.21
-1732.72
-1653.38
-1558.28
-1452.76
-1339
-1225.37
-1124.11
-1032.88
-943.089
-854.024
-766.213
-679.219
-592.692
-506.371
-419.705
-332.063
-240.829
-144.918
-30.2306
85.9167
-34.1207
129.574
305.96
471.739
614.538
724.802
793.551
819.728
817.995
791.55
743.765
688.13
631.702
576.831
525.142
476.362
430.727
387.252
345.324
303.75
262.421
220.57
178.425
136.954
100.725
72.3138
49.192
30.4201
15.9986
6.07359
0.413831
-1.24172
0.915882
6.89498
16.7369
31.4332
52.4124
88.465
149.865
59.3789
-76.1679
-227.564
-387.898
-552.213
-720.068
-882.629
-1034.83
-1175.16
-1299.38
-1406.73
-1497.24
-1571.1
-1628.38
-1668.93
-1691.9
-1698.71
-1688.36
-1662.13
-1618.56
-1559.01
-1482.84
-1394.09
-1295.49
-1194.42
-1101.29
-1015.11
-929.201
-843.115
-757.614
-672.481
-587.462
-502.361
-416.673
-329.79
-239.12
-143.631
-29.1663
85.1861
181.59
298.482
415.591
529.339
630.438
712.603
768.483
795.109
796.054
774.186
735.596
688.574
638.27
587.288
537.422
489.321
443.382
399.239
356.464
314.292
272.508
230.613
188.813
148.098
112.021
82.7857
58.6616
38.8562
23.419
12.4842
5.88414
3.38449
4.78757
10.0988
19.3826
33.6403
54.2747
90.1219
149.038
98.921
-22.5389
-158.826
-308.903
-464.107
-622.793
-781.141
-932.631
-1073.43
-1201.18
-1312.89
-1407.82
-1485.44
-1545.64
-1588.98
-1615.93
-1626.98
-1621.66
-1600.44
-1562.76
-1509.35
-1440.36
-1358.84
-1267.85
-1173.53
-1084.36
-1000.7
-917.38
-833.61
-750.041
-666.528
-582.833
-498.791
-413.943
-327.71
-237.552
-142.489
-28.4972
84.5994
208.771
315.976
423.041
525.056
613.926
685.755
735.514
761.631
765.993
750.534
719.791
679.342
633.667
585.811
537.854
490.909
445.541
401.738
359.208
317.399
276.017
234.726
193.684
153.792
117.866
88.0641
63.4141
43.158
27.2931
15.9297
8.9262
6.0472
7.10009
12.0934
21.1118
35.1595
55.6328
91.1792
147.678
159.173
57.0795
-59.2062
-186.872
-320.641
-460.334
-601.909
-740.989
-874.351
-999.251
-1112.97
-1213.89
-1300.83
-1373.15
-1430.32
-1472.37
-1498.64
-1508.41
-1501.52
-1477.68
-1437.3
-1380.88
-1310.89
-1230.53
-1145.1
-1061.85
-982.244
-902.537
-821.786
-740.661
-659.177
-577.149
-494.46
-410.696
-325.312
-235.845
-141.373
-28.1673
83.6286
250.776
339.081
427.938
514.144
590.208
653.13
698.436
724.378
731.707
721.638
697.701
664.037
624.263
581.182
536.815
492.4
448.669
405.894
363.992
322.648
281.646
240.813
200.326
161.035
125.253
95.0143
69.8422
49.0391
32.5848
20.6021
12.9797
9.5091
10.0202
14.5354
23.1579
36.8887
57.0943
92.1565
146.254
178.513
87.7251
-16.1913
-131.061
-251.767
-379.289
-510.251
-640.684
-768.108
-889.729
-1002.78
-1105.34
-1195.79
-1272.84
-1335.59
-1383.47
-1415.53
-1431.49
-1431
-1414.04
-1380.87
-1332.2
-1270.04
-1197.42
-1118.91
-1040.56
-964.354
-887.682
-809.585
-730.702
-651.164
-570.811
-489.54
-406.961
-322.553
-233.919
-140.206
-28.0512
82.0695
260.189
338.498
417.5
494.127
561.776
618.421
660.475
686.225
695.853
690.308
672.256
644.799
610.736
572.475
531.92
490.349
448.631
407.248
366.329
325.767
285.45
245.321
205.587
167.042
131.605
101.134
75.5471
54.2871
37.3388
24.8345
16.694
12.7345
12.7997
16.9157
25.1975
38.6409
58.5707
93.0794
144.743
191.038
110.59
18.0035
-84.2996
-191.861
-306.394
-424.753
-543.777
-661.65
-775.814
-883.905
-984.073
-1074.53
-1153.75
-1220.55
-1273.96
-1313.06
-1337.26
-1345.87
-1338.53
-1315.2
-1276.46
-1223.94
-1160.39
-1089.79
-1017.23
-945.109
-871.86
-796.689
-720.223
-642.718
-564.092
-484.282
-402.936
-319.567
-231.86
-139.047
-28.2176
79.9433
263.408
332.514
402.707
471.269
532.105
583.731
623.184
648.641
659.95
658.009
644.819
622.774
594.046
560.621
524.185
485.946
446.799
407.343
367.866
328.436
289.061
249.792
210.882
173.087
138.043
107.44
81.4964
59.8208
42.4025
29.3797
20.7065
16.2261
15.8006
19.4687
27.362
40.4702
60.0687
93.9109
143.102
193.676
121.089
37.3169
-55.3231
-152.54
-256.623
-364.766
-474.2
-583.706
-690.994
-794.012
-891.083
-980.372
-1060.24
-1129.3
-1186.33
-1230.14
-1259.76
-1274.36
-1273.48
-1257.09
-1225.73
-1180.78
-1124.7
-1060.93
-993.708
-925.518
-855.616
-783.372
-709.36
-633.93
-557.071
-478.757
-398.685
-316.408
-229.706
-137.926
-28.6893
77.2797
259.042
321.254
384.757
447.03
502.488
550.075
587.347
612.388
624.898
625.776
616.554
599.118
575.174
546.315
513.976
479.218
442.902
405.682
367.953
329.919
291.708
253.47
215.505
178.541
144
113.422
87.2392
65.2274
47.396
33.8942
24.7137
19.7303
18.8264
22.0541
29.5594
42.3191
61.5534
94.6266
141.344
191.897
125.998
49.7735
-34.452
-122.61
-217.307
-315.956
-416.145
-517.077
-616.799
-713.526
-805.855
-892.085
-970.606
-1039.96
-1098.77
-1145.69
-1179.7
-1199.86
-1205.5
-1196.32
-1172.67
-1135.6
-1087.2
-1030.42
-968.816
-904.875
-838.525
-769.367
-697.948
-624.706
-549.71
-472.972
-394.234
-313.106
-227.477
-136.845
-29.4401
74.117
251.328
307.76
365.674
422.731
473.735
517.959
553.313
577.833
591.178
594.217
588.183
574.605
554.841
530.164
501.756
470.508
437.199
402.473
366.777
330.408
293.592
256.562
219.666
183.61
149.666
119.243
92.9217
70.6405
52.4439
38.4955
28.8258
23.3457
21.9595
24.7342
31.8312
44.2112
63.0324
95.2291
139.484
186.832
126.493
56.6125
-20.5454
-101.057
-187.689
-278.098
-370.107
-463.269
-555.874
-646.425
-733.782
-816.398
-892.761
-961.442
-1021
-1070.01
-1107.28
-1131.74
-1142.51
-1139.15
-1121.88
-1091.56
-1049.95
-999.544
-943.314
-883.599
-820.81
-754.778
-686.023
-615.047
-541.992
-466.909
-389.585
-309.674
-225.192
-135.797
-30.4276
70.5247
241.326
292.986
346.254
398.939
446.174
487.559
521.19
545.109
559.007
563.693
560.204
549.819
533.648
512.708
487.96
460.122
429.864
397.775
364.306
329.808
294.58
258.921
223.216
188.159
154.914
124.779
98.4326
75.9641
57.4638
43.114
32.9838
27.0223
25.1593
27.4778
34.1551
46.1298
64.4928
95.7137
137.522
179.895
124.327
59.9205
-11.1071
-84.9869
-164.55
-247.616
-332.219
-418.163
-503.94
-588.322
-670.392
-748.775
-822.146
-889.138
-948.309
-998.239
-1037.64
-1065.41
-1080.57
-1082.46
-1071.14
-1047.2
-1012.07
-967.835
-916.935
-861.534
-802.393
-739.563
-673.56
-604.935
-533.902
-460.554
-384.72
-306.107
-222.861
-134.785
-31.6279
66.5873
230.167
277.757
327.059
375.999
419.999
458.915
490.981
514.242
528.469
534.397
532.932
525.167
512.046
494.391
472.978
448.37
421.116
391.724
360.614
328.154
294.682
260.542
226.152
192.19
159.744
130.024
103.769
81.1982
62.4584
47.7542
37.1941
30.768
28.4338
30.2911
36.5341
48.0748
65.9316
96.081
135.464
171.804
120.358
60.699
-5.00481
-73.1095
-146.481
-223.068
-301.08
-380.464
-459.914
-538.427
-615.289
-689.29
-759.274
-823.998
-882.098
-932.168
-972.909
-1003.11
-1021.78
-1028.05
-1021.82
-1003.5
-974.228
-935.704
-889.919
-838.807
-783.336
-723.752
-660.569
-594.369
-525.435
-453.898
-379.634
-302.401
-220.482
-133.817
-33.0301
62.3608
218.426
262.518
308.388
354.079
395.261
431.996
462.612
485.193
499.57
506.424
506.554
500.935
490.384
475.581
457.158
435.548
411.177
384.464
355.777
325.466
293.883
261.394
228.431
195.659
164.113
134.93
108.884
86.3015
67.3919
52.3869
41.4337
34.5648
31.7694
33.1638
38.9605
50.0389
67.3418
96.3317
133.319
163.092
115.259
59.774
-1.24535
-64.2781
-132.176
-202.994
-275.082
-348.511
-422.117
-495.079
-566.859
-636.414
-702.762
-764.784
-821.215
-870.727
-912.037
-943.884
-965.295
-975.25
-973.492
-960.232
-936.33
-903.154
-862.295
-815.438
-763.655
-707.352
-647.051
-583.349
-516.588
-446.94
-374.326
-298.556
-218.061
-132.902
-34.6298
57.8792
206.525
247.561
290.426
333.253
371.953
406.728
435.99
457.883
472.269
479.797
481.188
477.318
468.918
456.569
440.795
421.919
400.264
376.156
349.896
321.797
292.199
261.47
230.035
198.547
167.998
139.469
113.748
91.2481
72.2434
56.9953
45.6902
38.4039
35.16
36.0913
41.4294
52.0171
68.7181
96.4683
131.094
154.107
109.464
57.6793
0.811783
-57.7314
-120.764
-186.437
-253.204
-321.237
-389.499
-457.289
-524.23
-589.422
-652.042
-711.118
-765.501
-813.953
-855.237
-888.09
-911.546
-924.507
-926.542
-917.71
-898.635
-870.381
-834.195
-791.501
-743.393
-690.387
-633.013
-571.874
-507.357
-439.677
-368.794
-294.573
-215.599
-132.048
-36.4187
53.1623
194.71
233.063
273.256
313.532
350.02
383.02
411.011
432.212
446.505
454.51
456.888
454.439
447.835
437.588
424.134
407.721
388.583
366.961
343.087
317.217
289.661
260.768
230.948
200.832
171.374
143.607
118.325
96.0058
76.9836
61.555
49.9442
42.2704
38.594
39.0647
43.9336
54.0028
70.0548
96.4931
128.797
145.082
103.281
54.8069
1.65051
-52.8866
-111.569
-172.63
-234.607
-297.752
-361.122
-424.121
-486.491
-547.471
-606.372
-662.371
-714.443
-761.437
-802.201
-835.504
-860.376
-875.731
-880.959
-875.986
-861.231
-837.493
-805.714
-767.065
-722.592
-672.882
-618.469
-559.948
-497.743
-432.104
-363.034
-290.451
-213.099
-131.264
-38.3887
48.2289
183.159
219.117
256.926
294.901
329.404
360.773
387.565
408.084
422.203
430.533
433.678
432.382
427.272
418.812
407.38
393.163
376.327
357.044
335.471
311.806
286.313
259.306
231.171
202.503
174.221
147.321
122.586
100.545
81.5865
66.0434
54.1771
46.1499
42.0603
42.0752
46.4655
55.9891
71.3465
96.4113
126.438
136.173
96.9296
51.4341
1.61904
-49.3242
-104.097
-161
-218.656
-277.361
-336.25
-394.827
-452.922
-509.891
-565.172
-618.055
-667.649
-712.912
-752.778
-786.08
-811.843
-829.031
-836.885
-835.22
-824.281
-804.638
-776.973
-742.21
-701.306
-654.872
-603.436
-547.58
-487.748
-424.221
-357.045
-286.19
-210.561
-130.549
-40.5322
43.101
171.978
205.782
241.436
277.332
310.028
339.891
365.554
385.395
399.285
407.814
411.551
411.186
407.32
400.378
390.696
378.425
363.676
346.558
327.172
305.652
282.209
257.115
230.712
203.555
176.525
150.584
126.5
104.835
86.0238
70.4357
58.368
50.0255
45.5455
45.1124
49.0164
57.9687
72.5877
96.2269
124.028
127.485
90.5606
47.7635
0.975668
-46.725
-97.9591
-151.098
-204.84
-259.506
-314.299
-368.804
-422.921
-476.098
-527.883
-577.684
-624.719
-668.063
-706.741
-739.665
-765.866
-784.392
-794.365
-795.498
-787.894
-771.934
-748.078
-717.02
-679.593
-636.395
-587.939
-534.782
-477.377
-416.031
-350.828
-281.789
-207.985
-129.906
-42.8344
37.8004
161.234
193.089
226.782
260.778
291.82
320.285
344.883
364.055
377.672
386.307
390.494
390.879
388.044
382.386
374.216
363.653
350.778
335.649
318.313
298.852
277.418
254.232
229.588
203.99
178.28
153.381
130.044
108.848
90.2682
74.7067
62.4955
53.8795
49.0352
48.1647
51.5766
59.9338
73.7735
95.9466
121.577
119.091
84.2766
43.9383
-0.0889042
-44.8477
-92.864
-142.586
-192.766
-243.749
-294.8
-345.557
-395.974
-445.592
-494.041
-540.835
-585.295
-626.606
-663.888
-696.135
-722.406
-741.824
-753.457
-756.916
-752.192
-739.511
-719.148
-691.588
-657.519
-617.498
-572.007
-521.57
-466.638
-407.537
-344.384
-277.251
-205.372
-129.329
-45.2788
32.35
150.962
181.044
212.941
245.192
274.711
301.872
325.458
343.977
357.286
365.952
370.473
371.461
369.48
364.91
358.039
348.975
337.77
324.449
309.017
291.506
272.015
250.709
227.828
203.821
179.481
155.698
133.195
112.558
94.2928
78.8309
66.5366
57.6924
52.5135
51.2194
54.1356
61.8764
74.8996
95.5769
119.095
111.035
78.1513
40.0725
-1.4342
-43.5021
-88.5877
-135.187
-182.12
-229.736
-277.357
-324.661
-371.658
-417.946
-463.24
-507.133
-549.043
-588.263
-623.997
-655.333
-681.373
-701.302
-714.186
-719.544
-717.274
-707.484
-690.295
-666.007
-635.157
-598.233
-555.676
-507.968
-455.546
-398.745
-337.717
-272.577
-202.719
-128.816
-47.8458
26.779
141.181
169.64
199.884
230.524
258.631
284.571
307.196
325.072
338.055
346.693
351.456
352.927
351.654
348.003
342.247
334.489
324.764
313.075
299.394
283.712
266.078
246.602
225.468
203.065
180.135
157.527
135.935
115.942
98.0718
82.7829
70.468
61.4441
55.9629
54.2625
56.6819
63.788
75.9617
95.1257
116.596
103.341
72.2368
36.2356
-2.94707
-42.5537
-84.9478
-128.689
-172.645
-217.181
-261.651
-305.78
-349.607
-392.794
-435.11
-476.229
-515.651
-552.763
-586.858
-617.109
-642.679
-662.794
-676.569
-683.44
-683.23
-675.957
-661.627
-640.372
-612.581
-578.657
-538.985
-494.001
-444.115
-389.665
-330.83
-267.767
-200.027
-128.36
-50.5139
21.1156
131.899
158.861
187.576
216.723
243.51
268.305
290.017
307.267
319.907
328.47
333.402
335.257
334.569
331.695
326.898
320.276
311.859
301.633
289.55
275.565
259.686
241.972
222.549
201.748
180.253
158.866
138.251
118.978
101.581
86.5377
74.2658
65.113
59.3651
57.2788
59.2032
65.6599
76.9563
94.6005
114.091
96.0252
66.5668
32.4862
-4.55149
-41.8893
-81.8098
-122.92
-164.146
-205.85
-247.425
-288.622
-329.518
-369.812
-409.332
-447.816
-484.835
-519.858
-552.266
-581.308
-606.216
-626.251
-640.605
-648.642
-650.133
-645.029
-633.247
-614.779
-589.872
-558.833
-521.982
-479.7
-432.366
-380.309
-323.729
-262.825
-197.293
-127.955
-53.2607
15.3892
123.111
148.689
175.984
203.742
229.293
253.004
273.849
290.489
302.777
311.231
316.275
318.433
318.227
316.01
312.034
306.4
299.133
290.213
279.576
267.155
252.919
236.884
219.122
199.904
179.851
159.719
140.135
121.65
104.799
90.0714
77.9061
68.6773
62.7007
60.2523
61.6865
67.4831
77.8803
94.0098
111.593
89.0916
61.161
28.865
-6.18393
-41.4269
-79.0612
-117.747
-156.457
-195.554
-234.459
-272.956
-311.137
-348.747
-385.649
-421.636
-456.35
-489.328
-520.027
-547.775
-571.873
-591.614
-606.276
-615.177
-618.044
-614.788
-605.252
-589.322
-567.111
-538.826
-504.716
-465.103
-420.323
-370.691
-316.424
-257.753
-194.513
-127.588
-56.0609
9.63265
114.81
139.1
165.07
191.529
215.922
238.611
258.628
274.677
286.608
294.924
300.03
302.426
302.62
300.957
297.685
292.907
286.651
278.892
269.558
258.565
245.855
231.405
215.241
197.57
178.953
160.095
141.583
123.944
107.705
93.3613
81.3656
72.1146
65.9498
63.1656
64.1182
69.2485
78.7311
93.3622
109.114
82.5397
56.0326
25.3974
-7.80019
-41.0997
-76.6169
-113.058
-149.446
-186.13
-222.573
-258.575
-294.246
-329.358
-363.814
-397.453
-429.964
-460.958
-489.957
-516.362
-539.538
-558.816
-573.559
-583.058
-587.012
-585.304
-577.732
-564.091
-544.381
-518.705
-487.243
-450.25
-408.014
-360.83
-308.924
-252.554
-191.684
-127.248
-58.8878
3.88025
106.982
130.07
154.801
180.042
203.343
225.065
244.292
259.766
271.339
279.498
284.63
287.208
287.732
286.538
283.87
279.835
274.464
267.733
259.567
249.872
238.569
225.603
210.958
194.786
177.585
160.007
142.597
125.852
110.284
96.3865
84.6216
75.4022
69.0916
66.0009
66.4841
70.9469
79.5061
92.6655
106.666
76.3642
51.1855
22.1037
-9.36584
-40.8617
-74.4079
-108.768
-143.003
-177.458
-211.619
-245.313
-278.655
-311.448
-343.622
-375.052
-405.475
-434.558
-461.885
-486.923
-509.1
-527.786
-542.414
-552.287
-557.077
-556.644
-550.765
-539.171
-521.76
-498.542
-469.621
-435.185
-395.472
-350.747
-301.24
-247.233
-188.801
-126.922
-61.7169
-1.83603
99.6097
121.577
145.143
169.237
191.51
212.315
230.787
245.703
256.917
264.906
270.032
272.75
273.546
272.751
270.6
267.208
262.612
256.788
249.665
241.142
231.128
219.542
206.332
191.599
175.782
159.477
143.185
127.37
112.522
99.1287
87.6525
78.5182
72.1055
68.7397
68.7698
72.5692
80.2038
91.9279
104.26
70.5555
46.6213
18.9947
-10.8573
-40.6697
-72.381
-104.805
-137.041
-169.426
-201.477
-233.031
-264.214
-294.85
-324.892
-354.25
-382.699
-409.954
-435.649
-459.318
-480.443
-498.441
-512.8
-522.853
-528.256
-528.855
-524.423
-514.643
-499.33
-478.411
-451.91
-419.956
-382.729
-340.466
-293.388
-241.794
-185.86
-126.593
-64.519
-7.48087
92.6781
113.592
136.064
159.077
180.377
200.31
218.058
232.435
243.297
251.103
256.201
259.022
260.041
259.581
257.876
255.044
251.124
246.1
239.905
232.438
223.596
213.283
201.418
188.056
173.579
158.526
143.356
128.497
114.411
101.571
90.4385
81.4413
74.9703
71.363
70.9603
74.106
80.8225
91.1569
101.908
65.1011
42.3376
16.0777
-12.2578
-40.4944
-70.4924
-101.109
-131.485
-161.948
-192.037
-221.605
-250.782
-279.414
-307.472
-334.887
-361.473
-386.985
-411.104
-433.418
-453.462
-470.703
-484.667
-494.741
-500.563
-501.98
-498.768
-490.581
-477.167
-458.38
-434.176
-404.614
-369.829
-330.013
-285.381
-236.242
-182.854
-126.246
-67.2663
-13.0206
86.1681
106.092
127.532
149.522
169.9
189.003
206.059
219.916
230.43
238.047
243.097
245.993
247.195
247.02
245.698
243.35
240.022
235.703
230.331
223.808
216.029
206.884
196.269
184.204
171.013
157.183
143.127
129.237
115.944
103.703
92.9618
84.1509
77.6662
73.8524
73.041
75.5482
81.3609
90.3592
99.6189
59.9894
38.3285
13.3547
-13.5556
-40.3153
-68.7092
-97.6368
-126.277
-154.949
-183.214
-210.937
-238.249
-265.014
-291.222
-316.82
-341.65
-365.507
-388.113
-409.1
-428.052
-444.487
-457.964
-467.926
-474.006
-476.052
-473.852
-467.049
-455.341
-438.519
-416.477
-389.214
-356.809
-319.418
-277.24
-230.582
-179.778
-125.859
-69.93
-18.4216
80.0616
99.0517
119.516
140.535
160.039
178.353
194.745
208.101
218.274
225.698
230.685
233.631
234.984
235.051
234.059
232.131
229.319
225.62
220.976
215.298
208.477
200.396
190.938
180.089
168.123
155.476
142.517
129.599
117.121
105.512
95.2069
86.6287
80.1736
76.1898
74.997
76.887
81.8176
89.5408
97.4008
55.2075
34.5853
10.8261
-14.7426
-40.1146
-67.0032
-94.3497
-121.368
-148.368
-174.932
-200.939
-226.516
-251.545
-276.026
-299.924
-323.105
-345.394
-366.55
-386.247
-404.116
-419.713
-432.631
-442.376
-448.574
-451.085
-449.716
-444.108
-433.92
-418.896
-398.877
-373.809
-343.716
-308.712
-268.979
-224.824
-176.625
-125.415
-72.486
-23.6517
74.3389
92.4471
111.987
132.088
150.759
168.321
184.077
196.948
206.789
214.017
218.931
221.908
223.382
223.655
222.947
221.385
219.025
215.869
211.87
206.943
200.982
193.868
185.473
175.758
164.952
153.439
141.548
129.595
117.943
106.993
97.1609
88.8577
82.4741
78.3576
76.8142
78.1136
82.1915
88.7062
95.2606
50.7403
31.1011
8.48765
-15.8134
-39.8808
-65.3541
-91.2165
-116.718
-142.155
-167.132
-191.538
-215.501
-238.91
-261.782
-284.089
-305.721
-326.53
-346.305
-364.756
-381.556
-396.302
-408.612
-418.056
-424.259
-427.096
-426.396
-421.805
-412.964
-399.576
-381.441
-358.453
-330.591
-297.929
-260.622
-218.971
-173.391
-124.898
-74.9049
-28.6806
68.9812
86.2553
104.92
124.146
142.026
158.871
174.015
186.42
195.936
202.968
207.801
210.793
212.367
212.814
212.352
211.107
209.142
206.464
203.033
198.772
193.581
187.342
179.92
171.255
161.536
151.103
140.245
129.239
118.416
108.144
98.8147
90.8232
84.5507
80.3393
78.4791
79.2196
82.4811
87.8599
93.2036
46.5735
27.8646
6.33595
-16.767
-39.605
-63.7468
-88.2137
-112.292
-136.266
-159.761
-182.67
-205.127
-227.029
-248.396
-269.218
-289.398
-308.812
-327.274
-344.53
-360.283
-374.176
-385.848
-394.924
-401.044
-404.088
-403.914
-400.185
-392.525
-380.619
-364.228
-343.203
-317.483
-287.101
-252.192
-213.034
-170.069
-124.283
-77.1635
-33.4772
63.9708
80.4537
98.2868
116.681
133.807
149.966
164.526
176.479
185.68
192.518
197.263
200.258
201.912
202.508
202.256
201.289
199.668
197.409
194.48
190.81
186.306
180.854
174.316
166.619
157.915
148.503
138.634
128.551
118.549
108.964
100.161
92.514
86.389
82.1197
79.9789
80.197
82.6854
87.0041
91.2328
42.693
24.8656
4.36553
-17.6041
-39.2811
-62.1663
-85.3205
-108.061
-130.664
-152.77
-174.283
-195.333
-215.828
-235.792
-255.224
-274.044
-292.144
-309.362
-325.475
-340.216
-353.263
-364.281
-372.942
-378.902
-382.058
-382.289
-379.28
-372.653
-362.077
-347.291
-328.11
-304.436
-276.267
-243.708
-207.023
-166.654
-123.556
-79.2355
-38.0139
59.2892
75.0204
92.0638
109.666
126.071
141.576
155.575
167.093
175.987
182.633
187.287
190.274
191.991
192.714
192.646
191.919
190.601
188.709
186.221
183.073
179.181
174.435
168.698
161.888
154.126
145.672
136.744
127.551
118.355
109.459
101.197
93.9206
87.9766
83.6852
81.3019
81.0385
82.8025
86.1404
89.3495
39.0843
22.0938
2.56919
-18.3259
-38.9058
-60.6049
-82.5217
-104.005
-125.32
-146.125
-166.331
-186.066
-205.246
-223.9
-242.033
-259.578
-276.444
-292.488
-307.511
-321.276
-333.493
-343.85
-352.064
-357.81
-360.996
-361.528
-359.115
-353.385
-344.001
-330.684
-313.226
-291.496
-265.46
-235.198
-200.945
-163.144
-122.7
-81.1008
-42.2688
54.9191
69.9364
86.2274
103.074
118.792
133.67
147.13
158.23
166.827
173.284
177.842
180.814
182.581
183.411
183.503
182.986
181.931
180.362
178.261
175.576
172.227
168.111
163.097
157.096
150.203
142.643
134.602
126.262
117.849
109.634
101.922
95.0373
89.3035
85.0246
82.4379
81.7374
82.8308
85.2691
87.553
35.7334
19.5378
0.940088
-18.9359
-38.4777
-59.0554
-79.8046
-100.105
-120.209
-139.794
-158.776
-177.28
-195.232
-212.66
-229.579
-245.93
-261.637
-276.573
-290.562
-303.392
-314.8
-324.503
-332.248
-337.735
-340.888
-341.635
-339.709
-334.754
-326.431
-314.454
-298.598
-278.707
-254.717
-226.683
-194.814
-159.536
-121.698
-82.7398
-46.2214
50.8435
65.182
80.7561
96.8807
111.942
126.221
139.163
149.861
158.17
164.44
168.903
171.853
173.658
174.579
174.808
174.475
173.651
172.365
170.605
168.326
165.458
161.905
157.541
152.275
146.178
139.446
132.237
124.705
117.047
109.501
102.341
95.8613
90.3626
86.1288
83.3785
82.2875
82.7681
84.3893
85.8407
32.6261
17.1867
-0.529502
-19.4377
-37.996
-57.5124
-77.1585
-96.3423
-115.308
-133.746
-151.582
-168.934
-185.736
-202.02
-217.803
-233.037
-247.655
-261.548
-274.559
-286.496
-297.124
-306.182
-313.447
-318.648
-321.719
-322.608
-321.076
-316.784
-309.403
-298.645
-284.271
-266.109
-244.073
-218.189
-188.641
-155.827
-120.539
-84.1354
-49.8525
47.0462
60.7381
75.6283
91.0637
105.497
119.201
131.647
141.956
149.987
156.076
160.441
163.363
165.198
166.196
166.543
166.37
165.749
164.709
163.249
161.328
158.886
155.834
152.052
147.45
142.08
136.11
129.677
122.907
115.97
109.073
102.458
96.393
91.15
86.9911
84.1166
82.6837
82.6121
83.4989
84.2082
29.749
15.0296
-1.84763
-19.836
-37.4613
-55.9731
-74.5756
-92.7069
-110.599
-127.959
-144.719
-160.992
-176.718
-191.932
-206.654
-220.842
-234.44
-247.354
-259.439
-270.528
-280.406
-288.836
-295.619
-300.513
-303.464
-304.438
-303.22
-299.496
-292.948
-283.292
-270.285
-253.743
-233.56
-209.741
-182.439
-152.021
-119.21
-85.2734
-53.1491
43.5117
56.5872
70.8246
85.6012
99.4331
112.587
124.556
134.491
142.253
148.164
152.431
155.321
157.176
158.239
158.69
158.656
158.211
157.389
156.191
154.586
152.519
149.91
146.648
142.644
137.935
132.665
126.948
120.891
114.636
108.363
102.284
96.636
91.6646
87.6073
84.6471
82.9218
82.3606
82.5949
82.6496
27.0894
13.0557
-3.02238
-20.136
-36.8758
-54.4352
-72.0508
-89.1874
-106.069
-122.415
-138.163
-153.425
-168.144
-182.356
-196.084
-209.295
-221.938
-233.93
-245.145
-255.429
-264.591
-272.416
-278.722
-283.299
-286.101
-287.112
-286.144
-282.903
-277.089
-268.426
-256.675
-241.643
-223.21
-201.362
-176.221
-148.119
-117.707
-86.1447
-56.0995
40.2245
52.712
66.326
80.472
93.7284
106.355
117.865
127.44
134.942
140.679
144.849
147.703
149.572
150.69
151.23
151.317
151.026
150.394
149.426
148.097
146.36
144.144
141.346
137.877
133.767
129.134
124.076
118.681
113.068
107.39
101.83
96.5969
91.9082
87.9766
84.967
82.999
82.0113
81.6735
81.1572
24.6342
11.2546
-4.06209
-20.343
-36.2417
-52.8973
-69.5779
-85.7748
-101.703
-117.093
-131.892
-146.204
-159.979
-173.255
-186.055
-198.35
-210.098
-221.227
-231.623
-241.148
-249.629
-256.872
-262.713
-266.969
-269.603
-270.615
-269.841
-267.01
-261.842
-254.073
-243.471
-229.841
-213.054
-193.075
-170.003
-144.125
-116.024
-86.741
-58.6968
37.1707
49.0969
62.1145
75.6575
88.3625
100.482
111.551
120.779
128.029
133.598
137.671
140.486
142.362
143.525
144.142
144.335
144.179
143.713
142.946
141.859
140.413
138.542
136.155
133.167
129.595
125.541
121.086
116.302
111.287
106.171
101.11
96.2848
91.8857
88.1004
85.0755
82.9133
81.562
80.7301
79.7226
22.3715
9.61589
-4.97488
-20.4629
-35.5621
-51.3602
-67.1549
-82.4633
-97.49
-111.981
-125.886
-139.308
-152.198
-164.597
-176.528
-187.968
-198.88
-209.199
-218.826
-227.637
-235.473
-242.16
-247.55
-251.488
-253.943
-254.928
-254.302
-251.819
-247.218
-240.252
-230.699
-218.365
-203.116
-184.903
-163.798
-140.046
-114.158
-87.059
-60.937
34.3365
45.7263
58.1737
71.1389
83.3153
94.9489
105.594
114.487
121.494
126.897
130.874
133.649
135.527
136.728
137.41
137.694
137.656
137.335
136.743
135.868
134.676
133.111
131.087
128.527
125.438
121.906
118
113.776
109.316
104.726
100.14
95.7118
91.605
87.9827
84.9739
82.6643
81.0106
79.7595
78.3363
20.2895
8.12974
-5.76867
-20.5009
-34.8402
-49.8236
-64.7787
-79.246
-93.4214
-107.065
-120.13
-132.715
-144.776
-156.353
-167.472
-178.112
-188.242
-197.805
-206.711
-214.849
-222.078
-228.238
-233.197
-236.822
-239.091
-240.03
-239.515
-237.326
-233.223
-226.978
-218.378
-207.238
-193.421
-176.866
-157.621
-135.891
-112.114
-87.0978
-62.8193
31.708
42.5858
54.4867
66.8986
78.5683
89.7351
99.9715
108.543
115.314
120.556
124.438
127.169
129.046
130.276
131.014
131.378
131.442
131.246
130.808
130.118
129.149
127.85
126.147
123.967
121.31
118.248
114.838
111.125
107.175
103.076
98.9383
94.8918
91.0761
87.6302
84.6655
82.2528
80.3556
78.7567
76.9883
18.3772
6.78597
-6.45121
-20.4631
-34.0798
-48.2885
-62.4474
-76.1185
-89.4904
-102.335
-114.608
-126.407
-137.691
-148.5
-158.858
-168.75
-178.149
-187.006
-195.238
-202.746
-209.403
-215.064
-219.613
-222.935
-225.018
-225.896
-225.464
-223.525
-219.859
-214.259
-206.524
-196.48
-183.99
-168.984
-151.488
-131.669
-109.895
-86.8612
-64.3474
29.2733
39.661
51.0392
62.9202
74.104
84.8221
94.6656
102.926
109.469
114.555
118.341
121.028
122.898
124.152
124.937
125.369
125.522
125.436
125.13
124.601
123.826
122.761
121.341
119.496
117.224
114.583
111.619
108.369
104.886
101.24
97.5224
93.8406
90.3115
87.0519
84.156
81.681
79.596
77.7162
75.6685
16.6237
5.57574
-7.03047
-20.3554
-33.2841
-46.7569
-60.1597
-73.0771
-85.689
-97.7795
-109.308
-120.368
-130.923
-141.012
-150.66
-159.853
-168.57
-176.766
-184.369
-191.288
-197.408
-202.602
-206.762
-209.795
-211.694
-212.501
-212.13
-210.402
-207.122
-202.098
-195.147
-186.105
-174.839
-161.273
-145.414
-127.391
-107.51
-86.3553
-65.5272
27.0202
36.9393
47.8166
59.1888
69.9059
80.1929
89.6579
97.6177
103.94
108.873
112.566
115.207
117.066
118.337
119.162
119.652
119.881
119.89
119.699
119.31
118.703
117.843
116.671
115.122
113.19
110.924
108.361
105.529
102.47
99.2393
95.9122
92.5757
89.3257
86.2588
83.4528
80.9527
78.7314
76.6329
74.3666
15.0186
4.48985
-7.51362
-20.1833
-32.4574
-45.2304
-57.9154
-70.1192
-82.0122
-93.3911
-104.219
-114.585
-124.456
-133.87
-142.853
-151.394
-159.475
-167.055
-174.07
-180.439
-186.059
-190.814
-194.61
-197.367
-199.089
-199.821
-199.492
-197.945
-195.003
-190.495
-184.253
-176.125
-165.983
-153.749
-139.413
-123.071
-104.968
-85.5899
-66.3675
24.9374
34.4077
44.8055
55.6892
65.9583
75.8304
84.9307
92.6007
98.7092
103.493
107.093
109.686
111.531
112.815
113.672
114.212
114.506
114.596
114.505
114.236
113.776
113.094
112.137
110.849
109.219
107.285
105.079
102.622
99.9453
97.0944
94.1276
91.1153
88.1347
85.2636
82.5651
80.0729
77.7625
75.5024
73.0727
13.5522
3.51983
-7.90794
-19.9526
-31.603
-43.7107
-55.7142
-67.2416
-78.4555
-89.1626
-99.3304
-109.044
-118.273
-127.055
-135.417
-143.349
-150.836
-157.843
-164.311
-170.168
-175.321
-179.666
-183.121
-185.62
-187.171
-187.827
-187.528
-186.134
-183.491
-179.444
-173.842
-166.544
-157.432
-146.425
-133.5
-118.723
-102.283
-84.577
-66.8812
23.0138
32.0547
41.9923
52.4077
62.2462
71.7193
80.4682
87.8579
93.7589
98.3972
101.905
104.449
106.277
107.568
108.451
109.032
109.382
109.542
109.536
109.371
109.037
108.509
107.741
106.681
105.316
103.676
101.787
99.664
97.3319
94.8248
92.1887
89.4785
86.7554
84.0807
81.5035
79.048
76.6907
74.3204
71.7777
12.2152
2.6572
-8.22013
-19.6687
-30.7247
-42.1998
-53.5567
-64.443
-75.0138
-85.087
-94.6327
-103.733
-112.36
-120.551
-128.333
-135.696
-142.63
-149.103
-155.062
-160.443
-165.162
-169.127
-172.264
-174.521
-175.912
-176.491
-176.212
-174.952
-172.573
-168.937
-163.912
-157.368
-149.195
-139.312
-127.687
-114.359
-99.469
-83.3319
-67.0825
21.2391
29.8688
39.3653
49.331
58.7559
67.8449
76.2548
83.3732
89.073
93.569
96.9854
99.479
101.287
102.581
103.484
104.099
104.496
104.715
104.782
104.706
104.481
104.085
103.481
102.62
101.487
100.106
98.4968
96.6712
94.647
92.4499
90.1151
87.6848
85.2059
82.7254
80.2802
77.8857
75.5184
73.0839
70.4732
10.9986
1.89438
-8.45711
-19.3366
-29.8269
-40.6999
-51.4422
-61.7209
-71.6839
-81.1588
-90.1187
-98.6426
-106.706
-114.343
-121.581
-128.415
-134.833
-140.809
-146.297
-151.236
-155.552
-159.164
-162.007
-164.04
-165.281
-165.786
-165.52
-164.375
-162.23
-158.963
-154.457
-148.595
-141.275
-132.42
-121.988
-109.996
-96.5425
-81.8714
-66.9882
19.6036
27.8394
36.9128
46.4464
55.4737
64.1929
72.2756
79.132
84.636
88.9927
92.3186
94.7607
96.546
97.8382
98.7561
99.3993
99.8345
100.103
100.233
100.232
100.1
99.8186
99.3551
98.6667
97.7366
96.5825
95.2199
93.6572
91.907
89.988
87.9263
85.7536
83.5046
81.214
78.9081
76.5945
74.2492
71.7907
69.1517
9.89406
1.22383
-8.62516
-18.9614
-28.9128
-39.2126
-49.3717
-59.0745
-68.4624
-77.3723
-85.7804
-93.7623
-101.296
-108.415
-115.147
-121.486
-127.426
-132.94
-137.989
-142.519
-146.463
-149.749
-152.32
-154.146
-155.247
-155.684
-155.426
-154.383
-152.445
-149.508
-145.469
-140.222
-133.676
-125.755
-116.412
-105.646
-93.5205
-80.2141
-66.617
18.0979
25.9561
34.6238
43.7425
52.3875
60.7505
68.5173
75.1198
80.4336
84.6539
87.89
90.2793
92.0391
93.3261
94.2538
94.919
95.386
95.6961
95.8772
95.9412
95.8878
95.7039
95.3615
94.8225
94.0687
93.1127
91.9661
90.6348
89.1272
87.4563
85.641
83.7039
81.67
79.5633
77.4009
75.1839
72.8874
70.4396
67.8069
8.89344
0.638431
-8.73017
-18.5479
-27.9858
-37.7403
-47.3453
-56.5023
-65.3462
-73.7227
-81.6111
-89.0838
-96.1206
-102.755
-109.014
-114.893
-120.387
-125.473
-130.115
-134.267
-137.867
-140.853
-143.175
-144.81
-145.784
-146.155
-145.904
-144.949
-143.197
-140.556
-136.935
-132.244
-126.396
-119.321
-110.97
-101.326
-90.4201
-78.38
-65.9894
16.7131
24.2096
32.4878
41.2082
49.4852
57.5048
64.9666
71.3233
76.4521
80.5388
83.6854
86.0211
87.7529
89.0312
89.9641
90.6456
91.1381
91.4823
91.7065
91.8243
91.8374
91.7362
91.4975
91.0871
90.486
89.702
88.7438
87.6152
86.3215
84.8712
83.277
81.5545
79.7203
77.79
75.7728
73.6645
71.4385
69.0308
66.434
7.98918
0.131433
-8.77803
-18.1008
-27.0493
-36.2853
-45.3638
-54.0035
-62.3324
-70.2055
-77.6045
-84.5985
-91.17
-97.3516
-103.168
-108.618
-113.698
-118.387
-122.654
-126.456
-129.74
-132.449
-134.542
-136.004
-136.861
-137.174
-136.927
-136.051
-134.464
-132.088
-128.844
-124.651
-119.432
-113.123
-105.671
-97.0476
-87.2599
-76.3894
-65.1266
15.441
22.5907
30.4952
38.8328
46.7556
54.4444
61.6112
67.7297
72.6784
76.6341
79.6917
81.9726
83.6743
84.9406
85.8747
86.5674
87.0798
87.4514
87.7109
87.873
87.942
87.9107
87.76
87.4598
86.9901
86.3549
85.5605
84.609
83.503
82.2478
80.8513
79.3231
77.6735
75.911
74.0385
72.047
69.9088
67.5652
65.0291
7.17416
-0.303539
-8.77402
-17.6244
-26.1065
-34.849
-43.4278
-51.5771
-59.4188
-66.8167
-73.7548
-80.2992
-86.4342
-92.192
-97.5966
-102.648
-107.342
-111.664
-115.583
-119.063
-122.056
-124.512
-126.397
-127.7
-128.451
-128.711
-128.468
-127.662
-126.224
-124.086
-121.179
-117.434
-112.782
-107.162
-100.522
-92.8245
-84.057
-74.2635
-64.0506
14.2736
21.0909
28.6366
36.6061
44.1884
51.5579
58.4398
64.3271
69.1003
72.9273
75.8968
78.1217
79.7911
81.0423
81.9741
82.6736
83.2005
83.5936
83.8816
84.0803
84.1953
84.2223
84.146
83.9398
83.5827
83.0757
82.4229
81.6251
80.6835
79.6002
78.3795
77.0267
75.5467
73.9427
72.2122
70.3429
68.3052
66.0449
63.5899
6.44159
-0.672529
-8.72333
-17.1226
-25.1605
-33.4334
-41.5376
-49.2219
-56.6029
-63.5523
-70.0563
-76.1783
-81.9043
-87.2658
-92.2861
-96.9659
-101.304
-105.285
-108.883
-112.066
-114.792
-117.017
-118.712
-119.871
-120.528
-120.74
-120.501
-119.759
-118.455
-116.529
-113.925
-110.581
-106.437
-101.437
-95.5276
-88.6681
-80.8284
-72.0229
-62.784
13.2034
19.702
26.9031
34.5192
41.7733
48.835
55.4413
61.1042
65.7063
69.4069
72.2886
74.4567
76.0919
77.3253
78.2512
78.9536
79.4904
79.8997
80.2102
80.4382
80.5909
80.6664
80.6525
80.5256
80.2646
79.8673
79.3365
78.672
77.8735
76.9411
75.8764
74.6811
73.3562
71.9008
70.3083
68.5634
66.6356
64.4733
62.1155
5.78498
-0.981168
-8.63072
-16.5996
-24.214
-32.04
-39.6932
-46.9371
-53.8824
-60.4087
-66.5038
-72.2289
-77.5717
-82.5628
-87.225
-91.5595
-95.5661
-99.2321
-102.535
-105.445
-107.927
-109.941
-111.462
-112.493
-113.065
-113.235
-113
-112.316
-111.132
-109.398
-107.065
-104.081
-100.391
-95.9457
-90.6936
-84.589
-77.5903
-69.6881
-61.3493
12.2233
18.4165
25.2869
32.5628
39.501
46.2657
52.6051
58.0504
62.4857
66.0621
68.8563
70.967
72.566
73.7791
74.6959
75.3977
75.9405
76.3614
76.6888
76.9399
77.1231
77.2381
77.276
77.2158
77.0362
76.7327
76.3064
75.7569
75.0825
74.2822
73.3553
72.301
71.1174
69.8004
68.3404
66.7201
64.908
62.8544
60.6059
5.19836
-1.23488
-8.50075
-16.0588
-23.2698
-30.6705
-37.8955
-44.7218
-51.2551
-57.3818
-63.0923
-68.4447
-73.4286
-78.0733
-82.4015
-86.4152
-90.1149
-93.4899
-96.5204
-99.1806
-101.438
-103.26
-104.625
-105.54
-106.036
-106.169
-105.939
-105.308
-104.233
-102.671
-100.581
-97.9183
-94.6353
-90.6861
-86.0225
-80.5964
-74.3578
-67.2788
-59.7688
11.3269
17.2271
23.7797
30.7286
37.3627
43.8407
49.9218
55.1557
59.4283
62.8825
65.5898
67.6421
69.2034
70.3939
71.299
71.997
72.5419
72.9703
73.31
73.5789
73.786
73.9331
74.0136
74.0088
73.8978
73.6737
73.3367
72.8859
72.319
71.6338
70.8284
69.8999
68.8445
67.6558
66.3219
64.8242
63.1306
61.1929
59.0625
4.67601
-1.43858
-8.33785
-15.5036
-22.3301
-29.3263
-36.1445
-42.5752
-48.7185
-54.4683
-59.8166
-64.8189
-69.4667
-73.7881
-77.8052
-81.5206
-84.936
-88.0423
-90.822
-93.2526
-95.3056
-96.9523
-98.177
-98.9871
-99.4164
-99.518
-99.2937
-98.7115
-97.7347
-96.3281
-94.456
-92.0802
-89.16
-85.6539
-81.5163
-76.6984
-71.1448
-64.8135
-58.0638
10.5077
16.127
22.3745
29.0089
35.3499
41.5511
47.3823
52.4107
56.5243
59.8583
62.4792
64.4727
65.9949
67.1607
68.0515
68.7428
69.2868
69.719
70.067
70.3488
70.5745
70.7469
70.8619
70.9029
70.8493
70.6922
70.4311
70.0646
69.5904
69.0054
68.3066
67.4902
66.5507
65.48
64.2653
62.8867
61.3121
59.4944
57.4877
4.21259
-1.59708
-8.14576
-14.9371
-21.3973
-28.0086
-34.4406
-40.4962
-46.2708
-51.6649
-56.6722
-61.3458
-65.6787
-69.6979
-73.4253
-76.8639
-80.0159
-82.8742
-85.4233
-87.6433
-89.5098
-90.9981
-92.0956
-92.8127
-93.1831
-93.2577
-93.0399
-92.5027
-91.6153
-90.348
-88.6709
-86.5516
-83.955
-80.8438
-77.1754
-72.9016
-67.9636
-62.3096
-56.255
9.75987
15.1098
21.0643
27.3962
33.4549
39.3886
44.9777
49.8065
53.7648
56.9806
59.5158
61.4498
62.9317
64.071
64.9453
65.6274
66.1676
66.6005
66.9532
67.244
67.4833
67.6754
67.8179
67.8964
67.8903
67.7894
67.5923
67.2978
66.9033
66.4052
65.7999
65.0828
64.2476
63.2854
62.1823
60.9181
59.4609
57.7648
55.8846
3.80312
-1.71478
-7.92832
-14.3624
-20.4735
-26.7185
-32.7837
-38.4837
-43.9096
-48.968
-53.6543
-58.0193
-62.0571
-65.7943
-69.2518
-72.4332
-75.3416
-77.9709
-80.308
-82.3355
-84.0321
-85.3767
-86.36
-86.9942
-87.313
-87.3647
-87.1542
-86.6588
-85.8526
-84.7107
-83.2084
-81.3181
-79.0097
-76.2499
-72.9993
-69.2114
-64.8255
-59.7832
-54.3621
9.07799
14.1694
19.8427
25.8835
31.6699
37.3455
42.6999
47.3347
51.1414
54.241
56.6908
58.5651
60.0056
61.1168
61.9727
62.6434
63.1775
63.6083
63.9627
64.2588
64.5077
64.7146
64.8786
64.9874
65.0203
64.9662
64.823
64.5896
64.2632
63.8403
63.3168
62.6877
61.9461
61.0829
60.0838
58.9286
57.5856
56.0103
54.2573
3.44286
-1.79581
-7.68899
-13.782
-19.5605
-25.457
-31.1737
-36.5368
-41.6327
-46.3743
-50.7585
-54.8336
-58.5951
-62.0688
-65.2748
-68.2177
-70.9006
-73.3188
-75.461
-77.3124
-78.8543
-80.0689
-80.9497
-81.5105
-81.7841
-81.8169
-81.6144
-81.1578
-80.4254
-79.3965
-78.0506
-76.3648
-74.3129
-71.8656
-68.9867
-65.6316
-61.7398
-57.2489
-52.4032
8.45676
13.3003
18.7034
24.4643
29.9883
35.4145
40.5414
44.9876
48.6459
51.6311
53.9965
55.8108
57.209
58.2907
59.1267
59.7841
60.3099
60.7364
61.0898
61.3882
61.6433
61.8606
62.0411
62.1738
62.2384
62.2229
62.1249
61.9431
61.675
61.317
60.8649
60.3134
59.6559
58.8827
57.9799
56.9273
55.6943
54.2373
52.61
3.12745
-1.84402
-7.43102
-13.1985
-18.66
-24.2249
-29.6107
-34.6542
-39.438
-43.8806
-47.9801
-51.783
-55.2857
-58.5133
-61.4853
-64.2065
-66.6806
-68.9043
-70.8675
-72.5579
-73.9591
-75.0563
-75.8453
-76.3408
-76.5753
-76.5925
-76.3989
-75.9784
-75.3131
-74.3862
-73.1805
-71.6771
-69.8534
-67.6837
-65.1351
-62.1652
-58.7148
-54.7195
-50.3951
7.89137
12.4971
17.6408
23.1323
28.4032
33.5885
38.4949
42.7577
46.2708
49.1436
51.4254
53.1796
54.5348
55.5861
56.4006
57.0431
57.5588
57.9789
58.3292
58.6276
58.8856
59.11
59.3026
59.4538
59.5439
59.5599
59.4994
59.3613
59.1428
58.8406
58.4507
57.9678
57.3853
56.6937
55.8795
54.9231
53.7948
52.4523
50.9479
2.85279
-1.86308
-7.15742
-12.6141
-17.7736
-23.0229
-28.0942
-32.835
-37.3234
-41.4835
-45.3149
-48.862
-52.1222
-55.1198
-57.8737
-60.3891
-62.6703
-64.7144
-66.5135
-68.0566
-69.33
-70.3212
-71.028
-71.466
-71.6667
-71.6713
-71.487
-71.1003
-70.4963
-69.6613
-68.5813
-67.2405
-65.6199
-63.6969
-61.4414
-58.8138
-55.7571
-52.2065
-48.3531
7.37726
11.7549
16.6495
21.8817
26.9086
31.8611
36.5537
40.6379
44.009
46.7712
48.9704
50.6648
51.9765
52.9963
53.7883
54.4146
54.9187
55.3308
55.6761
55.9722
56.2309
56.4593
56.6602
56.8255
56.9357
56.9774
56.9479
56.8462
56.6699
56.4158
56.08
55.6575
55.1418
54.524
53.7911
52.9241
51.8946
50.6617
49.2758
2.61501
-1.85631
-6.87095
-12.0312
-16.9028
-21.8517
-26.6243
-31.0777
-35.2864
-39.1797
-42.7585
-46.0651
-49.098
-51.8807
-54.4315
-56.7557
-58.8581
-60.7368
-62.3852
-63.7937
-64.951
-65.8467
-66.48
-66.8672
-67.0388
-67.0337
-66.8591
-66.504
-65.956
-65.204
-64.2368
-63.0413
-61.6013
-59.8971
-57.9017
-55.5781
-52.8721
-49.7199
-46.291
6.91016
11.0691
15.7245
20.7073
25.4988
30.2261
34.7111
38.6217
41.8535
44.5074
46.6252
48.26
49.5278
50.5154
51.284
51.893
52.3843
52.7871
53.1259
53.418
53.6753
53.9052
54.1114
54.287
54.4126
54.4749
54.4709
54.3997
54.2592
54.0464
53.7576
53.3881
52.932
52.3807
51.7219
50.9375
50.0006
48.8717
47.5991
2.41051
-1.8269
-6.57423
-11.4516
-16.0488
-20.7118
-25.2003
-29.3811
-33.3249
-36.9661
-40.3067
-43.3871
-46.2068
-48.7886
-51.1498
-53.2965
-55.2333
-56.9594
-58.4693
-59.7551
-60.8069
-61.6163
-62.1842
-62.5268
-62.6736
-62.661
-62.4964
-62.1708
-61.6742
-60.9973
-60.1314
-59.0656
-57.7863
-56.2765
-54.5117
-52.4581
-50.0641
-47.2681
-44.2209
6.4861
10.4353
14.861
19.6038
24.1683
28.6779
32.9614
36.7029
39.798
42.3457
44.3836
45.9593
47.1831
48.138
48.8824
49.4732
49.9508
50.3432
50.6742
50.961
51.2151
51.4445
51.6536
51.8361
51.9736
52.0521
52.0689
52.0231
51.9129
51.7354
51.4874
51.1646
50.7614
50.2699
49.6784
48.9702
48.1194
47.0883
45.9231
2.23595
-1.77786
-6.26979
-10.8772
-15.2128
-19.6036
-23.8221
-27.7442
-31.4367
-34.8395
-37.9552
-40.8226
-43.4422
-45.836
-48.0205
-50.0018
-51.7853
-53.3706
-54.7533
-55.9268
-56.8829
-57.6147
-58.1242
-58.4277
-58.5534
-58.5354
-58.3812
-58.0833
-57.6336
-57.0248
-56.25
-55.3002
-54.164
-52.8267
-51.2664
-49.4523
-47.3358
-44.8582
-42.1537
6.1013
9.84944
14.0549
18.5667
22.9122
27.2114
31.299
34.8759
37.8363
40.28
42.2399
43.7571
44.9368
45.8587
46.5784
47.1504
47.6134
47.9947
48.3171
48.5973
48.8471
49.0744
49.2842
49.471
49.6171
49.7084
49.7419
49.7171
49.6325
49.4854
49.2728
48.991
48.6348
48.1969
47.6666
47.0279
46.2568
45.3172
44.2528
2.08828
-1.7118
-5.95979
-10.3096
-14.3961
-18.5277
-22.4893
-26.1656
-29.6197
-32.7967
-35.6998
-38.3662
-40.7979
-43.0157
-45.0352
-46.8626
-48.5039
-49.9591
-51.2249
-52.2958
-53.1649
-53.8268
-54.2844
-54.5537
-54.6616
-54.6401
-54.4965
-54.2247
-53.8181
-53.2712
-52.5782
-51.7322
-50.7236
-49.5397
-48.1609
-46.5592
-44.6894
-42.4959
-40.0986
5.75242
9.30777
13.3019
17.5912
21.7255
25.8213
29.7185
33.1351
35.9625
38.3049
40.1888
41.6481
42.7836
43.6724
44.3672
44.92
45.368
45.7375
46.0505
46.3234
46.5678
46.7917
47.0005
47.1897
47.3417
47.4427
47.4897
47.4823
47.4192
47.2981
47.1164
46.8706
46.5561
46.1662
45.6912
45.1161
44.4184
43.5637
42.5935
1.96468
-1.63106
-5.64622
-9.75016
-13.599
-17.4838
-21.2008
-24.6438
-27.8715
-30.8347
-33.5366
-36.0132
-38.2682
-40.3211
-42.1861
-43.8698
-45.3788
-46.7139
-47.8721
-48.8491
-49.6391
-50.2382
-50.6496
-50.8892
-50.9823
-50.9589
-50.826
-50.5788
-50.212
-49.7212
-49.1023
-48.3493
-47.4546
-46.407
-45.1895
-43.7763
-42.1258
-40.1857
-38.0634
5.4363
8.80678
12.5981
16.673
20.6034
24.5021
28.2138
31.4746
34.171
36.4159
38.226
39.6276
40.7189
41.5744
42.2442
42.7775
43.2103
43.5676
43.8708
44.1359
44.3741
44.5936
44.8001
44.9898
45.1457
45.254
45.3117
45.3187
45.2738
45.1751
45.0201
44.806
44.5285
44.1817
43.7566
43.2394
42.609
41.8328
40.9502
1.86219
-1.53824
-5.33124
-9.20056
-12.823
-16.4723
-19.9563
-23.1773
-26.1892
-28.9499
-31.4609
-33.7583
-35.8478
-37.7461
-39.4659
-41.0151
-42.401
-43.6246
-44.6835
-45.5743
-46.2926
-46.8351
-47.2056
-47.4194
-47.5004
-47.4765
-47.3545
-47.1306
-46.8006
-46.3611
-45.8091
-45.1398
-44.3468
-43.4209
-42.3465
-41.1008
-39.6452
-37.9312
-36.0549
5.14976
8.3434
11.9406
15.8089
19.5426
23.2501
26.7804
29.8889
32.4547
34.6076
36.3473
37.6913
38.738
39.5606
40.2054
40.7193
41.1365
41.4814
41.7744
42.0312
42.2626
42.477
42.6803
42.8691
43.0272
43.1409
43.2071
43.226
43.1966
43.1171
42.9856
42.7994
42.5548
42.2466
41.8665
41.4019
40.833
40.1292
39.3277
1.77794
-1.43676
-5.01818
-8.66414
-12.0704
-15.4955
-18.757
-21.7661
-24.5715
-27.1406
-29.4675
-31.5942
-33.5297
-35.2836
-36.8666
-38.2895
-39.5606
-40.681
-41.6483
-42.4601
-43.113
-43.6044
-43.9386
-44.13
-44.2012
-44.178
-44.0671
-43.8653
-43.5694
-43.1769
-42.6856
-42.0918
-41.3901
-40.5726
-39.6258
-38.529
-37.247
-35.7346
-34.0783
4.88985
7.9149
11.3268
14.9971
18.542
22.0647
25.4179
28.3759
30.8045
32.8713
34.5458
35.8328
36.8352
37.6256
38.2462
38.7409
39.1428
39.4751
39.758
40.0063
40.2306
40.4393
40.6386
40.8257
40.9846
41.1022
41.1752
41.204
41.1877
41.1249
41.0139
40.8523
40.6371
40.3634
40.024
39.607
39.0944
38.457
37.7303
1.7098
-1.32825
-4.70848
-8.14212
-11.3428
-14.555
-17.6042
-20.4114
-23.0191
-25.4077
-27.5532
-29.5146
-31.3062
-32.9249
-34.3784
-35.6823
-36.8467
-37.8715
-38.7544
-39.494
-40.0874
-40.5332
-40.8356
-41.0079
-41.0716
-41.0503
-40.9506
-40.77
-40.5059
-40.1568
-39.7207
-39.1951
-38.5754
-37.855
-37.0221
-36.0579
-34.9304
-33.5981
-32.1387
4.65415
7.51821
10.7536
14.2337
17.5978
20.9423
24.1255
26.9362
29.2174
31.2023
32.8158
34.0463
35.005
35.7641
36.3613
36.8373
37.2241
37.5443
37.8172
38.057
38.2742
38.4772
38.6722
38.8569
39.0158
39.1363
39.2149
39.252
39.2471
39.199
39.1062
38.9666
38.7776
38.5351
38.2323
37.8586
37.3972
36.8205
36.1628
1.65797
-1.21069
-4.3981
-7.62897
-10.6339
-13.6432
-16.4914
-19.1077
-21.5284
-23.7446
-25.7161
-27.525
-29.1835
-30.6716
-31.9992
-33.1897
-34.2534
-35.1881
-35.9917
-36.6642
-37.2033
-37.6081
-37.8825
-38.0387
-38.0966
-38.0784
-37.9901
-37.83
-37.5958
-37.2868
-36.9014
-36.4376
-35.8922
-35.259
-34.5279
-33.6824
-32.693
-31.5217
-30.2383
4.44137
7.15065
10.214
13.5087
16.6966
19.8659
22.8857
25.5549
27.703
29.6164
31.1662
32.3351
33.249
33.977
34.5502
35.0069
35.3783
35.6862
35.949
36.1804
36.3905
36.5876
36.7782
36.9602
37.1186
37.2412
37.3244
37.3688
37.3738
37.3388
37.2623
37.1424
36.9771
36.7626
36.493
36.1587
35.744
35.2227
34.628
1.62151
-1.0845
-4.08542
-7.12161
-9.93792
-12.7517
-15.4066
-17.8421
-20.0854
-22.1362
-23.9393
-25.627
-27.1723
-28.5279
-29.7276
-30.8095
-31.7784
-32.6273
-33.3554
-33.9644
-34.4532
-34.8203
-35.0695
-35.2122
-35.2664
-35.2524
-35.1761
-35.0359
-34.83
-34.5585
-34.2199
-33.8124
-33.3341
-32.7796
-32.1398
-31.4001
-30.5342
-29.5072
-28.3822
4.25028
6.8098
9.70486
12.8157
15.8281
18.8195
21.6762
24.1981
26.243
28.123
29.6053
30.6995
31.5663
32.2649
32.8144
33.2514
33.6072
33.9029
34.1556
34.3784
34.5814
34.7724
34.9582
35.137
35.2946
35.4184
35.5055
35.5562
35.5703
35.5469
35.4849
35.3829
35.239
35.0499
34.8103
34.5115
34.1392
33.6689
33.1322
1.59573
-0.982893
-3.83888
-6.7101
-9.35756
-11.9822
-14.4245
-16.6402
-18.6348
-20.4604
-21.9506
-23.6074
-25.1736
-26.4778
-27.6194
-28.6661
-29.6093
-30.4325
-31.1369
-31.727
-32.2018
-32.5594
-32.8032
-32.944
-33.0006
-32.9931
-32.9283
-32.8037
-32.6196
-32.377
-32.0674
-31.6981
-31.2664
-30.7667
-30.1902
-29.5241
-28.7446
-27.8198
-26.8075
4.10486
6.54395
9.30724
12.2539
15.0964
17.8869
20.511
22.7527
24.5598
26.6135
28.1327
29.1998
30.0622
30.7692
31.3227
31.7602
32.1162
32.4127
32.6661
32.8895
33.0933
33.2855
33.4731
33.6547
33.8162
33.9445
34.0368
34.0936
34.115
34.1001
34.0482
33.9583
33.8285
33.6563
33.4367
33.1613
32.8173
32.3808
31.883
1.57712
-0.89651
-3.62874
-6.35517
-8.84489
-11.2805
-13.501
-15.4699
-17.1706
-18.7214
-19.7987
-21.5112
-23.1887
-24.4974
-25.6285
-26.6884
-27.6512
-28.4892
-29.2054
-29.8065
-30.2918
-30.659
-30.9121
-31.0613
-31.1268
-31.129
-31.0762
-30.9645
-30.7977
-30.5778
-30.2845
-29.9401
-29.5408
-29.0787
-28.5456
-27.9307
-27.212
-26.359
-25.4255
3.98704
6.32565
8.97098
11.764
14.4343
17.0014
19.3484
21.2579
22.7672
25.0944
26.7268
27.8047
28.6893
29.4279
30.0048
30.4572
30.8247
31.1307
31.3922
31.6225
31.8326
32.0313
32.2256
32.4144
32.5834
32.7188
32.8175
32.8807
32.9085
32.9003
32.8558
32.7739
32.6534
32.4921
32.2854
32.0254
31.6998
31.2853
30.813
1.56262
-0.804975
-3.41226
-5.99295
-8.32524
-10.5725
-12.5766
-14.3048
-15.7286
-17.012
-17.7055
-19.44
-21.2057
-22.5129
-23.6239
-24.6855
-25.6606
-26.5089
-27.233
-27.8424
-28.3371
-28.7134
-28.9758
-29.1336
-29.2082
-29.2208
-29.1811
-29.0838
-28.9359
-28.741
-28.4663
-28.1486
-27.7839
-27.361
-26.8723
-26.309
-25.6512
-24.8701
-24.0217
3.87173
6.10928
8.63497
11.2737
13.7743
16.1173
18.1973
19.7949
21.0116
23.5552
25.3051
26.3952
27.2927
28.0577
28.6568
29.1236
29.5016
29.8163
30.0854
30.3223
30.5384
30.7431
30.9441
31.1402
31.3167
31.4592
31.5648
31.6347
31.6693
31.6684
31.6316
31.5582
31.4475
31.2973
31.1037
30.8594
30.5524
30.1601
29.7137
1.55154
-0.709974
-3.192
-5.62773
-7.80402
-9.86519
-11.6596
-13.1529
-14.3185
-15.3317
-15.685
-17.403
-19.2228
-20.5247
-21.6108
-22.6631
-23.6418
-24.4953
-25.2238
-25.8388
-26.3408
-26.7257
-26.9971
-27.1636
-27.2475
-27.2703
-27.2431
-27.159
-27.0288
-26.8568
-26.5988
-26.3056
-25.9732
-25.5872
-25.1411
-24.628
-24.0294
-23.3161
-22.5353
3.75922
5.89628
8.30168
10.7871
13.1214
15.24
17.0662
18.3629
19.3047
21.9977
23.863
24.9741
25.8785
26.6631
27.282
27.7627
28.1509
28.474
28.7502
28.9935
29.2153
29.4257
29.633
29.8364
30.0204
30.1701
30.2828
30.3597
30.4016
30.4084
30.3798
30.3158
30.2156
30.0775
29.8977
29.6697
29.3817
29.012
28.5912
1.54396
-0.612457
-2.9701
-5.26293
-7.28613
-9.16497
-10.7574
-12.0221
-12.9481
-13.6845
-13.7452
-15.409
-17.2431
-18.5313
-19.5889
-20.6225
-21.5957
-22.449
-23.1786
-23.7966
-24.3041
-24.6972
-24.9777
-25.1555
-25.2525
-25.2904
-25.2818
-25.2179
-25.1131
-24.9715
-24.7391
-24.478
-24.1838
-23.8398
-23.4394
-22.9774
-22.4387
-21.8
-21.1227
3.65064
5.68836
7.97392
10.3085
12.4807
14.3743
15.9609
16.9569
17.6444
20.4246
22.3952
23.5373
24.4491
25.2492
25.8846
26.3769
26.7733
27.1042
27.3878
27.638
27.8662
28.0828
28.2965
28.5076
28.6998
28.8576
28.9782
29.0629
29.1127
29.1276
29.1077
29.0531
28.9634
28.8374
28.6719
28.4605
28.1923
27.8461
27.4524
1.53952
-0.5141
-2.75014
-4.90338
-6.77801
-8.47986
-9.87941
-10.9229
-11.6269
-12.0779
-11.8908
-13.4638
-15.2694
-16.532
-17.5575
-18.5644
-19.5228
-20.3699
-21.0975
-21.7167
-22.2289
-22.629
-22.9169
-23.1014
-23.2036
-23.2471
-23.2459
-23.1903
-23.0972
-22.9713
-22.7513
-22.51
-22.2432
-21.9328
-21.5729
-21.1592
-20.675
-20.0883
-19.425
3.54736
5.48844
7.65547
9.84364
11.8573
13.5254
14.8861
15.5723
16.0207
18.8377
20.8981
22.0768
22.9992
23.8169
24.472
24.9765
25.3786
25.7131
26.001
26.2562
26.4901
26.713
26.9338
27.1529
27.3539
27.5212
27.6514
27.7463
27.8069
27.8332
27.8251
27.7829
27.7063
27.5939
27.4432
27.2483
26.999
26.6739
26.3006
1.5377
-0.418396
-2.53834
-4.5578
-6.28894
-7.82003
-9.03481
-9.86414
-10.3605
-10.5166
-10.1238
-11.5704
-13.3051
-14.5267
-15.5148
-16.4868
-17.4215
-18.2557
-18.9769
-19.5954
-20.1134
-20.5261
-20.8343
-21.0468
-21.1825
-21.2616
-21.299
-21.2846
-21.2378
-21.1626
-20.9881
-20.7947
-20.5785
-20.3185
-20.0089
-19.6487
-19.2315
-18.7493
-18.2893
3.45203
5.30149
7.35358
9.40138
11.2561
12.6936
13.8365
14.1932
14.4097
17.2353
19.377
20.5922
21.5182
22.3473
23.0264
23.5555
23.9752
24.3193
24.6116
24.869
25.1051
25.3313
25.5574
25.7833
25.992
26.1668
26.3045
26.4072
26.4762
26.5122
26.5158
26.4875
26.4273
26.3342
26.2053
26.0351
25.8142
25.525
25.2027
1.53739
-0.329694
-2.34282
-4.23728
-5.83151
-7.19823
-8.23226
-8.84928
-9.14722
-9.00252
-8.44181
-9.72933
-11.3531
-12.515
-13.4566
-14.3854
-15.2883
-16.1038
-16.8143
-17.4257
-17.9377
-18.3424
-18.6361
-18.8236
-18.929
-18.9816
-18.9967
-18.9626
-18.8995
-18.8094
-18.6243
-18.4318
-18.2281
-17.9924
-17.7187
-17.4031
-17.0228
-16.5274
-15.8825
3.36643
5.13137
7.07524
8.99116
10.6822
11.8817
12.8097
12.8018
12.7718
15.5946
17.834
19.11
20.0436
20.8603
21.53
22.0631
22.5011
22.871
23.1884
23.4657
23.7163
23.9534
24.1893
24.4268
24.6506
24.8422
24.9964
25.1142
25.1961
25.2424
25.2534
25.2302
25.1735
25.0838
24.9599
24.7972
24.5849
24.2934
23.9312
1.53764
-0.248107
-2.16405
-3.94525
-5.41346
-6.62786
-7.48713
-7.89691
-8.00676
-7.55507
-6.84332
-7.93845
-9.41589
-10.4969
-11.3793
-12.252
-13.1104
-13.9018
-14.6101
-15.2396
-15.79
-16.2564
-16.6395
-16.9451
-17.176
-17.3422
-17.4647
-17.5365
-17.5865
-17.6149
-17.5312
-17.429
-17.3076
-17.1438
-16.9341
-16.6853
-16.4141
-16.1541
-16.0726
3.28795
4.97448
6.81853
8.61566
10.1443
11.1216
11.8488
11.4059
11.0713
13.8615
16.2024
17.5921
18.6155
19.4825
20.1487
20.6353
21.0135
21.338
21.6339
21.9096
22.1703
22.4227
22.6752
22.9282
23.1664
23.3756
23.5543
23.7046
23.8268
23.9209
23.9861
24.0216
24.0259
23.9964
23.9303
23.8245
23.6801
23.5052
23.3813
1.53912
-0.170919
-1.99764
-3.67751
-5.03581
-6.12096
-6.82702
-7.06133
-7.00505
-6.21736
-5.32975
-6.20304
-7.49771
-8.47017
-9.28331
-10.092
-10.8818
-11.603
-12.2402
-12.7949
-13.2605
-13.6191
-13.854
-13.9653
-14.0038
-14.0226
-14.0258
-13.9912
-13.9307
-13.8439
-13.6787
-13.5256
-13.3785
-13.2169
-13.0325
-12.8131
-12.508
-12.0104
-11.1436
3.21594
4.82984
6.58371
8.27682
9.65675
10.4677
11.0104
10.0052
9.30611
12.0303
14.3801
15.8065
16.9308
17.9728
18.8416
19.4892
19.9465
20.2687
20.512
20.7188
20.9167
21.1237
21.3518
21.5967
21.8281
22.0187
22.1625
22.2629
22.3237
22.3486
22.3411
22.3059
22.2479
22.171
22.075
21.9497
21.7604
21.4202
20.8224
1.54241
-0.116724
-1.87773
-3.47436
-4.73719
-5.70546
-6.26588
-6.34938
-6.11479
-4.93635
-3.87524
-4.5443
-5.61534
-6.42374
-7.14085
-7.90595
-8.70231
-9.48299
-10.2303
-10.9443
-11.6276
-12.2856
-12.9202
-13.5133
-13.9939
-14.3388
-14.6159
-14.8432
-15.0795
-15.3151
-15.3897
-15.4005
-15.3939
-15.3547
-15.2738
-15.1714
-15.1223
-15.2602
-15.9332
3.17169
4.73694
6.42238
8.0201
9.24799
9.90264
10.1374
8.40378
7.44206
10.2658
12.6324
13.9407
14.8431
15.6586
16.4356
17.1855
17.9018
18.5503
19.1027
19.5542
19.9193
20.2219
20.4965
20.7919
21.1412
21.5149
21.8718
22.1989
22.4927
22.7509
22.9684
23.1383
23.2553
23.3166
23.3273
23.3067
23.3166
23.4938
24.1095
1.54097
-0.138678
-1.90088
-3.45767
-4.63498
-5.45408
-5.79363
-5.62415
-5.03725
-3.42447
-2.36889
-2.94482
-3.82487
-4.42194
-4.88649
-5.33924
-5.78707
-6.20969
-6.59411
-6.92696
-7.17704
-7.29447
-7.24294
-7.04437
-6.86119
-6.77928
-6.73922
-6.65977
-6.51921
-6.41778
-6.24847
-6.10142
-5.99564
-5.89971
-5.79609
-5.66271
-5.38345
-4.74912
-3.29169
3.19257
4.76971
6.43642
7.94677
8.97371
9.31422
8.82107
6.22803
5.23964
8.50512
11.4293
13.3264
14.5212
15.1522
15.2858
15.111
14.8321
14.614
14.5266
14.5764
14.743
15.0052
15.3237
15.5995
15.7241
15.7412
15.7353
15.7191
15.6903
15.648
15.6015
15.5632
15.5419
15.5402
15.5463
15.515
15.3138
14.6723
13.1507
1.52411
-0.234077
-2.058
-3.62603
-4.74191
-5.39895
-5.46494
-4.93102
-3.80787
-1.77513
-0.756801
-1.22202
-2.03765
-2.8028
-3.5741
-4.37998
-5.22813
-6.12319
-7.0781
-8.11596
-9.26833
-10.5513
-11.9048
-13.1757
-14.0912
-14.6504
-15.201
-15.6389
-16.3676
-17.4275
-17.124
-17.1804
-17.506
-17.7461
-17.8619
-17.9738
-18.2739
-19.0356
-20.7796
3.24997
4.88391
6.57699
8.02858
8.8537
8.77336
7.30343
3.94437
2.38468
5.29331
8.52819
11.7351
14.8599
17.8273
20.3502
22.2838
23.6723
24.5601
25.0654
25.3204
25.4406
25.5196
25.6945
26.1839
27.0716
28.0373
28.8332
29.4894
30.0601
30.5553
30.9577
31.2588
31.4637
31.5895
31.6765
31.8066
32.1864
33.1296
35.1457
289.541
284.685
278.44
270.996
261.99
251.354
239.159
225.632
211.193
196.359
181.58
167.133
153.14
139.638
126.631
114.12
102.111
90.6049
79.6043
69.1062
59.1022
49.5839
40.5393
31.9563
23.8225
16.1267
8.85843
2.00635
-4.43916
-10.4885
-16.1483
-21.4217
-26.312
-30.8197
-34.9448
-38.6884
-42.0511
-45.0355
-47.6452
-49.8855
-51.7634
-53.2887
-54.473
-55.3291
-55.8728
-56.1217
-56.0941
-55.8099
-55.2899
-54.5556
-53.6288
-52.5309
-51.2834
-49.9068
-48.4209
-46.8442
-45.1943
-43.4873
-41.7377
-39.9589
-38.1625
-36.359
-34.5572
-32.7649
-30.9892
-29.2341
-27.5084
-26.0323
-24.7158
-23.388
-21.9477
-20.6367
-18.9191
-17.9931
-15.3692
-16.0775
-10.4688
-16.4263
-2.36409
-22.0002
288.677
279.802
270.106
260.137
249.997
239.855
229.849
220.044
210.479
201.187
192.193
183.523
175.198
167.239
159.661
152.474
145.685
139.297
133.307
127.708
122.491
117.643
113.147
108.985
105.138
101.585
98.3059
95.2795
92.4853
89.9038
87.5161
85.3038
83.2491
81.3354
79.5465
77.8666
76.2807
74.7741
73.3327
71.9432
70.5927
69.2694
67.9624
66.6616
65.3581
64.0447
62.7149
61.3638
59.9879
58.5849
57.1537
55.6946
54.2086
52.6979
51.1654
49.6148
48.0501
46.476
44.8971
43.3182
41.7443
40.1801
38.6302
37.0991
35.5919
34.1118
32.6666
31.4523
30.4057
29.3309
28.2324
27.1193
25.9832
24.9346
23.6091
23.2848
20.2984
24.5455
12.1147
36.0002
118.826
117.709
116.922
116.214
115.416
114.509
113.418
112.023
110.208
107.903
105.082
101.748
97.9168
93.6167
88.8882
83.7775
78.336
72.6168
66.6731
60.5586
54.3258
48.0257
41.7057
35.4097
29.1782
23.0459
17.044
11.2016
5.54886
0.110431
-5.09242
-10.0418
-14.7244
-19.1281
-23.2424
-27.0593
-30.5719
-33.7749
-36.6647
-39.239
-41.4977
-43.4429
-45.0789
-46.411
-47.4482
-48.2011
-48.6816
-48.9038
-48.8833
-48.637
-48.1827
-47.5386
-46.7236
-45.7563
-44.6551
-43.438
-42.1223
-40.724
-39.2585
-37.7398
-36.1808
-34.5929
-32.9868
-31.3712
-29.7551
-28.1436
-26.5461
-25.1713
-23.9385
-22.6971
-21.3308
-20.1035
-18.4458
-17.5999
-15.0358
-15.7787
-10.3291
-16.0946
-2.6152
-21.5162
119.454
120.001
121.32
122.481
123.4
124.056
124.427
124.507
124.297
123.805
123.042
122.016
120.744
119.243
117.532
115.635
113.576
111.383
109.082
106.704
104.276
101.824
99.3734
96.948
94.5672
92.2472
90.0017
87.8406
85.7704
83.7945
81.9141
80.1276
78.4314
76.8205
75.2889
73.8292
72.4335
71.0935
69.8005
68.5457
67.3204
66.116
64.9243
63.7375
62.5482
61.3501
60.1377
58.9061
57.6516
56.3715
55.0643
53.7293
52.3668
50.9781
49.5654
48.1313
46.6792
45.2131
43.7371
42.2556
40.7734
39.2951
37.8254
36.3689
34.9308
33.5142
32.1278
30.9602
29.9523
28.9158
27.8538
26.7773
25.6743
24.6637
23.3645
23.0762
20.1458
24.2675
12.3345
35.1579
64.4062
63.489
62.5934
61.6883
60.7033
59.6409
58.5033
57.2907
56.0112
54.6789
53.3089
51.9093
50.4718
48.9725
47.3805
45.6636
43.794
41.7485
39.5081
37.0603
34.399
31.5251
28.4451
25.1729
21.7276
18.1337
14.4203
10.6177
6.75753
2.87186
-1.00668
-4.84498
-8.61243
-12.2793
-15.8181
-19.2042
-22.4154
-25.4322
-28.2378
-30.818
-33.1614
-35.2599
-37.1076
-38.7006
-40.039
-41.125
-41.9628
-42.5594
-42.9236
-43.0666
-43.0006
-42.7395
-42.298
-41.6916
-40.9362
-40.0477
-39.0419
-37.9344
-36.7396
-35.4719
-34.1443
-32.7689
-31.3571
-29.9187
-28.4636
-26.9983
-25.532
-24.262
-23.1165
-21.9625
-20.677
-19.5288
-17.9521
-17.156
-14.7177
-15.3944
-10.2708
-15.6116
-2.99927
-20.7627
65.0566
65.6412
66.3244
66.9856
67.7268
68.5388
69.4105
70.33
71.2834
72.2545
73.2267
74.1815
75.1012
75.9678
76.764
77.4729
78.0796
78.5705
78.9349
79.1652
79.2565
79.207
79.0187
78.6969
78.2497
77.6873
77.0219
76.2675
75.4379
74.5474
73.6096
72.6368
71.64
70.6285
69.6097
68.5889
67.57
66.5549
65.544
64.5367
63.5309
62.5241
61.5129
60.4936
59.4622
58.4151
57.3486
56.2593
55.1445
54.0021
52.8306
51.6293
50.3984
49.1387
47.8517
46.5398
45.2058
43.8529
42.4851
41.1063
39.7211
38.3339
36.9496
35.5728
34.2087
32.8604
31.5373
30.4205
29.4552
28.4608
27.4395
26.4033
25.3385
24.3648
23.1088
22.8194
20.0368
23.8613
12.6827
34.1877
65.3782
64.8498
64.2823
63.6693
62.9553
62.0961
61.0566
59.8049
58.3244
56.6223
54.7289
52.6896
50.546
48.324
46.0368
43.6907
41.2911
38.8427
36.3476
33.8061
31.217
28.5775
25.8838
23.1325
20.3208
17.4473
14.5134
11.5222
8.48041
5.397
2.28454
-0.840978
-3.96196
-7.05846
-10.1088
-13.0911
-15.9831
-18.7635
-21.4115
-23.9082
-26.2367
-28.3825
-30.3331
-32.0784
-33.6115
-34.9277
-36.025
-36.9042
-37.5682
-38.0223
-38.2741
-38.3325
-38.2082
-37.9132
-37.4604
-36.8632
-36.1357
-35.2917
-34.3451
-33.3093
-32.1973
-31.0214
-29.7931
-28.523
-27.2213
-25.896
-24.5562
-23.387
-22.3233
-21.2505
-20.0408
-18.9675
-17.4655
-16.724
-14.3865
-15.0442
-10.1422
-15.2469
-3.15994
-20.2737
65.8122
66.2099
66.5621
66.8709
67.1504
67.3881
67.5893
67.7566
67.8935
68.0032
68.0902
68.158
68.2105
68.2511
68.2827
68.3071
68.3254
68.337
68.3403
68.3325
68.3095
68.2663
68.1973
68.0965
67.9584
67.7774
67.5491
67.2703
66.939
66.5548
66.1185
65.6322
65.0993
64.5234
63.9089
63.2601
62.5809
61.875
61.1452
60.3934
59.6211
58.8284
58.0152
57.1804
56.3227
55.4404
54.5315
53.5941
52.6265
51.6274
50.5958
49.531
48.4331
47.3031
46.1419
44.9516
43.7348
42.4944
41.2338
39.957
38.6681
37.3716
36.0721
34.7743
33.4835
32.203
30.9425
29.8752
28.9507
27.9966
27.0146
26.0174
24.9896
24.0515
22.8341
22.5557
19.8734
23.5396
12.7862
33.5683
57.1832
56.6637
56.1381
55.6307
55.112
54.5531
53.9326
53.2282
52.4138
51.4663
50.3731
49.1349
47.7616
46.2633
44.6441
42.9037
41.0413
39.0591
36.9614
34.7548
32.4472
30.0472
27.5643
25.0079
22.3876
19.7125
16.9916
14.2331
11.4458
8.63814
5.81874
2.99756
0.184491
-2.60926
-5.3711
-8.08759
-10.7442
-13.3255
-15.8157
-18.1989
-20.4597
-22.5836
-24.5568
-26.3673
-28.0048
-29.461
-30.7297
-31.8072
-32.6917
-33.3839
-33.8868
-34.205
-34.3451
-34.3154
-34.1255
-33.7861
-33.3086
-32.705
-31.9876
-31.1689
-30.2609
-29.2755
-28.2243
-27.1177
-25.9664
-24.7792
-23.5648
-22.4956
-21.5134
-20.5214
-19.3877
-18.3903
-16.9608
-16.2814
-14.0292
-14.7019
-9.95863
-14.9354
-3.20088
-19.9112
57.5828
57.9146
58.2581
58.607
58.9529
59.292
59.6231
59.9418
60.2448
60.5283
60.7886
61.0226
61.2273
61.4005
61.5403
61.6459
61.7169
61.7538
61.7579
61.7309
61.6746
61.5916
61.4843
61.3544
61.2038
61.0336
60.8441
60.6351
60.4061
60.1557
59.8825
59.5847
59.2609
58.9096
58.5296
58.1204
57.6814
57.2124
56.7135
56.1848
55.6264
55.0381
54.4197
53.7707
53.0904
52.378
51.6322
50.8522
50.0368
49.1853
48.2969
47.3715
46.4091
45.4106
44.3768
43.3098
42.2116
41.085
39.9333
38.76
37.5692
36.3652
35.1524
33.9357
32.7202
31.5096
30.3137
29.2971
28.4144
27.5016
26.56
25.6027
24.613
23.7112
22.5321
22.2718
19.6667
23.2401
12.7602
33.0615
45.3935
44.92
44.4361
43.9714
43.5048
43.0221
42.5109
41.9575
41.3479
40.6669
39.9036
39.054
38.1221
37.116
36.0418
34.9006
33.6879
32.3974
31.0231
29.5601
28.0051
26.3554
24.6099
22.7692
20.8355
18.8129
16.707
14.525
12.2757
9.96882
7.61496
5.22584
2.81327
0.389641
-2.03205
-4.43874
-6.81688
-9.15281
-11.4324
-13.6415
-15.7663
-17.7929
-19.7082
-21.4994
-23.1553
-24.6656
-26.0215
-27.2163
-28.2447
-29.1037
-29.7922
-30.3111
-30.6631
-30.8526
-30.8859
-30.7704
-30.5147
-30.1284
-29.6219
-29.0058
-28.291
-27.4884
-26.6089
-25.6628
-24.6605
-23.6114
-22.5234
-21.5557
-20.6572
-19.7488
-18.6946
-17.7756
-16.4229
-15.8075
-13.6461
-14.3327
-9.75694
-14.595
-3.23595
-19.5051
45.7334
46.0024
46.2965
46.6004
46.915
47.2416
47.58
47.9292
48.2885
48.6567
49.0322
49.413
49.7968
50.1808
50.5619
50.9368
51.3017
51.6526
51.9859
52.298
52.5854
52.8449
53.0743
53.2715
53.435
53.5643
53.6588
53.719
53.7453
53.7383
53.6988
53.6273
53.5244
53.3902
53.2248
53.028
52.7995
52.5386
52.2447
51.9173
51.5557
51.1592
50.727
50.2585
49.7528
49.2094
48.6272
48.0056
47.344
46.6417
45.8984
45.114
44.2889
43.4237
42.5193
41.5774
40.6001
39.5899
38.5496
37.4828
36.3932
35.2849
34.1624
33.0303
31.894
30.757
29.6295
28.6669
27.829
26.9605
26.0624
25.1476
24.1994
23.3354
22.1998
21.9543
19.4382
22.8958
12.7258
32.4845
37.7991
37.4103
37.0058
36.6086
36.2055
35.7921
35.3638
34.9087
34.4138
33.8659
33.2519
32.5623
31.7954
30.9571
30.0568
29.1028
28.0992
27.0457
25.9398
24.7785
23.5597
22.2814
20.9413
19.5374
18.068
16.5317
14.928
13.2573
11.521
9.72215
7.86474
5.95471
3.99906
2.00627
-0.0138235
-2.05042
-4.0917
-6.12529
-8.13802
-10.1165
-12.0472
-13.9167
-15.7117
-17.4192
-19.027
-20.5239
-21.8994
-23.1446
-24.2517
-25.215
-26.0301
-26.6947
-27.208
-27.5711
-27.787
-27.8597
-27.7951
-27.6002
-27.2827
-26.8513
-26.3155
-25.6846
-24.9686
-24.1771
-23.3198
-22.4063
-21.4438
-20.5778
-19.7641
-18.94
-17.9675
-17.128
-15.8559
-15.3038
-13.2408
-13.9343
-9.54265
-14.2201
-3.26782
-19.0477
38.0912
38.3404
38.6084
38.8823
39.1655
39.4575
39.7581
40.0671
40.3845
40.71
41.0435
41.3848
41.7332
42.0885
42.4501
42.8172
43.1887
43.5632
43.9392
44.3149
44.6879
45.0555
45.4149
45.763
46.0967
46.4124
46.707
46.9776
47.2214
47.4359
47.6189
47.7689
47.8846
47.9651
48.0096
48.0177
47.9888
47.9227
47.819
47.6771
47.4968
47.2773
47.0181
46.7184
46.3775
45.9949
45.5697
45.1013
44.5892
44.0328
43.432
42.7867
42.0973
41.3643
40.5886
39.7717
38.9154
38.022
37.0942
36.1352
35.1484
34.138
33.1081
32.0633
31.0089
29.9486
28.8925
27.9868
27.1961
26.3744
25.5224
24.6527
23.7486
22.924
21.8366
21.6012
19.1891
22.5032
12.6854
31.8525
32.7659
32.442
32.1008
31.7595
31.4102
31.0528
30.6893
30.3149
29.9198
29.4935
29.0247
28.5013
27.9134
27.2578
26.538
25.7606
24.9319
24.0555
23.1315
22.1578
21.1325
20.0548
18.9241
17.7402
16.5028
15.2122
13.8686
12.4725
11.0249
9.5272
7.98123
6.38975
4.75606
3.08446
1.38043
-0.349633
-2.09809
-3.85637
-5.61473
-7.36265
-9.08899
-10.7821
-12.43
-14.0205
-15.5418
-16.9824
-18.3313
-19.5785
-20.7149
-21.7328
-22.6257
-23.3886
-24.0183
-24.5128
-24.8723
-25.0981
-25.1932
-25.1618
-25.0094
-24.7425
-24.3685
-23.8954
-23.3316
-22.6858
-21.9668
-21.184
-20.3437
-19.5777
-18.8477
-18.107
-17.2164
-16.4558
-15.2663
-14.7763
-12.8155
-13.5141
-9.30894
-13.8276
-3.27142
-18.5795
33.0199
33.2464
33.4875
33.7355
33.993
34.2592
34.534
34.8172
35.1087
35.408
35.715
36.0291
36.3498
36.6766
37.0089
37.3461
37.6875
38.0324
38.38
38.7296
39.0802
39.4307
39.7799
40.1267
40.4694
40.8063
41.1354
41.4546
41.7615
42.0534
42.3278
42.5818
42.813
43.0186
43.1963
43.3438
43.459
43.5403
43.5859
43.5946
43.5649
43.4958
43.3861
43.2348
43.041
42.8037
42.5222
42.1955
41.823
41.4043
40.9389
40.4267
39.8678
39.2627
38.6122
37.9174
37.1799
36.4017
35.5853
34.7335
33.8496
32.9374
32.001
31.0447
30.0737
29.0917
28.1088
27.2619
26.52
25.7467
24.9425
24.1194
23.2615
22.4771
21.4417
21.2131
18.9133
22.0754
12.6118
31.2127
28.5119
28.2371
27.9459
27.6512
27.3461
27.0306
26.7093
26.3834
26.0491
25.6992
25.3255
24.919
24.4693
23.9675
23.4098
22.7985
22.1383
21.4341
20.6888
19.9026
19.0732
18.198
17.2755
16.3045
15.2844
14.2145
13.0948
11.9255
10.7076
9.44205
8.13071
6.77595
5.38046
3.9476
2.48149
0.986804
-0.531038
-2.06579
-3.61042
-5.15709
-6.6973
-8.22185
-9.72096
-11.1843
-12.6015
-13.962
-15.2554
-16.4716
-17.6013
-18.6357
-19.5674
-20.3895
-21.097
-21.6859
-22.1539
-22.5
-22.7246
-22.8296
-22.8183
-22.6948
-22.4647
-22.134
-21.7098
-21.1995
-20.6107
-19.9524
-19.2296
-18.5605
-17.9125
-17.2536
-16.4444
-15.7615
-14.6555
-14.2267
-12.3695
-13.0739
-9.05231
-13.4224
-3.24134
-18.1123
28.7302
28.9274
29.1372
29.3547
29.5816
29.8175
30.0626
30.317
30.5807
30.8537
31.1357
31.4268
31.7267
32.035
32.3512
32.6749
33.0054
33.3421
33.684
34.0304
34.38
34.732
35.0851
35.4381
35.7897
36.1386
36.4834
36.8225
37.1544
37.4774
37.7895
38.0889
38.3736
38.6411
38.8892
39.1157
39.3179
39.4937
39.6404
39.756
39.8381
39.8849
39.8944
39.8648
39.7944
39.6819
39.5258
39.325
39.0785
38.7853
38.4447
38.0565
37.6203
37.1364
36.6052
36.0276
35.4049
34.7387
34.0311
33.2847
32.5024
31.6878
30.8446
29.9771
29.0903
28.1876
27.2793
26.4923
25.8003
25.0768
24.3218
23.5467
22.7368
21.9932
21.0126
20.7891
18.6066
21.6155
12.4987
30.5702
24.9003
24.6669
24.419
24.1664
23.9026
23.626
23.3405
23.0491
22.753
22.4498
22.1343
21.7995
21.4382
21.0414
20.6008
20.1126
19.5782
19.0015
18.387
17.7377
17.0543
16.3353
15.5783
14.7816
13.944
13.0645
12.1424
11.1769
10.1679
9.11526
8.01961
6.88212
5.70423
4.48813
3.23672
1.95341
0.642331
-0.691678
-2.04309
-3.4057
-4.77266
-6.13655
-7.48931
-8.82232
-10.1267
-11.3931
-12.6122
-13.7747
-14.8713
-15.8934
-16.8329
-17.6823
-18.4354
-19.0867
-19.632
-20.0687
-20.395
-20.6108
-20.7172
-20.7163
-20.6117
-20.4078
-20.1097
-19.7238
-19.2561
-18.7152
-18.1044
-17.5285
-16.9601
-16.3808
-15.652
-15.0455
-14.0234
-13.6548
-11.9025
-12.6129
-8.77282
-13.0012
-3.18341
-17.6393
25.088
25.2597
25.4423
25.6323
25.8308
26.0377
26.2534
26.4779
26.7114
26.954
27.2059
27.4671
27.7375
28.0171
28.3059
28.6037
28.9102
29.2251
29.5479
29.8781
30.2151
30.558
30.9061
31.2581
31.6131
31.9696
32.3263
32.6816
33.034
33.3818
33.7231
34.0561
34.379
34.6896
34.9859
35.2658
35.5271
35.7676
35.9848
36.1764
36.3401
36.4736
36.5745
36.6406
36.6698
36.6602
36.6097
36.5168
36.38
36.1979
35.9693
35.6936
35.3701
34.9986
34.5791
34.1121
33.5985
33.0396
32.437
31.7929
31.11
30.3913
29.6404
28.8613
28.0586
27.2358
26.4029
25.6766
25.0356
24.3628
23.6583
22.9324
22.1721
21.4701
20.547
20.3273
18.267
21.1207
12.3514
29.9121
21.9483
21.7496
21.5384
21.3223
21.0956
20.8564
20.6063
20.3475
20.0821
19.8117
19.5356
19.2495
18.9479
18.6244
18.2714
17.8812
17.4493
16.9762
16.4652
15.92
15.344
14.7383
14.1019
13.4328
12.7296
11.9913
11.2172
10.4066
9.55901
8.67411
7.75179
6.79241
5.79651
4.76509
3.69976
2.60254
1.4761
0.323692
-0.85067
-2.04238
-3.24617
-4.45619
-5.66588
-6.8681
-8.05532
-9.21956
-10.3525
-11.4457
-12.4906
-13.4789
-14.4025
-15.2539
-16.0259
-16.7125
-17.3083
-17.8091
-18.2117
-18.5143
-18.7161
-18.8174
-18.8201
-18.7267
-18.5408
-18.2672
-17.9107
-17.4788
-16.9736
-16.4864
-15.9945
-15.4919
-14.842
-14.3097
-13.3713
-13.0614
-11.4147
-12.1307
-8.47123
-12.5621
-3.10132
-17.1548
22.1105
22.2609
22.4208
22.5874
22.7617
22.9437
23.1336
23.3318
23.5382
23.7532
23.9769
24.2093
24.4506
24.7009
24.9601
25.2283
25.5054
25.7912
26.0856
26.3883
26.6991
27.0175
27.3429
27.6748
28.0125
28.355
28.7013
29.0504
29.4009
29.7515
30.1004
30.4461
30.7867
31.1202
31.4446
31.7578
32.0575
32.3415
32.6074
32.8529
33.0757
33.2731
33.4429
33.5827
33.69
33.7626
33.7984
33.7952
33.7511
33.6644
33.5337
33.3575
33.1349
32.8653
32.5481
32.1836
31.7719
31.3141
30.8113
30.2653
29.6782
29.0528
28.3921
27.7
26.9807
26.2374
25.48
24.815
24.2254
23.6042
22.951
22.2753
21.5658
20.9064
20.043
19.8263
17.8925
20.5888
12.1729
29.2308
19.4944
19.3244
19.1437
18.9583
18.7633
18.5571
18.3405
18.1141
17.8786
17.636
17.3884
17.1358
16.8754
16.6025
16.312
15.9971
15.6507
15.2678
14.8481
14.3942
13.9092
13.3962
12.8568
12.2905
11.6955
11.0703
10.414
9.72601
9.00587
8.25315
7.46758
6.64925
5.79835
4.91539
4.00131
3.05737
2.08525
1.08713
0.0657385
-0.975641
-2.0332
-3.10251
-4.17853
-5.25559
-6.32757
-7.38781
-8.42919
-9.44436
-10.4256
-11.3653
-12.2559
-13.0897
-13.8598
-14.5595
-15.183
-15.725
-16.1813
-16.5487
-16.825
-17.0091
-17.101
-17.1019
-17.0137
-16.8399
-16.5836
-16.2516
-15.8444
-15.4406
-15.0213
-14.5919
-14.0183
-13.5575
-12.7018
-12.4485
-10.9073
-11.6281
-8.14828
-12.1051
-2.99607
-16.6587
19.6347
19.7665
19.9064
20.0523
20.2053
20.3652
20.5324
20.7071
20.8894
21.0797
21.278
21.4846
21.6995
21.923
22.1551
22.3959
22.6454
22.9035
23.1703
23.4456
23.7292
24.0209
24.3204
24.6273
24.9411
25.2612
25.5869
25.9174
26.252
26.5894
26.9286
27.2682
27.6067
27.9425
28.2739
28.599
28.9157
29.2219
29.5153
29.7936
30.0544
30.2952
30.5135
30.7068
30.8726
31.0085
31.1119
31.1807
31.2126
31.2056
31.1577
31.0672
30.9328
30.7534
30.528
30.2563
29.9382
29.574
29.1644
28.7108
28.2148
27.6787
27.1052
26.4977
25.86
25.1952
24.5125
23.9087
23.3706
22.8011
22.1998
21.5749
20.9171
20.3008
19.4987
19.2849
17.4813
20.019
11.9631
28.5231
17.4033
17.2572
17.102
16.9424
16.7746
16.5966
16.4092
16.2127
16.0069
15.7921
15.5697
15.342
15.1097
14.8713
14.6229
14.3602
14.0775
13.7682
13.4272
13.0532
12.6482
12.2148
11.756
11.2737
10.7677
10.2366
9.67881
9.09338
8.47984
7.83771
7.16659
6.4663
5.73675
4.97813
4.19095
3.37596
2.53426
1.66733
0.777123
-0.134018
-1.06327
-2.00734
-2.96236
-3.92391
-4.88712
-5.84661
-6.79643
-7.73035
-8.64174
-9.52376
-10.3694
-11.1718
-11.924
-12.6194
-13.2519
-13.8158
-14.3062
-14.719
-15.0508
-15.2994
-15.4635
-15.5427
-15.5378
-15.4508
-15.2834
-15.0414
-14.7238
-14.3972
-14.0461
-13.6855
-13.1848
-12.7921
-12.0173
-11.818
-10.3817
-11.1063
-7.8047
-11.6305
-2.87003
-16.1512
17.525
17.6403
17.7625
17.8902
18.0242
18.1644
18.3113
18.4649
18.6255
18.7933
18.9685
19.1514
19.3421
19.5407
19.7475
19.9626
20.186
20.4178
20.658
20.9068
21.1639
21.4293
21.7029
21.9843
22.2732
22.5694
22.8722
23.1811
23.4955
23.8145
24.1372
24.4626
24.7897
25.1169
25.4431
25.7665
26.0854
26.398
26.7024
26.9963
27.2777
27.544
27.7929
28.0219
28.2284
28.4101
28.5642
28.6883
28.7801
28.8371
28.8573
28.8386
28.7793
28.6777
28.5328
28.3435
28.1094
27.8302
27.5063
27.1383
26.7277
26.276
25.7855
25.2591
24.7004
24.1119
23.5026
22.9591
22.472
21.9541
21.4046
20.8306
20.2249
19.6522
18.9125
18.7019
17.0317
19.4101
11.7223
27.7847
15.6028
15.4768
15.3429
15.2052
15.0603
14.9067
14.7444
14.5739
14.3949
14.2073
14.0109
13.8068
13.5967
13.3822
13.1626
12.9352
12.6961
12.4406
12.1627
11.8573
11.5222
11.1588
10.7693
10.3566
9.92269
9.46796
8.99114
8.49072
7.96584
7.41597
6.84072
6.2398
5.61292
4.95999
4.2812
3.5769
2.84771
2.09459
1.31883
0.522093
-0.293573
-1.12572
-1.9714
-2.82719
-3.68921
-4.55316
-5.41416
-6.26701
-7.10609
-7.92544
-8.7189
-9.48013
-10.2028
-10.8805
-11.5072
-12.0772
-12.5851
-13.0263
-13.3968
-13.6934
-13.9136
-14.0561
-14.1204
-14.1073
-14.0172
-13.8549
-13.6181
-13.3619
-13.0739
-12.7773
-12.3455
-12.0169
-11.3204
-11.172
-9.83923
-10.5657
-7.4414
-11.138
-2.72569
-15.6292
15.7085
15.8094
15.9162
16.0279
16.1453
16.2682
16.397
16.5319
16.6732
16.8209
16.9754
17.1368
17.3054
17.4814
17.6648
17.8559
18.0548
18.2617
18.4767
18.6998
18.931
19.1703
19.4178
19.6733
19.9366
20.2074
20.4856
20.7706
21.0621
21.3594
21.6619
21.9687
22.279
22.5917
22.9056
23.2195
23.5318
23.8411
24.1457
24.4436
24.7329
25.0114
25.2769
25.5272
25.7598
25.9723
26.162
26.3265
26.4633
26.57
26.6442
26.6837
26.6864
26.6504
26.5742
26.4565
26.2962
26.0928
25.8461
25.5563
25.2242
24.851
24.4385
23.989
23.5056
22.9907
22.4525
21.9678
21.5308
21.0636
20.5654
20.0422
19.4885
18.9597
18.283
18.076
16.5416
18.7601
11.4516
27.0073
14.039
13.93
13.8142
13.695
13.5697
13.4368
13.2963
13.1484
12.9926
12.8291
12.6577
12.478
12.2905
12.0965
11.8979
11.695
11.4858
11.2671
11.035
10.7843
10.5097
10.2084
9.88102
9.52959
9.1566
8.76434
8.35357
7.92332
7.47222
6.99933
6.50417
5.98647
5.44589
4.88218
4.29532
3.6854
3.05273
2.39785
1.72161
1.02511
0.309802
-0.422563
-1.16978
-1.92922
-2.6979
-3.47237
-4.24872
-5.02263
-5.7894
-6.54399
-7.281
-7.99484
-8.67972
-9.32981
-9.93935
-10.5027
-11.0145
-11.4698
-11.8642
-12.1939
-12.4557
-12.6474
-12.7674
-12.8157
-12.7913
-12.6984
-12.533
-12.3402
-12.1095
-11.8716
-11.5043
-11.2352
-10.6137
-10.5124
-9.28176
-10.0071
-7.06056
-10.6256
-2.56767
-15.0878
14.131
14.2193
14.3127
14.4105
14.5133
14.6211
14.7341
14.8526
14.9767
15.1067
15.2427
15.3851
15.5339
15.6894
15.8517
16.0211
16.1978
16.3818
16.5733
16.7724
16.9793
17.1939
17.4163
17.6465
17.8844
18.13
18.3829
18.6431
18.9102
19.1837
19.4633
19.7482
20.0379
20.3316
20.6282
20.9268
21.2263
21.5251
21.822
22.1153
22.4033
22.6841
22.9557
23.2161
23.4629
23.6939
23.9066
24.0987
24.2676
24.4109
24.5262
24.6111
24.6634
24.681
24.662
24.6048
24.5081
24.3708
24.1924
23.9726
23.7116
23.4103
23.0698
22.6921
22.2797
21.8347
21.3644
20.9365
20.548
20.1304
19.6824
19.2092
18.7071
18.2222
17.6084
17.4061
16.0099
18.0662
11.1542
26.1783
12.6685
12.5739
12.4734
12.37
12.2612
12.1458
12.0239
11.8955
11.76
11.6173
11.4674
11.3103
11.1455
10.973
10.7937
10.6093
10.4208
10.2271
10.0258
9.81345
9.58565
9.33738
9.06559
8.77016
8.45263
8.11528
7.76037
7.38891
7.00012
6.59256
6.16532
5.71807
5.25058
4.76262
4.25401
3.72467
3.17467
2.60433
2.01417
1.40492
0.777576
0.133396
-0.526008
-1.19864
-1.88222
-2.57405
-3.271
-3.96958
-4.66591
-5.35574
-6.03449
-6.69728
-7.33902
-7.95441
-8.53815
-9.08489
-9.58945
-10.0469
-10.4526
-10.8024
-11.0927
-11.3207
-11.4838
-11.5814
-11.6116
-11.5773
-11.474
-11.3371
-11.1579
-10.9728
-10.6649
-10.4502
-9.90015
-9.84142
-8.71161
-9.43021
-6.66551
-10.0906
-2.401
-14.518
12.7487
12.826
12.9077
12.9934
13.0834
13.1779
13.277
13.381
13.4901
13.6044
13.7241
13.8495
13.9807
14.1179
14.2613
14.4112
14.5676
14.7308
14.9009
15.0781
15.2624
15.4541
15.6531
15.8594
16.0732
16.2944
16.5229
16.7585
17.0011
17.2505
17.5062
17.7679
18.0351
18.3072
18.5834
18.863
19.145
19.4283
19.7118
19.9941
20.2737
20.5491
20.8184
21.0799
21.3314
21.5709
21.7962
22.0049
22.1947
22.3633
22.5081
22.6268
22.7172
22.777
22.8042
22.7968
22.7533
22.6724
22.553
22.3945
22.1968
21.96
21.6851
21.3734
21.0268
20.6472
20.2413
19.8674
19.5254
19.1554
18.7562
18.3318
17.8802
17.439
16.8876
16.6906
15.436
17.3226
10.837
25.2814
11.4499
11.3677
11.2803
11.1903
11.0957
10.9954
10.8894
10.7778
10.66
10.5357
10.4048
10.2672
10.1229
9.97167
9.81297
9.64712
9.47564
9.30009
9.12034
8.9345
8.73965
8.53183
8.30619
8.05948
7.79155
7.504
7.1987
6.87759
6.54184
6.19075
5.82267
5.43659
5.03217
4.6094
4.16821
3.7084
3.22993
2.73288
2.21758
1.68451
1.13437
0.568045
-0.0132792
-0.608105
-1.21467
-1.83089
-2.45428
-3.08206
-3.71101
-4.3377
-4.95822
-5.56841
-6.16384
-6.73979
-7.29152
-7.81417
-8.3028
-8.75264
-9.15907
-9.51791
-9.82523
-10.0777
-10.2726
-10.4082
-10.4821
-10.4964
-10.4457
-10.357
-10.2233
-10.0848
-9.83109
-9.66478
-9.18322
-9.15961
-8.13299
-8.83277
-6.26361
-9.52288
-2.23768
-13.9043
11.5199
11.5876
11.6592
11.7343
11.8133
11.8962
11.9832
12.0746
12.1704
12.2709
12.3763
12.4867
12.6023
12.7233
12.85
12.9824
13.1208
13.2653
13.4161
13.5734
13.7373
13.9079
14.0853
14.2697
14.461
14.6593
14.8646
15.0768
15.2958
15.5215
15.7537
15.9921
16.2362
16.4858
16.7402
16.9988
17.2609
17.5256
17.792
18.059
18.3253
18.5897
18.8505
19.1062
19.355
19.5951
19.8244
20.0408
20.2421
20.426
20.5904
20.7328
20.8509
20.9425
21.0055
21.0378
21.0377
21.0035
20.9339
20.828
20.6853
20.5055
20.2892
20.0371
19.7507
19.4315
19.0853
18.7623
18.4643
18.1397
17.7871
17.4098
17.0073
16.6091
16.1193
15.9269
14.8216
16.5184
10.5178
24.2856
10.3787
10.3073
10.2314
10.1532
10.071
9.98393
9.89197
9.79503
9.69281
9.58504
9.47156
9.3523
9.2272
9.09572
8.95608
8.80496
8.63902
8.45777
8.2647
8.0657
7.86678
7.67342
7.48884
7.31023
7.12779
6.92832
6.69973
6.4358
6.14003
5.82289
5.4935
5.15424
4.80244
4.43496
4.05035
3.64863
3.23026
2.79552
2.34454
1.87747
1.39471
0.896833
0.384698
-0.140571
-0.677709
-1.22505
-1.7807
-2.34246
-2.90768
-3.47364
-4.03704
-4.59432
-5.14175
-5.67527
-6.19064
-6.68348
-7.14928
-7.58357
-7.98189
-8.34017
-8.65438
-8.92107
-9.13698
-9.30005
-9.40727
-9.46022
-9.45282
-9.40454
-9.31024
-9.21162
-9.00726
-8.88134
-8.4674
-8.4666
-7.55214
-8.20901
-5.86518
-8.91238
-2.09588
-13.2308
10.4396
10.4987
10.5612
10.6267
10.6957
10.7681
10.8441
10.924
11.0078
11.0957
11.188
11.2847
11.386
11.4922
11.6034
11.7197
11.8414
11.9687
12.1016
12.2404
12.3851
12.536
12.6932
12.8568
13.0268
13.2033
13.3864
13.576
13.7722
13.9749
14.1839
14.399
14.62
14.8466
15.0785
15.3149
15.5555
15.7997
16.0466
16.2954
16.5449
16.7941
17.0418
17.2866
17.5269
17.7611
17.9875
18.2041
18.4089
18.5999
18.775
18.932
19.0684
19.1823
19.2715
19.3339
19.3675
19.3707
19.3417
19.2797
19.1837
19.0529
18.8875
18.6881
18.4556
18.1909
17.8994
17.6234
17.3664
17.0843
16.7757
16.4434
16.0878
15.7313
15.3026
15.1105
14.1717
15.6377
10.22
23.1688
9.09351
9.03414
8.9709
8.90564
8.83711
8.76454
8.68791
8.6071
8.5219
8.43206
8.33728
8.23718
8.13153
8.0201
7.90313
7.78121
7.65472
7.52325
7.38599
7.24302
7.09511
6.94232
6.78323
6.616
6.43823
6.24696
6.04039
5.81881
5.58263
5.33097
5.06351
4.7817
4.48691
4.17943
3.85853
3.52355
3.17406
2.80997
2.4313
2.03825
1.63099
1.20985
0.775291
0.328053
-0.131056
-0.600845
-1.07999
-1.5669
-2.05963
-2.55605
-3.05365
-3.54961
-4.04091
-4.52421
-4.99592
-5.45217
-5.88907
-6.30252
-6.68841
-7.04271
-7.36144
-7.64098
-7.87782
-8.06934
-8.21216
-8.30662
-8.34723
-8.34281
-8.29429
-8.23748
-8.09417
-8.00532
-7.68267
-7.68593
-6.93222
-7.49566
-5.46815
-8.20728
-2.00086
-12.4771
9.14449
9.19403
9.24637
9.30135
9.35922
9.42001
9.4839
9.55106
9.62157
9.69564
9.77341
9.85499
9.94056
10.0303
10.1244
10.2229
10.3261
10.4342
10.5472
10.6653
10.7887
10.9176
11.0521
11.1922
11.3382
11.4901
11.648
11.8119
11.982
12.1582
12.3404
12.5285
12.7225
12.9223
13.1274
13.3376
13.5525
13.7719
13.9949
14.2211
14.4495
14.6793
14.9098
15.1396
15.3676
15.5925
15.8128
16.0268
16.2328
16.4291
16.6136
16.7846
16.9395
17.0766
17.1938
17.289
17.3599
17.4051
17.4224
17.4106
17.3685
17.295
17.1899
17.053
16.8847
16.6859
16.4605
16.2418
16.0351
15.8054
15.5515
15.2752
14.9786
14.6748
14.3266
14.1297
13.4245
14.5581
9.95555
21.799
7.76056
7.71375
7.66386
7.61234
7.55826
7.50098
7.44048
7.3767
7.30947
7.23857
7.16376
7.08471
7.00146
6.91418
6.82353
6.73089
6.63767
6.54466
6.45067
6.35207
6.24414
6.12325
5.98789
5.83862
5.67733
5.50712
5.3308
5.14931
4.96174
4.76555
4.55733
4.33501
4.09908
3.85147
3.5932
3.32394
3.04285
2.74935
2.44321
2.1245
1.79322
1.44957
1.09366
0.72588
0.3467
-0.0432329
-0.443019
-0.851657
-1.26784
-1.69002
-2.11642
-2.54506
-2.97352
-3.39923
-3.81938
-4.23078
-4.63012
-5.01387
-5.37837
-5.7199
-6.03465
-6.31905
-6.56947
-6.78299
-6.95581
-7.08754
-7.17241
-7.21128
-7.20575
-7.1943
-7.10602
-7.06806
-6.81713
-6.86584
-6.21434
-6.79106
-4.9322
-7.59782
-1.71128
-11.9974
7.80106
7.8406
7.88236
7.92629
7.97254
8.02116
8.07231
8.12613
8.18268
8.24216
8.30465
8.37026
8.43916
8.51157
8.58749
8.66712
8.75067
8.83823
8.93002
9.0261
9.12663
9.23189
9.34192
9.45678
9.57673
9.70186
9.83233
9.96818
10.1095
10.2563
10.4087
10.5667
10.7302
10.8994
11.0739
11.2536
11.4384
11.628
11.822
12.0201
12.2216
12.4261
12.6329
12.8411
13.05
13.2584
13.4652
13.669
13.8687
14.0627
14.2492
14.4267
14.5931
14.7468
14.8857
15.0079
15.1113
15.1941
15.2544
15.2904
15.3008
15.2843
15.2402
15.1677
15.0667
14.9378
14.7838
14.6277
14.4764
14.3053
14.1129
13.9007
13.6711
13.4328
13.1681
13.0054
12.4784
13.4894
9.3163
20.9221
6.62454
6.58708
6.54714
6.50587
6.46254
6.41664
6.36811
6.31695
6.26305
6.20619
6.14621
6.08291
6.01618
5.94581
5.87155
5.79335
5.71099
5.62452
5.53404
5.43948
5.34022
5.23516
5.12369
5.00663
4.88553
4.76156
4.63409
4.50107
4.35961
4.20709
4.04255
3.86615
3.67804
3.4786
3.26888
3.04979
2.82143
2.5832
2.33452
2.07507
1.80476
1.52372
1.23197
0.929714
0.617164
0.294684
-0.0371699
-0.377765
-0.726199
-1.08144
-1.44222
-1.8071
-2.17431
-2.54189
-2.90766
-3.26911
-3.62357
-3.96814
-4.29972
-4.61507
-4.9108
-5.18366
-5.43018
-5.64745
-5.83172
-5.98218
-6.09299
-6.15989
-6.18412
-6.20524
-6.15848
-6.16047
-5.96696
-6.05627
-5.48762
-6.08876
-4.36355
-7.00377
-1.36436
-11.5466
6.65722
6.68922
6.72301
6.75857
6.79601
6.83544
6.87693
6.92054
6.96646
7.01475
7.06547
7.11877
7.17481
7.2337
7.29549
7.36039
7.4285
7.49996
7.57495
7.65351
7.73574
7.82193
7.91213
8.00648
8.10515
8.20817
8.31574
8.42797
8.54492
8.66667
8.79336
8.92492
9.06154
9.20319
9.34974
9.5012
9.65751
9.81844
9.98383
10.1535
10.327
10.504
10.6841
10.8666
11.0511
11.2367
11.4224
11.6075
11.7908
11.9712
12.1472
12.3177
12.4809
12.6353
12.7792
12.9109
13.0285
13.1303
13.2144
13.2792
13.3233
13.3451
13.3437
13.3181
13.2678
13.193
13.0959
12.991
12.886
12.7645
12.6252
12.4694
12.2998
12.1224
11.9336
11.8109
11.443
12.3888
8.57043
20.0634
5.58981
5.55979
5.52781
5.49473
5.45997
5.42316
5.38425
5.3432
5.29996
5.25434
5.20621
5.15543
5.1019
5.04545
4.98586
4.92307
4.85689
4.78717
4.71385
4.63693
4.55654
4.47256
4.38439
4.29105
4.19207
4.08834
3.98134
3.87169
3.75854
3.6398
3.51302
3.37644
3.22956
3.07239
2.90502
2.72806
2.54261
2.34933
2.14801
1.93801
1.71887
1.49047
1.25283
1.0061
0.750384
0.485889
0.212936
-0.0680812
-0.35656
-0.651817
-0.952907
-1.25886
-1.56835
-1.87989
-2.19189
-2.50235
-2.80919
-3.11011
-3.40258
-3.68388
-3.95113
-4.20152
-4.43196
-4.6398
-4.82152
-4.97621
-5.09817
-5.18025
-5.22302
-5.26526
-5.24857
-5.27908
-5.13248
-5.25128
-4.75871
-5.37158
-3.78256
-6.37647
-1.00775
-11.0032
5.6161
5.64185
5.66911
5.69776
5.72796
5.7598
5.7933
5.82852
5.86562
5.90466
5.9457
5.98885
6.03426
6.08198
6.13209
6.18479
6.24012
6.29821
6.3592
6.42315
6.49021
6.56051
6.63419
6.71134
6.79211
6.87657
6.96484
7.05709
7.15336
7.25376
7.35841
7.4673
7.58059
7.69827
7.82029
7.94675
8.07757
8.21264
8.35191
8.49521
8.64235
8.79305
8.94699
9.10381
9.26307
9.42427
9.58669
9.74965
9.91232
10.0739
10.2332
10.3892
10.5408
10.6864
10.8249
10.9547
11.0741
11.1818
11.2761
11.3553
11.4183
11.4635
11.4897
11.4962
11.4822
11.4475
11.3939
11.3294
11.2616
11.1809
11.0862
10.9787
10.8612
10.7386
10.6177
10.5352
10.3157
11.198
7.76318
18.9745
4.62241
4.59882
4.57369
4.54766
4.52028
4.49132
4.46072
4.42842
4.39439
4.35849
4.32062
4.28067
4.23853
4.19408
4.14719
4.09776
4.04565
3.9907
3.93281
3.87188
3.80785
3.74077
3.67071
3.5974
3.52007
3.43786
3.3506
3.25935
3.16561
3.06977
2.97075
2.86656
2.75506
2.63501
2.50604
2.3681
2.22153
2.06729
1.90637
1.73899
1.56464
1.3828
1.19316
0.995752
0.790646
0.577983
0.357939
0.130738
-0.103253
-0.343557
-0.589559
-0.840532
-1.09557
-1.35356
-1.61329
-1.8733
-2.13194
-2.38743
-2.63774
-2.88071
-3.11394
-3.33509
-3.54153
-3.73097
-3.90024
-4.04853
-4.17046
-4.25769
-4.31
-4.36405
-4.36754
-4.41696
-4.30716
-4.44617
-4.01999
-4.63569
-3.17611
-5.71008
-0.621093
-10.3706
4.64314
4.66348
4.68503
4.70769
4.73157
4.75674
4.78325
4.81114
4.8405
4.87143
4.904
4.93826
4.97429
5.01218
5.05203
5.09396
5.13799
5.18424
5.23282
5.28385
5.33744
5.39362
5.45256
5.51433
5.57908
5.64689
5.71782
5.79204
5.86962
5.95067
6.03527
6.12346
6.21538
6.31106
6.41047
6.5137
6.6208
6.73168
6.84631
6.96461
7.08643
7.21169
7.34012
7.4715
7.60548
7.74172
7.8798
8.01914
8.15909
8.29908
8.43825
8.57577
8.71078
8.84203
8.96858
9.08921
9.20253
9.30735
9.40228
9.48596
9.55717
9.61463
9.65722
9.68417
9.69472
9.68863
9.66707
9.63343
9.59478
9.54665
9.48815
9.42075
9.34694
9.27185
9.20866
9.16312
9.07415
9.89125
6.83604
17.6776
3.7319
3.71377
3.69441
3.67432
3.65321
3.63089
3.60729
3.58237
3.5561
3.52839
3.49914
3.46828
3.43573
3.40137
3.36514
3.32696
3.28667
3.24414
3.1993
3.15205
3.10227
3.04991
2.995
2.93758
2.8776
2.81473
2.74812
2.67695
2.60146
2.52292
2.4426
2.36055
2.27551
2.18567
2.08929
1.98548
1.87398
1.7549
1.62897
1.4973
1.36047
1.2183
1.07026
0.916029
0.755543
0.588898
0.416227
0.237637
0.0533033
-0.136475
-0.331341
-0.530747
-0.734115
-0.940649
-1.14948
-1.35955
-1.56963
-1.77835
-1.9842
-2.18547
-2.38031
-2.56679
-2.74279
-2.90646
-3.05506
-3.18804
-3.3005
-3.38429
-3.43819
-3.49573
-3.51037
-3.56985
-3.48691
-3.63748
-3.26673
-3.8779
-2.53345
-4.9988
-0.181495
-9.63895
3.74788
3.76354
3.7801
3.79754
3.81592
3.83529
3.8557
3.87716
3.89978
3.92361
3.94867
3.97506
4.00282
4.03202
4.06275
4.09507
4.12902
4.16469
4.20219
4.24158
4.28294
4.32635
4.3719
4.41966
4.46977
4.52226
4.57719
4.63473
4.69493
4.7579
4.82367
4.89232
4.96399
5.03869
5.11641
5.19728
5.28133
5.36853
5.45889
5.55241
5.64893
5.74849
5.85094
5.95606
6.06369
6.17359
6.2855
6.39898
6.51362
6.62899
6.74441
6.85931
6.97307
7.0847
7.19346
7.29846
7.39859
7.49284
7.5801
7.65935
7.72949
7.78942
7.83826
7.87525
7.89975
7.91153
7.91135
7.8995
7.88203
7.85806
7.82707
7.7907
7.75122
7.71444
7.69662
7.68115
7.70036
8.44972
5.74321
16.1694
2.80253
2.78926
2.77507
2.76031
2.74482
2.72844
2.71113
2.69287
2.67362
2.6533
2.63186
2.60925
2.58541
2.56028
2.53378
2.50584
2.47638
2.44531
2.41256
2.37804
2.34165
2.30332
2.26303
2.22074
2.17654
2.13046
2.08239
2.03182
1.97788
1.92
1.85881
1.79576
1.73186
1.66694
1.59979
1.52878
1.45266
1.37069
1.28258
1.18865
1.08976
0.986645
0.879222
0.766883
0.649164
0.526033
0.397709
0.264455
0.126499
-0.0159569
-0.162654
-0.313225
-0.467216
-0.624074
-0.78316
-0.943718
-1.10486
-1.2656
-1.42482
-1.58131
-1.73368
-1.8805
-2.02015
-2.15128
-2.27167
-2.38105
-2.47521
-2.54746
-2.59546
-2.64867
-2.66592
-2.72683
-2.66104
-2.81431
-2.48761
-3.08511
-1.84282
-4.21801
0.317782
-8.70258
2.81431
2.82585
2.83809
2.85098
2.86457
2.87893
2.89407
2.91002
2.92683
2.94455
2.96321
2.98287
3.00359
3.02541
3.04841
3.0726
3.09804
3.12483
3.15302
3.18265
3.21377
3.2465
3.2809
3.31699
3.35488
3.39462
3.43628
3.47993
3.52566
3.57352
3.62356
3.67584
3.73045
3.7874
3.84671
3.9085
3.97275
4.03944
4.10859
4.18026
4.2543
4.33073
4.40945
4.49031
4.57327
4.65809
4.74463
4.83262
4.92175
5.0117
5.10204
5.19238
5.28223
5.37096
5.45803
5.54275
5.62435
5.70212
5.77518
5.84282
5.90414
5.95829
6.00474
6.04271
6.0717
6.09167
6.10304
6.10428
6.10058
6.09288
6.081
6.06661
6.05131
6.04151
6.05309
6.05282
6.1487
6.82323
4.406
14.2984
2.051
2.04194
2.03228
2.02223
2.01166
2.00045
1.98859
1.97609
1.96287
1.94887
1.93411
1.91853
1.90204
1.88465
1.8663
1.84689
1.82639
1.80477
1.78194
1.75782
1.73236
1.7055
1.67714
1.64725
1.61584
1.58292
1.54856
1.51281
1.4754
1.4356
1.39253
1.34605
1.29721
1.24734
1.19683
1.14477
1.08954
1.02978
0.965018
0.895398
0.821435
0.744107
0.664637
0.58359
0.500584
0.414865
0.325922
0.23367
0.138243
0.0397973
-0.0615126
-0.165514
-0.271967
-0.380555
-0.490876
-0.602472
-0.714759
-0.827076
-0.938679
-1.04877
-1.15638
-1.26057
-1.36019
-1.45439
-1.54149
-1.62156
-1.69114
-1.74615
-1.78259
-1.82535
-1.83814
-1.89344
-1.83602
-1.98481
-1.69019
-2.26555
-1.11191
-3.3583
0.857878
-7.43719
2.05893
2.06659
2.07473
2.08329
2.0923
2.1018
2.11178
2.1223
2.13339
2.14505
2.1573
2.17017
2.18372
2.19798
2.21296
2.22867
2.24518
2.26255
2.28078
2.2999
2.31994
2.34099
2.3631
2.38625
2.41051
2.43593
2.46257
2.49046
2.51965
2.55021
2.58215
2.61555
2.65044
2.68685
2.72482
2.76443
2.80574
2.8487
2.89333
2.93972
2.9878
3.03756
3.08899
3.14207
3.19671
3.25281
3.31028
3.36898
3.42873
3.48928
3.55042
3.61187
3.67327
3.73428
3.79454
3.85351
3.9107
3.96568
4.01783
4.06669
4.11161
4.15205
4.18768
4.2179
4.24246
4.26137
4.27492
4.28176
4.28407
4.28383
4.28125
4.27802
4.27531
4.28077
4.30822
4.31074
4.44882
5.04263
2.85556
11.8997
0.868501
0.862915
0.856896
0.850616
0.844006
0.837006
0.829611
0.821802
0.813546
0.804807
0.795587
0.785851
0.775544
0.764645
0.753142
0.740961
0.728059
0.71441
0.699952
0.68462
0.668366
0.651119
0.632796
0.613318
0.592612
0.570608
0.547192
0.522166
0.495133
0.46564
0.433464
0.399299
0.366109
0.340152
0.329853
0.342085
0.377873
0.430316
0.485504
0.526885
0.54161
0.525329
0.483001
0.425214
0.362243
0.299894
0.239347
0.179543
0.119381
0.0585066
-0.00294053
-0.0647404
-0.126778
-0.188975
-0.251223
-0.313387
-0.375271
-0.436629
-0.497171
-0.556575
-0.614415
-0.670278
-0.723615
-0.774109
-0.820684
-0.86383
-0.900832
-0.931112
-0.949552
-0.9753
-0.976715
-1.01905
-0.96335
-1.09596
-0.835503
-1.34721
-0.350182
-2.24747
1.23393
-5.19951
0.87349
0.87843
0.883705
0.889271
0.895171
0.901404
0.907966
0.914931
0.922319
0.930117
0.938332
0.947003
0.956183
0.965873
0.976083
0.986841
0.998193
1.01018
1.02278
1.03604
1.05
1.06469
1.08012
1.09631
1.1133
1.1311
1.14976
1.16927
1.18965
1.21095
1.23315
1.25629
1.28035
1.30532
1.33122
1.35806
1.38583
1.41448
1.44402
1.47444
1.50565
1.53764
1.57041
1.60389
1.638
1.6727
1.70789
1.74349
1.77941
1.81551
1.8517
1.8878
1.92369
1.95918
1.99413
2.0283
2.06147
2.09353
2.12411
2.15297
2.17978
2.20427
2.22627
2.24537
2.26149
2.27466
2.28512
2.2912
2.29565
2.29987
2.3042
2.30923
2.31344
2.32101
2.3396
2.30707
2.3974
2.88343
0.926533
8.15955
0.736891
0.73656
0.73623
0.735848
0.7354
0.734901
0.73435
0.733732
0.733041
0.732289
0.731482
0.73061
0.729665
0.728647
0.727579
0.726459
0.725294
0.724099
0.722885
0.721688
0.720545
0.719491
0.718584
0.717822
0.717135
0.716373
0.715441
0.714782
0.716015
0.722443
0.73863
0.767914
0.808175
0.848035
0.867008
0.841671
0.755701
0.60912
0.421977
0.229826
0.0709543
-0.0293869
-0.0688411
-0.0652047
-0.0433633
-0.0220317
-0.00871608
-0.00290649
-0.00176418
-0.00346666
-0.00758362
-0.0142005
-0.0232716
-0.0345345
-0.0476346
-0.062231
-0.0780103
-0.0946559
-0.111857
-0.129326
-0.14678
-0.163987
-0.180655
-0.196758
-0.211732
-0.226356
-0.238976
-0.251836
-0.257157
-0.268875
-0.263578
-0.290518
-0.247808
-0.341192
-0.165055
-0.498823
0.117533
-0.966485
0.99478
-2.24337
0.737128
0.737278
0.737428
0.737551
0.737662
0.737753
0.737797
0.73781
0.737787
0.737714
0.73758
0.737377
0.737113
0.736767
0.736332
0.735796
0.735155
0.734413
0.733532
0.732521
0.731387
0.7301
0.728652
0.72705
0.725291
0.723364
0.721284
0.719037
0.716633
0.714096
0.711425
0.708639
0.705742
0.702774
0.699761
0.696722
0.69369
0.690695
0.687804
0.685029
0.68239
0.679937
0.677724
0.675761
0.674086
0.672742
0.671727
0.671074
0.670788
0.670897
0.671409
0.672271
0.673457
0.674875
0.676446
0.678039
0.679564
0.680994
0.682179
0.683096
0.683715
0.684053
0.684142
0.683966
0.683773
0.683488
0.683512
0.687008
0.685301
0.680318
0.672656
0.664064
0.656599
0.659486
0.684949
0.692894
0.775142
1.03796
0.0129535
3.42589
)
;

boundaryField
{
    inlet
    {
        type            freestreamPressure;
        freestreamValue uniform 0;
        supersonic      false;
        value           nonuniform List<scalar> 
134
(
1.51675
-0.232947
-2.04806
-3.60852
-4.71901
-5.37288
-5.43855
-4.90721
-3.78949
-1.76656
-0.326158
-0.526961
-0.87942
-1.21085
-1.54574
-1.89648
-2.26652
-2.65798
-3.0766
-3.53253
3.23428
-4.03961
-4.60488
-5.20205
-5.76368
-6.16994
-6.36785
-6.71598
-6.72616
-6.85998
-8.18894
-7.5311
-7.5602
-7.7077
-7.81742
-7.8723
-7.92543
-8.06173
-8.40252
-8.81557
4.86033
6.54523
7.98981
8.81094
8.731
7.26816
3.92532
-9.71895
-9.50567
-9.17311
-8.95765
-8.79817
-8.61945
-8.41807
-8.21193
-8.00621
-7.79792
-7.58451
-7.36589
-7.14217
-6.91201
-6.67315
-6.42158
-6.15052
-5.85291
-5.51961
-5.30746
-5.10792
-4.86729
-4.58701
-4.26278
-3.84785
-3.28732
-2.29736
-0.990625
1.35644
3.00872
4.8437
6.66007
8.4279
10.1052
11.53
12.6206
13.4026
13.9012
14.1833
14.3238
14.3879
14.4286
14.5231
14.795
15.2917
15.8324
16.2771
16.6429
16.9605
17.2356
17.4586
17.6244
17.7362
17.8035
17.849
17.9187
18.1291
18.6567
19.7899
20.2706
19.7969
19.2511
18.9026
18.6175
18.2928
17.9371
17.577
17.2153
16.8449
16.4614
16.0632
15.6477
15.2103
14.744
14.2395
13.6795
13.0514
12.2808
11.7881
11.3061
10.6946
9.96609
9.11865
8.06662
6.71649
4.60777
1.93623
)
;
    }
    outlet
    {
        type            freestreamPressure;
        freestreamValue uniform 0;
        supersonic      false;
        value           nonuniform List<scalar> 
160
(
0.00211588
0.00211674
0.00211475
0.00211737
0.0021136
0.00211801
0.00211229
0.00211858
0.00211079
0.00211913
0.00210912
0.00211964
0.00210729
0.00212003
0.00210526
0.00212035
0.002103
0.00212059
0.00210055
0.0021207
0.00209792
0.00212065
0.00209509
0.00212044
0.00209204
0.00212007
0.00208875
0.00211949
0.0020853
0.00211868
0.00208168
0.00211762
0.0020779
0.00211629
0.00207401
0.0021147
0.00207004
0.00211276
0.00206608
0.00211048
0.00206224
0.00210789
0.00205862
0.0021049
0.00205541
0.00210151
0.00205262
0.00209773
0.00205011
0.00209356
0.00204743
0.00208896
0.0020442
0.00208399
0.00204135
0.0020786
0.00204299
0.00207285
0.00205812
0.00206678
0.00209968
0.00206042
0.00217785
0.00205383
0.00228823
0.00204701
0.00240091
0.00204008
0.00245966
0.00203315
0.00239727
0.00202625
0.00216273
0.00201952
0.00175022
0.00201303
0.00121468
0.00200699
0.000660945
0.00200145
0.000203412
0.00199649
-8.38968e-05
0.00199226
-0.00019577
0.00198893
-0.000184905
0.00198658
-0.000122777
0.0019853
-6.23448e-05
0.00198527
-2.46639e-05
0.00198651
-8.22561e-06
0.00198914
-4.9934e-06
0.0019932
-9.81302e-06
0.00199883
-2.14692e-05
0.00200608
-4.02085e-05
0.00201483
-6.59094e-05
0.00202507
-9.7842e-05
0.00203656
-0.000135019
0.00204912
-0.000176497
0.00206241
-0.000221414
0.00207619
-0.000268908
0.00209045
-0.000318132
0.00210478
-0.000368314
0.00211916
-0.000418692
0.00213354
-0.000468652
0.00214802
-0.000517416
0.00216277
-0.000564945
0.00217779
-0.000609697
0.00219392
-0.000653889
0.00221104
-0.000692923
0.00223052
-0.000732655
0.00225973
-0.000750847
0.00227034
-0.000787536
0.00227198
-0.000776375
0.00226647
-0.000857685
0.00225975
-0.000739429
0.00225897
-0.00101436
0.00229634
-0.000503476
0.00241681
-0.00148081
0.00248463
0.000375107
0.00282373
-0.00277107
0.00385215
0.00353798
5.08505e-05
-0.00553878
0.0123468
)
;
    }
    walls
    {
        type            zeroGradient;
    }
    frontAndBack
    {
        type            empty;
    }
}


// ************************************************************************* //
