/*--------------------------------*- C++ -*----------------------------------*\
  =========                 |
  \\      /  F ield         | OpenFOAM: The Open Source CFD Toolbox
   \\    /   O peration     | Website:  https://openfoam.org
    \\  /    A nd           | Version:  12
     \\/     M anipulation  |
\*---------------------------------------------------------------------------*/
FoamFile
{
    format      ascii;
    class       volScalarField;
    location    "50";
    object      nuTilda;
}
// * * * * * * * * * * * * * * * * * * * * * * * * * * * * * * * * * * * * * //

dimensions      [0 2 -1 0 0 0 0];

internalField   nonuniform List<scalar> 
10720
(
0.0747116
0.0807552
0.0864679
0.0921526
0.0981117
0.104593
0.11186
0.120069
0.129447
0.140089
0.151956
0.16492
0.178563
0.192263
0.205311
0.216913
0.226481
0.233735
0.238455
0.240802
0.241028
0.239363
0.236062
0.231434
0.226079
0.220704
0.215496
0.210221
0.204681
0.198813
0.192597
0.186005
0.179015
0.171632
0.163676
0.15501
0.144601
0.132788
0.103051
0.0679787
0.0596683
0.0518197
0.050872
0.0538711
0.0647534
0.0739929
0.0817205
0.0889859
0.0965065
0.104699
0.11364
0.123154
0.132839
0.142047
0.150257
0.157109
0.162578
0.166861
0.170324
0.173304
0.176079
0.178805
0.18152
0.183872
0.185482
0.186291
0.186423
0.186008
0.185077
0.183626
0.181641
0.179123
0.1761
0.17254
0.168449
0.163096
0.157196
0.138863
0.113285
0.11268
0.111781
0.110587
0.109309
0.107839
0.106204
0.104516
0.102792
0.101133
0.0996401
0.098421
0.0976032
0.0973594
0.0984153
0.100904
0.10471
0.109433
0.115344
0.122527
0.130933
0.140033
0.149302
0.157941
0.165008
0.170069
0.173083
0.174282
0.174043
0.172722
0.170601
0.167874
0.164662
0.161062
0.157169
0.153197
0.149168
0.146852
0.140958
0.113895
0.114151
0.114352
0.113838
0.112988
0.111333
0.10916
0.106575
0.103747
0.100716
0.0975772
0.0945101
0.0916715
0.0891685
0.0871197
0.0855645
0.0844805
0.0838218
0.0834977
0.08343
0.0835555
0.0838533
0.0843169
0.0850305
0.0861287
0.0876772
0.0900663
0.0937538
0.0985217
0.103713
0.108722
0.113118
0.116681
0.119357
0.12122
0.12258
0.123404
0.126316
0.127403
0.12812
0.128067
0.127881
0.127543
0.127119
0.12653
0.125778
0.124906
0.123866
0.12267
0.121325
0.119817
0.118156
0.116349
0.114402
0.112347
0.110215
0.108067
0.105957
0.103979
0.102414
0.101903
0.102593
0.103999
0.10595
0.108218
0.110243
0.116
0.12336
0.13067
0.137208
0.142701
0.147101
0.150481
0.152974
0.154768
0.156035
0.157016
0.158611
0.128135
0.128064
0.127968
0.12777
0.127479
0.127034
0.126354
0.125385
0.124156
0.122634
0.120805
0.118713
0.116392
0.113852
0.111165
0.108362
0.105494
0.102597
0.0997172
0.0968688
0.0940793
0.0913486
0.0887291
0.0861709
0.0836565
0.0812681
0.0790671
0.0771799
0.0757704
0.0752399
0.0765707
0.0795999
0.0837127
0.0884045
0.0933228
0.0982477
0.102935
0.107724
0.114344
0.133112
0.133075
0.132977
0.132812
0.1326
0.132316
0.131952
0.131519
0.130993
0.130379
0.129673
0.128863
0.127939
0.126899
0.125722
0.124403
0.122917
0.121259
0.11941
0.117308
0.114835
0.112031
0.109001
0.105949
0.103219
0.100937
0.0989698
0.0977358
0.0975702
0.098484
0.102459
0.108779
0.116203
0.124099
0.132065
0.13991
0.147613
0.15532
0.163663
0.133111
0.133084
0.133015
0.132912
0.132745
0.132483
0.132101
0.131585
0.13094
0.130138
0.129169
0.128038
0.126746
0.125288
0.123683
0.121934
0.120054
0.118057
0.115965
0.113786
0.111538
0.109225
0.10684
0.104313
0.101584
0.0986931
0.095675
0.0925381
0.0893195
0.0860939
0.0830382
0.0804245
0.0783104
0.0778331
0.0794165
0.0823718
0.0864782
0.0916408
0.100986
0.135527
0.135523
0.135488
0.135412
0.135304
0.135149
0.134942
0.134686
0.134371
0.133996
0.13356
0.133054
0.132473
0.131813
0.131064
0.130217
0.129252
0.128156
0.126902
0.12547
0.123808
0.121867
0.119587
0.116972
0.114148
0.111216
0.108211
0.105173
0.102213
0.099428
0.0972756
0.0962911
0.0966505
0.100735
0.107373
0.116148
0.126828
0.140312
0.157239
0.135499
0.135472
0.135404
0.135354
0.135263
0.135116
0.134895
0.134593
0.134211
0.133737
0.133165
0.132499
0.131739
0.130875
0.129915
0.128852
0.127692
0.126433
0.125083
0.12364
0.122109
0.120486
0.11876
0.116872
0.114764
0.112443
0.109909
0.107167
0.104216
0.101066
0.0977326
0.0942602
0.0907074
0.0872603
0.084261
0.0817979
0.0811392
0.0824839
0.0894614
0.136878
0.136895
0.136896
0.136869
0.136818
0.136732
0.136609
0.136449
0.13625
0.136011
0.135732
0.13541
0.135041
0.13462
0.134139
0.133591
0.132964
0.132247
0.13142
0.130468
0.129359
0.128067
0.126557
0.124806
0.122834
0.120648
0.118222
0.11555
0.112626
0.109465
0.10611
0.102767
0.0995831
0.0973418
0.0965832
0.0997998
0.106744
0.119355
0.141933
0.136835
0.136806
0.136747
0.136721
0.136673
0.136587
0.136452
0.136262
0.136018
0.135713
0.135345
0.134917
0.134428
0.133871
0.133252
0.132565
0.13181
0.130986
0.130096
0.129135
0.128103
0.126995
0.125799
0.12447
0.12296
0.121263
0.119369
0.117269
0.114955
0.11242
0.109657
0.106662
0.103437
0.0999821
0.0963458
0.0924777
0.0887546
0.0846645
0.0849435
0.137712
0.137748
0.137774
0.137778
0.137759
0.13771
0.137629
0.137519
0.13738
0.137213
0.13702
0.136796
0.13654
0.136249
0.135914
0.135532
0.135092
0.134587
0.134002
0.133324
0.132539
0.131635
0.130591
0.129393
0.128046
0.126542
0.124844
0.122923
0.120746
0.118282
0.115493
0.11237
0.108918
0.105241
0.101531
0.0987101
0.0982486
0.103356
0.123861
0.137656
0.137623
0.137573
0.137563
0.137544
0.137497
0.137414
0.137291
0.13713
0.136927
0.13668
0.136394
0.136066
0.135693
0.135278
0.134816
0.134308
0.133751
0.133147
0.132491
0.131782
0.131015
0.130179
0.129242
0.12817
0.126952
0.125576
0.124028
0.122292
0.120355
0.118202
0.115818
0.113189
0.110296
0.107121
0.103569
0.0996445
0.0946111
0.0881791
0.138259
0.138312
0.138355
0.138378
0.138376
0.138346
0.138288
0.138209
0.138111
0.137996
0.137862
0.137708
0.137532
0.13733
0.137098
0.136831
0.136523
0.136169
0.135757
0.135278
0.134718
0.134065
0.133305
0.132432
0.13145
0.130358
0.129127
0.127736
0.126156
0.124353
0.122285
0.11991
0.117182
0.114038
0.110429
0.106293
0.102225
0.0984758
0.109977
0.138194
0.138158
0.138114
0.138115
0.138116
0.138096
0.138048
0.137969
0.137863
0.137727
0.13756
0.137365
0.137141
0.136884
0.136596
0.136275
0.135919
0.135528
0.135102
0.134638
0.134134
0.133585
0.132983
0.132306
0.131529
0.130641
0.129633
0.128491
0.127201
0.125747
0.124111
0.122276
0.120219
0.117914
0.11533
0.112388
0.108956
0.104794
0.0963144
0.138636
0.138701
0.138754
0.138787
0.138793
0.138772
0.13873
0.138675
0.138608
0.138531
0.138442
0.138339
0.138219
0.13808
0.137919
0.137731
0.137511
0.137255
0.136955
0.136602
0.136189
0.135707
0.135147
0.134502
0.133775
0.132962
0.132044
0.131005
0.129826
0.128483
0.126964
0.125301
0.123482
0.121387
0.118846
0.115408
0.111126
0.103812
0.104616
0.138562
0.138524
0.138484
0.138494
0.138508
0.138506
0.138482
0.138435
0.138368
0.138282
0.138173
0.138044
0.137892
0.137716
0.137515
0.137289
0.137036
0.136756
0.136449
0.136113
0.135746
0.135345
0.134903
0.134403
0.133828
0.133169
0.132419
0.131566
0.130597
0.129499
0.128255
0.126847
0.125255
0.123451
0.121398
0.119037
0.116173
0.112935
0.105038
0.138906
0.138977
0.139036
0.139074
0.13908
0.139063
0.139035
0.139002
0.138964
0.138919
0.138866
0.138803
0.13873
0.138642
0.138538
0.138413
0.138263
0.138083
0.137868
0.137611
0.137305
0.136943
0.13652
0.136031
0.135479
0.134861
0.134164
0.133382
0.132515
0.131571
0.130549
0.129442
0.12823
0.126853
0.12522
0.122959
0.120102
0.113273
0.106878
0.138825
0.138786
0.138749
0.138764
0.138787
0.138796
0.138788
0.138765
0.13873
0.138683
0.138621
0.138541
0.138443
0.138325
0.138186
0.138027
0.137846
0.137644
0.137419
0.137171
0.136899
0.136599
0.136266
0.135889
0.135454
0.134954
0.134384
0.133735
0.132996
0.132156
0.131203
0.130119
0.128886
0.12748
0.125865
0.123996
0.121665
0.11912
0.112523
0.139107
0.139181
0.139242
0.139278
0.139282
0.13927
0.139257
0.139243
0.139227
0.139209
0.139187
0.13916
0.139128
0.139086
0.139032
0.138962
0.138871
0.138756
0.138611
0.138431
0.138207
0.137938
0.137622
0.137258
0.136852
0.136408
0.135929
0.135414
0.134857
0.134246
0.13357
0.132812
0.131958
0.130976
0.129839
0.128329
0.126467
0.122333
0.11342
0.139023
0.138984
0.138948
0.138963
0.138991
0.139007
0.13901
0.139006
0.138998
0.138984
0.138959
0.138919
0.138863
0.138789
0.138698
0.138588
0.13846
0.138313
0.138149
0.137964
0.137759
0.137532
0.137278
0.136989
0.136654
0.136269
0.135829
0.135327
0.134755
0.134105
0.133364
0.132521
0.131559
0.130459
0.129192
0.127721
0.125858
0.123873
0.118642
0.139266
0.139337
0.139398
0.139428
0.139428
0.139423
0.139424
0.139424
0.139427
0.139431
0.139436
0.139442
0.139445
0.139442
0.139432
0.139409
0.139374
0.13932
0.139247
0.139148
0.13902
0.138861
0.13867
0.138447
0.138191
0.137906
0.137591
0.137249
0.136877
0.136466
0.136005
0.135479
0.134872
0.134159
0.133319
0.132249
0.130846
0.128747
0.120727
0.139181
0.13914
0.139103
0.139118
0.139147
0.139166
0.139176
0.139188
0.139204
0.139218
0.139223
0.139215
0.139193
0.139155
0.1391
0.139029
0.138941
0.138837
0.138716
0.138579
0.138425
0.138252
0.138056
0.137832
0.137572
0.137271
0.136928
0.136535
0.136088
0.13558
0.135001
0.134344
0.133597
0.132749
0.131784
0.13067
0.129283
0.127868
0.123781
0.139398
0.139464
0.139523
0.139542
0.13954
0.139544
0.139552
0.139563
0.139581
0.139601
0.139624
0.139646
0.139665
0.139678
0.139685
0.139684
0.139676
0.139657
0.139628
0.139585
0.139525
0.139448
0.139353
0.13924
0.139106
0.13895
0.138769
0.138564
0.138333
0.138071
0.137772
0.137424
0.137015
0.136524
0.135924
0.135172
0.134052
0.132957
0.126914
0.139313
0.139271
0.139232
0.139245
0.139272
0.139291
0.139306
0.139331
0.139367
0.139403
0.139432
0.13945
0.139456
0.139445
0.139421
0.139381
0.139327
0.139257
0.139173
0.139074
0.138961
0.138831
0.138684
0.138513
0.138313
0.138082
0.137818
0.137516
0.137174
0.13679
0.136358
0.135877
0.135345
0.134753
0.134089
0.133313
0.132307
0.131276
0.128063
0.139514
0.139573
0.139627
0.139633
0.139631
0.139642
0.139654
0.13967
0.139694
0.139717
0.139741
0.139763
0.139782
0.139798
0.13981
0.139817
0.139821
0.139818
0.13981
0.139795
0.13977
0.139736
0.139694
0.139643
0.139581
0.139508
0.13942
0.139316
0.139194
0.139051
0.138883
0.138683
0.138439
0.138138
0.137752
0.137267
0.136437
0.135778
0.131564
0.13943
0.139386
0.139344
0.139355
0.139379
0.139396
0.139414
0.13945
0.1395
0.13955
0.139594
0.139629
0.139652
0.139661
0.139662
0.139648
0.139624
0.139586
0.139537
0.139475
0.139401
0.139313
0.139212
0.139095
0.138956
0.138795
0.138614
0.138411
0.138183
0.137931
0.137646
0.137325
0.136965
0.136561
0.1361
0.135556
0.134821
0.134055
0.131558
0.139619
0.139669
0.139715
0.139708
0.139709
0.139722
0.139733
0.13975
0.139771
0.13979
0.13981
0.139829
0.139846
0.139861
0.139875
0.139886
0.139895
0.139901
0.139904
0.139902
0.139896
0.139883
0.139867
0.139845
0.139819
0.139787
0.139748
0.139701
0.139645
0.13958
0.139502
0.139406
0.139286
0.139131
0.138921
0.138653
0.138119
0.137711
0.13488
0.139537
0.139489
0.139445
0.139454
0.139475
0.139488
0.139509
0.139553
0.13961
0.139662
0.139707
0.139741
0.139768
0.139786
0.139798
0.139803
0.139801
0.139791
0.139774
0.139748
0.139713
0.139668
0.139614
0.139549
0.13947
0.139377
0.139272
0.139151
0.139015
0.13886
0.138681
0.138473
0.138235
0.137964
0.13765
0.137275
0.136752
0.136203
0.13433
0.139715
0.139754
0.139788
0.139773
0.139774
0.139786
0.139795
0.139807
0.139822
0.139836
0.139851
0.139866
0.139881
0.139895
0.139909
0.139922
0.139934
0.139944
0.139953
0.139959
0.139963
0.139963
0.13996
0.139955
0.139948
0.139937
0.139923
0.139904
0.139883
0.139858
0.139829
0.139795
0.139751
0.139692
0.139604
0.139491
0.139205
0.139
0.137173
0.139635
0.139583
0.139536
0.139546
0.139565
0.139574
0.139596
0.139645
0.139699
0.139742
0.139779
0.139809
0.139834
0.139854
0.13987
0.139882
0.139891
0.139894
0.139893
0.139886
0.139874
0.139856
0.139831
0.1398
0.13976
0.139711
0.139654
0.139587
0.13951
0.139422
0.139319
0.139197
0.139055
0.138888
0.138691
0.138453
0.138108
0.137747
0.136425
0.139797
0.139824
0.139845
0.139828
0.139828
0.139836
0.139841
0.139849
0.139858
0.139869
0.13988
0.139892
0.139904
0.139916
0.139929
0.139942
0.139954
0.139966
0.139978
0.139989
0.139998
0.140005
0.140011
0.140017
0.140021
0.140023
0.140023
0.140021
0.140018
0.140014
0.14001
0.140007
0.140003
0.139997
0.13998
0.139961
0.139845
0.1398
0.138702
0.139725
0.139668
0.13962
0.139633
0.13965
0.139655
0.139679
0.139725
0.139766
0.139798
0.139826
0.13985
0.139872
0.139891
0.139909
0.139924
0.139937
0.139947
0.139955
0.139958
0.139958
0.139954
0.139945
0.139932
0.139913
0.139889
0.13986
0.139824
0.139782
0.139733
0.139676
0.139608
0.139528
0.139433
0.13932
0.139182
0.138976
0.138766
0.137905
0.13986
0.139876
0.139888
0.139872
0.139872
0.139876
0.139878
0.139882
0.139888
0.139894
0.139902
0.13991
0.139919
0.139929
0.13994
0.139952
0.139964
0.139977
0.13999
0.140003
0.140015
0.140027
0.140038
0.14005
0.140062
0.140073
0.140083
0.140092
0.1401
0.140108
0.140118
0.140131
0.140147
0.140166
0.140187
0.140217
0.1402
0.140257
0.139669
0.139804
0.139743
0.139695
0.139715
0.139729
0.139732
0.139755
0.13979
0.139819
0.13984
0.13986
0.139879
0.139896
0.139914
0.139931
0.139947
0.139962
0.139976
0.139987
0.139997
0.140003
0.140007
0.140008
0.140005
0.139999
0.13999
0.139976
0.139958
0.139937
0.139911
0.13988
0.139843
0.139799
0.139747
0.139685
0.139611
0.139496
0.139389
0.138872
0.139906
0.139914
0.13992
0.139907
0.139906
0.139908
0.139908
0.13991
0.139913
0.139916
0.13992
0.139926
0.139932
0.139939
0.139948
0.139958
0.139969
0.139981
0.139993
0.140007
0.140021
0.140035
0.14005
0.140066
0.140082
0.140099
0.140116
0.140133
0.140149
0.140166
0.140185
0.140207
0.140234
0.140267
0.140305
0.140358
0.140392
0.140497
0.140243
0.139869
0.139808
0.139761
0.139788
0.139802
0.139803
0.139821
0.139843
0.13986
0.139873
0.139887
0.1399
0.139914
0.139929
0.139944
0.13996
0.139975
0.13999
0.140004
0.140016
0.140027
0.140035
0.140042
0.140047
0.140048
0.140048
0.140044
0.140038
0.140029
0.140017
0.140003
0.139984
0.139962
0.139934
0.139902
0.139864
0.139805
0.139756
0.139469
0.139937
0.139941
0.139945
0.139935
0.139933
0.139933
0.139933
0.139933
0.139934
0.139935
0.139937
0.13994
0.139944
0.139949
0.139955
0.139962
0.139971
0.139981
0.139993
0.140006
0.14002
0.140035
0.140051
0.140069
0.140089
0.14011
0.140131
0.140153
0.140175
0.140199
0.140225
0.140254
0.140287
0.140327
0.140375
0.140437
0.140497
0.140617
0.140562
0.139915
0.139861
0.139817
0.13985
0.139862
0.139861
0.139872
0.139884
0.139893
0.139901
0.13991
0.139919
0.139929
0.139941
0.139954
0.139967
0.139982
0.139997
0.140011
0.140025
0.140038
0.140049
0.14006
0.140068
0.140076
0.140081
0.140084
0.140085
0.140085
0.140083
0.140079
0.140072
0.140063
0.140052
0.140038
0.140021
0.139994
0.139976
0.139827
0.139958
0.13996
0.139963
0.139956
0.139954
0.139954
0.139953
0.139953
0.139953
0.139953
0.139953
0.139954
0.139955
0.139958
0.139961
0.139967
0.139973
0.139982
0.139991
0.140003
0.140016
0.140031
0.140047
0.140065
0.140086
0.140109
0.140134
0.140159
0.140186
0.140214
0.140245
0.140278
0.140317
0.140362
0.140414
0.140482
0.140554
0.140675
0.140727
0.139943
0.139901
0.139863
0.139895
0.139905
0.139904
0.139909
0.139916
0.139921
0.139926
0.13993
0.139936
0.139943
0.139951
0.139961
0.139973
0.139986
0.139999
0.140013
0.140027
0.140041
0.140054
0.140067
0.140078
0.140089
0.140098
0.140106
0.140113
0.140118
0.140123
0.140126
0.140128
0.140129
0.140127
0.140125
0.140122
0.140115
0.140114
0.140043
0.139971
0.139974
0.139976
0.139971
0.13997
0.13997
0.139969
0.139969
0.139969
0.139968
0.139967
0.139967
0.139967
0.139967
0.139969
0.139972
0.139977
0.139983
0.13999
0.14
0.140012
0.140025
0.14004
0.140057
0.140078
0.140102
0.140128
0.140155
0.140185
0.140217
0.140251
0.140288
0.14033
0.140377
0.140433
0.140503
0.140582
0.1407
0.140804
0.13996
0.139927
0.139897
0.139923
0.139932
0.139933
0.139937
0.139941
0.139944
0.139946
0.139949
0.139951
0.139956
0.139961
0.139968
0.139977
0.139988
0.14
0.140013
0.140026
0.14004
0.140054
0.140067
0.14008
0.140093
0.140105
0.140117
0.140127
0.140137
0.140146
0.140155
0.140163
0.14017
0.140176
0.140182
0.140188
0.140193
0.140204
0.140177
0.139979
0.139982
0.139985
0.139981
0.139981
0.139981
0.139981
0.139981
0.139981
0.13998
0.139979
0.139978
0.139977
0.139977
0.139977
0.139979
0.139981
0.139985
0.139991
0.139998
0.140008
0.140019
0.140032
0.140048
0.140067
0.14009
0.140116
0.140145
0.140176
0.140209
0.140246
0.140286
0.14033
0.14038
0.140437
0.140508
0.140589
0.140705
0.140831
0.13997
0.139942
0.139919
0.139941
0.13995
0.139953
0.139957
0.139961
0.139963
0.139964
0.139965
0.139966
0.139968
0.139971
0.139976
0.139983
0.139991
0.140001
0.140012
0.140024
0.140037
0.14005
0.140064
0.140078
0.140092
0.140106
0.140119
0.140132
0.140145
0.140157
0.14017
0.140182
0.140194
0.140206
0.140217
0.14023
0.140244
0.140262
0.140263
0.139984
0.139987
0.139991
0.139988
0.139988
0.139989
0.13999
0.13999
0.139991
0.13999
0.139989
0.139988
0.139987
0.139987
0.139986
0.139986
0.139988
0.13999
0.139994
0.139999
0.140006
0.140015
0.140026
0.140039
0.140056
0.140077
0.140102
0.14013
0.140161
0.140196
0.140233
0.140275
0.14032
0.140372
0.14043
0.140501
0.140583
0.140695
0.14083
0.139976
0.139951
0.139932
0.139951
0.139961
0.139965
0.13997
0.139975
0.139978
0.139979
0.139979
0.139979
0.13998
0.139981
0.139984
0.139988
0.139994
0.140002
0.140011
0.140021
0.140033
0.140045
0.140058
0.140072
0.140086
0.140101
0.140116
0.140131
0.140145
0.14016
0.140176
0.140191
0.140207
0.140222
0.140239
0.140256
0.140276
0.1403
0.140316
0.139986
0.13999
0.139994
0.139992
0.139993
0.139994
0.139995
0.139997
0.139997
0.139997
0.139997
0.139997
0.139996
0.139995
0.139995
0.139995
0.139995
0.139996
0.139998
0.140001
0.140006
0.140013
0.140022
0.140032
0.140047
0.140065
0.140087
0.140114
0.140144
0.140178
0.140216
0.140258
0.140304
0.140356
0.140415
0.140485
0.140566
0.140675
0.140811
0.13998
0.139956
0.139939
0.139956
0.139966
0.139972
0.139979
0.139985
0.139989
0.13999
0.139991
0.139991
0.139991
0.139991
0.139992
0.139994
0.139998
0.140004
0.140011
0.140019
0.140029
0.14004
0.140052
0.140065
0.140079
0.140094
0.140109
0.140125
0.140141
0.140157
0.140174
0.140193
0.140211
0.14023
0.14025
0.14027
0.140295
0.140322
0.14035
0.139987
0.139991
0.139995
0.139994
0.139995
0.139997
0.139999
0.14
0.140001
0.140002
0.140002
0.140003
0.140003
0.140003
0.140003
0.140002
0.140003
0.140003
0.140004
0.140006
0.140009
0.140014
0.14002
0.140028
0.140039
0.140055
0.140074
0.140098
0.140126
0.140158
0.140195
0.140237
0.140284
0.140336
0.140394
0.140462
0.140541
0.140647
0.14078
0.139982
0.13996
0.139943
0.139959
0.139969
0.139976
0.139984
0.139991
0.139996
0.139999
0.14
0.140001
0.14
0.14
0.14
0.140001
0.140003
0.140007
0.140011
0.140018
0.140026
0.140035
0.140045
0.140057
0.140071
0.140085
0.1401
0.140116
0.140132
0.14015
0.140168
0.140188
0.140209
0.14023
0.140252
0.140276
0.140303
0.140334
0.140368
0.139988
0.139992
0.139996
0.139995
0.139997
0.139999
0.14
0.140002
0.140003
0.140004
0.140006
0.140007
0.140008
0.140009
0.140009
0.14001
0.14001
0.14001
0.140011
0.140012
0.140014
0.140017
0.140021
0.140027
0.140035
0.140047
0.140063
0.140083
0.140108
0.140139
0.140174
0.140214
0.14026
0.140312
0.140369
0.140436
0.140513
0.140614
0.140742
0.139983
0.139962
0.139946
0.13996
0.13997
0.139978
0.139987
0.139995
0.140001
0.140005
0.140007
0.140008
0.140008
0.140008
0.140008
0.140008
0.140009
0.14001
0.140013
0.140018
0.140024
0.140031
0.14004
0.14005
0.140062
0.140076
0.14009
0.140106
0.140122
0.14014
0.140159
0.14018
0.140202
0.140224
0.140249
0.140275
0.140305
0.140337
0.140376
0.139988
0.139992
0.139997
0.139996
0.139998
0.139999
0.14
0.140002
0.140003
0.140005
0.140007
0.140009
0.140011
0.140013
0.140014
0.140015
0.140016
0.140017
0.140018
0.140019
0.14002
0.140022
0.140024
0.140028
0.140034
0.140043
0.140055
0.140072
0.140093
0.14012
0.140152
0.14019
0.140235
0.140285
0.140342
0.140408
0.140482
0.140578
0.140699
0.139984
0.139964
0.139947
0.13996
0.139971
0.139979
0.139988
0.139996
0.140003
0.140008
0.140011
0.140013
0.140014
0.140015
0.140014
0.140014
0.140014
0.140015
0.140016
0.140019
0.140023
0.140029
0.140036
0.140044
0.140055
0.140067
0.14008
0.140095
0.140111
0.140128
0.140147
0.140168
0.140191
0.140215
0.140241
0.140268
0.1403
0.140335
0.140377
0.139988
0.139992
0.139997
0.139997
0.139998
0.14
0.14
0.140001
0.140003
0.140005
0.140007
0.14001
0.140012
0.140015
0.140017
0.14002
0.140021
0.140023
0.140024
0.140025
0.140026
0.140027
0.140029
0.140032
0.140035
0.140041
0.14005
0.140063
0.140081
0.140103
0.140132
0.140167
0.140209
0.140257
0.140312
0.140377
0.140449
0.140541
0.140654
0.139986
0.139966
0.139949
0.139961
0.139971
0.139979
0.139987
0.139996
0.140003
0.140009
0.140013
0.140016
0.140018
0.140019
0.140019
0.140019
0.140019
0.140019
0.14002
0.140021
0.140024
0.140028
0.140033
0.14004
0.140048
0.140059
0.140071
0.140084
0.140099
0.140115
0.140134
0.140155
0.140177
0.140202
0.140229
0.140258
0.140291
0.140326
0.140371
0.139989
0.139993
0.139998
0.139998
0.139999
0.14
0.14
0.140001
0.140002
0.140004
0.140006
0.140009
0.140013
0.140016
0.140019
0.140022
0.140025
0.140027
0.140029
0.140031
0.140032
0.140033
0.140035
0.140036
0.140038
0.140042
0.140049
0.140058
0.140072
0.14009
0.140114
0.140145
0.140183
0.140229
0.140282
0.140344
0.140414
0.140503
0.140609
0.139987
0.139968
0.139952
0.139962
0.139971
0.139979
0.139987
0.139995
0.140002
0.140008
0.140013
0.140017
0.14002
0.140022
0.140023
0.140023
0.140023
0.140023
0.140023
0.140024
0.140025
0.140027
0.140031
0.140036
0.140043
0.140052
0.140062
0.140074
0.140087
0.140103
0.14012
0.14014
0.140163
0.140187
0.140214
0.140244
0.140277
0.140314
0.140361
0.139989
0.139993
0.139998
0.139998
0.139999
0.14
0.14
0.14
0.140002
0.140003
0.140006
0.140009
0.140013
0.140016
0.14002
0.140024
0.140027
0.14003
0.140033
0.140035
0.140037
0.140039
0.14004
0.140041
0.140043
0.140045
0.14005
0.140057
0.140066
0.14008
0.1401
0.140126
0.14016
0.140201
0.140251
0.140311
0.140378
0.140464
0.140564
0.139988
0.139971
0.139955
0.139964
0.139972
0.139979
0.139986
0.139994
0.14
0.140006
0.140012
0.140016
0.14002
0.140023
0.140024
0.140025
0.140026
0.140026
0.140026
0.140026
0.140027
0.140028
0.14003
0.140034
0.140039
0.140046
0.140055
0.140065
0.140076
0.14009
0.140106
0.140125
0.140147
0.140171
0.140198
0.140227
0.140261
0.140299
0.140346
0.13999
0.139994
0.139999
0.139999
0.14
0.14
0.14
0.14
0.140002
0.140003
0.140006
0.140009
0.140013
0.140016
0.14002
0.140024
0.140028
0.140032
0.140035
0.140038
0.140041
0.140043
0.140045
0.140046
0.140048
0.140049
0.140052
0.140057
0.140064
0.140074
0.140089
0.14011
0.140139
0.140176
0.140221
0.140278
0.140342
0.140425
0.140519
0.13999
0.139974
0.139959
0.139967
0.139974
0.13998
0.139986
0.139992
0.139998
0.140004
0.14001
0.140014
0.140018
0.140022
0.140024
0.140026
0.140027
0.140028
0.140028
0.140028
0.140028
0.140029
0.14003
0.140033
0.140036
0.140042
0.140048
0.140057
0.140067
0.140079
0.140093
0.140111
0.140131
0.140154
0.14018
0.140209
0.140243
0.140281
0.140329
0.139991
0.139994
0.14
0.14
0.140001
0.14
0.14
0.140001
0.140002
0.140004
0.140007
0.14001
0.140013
0.140016
0.14002
0.140024
0.140028
0.140032
0.140036
0.14004
0.140043
0.140046
0.140048
0.14005
0.140052
0.140053
0.140056
0.140059
0.140064
0.140071
0.140082
0.140098
0.140121
0.140153
0.140193
0.140245
0.140306
0.140385
0.140475
0.139992
0.139977
0.139963
0.13997
0.139977
0.139982
0.139986
0.139991
0.139997
0.140002
0.140007
0.140012
0.140016
0.14002
0.140023
0.140025
0.140027
0.140028
0.140029
0.140029
0.14003
0.14003
0.140031
0.140032
0.140035
0.140039
0.140044
0.14005
0.140059
0.140069
0.140082
0.140097
0.140116
0.140137
0.140162
0.14019
0.140224
0.140261
0.140309
0.139992
0.139995
0.140001
0.140001
0.140001
0.140001
0.140001
0.140002
0.140004
0.140006
0.140008
0.140011
0.140014
0.140017
0.14002
0.140024
0.140028
0.140032
0.140036
0.140039
0.140043
0.140047
0.14005
0.140052
0.140054
0.140056
0.140059
0.140061
0.140065
0.14007
0.140078
0.140089
0.140107
0.140133
0.140168
0.140215
0.140271
0.140345
0.140431
0.139994
0.139981
0.139968
0.139974
0.139981
0.139984
0.139987
0.139991
0.139995
0.14
0.140004
0.140009
0.140013
0.140017
0.140021
0.140024
0.140026
0.140028
0.140029
0.14003
0.14003
0.140031
0.140031
0.140032
0.140034
0.140037
0.140041
0.140046
0.140052
0.140061
0.140071
0.140085
0.140101
0.140121
0.140144
0.140171
0.140203
0.14024
0.140287
0.139994
0.139997
0.140002
0.140001
0.140001
0.140001
0.140001
0.140003
0.140006
0.140008
0.14001
0.140013
0.140015
0.140018
0.14002
0.140023
0.140027
0.140031
0.140034
0.140038
0.140042
0.140046
0.14005
0.140053
0.140056
0.140058
0.140061
0.140064
0.140067
0.14007
0.140075
0.140084
0.140097
0.140117
0.140146
0.140187
0.140237
0.140307
0.140387
0.139996
0.139984
0.139973
0.139979
0.139984
0.139987
0.139989
0.139992
0.139995
0.139998
0.140003
0.140007
0.140011
0.140015
0.140018
0.140022
0.140025
0.140027
0.140029
0.14003
0.140031
0.140031
0.140032
0.140032
0.140034
0.140036
0.140038
0.140042
0.140047
0.140054
0.140062
0.140074
0.140088
0.140106
0.140127
0.140152
0.140182
0.140217
0.140264
0.139995
0.139998
0.140003
0.140002
0.140001
0.140001
0.140002
0.140005
0.140008
0.14001
0.140012
0.140014
0.140016
0.140019
0.140021
0.140023
0.140026
0.14003
0.140033
0.140037
0.140041
0.140045
0.140049
0.140053
0.140056
0.140059
0.140062
0.140065
0.140068
0.140071
0.140075
0.140081
0.14009
0.140105
0.140128
0.140162
0.140206
0.140269
0.140344
0.139998
0.139986
0.139976
0.139983
0.139988
0.13999
0.139991
0.139993
0.139995
0.139998
0.140002
0.140005
0.140009
0.140012
0.140016
0.140019
0.140022
0.140025
0.140027
0.140029
0.14003
0.140031
0.140032
0.140033
0.140034
0.140035
0.140037
0.14004
0.140043
0.140048
0.140055
0.140065
0.140077
0.140092
0.140111
0.140133
0.140161
0.140195
0.14024
0.139997
0.14
0.140004
0.140002
0.140001
0.140001
0.140003
0.140007
0.14001
0.140012
0.140014
0.140016
0.140018
0.14002
0.140022
0.140024
0.140026
0.140029
0.140032
0.140036
0.14004
0.140043
0.140047
0.140051
0.140055
0.140059
0.140062
0.140066
0.140069
0.140072
0.140075
0.140079
0.140086
0.140097
0.140114
0.140141
0.140179
0.140235
0.140303
0.14
0.139988
0.139979
0.139986
0.139992
0.139993
0.139994
0.139995
0.139997
0.139999
0.140002
0.140004
0.140007
0.14001
0.140014
0.140017
0.14002
0.140023
0.140025
0.140027
0.140029
0.140031
0.140031
0.140032
0.140034
0.140035
0.140036
0.140038
0.140041
0.140044
0.14005
0.140057
0.140067
0.14008
0.140096
0.140116
0.140142
0.140172
0.140215
0.139998
0.140001
0.140005
0.140002
0.140001
0.140002
0.140005
0.140008
0.140011
0.140014
0.140016
0.140018
0.14002
0.140021
0.140023
0.140025
0.140027
0.140029
0.140032
0.140035
0.140038
0.140042
0.140046
0.14005
0.140053
0.140057
0.140062
0.140066
0.14007
0.140073
0.140076
0.140079
0.140083
0.140091
0.140104
0.140125
0.140155
0.140203
0.140264
0.140001
0.139989
0.139982
0.139989
0.139995
0.139996
0.139996
0.139997
0.139999
0.14
0.140002
0.140004
0.140007
0.140009
0.140012
0.140015
0.140017
0.14002
0.140023
0.140025
0.140028
0.140029
0.140031
0.140032
0.140033
0.140035
0.140036
0.140037
0.140039
0.140042
0.140046
0.140052
0.14006
0.14007
0.140084
0.140101
0.140123
0.140151
0.140191
0.139999
0.140003
0.140007
0.140002
0.140001
0.140003
0.140006
0.140009
0.140013
0.140015
0.140017
0.140019
0.140021
0.140023
0.140025
0.140026
0.140028
0.14003
0.140032
0.140035
0.140038
0.140041
0.140044
0.140048
0.140052
0.140056
0.14006
0.140065
0.140069
0.140073
0.140076
0.140079
0.140082
0.140087
0.140096
0.140112
0.140135
0.140176
0.140228
0.140001
0.13999
0.139983
0.139991
0.139997
0.139998
0.139999
0.14
0.140001
0.140002
0.140004
0.140005
0.140007
0.140008
0.14001
0.140013
0.140015
0.140018
0.140021
0.140023
0.140025
0.140027
0.140029
0.140031
0.140033
0.140034
0.140035
0.140036
0.140038
0.14004
0.140043
0.140047
0.140054
0.140062
0.140073
0.140088
0.140107
0.140131
0.140168
0.140001
0.140005
0.140008
0.140003
0.140002
0.140004
0.140007
0.14001
0.140013
0.140016
0.140018
0.14002
0.140023
0.140024
0.140026
0.140028
0.140029
0.140031
0.140033
0.140035
0.140037
0.14004
0.140043
0.140046
0.14005
0.140054
0.140058
0.140063
0.140068
0.140072
0.140076
0.140079
0.140082
0.140086
0.140091
0.140102
0.14012
0.140152
0.140196
0.140002
0.139991
0.139984
0.139993
0.139998
0.14
0.140001
0.140002
0.140003
0.140004
0.140005
0.140006
0.140007
0.140008
0.14001
0.140011
0.140013
0.140016
0.140018
0.140021
0.140023
0.140025
0.140027
0.140029
0.140031
0.140033
0.140035
0.140036
0.140037
0.140038
0.140041
0.140044
0.140049
0.140056
0.140065
0.140076
0.140092
0.140114
0.140146
0.140002
0.140006
0.140008
0.140003
0.140003
0.140005
0.140008
0.140011
0.140014
0.140016
0.140019
0.140021
0.140024
0.140026
0.140028
0.140029
0.140031
0.140033
0.140034
0.140036
0.140038
0.14004
0.140043
0.140045
0.140048
0.140052
0.140056
0.140061
0.140066
0.140071
0.140075
0.140079
0.140082
0.140085
0.140089
0.140096
0.140108
0.140133
0.140168
0.140003
0.139992
0.139986
0.139994
0.139999
0.140001
0.140002
0.140003
0.140004
0.140005
0.140006
0.140007
0.140008
0.140008
0.140009
0.14001
0.140012
0.140014
0.140016
0.140018
0.14002
0.140023
0.140025
0.140027
0.140029
0.140032
0.140033
0.140035
0.140036
0.140037
0.140039
0.140042
0.140046
0.140051
0.140058
0.140067
0.14008
0.140098
0.140126
0.140002
0.140007
0.140009
0.140004
0.140005
0.140008
0.14001
0.140012
0.140014
0.140017
0.140019
0.140022
0.140024
0.140027
0.140029
0.140031
0.140033
0.140034
0.140036
0.140037
0.140039
0.140041
0.140043
0.140045
0.140047
0.14005
0.140054
0.140059
0.140064
0.140069
0.140073
0.140078
0.140081
0.140084
0.140087
0.140092
0.1401
0.140118
0.140145
0.140003
0.139993
0.139988
0.139996
0.14
0.140001
0.140002
0.140003
0.140005
0.140006
0.140007
0.140008
0.140008
0.140009
0.140009
0.14001
0.140011
0.140012
0.140013
0.140015
0.140017
0.14002
0.140022
0.140024
0.140027
0.140029
0.140032
0.140033
0.140035
0.140036
0.140038
0.14004
0.140043
0.140047
0.140053
0.14006
0.140071
0.140085
0.140109
0.140004
0.140009
0.14001
0.140005
0.140007
0.14001
0.140012
0.140013
0.140015
0.140018
0.14002
0.140023
0.140025
0.140028
0.14003
0.140032
0.140034
0.140036
0.140037
0.140039
0.14004
0.140042
0.140043
0.140045
0.140047
0.140049
0.140053
0.140057
0.140061
0.140066
0.140071
0.140076
0.14008
0.140083
0.140086
0.14009
0.140095
0.140107
0.140126
0.140004
0.139995
0.139991
0.139997
0.14
0.14
0.140002
0.140003
0.140005
0.140006
0.140007
0.140008
0.140009
0.140009
0.140009
0.140009
0.14001
0.140011
0.140012
0.140013
0.140015
0.140017
0.140019
0.140021
0.140024
0.140027
0.140029
0.140031
0.140033
0.140034
0.140036
0.140038
0.140041
0.140045
0.140049
0.140055
0.140063
0.140074
0.140094
0.140005
0.14001
0.140011
0.140007
0.14001
0.140013
0.140014
0.140015
0.140017
0.140019
0.140021
0.140024
0.140026
0.140028
0.140031
0.140033
0.140035
0.140037
0.140038
0.14004
0.140041
0.140043
0.140044
0.140045
0.140047
0.140049
0.140052
0.140055
0.140059
0.140064
0.140068
0.140073
0.140078
0.140082
0.140085
0.140089
0.140092
0.1401
0.140112
0.140006
0.139998
0.139995
0.139999
0.14
0.14
0.140001
0.140003
0.140004
0.140006
0.140007
0.140008
0.140008
0.140009
0.140009
0.140009
0.140009
0.14001
0.14001
0.140011
0.140012
0.140014
0.140016
0.140018
0.140021
0.140024
0.140026
0.140028
0.14003
0.140032
0.140034
0.140036
0.140039
0.140042
0.140046
0.14005
0.140057
0.140066
0.140082
0.140007
0.140012
0.140013
0.140011
0.140014
0.140016
0.140017
0.140018
0.14002
0.140021
0.140023
0.140025
0.140027
0.140029
0.140031
0.140033
0.140036
0.140038
0.140039
0.140041
0.140042
0.140044
0.140045
0.140046
0.140047
0.140049
0.140051
0.140054
0.140057
0.140061
0.140065
0.14007
0.140075
0.140079
0.140084
0.140087
0.14009
0.140096
0.140102
0.140007
0.140002
0.139999
0.140001
0.14
0.14
0.140001
0.140002
0.140004
0.140005
0.140006
0.140007
0.140008
0.140008
0.140008
0.140009
0.140009
0.140009
0.140009
0.14001
0.14001
0.140012
0.140013
0.140015
0.140018
0.14002
0.140023
0.140025
0.140028
0.14003
0.140032
0.140034
0.140037
0.14004
0.140043
0.140047
0.140052
0.140059
0.140072
0.140011
0.140015
0.140016
0.140015
0.140018
0.14002
0.140021
0.140022
0.140023
0.140024
0.140025
0.140027
0.140028
0.14003
0.140032
0.140034
0.140036
0.140038
0.14004
0.140042
0.140043
0.140045
0.140046
0.140047
0.140048
0.140049
0.140051
0.140053
0.140056
0.140059
0.140063
0.140067
0.140072
0.140076
0.140081
0.140086
0.140088
0.140094
0.140096
0.14001
0.140007
0.140004
0.140004
0.140001
0.14
0.140001
0.140002
0.140003
0.140004
0.140005
0.140006
0.140006
0.140007
0.140008
0.140008
0.140008
0.140008
0.140008
0.140008
0.140009
0.14001
0.140011
0.140012
0.140015
0.140017
0.14002
0.140022
0.140024
0.140027
0.140029
0.140031
0.140034
0.140037
0.140041
0.140044
0.140048
0.140054
0.140064
0.140017
0.140019
0.14002
0.140022
0.140024
0.140025
0.140025
0.140026
0.140027
0.140028
0.140029
0.14003
0.140031
0.140032
0.140033
0.140035
0.140037
0.140038
0.14004
0.140042
0.140044
0.140045
0.140047
0.140048
0.140049
0.14005
0.140051
0.140053
0.140055
0.140058
0.140061
0.140064
0.140068
0.140073
0.140078
0.140083
0.140086
0.140092
0.140092
0.140015
0.140012
0.14001
0.140007
0.140003
0.140001
0.140001
0.140002
0.140002
0.140002
0.140003
0.140004
0.140005
0.140005
0.140006
0.140007
0.140007
0.140007
0.140007
0.140007
0.140008
0.140008
0.140009
0.14001
0.140012
0.140014
0.140017
0.140019
0.140021
0.140023
0.140026
0.140028
0.140031
0.140035
0.140038
0.140041
0.140045
0.14005
0.140058
0.140023
0.140025
0.140027
0.140029
0.140031
0.140031
0.140031
0.140031
0.140031
0.140032
0.140033
0.140033
0.140034
0.140034
0.140035
0.140036
0.140037
0.140039
0.14004
0.140042
0.140044
0.140045
0.140047
0.140048
0.140049
0.14005
0.140052
0.140054
0.140055
0.140057
0.140059
0.140062
0.140065
0.140069
0.140074
0.140079
0.140084
0.140089
0.140089
0.140021
0.140019
0.140016
0.140011
0.140006
0.140003
0.140002
0.140002
0.140001
0.140001
0.140001
0.140002
0.140002
0.140003
0.140004
0.140005
0.140006
0.140006
0.140006
0.140006
0.140007
0.140007
0.140007
0.140008
0.14001
0.140012
0.140014
0.140016
0.140018
0.14002
0.140023
0.140025
0.140028
0.140032
0.140035
0.140039
0.140042
0.140047
0.140054
0.14003
0.140032
0.140034
0.140036
0.140038
0.140039
0.140038
0.140038
0.140037
0.140037
0.140037
0.140037
0.140038
0.140038
0.140038
0.140038
0.140039
0.14004
0.140041
0.140042
0.140043
0.140045
0.140047
0.140048
0.140049
0.140051
0.140052
0.140054
0.140056
0.140057
0.140058
0.14006
0.140063
0.140066
0.14007
0.140075
0.14008
0.140087
0.140086
0.140028
0.140026
0.140023
0.140016
0.14001
0.140005
0.140003
0.140002
0.140001
0.14
0.14
0.14
0.14
0.140001
0.140002
0.140003
0.140004
0.140005
0.140005
0.140005
0.140006
0.140006
0.140006
0.140007
0.140008
0.14001
0.140012
0.140013
0.140015
0.140017
0.140019
0.140022
0.140025
0.140028
0.140032
0.140036
0.140039
0.140044
0.14005
0.140038
0.140039
0.140041
0.140044
0.140046
0.140046
0.140046
0.140045
0.140044
0.140043
0.140042
0.140042
0.140042
0.140042
0.140042
0.140041
0.140041
0.140041
0.140042
0.140042
0.140043
0.140045
0.140046
0.140047
0.140049
0.140051
0.140053
0.140054
0.140056
0.140057
0.140058
0.140059
0.140061
0.140063
0.140067
0.140071
0.140076
0.140083
0.140084
0.140035
0.140034
0.140031
0.140023
0.140015
0.140008
0.140005
0.140003
0.140002
0.14
0.139999
0.139999
0.139999
0.139999
0.14
0.140001
0.140002
0.140003
0.140004
0.140004
0.140005
0.140005
0.140006
0.140006
0.140007
0.140008
0.14001
0.140011
0.140012
0.140014
0.140016
0.140018
0.140021
0.140025
0.140028
0.140032
0.140036
0.140041
0.140047
0.140045
0.140045
0.140048
0.140051
0.140053
0.140053
0.140053
0.140052
0.140051
0.14005
0.140049
0.140047
0.140046
0.140046
0.140045
0.140045
0.140045
0.140044
0.140044
0.140044
0.140044
0.140045
0.140045
0.140047
0.140048
0.14005
0.140052
0.140054
0.140056
0.140057
0.140058
0.140059
0.14006
0.140061
0.140064
0.140067
0.140072
0.140079
0.14008
0.140042
0.140041
0.140038
0.140029
0.14002
0.140012
0.140007
0.140004
0.140002
0.14
0.139999
0.139998
0.139998
0.139998
0.139998
0.139999
0.14
0.140001
0.140002
0.140003
0.140003
0.140004
0.140004
0.140005
0.140006
0.140007
0.140008
0.140009
0.14001
0.140011
0.140013
0.140015
0.140017
0.14002
0.140024
0.140028
0.140032
0.140037
0.140044
0.140051
0.140052
0.140054
0.140058
0.140059
0.14006
0.14006
0.14006
0.140058
0.140057
0.140055
0.140054
0.140052
0.14005
0.140049
0.140049
0.140048
0.140048
0.140047
0.140046
0.140046
0.140045
0.140045
0.140046
0.140047
0.140049
0.140051
0.140054
0.140056
0.140057
0.140058
0.140059
0.140059
0.14006
0.140061
0.140064
0.140068
0.140074
0.140076
0.140048
0.140048
0.140044
0.140035
0.140027
0.140018
0.14001
0.140006
0.140003
0.140001
0.139999
0.139998
0.139997
0.139997
0.139997
0.139998
0.139998
0.139999
0.14
0.140001
0.140002
0.140003
0.140003
0.140004
0.140005
0.140006
0.140007
0.140008
0.140008
0.140009
0.14001
0.140012
0.140014
0.140016
0.14002
0.140024
0.140028
0.140033
0.14004
0.140056
0.140057
0.140059
0.140063
0.140064
0.140065
0.140066
0.140065
0.140065
0.140064
0.140062
0.14006
0.140058
0.140056
0.140054
0.140053
0.140052
0.140051
0.14005
0.14005
0.140048
0.140047
0.140046
0.140046
0.140046
0.140048
0.14005
0.140053
0.140055
0.140056
0.140058
0.140058
0.140058
0.140059
0.14006
0.140062
0.140064
0.140069
0.140071
0.140053
0.140053
0.14005
0.140041
0.140033
0.140024
0.140013
0.140007
0.140004
0.140001
0.14
0.139999
0.139998
0.139997
0.139997
0.139997
0.139997
0.139997
0.139998
0.139999
0.14
0.140001
0.140002
0.140003
0.140004
0.140005
0.140006
0.140007
0.140007
0.140008
0.140008
0.140009
0.140011
0.140013
0.140016
0.14002
0.140023
0.140028
0.140035
0.140058
0.14006
0.140062
0.140064
0.140065
0.140067
0.140068
0.140069
0.140069
0.140069
0.140067
0.140066
0.140064
0.140062
0.14006
0.140058
0.140056
0.140055
0.140054
0.140053
0.140052
0.14005
0.140049
0.140047
0.140046
0.140047
0.140049
0.140051
0.140054
0.140055
0.140056
0.140057
0.140057
0.140057
0.140058
0.140059
0.140061
0.140065
0.140067
0.140056
0.140054
0.140052
0.140045
0.140038
0.140029
0.140018
0.140008
0.140004
0.140002
0.14
0.139999
0.139998
0.139997
0.139997
0.139996
0.139996
0.139996
0.139997
0.139997
0.139998
0.139999
0.14
0.140002
0.140003
0.140005
0.140006
0.140007
0.140007
0.140008
0.140008
0.140009
0.14001
0.140012
0.140014
0.140017
0.14002
0.140024
0.14003
0.140058
0.14006
0.140062
0.140065
0.140066
0.140068
0.140069
0.14007
0.14007
0.140071
0.140071
0.140071
0.140069
0.140067
0.140065
0.140063
0.140061
0.140059
0.140058
0.140056
0.140055
0.140054
0.140052
0.140049
0.140047
0.140047
0.140048
0.14005
0.140052
0.140053
0.140054
0.140055
0.140055
0.140055
0.140055
0.140056
0.140057
0.14006
0.140061
0.140056
0.140054
0.140052
0.140048
0.140042
0.140034
0.140022
0.14001
0.140004
0.140001
0.14
0.139999
0.139998
0.139997
0.139997
0.139997
0.139996
0.139996
0.139996
0.139997
0.139998
0.139999
0.14
0.140001
0.140003
0.140005
0.140006
0.140008
0.140008
0.140009
0.140009
0.14001
0.140011
0.140012
0.140013
0.140015
0.140018
0.140022
0.140027
0.140058
0.14006
0.140063
0.140065
0.140067
0.140068
0.140069
0.14007
0.140071
0.140071
0.140072
0.140072
0.140072
0.140071
0.140069
0.140068
0.140066
0.140064
0.140062
0.14006
0.140058
0.140057
0.140054
0.140052
0.140049
0.140048
0.140049
0.14005
0.140051
0.140052
0.140052
0.140052
0.140052
0.140052
0.140051
0.140052
0.140053
0.140055
0.140054
0.140056
0.140054
0.140051
0.140047
0.140043
0.140037
0.140025
0.140013
0.140004
0.14
0.139998
0.139998
0.139997
0.139997
0.139998
0.139997
0.139997
0.139997
0.139997
0.139998
0.139998
0.139999
0.14
0.140002
0.140004
0.140006
0.140008
0.140009
0.14001
0.140011
0.140012
0.140012
0.140013
0.140014
0.140015
0.140017
0.140019
0.140021
0.140026
0.140058
0.140061
0.140063
0.140065
0.140067
0.140068
0.140069
0.14007
0.140071
0.140071
0.140072
0.140072
0.140072
0.140072
0.140072
0.140071
0.140069
0.140068
0.140066
0.140064
0.140062
0.140061
0.140059
0.140057
0.140055
0.140053
0.140052
0.140052
0.140052
0.140052
0.140052
0.140052
0.140052
0.140051
0.14005
0.14005
0.14005
0.140052
0.140048
0.140055
0.140053
0.14005
0.140046
0.140042
0.140037
0.140027
0.140014
0.140004
0.139998
0.139996
0.139996
0.139997
0.139997
0.139998
0.139999
0.139999
0.14
0.14
0.14
0.140001
0.140002
0.140003
0.140004
0.140006
0.140009
0.140011
0.140013
0.140014
0.140015
0.140016
0.140017
0.140018
0.140019
0.140019
0.140021
0.140022
0.140024
0.140027
0.140058
0.14006
0.140063
0.140065
0.140067
0.140068
0.140069
0.14007
0.14007
0.140071
0.140071
0.140072
0.140072
0.140072
0.140072
0.140072
0.140071
0.140071
0.140069
0.140067
0.140066
0.140064
0.140063
0.140062
0.14006
0.140058
0.140056
0.140054
0.140054
0.140054
0.140054
0.140054
0.140054
0.140054
0.140053
0.140052
0.140051
0.140051
0.140048
0.140055
0.140053
0.140049
0.140044
0.14004
0.140035
0.140027
0.140015
0.140003
0.139996
0.139994
0.139994
0.139996
0.139998
0.139999
0.140001
0.140002
0.140003
0.140004
0.140004
0.140005
0.140006
0.140007
0.140009
0.140011
0.140013
0.140015
0.140017
0.140019
0.14002
0.140021
0.140022
0.140023
0.140024
0.140025
0.140026
0.140027
0.140028
0.140031
0.140057
0.14006
0.140063
0.140065
0.140067
0.140068
0.140069
0.140069
0.14007
0.14007
0.14007
0.140071
0.140071
0.140071
0.140071
0.140071
0.140071
0.140071
0.140071
0.14007
0.140068
0.140067
0.140066
0.140067
0.140067
0.140064
0.140062
0.140059
0.140057
0.140056
0.140056
0.140056
0.140057
0.140057
0.140057
0.140057
0.140057
0.140056
0.140053
0.140054
0.140052
0.140048
0.140043
0.140038
0.140032
0.140025
0.140014
0.140003
0.139995
0.139993
0.139994
0.139996
0.139999
0.140001
0.140003
0.140005
0.140007
0.140008
0.140009
0.14001
0.140011
0.140012
0.140014
0.140016
0.140018
0.14002
0.140022
0.140023
0.140025
0.140026
0.140027
0.140028
0.140029
0.14003
0.140031
0.140032
0.140033
0.140035
0.140057
0.14006
0.140063
0.140065
0.140067
0.140068
0.140068
0.140069
0.140069
0.140069
0.140069
0.140069
0.14007
0.14007
0.14007
0.14007
0.14007
0.14007
0.14007
0.140069
0.140069
0.140068
0.140068
0.140068
0.140068
0.140067
0.140064
0.140062
0.14006
0.140059
0.140058
0.140058
0.140058
0.140059
0.14006
0.140061
0.140062
0.140062
0.140061
0.140054
0.140051
0.140047
0.140041
0.140036
0.14003
0.140022
0.140011
0.140001
0.139994
0.139993
0.139995
0.139998
0.140001
0.140004
0.140007
0.140009
0.140011
0.140012
0.140014
0.140015
0.140016
0.140017
0.140019
0.14002
0.140023
0.140025
0.140026
0.140028
0.140029
0.140031
0.140032
0.140033
0.140034
0.140035
0.140036
0.140037
0.140039
0.14004
0.140056
0.140059
0.140062
0.140065
0.140066
0.140067
0.140068
0.140068
0.140068
0.140068
0.140068
0.140068
0.140068
0.140068
0.140068
0.140068
0.140068
0.140068
0.140068
0.140067
0.140067
0.140067
0.140067
0.140067
0.140067
0.140067
0.140065
0.140063
0.140061
0.14006
0.14006
0.14006
0.14006
0.140061
0.140062
0.140063
0.140065
0.140067
0.140067
0.140053
0.14005
0.140046
0.14004
0.140035
0.140027
0.140018
0.140007
0.139999
0.139994
0.139995
0.139998
0.140002
0.140005
0.140008
0.14001
0.140012
0.140014
0.140016
0.140018
0.140019
0.14002
0.140021
0.140023
0.140024
0.140026
0.140028
0.14003
0.140032
0.140033
0.140034
0.140036
0.140037
0.140038
0.140039
0.140041
0.140042
0.140043
0.140045
0.140056
0.140059
0.140061
0.140064
0.140066
0.140067
0.140067
0.140068
0.140067
0.140067
0.140067
0.140066
0.140066
0.140066
0.140065
0.140065
0.140065
0.140064
0.140064
0.140064
0.140064
0.140064
0.140064
0.140064
0.140065
0.140064
0.140064
0.140062
0.140061
0.14006
0.14006
0.14006
0.140061
0.140062
0.140063
0.140063
0.140065
0.140068
0.14007
0.140052
0.140049
0.140045
0.140039
0.140033
0.140025
0.140015
0.140004
0.139997
0.139997
0.139999
0.140003
0.140006
0.140009
0.140011
0.140013
0.140015
0.140017
0.140019
0.140021
0.140022
0.140023
0.140025
0.140026
0.140028
0.14003
0.140031
0.140033
0.140034
0.140036
0.140037
0.140038
0.14004
0.140041
0.140043
0.140044
0.140045
0.140047
0.140049
0.140055
0.140058
0.140061
0.140063
0.140065
0.140066
0.140066
0.140067
0.140066
0.140066
0.140065
0.140065
0.140064
0.140063
0.140062
0.140061
0.140061
0.14006
0.14006
0.14006
0.14006
0.140061
0.140061
0.140061
0.140062
0.140062
0.140061
0.140061
0.14006
0.14006
0.14006
0.140061
0.140061
0.140062
0.140063
0.140064
0.140065
0.140066
0.14007
0.140052
0.140048
0.140044
0.140038
0.140032
0.140022
0.140012
0.140001
0.139997
0.14
0.140004
0.140008
0.140011
0.140013
0.140015
0.140017
0.140018
0.14002
0.140022
0.140023
0.140025
0.140026
0.140028
0.140029
0.140031
0.140033
0.140035
0.140036
0.140038
0.140039
0.14004
0.140041
0.140043
0.140044
0.140045
0.140047
0.140048
0.14005
0.140052
0.140054
0.140057
0.140059
0.140062
0.140063
0.140064
0.140065
0.140065
0.140065
0.140064
0.140064
0.140063
0.140062
0.14006
0.140059
0.140058
0.140057
0.140056
0.140056
0.140056
0.140056
0.140057
0.140057
0.140058
0.140059
0.140059
0.140059
0.140059
0.140058
0.140059
0.140059
0.14006
0.14006
0.140062
0.140063
0.140063
0.140064
0.140065
0.140068
0.140051
0.140047
0.140042
0.140037
0.14003
0.14002
0.14001
0.14
0.14
0.140004
0.140008
0.140012
0.140015
0.140017
0.140019
0.140021
0.140022
0.140024
0.140025
0.140027
0.140028
0.14003
0.140031
0.140033
0.140035
0.140037
0.140039
0.140041
0.140042
0.140043
0.140044
0.140045
0.140047
0.140048
0.140049
0.140051
0.140052
0.140054
0.140056
0.140052
0.140055
0.140058
0.14006
0.140061
0.140062
0.140063
0.140063
0.140062
0.140062
0.140061
0.14006
0.140059
0.140057
0.140056
0.140054
0.140053
0.140052
0.140052
0.140052
0.140052
0.140052
0.140053
0.140054
0.140055
0.140055
0.140056
0.140056
0.140056
0.140056
0.140057
0.140058
0.140059
0.14006
0.140061
0.140062
0.140063
0.140063
0.140066
0.140049
0.140046
0.140041
0.140035
0.140029
0.140018
0.140008
0.14
0.140002
0.140007
0.140012
0.140016
0.14002
0.140022
0.140024
0.140026
0.140027
0.140029
0.14003
0.140032
0.140033
0.140035
0.140037
0.140039
0.140041
0.140043
0.140045
0.140047
0.140048
0.140049
0.14005
0.140052
0.140053
0.140054
0.140055
0.140057
0.140058
0.14006
0.140062
0.140051
0.140054
0.140056
0.140058
0.140059
0.14006
0.14006
0.14006
0.140059
0.140059
0.140058
0.140056
0.140055
0.140053
0.140052
0.140051
0.140049
0.140048
0.140048
0.140047
0.140047
0.140047
0.140048
0.140049
0.14005
0.140051
0.140052
0.140052
0.140053
0.140053
0.140054
0.140055
0.140056
0.140057
0.140058
0.14006
0.140061
0.140061
0.140064
0.140048
0.140045
0.14004
0.140034
0.140027
0.140016
0.140006
0.140001
0.140005
0.140011
0.140016
0.140021
0.140025
0.140028
0.140031
0.140033
0.140034
0.140036
0.140037
0.140039
0.14004
0.140042
0.140044
0.140046
0.140048
0.140051
0.140053
0.140054
0.140056
0.140057
0.140058
0.140059
0.140061
0.140062
0.140063
0.140064
0.140066
0.140067
0.140069
0.140049
0.140052
0.140054
0.140056
0.140056
0.140057
0.140057
0.140056
0.140056
0.140055
0.140054
0.140052
0.140051
0.14005
0.140048
0.140047
0.140045
0.140044
0.140043
0.140042
0.140042
0.140042
0.140042
0.140043
0.140044
0.140045
0.140046
0.140047
0.140048
0.140049
0.14005
0.140051
0.140053
0.140054
0.140056
0.140057
0.140059
0.140059
0.140062
0.140046
0.140043
0.140038
0.140032
0.140025
0.140014
0.140005
0.140003
0.140008
0.140014
0.14002
0.140026
0.140031
0.140035
0.140038
0.140041
0.140043
0.140045
0.140046
0.140048
0.140049
0.140051
0.140053
0.140055
0.140057
0.14006
0.140062
0.140064
0.140065
0.140067
0.140068
0.140069
0.14007
0.140071
0.140072
0.140074
0.140075
0.140076
0.140077
0.140047
0.14005
0.140052
0.140053
0.140054
0.140054
0.140054
0.140052
0.140051
0.14005
0.140049
0.140047
0.140046
0.140045
0.140043
0.140042
0.14004
0.140039
0.140038
0.140037
0.140036
0.140035
0.140036
0.140036
0.140037
0.140038
0.140039
0.14004
0.140042
0.140043
0.140044
0.140046
0.140048
0.140049
0.140051
0.140054
0.140056
0.140057
0.14006
0.140044
0.140041
0.140036
0.14003
0.140023
0.140012
0.140003
0.140004
0.14001
0.140018
0.140025
0.140032
0.140037
0.140042
0.140046
0.140048
0.140051
0.140053
0.140055
0.140056
0.140058
0.140059
0.140061
0.140063
0.140066
0.140068
0.140071
0.140073
0.140074
0.140076
0.140077
0.140079
0.14008
0.140081
0.140083
0.140084
0.140085
0.140086
0.140087
0.140046
0.140048
0.14005
0.140051
0.140051
0.140051
0.14005
0.140048
0.140047
0.140044
0.140042
0.140041
0.14004
0.140039
0.140038
0.140037
0.140035
0.140034
0.140033
0.140032
0.140031
0.14003
0.14003
0.140031
0.140031
0.140032
0.140033
0.140034
0.140035
0.140037
0.140038
0.14004
0.140041
0.140043
0.140045
0.140047
0.14005
0.140051
0.140055
0.140043
0.14004
0.140035
0.140029
0.140021
0.140011
0.140002
0.140007
0.140013
0.140022
0.14003
0.140037
0.140043
0.140048
0.140052
0.140055
0.140057
0.14006
0.140061
0.140063
0.140064
0.140066
0.140068
0.14007
0.140072
0.140075
0.140077
0.140079
0.140081
0.140083
0.140084
0.140086
0.140087
0.140089
0.14009
0.140092
0.140093
0.140095
0.140096
0.140044
0.140046
0.140048
0.140049
0.140049
0.140048
0.140047
0.140044
0.140042
0.140037
0.140035
0.140034
0.140033
0.140032
0.140032
0.140031
0.14003
0.140029
0.140028
0.140027
0.140026
0.140026
0.140026
0.140026
0.140026
0.140027
0.140028
0.140029
0.14003
0.140031
0.140033
0.140034
0.140036
0.140037
0.140038
0.14004
0.140042
0.140043
0.140047
0.140041
0.140038
0.140033
0.140027
0.140019
0.140009
0.140001
0.140009
0.140017
0.140027
0.140036
0.140043
0.140049
0.140054
0.140058
0.140061
0.140064
0.140066
0.140068
0.140069
0.140071
0.140072
0.140074
0.140076
0.140078
0.140081
0.140083
0.140085
0.140087
0.140088
0.14009
0.140092
0.140093
0.140095
0.140096
0.140098
0.140099
0.140101
0.140103
0.140042
0.140044
0.140046
0.140046
0.140046
0.140044
0.140042
0.140039
0.140036
0.14003
0.140028
0.140026
0.140026
0.140025
0.140025
0.140024
0.140023
0.140023
0.140022
0.140021
0.140021
0.14002
0.14002
0.14002
0.140021
0.140021
0.140022
0.140023
0.140024
0.140025
0.140027
0.140029
0.14003
0.140031
0.140033
0.140034
0.140035
0.140036
0.140039
0.140039
0.140036
0.140031
0.140025
0.140016
0.140006
0.140001
0.140012
0.140022
0.140033
0.140042
0.140049
0.140055
0.14006
0.140064
0.140067
0.14007
0.140072
0.140074
0.140076
0.140077
0.140079
0.14008
0.140082
0.140084
0.140087
0.140089
0.140091
0.140093
0.140094
0.140096
0.140097
0.140099
0.1401
0.140102
0.140104
0.140105
0.140107
0.140108
0.14004
0.140042
0.140043
0.140043
0.140043
0.140041
0.140038
0.140034
0.140031
0.140023
0.14002
0.140019
0.140018
0.140018
0.140017
0.140017
0.140016
0.140016
0.140015
0.140014
0.140014
0.140013
0.140013
0.140014
0.140014
0.140015
0.140015
0.140016
0.140017
0.140018
0.14002
0.140022
0.140023
0.140025
0.140027
0.140028
0.14003
0.14003
0.140033
0.140037
0.140033
0.140028
0.140022
0.140013
0.140005
0.140001
0.140016
0.140027
0.140039
0.140048
0.140055
0.140061
0.140066
0.140069
0.140073
0.140075
0.140077
0.140079
0.140081
0.140082
0.140084
0.140085
0.140087
0.140089
0.140091
0.140094
0.140095
0.140097
0.140099
0.1401
0.140102
0.140103
0.140105
0.140106
0.140108
0.14011
0.140111
0.140113
0.140037
0.140039
0.14004
0.14004
0.140039
0.140037
0.140033
0.140029
0.140025
0.140017
0.140013
0.140012
0.140011
0.140011
0.14001
0.14001
0.140009
0.140008
0.140007
0.140006
0.140005
0.140005
0.140005
0.140005
0.140006
0.140006
0.140007
0.140008
0.140009
0.14001
0.140011
0.140013
0.140015
0.140017
0.140018
0.14002
0.140021
0.140023
0.140025
0.140034
0.140031
0.140026
0.140019
0.14001
0.140003
0.140003
0.140021
0.140033
0.140045
0.140054
0.140061
0.140066
0.140071
0.140074
0.140077
0.140079
0.140081
0.140083
0.140084
0.140086
0.140087
0.140089
0.140091
0.140092
0.140094
0.140096
0.140098
0.1401
0.140102
0.140103
0.140105
0.140106
0.140107
0.140109
0.14011
0.140112
0.140114
0.140115
0.140034
0.140036
0.140037
0.140036
0.140035
0.140032
0.140029
0.140024
0.140019
0.140011
0.140008
0.140006
0.140005
0.140005
0.140004
0.140004
0.140003
0.140002
0.140002
0.140001
0.140001
0.139999
0.139998
0.139998
0.139998
0.139998
0.139998
0.139998
0.139999
0.139999
0.140001
0.140003
0.140005
0.140007
0.140009
0.140011
0.140013
0.140014
0.140016
0.140031
0.140028
0.140023
0.140016
0.140007
0.140003
0.140007
0.140025
0.140038
0.14005
0.140059
0.140065
0.14007
0.140074
0.140077
0.14008
0.140082
0.140083
0.140085
0.140086
0.140087
0.140089
0.14009
0.140092
0.140094
0.140096
0.140098
0.140099
0.140101
0.140103
0.140104
0.140106
0.140107
0.140109
0.14011
0.140111
0.140113
0.140114
0.140116
0.14003
0.140032
0.140033
0.140032
0.140031
0.140028
0.140024
0.140019
0.140013
0.140007
0.140005
0.140005
0.140006
0.140006
0.140006
0.140007
0.140007
0.140008
0.140008
0.140008
0.140008
0.140008
0.140007
0.140006
0.140005
0.140004
0.140003
0.140001
0.14
0.139999
0.139998
0.139998
0.139998
0.139998
0.139999
0.14
0.140002
0.140004
0.140005
0.140028
0.140024
0.14002
0.140013
0.140005
0.140004
0.14001
0.140028
0.140041
0.140053
0.140061
0.140068
0.140072
0.140076
0.140078
0.140081
0.140082
0.140084
0.140085
0.140086
0.140088
0.140089
0.140091
0.140093
0.140095
0.140097
0.140099
0.140101
0.140103
0.140105
0.140107
0.140108
0.14011
0.140111
0.140112
0.140113
0.140115
0.140116
0.140117
0.140026
0.140028
0.140028
0.140027
0.140026
0.140023
0.140018
0.140014
0.140008
0.140006
0.140006
0.140007
0.140009
0.14001
0.140011
0.140012
0.140013
0.140014
0.140015
0.140015
0.140016
0.140016
0.140016
0.140015
0.140014
0.140013
0.140012
0.140011
0.14001
0.140008
0.140007
0.140006
0.140006
0.140005
0.140005
0.140005
0.140005
0.140004
0.140005
0.140024
0.140021
0.140016
0.14001
0.140003
0.140004
0.140012
0.140028
0.140041
0.140053
0.140062
0.140068
0.140072
0.140076
0.140079
0.140081
0.140083
0.140085
0.140087
0.140088
0.14009
0.140092
0.140094
0.140097
0.140099
0.140102
0.140105
0.140108
0.140111
0.140113
0.140116
0.140118
0.14012
0.140122
0.140124
0.140126
0.140128
0.140131
0.140133
0.140021
0.140023
0.140023
0.140022
0.14002
0.140017
0.140013
0.140009
0.140004
0.140005
0.140007
0.140009
0.140011
0.140013
0.140014
0.140016
0.140017
0.140018
0.140019
0.14002
0.140021
0.140021
0.140021
0.140021
0.140021
0.14002
0.14002
0.14002
0.140019
0.140019
0.140018
0.140018
0.140017
0.140017
0.140017
0.140016
0.140016
0.140016
0.140016
0.14002
0.140017
0.140013
0.140008
0.140001
0.140005
0.140013
0.140026
0.140039
0.140051
0.14006
0.140067
0.140073
0.140078
0.140083
0.140086
0.140089
0.140092
0.140094
0.140096
0.140099
0.140101
0.140104
0.140108
0.140111
0.140115
0.140119
0.140123
0.140126
0.14013
0.140133
0.140135
0.140138
0.14014
0.140143
0.140145
0.140147
0.140149
0.140152
0.140016
0.140017
0.140017
0.140016
0.140015
0.140012
0.140008
0.140004
0.140002
0.140005
0.140008
0.14001
0.140013
0.140015
0.140017
0.140019
0.140021
0.140023
0.140024
0.140025
0.140026
0.140027
0.140028
0.140027
0.140027
0.140026
0.140026
0.140026
0.140025
0.140025
0.140024
0.140024
0.140024
0.140024
0.140023
0.140024
0.140023
0.140023
0.140024
0.140015
0.140013
0.14001
0.140005
0.140001
0.140005
0.140013
0.140021
0.140033
0.140047
0.140059
0.14007
0.140078
0.140085
0.140091
0.140095
0.140099
0.140101
0.140104
0.140106
0.140109
0.140111
0.140114
0.140118
0.140122
0.140126
0.14013
0.140135
0.140139
0.140142
0.140146
0.14015
0.140153
0.140157
0.14016
0.140164
0.140168
0.140172
0.140177
0.14001
0.140011
0.140011
0.14001
0.140009
0.140007
0.140004
0.140001
0.140002
0.140005
0.140007
0.14001
0.140014
0.140016
0.140018
0.14002
0.140022
0.140024
0.140025
0.140026
0.140028
0.140029
0.14003
0.140031
0.140031
0.140032
0.140032
0.140034
0.140035
0.140036
0.140037
0.140038
0.14004
0.140041
0.140043
0.140045
0.140047
0.14005
0.140054
0.140009
0.140008
0.140006
0.140003
0.140001
0.140004
0.140009
0.140013
0.140026
0.140044
0.140058
0.140069
0.140077
0.140082
0.140086
0.140088
0.14009
0.140091
0.140092
0.140093
0.140094
0.140096
0.140097
0.140098
0.1401
0.140102
0.140103
0.140105
0.140106
0.140107
0.140108
0.140108
0.140109
0.140109
0.140109
0.140109
0.140108
0.140109
0.140109
0.140004
0.140004
0.140004
0.140003
0.140003
0.140002
0.140001
0.14
0.140001
0.140002
0.140006
0.140012
0.140017
0.140021
0.140026
0.14003
0.140035
0.140039
0.140043
0.140047
0.140051
0.140054
0.140057
0.140058
0.140059
0.14006
0.14006
0.14006
0.140059
0.140058
0.140057
0.140056
0.140055
0.140055
0.140055
0.140056
0.140057
0.140057
0.140058
0.140003
0.140003
0.140002
0.140001
0.14
0.140001
0.140003
0.140004
0.140017
0.140028
0.140033
0.140034
0.140031
0.140028
0.140027
0.140028
0.14003
0.140032
0.140034
0.140036
0.140039
0.140041
0.140044
0.140047
0.14005
0.140054
0.140057
0.14006
0.140064
0.140067
0.140071
0.140074
0.140078
0.140081
0.140084
0.140088
0.140091
0.140095
0.140099
0.155267
0.164149
0.178726
0.179614
0.16939
0.151184
0.130153
0.113477
0.106177
0.107595
0.113817
0.121072
0.127304
0.131991
0.135306
0.137569
0.139057
0.139985
0.140527
0.14082
0.140964
0.141023
0.141034
0.141017
0.140981
0.140935
0.140883
0.140827
0.140772
0.140717
0.140663
0.140611
0.14056
0.14051
0.140461
0.140413
0.140367
0.140323
0.140281
0.140243
0.140209
0.140179
0.140154
0.140134
0.140119
0.140108
0.1401
0.140095
0.140091
0.140088
0.140084
0.14008
0.140075
0.14007
0.140063
0.140055
0.140049
0.140049
0.140053
0.140061
0.140067
0.140072
0.140073
0.140071
0.140069
0.140067
0.140065
0.140063
0.140058
0.14005
0.140042
0.140036
0.140028
0.140019
0.140007
0.140006
0.140015
0.140024
0.140055
0.140059
0.165141
0.145104
0.121029
0.103255
0.0912384
0.0869538
0.0902281
0.0978809
0.10603
0.113222
0.119213
0.124235
0.128398
0.131777
0.134435
0.136437
0.137871
0.138856
0.139467
0.13983
0.14005
0.140187
0.140275
0.140331
0.140366
0.140386
0.140396
0.140397
0.140393
0.140383
0.14037
0.140353
0.140335
0.140313
0.140291
0.140267
0.140242
0.140217
0.140193
0.140169
0.140148
0.140128
0.140111
0.140096
0.140084
0.140074
0.140066
0.140061
0.140056
0.140053
0.140049
0.140045
0.140041
0.140036
0.140033
0.140031
0.140031
0.140034
0.140039
0.140044
0.140048
0.140052
0.140055
0.140059
0.140064
0.140071
0.14008
0.14009
0.140099
0.140105
0.140111
0.140115
0.140117
0.140118
0.14012
0.140136
0.140155
0.140179
0.140109
0.140101
0.188587
0.181597
0.191687
0.193916
0.183238
0.163208
0.139508
0.119524
0.109237
0.108856
0.114261
0.121266
0.127522
0.132312
0.13571
0.138009
0.13949
0.140383
0.140872
0.14111
0.141205
0.141228
0.141214
0.14118
0.14113
0.14107
0.141004
0.140936
0.14087
0.140806
0.140744
0.140685
0.140628
0.140573
0.140519
0.140467
0.140417
0.140369
0.140324
0.140282
0.140243
0.140208
0.140179
0.140154
0.140134
0.14012
0.140109
0.140101
0.140096
0.140092
0.140088
0.140083
0.140078
0.140073
0.140066
0.140056
0.14005
0.140049
0.140053
0.14006
0.140067
0.140074
0.140075
0.140073
0.140071
0.140069
0.140067
0.140065
0.140061
0.140053
0.140045
0.140038
0.14003
0.140022
0.14001
0.140007
0.140015
0.140024
0.140055
0.140061
0.185815
0.161125
0.129507
0.106158
0.0929877
0.089246
0.0929185
0.100229
0.10793
0.114767
0.120512
0.125325
0.129296
0.132488
0.134969
0.136814
0.138129
0.139021
0.139573
0.139902
0.140103
0.140228
0.140309
0.140361
0.140392
0.14041
0.140418
0.140418
0.140413
0.140403
0.14039
0.140374
0.140355
0.140334
0.140311
0.140287
0.140263
0.140237
0.140212
0.140188
0.140165
0.140144
0.140125
0.140108
0.140094
0.140082
0.140073
0.140066
0.140061
0.140057
0.140053
0.140049
0.140045
0.14004
0.140036
0.140034
0.140035
0.140037
0.140041
0.140046
0.14005
0.140054
0.140057
0.140061
0.140066
0.140073
0.140082
0.140092
0.140101
0.140107
0.140113
0.140117
0.140119
0.14012
0.140122
0.140138
0.140158
0.14018
0.14011
0.140103
0.207919
0.202375
0.200814
0.2032
0.195389
0.176068
0.150621
0.127291
0.113625
0.111081
0.11537
0.121786
0.127733
0.132378
0.135737
0.138065
0.139615
0.140585
0.141135
0.141398
0.141483
0.141471
0.141416
0.141348
0.141277
0.141203
0.141125
0.141046
0.140968
0.140894
0.140824
0.140757
0.140694
0.140633
0.140575
0.140519
0.140465
0.140414
0.140365
0.140319
0.140277
0.140238
0.140204
0.140175
0.140151
0.140133
0.140119
0.140109
0.140101
0.140096
0.140091
0.140086
0.140082
0.140076
0.140069
0.140059
0.140052
0.140051
0.140055
0.140061
0.140067
0.140074
0.140076
0.140075
0.140073
0.14007
0.140069
0.140067
0.140062
0.140055
0.140047
0.140041
0.140033
0.140024
0.140012
0.140009
0.140016
0.140024
0.140056
0.140062
0.197923
0.170485
0.135285
0.108177
0.0945819
0.0919211
0.096113
0.103123
0.110371
0.116782
0.122193
0.126713
0.130416
0.133364
0.135627
0.137291
0.13846
0.139237
0.139716
0.140002
0.140178
0.140288
0.140358
0.140401
0.140427
0.140441
0.140446
0.140444
0.140437
0.140426
0.140411
0.140395
0.140376
0.140355
0.140332
0.140308
0.140283
0.140257
0.140232
0.140206
0.140182
0.140159
0.140139
0.14012
0.140104
0.14009
0.140079
0.140071
0.140065
0.14006
0.140056
0.140052
0.140047
0.140043
0.140039
0.140037
0.140037
0.140039
0.140043
0.140047
0.140051
0.140055
0.140058
0.140062
0.140067
0.140074
0.140083
0.140094
0.140103
0.140109
0.140115
0.140119
0.140121
0.140121
0.140123
0.140139
0.14016
0.140179
0.14011
0.140105
0.225343
0.225521
0.217725
0.215832
0.210477
0.193962
0.167799
0.139671
0.119502
0.112427
0.115225
0.121814
0.12826
0.133157
0.13645
0.138543
0.139849
0.14066
0.141159
0.141455
0.141611
0.141661
0.141632
0.141552
0.141449
0.141346
0.141249
0.141158
0.14107
0.140986
0.140907
0.140832
0.140762
0.140696
0.140632
0.140572
0.140514
0.140459
0.140407
0.140358
0.140312
0.14027
0.140231
0.140198
0.14017
0.140148
0.14013
0.140117
0.140108
0.140101
0.140095
0.14009
0.140085
0.14008
0.140072
0.140062
0.140055
0.140053
0.140057
0.140063
0.140069
0.140073
0.140076
0.140075
0.140074
0.140071
0.14007
0.140068
0.140064
0.140056
0.140049
0.140042
0.140035
0.140026
0.140014
0.14001
0.140016
0.140024
0.140056
0.140064
0.209601
0.178962
0.140904
0.110565
0.0964183
0.0947918
0.0994036
0.106142
0.112934
0.118915
0.123967
0.128166
0.131577
0.134264
0.136303
0.137781
0.1388
0.139465
0.139872
0.140117
0.140266
0.140359
0.140417
0.140452
0.140471
0.140479
0.14048
0.140474
0.140465
0.140451
0.140436
0.140418
0.140398
0.140376
0.140353
0.140329
0.140304
0.140278
0.140252
0.140226
0.1402
0.140176
0.140154
0.140133
0.140115
0.1401
0.140087
0.140077
0.140069
0.140064
0.140059
0.140054
0.14005
0.140045
0.140041
0.140038
0.140038
0.14004
0.140044
0.140048
0.140052
0.140055
0.140058
0.140062
0.140068
0.140075
0.140085
0.140095
0.140104
0.140111
0.140116
0.14012
0.140122
0.140122
0.140124
0.140139
0.140161
0.140179
0.14011
0.140108
0.236867
0.242622
0.237248
0.230758
0.227983
0.217849
0.195789
0.165572
0.136932
0.119556
0.1153
0.11913
0.125656
0.131835
0.136485
0.139449
0.141046
0.141728
0.141899
0.141854
0.141771
0.141723
0.141709
0.141687
0.141624
0.141521
0.141401
0.141285
0.141181
0.141086
0.140998
0.140914
0.140837
0.140764
0.140695
0.140629
0.140567
0.140508
0.140453
0.1404
0.14035
0.140304
0.140261
0.140224
0.140191
0.140165
0.140143
0.140127
0.140115
0.140106
0.140099
0.140093
0.140088
0.140083
0.140075
0.140065
0.140058
0.140056
0.140059
0.140064
0.14007
0.140074
0.140074
0.140075
0.140074
0.140072
0.140071
0.140069
0.140064
0.140057
0.14005
0.140043
0.140036
0.140027
0.140015
0.14001
0.140015
0.140023
0.140056
0.140066
0.217566
0.185583
0.14682
0.114561
0.0991554
0.0978086
0.102657
0.10915
0.115485
0.121029
0.125708
0.129575
0.13269
0.135119
0.136939
0.138238
0.139118
0.139683
0.140028
0.140235
0.140361
0.140437
0.140483
0.140509
0.14052
0.140523
0.140519
0.140509
0.140496
0.140481
0.140463
0.140444
0.140423
0.1404
0.140377
0.140352
0.140326
0.1403
0.140273
0.140247
0.14022
0.140195
0.140171
0.140149
0.140129
0.140111
0.140096
0.140084
0.140075
0.140068
0.140063
0.140057
0.140052
0.140047
0.140043
0.14004
0.14004
0.140042
0.140045
0.140049
0.140052
0.140055
0.140058
0.140063
0.140069
0.140076
0.140086
0.140097
0.140106
0.140112
0.140118
0.140121
0.140123
0.140122
0.140125
0.140139
0.140162
0.140178
0.14011
0.140111
0.215857
0.224738
0.22357
0.216549
0.213654
0.212386
0.203139
0.183058
0.157456
0.136327
0.125804
0.123806
0.125731
0.129082
0.132944
0.136681
0.139721
0.141751
0.14278
0.143029
0.142801
0.142394
0.14203
0.141808
0.141708
0.141645
0.141559
0.141443
0.141319
0.141204
0.141101
0.141008
0.140922
0.140842
0.140765
0.140694
0.140626
0.140563
0.140503
0.140446
0.140392
0.140342
0.140295
0.140253
0.140216
0.140185
0.140159
0.140138
0.140123
0.140112
0.140103
0.140096
0.14009
0.140085
0.140078
0.140068
0.140061
0.140058
0.140061
0.140066
0.140071
0.140074
0.140075
0.140074
0.140074
0.140072
0.140071
0.140069
0.140065
0.140058
0.140051
0.140044
0.140037
0.140028
0.140016
0.14001
0.140015
0.140023
0.140056
0.140068
0.197761
0.171181
0.140759
0.11553
0.102624
0.101277
0.105862
0.112053
0.117954
0.12308
0.127388
0.130924
0.133747
0.135923
0.137531
0.13866
0.139414
0.139891
0.140181
0.140354
0.140458
0.140519
0.140553
0.140569
0.140574
0.14057
0.140561
0.140548
0.140532
0.140513
0.140493
0.140472
0.140449
0.140426
0.140402
0.140376
0.14035
0.140324
0.140297
0.140269
0.140242
0.140216
0.14019
0.140166
0.140145
0.140125
0.140108
0.140094
0.140083
0.140075
0.140068
0.140062
0.140056
0.140051
0.140046
0.140043
0.140043
0.140044
0.140047
0.14005
0.140053
0.140056
0.140059
0.140063
0.140069
0.140077
0.140087
0.140098
0.140108
0.140114
0.140119
0.140122
0.140123
0.140122
0.140125
0.140139
0.140164
0.140178
0.140111
0.140113
0.212379
0.22897
0.232113
0.222516
0.206156
0.192372
0.180391
0.16485
0.145318
0.128438
0.122429
0.126945
0.133801
0.137228
0.13736
0.136701
0.136922
0.138231
0.140053
0.14173
0.142828
0.143214
0.143017
0.142538
0.142082
0.141801
0.141666
0.141576
0.14147
0.141348
0.141227
0.141118
0.14102
0.140931
0.140846
0.140767
0.140693
0.140624
0.140559
0.140497
0.140439
0.140384
0.140333
0.140286
0.140244
0.140208
0.140177
0.140153
0.140133
0.140119
0.140108
0.140099
0.140093
0.140087
0.140079
0.14007
0.140063
0.14006
0.140062
0.140067
0.140072
0.140075
0.140075
0.140075
0.140074
0.140072
0.140071
0.14007
0.140066
0.140058
0.140051
0.140044
0.140038
0.140029
0.140017
0.14001
0.140014
0.140023
0.140056
0.140069
0.185123
0.15197
0.122119
0.105952
0.102662
0.104755
0.109296
0.114948
0.120365
0.125073
0.129012
0.132218
0.134751
0.136678
0.138081
0.139051
0.139689
0.140089
0.14033
0.140472
0.140555
0.140601
0.140624
0.140632
0.14063
0.14062
0.140606
0.140588
0.140568
0.140547
0.140525
0.140501
0.140477
0.140453
0.140428
0.140402
0.140376
0.140349
0.140321
0.140294
0.140266
0.140238
0.140212
0.140186
0.140163
0.140141
0.140123
0.140107
0.140094
0.140084
0.140075
0.140068
0.140062
0.140056
0.140051
0.140047
0.140046
0.140047
0.14005
0.140053
0.140055
0.140058
0.140061
0.140065
0.140071
0.140079
0.140088
0.1401
0.140109
0.140115
0.14012
0.140123
0.140124
0.140122
0.140125
0.14014
0.140167
0.140179
0.140112
0.140116
0.35255
0.388393
0.403896
0.398507
0.373434
0.333676
0.288213
0.240065
0.18983
0.142314
0.10831
0.0985847
0.111553
0.131945
0.145774
0.149653
0.147234
0.143144
0.14018
0.139183
0.139794
0.141158
0.142407
0.143003
0.142902
0.142439
0.141998
0.141735
0.141597
0.141489
0.141371
0.141249
0.141135
0.141032
0.140938
0.14085
0.140769
0.140693
0.140622
0.140555
0.140492
0.140432
0.140376
0.140324
0.140277
0.140235
0.1402
0.14017
0.140146
0.140128
0.140114
0.140103
0.140095
0.140088
0.140081
0.140072
0.140065
0.140062
0.140063
0.140067
0.140073
0.140076
0.140077
0.140076
0.140075
0.140073
0.140072
0.140071
0.140066
0.140059
0.140052
0.140045
0.140038
0.14003
0.140018
0.14001
0.140014
0.140023
0.140057
0.140071
0.295648
0.226487
0.158033
0.112256
0.100617
0.106339
0.112832
0.11819
0.123003
0.127195
0.130697
0.133529
0.135743
0.137407
0.138601
0.139416
0.139946
0.140274
0.140471
0.140585
0.140649
0.140682
0.140695
0.140694
0.140685
0.14067
0.140651
0.14063
0.140606
0.140582
0.140557
0.140532
0.140506
0.14048
0.140454
0.140428
0.140401
0.140374
0.140346
0.140318
0.14029
0.140262
0.140235
0.140208
0.140183
0.14016
0.140139
0.140121
0.140107
0.140095
0.140085
0.140076
0.140069
0.140062
0.140056
0.140052
0.140051
0.140051
0.140053
0.140056
0.140058
0.14006
0.140063
0.140067
0.140073
0.140081
0.14009
0.140102
0.140111
0.140117
0.140122
0.140124
0.140125
0.140122
0.140126
0.140141
0.14017
0.14018
0.140112
0.140119
0.535397
0.589666
0.625806
0.641789
0.635477
0.606217
0.556382
0.492303
0.415044
0.326521
0.233995
0.15237
0.100935
0.0905882
0.110553
0.136776
0.153328
0.157824
0.154559
0.148554
0.143283
0.140376
0.139914
0.140946
0.14219
0.142785
0.142654
0.142218
0.14185
0.141638
0.141507
0.141388
0.141266
0.141149
0.141042
0.140943
0.140853
0.140769
0.140691
0.140618
0.140549
0.140485
0.140423
0.140366
0.140314
0.140267
0.140226
0.140191
0.140162
0.140139
0.140122
0.140108
0.140097
0.14009
0.140082
0.140074
0.140067
0.140063
0.140064
0.140068
0.140073
0.140077
0.140079
0.140078
0.140076
0.140074
0.140073
0.140072
0.140068
0.14006
0.140052
0.140045
0.140039
0.140031
0.140019
0.14001
0.140013
0.140023
0.140058
0.140072
0.459304
0.367064
0.266237
0.175942
0.122109
0.110488
0.115888
0.121493
0.125826
0.129441
0.132439
0.134848
0.136715
0.138103
0.139089
0.139754
0.140183
0.140447
0.140603
0.140692
0.140739
0.14076
0.140763
0.140755
0.14074
0.140719
0.140696
0.140671
0.140644
0.140617
0.140589
0.140562
0.140535
0.140508
0.140481
0.140454
0.140427
0.1404
0.140372
0.140344
0.140315
0.140287
0.140259
0.140231
0.140205
0.14018
0.140158
0.140138
0.140121
0.140107
0.140096
0.140086
0.140077
0.140069
0.140062
0.140058
0.140056
0.140056
0.140058
0.14006
0.140062
0.140063
0.140066
0.140069
0.140075
0.140083
0.140093
0.140105
0.140114
0.140119
0.140123
0.140126
0.140126
0.140123
0.140127
0.140143
0.140174
0.140181
0.140113
0.140122
0.611684
0.676868
0.732447
0.774754
0.799882
0.804389
0.786097
0.745231
0.685187
0.604057
0.501263
0.381476
0.258179
0.154443
0.0943718
0.0848379
0.107228
0.135217
0.153827
0.16035
0.158033
0.151597
0.14516
0.14123
0.14029
0.141166
0.142225
0.142586
0.142349
0.141968
0.141694
0.141528
0.1414
0.141277
0.141158
0.141047
0.140946
0.140853
0.140767
0.140688
0.140613
0.140543
0.140476
0.140414
0.140356
0.140304
0.140257
0.140216
0.140182
0.140154
0.140132
0.140115
0.140101
0.140092
0.140084
0.140076
0.140069
0.140065
0.140065
0.140068
0.140074
0.140078
0.14008
0.140079
0.140078
0.140076
0.140075
0.140073
0.140069
0.140061
0.140053
0.140046
0.14004
0.140032
0.14002
0.140011
0.140013
0.140023
0.140059
0.140073
0.53472
0.446183
0.347493
0.24776
0.166754
0.12616
0.120153
0.124291
0.128285
0.131449
0.134002
0.136027
0.13758
0.13872
0.139521
0.140057
0.140398
0.140607
0.140728
0.140794
0.140826
0.140835
0.140829
0.140815
0.140793
0.140768
0.140741
0.140712
0.140682
0.140652
0.140622
0.140593
0.140564
0.140536
0.140508
0.14048
0.140452
0.140425
0.140397
0.140369
0.14034
0.140312
0.140283
0.140255
0.140227
0.140201
0.140177
0.140156
0.140137
0.140121
0.140108
0.140096
0.140086
0.140077
0.14007
0.140064
0.140062
0.140062
0.140063
0.140064
0.140066
0.140067
0.140069
0.140073
0.140078
0.140086
0.140096
0.140108
0.140116
0.140122
0.140126
0.140127
0.140127
0.140124
0.14013
0.140146
0.140178
0.140182
0.140113
0.140124
0.582739
0.651676
0.719467
0.781741
0.834126
0.872272
0.89217
0.890757
0.866767
0.821181
0.752604
0.657495
0.536254
0.397314
0.259953
0.151009
0.0912711
0.0809284
0.100814
0.128294
0.149138
0.158557
0.157982
0.151912
0.145316
0.141455
0.140753
0.141584
0.142285
0.142337
0.142043
0.141748
0.141551
0.141409
0.141282
0.141161
0.141048
0.140946
0.140851
0.140764
0.140683
0.140607
0.140535
0.140467
0.140404
0.140345
0.140292
0.140246
0.140206
0.140173
0.140145
0.140124
0.140107
0.140096
0.140087
0.140078
0.140072
0.140067
0.140066
0.140068
0.140074
0.140079
0.140082
0.140081
0.14008
0.140078
0.140076
0.140075
0.140071
0.140063
0.140055
0.140047
0.140041
0.140033
0.140021
0.140011
0.140013
0.140022
0.140061
0.140074
0.513088
0.439175
0.359002
0.27488
0.197211
0.144958
0.126818
0.126887
0.130124
0.132969
0.135222
0.13697
0.138286
0.139237
0.139894
0.140328
0.1406
0.140762
0.140853
0.140898
0.140915
0.140913
0.140899
0.140877
0.140849
0.140819
0.140787
0.140754
0.140721
0.140688
0.140655
0.140624
0.140593
0.140564
0.140534
0.140506
0.140478
0.14045
0.140422
0.140394
0.140365
0.140337
0.140308
0.140279
0.140251
0.140223
0.140198
0.140175
0.140155
0.140137
0.140121
0.140108
0.140096
0.140086
0.140078
0.140072
0.140068
0.140068
0.140068
0.140069
0.14007
0.140071
0.140073
0.140076
0.140082
0.140089
0.140099
0.140111
0.14012
0.140125
0.140128
0.14013
0.140129
0.140126
0.140132
0.14015
0.140182
0.140183
0.140115
0.140127
0.498458
0.564676
0.635975
0.708264
0.777628
0.839977
0.891035
0.926572
0.942899
0.937495
0.909285
0.859934
0.784575
0.680544
0.550645
0.406648
0.269221
0.161637
0.0991753
0.0817769
0.0955761
0.121503
0.144082
0.155599
0.155986
0.150203
0.144243
0.141391
0.141262
0.141931
0.142214
0.142058
0.141786
0.141571
0.141415
0.141283
0.141161
0.141047
0.140943
0.140848
0.140759
0.140676
0.140599
0.140525
0.140456
0.140392
0.140333
0.140281
0.140234
0.140195
0.140163
0.140136
0.140115
0.140101
0.14009
0.140082
0.140075
0.14007
0.140068
0.14007
0.140074
0.140079
0.140083
0.140083
0.140082
0.14008
0.140078
0.140077
0.140073
0.140065
0.140056
0.140049
0.140042
0.140034
0.140023
0.140011
0.140013
0.140022
0.140063
0.140076
0.439302
0.381505
0.32152
0.258678
0.198342
0.15316
0.132639
0.129522
0.131652
0.13416
0.136198
0.137751
0.138893
0.139699
0.140244
0.140594
0.140807
0.140928
0.14099
0.141014
0.141015
0.141
0.140976
0.140946
0.140912
0.140875
0.140838
0.1408
0.140763
0.140726
0.140691
0.140657
0.140624
0.140593
0.140562
0.140533
0.140504
0.140476
0.140447
0.140419
0.140391
0.140362
0.140333
0.140303
0.140274
0.140246
0.14022
0.140195
0.140173
0.140154
0.140136
0.140121
0.140107
0.140096
0.140086
0.140079
0.140075
0.140074
0.140074
0.140075
0.140075
0.140076
0.140077
0.140081
0.140086
0.140093
0.140103
0.140115
0.140123
0.140128
0.140131
0.140132
0.140131
0.140129
0.140136
0.140154
0.140187
0.140184
0.140116
0.140129
0.396986
0.454926
0.521982
0.594844
0.670345
0.745158
0.81563
0.877764
0.927367
0.960424
0.973639
0.965145
0.934443
0.88222
0.80401
0.698277
0.569135
0.428147
0.293003
0.183077
0.112977
0.0865927
0.0947814
0.119436
0.142456
0.153656
0.15311
0.147416
0.142893
0.141452
0.141708
0.142059
0.142028
0.141804
0.141587
0.141421
0.141284
0.14116
0.141045
0.14094
0.140843
0.140753
0.140669
0.140589
0.140515
0.140444
0.14038
0.14032
0.140268
0.140223
0.140184
0.140152
0.140126
0.140108
0.140095
0.140086
0.140078
0.140073
0.140071
0.140071
0.140075
0.14008
0.140084
0.140085
0.140084
0.140082
0.14008
0.140079
0.140075
0.140067
0.140058
0.14005
0.140044
0.140035
0.140024
0.140012
0.140013
0.140022
0.140065
0.140077
0.350274
0.307796
0.265553
0.222358
0.181576
0.150693
0.135266
0.131892
0.133255
0.135377
0.137185
0.138548
0.139523
0.140191
0.140627
0.140895
0.141047
0.141125
0.141154
0.141154
0.141136
0.141106
0.141069
0.141028
0.140984
0.14094
0.140896
0.140853
0.140811
0.14077
0.140731
0.140694
0.140658
0.140624
0.140592
0.140561
0.140531
0.140502
0.140473
0.140445
0.140416
0.140387
0.140358
0.140328
0.140299
0.14027
0.140242
0.140217
0.140193
0.140171
0.140152
0.140135
0.14012
0.140106
0.140096
0.140088
0.140083
0.140081
0.140081
0.140081
0.140081
0.140081
0.140082
0.140085
0.14009
0.140097
0.140107
0.140119
0.140127
0.140131
0.140135
0.140136
0.140134
0.140132
0.14014
0.140158
0.140192
0.140186
0.140118
0.140131
0.302032
0.347604
0.404562
0.470842
0.543935
0.621088
0.699347
0.775468
0.84582
0.906468
0.953421
0.983067
0.992716
0.981196
0.949178
0.896842
0.820029
0.717056
0.591193
0.452037
0.315181
0.199661
0.122579
0.0915245
0.0987632
0.123675
0.144826
0.152317
0.149552
0.144626
0.142057
0.141699
0.141945
0.141979
0.141805
0.141598
0.141427
0.141286
0.141159
0.141043
0.140937
0.140838
0.140747
0.14066
0.140579
0.140503
0.140431
0.140366
0.140307
0.140255
0.14021
0.140171
0.14014
0.140118
0.140102
0.140091
0.140083
0.140077
0.140074
0.140074
0.140077
0.140081
0.140085
0.140087
0.140086
0.140084
0.140082
0.14008
0.140077
0.140069
0.14006
0.140052
0.140046
0.140037
0.140026
0.140013
0.140013
0.140021
0.140067
0.140079
0.268676
0.240052
0.212657
0.185872
0.161829
0.144438
0.135813
0.13394
0.135078
0.136829
0.138346
0.139475
0.140257
0.140769
0.141082
0.141256
0.141339
0.141365
0.141356
0.141325
0.141283
0.141233
0.14118
0.141126
0.141071
0.141018
0.140965
0.140915
0.140866
0.14082
0.140776
0.140735
0.140696
0.140659
0.140625
0.140592
0.14056
0.14053
0.140501
0.140472
0.140443
0.140413
0.140384
0.140354
0.140324
0.140295
0.140266
0.140239
0.140214
0.14019
0.140169
0.14015
0.140133
0.140118
0.140106
0.140097
0.140091
0.140089
0.140088
0.140087
0.140087
0.140086
0.140087
0.14009
0.140095
0.140102
0.140111
0.140123
0.140131
0.140135
0.140138
0.140139
0.140138
0.140136
0.140144
0.140163
0.140197
0.140187
0.14012
0.140133
0.2283
0.259578
0.302509
0.357133
0.421951
0.494499
0.572052
0.651833
0.7309
0.806029
0.87371
0.930278
0.972204
0.996573
1.00166
0.987356
0.955859
0.905654
0.831306
0.729741
0.603127
0.460522
0.31834
0.198305
0.120982
0.0949358
0.108018
0.133039
0.148175
0.149918
0.145947
0.142824
0.141893
0.141923
0.141947
0.1418
0.141606
0.141435
0.141289
0.14116
0.141042
0.140934
0.140833
0.140739
0.14065
0.140567
0.140489
0.140417
0.140351
0.140292
0.14024
0.140195
0.140158
0.140131
0.140111
0.140097
0.140088
0.140082
0.140078
0.140077
0.140079
0.140082
0.140086
0.140088
0.140087
0.140086
0.140084
0.140082
0.140079
0.140071
0.140062
0.140053
0.140047
0.140038
0.140028
0.140015
0.140013
0.140021
0.14007
0.140082
0.207422
0.190224
0.174328
0.159714
0.147667
0.139698
0.136158
0.135822
0.136964
0.138388
0.139593
0.140468
0.141048
0.1414
0.141588
0.141667
0.141677
0.141646
0.141592
0.141527
0.141456
0.141384
0.141312
0.141241
0.141173
0.141108
0.141045
0.140986
0.14093
0.140878
0.140828
0.140782
0.140739
0.140699
0.140661
0.140625
0.140592
0.14056
0.14053
0.1405
0.14047
0.140441
0.140411
0.140381
0.14035
0.14032
0.140291
0.140262
0.140236
0.140211
0.140187
0.140166
0.140147
0.140131
0.140117
0.140107
0.1401
0.140097
0.140095
0.140094
0.140093
0.140092
0.140093
0.140095
0.1401
0.140106
0.140116
0.140128
0.140135
0.140139
0.140142
0.140143
0.140142
0.14014
0.140149
0.140169
0.140203
0.140189
0.140122
0.140134
0.181867
0.200017
0.227756
0.267539
0.319915
0.383271
0.45486
0.531795
0.611326
0.69075
0.767247
0.837814
0.899296
0.948577
0.982916
1.00043
1.00073
0.984973
0.956211
0.907566
0.831882
0.725464
0.59101
0.43971
0.292
0.174616
0.110374
0.101581
0.122899
0.142661
0.148735
0.146453
0.143387
0.142136
0.141974
0.141949
0.141806
0.141617
0.141444
0.141295
0.141162
0.141041
0.14093
0.140826
0.14073
0.140639
0.140554
0.140474
0.140401
0.140335
0.140276
0.140224
0.14018
0.140147
0.140123
0.140106
0.140094
0.140087
0.140083
0.140082
0.140082
0.140084
0.140087
0.140089
0.140089
0.140087
0.140085
0.140083
0.140081
0.140073
0.140064
0.140055
0.140049
0.14004
0.14003
0.140016
0.140013
0.14002
0.140072
0.140084
0.170642
0.161575
0.153431
0.146366
0.141082
0.138063
0.13711
0.137547
0.1386
0.139719
0.140642
0.141302
0.141723
0.141956
0.142053
0.142061
0.142013
0.141935
0.141842
0.141743
0.141644
0.141548
0.141457
0.141369
0.141287
0.141209
0.141135
0.141067
0.141002
0.140942
0.140887
0.140835
0.140787
0.140742
0.140701
0.140662
0.140627
0.140593
0.140561
0.14053
0.140499
0.140469
0.140438
0.140408
0.140377
0.140346
0.140316
0.140287
0.140259
0.140232
0.140207
0.140184
0.140163
0.140144
0.140129
0.140118
0.14011
0.140106
0.140103
0.140101
0.1401
0.140098
0.140098
0.1401
0.140105
0.140111
0.140121
0.140133
0.14014
0.140144
0.140147
0.140148
0.140146
0.140145
0.140154
0.140175
0.140209
0.140191
0.140125
0.140135
0.159143
0.167985
0.183101
0.208097
0.245827
0.296783
0.359008
0.429408
0.504889
0.582695
0.66032
0.735323
0.80522
0.867454
0.91948
0.958997
0.984362
0.99506
0.992446
0.979178
0.951399
0.898795
0.81342
0.692958
0.543393
0.381506
0.235252
0.137041
0.103831
0.116813
0.138075
0.147305
0.146594
0.143758
0.14232
0.142019
0.141956
0.141815
0.141627
0.141451
0.141298
0.141161
0.141037
0.140922
0.140816
0.140716
0.140623
0.140536
0.140456
0.140382
0.140316
0.140256
0.140206
0.140166
0.140137
0.140116
0.140102
0.140093
0.140088
0.140086
0.140086
0.140087
0.140088
0.14009
0.14009
0.140089
0.140087
0.140085
0.140083
0.140075
0.140066
0.140056
0.14005
0.140041
0.140031
0.140017
0.140014
0.14002
0.140074
0.140088
0.15393
0.14967
0.145849
0.142627
0.140305
0.139044
0.138746
0.139152
0.139867
0.140631
0.141286
0.141776
0.142098
0.142276
0.142343
0.142329
0.142265
0.142169
0.142057
0.14194
0.141822
0.141708
0.1416
0.141498
0.141403
0.141313
0.141229
0.141151
0.141079
0.141012
0.140949
0.140892
0.140838
0.140789
0.140744
0.140703
0.140664
0.140628
0.140594
0.140561
0.14053
0.140498
0.140467
0.140436
0.140405
0.140373
0.140342
0.140312
0.140282
0.140254
0.140227
0.140202
0.140179
0.140159
0.140142
0.140129
0.140121
0.140115
0.140112
0.140109
0.140106
0.140104
0.140104
0.140106
0.14011
0.140117
0.140127
0.140138
0.140145
0.140149
0.140152
0.140152
0.140151
0.140149
0.140159
0.140181
0.140215
0.140193
0.140128
0.140136
0.150679
0.154299
0.161261
0.174663
0.198279
0.235013
0.285236
0.346726
0.416048
0.489828
0.565203
0.639768
0.711393
0.778081
0.837889
0.888939
0.929564
0.9586
0.975881
0.982688
0.981603
0.970593
0.937431
0.871259
0.766135
0.623788
0.45693
0.292192
0.167403
0.111237
0.113198
0.133563
0.1454
0.146587
0.14423
0.142611
0.142102
0.141966
0.141822
0.14164
0.141462
0.141304
0.141162
0.141033
0.140915
0.140805
0.140703
0.140608
0.140519
0.140438
0.140363
0.140296
0.140238
0.140191
0.140155
0.140129
0.140111
0.1401
0.140094
0.140091
0.140091
0.14009
0.14009
0.140091
0.140091
0.140089
0.140088
0.140085
0.140084
0.140077
0.140068
0.140059
0.140052
0.140043
0.140033
0.140019
0.140014
0.140019
0.140076
0.140092
0.148579
0.146743
0.144981
0.143409
0.142173
0.141362
0.140965
0.140902
0.141053
0.141321
0.141642
0.141925
0.142147
0.142293
0.142367
0.142379
0.142342
0.14227
0.142173
0.142064
0.141947
0.14183
0.141716
0.141607
0.141503
0.141406
0.141316
0.141231
0.141152
0.141079
0.141011
0.140948
0.14089
0.140837
0.140788
0.140743
0.140702
0.140663
0.140627
0.140593
0.14056
0.140527
0.140496
0.140464
0.140433
0.140401
0.140369
0.140338
0.140307
0.140278
0.140249
0.140223
0.140198
0.140176
0.140158
0.140143
0.140133
0.140126
0.140122
0.140118
0.140114
0.140112
0.140111
0.140112
0.140116
0.140123
0.140133
0.140143
0.14015
0.140154
0.140157
0.140158
0.140156
0.140154
0.140164
0.140188
0.140221
0.140196
0.14013
0.140137
0.147969
0.148992
0.151341
0.156706
0.167752
0.187945
0.220405
0.266327
0.32424
0.390798
0.462225
0.535191
0.607018
0.675568
0.739113
0.796207
0.845627
0.886429
0.9181
0.940854
0.955945
0.965522
0.970627
0.958494
0.916212
0.834547
0.710527
0.550885
0.376652
0.22502
0.134613
0.112139
0.125288
0.140071
0.145366
0.144794
0.143239
0.142388
0.142062
0.141875
0.141692
0.141511
0.141344
0.141193
0.141056
0.140931
0.140815
0.140707
0.140607
0.140515
0.140429
0.140352
0.140284
0.140227
0.140183
0.14015
0.140127
0.140111
0.140103
0.140099
0.140097
0.140095
0.140093
0.140093
0.140093
0.140091
0.140089
0.140086
0.140085
0.140079
0.14007
0.14006
0.140054
0.140044
0.140035
0.140021
0.140015
0.140019
0.140078
0.140096
0.147421
0.146846
0.146146
0.145374
0.144604
0.143903
0.143316
0.142858
0.142523
0.142296
0.142157
0.142085
0.142068
0.142107
0.142153
0.142189
0.142206
0.142195
0.142158
0.142096
0.142015
0.141921
0.141819
0.141714
0.14161
0.141509
0.141413
0.141323
0.141239
0.14116
0.141087
0.141019
0.140956
0.140898
0.140845
0.140796
0.140751
0.140709
0.14067
0.140634
0.140599
0.140565
0.140532
0.140499
0.140467
0.140434
0.140401
0.140369
0.140337
0.140306
0.140275
0.140247
0.14022
0.140196
0.140176
0.140161
0.140149
0.140141
0.140135
0.14013
0.140125
0.140122
0.14012
0.140121
0.140125
0.140131
0.140141
0.140151
0.140158
0.140161
0.140164
0.140164
0.140162
0.14016
0.140171
0.140196
0.140229
0.140199
0.140134
0.140137
0.146591
0.146824
0.147559
0.149381
0.153323
0.161213
0.175899
0.200695
0.238222
0.289048
0.350855
0.419641
0.491258
0.562198
0.629769
0.691997
0.74751
0.795456
0.835458
0.867672
0.892954
0.913143
0.931165
0.949132
0.956442
0.938927
0.884694
0.786414
0.644325
0.47173
0.301206
0.177404
0.12431
0.122416
0.135277
0.143187
0.144642
0.143678
0.142743
0.142259
0.141994
0.141783
0.141586
0.141405
0.141241
0.141092
0.140957
0.140832
0.140717
0.140611
0.140513
0.140424
0.140344
0.140276
0.140221
0.140179
0.140148
0.140127
0.140115
0.140109
0.140106
0.140102
0.140099
0.140098
0.140097
0.140094
0.140091
0.140089
0.140086
0.14008
0.140071
0.140062
0.140055
0.140045
0.140036
0.140022
0.140015
0.140019
0.14008
0.1401
0.1466
0.146603
0.146499
0.146261
0.145895
0.145434
0.144918
0.144388
0.143877
0.14341
0.143003
0.142664
0.142396
0.142197
0.142054
0.141961
0.141907
0.141897
0.141892
0.141884
0.141866
0.141832
0.141782
0.141718
0.141643
0.141561
0.141477
0.141393
0.141311
0.141232
0.141158
0.141089
0.141024
0.140964
0.140908
0.140857
0.140809
0.140765
0.140723
0.140684
0.140647
0.140611
0.140577
0.140543
0.140509
0.140475
0.140441
0.140407
0.140373
0.140339
0.140307
0.140275
0.140246
0.14022
0.140198
0.140181
0.140167
0.140157
0.14015
0.140143
0.140137
0.140132
0.14013
0.140131
0.140134
0.14014
0.14015
0.14016
0.140166
0.140169
0.140172
0.140171
0.140168
0.140167
0.140179
0.140206
0.140238
0.140203
0.140138
0.140138
0.145575
0.145965
0.146752
0.148028
0.149917
0.15294
0.158323
0.168286
0.186
0.21487
0.257318
0.313191
0.379044
0.450065
0.521694
0.590269
0.653131
0.70855
0.755628
0.794251
0.825132
0.849935
0.871437
0.893337
0.918075
0.93678
0.934735
0.898803
0.819335
0.692735
0.527346
0.351726
0.211671
0.139666
0.125209
0.133644
0.141647
0.144158
0.143784
0.142962
0.14242
0.142095
0.141851
0.141635
0.14144
0.141265
0.141107
0.140964
0.140833
0.140713
0.140602
0.140501
0.140409
0.14033
0.140264
0.140213
0.140174
0.140146
0.140129
0.14012
0.140116
0.140111
0.140107
0.140105
0.140103
0.140099
0.140095
0.140092
0.140089
0.140083
0.140074
0.140064
0.140056
0.140047
0.140038
0.140023
0.140016
0.140019
0.140082
0.140105
0.145514
0.145607
0.145725
0.14578
0.145724
0.145548
0.145264
0.1449
0.144486
0.144051
0.143621
0.143217
0.142852
0.142537
0.142274
0.142062
0.1419
0.141782
0.141698
0.141641
0.141609
0.141597
0.141584
0.141565
0.141537
0.141498
0.141448
0.14139
0.141326
0.14126
0.141195
0.141131
0.14107
0.141012
0.140958
0.140907
0.140859
0.140814
0.140772
0.140731
0.140693
0.140656
0.14062
0.140585
0.14055
0.140515
0.140479
0.140444
0.140408
0.140372
0.140337
0.140304
0.140272
0.140244
0.14022
0.140201
0.140185
0.140174
0.140164
0.140155
0.140147
0.140142
0.140139
0.140139
0.140143
0.140149
0.140159
0.140169
0.140174
0.140177
0.140179
0.140178
0.140175
0.140174
0.140187
0.140216
0.140246
0.140205
0.140143
0.140139
0.145206
0.146116
0.147476
0.149134
0.150966
0.152951
0.155313
0.158774
0.164892
0.176328
0.19674
0.22974
0.277736
0.339053
0.408893
0.481681
0.552522
0.617716
0.67478
0.722406
0.760428
0.789878
0.813096
0.833772
0.85644
0.884127
0.908877
0.915736
0.891057
0.824107
0.709307
0.552178
0.378538
0.233641
0.15279
0.130199
0.134184
0.141002
0.143747
0.143748
0.143076
0.142533
0.142171
0.141898
0.141665
0.141457
0.141272
0.141107
0.140957
0.140822
0.140698
0.140584
0.140481
0.14039
0.140313
0.140251
0.140202
0.140167
0.140144
0.140132
0.140125
0.14012
0.140115
0.140112
0.140109
0.140104
0.1401
0.140096
0.140092
0.140085
0.140076
0.140066
0.140058
0.140048
0.140039
0.140025
0.140017
0.140019
0.140084
0.14011
0.144749
0.144642
0.14473
0.14487
0.144969
0.144983
0.144899
0.144725
0.144477
0.144176
0.143843
0.143498
0.143156
0.142833
0.142536
0.142274
0.14205
0.141864
0.141712
0.141594
0.141504
0.14144
0.141393
0.141361
0.141348
0.141335
0.14132
0.141298
0.141267
0.141228
0.141183
0.141134
0.141084
0.141034
0.140985
0.140938
0.140893
0.14085
0.140809
0.14077
0.140732
0.140696
0.14066
0.140624
0.140589
0.140553
0.140516
0.140479
0.140442
0.140405
0.140368
0.140332
0.140299
0.140269
0.140243
0.140222
0.140205
0.140191
0.140179
0.140168
0.140159
0.140152
0.140149
0.140149
0.140152
0.140159
0.140169
0.140177
0.140182
0.140185
0.140186
0.140184
0.14018
0.14018
0.140195
0.140226
0.140254
0.140208
0.140148
0.140139
0.145933
0.147656
0.149746
0.152013
0.154288
0.156427
0.158348
0.160108
0.162076
0.165233
0.171589
0.184484
0.208338
0.247118
0.301967
0.369112
0.442443
0.515823
0.584257
0.644226
0.693704
0.732169
0.760696
0.782105
0.800929
0.822658
0.851023
0.878425
0.889701
0.871043
0.811339
0.704194
0.553987
0.385586
0.243356
0.161502
0.135294
0.135915
0.141105
0.143542
0.143679
0.143123
0.142603
0.142222
0.141927
0.141678
0.14146
0.141267
0.141095
0.14094
0.140801
0.140674
0.140558
0.140455
0.140366
0.140293
0.140234
0.14019
0.140159
0.140142
0.140133
0.140127
0.140122
0.140118
0.140114
0.140108
0.140103
0.140099
0.140094
0.140087
0.140078
0.140068
0.140059
0.14005
0.14004
0.140027
0.140019
0.140018
0.140087
0.140115
0.144766
0.144192
0.144046
0.144114
0.144243
0.144343
0.144376
0.14433
0.14421
0.144028
0.143799
0.14354
0.143263
0.142981
0.142706
0.142447
0.142208
0.141994
0.141808
0.141649
0.141517
0.14141
0.141325
0.14126
0.141213
0.141179
0.141158
0.14115
0.141141
0.14113
0.141112
0.141088
0.141057
0.141022
0.140985
0.140946
0.140908
0.14087
0.140833
0.140796
0.140761
0.140726
0.140692
0.140657
0.140622
0.140587
0.14055
0.140513
0.140475
0.140437
0.140399
0.140362
0.140327
0.140296
0.140268
0.140245
0.140226
0.14021
0.140196
0.140183
0.140172
0.140164
0.14016
0.140159
0.140162
0.140169
0.140179
0.140187
0.14019
0.140193
0.140193
0.140191
0.140186
0.140186
0.140203
0.140237
0.140262
0.140211
0.140154
0.140138
0.1482
0.150804
0.153566
0.156313
0.158898
0.161196
0.163112
0.164588
0.165626
0.166386
0.167417
0.170084
0.177121
0.192914
0.222518
0.269657
0.332435
0.405049
0.480447
0.552306
0.615862
0.668128
0.707963
0.736236
0.756043
0.77267
0.792594
0.820341
0.848198
0.860731
0.8441
0.787246
0.683811
0.538582
0.37721
0.242789
0.165652
0.13953
0.138134
0.14174
0.143584
0.143659
0.143149
0.142645
0.142252
0.14194
0.141677
0.141449
0.141249
0.141072
0.140914
0.140771
0.140642
0.140526
0.140425
0.140339
0.140269
0.140215
0.140176
0.140151
0.140139
0.140132
0.140128
0.140124
0.140119
0.140113
0.140107
0.140102
0.140097
0.140089
0.14008
0.14007
0.140061
0.140052
0.140041
0.140029
0.140021
0.140018
0.140089
0.14012
0.145944
0.144471
0.143765
0.143566
0.143617
0.143744
0.143853
0.143904
0.143886
0.143802
0.143663
0.14348
0.143268
0.143037
0.142799
0.142562
0.142334
0.142119
0.141921
0.141744
0.141587
0.141452
0.141338
0.141244
0.141168
0.141108
0.141064
0.141033
0.141011
0.141002
0.140998
0.140992
0.140983
0.140968
0.140948
0.140924
0.140897
0.140867
0.140837
0.140806
0.140776
0.140745
0.140714
0.140682
0.140649
0.140615
0.14058
0.140543
0.140505
0.140467
0.140429
0.140391
0.140356
0.140324
0.140295
0.140271
0.14025
0.140232
0.140215
0.140201
0.140188
0.140178
0.140173
0.140172
0.140174
0.140181
0.140191
0.140197
0.140199
0.140201
0.140201
0.140197
0.140192
0.140193
0.140212
0.140248
0.14027
0.140213
0.14016
0.140137
0.152026
0.155268
0.158348
0.161168
0.163652
0.165737
0.167388
0.168588
0.169333
0.169618
0.169485
0.169172
0.169482
0.172413
0.181806
0.203163
0.241842
0.298573
0.368817
0.445239
0.520331
0.587954
0.643917
0.686205
0.715218
0.734097
0.748715
0.76651
0.792821
0.819679
0.831237
0.813615
0.756037
0.652945
0.511018
0.357864
0.234674
0.165825
0.142232
0.140004
0.142381
0.143643
0.143608
0.143125
0.142641
0.142247
0.141926
0.141654
0.14142
0.141216
0.141036
0.140876
0.140732
0.140602
0.140488
0.14039
0.140308
0.140242
0.140193
0.14016
0.140142
0.140135
0.140132
0.140129
0.140124
0.140117
0.140111
0.140105
0.140099
0.140091
0.140082
0.140072
0.140062
0.140053
0.140043
0.140031
0.140023
0.140018
0.140091
0.140125
0.148726
0.146056
0.14428
0.143389
0.143085
0.143092
0.143217
0.143349
0.143436
0.143459
0.14342
0.143327
0.14319
0.143021
0.142832
0.142631
0.142427
0.142226
0.142034
0.141854
0.141688
0.141538
0.141405
0.14129
0.141191
0.141109
0.141042
0.140988
0.140947
0.140917
0.140895
0.140881
0.140878
0.140875
0.140871
0.140864
0.140852
0.140837
0.140818
0.140796
0.140773
0.140748
0.140723
0.140695
0.140666
0.140635
0.140603
0.140568
0.140532
0.140494
0.140457
0.140419
0.140384
0.140352
0.140323
0.140298
0.140275
0.140255
0.140237
0.14022
0.140205
0.140194
0.140188
0.140186
0.140188
0.140195
0.140204
0.140208
0.140209
0.14021
0.140208
0.140204
0.140198
0.140201
0.140222
0.140261
0.140278
0.140215
0.140167
0.140135
0.156543
0.159917
0.162804
0.165216
0.167174
0.168695
0.169804
0.170537
0.170929
0.171003
0.170748
0.170134
0.169191
0.168296
0.168769
0.173696
0.188328
0.2189
0.268534
0.334676
0.410502
0.487695
0.55877
0.618244
0.663099
0.69315
0.711477
0.724438
0.740306
0.764915
0.789799
0.798698
0.777825
0.71706
0.612516
0.474011
0.331567
0.222894
0.164745
0.144974
0.142388
0.143524
0.144015
0.143697
0.143146
0.142645
0.14224
0.141908
0.141629
0.141388
0.14118
0.140997
0.140835
0.140689
0.140561
0.140449
0.140354
0.140276
0.140216
0.140173
0.140147
0.140136
0.140134
0.140133
0.14013
0.140123
0.140115
0.140109
0.140103
0.140095
0.140085
0.140074
0.140064
0.140055
0.140044
0.140034
0.140025
0.140018
0.140093
0.140131
0.152639
0.149021
0.146141
0.144189
0.143085
0.14264
0.142572
0.142677
0.142825
0.142946
0.143012
0.143018
0.142969
0.142875
0.142748
0.142598
0.142434
0.142263
0.142092
0.141925
0.141767
0.141618
0.141482
0.141358
0.141248
0.141152
0.141068
0.140997
0.140938
0.140889
0.140851
0.140821
0.1408
0.140786
0.140777
0.140777
0.140776
0.140774
0.140769
0.14076
0.140746
0.14073
0.140712
0.14069
0.140667
0.140641
0.140612
0.140581
0.140548
0.140513
0.140478
0.140442
0.140409
0.140377
0.140349
0.140323
0.1403
0.140278
0.140258
0.140239
0.140223
0.140211
0.140204
0.140201
0.140203
0.14021
0.140218
0.14022
0.14022
0.14022
0.140217
0.140211
0.140205
0.14021
0.140234
0.140274
0.140285
0.140218
0.140175
0.140131
0.161595
0.16456
0.166763
0.168356
0.169466
0.170191
0.170608
0.170784
0.170773
0.170614
0.170321
0.169866
0.169169
0.168134
0.166841
0.166034
0.167952
0.177093
0.199781
0.241406
0.302355
0.377483
0.458179
0.535297
0.601291
0.651331
0.684014
0.702001
0.712161
0.724148
0.745745
0.767854
0.77255
0.745285
0.676804
0.566146
0.428027
0.295355
0.201579
0.155614
0.142098
0.141612
0.143208
0.143792
0.143529
0.143017
0.142538
0.142144
0.141819
0.141545
0.141311
0.141107
0.140927
0.140768
0.140626
0.140503
0.140396
0.140306
0.140235
0.140182
0.140148
0.140133
0.140132
0.140136
0.140135
0.140129
0.140119
0.140113
0.140106
0.140099
0.140088
0.140076
0.140064
0.140055
0.140044
0.140035
0.140027
0.140018
0.140097
0.140135
0.157626
0.153416
0.149526
0.146386
0.144142
0.14275
0.142058
0.141859
0.141929
0.142106
0.142295
0.142442
0.142529
0.142554
0.142525
0.142452
0.142347
0.142222
0.142083
0.14194
0.141797
0.141658
0.141527
0.141404
0.141292
0.14119
0.141099
0.141019
0.140949
0.140889
0.140838
0.140796
0.140763
0.140737
0.140717
0.140705
0.140698
0.140697
0.1407
0.140703
0.140702
0.140697
0.140688
0.140675
0.140659
0.140639
0.140615
0.140589
0.14056
0.140528
0.140495
0.140462
0.140431
0.1404
0.140372
0.140347
0.140322
0.140299
0.140277
0.140257
0.14024
0.140227
0.140218
0.140215
0.140217
0.140224
0.140231
0.140231
0.140229
0.140228
0.140224
0.140217
0.140212
0.140218
0.140245
0.140286
0.140292
0.140218
0.14018
0.140129
0.164066
0.165531
0.166376
0.166823
0.167025
0.167092
0.167089
0.167058
0.167015
0.166968
0.166911
0.166826
0.166673
0.16636
0.165736
0.164647
0.163208
0.162362
0.164731
0.174769
0.198047
0.238606
0.296184
0.366036
0.440536
0.511381
0.571521
0.616551
0.645869
0.663532
0.677511
0.693021
0.711812
0.718842
0.698862
0.641282
0.544495
0.422347
0.303875
0.216861
0.169279
0.150405
0.145332
0.144501
0.144207
0.143729
0.143173
0.142664
0.142237
0.141883
0.141587
0.141336
0.141121
0.140933
0.140768
0.140624
0.140498
0.14039
0.1403
0.140228
0.140175
0.140144
0.140135
0.140139
0.140144
0.140142
0.140133
0.140126
0.140119
0.140113
0.140103
0.140088
0.140074
0.140061
0.14005
0.140039
0.140031
0.140021
0.140096
0.140146
0.161624
0.158522
0.155096
0.151759
0.148809
0.146416
0.144626
0.143391
0.142613
0.142182
0.142009
0.14197
0.141992
0.142028
0.14205
0.142047
0.142017
0.141962
0.141887
0.141796
0.141696
0.141589
0.141481
0.141374
0.141271
0.141173
0.141082
0.140998
0.140922
0.140854
0.140794
0.140743
0.140699
0.140663
0.140634
0.140612
0.140599
0.140598
0.140605
0.140614
0.140622
0.140626
0.140627
0.140623
0.140615
0.140604
0.140589
0.14057
0.140548
0.140524
0.140498
0.140472
0.140446
0.140421
0.140397
0.140373
0.14035
0.140327
0.140305
0.140284
0.140266
0.140252
0.140244
0.140241
0.140244
0.140251
0.140255
0.140252
0.140247
0.140245
0.140238
0.14023
0.140225
0.140236
0.140268
0.140308
0.1403
0.140222
0.140198
0.140117
)
;

boundaryField
{
    inlet
    {
        type            freestream;
        freestreamValue uniform 0.14;
        value           nonuniform List<scalar> 
134
(
0.14
0.14
0.14
0.14
0.14
0.14
0.14
0.14
0.14
0.14
0.140006
0.140012
0.140017
0.140021
0.140026
0.14003
0.140035
0.140039
0.140043
0.140047
0.14
0.140051
0.140054
0.140057
0.140058
0.140059
0.14006
0.14006
0.14006
0.140059
0.14
0.140057
0.140056
0.140055
0.140055
0.140055
0.140056
0.140057
0.140057
0.140058
0.14
0.14
0.14
0.14
0.14
0.14
0.14
0.140059
0.140061
0.140062
0.140064
0.140066
0.140068
0.140069
0.140071
0.140072
0.140073
0.140074
0.140076
0.140077
0.140079
0.140082
0.140084
0.140088
0.140092
0.140096
0.1401
0.140105
0.14011
0.140115
0.14012
0.140125
0.140131
0.140135
0.140146
0.14
0.14
0.14
0.14
0.14
0.14
0.14
0.14
0.14
0.14
0.14
0.14
0.14
0.14
0.14
0.14
0.14
0.14
0.14
0.14
0.14
0.14
0.14
0.14
0.14
0.14
0.14
0.14
0.14
0.14
0.14
0.14
0.14
0.14
0.14
0.14
0.14
0.14
0.14
0.14
0.14
0.14
0.14
0.14
0.14
0.14
0.14
0.14
0.14
0.14
0.14
0.14
0.14
0.14
0.14
0.14
0.14
0.14
0.14
)
;
    }
    outlet
    {
        type            freestream;
        freestreamValue uniform 0.14;
        value           nonuniform List<scalar> 
160
(
0.164066
0.161624
0.165531
0.158522
0.166376
0.155096
0.166823
0.151759
0.167025
0.148809
0.167092
0.146416
0.167089
0.144626
0.167058
0.143391
0.167015
0.142613
0.166968
0.142182
0.166911
0.142009
0.166826
0.14197
0.166673
0.141992
0.16636
0.142028
0.165736
0.14205
0.164647
0.142047
0.163208
0.142017
0.162362
0.141962
0.164731
0.141887
0.174769
0.141796
0.198047
0.141696
0.238606
0.141589
0.296184
0.141481
0.366036
0.141374
0.440536
0.141271
0.511381
0.141173
0.571521
0.141082
0.616551
0.140998
0.645869
0.140922
0.663532
0.140854
0.677511
0.140794
0.693021
0.140743
0.711812
0.140699
0.718842
0.140663
0.698862
0.140634
0.641282
0.140612
0.544495
0.140599
0.422347
0.140598
0.303875
0.140605
0.216861
0.140614
0.169279
0.140622
0.150405
0.140626
0.145332
0.140627
0.144501
0.140623
0.144207
0.140615
0.143729
0.140604
0.143173
0.140589
0.142664
0.14057
0.142237
0.140548
0.141883
0.140524
0.141587
0.140498
0.141336
0.140472
0.141121
0.140446
0.140933
0.140421
0.140768
0.140397
0.140624
0.140373
0.140498
0.14035
0.14039
0.140327
0.1403
0.140305
0.140228
0.140284
0.140175
0.140266
0.140144
0.140252
0.140135
0.140244
0.140139
0.140241
0.140144
0.140244
0.140142
0.140251
0.140133
0.140255
0.140126
0.140252
0.140119
0.140247
0.140113
0.140245
0.140103
0.140238
0.140088
0.14023
0.140074
0.140225
0.140061
0.140236
0.14005
0.140268
0.140039
0.140308
0.140031
0.1403
0.140021
0.140222
0.140096
0.140198
0.140146
0.140117
)
;
    }
    walls
    {
        type            fixedValue;
        value           nonuniform List<scalar> 
78
(
0.0702518
0.0777961
0.0846028
0.0908756
0.0973747
0.104262
0.111828
0.12025
0.129769
0.140472
0.152323
0.165226
0.17871
0.192203
0.205033
0.216455
0.225946
0.233322
0.23805
0.240341
0.240618
0.239347
0.236791
0.233278
0.22926
0.225051
0.220634
0.215817
0.210465
0.204574
0.198142
0.191148
0.18355
0.175453
0.166536
0.156538
0.145113
0.131384
0.0925693
0.0616328
0.0534317
0.0529441
0.0529549
0.0641566
0.0745908
0.0832325
0.0910034
0.0988224
0.107174
0.11626
0.126018
0.136077
0.145957
0.15499
0.162734
0.168969
0.173783
0.177449
0.180364
0.182905
0.185359
0.187903
0.190572
0.19301
0.194833
0.195865
0.196281
0.196219
0.195654
0.194487
0.192643
0.1901
0.186918
0.183101
0.178681
0.172826
0.166646
0.147266
)
;
    }
    frontAndBack
    {
        type            empty;
    }
}


// ************************************************************************* //
