/*--------------------------------*- C++ -*----------------------------------*\
  =========                 |
  \\      /  F ield         | OpenFOAM: The Open Source CFD Toolbox
   \\    /   O peration     | Website:  https://openfoam.org
    \\  /    A nd           | Version:  12
     \\/     M anipulation  |
\*---------------------------------------------------------------------------*/
FoamFile
{
    format      ascii;
    class       volScalarField;
    location    "150";
    object      nuTilda;
}
// * * * * * * * * * * * * * * * * * * * * * * * * * * * * * * * * * * * * * //

dimensions      [0 2 -1 0 0 0 0];

internalField   nonuniform List<scalar> 
10720
(
0.0826602
0.0879492
0.0933029
0.0989454
0.105075
0.111903
0.119678
0.12851
0.138608
0.150012
0.162611
0.1762
0.190267
0.204146
0.217105
0.22836
0.237446
0.244043
0.248117
0.249864
0.249528
0.247336
0.24355
0.238489
0.23277
0.227098
0.221644
0.216155
0.210434
0.204424
0.198112
0.191471
0.184474
0.177112
0.169193
0.160585
0.15022
0.138593
0.10902
0.0771342
0.0702449
0.0613696
0.0511496
0.0502551
0.0537605
0.0643823
0.0734629
0.0812803
0.0888084
0.0967265
0.105307
0.114515
0.124042
0.133292
0.141736
0.14896
0.154871
0.159607
0.163495
0.166854
0.16996
0.172977
0.17595
0.178545
0.180372
0.181386
0.181682
0.181407
0.180611
0.179296
0.177447
0.175061
0.172156
0.168687
0.16464
0.159276
0.153178
0.134697
0.112364
0.111823
0.110984
0.109863
0.108658
0.10728
0.105769
0.104233
0.102701
0.101279
0.10008
0.0991743
0.0990455
0.100346
0.103019
0.106858
0.111677
0.117512
0.124597
0.132796
0.141967
0.151573
0.161113
0.169818
0.17677
0.181545
0.184148
0.184877
0.184141
0.182311
0.179686
0.176474
0.172811
0.168811
0.164579
0.160344
0.156127
0.153833
0.147784
0.112948
0.113211
0.113684
0.113575
0.112732
0.111476
0.10931
0.106611
0.10365
0.100456
0.0971241
0.0938319
0.0907357
0.0879443
0.0855903
0.0837274
0.0823532
0.0814363
0.0808991
0.0806678
0.0806798
0.0809088
0.0813356
0.0820124
0.0829452
0.0840413
0.0853013
0.0876539
0.0917278
0.096881
0.102209
0.10706
0.111094
0.114205
0.116457
0.118166
0.119315
0.122587
0.123738
0.127649
0.127568
0.127346
0.126968
0.126525
0.125933
0.125188
0.124327
0.123305
0.122135
0.120826
0.119366
0.117766
0.116044
0.114223
0.11237
0.110486
0.108668
0.107031
0.10602
0.106091
0.107332
0.109194
0.111139
0.113366
0.115756
0.118817
0.125803
0.133824
0.14141
0.147996
0.15339
0.157598
0.160732
0.162958
0.164483
0.165487
0.166203
0.167043
0.127695
0.127605
0.12752
0.127272
0.126966
0.1265
0.125815
0.124856
0.123636
0.12211
0.120275
0.118176
0.115844
0.113286
0.110576
0.107741
0.104834
0.101893
0.0989655
0.0960685
0.0932302
0.0904574
0.0877883
0.0851677
0.0825732
0.080068
0.0777062
0.0755249
0.0737397
0.0725144
0.0725871
0.0747208
0.0783911
0.08291
0.0878259
0.0928718
0.0977221
0.102941
0.109393
0.132515
0.132448
0.132316
0.132116
0.131872
0.131557
0.131166
0.130712
0.130173
0.129552
0.128847
0.128045
0.127138
0.126123
0.124979
0.123703
0.122271
0.120683
0.118909
0.116868
0.114525
0.111991
0.109362
0.106906
0.104813
0.103129
0.101813
0.101349
0.102053
0.103763
0.109157
0.116611
0.1249
0.133419
0.1418
0.149893
0.157703
0.165459
0.173713
0.132555
0.132528
0.132511
0.13238
0.132201
0.13193
0.13153
0.130993
0.130324
0.129506
0.128527
0.127393
0.126103
0.124648
0.123044
0.121294
0.119409
0.117405
0.115301
0.113107
0.110841
0.108505
0.106097
0.103543
0.100785
0.09786
0.0947987
0.0916264
0.0883572
0.0850397
0.0817852
0.0788336
0.0764231
0.0749149
0.0757601
0.0782413
0.081967
0.0870484
0.0957928
0.134919
0.134876
0.134796
0.134674
0.134523
0.134327
0.134086
0.133807
0.133476
0.133094
0.132659
0.132162
0.131599
0.130964
0.130245
0.129433
0.12851
0.127464
0.126271
0.124904
0.1233
0.121409
0.119187
0.116674
0.114021
0.111326
0.108613
0.10593
0.103596
0.10139
0.0998735
0.0996467
0.10082
0.105945
0.113697
0.123526
0.135092
0.149345
0.167501
0.134939
0.134918
0.134902
0.134811
0.134698
0.134528
0.134279
0.133947
0.133535
0.133036
0.132444
0.131762
0.130988
0.130111
0.12914
0.128066
0.126893
0.12562
0.124256
0.122796
0.121247
0.119603
0.117855
0.115941
0.113806
0.111457
0.108892
0.106121
0.103142
0.0999654
0.0966139
0.0931173
0.0895334
0.0859331
0.0826506
0.0798582
0.0785419
0.0793719
0.0853426
0.136277
0.136244
0.13619
0.136108
0.136007
0.135877
0.135718
0.135531
0.13531
0.135055
0.134763
0.13443
0.134052
0.133625
0.13314
0.132591
0.131965
0.131252
0.130435
0.129498
0.128412
0.127151
0.125677
0.123964
0.122036
0.119907
0.117559
0.11501
0.112308
0.109474
0.106535
0.103681
0.101053
0.0994842
0.0994222
0.103391
0.111459
0.125414
0.150572
0.136291
0.136277
0.136265
0.136198
0.136118
0.136
0.135828
0.1356
0.135322
0.13499
0.134598
0.134151
0.133645
0.133073
0.132439
0.131737
0.130968
0.130129
0.129221
0.128241
0.127189
0.126058
0.124836
0.123478
0.121938
0.12021
0.118282
0.116147
0.113796
0.111221
0.108416
0.105381
0.102118
0.0986244
0.0949273
0.090985
0.0870801
0.0827067
0.0821586
0.137138
0.137112
0.137073
0.137014
0.136941
0.136848
0.136734
0.1366
0.136443
0.136261
0.136055
0.13582
0.135554
0.135252
0.13491
0.134522
0.134078
0.133573
0.132993
0.132326
0.131552
0.130656
0.129619
0.128426
0.127083
0.125579
0.123881
0.121969
0.119821
0.117429
0.114784
0.111897
0.108788
0.105578
0.102423
0.100239
0.100046
0.106
0.129542
0.137148
0.137138
0.137129
0.137077
0.137017
0.13693
0.136804
0.136638
0.136438
0.136202
0.135927
0.135614
0.135263
0.134869
0.134432
0.133951
0.133422
0.132845
0.132219
0.131541
0.130808
0.130014
0.129149
0.128181
0.127075
0.125822
0.124408
0.122818
0.121038
0.119053
0.116847
0.114405
0.111715
0.108756
0.105511
0.101883
0.0978738
0.0926788
0.0859465
0.137724
0.137704
0.137674
0.13763
0.137575
0.137505
0.13742
0.137321
0.137205
0.137072
0.13692
0.136747
0.13655
0.136328
0.136075
0.135787
0.135459
0.135084
0.134653
0.134157
0.133582
0.132917
0.13215
0.131273
0.130292
0.129198
0.127965
0.126569
0.124984
0.123181
0.12113
0.118798
0.116158
0.113189
0.109871
0.10622
0.102677
0.0992951
0.112898
0.137733
0.137726
0.13772
0.137678
0.137631
0.137564
0.137467
0.13734
0.137191
0.137015
0.136812
0.136583
0.136328
0.136042
0.135728
0.135382
0.135002
0.134587
0.134137
0.133648
0.133118
0.132541
0.13191
0.131201
0.13039
0.129466
0.12842
0.127235
0.125898
0.124393
0.1227
0.120799
0.11867
0.116284
0.11361
0.110566
0.107021
0.102684
0.0939827
0.138147
0.13813
0.138106
0.138072
0.138029
0.137975
0.137909
0.137832
0.137742
0.13764
0.137524
0.137392
0.137242
0.137073
0.13688
0.136662
0.136413
0.136129
0.135804
0.135429
0.134996
0.134495
0.133916
0.133254
0.13251
0.131682
0.130749
0.129694
0.128498
0.127132
0.12557
0.123778
0.121717
0.119331
0.116558
0.113225
0.109467
0.103611
0.10573
0.138154
0.13815
0.138146
0.138111
0.138073
0.13802
0.137942
0.137842
0.137726
0.137591
0.137436
0.137263
0.13707
0.136856
0.136622
0.136364
0.136083
0.135775
0.135441
0.135078
0.134683
0.134253
0.13378
0.133249
0.132639
0.131945
0.131157
0.130262
0.129248
0.128099
0.126799
0.125328
0.123662
0.121775
0.119626
0.117155
0.11416
0.110737
0.102511
0.138464
0.138449
0.138431
0.138402
0.138368
0.138325
0.138272
0.138211
0.13814
0.138059
0.137968
0.137865
0.137748
0.137616
0.137467
0.137297
0.137104
0.136882
0.136628
0.136335
0.135998
0.135609
0.135163
0.134653
0.134081
0.133442
0.132721
0.131905
0.130979
0.129923
0.128714
0.127323
0.125715
0.123844
0.121654
0.11895
0.115786
0.110417
0.105682
0.138471
0.138469
0.138465
0.138437
0.138405
0.138361
0.138298
0.138218
0.138125
0.138018
0.137896
0.13776
0.137611
0.137446
0.137267
0.13707
0.136855
0.136621
0.136366
0.136089
0.135788
0.135458
0.135096
0.134687
0.134219
0.133685
0.133079
0.13239
0.131608
0.130721
0.129713
0.128567
0.127264
0.125777
0.124067
0.122086
0.11962
0.116899
0.109906
0.138709
0.138697
0.138681
0.138658
0.138629
0.138594
0.138551
0.138501
0.138444
0.138379
0.138305
0.138222
0.138129
0.138024
0.137905
0.13777
0.137616
0.137441
0.137239
0.137009
0.136742
0.136436
0.136085
0.135684
0.135234
0.134732
0.134165
0.133523
0.132794
0.131961
0.131008
0.129911
0.128642
0.127159
0.125417
0.123273
0.120691
0.116703
0.10965
0.138716
0.138716
0.138713
0.138689
0.138662
0.138626
0.138573
0.138507
0.138431
0.138344
0.138246
0.138138
0.138019
0.137889
0.137748
0.137594
0.137427
0.137245
0.137046
0.136831
0.136596
0.136339
0.136055
0.135735
0.135369
0.134951
0.134477
0.133937
0.133325
0.132629
0.131837
0.130935
0.129906
0.128727
0.127364
0.125779
0.123774
0.121592
0.11587
0.138904
0.138893
0.13888
0.138861
0.138837
0.138807
0.138771
0.13873
0.138683
0.138629
0.138569
0.138501
0.138425
0.13834
0.138244
0.138135
0.138011
0.137869
0.137707
0.137521
0.137306
0.13706
0.136779
0.136459
0.1361
0.1357
0.135248
0.134736
0.134153
0.133488
0.132725
0.131848
0.130832
0.129644
0.128243
0.126533
0.124384
0.121561
0.114674
0.138911
0.138912
0.13891
0.13889
0.138867
0.138836
0.138791
0.138735
0.138672
0.1386
0.13852
0.138432
0.138336
0.138232
0.138119
0.137996
0.137863
0.137718
0.137562
0.137391
0.137205
0.137
0.136774
0.136519
0.136228
0.135896
0.135518
0.13509
0.134603
0.134049
0.133418
0.1327
0.131879
0.130936
0.129842
0.128568
0.126944
0.125185
0.120568
0.139062
0.139053
0.139042
0.139025
0.139004
0.138979
0.138949
0.138914
0.138874
0.13883
0.13878
0.138724
0.138661
0.138591
0.138511
0.138422
0.13832
0.138204
0.138072
0.137919
0.137745
0.137544
0.137316
0.137056
0.136767
0.136443
0.136078
0.135664
0.135193
0.134655
0.134038
0.133328
0.132505
0.131543
0.130405
0.129029
0.127233
0.125148
0.119305
0.139069
0.139071
0.13907
0.139053
0.139033
0.139006
0.138967
0.13892
0.138867
0.138806
0.138739
0.138666
0.138587
0.138502
0.13841
0.138311
0.138204
0.138087
0.137961
0.137824
0.137674
0.137509
0.137327
0.137121
0.136885
0.136617
0.136313
0.135968
0.135576
0.13513
0.134622
0.134043
0.13338
0.132619
0.131734
0.130702
0.129382
0.127956
0.12425
0.139193
0.139184
0.139175
0.13916
0.139142
0.139121
0.139095
0.139065
0.139032
0.138994
0.138952
0.138904
0.138852
0.138793
0.138727
0.138653
0.138568
0.138472
0.138362
0.138237
0.138092
0.137927
0.137739
0.137526
0.137289
0.137024
0.136725
0.136387
0.136002
0.135563
0.135059
0.134478
0.133805
0.133019
0.132086
0.130966
0.129475
0.127833
0.123119
0.139199
0.139203
0.139202
0.139187
0.13917
0.139146
0.139112
0.139072
0.139026
0.138975
0.138918
0.138857
0.138791
0.13872
0.138644
0.138563
0.138475
0.13838
0.138277
0.138165
0.138043
0.137909
0.13776
0.137591
0.137399
0.13718
0.136932
0.136651
0.136331
0.135968
0.135554
0.135083
0.134543
0.133922
0.1332
0.132358
0.131278
0.130115
0.127141
0.139302
0.139294
0.139286
0.139273
0.139258
0.139239
0.139217
0.139191
0.139163
0.13913
0.139094
0.139054
0.139009
0.13896
0.138904
0.138841
0.13877
0.13869
0.138598
0.138493
0.138373
0.138235
0.138079
0.137902
0.137706
0.137487
0.13724
0.136961
0.136643
0.136281
0.135865
0.135386
0.134831
0.134183
0.133412
0.13249
0.131256
0.129912
0.126149
0.139309
0.139313
0.139313
0.1393
0.139284
0.139264
0.139234
0.139199
0.139159
0.139114
0.139066
0.139014
0.138958
0.138899
0.138836
0.138768
0.138695
0.138617
0.138532
0.13844
0.13834
0.138229
0.138106
0.137966
0.137807
0.137627
0.137422
0.137191
0.136928
0.136629
0.136289
0.135901
0.135457
0.134947
0.134353
0.133659
0.132771
0.131814
0.129423
0.139395
0.139388
0.139381
0.139369
0.139356
0.139339
0.13932
0.139298
0.139273
0.139245
0.139214
0.139179
0.139141
0.139099
0.139051
0.138998
0.138938
0.13887
0.138792
0.138704
0.138602
0.138487
0.138355
0.138208
0.138044
0.137861
0.137655
0.137422
0.137158
0.136856
0.13651
0.136112
0.135651
0.135112
0.134472
0.133706
0.132683
0.131564
0.128547
0.139401
0.139406
0.139407
0.139396
0.139382
0.139364
0.139337
0.139306
0.139271
0.139232
0.13919
0.139145
0.139098
0.139047
0.138994
0.138937
0.138876
0.138811
0.138741
0.138664
0.138581
0.138489
0.138386
0.13827
0.138137
0.137987
0.137817
0.137624
0.137406
0.137158
0.136875
0.136554
0.136186
0.135763
0.13527
0.134696
0.13396
0.133167
0.131237
0.139474
0.139468
0.139462
0.139451
0.139439
0.139425
0.139408
0.139389
0.139367
0.139343
0.139316
0.139286
0.139253
0.139216
0.139176
0.13913
0.139078
0.13902
0.138954
0.138879
0.138793
0.138695
0.138584
0.138459
0.138321
0.138167
0.137994
0.137799
0.137577
0.137324
0.137034
0.136701
0.136314
0.135863
0.135328
0.134687
0.133835
0.132896
0.13046
0.139481
0.139486
0.139488
0.139478
0.139465
0.139449
0.139425
0.139397
0.139366
0.139332
0.139295
0.139256
0.139215
0.139172
0.139127
0.139078
0.139027
0.138972
0.138913
0.138849
0.138779
0.138702
0.138616
0.138518
0.138407
0.138281
0.138138
0.137976
0.137794
0.137586
0.13735
0.137082
0.136774
0.136421
0.13601
0.13553
0.134918
0.134257
0.132691
0.139543
0.139537
0.139532
0.139522
0.139512
0.1395
0.139485
0.139468
0.139448
0.139427
0.139403
0.139377
0.139349
0.139317
0.139282
0.139242
0.139198
0.139148
0.139091
0.139027
0.138953
0.13887
0.138775
0.138669
0.138552
0.138422
0.138275
0.13811
0.137922
0.137708
0.137464
0.137183
0.136857
0.136477
0.136026
0.135487
0.134774
0.133983
0.132002
0.139549
0.139556
0.139558
0.139549
0.139538
0.139523
0.139501
0.139476
0.139448
0.139418
0.139385
0.139351
0.139315
0.139278
0.139239
0.139198
0.139154
0.139108
0.139058
0.139004
0.138945
0.13888
0.138807
0.138724
0.13863
0.138523
0.138403
0.138266
0.138112
0.137937
0.137739
0.137513
0.137255
0.136958
0.136613
0.13621
0.135697
0.135143
0.133866
0.139603
0.139598
0.139593
0.139585
0.139576
0.139564
0.139551
0.139536
0.139519
0.1395
0.13948
0.139457
0.139432
0.139404
0.139374
0.139339
0.139301
0.139257
0.139208
0.139153
0.139089
0.139018
0.138937
0.138846
0.138746
0.138635
0.13851
0.138369
0.138209
0.138028
0.13782
0.137581
0.137305
0.136984
0.136602
0.136146
0.135546
0.134877
0.133257
0.139609
0.139616
0.139619
0.139611
0.139601
0.139587
0.139567
0.139544
0.139519
0.139492
0.139463
0.139432
0.139401
0.139369
0.139335
0.1393
0.139262
0.139223
0.13918
0.139134
0.139084
0.139029
0.138967
0.138897
0.138817
0.138726
0.138623
0.138507
0.138377
0.138228
0.13806
0.137869
0.137651
0.1374
0.137108
0.136768
0.136337
0.135869
0.134824
0.139655
0.139651
0.139646
0.139639
0.139631
0.139621
0.13961
0.139596
0.139581
0.139565
0.139547
0.139527
0.139505
0.13948
0.139453
0.139423
0.13939
0.139352
0.139309
0.139261
0.139206
0.139144
0.139075
0.138997
0.138911
0.138815
0.138708
0.138588
0.138451
0.138296
0.138118
0.137915
0.137679
0.137405
0.137081
0.136693
0.136185
0.135618
0.134287
0.139662
0.139669
0.139672
0.139665
0.139656
0.139643
0.139625
0.139604
0.139581
0.139556
0.13953
0.139503
0.139476
0.139447
0.139418
0.139387
0.139355
0.139321
0.139284
0.139245
0.139202
0.139155
0.139102
0.139042
0.138974
0.138896
0.138808
0.138709
0.138598
0.138471
0.138328
0.138166
0.13798
0.137767
0.137519
0.13723
0.136866
0.13647
0.13561
0.139702
0.139698
0.139694
0.139688
0.139681
0.139672
0.139661
0.13965
0.139637
0.139622
0.139606
0.139588
0.139569
0.139547
0.139524
0.139497
0.139468
0.139435
0.139397
0.139355
0.139307
0.139254
0.139193
0.139126
0.139052
0.13897
0.138877
0.138773
0.138656
0.138522
0.13837
0.138195
0.137994
0.137759
0.137482
0.13715
0.13672
0.136235
0.135138
0.139709
0.139716
0.13972
0.139713
0.139705
0.139693
0.139676
0.139656
0.139635
0.139613
0.139589
0.139565
0.139541
0.139516
0.13949
0.139463
0.139435
0.139406
0.139374
0.139341
0.139304
0.139263
0.139218
0.139166
0.139108
0.139041
0.138965
0.13888
0.138785
0.138676
0.138554
0.138415
0.138256
0.138074
0.137863
0.137616
0.137307
0.13697
0.13626
0.139744
0.13974
0.139737
0.139731
0.139725
0.139717
0.139708
0.139697
0.139686
0.139673
0.139659
0.139643
0.139626
0.139607
0.139586
0.139563
0.139537
0.139507
0.139475
0.139438
0.139396
0.139349
0.139296
0.139238
0.139174
0.139102
0.139022
0.138932
0.138831
0.138716
0.138584
0.138434
0.13826
0.138059
0.13782
0.137536
0.137169
0.136754
0.135846
0.13975
0.139758
0.139762
0.139756
0.139748
0.139737
0.139721
0.139703
0.139683
0.139663
0.139642
0.13962
0.139598
0.139576
0.139553
0.13953
0.139505
0.13948
0.139452
0.139423
0.139391
0.139356
0.139317
0.139273
0.139222
0.139164
0.139099
0.139026
0.138944
0.13885
0.138745
0.138625
0.138489
0.138333
0.138152
0.137941
0.137678
0.13739
0.136801
0.139781
0.139778
0.139775
0.13977
0.139764
0.139757
0.139749
0.13974
0.13973
0.139718
0.139706
0.139692
0.139677
0.13966
0.139641
0.139621
0.139598
0.139572
0.139543
0.13951
0.139474
0.139432
0.139386
0.139335
0.139279
0.139217
0.139148
0.13907
0.138981
0.138882
0.138768
0.138638
0.138488
0.138314
0.138109
0.137864
0.13755
0.137193
0.136442
0.139787
0.139795
0.139799
0.139794
0.139787
0.139776
0.139761
0.139744
0.139726
0.139707
0.139688
0.139669
0.139649
0.139629
0.139609
0.139588
0.139567
0.139544
0.139521
0.139495
0.139468
0.139437
0.139404
0.139365
0.139321
0.139271
0.139215
0.139151
0.13908
0.138999
0.138908
0.138805
0.138687
0.138553
0.138397
0.138216
0.137991
0.137744
0.137254
0.139814
0.139812
0.139809
0.139805
0.1398
0.139793
0.139786
0.139778
0.139769
0.139759
0.139748
0.139736
0.139723
0.139708
0.139691
0.139673
0.139653
0.13963
0.139604
0.139575
0.139542
0.139506
0.139465
0.13942
0.139372
0.139317
0.139257
0.139189
0.139112
0.139025
0.138926
0.138813
0.138683
0.138533
0.138355
0.138144
0.137874
0.137564
0.136962
0.13982
0.139829
0.139833
0.139829
0.139821
0.139811
0.139796
0.13978
0.139764
0.139747
0.139729
0.139712
0.139694
0.139677
0.139659
0.13964
0.139621
0.139602
0.139581
0.139559
0.139535
0.139508
0.139479
0.139445
0.139407
0.139363
0.139315
0.13926
0.139197
0.139127
0.139048
0.138959
0.138857
0.138741
0.138606
0.13845
0.138257
0.138045
0.137635
0.139845
0.139843
0.13984
0.139836
0.139832
0.139826
0.13982
0.139813
0.139805
0.139797
0.139787
0.139776
0.139764
0.139751
0.139736
0.13972
0.139702
0.139681
0.139658
0.139632
0.139603
0.139571
0.139535
0.139495
0.139453
0.139405
0.139352
0.139292
0.139225
0.139149
0.139063
0.138965
0.138852
0.138721
0.138567
0.138384
0.138153
0.137879
0.137404
0.13985
0.139859
0.139864
0.139859
0.139852
0.139842
0.139828
0.139813
0.139798
0.139782
0.139766
0.139751
0.139735
0.139719
0.139703
0.139687
0.13967
0.139652
0.139634
0.139614
0.139593
0.13957
0.139544
0.139515
0.139481
0.139444
0.139401
0.139353
0.139299
0.139238
0.139169
0.139091
0.139003
0.138902
0.138786
0.138651
0.138484
0.138302
0.137957
0.139872
0.13987
0.139867
0.139865
0.139861
0.139856
0.13985
0.139844
0.139838
0.139831
0.139822
0.139813
0.139802
0.13979
0.139777
0.139762
0.139746
0.139727
0.139706
0.139683
0.139657
0.139628
0.139597
0.139562
0.139524
0.139482
0.139435
0.139383
0.139324
0.139258
0.139183
0.139097
0.138998
0.138884
0.138751
0.138591
0.138393
0.138151
0.137773
0.139877
0.139886
0.139891
0.139887
0.13988
0.13987
0.139857
0.139843
0.139829
0.139814
0.1398
0.139786
0.139771
0.139757
0.139742
0.139728
0.139713
0.139697
0.139681
0.139664
0.139645
0.139625
0.139602
0.139577
0.139547
0.139514
0.139477
0.139435
0.139388
0.139334
0.139274
0.139206
0.139129
0.139041
0.13894
0.138823
0.13868
0.138521
0.138232
0.139897
0.139896
0.139893
0.139891
0.139887
0.139883
0.139878
0.139873
0.139868
0.139862
0.139855
0.139846
0.139837
0.139826
0.139814
0.1398
0.139785
0.139768
0.13975
0.139729
0.139706
0.13968
0.139651
0.139621
0.139587
0.13955
0.139509
0.139463
0.139411
0.139353
0.139287
0.139212
0.139126
0.139026
0.13891
0.138771
0.138601
0.138386
0.138082
0.139902
0.139911
0.139916
0.139912
0.139905
0.139895
0.139883
0.13987
0.139857
0.139844
0.13983
0.139817
0.139804
0.139791
0.139778
0.139765
0.139751
0.139738
0.139723
0.139708
0.139691
0.139674
0.139654
0.139631
0.139605
0.139576
0.139543
0.139506
0.139465
0.139418
0.139366
0.139306
0.139239
0.139162
0.139074
0.138972
0.138848
0.138711
0.138467
0.13992
0.139919
0.139916
0.139914
0.139911
0.139907
0.139904
0.1399
0.139896
0.13989
0.139884
0.139876
0.139868
0.139858
0.139847
0.139835
0.139821
0.139806
0.139789
0.13977
0.139749
0.139726
0.139701
0.139673
0.139643
0.139611
0.139574
0.139534
0.139488
0.139437
0.139379
0.139313
0.139237
0.13915
0.139049
0.138927
0.138781
0.138592
0.138342
0.139924
0.139933
0.139939
0.139935
0.139927
0.139918
0.139907
0.139894
0.139882
0.13987
0.139858
0.139846
0.139834
0.139822
0.13981
0.139798
0.139786
0.139773
0.139761
0.139747
0.139732
0.139717
0.139699
0.139679
0.139656
0.13963
0.139601
0.139569
0.139533
0.139492
0.139446
0.139393
0.139334
0.139267
0.13919
0.139101
0.138994
0.138874
0.138668
0.139941
0.13994
0.139937
0.139936
0.139933
0.13993
0.139928
0.139925
0.139921
0.139916
0.139911
0.139904
0.139896
0.139887
0.139877
0.139866
0.139854
0.13984
0.139825
0.139808
0.139789
0.139768
0.139745
0.139721
0.139694
0.139665
0.139633
0.139597
0.139556
0.139511
0.13946
0.139402
0.139335
0.139259
0.13917
0.139064
0.138937
0.138771
0.138565
0.139944
0.139954
0.13996
0.139956
0.139948
0.139938
0.139928
0.139917
0.139906
0.139894
0.139883
0.139872
0.13986
0.139849
0.139838
0.139828
0.139817
0.139805
0.139794
0.139782
0.139769
0.139755
0.139739
0.139721
0.139701
0.139678
0.139652
0.139624
0.139592
0.139556
0.139516
0.13947
0.139418
0.139359
0.139292
0.139214
0.13912
0.139016
0.138841
0.13996
0.139959
0.139957
0.139955
0.139953
0.139952
0.13995
0.139948
0.139945
0.13994
0.139935
0.139929
0.139922
0.139914
0.139905
0.139895
0.139884
0.139871
0.139858
0.139842
0.139825
0.139807
0.139786
0.139764
0.13974
0.139714
0.139686
0.139653
0.139617
0.139577
0.139532
0.13948
0.139422
0.139355
0.139277
0.139184
0.139074
0.138928
0.138756
0.139963
0.139973
0.139979
0.139974
0.139966
0.139957
0.139947
0.139937
0.139927
0.139916
0.139906
0.139895
0.139885
0.139874
0.139864
0.139854
0.139844
0.139834
0.139824
0.139813
0.139801
0.139789
0.139775
0.139759
0.139741
0.13972
0.139698
0.139673
0.139645
0.139613
0.139578
0.139537
0.139492
0.13944
0.13938
0.139312
0.139231
0.139139
0.138991
0.139978
0.139977
0.139975
0.139973
0.139972
0.139971
0.139971
0.139969
0.139966
0.139962
0.139957
0.139952
0.139945
0.139938
0.13993
0.139921
0.139912
0.139901
0.139888
0.139874
0.139859
0.139842
0.139824
0.139804
0.139783
0.13976
0.139734
0.139705
0.139673
0.139637
0.139597
0.139551
0.139499
0.13944
0.139371
0.139289
0.139194
0.139066
0.138922
0.13998
0.13999
0.139996
0.139991
0.139983
0.139974
0.139965
0.139956
0.139946
0.139936
0.139926
0.139916
0.139906
0.139897
0.139887
0.139878
0.139869
0.13986
0.139851
0.139841
0.139831
0.139819
0.139807
0.139793
0.139776
0.139758
0.139738
0.139716
0.139691
0.139664
0.139632
0.139597
0.139557
0.139511
0.139459
0.139399
0.139327
0.139247
0.13912
0.139994
0.139994
0.139991
0.13999
0.13999
0.13999
0.13999
0.139988
0.139986
0.139982
0.139978
0.139973
0.139967
0.139961
0.139954
0.139946
0.139937
0.139927
0.139916
0.139904
0.13989
0.139875
0.139859
0.139841
0.139822
0.139801
0.139778
0.139753
0.139724
0.139692
0.139656
0.139615
0.139569
0.139516
0.139455
0.139383
0.139301
0.139188
0.139067
0.139996
0.140006
0.140012
0.140007
0.139998
0.13999
0.139982
0.139973
0.139964
0.139955
0.139945
0.139935
0.139926
0.139917
0.139908
0.1399
0.139892
0.139883
0.139875
0.139866
0.139857
0.139847
0.139836
0.139823
0.139808
0.139792
0.139775
0.139755
0.139733
0.139708
0.139681
0.13965
0.139614
0.139574
0.139528
0.139475
0.139412
0.139342
0.139233
0.140009
0.140009
0.140006
0.140005
0.140006
0.140007
0.140007
0.140006
0.140004
0.14
0.139997
0.139993
0.139988
0.139982
0.139976
0.139969
0.139961
0.139952
0.139942
0.139931
0.139919
0.139905
0.13989
0.139874
0.139857
0.139839
0.139818
0.139795
0.13977
0.139741
0.139709
0.139673
0.139632
0.139585
0.139531
0.139466
0.139399
0.139299
0.139195
0.14001
0.14002
0.140027
0.140021
0.140012
0.140004
0.139997
0.139989
0.13998
0.139971
0.139962
0.139952
0.139944
0.139935
0.139927
0.13992
0.139912
0.139905
0.139897
0.139889
0.139881
0.139872
0.139862
0.13985
0.139837
0.139823
0.139807
0.13979
0.13977
0.139748
0.139724
0.139697
0.139665
0.13963
0.139589
0.139542
0.139487
0.139425
0.139331
0.140023
0.140022
0.14002
0.14002
0.140022
0.140023
0.140023
0.140022
0.14002
0.140018
0.140015
0.140011
0.140007
0.140002
0.139997
0.139991
0.139984
0.139975
0.139966
0.139956
0.139945
0.139933
0.139919
0.139905
0.13989
0.139873
0.139855
0.139834
0.139812
0.139786
0.139757
0.139725
0.139689
0.139647
0.139599
0.13954
0.139487
0.139399
0.139309
0.140023
0.140034
0.14004
0.140033
0.140025
0.140018
0.140011
0.140003
0.139995
0.139986
0.139976
0.139968
0.139959
0.139952
0.139944
0.139937
0.13993
0.139924
0.139917
0.13991
0.139902
0.139894
0.139885
0.139875
0.139863
0.13985
0.139836
0.139821
0.139803
0.139784
0.139763
0.139738
0.139711
0.139679
0.139643
0.139602
0.139554
0.139499
0.139417
0.140036
0.140035
0.140032
0.140034
0.140037
0.140038
0.140038
0.140037
0.140036
0.140034
0.140032
0.140029
0.140025
0.140021
0.140016
0.140011
0.140004
0.139997
0.139989
0.139979
0.139969
0.139958
0.139946
0.139933
0.139919
0.139905
0.139888
0.13987
0.139849
0.139827
0.139801
0.139772
0.13974
0.139703
0.139661
0.139608
0.139565
0.139488
0.139412
0.140035
0.140046
0.140053
0.140045
0.140036
0.14003
0.140024
0.140016
0.140008
0.139999
0.13999
0.139982
0.139974
0.139967
0.13996
0.139953
0.139947
0.139941
0.139935
0.139928
0.139922
0.139914
0.139906
0.139897
0.139887
0.139875
0.139863
0.139849
0.139834
0.139816
0.139797
0.139776
0.139752
0.139724
0.139692
0.139655
0.139613
0.139564
0.139493
0.140048
0.140046
0.140044
0.140047
0.14005
0.140052
0.140052
0.140051
0.140051
0.140049
0.140048
0.140045
0.140042
0.140038
0.140034
0.140029
0.140023
0.140016
0.140009
0.140001
0.139991
0.139981
0.13997
0.139959
0.139946
0.139933
0.139918
0.139902
0.139884
0.139864
0.139841
0.139815
0.139786
0.139753
0.139716
0.139669
0.139633
0.139567
0.139502
0.140046
0.140057
0.140064
0.140055
0.140047
0.140042
0.140036
0.140028
0.140019
0.14001
0.140002
0.139994
0.139987
0.13998
0.139974
0.139968
0.139963
0.139957
0.139951
0.139946
0.13994
0.139933
0.139926
0.139918
0.139908
0.139898
0.139887
0.139875
0.139861
0.139846
0.139829
0.13981
0.139788
0.139764
0.139736
0.139703
0.139665
0.139623
0.13956
0.140059
0.140057
0.140055
0.140059
0.140063
0.140064
0.140064
0.140065
0.140065
0.140064
0.140063
0.140061
0.140058
0.140055
0.140051
0.140046
0.140041
0.140035
0.140028
0.14002
0.140012
0.140003
0.139993
0.139982
0.139971
0.139959
0.139946
0.139932
0.139915
0.139897
0.139877
0.139854
0.139828
0.139799
0.139766
0.139725
0.139695
0.139637
0.139582
0.140057
0.140068
0.140074
0.140064
0.140057
0.140052
0.140046
0.140038
0.140029
0.140021
0.140013
0.140005
0.139999
0.139993
0.139987
0.139982
0.139977
0.139972
0.139967
0.139962
0.139956
0.13995
0.139944
0.139936
0.139928
0.139919
0.139909
0.139898
0.139886
0.139872
0.139857
0.13984
0.139821
0.139799
0.139775
0.139746
0.139712
0.139675
0.13962
0.140069
0.140066
0.140065
0.140072
0.140075
0.140075
0.140076
0.140077
0.140078
0.140078
0.140077
0.140075
0.140072
0.140069
0.140066
0.140062
0.140057
0.140052
0.140045
0.140039
0.140031
0.140023
0.140014
0.140004
0.139995
0.139984
0.139972
0.139959
0.139944
0.139928
0.13991
0.139889
0.139866
0.13984
0.139812
0.139778
0.139752
0.1397
0.139653
0.140066
0.140077
0.140084
0.140072
0.140066
0.140062
0.140056
0.140047
0.140039
0.14003
0.140023
0.140016
0.14001
0.140004
0.139999
0.139995
0.13999
0.139985
0.139981
0.139976
0.139971
0.139966
0.13996
0.139954
0.139946
0.139938
0.139929
0.139919
0.139908
0.139896
0.139883
0.139868
0.139851
0.139832
0.13981
0.139785
0.139755
0.139721
0.139673
0.140078
0.140075
0.140074
0.140083
0.140085
0.140085
0.140088
0.140089
0.14009
0.14009
0.140089
0.140088
0.140086
0.140083
0.14008
0.140076
0.140072
0.140068
0.140062
0.140056
0.140049
0.140042
0.140034
0.140025
0.140016
0.140007
0.139996
0.139984
0.139971
0.139956
0.13994
0.139921
0.139901
0.139878
0.139855
0.139827
0.139805
0.139758
0.139717
0.140075
0.140086
0.14009
0.14008
0.140075
0.140071
0.140064
0.140055
0.140047
0.140039
0.140032
0.140026
0.14002
0.140015
0.140011
0.140006
0.140002
0.139998
0.139994
0.13999
0.139985
0.139981
0.139975
0.139969
0.139963
0.139955
0.139947
0.139938
0.139928
0.139917
0.139905
0.139892
0.139877
0.13986
0.139841
0.139819
0.139793
0.139763
0.13972
0.140086
0.140083
0.140083
0.140093
0.140094
0.140095
0.140098
0.140099
0.1401
0.140101
0.1401
0.140099
0.140098
0.140096
0.140093
0.14009
0.140087
0.140083
0.140078
0.140073
0.140067
0.14006
0.140053
0.140046
0.140038
0.140029
0.140019
0.140008
0.139996
0.139983
0.139968
0.139951
0.139933
0.139914
0.139895
0.139872
0.139853
0.139811
0.139775
0.140083
0.140092
0.140095
0.140087
0.140083
0.140079
0.140071
0.140062
0.140054
0.140047
0.140041
0.140035
0.14003
0.140026
0.140021
0.140017
0.140014
0.14001
0.140006
0.140002
0.139998
0.139994
0.139989
0.139984
0.139977
0.139971
0.139963
0.139955
0.139947
0.139937
0.139926
0.139914
0.139901
0.139886
0.139869
0.13985
0.139827
0.139801
0.139763
0.140094
0.14009
0.140092
0.140099
0.140101
0.140102
0.140105
0.140106
0.140107
0.140108
0.140108
0.140108
0.140107
0.140106
0.140105
0.140103
0.1401
0.140097
0.140094
0.14009
0.140085
0.14008
0.140075
0.140068
0.140061
0.140053
0.140044
0.140034
0.140022
0.14001
0.139996
0.139981
0.139965
0.139949
0.139933
0.139913
0.139898
0.13986
0.139829
0.14009
0.140097
0.140098
0.140092
0.140089
0.140085
0.140077
0.140069
0.140061
0.140055
0.140049
0.140044
0.140039
0.140035
0.140031
0.140028
0.140024
0.140021
0.140017
0.140014
0.14001
0.140006
0.140002
0.139997
0.139992
0.139986
0.139979
0.139972
0.139964
0.139956
0.139946
0.139936
0.139924
0.13991
0.139895
0.139878
0.139857
0.139835
0.139801
0.140099
0.140096
0.140099
0.140104
0.140105
0.140107
0.140109
0.14011
0.140111
0.140112
0.140113
0.140113
0.140113
0.140113
0.140112
0.140111
0.14011
0.140109
0.140107
0.140105
0.140102
0.1401
0.140096
0.140093
0.140089
0.140083
0.140075
0.140066
0.140055
0.140044
0.140031
0.140017
0.140003
0.139988
0.139972
0.139954
0.139939
0.139906
0.139878
0.140096
0.140099
0.1401
0.140095
0.140092
0.140089
0.140082
0.140074
0.140067
0.140062
0.140057
0.140052
0.140048
0.140044
0.14004
0.140037
0.140034
0.140031
0.140028
0.140025
0.140021
0.140018
0.140015
0.140011
0.140007
0.140002
0.139997
0.13999
0.139984
0.139976
0.139967
0.139958
0.139947
0.139934
0.139921
0.139905
0.139886
0.139866
0.139836
0.140101
0.140101
0.140103
0.140106
0.140108
0.14011
0.140112
0.140113
0.140114
0.140115
0.140116
0.140116
0.140117
0.140117
0.140117
0.140116
0.140116
0.140115
0.140115
0.140114
0.140112
0.140111
0.140109
0.140107
0.140105
0.140102
0.140098
0.140093
0.140086
0.140079
0.140069
0.140058
0.140046
0.140031
0.140016
0.139998
0.139982
0.13995
0.139924
0.140099
0.140101
0.140101
0.140097
0.140094
0.140091
0.140086
0.140079
0.140073
0.140068
0.140064
0.140059
0.140055
0.140052
0.140049
0.140046
0.140043
0.140041
0.140038
0.140036
0.140034
0.140032
0.14003
0.140028
0.140025
0.140021
0.140016
0.140011
0.140005
0.139998
0.139991
0.139982
0.139972
0.13996
0.139948
0.139933
0.139915
0.139897
0.13987
0.140103
0.140103
0.140105
0.140108
0.14011
0.140112
0.140113
0.140115
0.140116
0.140117
0.140118
0.140119
0.140119
0.14012
0.14012
0.14012
0.14012
0.14012
0.140119
0.140119
0.140118
0.140118
0.140117
0.140116
0.140115
0.140113
0.140111
0.140108
0.140105
0.140101
0.140096
0.14009
0.140082
0.140071
0.140059
0.140043
0.140028
0.139997
0.139971
0.140101
0.140102
0.140102
0.140098
0.140095
0.140092
0.140088
0.140083
0.140078
0.140074
0.14007
0.140066
0.140062
0.14006
0.140057
0.140055
0.140053
0.140051
0.140049
0.140048
0.140047
0.140045
0.140044
0.140043
0.140041
0.140038
0.140035
0.140031
0.140026
0.140021
0.140015
0.140008
0.139999
0.139989
0.139977
0.139963
0.139946
0.139928
0.139903
0.140104
0.140105
0.140107
0.140109
0.140111
0.140113
0.140115
0.140116
0.140118
0.140119
0.14012
0.14012
0.140121
0.140121
0.140122
0.140122
0.140122
0.140123
0.140123
0.140122
0.140122
0.140122
0.140122
0.140121
0.140121
0.14012
0.140119
0.140117
0.140115
0.140113
0.140111
0.140108
0.140104
0.140098
0.140091
0.14008
0.140069
0.140045
0.14002
0.140102
0.140102
0.140102
0.140099
0.140095
0.140092
0.140088
0.140084
0.140081
0.140078
0.140074
0.140071
0.140068
0.140066
0.140064
0.140063
0.140061
0.14006
0.140059
0.140057
0.140056
0.140055
0.140054
0.140053
0.140052
0.14005
0.140047
0.140044
0.140041
0.140038
0.140033
0.140028
0.140022
0.140014
0.140004
0.139992
0.139977
0.139961
0.139938
0.140105
0.140106
0.140107
0.14011
0.140112
0.140114
0.140116
0.140117
0.140119
0.14012
0.140121
0.140121
0.140122
0.140123
0.140123
0.140124
0.140124
0.140125
0.140125
0.140125
0.140125
0.140125
0.140125
0.140125
0.140125
0.140124
0.140124
0.140123
0.140122
0.140121
0.14012
0.140118
0.140116
0.140113
0.14011
0.140105
0.140099
0.140084
0.140065
0.140103
0.140103
0.140102
0.140099
0.140095
0.140092
0.140089
0.140085
0.140082
0.140079
0.140076
0.140073
0.140071
0.140069
0.140068
0.140066
0.140065
0.140064
0.140063
0.140062
0.140061
0.14006
0.140059
0.140058
0.140057
0.140055
0.140053
0.140051
0.140049
0.140046
0.140044
0.14004
0.140036
0.140031
0.140025
0.140016
0.140004
0.13999
0.139972
0.140105
0.140106
0.140108
0.140111
0.140113
0.140114
0.140116
0.140118
0.140119
0.14012
0.140121
0.140122
0.140123
0.140124
0.140124
0.140125
0.140125
0.140126
0.140126
0.140127
0.140127
0.140127
0.140128
0.140128
0.140128
0.140128
0.140128
0.140127
0.140127
0.140126
0.140126
0.140125
0.140124
0.140122
0.140121
0.140118
0.140116
0.140108
0.140099
0.140103
0.140103
0.140101
0.140098
0.140095
0.140091
0.140088
0.140085
0.140082
0.140079
0.140076
0.140074
0.140072
0.14007
0.140069
0.140067
0.140066
0.140065
0.140064
0.140063
0.140062
0.140062
0.140061
0.14006
0.140059
0.140057
0.140056
0.140054
0.140053
0.140051
0.140049
0.140047
0.140044
0.140041
0.140037
0.140032
0.140024
0.140013
0.14
0.140105
0.140106
0.140108
0.140111
0.140113
0.140115
0.140116
0.140118
0.140119
0.14012
0.140121
0.140122
0.140123
0.140124
0.140125
0.140125
0.140126
0.140127
0.140127
0.140128
0.140128
0.140129
0.140129
0.14013
0.14013
0.14013
0.14013
0.14013
0.14013
0.14013
0.14013
0.140129
0.140129
0.140128
0.140127
0.140126
0.140126
0.140122
0.140119
0.140103
0.140102
0.140101
0.140097
0.140094
0.140091
0.140087
0.140084
0.140081
0.140078
0.140075
0.140073
0.140071
0.140069
0.140068
0.140067
0.140066
0.140065
0.140064
0.140063
0.140062
0.140061
0.140061
0.14006
0.140059
0.140058
0.140057
0.140055
0.140054
0.140053
0.140051
0.14005
0.140048
0.140046
0.140043
0.14004
0.140036
0.140029
0.140021
0.140104
0.140106
0.140108
0.140111
0.140113
0.140115
0.140116
0.140118
0.140119
0.14012
0.140121
0.140122
0.140123
0.140124
0.140125
0.140125
0.140126
0.140127
0.140128
0.140128
0.140129
0.14013
0.14013
0.140131
0.140131
0.140132
0.140132
0.140132
0.140133
0.140133
0.140133
0.140133
0.140133
0.140133
0.140133
0.140132
0.140132
0.14013
0.14013
0.140102
0.140102
0.1401
0.140097
0.140093
0.14009
0.140086
0.140083
0.14008
0.140077
0.140074
0.140071
0.14007
0.140068
0.140066
0.140065
0.140064
0.140063
0.140063
0.140062
0.140061
0.14006
0.14006
0.140059
0.140058
0.140057
0.140056
0.140055
0.140054
0.140053
0.140052
0.140051
0.14005
0.140048
0.140046
0.140044
0.140042
0.140037
0.140033
0.140104
0.140106
0.140108
0.14011
0.140112
0.140114
0.140116
0.140118
0.140119
0.14012
0.140121
0.140122
0.140123
0.140124
0.140124
0.140125
0.140126
0.140127
0.140127
0.140128
0.140129
0.14013
0.140131
0.140131
0.140132
0.140133
0.140133
0.140134
0.140134
0.140135
0.140135
0.140135
0.140136
0.140136
0.140136
0.140136
0.140137
0.140135
0.140137
0.140102
0.140101
0.140099
0.140095
0.140092
0.140088
0.140085
0.140081
0.140078
0.140075
0.140072
0.140069
0.140067
0.140066
0.140064
0.140063
0.140062
0.140061
0.14006
0.14006
0.140059
0.140058
0.140058
0.140057
0.140056
0.140055
0.140055
0.140054
0.140053
0.140052
0.140052
0.140051
0.14005
0.140049
0.140048
0.140046
0.140045
0.140042
0.14004
0.140103
0.140105
0.140107
0.14011
0.140112
0.140114
0.140115
0.140117
0.140118
0.140119
0.14012
0.140121
0.140122
0.140123
0.140124
0.140124
0.140125
0.140126
0.140127
0.140128
0.140129
0.14013
0.14013
0.140131
0.140132
0.140133
0.140134
0.140134
0.140135
0.140136
0.140136
0.140137
0.140138
0.140138
0.140139
0.140139
0.14014
0.140139
0.140142
0.140101
0.1401
0.140098
0.140094
0.14009
0.140087
0.140083
0.140079
0.140075
0.140072
0.140069
0.140066
0.140064
0.140063
0.140061
0.14006
0.140059
0.140058
0.140058
0.140057
0.140056
0.140056
0.140055
0.140055
0.140054
0.140053
0.140053
0.140052
0.140052
0.140051
0.14005
0.14005
0.140049
0.140049
0.140048
0.140047
0.140046
0.140044
0.140043
0.140102
0.140104
0.140106
0.140109
0.140111
0.140113
0.140115
0.140116
0.140117
0.140118
0.140119
0.14012
0.140121
0.140122
0.140122
0.140123
0.140124
0.140125
0.140126
0.140127
0.140128
0.140129
0.14013
0.140131
0.140132
0.140133
0.140133
0.140134
0.140135
0.140136
0.140137
0.140138
0.140139
0.14014
0.140141
0.140141
0.140143
0.140143
0.140146
0.1401
0.140099
0.140096
0.140093
0.140089
0.140085
0.140081
0.140077
0.140073
0.140069
0.140066
0.140063
0.140061
0.14006
0.140058
0.140057
0.140056
0.140055
0.140055
0.140054
0.140054
0.140053
0.140053
0.140052
0.140051
0.140051
0.14005
0.14005
0.140049
0.140049
0.140049
0.140048
0.140048
0.140047
0.140047
0.140046
0.140046
0.140045
0.140044
0.140101
0.140103
0.140105
0.140108
0.14011
0.140112
0.140114
0.140115
0.140116
0.140117
0.140118
0.140119
0.140119
0.14012
0.140121
0.140122
0.140123
0.140124
0.140124
0.140125
0.140127
0.140128
0.140129
0.14013
0.140131
0.140132
0.140133
0.140134
0.140135
0.140136
0.140137
0.140138
0.140139
0.14014
0.140142
0.140143
0.140144
0.140145
0.140148
0.140099
0.140097
0.140095
0.140091
0.140087
0.140083
0.140079
0.140074
0.14007
0.140066
0.140063
0.14006
0.140058
0.140056
0.140055
0.140054
0.140053
0.140052
0.140052
0.140051
0.14005
0.14005
0.140049
0.140049
0.140049
0.140048
0.140048
0.140047
0.140047
0.140047
0.140046
0.140046
0.140046
0.140046
0.140045
0.140045
0.140045
0.140044
0.140044
0.1401
0.140102
0.140104
0.140107
0.140109
0.140111
0.140112
0.140113
0.140114
0.140115
0.140116
0.140117
0.140118
0.140118
0.140119
0.14012
0.140121
0.140122
0.140123
0.140124
0.140125
0.140126
0.140127
0.140128
0.140129
0.14013
0.140132
0.140133
0.140134
0.140135
0.140136
0.140138
0.140139
0.14014
0.140142
0.140143
0.140145
0.140146
0.14015
0.140097
0.140096
0.140093
0.140089
0.140085
0.140081
0.140076
0.140071
0.140067
0.140062
0.140059
0.140056
0.140054
0.140052
0.140051
0.14005
0.140049
0.140049
0.140048
0.140048
0.140047
0.140047
0.140046
0.140046
0.140045
0.140045
0.140044
0.140044
0.140044
0.140043
0.140043
0.140043
0.140043
0.140043
0.140043
0.140043
0.140043
0.140043
0.140043
0.140098
0.140101
0.140103
0.140106
0.140108
0.140109
0.140111
0.140112
0.140113
0.140114
0.140114
0.140115
0.140116
0.140116
0.140117
0.140118
0.140119
0.140119
0.14012
0.140122
0.140123
0.140124
0.140125
0.140126
0.140128
0.140129
0.14013
0.140131
0.140132
0.140134
0.140135
0.140136
0.140138
0.140139
0.140141
0.140143
0.140145
0.140146
0.14015
0.140096
0.140094
0.140091
0.140087
0.140083
0.140078
0.140073
0.140068
0.140063
0.140059
0.140055
0.140052
0.14005
0.140049
0.140047
0.140046
0.140045
0.140045
0.140044
0.140044
0.140043
0.140042
0.140042
0.140041
0.140041
0.14004
0.14004
0.14004
0.140039
0.140039
0.140039
0.140039
0.140039
0.140039
0.140039
0.140039
0.140039
0.140039
0.14004
0.140097
0.140099
0.140102
0.140104
0.140106
0.140108
0.140109
0.14011
0.140111
0.140111
0.140112
0.140113
0.140113
0.140114
0.140114
0.140115
0.140116
0.140117
0.140118
0.140119
0.14012
0.140121
0.140123
0.140124
0.140125
0.140126
0.140128
0.140129
0.14013
0.140132
0.140133
0.140135
0.140136
0.140138
0.14014
0.140142
0.140144
0.140146
0.14015
0.140094
0.140093
0.140089
0.140085
0.140081
0.140076
0.14007
0.140064
0.140059
0.140055
0.140051
0.140048
0.140046
0.140044
0.140043
0.140042
0.140041
0.14004
0.14004
0.140039
0.140038
0.140038
0.140037
0.140036
0.140036
0.140035
0.140034
0.140034
0.140033
0.140033
0.140033
0.140033
0.140033
0.140033
0.140033
0.140033
0.140034
0.140034
0.140035
0.140095
0.140098
0.1401
0.140103
0.140104
0.140106
0.140107
0.140108
0.140108
0.140109
0.140109
0.14011
0.14011
0.140111
0.140111
0.140112
0.140113
0.140114
0.140115
0.140116
0.140117
0.140118
0.14012
0.140121
0.140122
0.140124
0.140125
0.140126
0.140128
0.140129
0.140131
0.140133
0.140134
0.140136
0.140138
0.14014
0.140143
0.140145
0.140148
0.140093
0.140091
0.140087
0.140083
0.140078
0.140073
0.140067
0.140061
0.140055
0.14005
0.140047
0.140044
0.140042
0.14004
0.140038
0.140037
0.140036
0.140035
0.140034
0.140033
0.140032
0.140031
0.14003
0.140029
0.140028
0.140027
0.140026
0.140026
0.140025
0.140024
0.140024
0.140024
0.140023
0.140023
0.140024
0.140024
0.140025
0.140025
0.140027
0.140093
0.140096
0.140098
0.140101
0.140102
0.140104
0.140105
0.140105
0.140106
0.140106
0.140106
0.140107
0.140107
0.140108
0.140108
0.140109
0.140109
0.14011
0.140111
0.140112
0.140113
0.140115
0.140116
0.140117
0.140119
0.14012
0.140122
0.140123
0.140125
0.140126
0.140128
0.14013
0.140132
0.140134
0.140136
0.140138
0.140141
0.140143
0.140147
0.140091
0.140089
0.140085
0.14008
0.140076
0.14007
0.140063
0.140057
0.140051
0.140046
0.140042
0.140039
0.140037
0.140034
0.140032
0.140031
0.140029
0.140028
0.140027
0.140025
0.140024
0.140023
0.140021
0.14002
0.140018
0.140016
0.140015
0.140013
0.140012
0.140011
0.14001
0.140009
0.140008
0.140008
0.140008
0.140009
0.14001
0.14001
0.140013
0.140091
0.140094
0.140096
0.140099
0.1401
0.140101
0.140102
0.140103
0.140103
0.140103
0.140103
0.140103
0.140104
0.140104
0.140104
0.140105
0.140105
0.140106
0.140107
0.140108
0.140109
0.14011
0.140112
0.140113
0.140114
0.140116
0.140117
0.140119
0.14012
0.140122
0.140124
0.140126
0.140128
0.14013
0.140132
0.140135
0.140138
0.14014
0.140144
0.140089
0.140086
0.140083
0.140078
0.140073
0.140067
0.14006
0.140053
0.140047
0.140042
0.140038
0.140034
0.140031
0.140028
0.140025
0.140023
0.140021
0.140019
0.140017
0.140015
0.140013
0.140011
0.140009
0.140006
0.140003
0.140001
0.139998
0.139995
0.139993
0.13999
0.139988
0.139986
0.139985
0.139983
0.139982
0.139981
0.139981
0.139981
0.139985
0.140089
0.140092
0.140094
0.140096
0.140098
0.140099
0.140099
0.1401
0.1401
0.1401
0.1401
0.1401
0.1401
0.1401
0.1401
0.1401
0.140101
0.140101
0.140102
0.140103
0.140104
0.140105
0.140106
0.140107
0.140109
0.14011
0.140111
0.140113
0.140115
0.140117
0.140119
0.140121
0.140123
0.140125
0.140128
0.14013
0.140133
0.140136
0.140141
0.140086
0.140084
0.14008
0.140075
0.14007
0.140063
0.140056
0.140048
0.140042
0.140037
0.140032
0.140028
0.140024
0.14002
0.140017
0.140013
0.14001
0.140007
0.140005
0.140002
0.14
0.139997
0.139994
0.139991
0.139988
0.139986
0.139984
0.139982
0.13998
0.139978
0.139976
0.139974
0.139972
0.139971
0.139969
0.139967
0.139966
0.139964
0.139964
0.140087
0.140089
0.140092
0.140094
0.140095
0.140096
0.140096
0.140096
0.140096
0.140096
0.140096
0.140095
0.140095
0.140095
0.140095
0.140095
0.140095
0.140095
0.140096
0.140096
0.140097
0.140098
0.140099
0.1401
0.140102
0.140103
0.140104
0.140106
0.140108
0.14011
0.140112
0.140114
0.140116
0.140119
0.140121
0.140124
0.140128
0.140131
0.140136
0.140084
0.140081
0.140077
0.140072
0.140067
0.14006
0.140051
0.140044
0.140038
0.140032
0.140026
0.140021
0.140016
0.140011
0.140006
0.140002
0.139999
0.139996
0.139994
0.139992
0.13999
0.139988
0.139987
0.139985
0.139984
0.139983
0.139981
0.13998
0.139979
0.139977
0.139976
0.139974
0.139973
0.139971
0.139969
0.139967
0.139965
0.139962
0.13996
0.140084
0.140087
0.140089
0.140091
0.140092
0.140093
0.140093
0.140093
0.140092
0.140092
0.140091
0.140091
0.14009
0.14009
0.14009
0.140089
0.140089
0.140089
0.140089
0.140089
0.14009
0.14009
0.140091
0.140092
0.140094
0.140095
0.140096
0.140098
0.1401
0.140102
0.140104
0.140106
0.140108
0.140111
0.140114
0.140117
0.14012
0.140124
0.140129
0.140081
0.140079
0.140074
0.140069
0.140063
0.140056
0.140047
0.140039
0.140033
0.140026
0.140019
0.140013
0.140007
0.140001
0.139998
0.139995
0.139993
0.139992
0.139991
0.139991
0.13999
0.13999
0.13999
0.13999
0.139989
0.139989
0.139989
0.139988
0.139988
0.139987
0.139986
0.139985
0.139983
0.139982
0.13998
0.139977
0.139975
0.139972
0.139968
0.140082
0.140084
0.140087
0.140088
0.140089
0.140089
0.140089
0.140089
0.140088
0.140087
0.140087
0.140086
0.140085
0.140084
0.140083
0.140082
0.140082
0.140081
0.140081
0.140081
0.140082
0.140082
0.140083
0.140084
0.140085
0.140087
0.140088
0.140089
0.140091
0.140093
0.140095
0.140097
0.140099
0.140102
0.140105
0.140108
0.140111
0.140115
0.14012
0.140079
0.140076
0.140071
0.140066
0.14006
0.140052
0.140043
0.140035
0.140027
0.14002
0.140012
0.140005
0.14
0.139998
0.139997
0.139996
0.139997
0.139997
0.139998
0.139998
0.139999
0.139999
0.14
0.140001
0.140002
0.140003
0.140004
0.140005
0.140005
0.140005
0.140005
0.140005
0.140005
0.140004
0.140003
0.140002
0.14
0.139998
0.139993
0.140079
0.140081
0.140084
0.140085
0.140086
0.140086
0.140085
0.140085
0.140084
0.140083
0.140081
0.14008
0.140079
0.140077
0.140076
0.140075
0.140074
0.140073
0.140073
0.140073
0.140073
0.140074
0.140075
0.140076
0.140077
0.140078
0.140079
0.140081
0.140082
0.140084
0.140086
0.140088
0.14009
0.140093
0.140095
0.140098
0.140102
0.140105
0.14011
0.140076
0.140073
0.140068
0.140063
0.140056
0.140047
0.140038
0.14003
0.140022
0.140014
0.140006
0.140002
0.140001
0.140001
0.140002
0.140004
0.140006
0.140007
0.140009
0.14001
0.140011
0.140013
0.140014
0.140015
0.140016
0.140018
0.140018
0.140019
0.14002
0.14002
0.140021
0.140021
0.140021
0.140021
0.140021
0.14002
0.140019
0.140018
0.140016
0.140076
0.140078
0.14008
0.140082
0.140082
0.140082
0.140081
0.14008
0.140079
0.140077
0.140076
0.140074
0.140072
0.14007
0.140068
0.140067
0.140066
0.140065
0.140065
0.140065
0.140065
0.140065
0.140066
0.140067
0.140068
0.140069
0.14007
0.140072
0.140073
0.140075
0.140077
0.140079
0.140081
0.140083
0.140086
0.140089
0.140092
0.140095
0.1401
0.140073
0.14007
0.140065
0.140059
0.140053
0.140043
0.140034
0.140025
0.140016
0.140008
0.140004
0.140004
0.140006
0.140009
0.140012
0.140014
0.140016
0.140018
0.140019
0.14002
0.140022
0.140023
0.140024
0.140026
0.140027
0.140028
0.14003
0.140031
0.140032
0.140032
0.140033
0.140033
0.140034
0.140034
0.140034
0.140034
0.140034
0.140033
0.140032
0.140072
0.140075
0.140077
0.140078
0.140078
0.140078
0.140077
0.140075
0.140073
0.140072
0.140069
0.140067
0.140065
0.140063
0.140061
0.140059
0.140058
0.140057
0.140056
0.140056
0.140056
0.140056
0.140057
0.140058
0.140059
0.14006
0.140061
0.140062
0.140064
0.140065
0.140067
0.140069
0.140071
0.140073
0.140076
0.140078
0.140082
0.140085
0.140089
0.140069
0.140066
0.140062
0.140056
0.140049
0.140039
0.140029
0.14002
0.140012
0.140007
0.140007
0.14001
0.140014
0.140017
0.14002
0.140022
0.140025
0.140026
0.140028
0.14003
0.140031
0.140033
0.140035
0.140036
0.140038
0.14004
0.140042
0.140043
0.140044
0.140045
0.140046
0.140047
0.140047
0.140048
0.140048
0.140048
0.140048
0.140048
0.140047
0.140069
0.140071
0.140073
0.140074
0.140074
0.140073
0.140072
0.14007
0.140068
0.140066
0.140063
0.14006
0.140057
0.140055
0.140053
0.140051
0.14005
0.140048
0.140047
0.140047
0.140046
0.140046
0.140047
0.140047
0.140048
0.140049
0.14005
0.140052
0.140053
0.140055
0.140057
0.140059
0.140061
0.140063
0.140065
0.140068
0.140071
0.140075
0.140079
0.140066
0.140063
0.140058
0.140052
0.140044
0.140034
0.140025
0.140015
0.140009
0.140009
0.140012
0.140016
0.140021
0.140025
0.140028
0.140031
0.140034
0.140036
0.140039
0.140041
0.140043
0.140045
0.140047
0.140049
0.140051
0.140053
0.140055
0.140057
0.140058
0.14006
0.140061
0.140062
0.140063
0.140063
0.140064
0.140064
0.140064
0.140064
0.140063
0.140066
0.140068
0.14007
0.14007
0.14007
0.140069
0.140067
0.140064
0.140062
0.140059
0.140055
0.140052
0.14005
0.140047
0.140045
0.140043
0.140041
0.14004
0.140038
0.140038
0.140037
0.140037
0.140037
0.140038
0.140038
0.140039
0.14004
0.140041
0.140043
0.140044
0.140046
0.140048
0.14005
0.140053
0.140055
0.140058
0.140061
0.140065
0.140069
0.140063
0.14006
0.140055
0.140048
0.14004
0.14003
0.14002
0.140012
0.14001
0.140013
0.140017
0.140022
0.140027
0.140032
0.140037
0.14004
0.140043
0.140046
0.140049
0.140051
0.140053
0.140056
0.140058
0.140061
0.140063
0.140066
0.140068
0.14007
0.140072
0.140073
0.140075
0.140076
0.140077
0.140078
0.140079
0.140079
0.14008
0.14008
0.140079
0.140063
0.140065
0.140067
0.140067
0.140066
0.140064
0.140062
0.140059
0.140056
0.14005
0.140046
0.140044
0.140041
0.140039
0.140037
0.140035
0.140033
0.140031
0.14003
0.140029
0.140029
0.140029
0.140029
0.140029
0.140029
0.14003
0.140031
0.140032
0.140033
0.140034
0.140036
0.140038
0.14004
0.140042
0.140044
0.140047
0.14005
0.140054
0.140058
0.14006
0.140057
0.140052
0.140045
0.140037
0.140026
0.140015
0.140011
0.140012
0.140017
0.140023
0.140029
0.140035
0.140041
0.140045
0.140049
0.140053
0.140056
0.140058
0.140061
0.140063
0.140065
0.140068
0.140071
0.140073
0.140076
0.140078
0.14008
0.140082
0.140084
0.140086
0.140088
0.140089
0.14009
0.140091
0.140092
0.140093
0.140094
0.140094
0.14006
0.140062
0.140063
0.140063
0.140062
0.14006
0.140057
0.140052
0.140049
0.140041
0.140037
0.140034
0.140032
0.14003
0.140028
0.140026
0.140025
0.140023
0.140022
0.140021
0.14002
0.14002
0.14002
0.14002
0.14002
0.140021
0.140022
0.140022
0.140023
0.140024
0.140026
0.140027
0.140029
0.140031
0.140033
0.140035
0.140038
0.140041
0.140045
0.140057
0.140054
0.140049
0.140042
0.140033
0.140022
0.140011
0.140011
0.140015
0.140022
0.140029
0.140037
0.140044
0.140049
0.140054
0.140059
0.140062
0.140065
0.140068
0.14007
0.140073
0.140075
0.140078
0.140081
0.140083
0.140086
0.140089
0.140091
0.140093
0.140095
0.140097
0.140099
0.1401
0.140102
0.140103
0.140105
0.140106
0.140108
0.140108
0.140057
0.140059
0.14006
0.140059
0.140058
0.140055
0.140051
0.140046
0.140041
0.140032
0.140028
0.140025
0.140023
0.140021
0.14002
0.140018
0.140016
0.140015
0.140014
0.140013
0.140012
0.140011
0.140011
0.140011
0.140011
0.140011
0.140011
0.140012
0.140013
0.140014
0.140015
0.140016
0.140018
0.140019
0.140021
0.140023
0.140026
0.140028
0.140032
0.140054
0.140051
0.140045
0.140038
0.140029
0.140017
0.140007
0.140012
0.140019
0.140028
0.140038
0.140046
0.140053
0.140059
0.140064
0.140068
0.140072
0.140075
0.140078
0.14008
0.140083
0.140085
0.140088
0.14009
0.140093
0.140096
0.140098
0.140101
0.140103
0.140105
0.140107
0.140109
0.140111
0.140113
0.140115
0.140117
0.140118
0.14012
0.140121
0.140053
0.140055
0.140055
0.140055
0.140053
0.140049
0.140045
0.140039
0.140033
0.140023
0.140019
0.140017
0.140015
0.140013
0.140012
0.140011
0.140009
0.140008
0.140007
0.140006
0.140005
0.140004
0.140003
0.140002
0.140001
0.140001
0.14
0.14
0.139999
0.139999
0.139999
0.14
0.140001
0.140002
0.140004
0.140005
0.140008
0.14001
0.140014
0.14005
0.140047
0.140042
0.140035
0.140025
0.140013
0.140004
0.140015
0.140025
0.140036
0.140046
0.140055
0.140062
0.140068
0.140073
0.140078
0.140081
0.140084
0.140087
0.140089
0.140091
0.140094
0.140096
0.140099
0.140102
0.140104
0.140107
0.140109
0.140112
0.140114
0.140116
0.140118
0.14012
0.140122
0.140124
0.140126
0.140128
0.14013
0.140132
0.140049
0.14005
0.140051
0.14005
0.140047
0.140044
0.140039
0.140032
0.140025
0.140015
0.140012
0.14001
0.140009
0.140008
0.140007
0.140007
0.140008
0.140009
0.14001
0.140011
0.140011
0.140012
0.140012
0.140013
0.140013
0.140012
0.140012
0.140011
0.140011
0.14001
0.140009
0.140008
0.140007
0.140006
0.140005
0.140004
0.140004
0.140004
0.140004
0.140046
0.140043
0.140038
0.140031
0.140021
0.14001
0.140003
0.140019
0.140032
0.140045
0.140055
0.140064
0.140071
0.140077
0.140081
0.140085
0.140088
0.140091
0.140094
0.140096
0.140098
0.1401
0.140102
0.140105
0.140108
0.14011
0.140113
0.140115
0.140117
0.14012
0.140122
0.140124
0.140126
0.140128
0.14013
0.140133
0.140135
0.140137
0.14014
0.140044
0.140046
0.140046
0.140044
0.140042
0.140037
0.140032
0.140025
0.140017
0.14001
0.140008
0.140009
0.140009
0.140011
0.140012
0.140014
0.140016
0.140017
0.140019
0.14002
0.140022
0.140023
0.140023
0.140024
0.140024
0.140025
0.140025
0.140025
0.140024
0.140024
0.140024
0.140023
0.140022
0.140021
0.140019
0.140017
0.140015
0.140013
0.14001
0.140042
0.140039
0.140034
0.140027
0.140016
0.140007
0.140004
0.140024
0.140038
0.140052
0.140062
0.14007
0.140077
0.140082
0.140087
0.14009
0.140093
0.140096
0.140098
0.1401
0.140102
0.140104
0.140106
0.140109
0.140111
0.140114
0.140116
0.140119
0.140121
0.140123
0.140125
0.140128
0.14013
0.140132
0.140134
0.140137
0.140139
0.140142
0.140145
0.140039
0.14004
0.14004
0.140039
0.140036
0.140031
0.140025
0.140018
0.14001
0.140009
0.14001
0.140012
0.140014
0.140017
0.140019
0.140021
0.140023
0.140026
0.140027
0.140029
0.140031
0.140032
0.140033
0.140034
0.140035
0.140035
0.140036
0.140036
0.140037
0.140037
0.140037
0.140037
0.140038
0.140038
0.140037
0.140037
0.140036
0.140036
0.140034
0.140037
0.140034
0.140029
0.140022
0.140012
0.140004
0.140007
0.140028
0.140043
0.140056
0.140066
0.140074
0.14008
0.140085
0.140089
0.140093
0.140095
0.140098
0.1401
0.140102
0.140104
0.140107
0.140109
0.140111
0.140114
0.140117
0.14012
0.140122
0.140125
0.140127
0.14013
0.140132
0.140134
0.140137
0.140139
0.140141
0.140143
0.140146
0.140148
0.140034
0.140035
0.140034
0.140032
0.140029
0.140025
0.140019
0.140011
0.140005
0.140009
0.140012
0.140016
0.140019
0.140022
0.140025
0.140028
0.140031
0.140033
0.140036
0.140038
0.14004
0.140041
0.140043
0.140044
0.140045
0.140046
0.140047
0.140047
0.140047
0.140048
0.140048
0.140048
0.140048
0.140048
0.140048
0.140047
0.140046
0.140046
0.140044
0.140032
0.140029
0.140024
0.140018
0.140009
0.140003
0.14001
0.140029
0.140044
0.140058
0.140067
0.140075
0.140081
0.140086
0.140091
0.140094
0.140098
0.140101
0.140104
0.140106
0.140109
0.140112
0.140115
0.140118
0.140122
0.140125
0.140129
0.140132
0.140136
0.140139
0.140143
0.140146
0.140149
0.140153
0.140156
0.14016
0.140163
0.140168
0.140171
0.140027
0.140028
0.140028
0.140026
0.140023
0.140018
0.140012
0.140006
0.140003
0.14001
0.140015
0.140019
0.140024
0.140028
0.140031
0.140035
0.140038
0.140041
0.140044
0.140046
0.140048
0.140051
0.140052
0.140054
0.140056
0.140057
0.140058
0.140059
0.140061
0.140062
0.140063
0.140064
0.140065
0.140067
0.140068
0.140069
0.14007
0.140072
0.140073
0.140026
0.140023
0.140019
0.140014
0.140005
0.140003
0.140012
0.140028
0.140042
0.140056
0.140066
0.140075
0.140082
0.140089
0.140095
0.1401
0.140105
0.140109
0.140113
0.140117
0.14012
0.140124
0.140128
0.140133
0.140138
0.140143
0.140147
0.140152
0.140157
0.140161
0.140165
0.140169
0.140173
0.140177
0.140181
0.140185
0.140189
0.140192
0.140196
0.14002
0.140021
0.14002
0.140019
0.140016
0.140012
0.140007
0.140003
0.140003
0.14001
0.140016
0.140021
0.140026
0.140031
0.140035
0.140039
0.140043
0.140047
0.14005
0.140053
0.140056
0.140059
0.140061
0.140063
0.140065
0.140066
0.140068
0.140069
0.140069
0.14007
0.140071
0.140072
0.140072
0.140072
0.140071
0.140071
0.140071
0.140071
0.140072
0.140019
0.140017
0.140014
0.140009
0.140003
0.140003
0.140012
0.140023
0.140037
0.140052
0.140066
0.140077
0.140088
0.140097
0.140104
0.140111
0.140116
0.140121
0.140125
0.140129
0.140134
0.140138
0.140142
0.140148
0.140153
0.140159
0.140164
0.14017
0.140176
0.140181
0.140187
0.140192
0.140198
0.140204
0.14021
0.140217
0.140224
0.140232
0.14024
0.140013
0.140013
0.140013
0.140011
0.140009
0.140007
0.140003
0.140001
0.140004
0.140008
0.140013
0.140019
0.140025
0.14003
0.140035
0.14004
0.140044
0.140047
0.140051
0.140054
0.140058
0.140061
0.140064
0.140067
0.14007
0.140074
0.140077
0.14008
0.140085
0.140087
0.140091
0.140094
0.140099
0.140103
0.140108
0.140113
0.140118
0.140124
0.140131
0.140012
0.140011
0.140008
0.140005
0.140001
0.140003
0.14001
0.140015
0.14003
0.140049
0.140065
0.140077
0.140086
0.140093
0.140098
0.140102
0.140106
0.140109
0.140111
0.140114
0.140116
0.140119
0.140122
0.140125
0.140127
0.14013
0.140133
0.140135
0.140138
0.14014
0.140142
0.140143
0.140145
0.140146
0.140148
0.140149
0.140149
0.140151
0.140152
0.140004
0.140004
0.140004
0.140004
0.140003
0.140002
0.140001
0.140001
0.140002
0.140003
0.140008
0.140016
0.140026
0.140035
0.140044
0.140053
0.140062
0.14007
0.140078
0.140085
0.140092
0.140098
0.140104
0.140108
0.140112
0.140115
0.140118
0.140121
0.140123
0.140123
0.140125
0.140125
0.140126
0.140126
0.140126
0.140126
0.140126
0.140128
0.140129
0.140004
0.140004
0.140003
0.140002
0.14
0.140001
0.140004
0.140005
0.14002
0.140033
0.140038
0.140038
0.140033
0.14003
0.14003
0.140032
0.140034
0.140036
0.140039
0.140042
0.140046
0.140049
0.140053
0.140058
0.140063
0.140069
0.140074
0.14008
0.140086
0.140092
0.140097
0.140103
0.140109
0.140115
0.14012
0.140126
0.140132
0.140139
0.140145
0.149749
0.176629
0.188765
0.187834
0.176573
0.156809
0.133741
0.115316
0.10662
0.106007
0.109742
0.114658
0.119232
0.123014
0.126027
0.128418
0.130331
0.131877
0.133139
0.134178
0.135038
0.135755
0.136364
0.136897
0.137353
0.137732
0.138048
0.138314
0.138541
0.138736
0.138905
0.139052
0.139182
0.139298
0.139403
0.139495
0.139577
0.139649
0.139713
0.139772
0.139826
0.139875
0.139921
0.139967
0.140015
0.140062
0.140097
0.140119
0.140131
0.140137
0.140142
0.140144
0.140146
0.140147
0.140148
0.14015
0.140149
0.140148
0.140146
0.140142
0.140137
0.140131
0.140122
0.140112
0.140102
0.140091
0.140081
0.140071
0.14006
0.140047
0.140033
0.140015
0.140004
0.140009
0.140034
0.140044
0.140074
0.140073
0.140135
0.14013
0.159507
0.144981
0.119844
0.100248
0.0879411
0.0839575
0.0873368
0.095005
0.103234
0.110404
0.116204
0.120783
0.12438
0.12721
0.12945
0.131236
0.13267
0.133833
0.134782
0.135564
0.136212
0.136753
0.137207
0.13759
0.137915
0.138189
0.138424
0.138627
0.138801
0.138953
0.139085
0.139201
0.139302
0.139392
0.139471
0.139541
0.139603
0.139659
0.139708
0.139753
0.139793
0.139829
0.139863
0.139897
0.139932
0.139967
0.139996
0.140018
0.140031
0.140038
0.140042
0.140044
0.140044
0.140043
0.14004
0.140035
0.140027
0.140012
0.139983
0.139963
0.139958
0.139967
0.139992
0.140016
0.140032
0.140048
0.140064
0.14008
0.140096
0.14011
0.140123
0.140134
0.140142
0.140146
0.140151
0.140174
0.1402
0.140244
0.140153
0.14015
0.180924
0.195677
0.206281
0.20259
0.187598
0.164855
0.139432
0.118806
0.108356
0.106912
0.110279
0.115032
0.11952
0.123248
0.126218
0.128574
0.130457
0.131979
0.13322
0.134241
0.135086
0.135792
0.136393
0.136918
0.137367
0.137741
0.138053
0.138316
0.13854
0.138733
0.138901
0.139048
0.139176
0.13929
0.139392
0.139482
0.139562
0.139634
0.139699
0.139759
0.139814
0.139864
0.13991
0.139956
0.140005
0.140052
0.14009
0.140116
0.140129
0.140137
0.140142
0.140144
0.140145
0.140147
0.140149
0.140151
0.14015
0.140149
0.140147
0.140144
0.140139
0.140132
0.140123
0.140114
0.140103
0.140092
0.140082
0.140072
0.140061
0.140048
0.140034
0.140016
0.140004
0.140009
0.140033
0.140045
0.140074
0.140073
0.140137
0.14013
0.180923
0.164485
0.13381
0.106958
0.0911497
0.0861777
0.0893225
0.0966318
0.104514
0.111414
0.11701
0.121431
0.124901
0.127629
0.129787
0.131505
0.132884
0.134002
0.134914
0.135664
0.136285
0.136802
0.137233
0.137593
0.137899
0.138168
0.138401
0.138602
0.138776
0.138928
0.139061
0.139178
0.139282
0.139373
0.139454
0.139525
0.139589
0.139646
0.139697
0.139743
0.139784
0.139821
0.139857
0.139892
0.139929
0.139964
0.139994
0.140016
0.14003
0.140037
0.140041
0.140043
0.140043
0.140042
0.14004
0.140035
0.140026
0.14001
0.139981
0.139961
0.139957
0.139967
0.139993
0.140016
0.140033
0.140049
0.140065
0.140082
0.140097
0.140111
0.140125
0.140136
0.140143
0.140148
0.140153
0.140176
0.140203
0.140246
0.140155
0.140153
0.200756
0.208212
0.218401
0.21634
0.200747
0.175761
0.147449
0.123691
0.110729
0.107982
0.110784
0.115307
0.119705
0.123393
0.12634
0.128678
0.130545
0.132053
0.133281
0.134291
0.135126
0.135823
0.136417
0.136935
0.137378
0.137748
0.138056
0.138315
0.138536
0.138725
0.138888
0.139027
0.139154
0.139269
0.139371
0.139462
0.139542
0.139616
0.139682
0.139743
0.139799
0.13985
0.139898
0.139947
0.139998
0.140047
0.140086
0.140114
0.140129
0.140137
0.140142
0.140145
0.140146
0.140148
0.14015
0.140152
0.140152
0.14015
0.140148
0.140145
0.14014
0.140134
0.140125
0.140115
0.140105
0.140094
0.140083
0.140073
0.140062
0.140049
0.140035
0.140016
0.140004
0.140009
0.140033
0.140045
0.140074
0.140074
0.14014
0.140131
0.195668
0.177606
0.145285
0.113425
0.0942911
0.0887178
0.0919209
0.0989174
0.106348
0.112843
0.118121
0.122298
0.125581
0.128165
0.13021
0.13184
0.133151
0.134213
0.135081
0.135795
0.136385
0.136875
0.13728
0.137614
0.137899
0.138161
0.13839
0.138588
0.13876
0.138912
0.139044
0.139162
0.139265
0.139357
0.139439
0.139512
0.139576
0.139634
0.139686
0.139733
0.139775
0.139813
0.13985
0.139888
0.139926
0.139962
0.139993
0.140015
0.140029
0.140036
0.14004
0.140042
0.140043
0.140042
0.140039
0.140034
0.140025
0.140008
0.139978
0.139958
0.139955
0.139967
0.139994
0.140017
0.140034
0.14005
0.140066
0.140083
0.140099
0.140113
0.140126
0.140137
0.140145
0.140149
0.140155
0.140177
0.140207
0.140248
0.140156
0.140157
0.212192
0.21558
0.225169
0.22728
0.215576
0.191541
0.16104
0.132764
0.115026
0.109346
0.110986
0.115193
0.119559
0.123289
0.12628
0.128648
0.130534
0.132052
0.133286
0.134298
0.135133
0.13583
0.136421
0.136935
0.137376
0.137744
0.138051
0.138308
0.138527
0.138714
0.138871
0.139002
0.139129
0.139245
0.139349
0.139441
0.139522
0.139597
0.139665
0.139727
0.139785
0.139838
0.139889
0.13994
0.139992
0.140042
0.140083
0.140112
0.140129
0.140137
0.140143
0.140146
0.140147
0.140149
0.140151
0.140153
0.140153
0.140152
0.14015
0.140147
0.140142
0.140135
0.140127
0.140117
0.140106
0.140095
0.140084
0.140075
0.140064
0.14005
0.140036
0.140017
0.140004
0.140009
0.140032
0.140045
0.140074
0.140074
0.140142
0.140132
0.204798
0.185525
0.15334
0.119325
0.097703
0.0915179
0.0946922
0.101342
0.108293
0.114355
0.119291
0.123206
0.12629
0.128721
0.130649
0.132188
0.133427
0.134432
0.135254
0.135931
0.136491
0.136953
0.137329
0.137636
0.137909
0.138165
0.138388
0.138583
0.138752
0.138902
0.139033
0.13915
0.139253
0.139345
0.139427
0.1395
0.139566
0.139624
0.139677
0.139724
0.139767
0.139806
0.139845
0.139885
0.139924
0.139961
0.139992
0.140014
0.140028
0.140036
0.14004
0.140042
0.140043
0.140042
0.140039
0.140034
0.140024
0.140006
0.139975
0.139956
0.139954
0.139967
0.139995
0.140018
0.140035
0.140051
0.140068
0.140085
0.1401
0.140115
0.140128
0.140139
0.140147
0.14015
0.140157
0.140179
0.140212
0.14025
0.140158
0.14016
0.219397
0.222774
0.229508
0.234631
0.228953
0.209674
0.179968
0.147734
0.12324
0.112067
0.111153
0.114663
0.119003
0.12286
0.125977
0.128439
0.130389
0.131951
0.133216
0.134248
0.135097
0.135803
0.1364
0.136916
0.137359
0.13773
0.138039
0.138297
0.138516
0.138701
0.138856
0.138981
0.139103
0.139221
0.139326
0.13942
0.139503
0.139578
0.139648
0.139712
0.139771
0.139826
0.139881
0.139934
0.139987
0.140038
0.14008
0.140111
0.140129
0.140138
0.140144
0.140147
0.140149
0.140151
0.140152
0.140155
0.140155
0.140154
0.140152
0.140149
0.140144
0.140137
0.140128
0.140118
0.140108
0.140096
0.140086
0.140076
0.140065
0.140051
0.140036
0.140017
0.140005
0.140009
0.140032
0.140046
0.140074
0.140075
0.140145
0.140134
0.209868
0.189346
0.157657
0.123639
0.101062
0.0945076
0.0975463
0.103792
0.110239
0.115855
0.120441
0.124092
0.126977
0.129258
0.131071
0.132522
0.133692
0.134644
0.135423
0.136065
0.136595
0.137029
0.13738
0.137667
0.137929
0.138178
0.138395
0.138585
0.138751
0.138898
0.139028
0.139143
0.139246
0.139337
0.139419
0.139492
0.139557
0.139616
0.139669
0.139717
0.13976
0.139801
0.139842
0.139883
0.139923
0.13996
0.139991
0.140013
0.140027
0.140035
0.140039
0.140042
0.140042
0.140042
0.140039
0.140033
0.140023
0.140004
0.139973
0.139954
0.139953
0.139967
0.139996
0.140019
0.140036
0.140052
0.140069
0.140086
0.140102
0.140117
0.14013
0.140141
0.140149
0.140152
0.140159
0.140182
0.140216
0.140252
0.14016
0.140164
0.223743
0.228667
0.23229
0.238529
0.238581
0.226374
0.201282
0.168255
0.137226
0.118039
0.112182
0.113989
0.118115
0.122142
0.125455
0.128067
0.130124
0.13176
0.133076
0.134145
0.135021
0.135745
0.136354
0.136878
0.137327
0.137705
0.138018
0.13828
0.138501
0.138688
0.138844
0.138969
0.139083
0.139197
0.139305
0.139399
0.139484
0.139561
0.139632
0.139697
0.139757
0.139816
0.139874
0.139928
0.139982
0.140034
0.140077
0.140109
0.140129
0.140139
0.140145
0.140148
0.14015
0.140152
0.140154
0.140156
0.140157
0.140156
0.140154
0.14015
0.140146
0.140139
0.14013
0.14012
0.140109
0.140098
0.140087
0.140077
0.140066
0.140052
0.140037
0.140018
0.140005
0.140009
0.140031
0.140046
0.140075
0.140075
0.140149
0.140135
0.211741
0.189769
0.158518
0.125797
0.103926
0.0975907
0.100513
0.106325
0.112249
0.117402
0.121623
0.124997
0.127674
0.129799
0.131494
0.132855
0.133956
0.134854
0.13559
0.136198
0.136698
0.137106
0.137435
0.137708
0.13796
0.138197
0.138408
0.138593
0.138755
0.138899
0.139027
0.13914
0.139242
0.139332
0.139413
0.139486
0.139551
0.13961
0.139663
0.139711
0.139756
0.139799
0.139841
0.139883
0.139923
0.13996
0.139991
0.140013
0.140027
0.140035
0.140039
0.140042
0.140042
0.140042
0.140039
0.140033
0.140022
0.140002
0.13997
0.139952
0.139952
0.139967
0.139997
0.14002
0.140037
0.140053
0.140071
0.140088
0.140104
0.140119
0.140132
0.140143
0.140151
0.140153
0.140162
0.140184
0.140221
0.140254
0.140162
0.140168
0.225423
0.232747
0.235845
0.240735
0.244335
0.239274
0.221522
0.192082
0.157789
0.129845
0.115888
0.113783
0.116985
0.12113
0.124712
0.127538
0.129743
0.131483
0.132872
0.133994
0.134907
0.135659
0.136287
0.136822
0.137282
0.137669
0.13799
0.138257
0.138482
0.138672
0.138831
0.138958
0.139069
0.139177
0.139283
0.13938
0.139465
0.139544
0.139616
0.139683
0.139744
0.139807
0.139867
0.139922
0.139977
0.14003
0.140075
0.140108
0.140128
0.140139
0.140146
0.14015
0.140152
0.140154
0.140156
0.140158
0.140158
0.140157
0.140156
0.140152
0.140148
0.140141
0.140132
0.140122
0.140111
0.140099
0.140088
0.140079
0.140067
0.140053
0.140038
0.140019
0.140005
0.140009
0.140031
0.140047
0.140075
0.140076
0.140152
0.140137
0.21076
0.187296
0.15657
0.125997
0.106164
0.10068
0.103561
0.108927
0.11432
0.119
0.122845
0.125932
0.128393
0.130357
0.131929
0.133197
0.134226
0.135068
0.13576
0.136332
0.136801
0.137183
0.137492
0.137756
0.137998
0.138223
0.138427
0.138606
0.138764
0.138905
0.13903
0.139141
0.139241
0.13933
0.13941
0.139482
0.139547
0.139606
0.139659
0.139709
0.139756
0.139799
0.139842
0.139884
0.139924
0.139961
0.139991
0.140013
0.140027
0.140035
0.140039
0.140041
0.140042
0.140041
0.140039
0.140033
0.140021
0.139999
0.139967
0.139949
0.13995
0.139967
0.139998
0.140021
0.140038
0.140054
0.140072
0.14009
0.140106
0.140121
0.140134
0.140145
0.140153
0.140155
0.140164
0.140187
0.140226
0.140256
0.140164
0.140173
0.224341
0.234625
0.239214
0.241725
0.246597
0.247298
0.237766
0.215513
0.183125
0.149255
0.125214
0.115658
0.11599
0.119789
0.123687
0.126819
0.129233
0.131112
0.1326
0.133791
0.134756
0.135544
0.136197
0.136749
0.137222
0.137622
0.137954
0.138229
0.138459
0.138653
0.138816
0.138947
0.139058
0.139162
0.139261
0.13936
0.139448
0.139527
0.1396
0.139668
0.139732
0.139798
0.13986
0.139917
0.139972
0.140026
0.140071
0.140106
0.140128
0.14014
0.140147
0.140151
0.140153
0.140155
0.140157
0.14016
0.14016
0.140159
0.140158
0.140155
0.14015
0.140143
0.140134
0.140124
0.140113
0.140101
0.14009
0.14008
0.140069
0.140054
0.140039
0.140019
0.140006
0.140009
0.140031
0.140047
0.140075
0.140076
0.140155
0.140139
0.207038
0.182292
0.152467
0.124769
0.10789
0.103724
0.106632
0.111551
0.116413
0.120622
0.124089
0.126886
0.129128
0.130926
0.132373
0.133546
0.134501
0.135286
0.135933
0.136467
0.136905
0.13726
0.137553
0.137807
0.138039
0.138252
0.138449
0.138623
0.138777
0.138914
0.139036
0.139145
0.139243
0.139331
0.13941
0.139481
0.139545
0.139604
0.139659
0.13971
0.139757
0.139801
0.139844
0.139886
0.139926
0.139962
0.139992
0.140013
0.140027
0.140035
0.140039
0.140041
0.140042
0.140041
0.140038
0.140032
0.14002
0.139997
0.139963
0.139947
0.139949
0.139968
0.139999
0.140022
0.140039
0.140056
0.140074
0.140092
0.140108
0.140123
0.140137
0.140147
0.140155
0.140157
0.140167
0.140189
0.140231
0.140258
0.140166
0.140177
0.220381
0.233888
0.241331
0.244372
0.247547
0.251066
0.248569
0.235025
0.20913
0.175011
0.142723
0.122641
0.116503
0.118335
0.12229
0.12584
0.128561
0.130633
0.132249
0.133531
0.134561
0.135397
0.136083
0.136659
0.137148
0.137563
0.137908
0.138193
0.138431
0.138631
0.138798
0.138935
0.139047
0.13915
0.139245
0.13934
0.139429
0.13951
0.139585
0.139654
0.139721
0.139789
0.139852
0.13991
0.139967
0.140021
0.140068
0.140104
0.140128
0.140141
0.140148
0.140153
0.140155
0.140157
0.140159
0.140162
0.140162
0.140162
0.14016
0.140157
0.140152
0.140145
0.140136
0.140126
0.140115
0.140103
0.140092
0.140082
0.14007
0.140055
0.14004
0.14002
0.140006
0.140009
0.14003
0.140048
0.140075
0.140076
0.140159
0.140142
0.200672
0.175131
0.146863
0.122744
0.10934
0.106711
0.10968
0.114153
0.118494
0.122241
0.125336
0.127846
0.129869
0.131501
0.132823
0.133899
0.13478
0.135507
0.136107
0.136602
0.137008
0.137339
0.137617
0.137861
0.138083
0.138286
0.138476
0.138643
0.138793
0.138926
0.139045
0.139151
0.139247
0.139333
0.139411
0.139481
0.139546
0.139606
0.139662
0.139713
0.13976
0.139804
0.139846
0.139888
0.139928
0.139963
0.139993
0.140014
0.140027
0.140035
0.140039
0.140042
0.140042
0.140041
0.140038
0.140032
0.140019
0.139994
0.13996
0.139945
0.139949
0.139969
0.14
0.140023
0.14004
0.140057
0.140076
0.140094
0.14011
0.140125
0.140139
0.140149
0.140157
0.140159
0.14017
0.140192
0.140236
0.14026
0.140168
0.140182
0.213499
0.23015
0.241146
0.246642
0.249011
0.252388
0.254256
0.248712
0.231643
0.202872
0.168014
0.137955
0.121479
0.117889
0.120601
0.124475
0.127657
0.130019
0.131807
0.133205
0.134318
0.135214
0.135943
0.136548
0.137059
0.137491
0.137852
0.13815
0.138397
0.138604
0.138777
0.138919
0.139036
0.139138
0.139232
0.139321
0.139411
0.139493
0.139569
0.13964
0.13971
0.139779
0.139844
0.139904
0.139961
0.140016
0.140064
0.140102
0.140127
0.140141
0.140149
0.140154
0.140157
0.140159
0.140161
0.140163
0.140164
0.140164
0.140162
0.140159
0.140154
0.140148
0.140139
0.140128
0.140117
0.140104
0.140093
0.140083
0.140072
0.140057
0.140041
0.140021
0.140006
0.140008
0.14003
0.140048
0.140076
0.140077
0.140163
0.140145
0.191878
0.166318
0.140488
0.12056
0.110776
0.109649
0.112658
0.116692
0.120529
0.123831
0.126567
0.128798
0.130607
0.132076
0.133273
0.134254
0.135061
0.135729
0.136281
0.136737
0.137111
0.137419
0.137682
0.137916
0.138128
0.138323
0.138505
0.138667
0.138811
0.13894
0.139056
0.13916
0.139253
0.139338
0.139414
0.139484
0.139549
0.13961
0.139666
0.139717
0.139764
0.139807
0.139849
0.139891
0.13993
0.139965
0.139994
0.140014
0.140027
0.140035
0.140039
0.140042
0.140043
0.140042
0.140038
0.140031
0.140017
0.139991
0.139957
0.139943
0.139948
0.139971
0.140002
0.140024
0.140041
0.140059
0.140078
0.140096
0.140113
0.140128
0.140141
0.140152
0.140159
0.140161
0.140173
0.140196
0.140242
0.140263
0.14017
0.140186
0.203815
0.223167
0.237851
0.246926
0.251014
0.252847
0.2561
0.256338
0.248063
0.227977
0.197026
0.162192
0.134617
0.121241
0.119505
0.122695
0.126371
0.1292
0.131252
0.132802
0.134019
0.13499
0.135774
0.136416
0.136953
0.137406
0.137786
0.138099
0.138358
0.138573
0.138753
0.138901
0.139022
0.139126
0.13922
0.139307
0.139392
0.139475
0.139553
0.139626
0.139699
0.139769
0.139836
0.139897
0.139955
0.14001
0.14006
0.1401
0.140127
0.140142
0.14015
0.140156
0.140158
0.140161
0.140163
0.140165
0.140167
0.140166
0.140164
0.140161
0.140157
0.14015
0.140141
0.14013
0.140119
0.140106
0.140095
0.140085
0.140073
0.140058
0.140043
0.140022
0.140007
0.140008
0.140029
0.140048
0.140076
0.140077
0.140167
0.140148
0.181082
0.156553
0.134138
0.118776
0.112398
0.112543
0.115529
0.11913
0.122487
0.125369
0.127764
0.129729
0.131333
0.132644
0.13372
0.134606
0.13534
0.135949
0.136453
0.13687
0.137213
0.137501
0.13775
0.137973
0.138174
0.138363
0.138537
0.138693
0.138832
0.138957
0.139069
0.13917
0.139262
0.139344
0.139419
0.139489
0.139554
0.139615
0.139671
0.139722
0.139768
0.139811
0.139853
0.139894
0.139932
0.139967
0.139995
0.140015
0.140028
0.140035
0.14004
0.140042
0.140043
0.140042
0.140038
0.140031
0.140016
0.139988
0.139953
0.139941
0.139948
0.139972
0.140003
0.140025
0.140043
0.140061
0.14008
0.140099
0.140115
0.14013
0.140144
0.140154
0.140161
0.140163
0.140176
0.140199
0.140248
0.140265
0.140172
0.140191
0.191711
0.21295
0.230976
0.24408
0.251646
0.254712
0.256448
0.259129
0.257677
0.246925
0.224271
0.191746
0.157471
0.132382
0.121582
0.121176
0.124588
0.128013
0.130519
0.132304
0.133653
0.134717
0.135568
0.136259
0.136829
0.137307
0.137707
0.138039
0.138311
0.138536
0.138724
0.138879
0.139006
0.139113
0.139208
0.139294
0.139374
0.139457
0.139537
0.139611
0.139687
0.139759
0.139827
0.139889
0.139948
0.140004
0.140056
0.140097
0.140126
0.140143
0.140152
0.140157
0.14016
0.140163
0.140165
0.140168
0.140169
0.140168
0.140167
0.140164
0.14016
0.140153
0.140144
0.140133
0.140121
0.140108
0.140097
0.140087
0.140075
0.14006
0.140044
0.140023
0.140007
0.140008
0.140029
0.140049
0.140076
0.140078
0.140172
0.140151
0.16899
0.146736
0.128589
0.117785
0.1143
0.11538
0.118259
0.121435
0.124343
0.126834
0.128912
0.130626
0.132037
0.133198
0.134157
0.134953
0.135614
0.136165
0.136622
0.137
0.137316
0.137584
0.137819
0.138031
0.138222
0.138405
0.138571
0.138721
0.138855
0.138976
0.139084
0.139183
0.139272
0.139352
0.139426
0.139496
0.139561
0.139622
0.139677
0.139727
0.139773
0.139816
0.139857
0.139897
0.139935
0.139969
0.139996
0.140016
0.140028
0.140036
0.14004
0.140043
0.140043
0.140042
0.140038
0.14003
0.140014
0.139985
0.13995
0.139939
0.139947
0.139974
0.140005
0.140027
0.140044
0.140062
0.140082
0.140101
0.140118
0.140133
0.140147
0.140157
0.140164
0.140166
0.140179
0.140203
0.140254
0.140268
0.140175
0.140196
0.177932
0.199865
0.220426
0.23738
0.249239
0.255676
0.258107
0.259846
0.261712
0.258557
0.245541
0.220698
0.18709
0.153709
0.130962
0.122266
0.122805
0.126281
0.129438
0.131652
0.133208
0.134386
0.13532
0.136071
0.136683
0.137191
0.137615
0.137967
0.138257
0.138494
0.138691
0.138854
0.138988
0.139099
0.139195
0.139282
0.139361
0.139439
0.139519
0.139596
0.139674
0.139747
0.139817
0.139881
0.139941
0.139998
0.140051
0.140094
0.140125
0.140143
0.140153
0.140159
0.140162
0.140165
0.140167
0.14017
0.140171
0.140171
0.140169
0.140167
0.140162
0.140156
0.140146
0.140135
0.140123
0.140111
0.140099
0.140089
0.140077
0.140061
0.140045
0.140024
0.140008
0.140008
0.140028
0.140049
0.140077
0.140078
0.140176
0.140155
0.156613
0.137868
0.124459
0.117754
0.116471
0.118131
0.12082
0.123586
0.126077
0.12821
0.129997
0.131481
0.132711
0.133732
0.134581
0.135289
0.13588
0.136374
0.136785
0.137128
0.137417
0.137668
0.137889
0.138089
0.138273
0.138448
0.138608
0.138751
0.138881
0.138997
0.139102
0.139196
0.139283
0.139361
0.139434
0.139504
0.13957
0.139629
0.139684
0.139733
0.139778
0.13982
0.139861
0.139901
0.139938
0.139971
0.139998
0.140017
0.140029
0.140037
0.140041
0.140043
0.140044
0.140042
0.140038
0.140029
0.140012
0.139982
0.139946
0.139937
0.139948
0.139976
0.140007
0.140028
0.140046
0.140064
0.140084
0.140104
0.140121
0.140136
0.140149
0.14016
0.140166
0.140168
0.140182
0.140208
0.14026
0.14027
0.140177
0.140201
0.163627
0.184721
0.206545
0.226579
0.242719
0.253645
0.259265
0.261271
0.262902
0.2639
0.259127
0.24406
0.217361
0.18305
0.150748
0.130131
0.12314
0.124346
0.12779
0.13068
0.132632
0.133989
0.135022
0.135845
0.136511
0.137056
0.137509
0.137884
0.138193
0.138445
0.138653
0.138825
0.138966
0.139082
0.139181
0.139269
0.139349
0.139423
0.139501
0.13958
0.13966
0.139735
0.139806
0.139872
0.139933
0.139991
0.140045
0.14009
0.140123
0.140143
0.140154
0.140161
0.140164
0.140167
0.140169
0.140172
0.140174
0.140174
0.140172
0.140169
0.140165
0.140158
0.140149
0.140138
0.140126
0.140113
0.140101
0.140091
0.140079
0.140063
0.140047
0.140025
0.140008
0.140008
0.140028
0.140049
0.140077
0.140078
0.140181
0.140159
0.14518
0.130847
0.122057
0.118629
0.118827
0.120753
0.123188
0.125564
0.127677
0.129487
0.13101
0.132285
0.133349
0.13424
0.134985
0.135611
0.136135
0.136574
0.136942
0.137252
0.137518
0.137751
0.137959
0.138147
0.138326
0.138494
0.138647
0.138784
0.138908
0.139019
0.13912
0.139212
0.139295
0.139372
0.139445
0.139514
0.139579
0.139637
0.139691
0.139739
0.139784
0.139826
0.139866
0.139905
0.139942
0.139974
0.14
0.140018
0.14003
0.140037
0.140041
0.140044
0.140044
0.140042
0.140038
0.140029
0.14001
0.139978
0.139943
0.139936
0.139948
0.139979
0.140008
0.14003
0.140048
0.140066
0.140087
0.140107
0.140124
0.140139
0.140152
0.140162
0.140169
0.140171
0.140185
0.140213
0.140267
0.140272
0.140179
0.140206
0.150264
0.168829
0.19022
0.211993
0.231679
0.247251
0.257503
0.262522
0.264177
0.265617
0.265759
0.259484
0.242573
0.214304
0.179579
0.14843
0.12971
0.124098
0.125774
0.12913
0.131769
0.133491
0.134674
0.135578
0.136306
0.136898
0.137385
0.137788
0.138119
0.138389
0.13861
0.138791
0.138941
0.139063
0.139166
0.139256
0.139336
0.139409
0.139483
0.139561
0.139644
0.139722
0.139794
0.139861
0.139924
0.139984
0.140039
0.140086
0.140121
0.140143
0.140156
0.140163
0.140166
0.140169
0.140172
0.140174
0.140176
0.140176
0.140175
0.140172
0.140168
0.140161
0.140152
0.140141
0.140128
0.140115
0.140103
0.140093
0.140081
0.140065
0.140048
0.140027
0.140009
0.140008
0.140027
0.140049
0.140078
0.140079
0.140186
0.140164
0.135885
0.12621
0.121328
0.120201
0.121249
0.123204
0.125346
0.127359
0.129134
0.130656
0.131945
0.133032
0.133947
0.134717
0.135367
0.135914
0.136376
0.136764
0.137093
0.137373
0.137617
0.137833
0.138027
0.138208
0.138383
0.138545
0.138692
0.138822
0.138938
0.139043
0.13914
0.139228
0.139309
0.139384
0.139456
0.139525
0.139589
0.139646
0.139699
0.139746
0.13979
0.139831
0.139871
0.139909
0.139945
0.139977
0.140002
0.14002
0.140031
0.140038
0.140042
0.140044
0.140044
0.140043
0.140038
0.140028
0.140007
0.139974
0.139939
0.139934
0.13995
0.139981
0.14001
0.140032
0.14005
0.140069
0.140089
0.14011
0.140127
0.140142
0.140156
0.140166
0.140172
0.140174
0.140189
0.140218
0.140274
0.140275
0.140182
0.140211
0.139309
0.153896
0.172921
0.194571
0.216386
0.235905
0.251128
0.260922
0.265497
0.266849
0.268045
0.267368
0.259714
0.241146
0.211553
0.17663
0.14665
0.129603
0.1251
0.127084
0.130299
0.132698
0.134223
0.135267
0.136069
0.136714
0.137241
0.137675
0.138032
0.138323
0.138559
0.138753
0.138912
0.139042
0.139149
0.139241
0.139323
0.139397
0.139466
0.139542
0.139627
0.139707
0.139781
0.13985
0.139915
0.139975
0.140032
0.140081
0.140119
0.140143
0.140157
0.140164
0.140169
0.140172
0.140174
0.140177
0.140179
0.140179
0.140178
0.140175
0.140171
0.140165
0.140155
0.140144
0.140131
0.140118
0.140106
0.140095
0.140083
0.140067
0.14005
0.140028
0.14001
0.140008
0.140027
0.14005
0.140078
0.140079
0.140191
0.140169
0.129503
0.123967
0.12193
0.122196
0.123621
0.125449
0.127287
0.12897
0.130446
0.131716
0.132799
0.133719
0.134499
0.135161
0.135722
0.136198
0.136601
0.136944
0.137236
0.13749
0.137713
0.137913
0.138099
0.138278
0.138447
0.138602
0.13874
0.138863
0.138973
0.139071
0.139161
0.139246
0.139324
0.139397
0.139469
0.139537
0.139599
0.139656
0.139707
0.139754
0.139797
0.139837
0.139876
0.139914
0.139949
0.13998
0.140004
0.140021
0.140032
0.140039
0.140043
0.140045
0.140045
0.140043
0.140038
0.140027
0.140005
0.13997
0.139936
0.139934
0.139952
0.139984
0.140012
0.140033
0.140052
0.140071
0.140092
0.140113
0.14013
0.140146
0.140159
0.140169
0.140174
0.140177
0.140193
0.140223
0.140281
0.140278
0.140186
0.140216
0.131755
0.14169
0.156677
0.176064
0.197989
0.219951
0.239453
0.254491
0.263966
0.268181
0.269236
0.270154
0.268721
0.259812
0.239743
0.208996
0.173997
0.14516
0.12965
0.126154
0.128409
0.131455
0.133573
0.134872
0.135776
0.136491
0.137073
0.137546
0.137931
0.138245
0.138501
0.138708
0.138878
0.139016
0.13913
0.139226
0.13931
0.139385
0.139452
0.139524
0.139608
0.13969
0.139767
0.139838
0.139904
0.139967
0.140025
0.140076
0.140116
0.140143
0.140158
0.140166
0.140171
0.140174
0.140177
0.14018
0.140182
0.140182
0.140181
0.140178
0.140174
0.140168
0.140159
0.140147
0.140134
0.14012
0.140108
0.140098
0.140086
0.140069
0.140052
0.140029
0.140011
0.140008
0.140026
0.14005
0.140079
0.140079
0.140197
0.140174
0.126124
0.123668
0.123392
0.12435
0.125843
0.127461
0.129004
0.130395
0.131613
0.132665
0.133568
0.134341
0.135002
0.135566
0.136048
0.136459
0.13681
0.137111
0.137372
0.137601
0.137807
0.137997
0.138181
0.138355
0.138515
0.13866
0.13879
0.138905
0.139008
0.1391
0.139184
0.139264
0.13934
0.139412
0.139483
0.139549
0.13961
0.139665
0.139716
0.139761
0.139804
0.139843
0.139882
0.139919
0.139953
0.139983
0.140006
0.140023
0.140033
0.14004
0.140044
0.140046
0.140046
0.140043
0.140038
0.140025
0.140002
0.139966
0.139933
0.139933
0.139955
0.139986
0.140014
0.140035
0.140054
0.140073
0.140095
0.140116
0.140134
0.140149
0.140162
0.140172
0.140177
0.14018
0.140197
0.14023
0.140289
0.14028
0.14019
0.140221
0.127618
0.133169
0.143194
0.158344
0.178001
0.200289
0.222634
0.242446
0.257637
0.267073
0.271078
0.271811
0.272256
0.270094
0.260175
0.238939
0.207282
0.17214
0.14395
0.129337
0.12654
0.129191
0.132355
0.134385
0.135511
0.136256
0.136868
0.137388
0.137815
0.138158
0.138434
0.138657
0.138839
0.138987
0.139109
0.139209
0.139295
0.139372
0.13944
0.139507
0.139586
0.139672
0.139751
0.139825
0.139893
0.139956
0.140016
0.140069
0.140112
0.140141
0.140159
0.140168
0.140173
0.140177
0.140179
0.140182
0.140184
0.140185
0.140184
0.140182
0.140178
0.140171
0.140162
0.14015
0.140137
0.140123
0.140111
0.1401
0.140088
0.140071
0.140053
0.140031
0.140012
0.140008
0.140026
0.14005
0.140079
0.140079
0.140202
0.14018
0.125164
0.124654
0.125293
0.126491
0.127877
0.129251
0.13052
0.131655
0.132649
0.133513
0.13426
0.134905
0.135459
0.135936
0.136346
0.136698
0.137002
0.137267
0.1375
0.13771
0.137906
0.138093
0.13827
0.138435
0.138585
0.13872
0.138841
0.138948
0.139045
0.139131
0.13921
0.139284
0.139356
0.139427
0.139497
0.139562
0.139621
0.139675
0.139725
0.139769
0.139811
0.13985
0.139887
0.139923
0.139957
0.139986
0.140008
0.140024
0.140035
0.140041
0.140045
0.140046
0.140046
0.140044
0.140037
0.140024
0.139998
0.139962
0.139931
0.139933
0.139957
0.139989
0.140017
0.140037
0.140056
0.140076
0.140098
0.14012
0.140138
0.140153
0.140166
0.140175
0.140181
0.140184
0.140202
0.140236
0.140296
0.140283
0.140195
0.140225
0.126646
0.128513
0.133102
0.14174
0.155331
0.173718
0.195448
0.218133
0.239103
0.256018
0.267388
0.27307
0.274593
0.27441
0.272134
0.263189
0.243849
0.214304
0.180242
0.150939
0.13343
0.127883
0.129248
0.132347
0.134673
0.135944
0.13665
0.13717
0.137625
0.138015
0.13833
0.138581
0.138781
0.138943
0.139075
0.139184
0.139275
0.139354
0.139424
0.13949
0.13956
0.139645
0.139729
0.139806
0.139877
0.139943
0.140005
0.140061
0.140107
0.140139
0.140159
0.14017
0.140176
0.14018
0.140183
0.140186
0.140188
0.140189
0.140188
0.140186
0.140182
0.140176
0.140167
0.140155
0.140141
0.140127
0.140114
0.140103
0.140091
0.140074
0.140056
0.140033
0.140013
0.140008
0.140025
0.14005
0.14008
0.140079
0.140208
0.140186
0.126327
0.126857
0.12782
0.128946
0.130084
0.131155
0.132129
0.132996
0.13376
0.134429
0.135012
0.13552
0.135961
0.136344
0.136677
0.136968
0.137225
0.137454
0.137665
0.137862
0.138048
0.138224
0.138387
0.138537
0.138673
0.138796
0.138905
0.139004
0.139092
0.139171
0.139244
0.139312
0.139379
0.139448
0.139517
0.13958
0.139637
0.13969
0.139737
0.139781
0.139821
0.139859
0.139896
0.139931
0.139963
0.13999
0.140012
0.140027
0.140037
0.140043
0.140046
0.140048
0.140047
0.140044
0.140037
0.140021
0.139994
0.139957
0.139928
0.139934
0.139961
0.139992
0.140019
0.14004
0.140059
0.14008
0.140102
0.140125
0.140142
0.140157
0.140171
0.14018
0.140184
0.140188
0.140207
0.140244
0.140305
0.140286
0.140201
0.140231
0.128123
0.127938
0.128756
0.131555
0.137646
0.148292
0.16406
0.184292
0.207076
0.229751
0.249594
0.26446
0.273361
0.276953
0.276725
0.275385
0.269273
0.254047
0.228242
0.195458
0.163736
0.141182
0.130764
0.12943
0.131912
0.134545
0.136147
0.136946
0.137419
0.137813
0.138167
0.138463
0.138696
0.13888
0.139027
0.139147
0.139246
0.13933
0.139403
0.13947
0.139534
0.139613
0.139699
0.139781
0.139857
0.139926
0.13999
0.140049
0.140099
0.140136
0.14016
0.140173
0.14018
0.140184
0.140187
0.14019
0.140193
0.140194
0.140193
0.140191
0.140187
0.140181
0.140172
0.14016
0.140146
0.140131
0.140118
0.140107
0.140095
0.140077
0.140059
0.140035
0.140014
0.140008
0.140024
0.14005
0.140081
0.140079
0.140215
0.140193
0.128754
0.129589
0.130491
0.13138
0.132216
0.132981
0.133672
0.134289
0.134837
0.135322
0.135751
0.136129
0.136463
0.13676
0.137024
0.137263
0.137483
0.137686
0.137877
0.138056
0.138225
0.138382
0.138527
0.138659
0.138778
0.138885
0.138982
0.139069
0.139147
0.139219
0.139284
0.139346
0.139408
0.139475
0.139542
0.139603
0.139658
0.139707
0.139753
0.139795
0.139833
0.13987
0.139906
0.13994
0.13997
0.139996
0.140016
0.14003
0.140039
0.140045
0.140048
0.140049
0.140048
0.140044
0.140036
0.140018
0.139988
0.139951
0.139925
0.139936
0.139965
0.139997
0.140023
0.140043
0.140063
0.140084
0.140107
0.14013
0.140148
0.140163
0.140176
0.140185
0.140189
0.140193
0.140213
0.140254
0.140315
0.140289
0.140208
0.140236
0.130424
0.129718
0.129181
0.129214
0.13058
0.134466
0.142293
0.155189
0.1733
0.195396
0.21906
0.24135
0.259565
0.271952
0.278182
0.279767
0.278814
0.274543
0.262602
0.240258
0.209284
0.176325
0.149798
0.134781
0.130322
0.131658
0.134333
0.136244
0.137197
0.137663
0.137999
0.138311
0.138583
0.138801
0.13897
0.139104
0.139213
0.139304
0.139381
0.139449
0.139512
0.139582
0.139666
0.139752
0.139833
0.139906
0.139974
0.140036
0.14009
0.140131
0.140159
0.140175
0.140183
0.140188
0.140191
0.140194
0.140197
0.140199
0.140199
0.140197
0.140193
0.140187
0.140178
0.140165
0.140151
0.140136
0.140122
0.14011
0.140099
0.140081
0.140061
0.140038
0.140016
0.140008
0.140024
0.14005
0.140082
0.140079
0.140221
0.140201
0.131156
0.13188
0.132571
0.133214
0.133804
0.134341
0.134827
0.135265
0.13566
0.136015
0.136335
0.136623
0.136886
0.137125
0.137345
0.13755
0.137741
0.137922
0.138091
0.13825
0.138399
0.138535
0.13866
0.138774
0.138878
0.138971
0.139056
0.139132
0.139202
0.139265
0.139324
0.13938
0.139439
0.139504
0.139568
0.139626
0.139678
0.139726
0.139769
0.139809
0.139846
0.139882
0.139916
0.139949
0.139978
0.140002
0.14002
0.140033
0.140042
0.140047
0.14005
0.14005
0.140049
0.140045
0.140034
0.140014
0.139982
0.139945
0.139923
0.13994
0.13997
0.140001
0.140026
0.140047
0.140067
0.140089
0.140113
0.140136
0.140154
0.140169
0.140181
0.14019
0.140193
0.140198
0.140221
0.140265
0.140325
0.140292
0.140217
0.14024
0.132557
0.131917
0.1312
0.130487
0.130023
0.130354
0.132456
0.13772
0.147611
0.163009
0.183517
0.207265
0.231347
0.252643
0.268684
0.278316
0.282121
0.281475
0.278462
0.269318
0.250419
0.221846
0.188681
0.159125
0.13982
0.131926
0.131644
0.13408
0.136245
0.137396
0.137893
0.138184
0.138451
0.138697
0.138899
0.139054
0.139176
0.139274
0.139356
0.139428
0.139492
0.139555
0.139633
0.13972
0.139805
0.139884
0.139955
0.140021
0.140079
0.140125
0.140157
0.140176
0.140187
0.140192
0.140196
0.140199
0.140202
0.140204
0.140204
0.140202
0.140199
0.140193
0.140183
0.140171
0.140157
0.140141
0.140126
0.140114
0.140103
0.140085
0.140065
0.14004
0.140017
0.140008
0.140023
0.140049
0.140083
0.140079
0.140228
0.140208
0.133124
0.133646
0.134128
0.134574
0.134984
0.13536
0.135706
0.136023
0.136315
0.136583
0.136829
0.137058
0.13727
0.137469
0.137655
0.137831
0.137997
0.138153
0.1383
0.138436
0.138563
0.138679
0.138786
0.138883
0.138972
0.139053
0.139126
0.139193
0.139254
0.13931
0.139362
0.139414
0.13947
0.139533
0.139595
0.139649
0.139699
0.139744
0.139785
0.139824
0.13986
0.139894
0.139927
0.139958
0.139985
0.140007
0.140025
0.140036
0.140044
0.140049
0.140051
0.140052
0.14005
0.140044
0.140032
0.140009
0.139975
0.139939
0.139923
0.139945
0.139976
0.140006
0.14003
0.140051
0.140072
0.140094
0.140119
0.140142
0.14016
0.140175
0.140187
0.140195
0.140198
0.140204
0.140228
0.140276
0.140335
0.140296
0.140227
0.140244
0.134243
0.133791
0.13324
0.13258
0.131833
0.131119
0.130775
0.131541
0.134637
0.141639
0.153967
0.172095
0.194951
0.219978
0.243863
0.263477
0.276758
0.283207
0.284185
0.281885
0.274821
0.259036
0.233124
0.200538
0.168834
0.145691
0.134235
0.131949
0.133852
0.136175
0.13754
0.138101
0.138356
0.138574
0.138792
0.13898
0.139126
0.139239
0.13933
0.139405
0.139472
0.139533
0.139601
0.139685
0.139773
0.139857
0.139934
0.140003
0.140065
0.140117
0.140154
0.140177
0.14019
0.140196
0.1402
0.140204
0.140207
0.140209
0.14021
0.140208
0.140205
0.140199
0.14019
0.140177
0.140162
0.140146
0.14013
0.140119
0.140107
0.140089
0.140068
0.140043
0.140019
0.140008
0.140022
0.140049
0.140084
0.140078
0.140234
0.140217
0.134629
0.13498
0.135307
0.135613
0.135899
0.136166
0.136417
0.136651
0.136872
0.137079
0.137273
0.137457
0.137632
0.137797
0.137953
0.138101
0.138241
0.138372
0.138495
0.13861
0.138716
0.138813
0.138903
0.138985
0.13906
0.139129
0.139192
0.13925
0.139303
0.139353
0.1394
0.139448
0.139502
0.139563
0.139621
0.139673
0.13972
0.139762
0.139802
0.139838
0.139873
0.139906
0.139938
0.139967
0.139992
0.140013
0.140029
0.14004
0.140047
0.140051
0.140053
0.140053
0.140051
0.140044
0.140029
0.140003
0.139967
0.139933
0.139925
0.13995
0.139981
0.14001
0.140034
0.140055
0.140076
0.140099
0.140125
0.140149
0.140167
0.140182
0.140193
0.140201
0.140203
0.14021
0.140237
0.140289
0.140345
0.140299
0.140238
0.140247
0.135529
0.135231
0.134864
0.134409
0.133843
0.13315
0.132365
0.131667
0.13153
0.132938
0.137385
0.146588
0.161768
0.182797
0.207792
0.233514
0.25635
0.273376
0.283187
0.286432
0.284705
0.279196
0.26615
0.242991
0.211578
0.17854
0.152112
0.137141
0.132579
0.133689
0.136068
0.137664
0.138335
0.138578
0.138743
0.138916
0.139074
0.1392
0.139299
0.13938
0.13945
0.139512
0.139574
0.13965
0.139738
0.139826
0.139909
0.139983
0.14005
0.140106
0.140149
0.140177
0.140192
0.1402
0.140205
0.140209
0.140212
0.140215
0.140215
0.140214
0.140211
0.140205
0.140196
0.140184
0.140168
0.140151
0.140135
0.140123
0.140111
0.140093
0.140072
0.140046
0.140021
0.140009
0.140021
0.140049
0.140084
0.140078
0.140241
0.140225
0.13578
0.136013
0.136233
0.136443
0.136644
0.136837
0.137021
0.137197
0.137365
0.137526
0.137681
0.137828
0.137969
0.138103
0.138231
0.138352
0.138467
0.138574
0.138675
0.138769
0.138856
0.138936
0.139011
0.139079
0.139142
0.139201
0.139255
0.139304
0.139351
0.139394
0.139436
0.139481
0.139534
0.139593
0.139648
0.139696
0.13974
0.139781
0.139818
0.139853
0.139886
0.139918
0.139948
0.139976
0.139999
0.140019
0.140033
0.140043
0.14005
0.140053
0.140055
0.140055
0.140051
0.140042
0.140025
0.139996
0.13996
0.139929
0.139928
0.139956
0.139987
0.140015
0.140039
0.14006
0.140082
0.140105
0.140132
0.140156
0.140174
0.140188
0.1402
0.140206
0.140209
0.140217
0.140246
0.140302
0.140356
0.140303
0.14025
0.140249
0.13653
0.136336
0.136097
0.135805
0.135439
0.134974
0.134377
0.133634
0.132806
0.132169
0.132386
0.134754
0.141049
0.153016
0.171456
0.195399
0.222042
0.247554
0.268271
0.281823
0.287748
0.287287
0.282956
0.272207
0.251716
0.221865
0.188159
0.158981
0.140606
0.133522
0.133515
0.135737
0.137495
0.138299
0.138595
0.138783
0.138975
0.139144
0.139268
0.139358
0.139429
0.139492
0.139552
0.139618
0.139701
0.139791
0.139879
0.13996
0.140032
0.140093
0.140142
0.140175
0.140194
0.140204
0.14021
0.140214
0.140217
0.14022
0.140221
0.14022
0.140217
0.140212
0.140203
0.14019
0.140175
0.140157
0.140141
0.140128
0.140116
0.140098
0.140076
0.14005
0.140024
0.140009
0.140021
0.140048
0.140085
0.140078
0.140248
0.140234
0.136691
0.136842
0.136989
0.137133
0.137275
0.137413
0.137547
0.137679
0.137806
0.13793
0.138049
0.138164
0.138275
0.138381
0.138482
0.138578
0.13867
0.138755
0.138836
0.138911
0.138982
0.139048
0.139109
0.139165
0.139218
0.139267
0.139313
0.139355
0.139395
0.139433
0.139472
0.139515
0.139566
0.139622
0.139674
0.13972
0.139761
0.139799
0.139834
0.139868
0.139899
0.13993
0.139958
0.139984
0.140006
0.140024
0.140037
0.140046
0.140052
0.140055
0.140057
0.140056
0.140051
0.14004
0.14002
0.139989
0.139951
0.139925
0.139933
0.139962
0.139993
0.14002
0.140044
0.140065
0.140087
0.140112
0.140139
0.140164
0.140181
0.140196
0.140207
0.140212
0.140215
0.140224
0.140256
0.140316
0.140366
0.140306
0.140263
0.140251
0.13735
0.137225
0.137071
0.136884
0.136654
0.136366
0.135996
0.135509
0.134865
0.134058
0.133201
0.132718
0.133547
0.137357
0.146161
0.161521
0.183491
0.210013
0.237332
0.26122
0.278336
0.287174
0.288741
0.285194
0.276257
0.258344
0.230497
0.196972
0.165962
0.144841
0.13556
0.134537
0.136559
0.138291
0.138939
0.138983
0.138963
0.13905
0.139192
0.139316
0.139406
0.139473
0.139531
0.139591
0.139665
0.139752
0.139844
0.139931
0.140009
0.140076
0.140131
0.14017
0.140195
0.140208
0.140215
0.140219
0.140223
0.140226
0.140228
0.140227
0.140225
0.140219
0.140211
0.140198
0.140182
0.140164
0.140146
0.140133
0.140121
0.140103
0.140081
0.140054
0.140027
0.14001
0.14002
0.140048
0.140085
0.140078
0.140253
0.140243
0.137447
0.13754
0.137633
0.137728
0.137824
0.137919
0.138015
0.138109
0.138202
0.138292
0.138381
0.138468
0.138551
0.138632
0.138709
0.138783
0.138853
0.138919
0.138982
0.139042
0.139098
0.13915
0.1392
0.139246
0.139289
0.13933
0.139368
0.139404
0.139438
0.139472
0.139507
0.139549
0.139598
0.139652
0.1397
0.139743
0.139782
0.139818
0.139851
0.139883
0.139913
0.139942
0.139969
0.139993
0.140013
0.140029
0.140041
0.140049
0.140055
0.140058
0.140058
0.140056
0.14005
0.140037
0.140013
0.13998
0.139944
0.139925
0.139939
0.139969
0.139999
0.140026
0.140049
0.140071
0.140094
0.140119
0.140148
0.140172
0.140189
0.140203
0.140214
0.140219
0.140221
0.140232
0.140268
0.140332
0.140376
0.140311
0.140279
0.140248
0.13797
0.137892
0.137792
0.13767
0.13752
0.137337
0.137107
0.136812
0.136419
0.135881
0.135154
0.134252
0.133384
0.133202
0.135045
0.141011
0.153277
0.172993
0.199184
0.228535
0.256348
0.278113
0.291034
0.294927
0.291345
0.282626
0.265657
0.238419
0.203847
0.169778
0.144741
0.132561
0.130741
0.133696
0.136852
0.138584
0.139122
0.139183
0.139203
0.139279
0.139373
0.139453
0.139516
0.139572
0.139635
0.139716
0.139809
0.139903
0.139988
0.140062
0.140122
0.140166
0.140195
0.140211
0.140219
0.140224
0.140228
0.140231
0.140233
0.140233
0.14023
0.140225
0.140217
0.140204
0.140188
0.14017
0.140151
0.140137
0.140125
0.140108
0.140084
0.140057
0.140029
0.14001
0.140019
0.140047
0.140087
0.140076
0.140261
0.140252
0.138023
0.138076
0.138132
0.138191
0.138253
0.138317
0.138382
0.138448
0.138513
0.138579
0.138644
0.138707
0.138769
0.138829
0.138888
0.138944
0.138998
0.139049
0.139099
0.139146
0.13919
0.139233
0.139273
0.139311
0.139347
0.139381
0.139413
0.139443
0.139473
0.139504
0.139538
0.139579
0.139626
0.139677
0.139723
0.139763
0.139799
0.139833
0.139865
0.139895
0.139924
0.139952
0.139977
0.14
0.140019
0.140033
0.140044
0.140052
0.140057
0.140059
0.14006
0.140057
0.140049
0.140033
0.140007
0.139971
0.139937
0.139925
0.139945
0.139975
0.140005
0.140031
0.140053
0.140076
0.140099
0.140126
0.140155
0.140179
0.140196
0.14021
0.14022
0.140224
0.140226
0.140239
0.140279
0.140346
0.140386
0.140311
0.140289
0.14025
0.138764
0.13874
0.138701
0.13865
0.138584
0.138499
0.138393
0.138257
0.138081
0.137844
0.137508
0.137017
0.136314
0.135402
0.134515
0.134361
0.136324
0.142476
0.154748
0.173935
0.198855
0.226337
0.252141
0.272406
0.284857
0.289425
0.286571
0.276578
0.2572
0.228988
0.196916
0.168358
0.148855
0.139304
0.136698
0.137186
0.138215
0.138862
0.139134
0.13925
0.139334
0.139414
0.139484
0.139543
0.139599
0.139666
0.139749
0.139842
0.139936
0.140021
0.140093
0.14015
0.14019
0.140214
0.140226
0.140233
0.140238
0.140241
0.140244
0.140245
0.140243
0.140239
0.140231
0.140218
0.140202
0.140182
0.140162
0.140147
0.140134
0.140117
0.140093
0.140064
0.140035
0.140012
0.140018
0.140047
0.140086
0.140079
0.140266
0.14027
0.138766
0.138772
0.138782
0.138799
0.138819
0.138844
0.138872
0.138902
0.138934
0.138966
0.139
0.139034
0.139068
0.139103
0.139136
0.13917
0.139203
0.139235
0.139266
0.139297
0.139327
0.139355
0.139383
0.139409
0.139435
0.139459
0.139483
0.139506
0.13953
0.139557
0.139589
0.139629
0.139675
0.139721
0.139761
0.139797
0.13983
0.139861
0.13989
0.139918
0.139944
0.139969
0.139992
0.140012
0.140029
0.140041
0.140051
0.140057
0.140061
0.140063
0.140061
0.140056
0.140044
0.140023
0.139992
0.139957
0.139932
0.139932
0.139957
0.139987
0.140015
0.14004
0.140063
0.140087
0.140112
0.14014
0.14017
0.140194
0.140211
0.140224
0.140232
0.140235
0.140238
0.140256
0.140303
0.140375
0.140398
0.140321
0.140325
0.140236
)
;

boundaryField
{
    inlet
    {
        type            freestream;
        freestreamValue uniform 0.14;
        value           nonuniform List<scalar> 
134
(
0.14
0.14
0.14
0.14
0.14
0.14
0.14
0.14
0.14
0.14
0.140008
0.140016
0.140026
0.140035
0.140044
0.140053
0.140062
0.14007
0.140078
0.140085
0.14
0.140092
0.140098
0.140104
0.140108
0.140112
0.140115
0.140118
0.140121
0.140123
0.14
0.140125
0.140125
0.140126
0.140126
0.140126
0.140126
0.140126
0.140128
0.140129
0.14
0.14
0.14
0.14
0.14
0.14
0.14
0.14013
0.14013
0.140131
0.140132
0.140134
0.140135
0.140137
0.140139
0.140142
0.140145
0.140148
0.140151
0.140155
0.140159
0.140164
0.140169
0.140174
0.14018
0.140186
0.140193
0.140201
0.140208
0.140217
0.140225
0.140234
0.140243
0.140252
0.14027
0.14
0.14
0.14
0.14
0.14
0.14
0.14
0.14
0.14
0.14
0.14
0.14
0.14
0.14
0.14
0.14
0.14
0.14
0.14
0.14
0.14
0.14
0.14
0.14
0.14
0.14
0.14
0.14
0.14
0.14
0.14
0.14
0.14
0.14
0.14
0.14
0.14
0.14
0.14
0.14
0.14
0.14
0.14
0.14
0.14
0.14
0.14
0.14
0.14
0.14
0.14
0.14
0.14
0.14
0.14
0.14
0.14
0.14
0.14
)
;
    }
    outlet
    {
        type            freestream;
        freestreamValue uniform 0.14;
        value           nonuniform List<scalar> 
160
(
0.138764
0.138766
0.13874
0.138772
0.138701
0.138782
0.13865
0.138799
0.138584
0.138819
0.138499
0.138844
0.138393
0.138872
0.138257
0.138902
0.138081
0.138934
0.137844
0.138966
0.137508
0.139
0.137017
0.139034
0.136314
0.139068
0.135402
0.139103
0.134515
0.139136
0.134361
0.13917
0.136324
0.139203
0.142476
0.139235
0.154748
0.139266
0.173935
0.139297
0.198855
0.139327
0.226337
0.139355
0.252141
0.139383
0.272406
0.139409
0.284857
0.139435
0.289425
0.139459
0.286571
0.139483
0.276578
0.139506
0.2572
0.13953
0.228988
0.139557
0.196916
0.139589
0.168358
0.139629
0.148855
0.139675
0.139304
0.139721
0.136698
0.139761
0.137186
0.139797
0.138215
0.13983
0.138862
0.139861
0.139134
0.13989
0.13925
0.139918
0.139334
0.139944
0.139414
0.139969
0.139484
0.139992
0.139543
0.140012
0.139599
0.140029
0.139666
0.140041
0.139749
0.140051
0.139842
0.140057
0.139936
0.140061
0.140021
0.140063
0.140093
0.140061
0.14015
0.140056
0.14019
0.140044
0.140214
0.140023
0.140226
0.139992
0.140233
0.139957
0.140238
0.139932
0.140241
0.139932
0.140244
0.139957
0.140245
0.139987
0.140243
0.140015
0.140239
0.14004
0.140231
0.140063
0.140218
0.140087
0.140202
0.140112
0.140182
0.14014
0.140162
0.14017
0.140147
0.140194
0.140134
0.140211
0.140117
0.140224
0.140093
0.140232
0.140064
0.140235
0.140035
0.140238
0.140012
0.140256
0.140018
0.140303
0.140047
0.140375
0.140086
0.140398
0.140079
0.140321
0.140266
0.140325
0.14027
0.140236
)
;
    }
    walls
    {
        type            fixedValue;
        value           nonuniform List<scalar> 
78
(
0.0702518
0.0777961
0.0846028
0.0908756
0.0973747
0.104262
0.111828
0.12025
0.129769
0.140472
0.152323
0.165226
0.17871
0.192203
0.205033
0.216455
0.225946
0.233322
0.23805
0.240341
0.240618
0.239347
0.236791
0.233278
0.22926
0.225051
0.220634
0.215817
0.210465
0.204574
0.198142
0.191148
0.18355
0.175453
0.166536
0.156538
0.145113
0.131384
0.0925693
0.0616328
0.0534317
0.0529441
0.0529549
0.0641566
0.0745908
0.0832325
0.0910034
0.0988224
0.107174
0.11626
0.126018
0.136077
0.145957
0.15499
0.162734
0.168969
0.173783
0.177449
0.180364
0.182905
0.185359
0.187903
0.190572
0.19301
0.194833
0.195865
0.196281
0.196219
0.195654
0.194487
0.192643
0.1901
0.186918
0.183101
0.178681
0.172826
0.166646
0.147266
)
;
    }
    frontAndBack
    {
        type            empty;
    }
}


// ************************************************************************* //
