/*--------------------------------*- C++ -*----------------------------------*\
  =========                 |
  \\      /  F ield         | OpenFOAM: The Open Source CFD Toolbox
   \\    /   O peration     | Website:  https://openfoam.org
    \\  /    A nd           | Version:  12
     \\/     M anipulation  |
\*---------------------------------------------------------------------------*/
FoamFile
{
    format      ascii;
    class       volScalarField;
    location    "150";
    object      p;
}
// * * * * * * * * * * * * * * * * * * * * * * * * * * * * * * * * * * * * * //

dimensions      [0 2 -2 0 0 0 0];

internalField   nonuniform List<scalar> 
10720
(
556.556
459.501
336.179
199.252
54.9973
-102.058
-256.452
-402.68
-542.296
-667.468
-778.894
-876.871
-961.119
-1032.28
-1090.34
-1134.26
-1165.34
-1181.19
-1184.3
-1171.52
-1144.02
-1099.57
-1042.35
-974.012
-902.033
-837.653
-779.354
-719.938
-659.055
-597.381
-534.728
-470.973
-406.025
-339.558
-271.096
-198.461
-119.867
-21.9979
92.1931
640.728
709.911
765.823
796.886
803.773
787.721
740.389
666.996
580.953
491.717
407.877
335.202
273.372
221.57
178.987
141.696
108.789
78.2396
49.0598
19.5471
-10.196
-41.0219
-72.3792
-102.839
-126.541
-140.676
-148.92
-152.744
-152.25
-147.272
-138.066
-124.966
-108.233
-87.8363
-63.6316
-34.345
1.87118
54.8917
135.568
578.287
506.222
417.579
314.399
199.755
74.2385
-56.6959
-188.68
-319.191
-443.975
-560.872
-668.317
-765.003
-850.116
-922.831
-982.19
-1028.36
-1059.89
-1076.94
-1077.78
-1063.11
-1032.07
-987.645
-931.89
-871.076
-814.253
-760.825
-705.274
-647.424
-588.138
-527.42
-465.235
-401.559
-336.113
-268.447
-196.423
-118.311
-20.7777
91.3719
637.637
688.53
730.821
758.373
766.733
753.466
716.915
661.469
594.068
520.97
448.148
380.209
318.805
264.444
217.036
174.866
137.044
102.252
69.4801
37.4273
5.81131
-25.9942
-57.6114
-87.6799
-111.714
-127.345
-137.228
-142.589
-143.482
-139.806
-131.808
-119.802
-104.024
-84.4398
-60.8913
-32.1119
3.70245
56.4358
134.585
556.587
493.653
415.873
323.641
220.29
106.119
-15.7431
-140.878
-266.084
-388.243
-504.096
-611.696
-709.471
-796.189
-870.867
-932.768
-981.379
-1015.64
-1035.17
-1039.49
-1028.65
-1002.36
-962.742
-912.18
-855.913
-801.415
-749.299
-695.389
-639.144
-581.288
-521.854
-460.774
-398.023
-333.333
-266.263
-194.708
-116.986
-19.9869
90.1023
608.105
651.867
687.971
712.115
720.991
712.444
684.658
640.197
583.347
518.937
452.09
387.274
327.053
272.591
224.238
181.232
142.627
107.335
74.3093
42.4137
11.1155
-20.0506
-50.8221
-79.988
-104.033
-120.588
-131.279
-137.288
-138.763
-135.66
-128.21
-116.714
-101.396
-82.2213
-59.0126
-30.5063
5.08189
57.4224
132.89
529.429
476.22
410.248
332.106
244.296
146.113
40.1626
-70.4376
-183.329
-295.776
-404.99
-508.91
-605.674
-693.728
-771.652
-838.333
-892.759
-933.868
-961.092
-973.768
-971.588
-954.268
-923.308
-881.038
-831.851
-782.09
-733.265
-682.332
-628.595
-572.779
-515.048
-455.384
-393.798
-330.058
-263.743
-192.802
-115.617
-19.4452
88.4065
573.177
610.447
641.833
663.767
673.147
668.1
646.98
611.526
564.874
510.557
452.616
394.735
339.253
287.533
240.235
197.186
157.823
121.445
87.2556
54.3938
22.3455
-9.20963
-40.0496
-69.0926
-93.5166
-111.093
-122.799
-129.776
-132.21
-130.047
-123.474
-112.766
-98.1359
-79.5492
-56.8204
-28.7005
6.54584
58.2825
130.979
497.312
450.608
392.526
323.614
246.23
159.017
64.0753
-36.0532
-139.703
-244.44
-347.811
-447.8
-542.4
-629.835
-708.512
-777.063
-834.233
-878.917
-910.218
-927.371
-929.924
-917.791
-892.238
-855.52
-811.423
-765.233
-718.847
-670.144
-618.394
-564.278
-508.047
-449.698
-389.247
-326.471
-260.959
-190.702
-114.169
-19.0341
86.287
535.829
568.579
596.589
616.889
626.658
624.326
608.434
580.089
541.627
495.621
445.233
393.503
342.488
293.63
247.832
205.342
165.968
129.309
94.7944
61.7647
29.7371
-1.54855
-31.9076
-60.3988
-84.7543
-102.951
-115.44
-123.185
-126.373
-124.946
-119.065
-108.996
-94.9422
-76.8678
-54.5761
-26.8307
8.04334
59.0704
128.914
464.676
423.274
371.759
310.736
242.471
165.211
80.7698
-8.80917
-102.419
-198.021
-293.603
-387.425
-477.565
-562.239
-639.818
-708.777
-767.66
-815.236
-850.354
-872.274
-880.437
-874.64
-855.742
-825.659
-787.56
-745.827
-702.602
-656.619
-607.248
-555.124
-500.586
-443.679
-384.442
-322.685
-258.021
-188.506
-112.714
-18.822
83.7536
498.981
528.197
553.611
572.658
582.707
582.427
570.554
547.808
516.026
477.153
433.686
388.12
342.152
297.1
253.92
213.047
174.537
138.234
103.788
70.7468
38.7388
7.59033
-22.5077
-50.709
-75.1478
-94.0085
-107.346
-115.916
-119.924
-119.318
-114.226
-104.89
-91.4952
-74.0023
-52.2063
-24.8884
9.55049
59.7367
126.666
432.68
395.435
349.101
294.296
233.273
164.036
88.1728
7.42211
-77.5573
-165.038
-253.389
-341.161
-426.578
-507.95
-583.657
-652.086
-711.686
-761.094
-799.038
-824.597
-837.086
-836.154
-822.461
-797.707
-764.614
-726.812
-686.483
-643.025
-595.927
-545.749
-492.888
-437.429
-379.431
-318.726
-254.951
-186.232
-111.268
-18.8134
80.8537
463.677
490.131
513.498
531.521
541.748
543.041
534.307
516.001
489.628
456.693
419.197
379.192
338.038
296.864
256.59
217.724
180.488
144.935
110.91
78.15
46.4111
15.602
-14.0779
-41.8723
-66.2313
-85.5372
-99.5606
-108.849
-113.595
-113.748
-109.397
-100.758
-88.0005
-71.0812
-49.7847
-22.9167
11.0415
60.2634
124.259
402.132
368.293
326.24
276.61
221.641
159.223
90.7895
17.8555
-59.2185
-139.01
-220.171
-301.554
-381.615
-458.819
-531.623
-598.445
-657.694
-707.934
-747.801
-776.248
-792.539
-796.224
-787.671
-768.255
-740.233
-706.583
-669.42
-628.67
-583.985
-535.873
-484.785
-430.857
-374.17
-314.58
-251.752
-183.893
-109.836
-18.9906
77.6527
430.432
454.647
476.342
493.499
503.816
506.319
500.045
485.283
463.3
435.304
402.937
367.905
331.287
294.015
256.905
220.45
184.963
150.622
117.423
85.2545
54.0002
23.6511
-5.56939
-32.9716
-57.2289
-76.8994
-91.5569
-101.544
-107.023
-107.944
-104.354
-96.4388
-84.3493
-68.0348
-47.2734
-20.8991
12.5167
60.6487
121.718
373.324
342.306
303.817
258.503
208.582
151.917
89.8067
23.6178
-46.519
-119.393
-193.915
-269.201
-343.921
-416.725
-486.211
-550.859
-609.1
-659.479
-700.574
-731.258
-750.65
-758.211
-754.049
-739.294
-715.824
-686.077
-652.009
-613.923
-571.64
-525.62
-476.344
-423.996
-368.672
-310.253
-248.432
-181.502
-108.431
-19.3485
74.1971
399.385
421.753
442.051
458.447
468.777
472.216
467.892
455.983
437.578
413.689
385.687
355.012
322.522
288.966
255.036
221.166
187.691
154.861
122.77
91.4381
60.862
31.1139
2.44297
-24.5067
-48.5787
-68.4814
-83.6601
-94.2711
-100.428
-102.077
-99.2234
-92.021
-80.5996
-64.9004
-44.6946
-18.8508
13.9633
60.8874
119.047
346.356
317.722
282.257
240.616
194.984
143.235
86.5844
26.2792
-37.7047
-104.325
-172.705
-242.172
-311.595
-379.839
-445.649
-507.6
-564.218
-614.058
-655.69
-687.911
-709.766
-720.667
-720.46
-710.017
-690.856
-664.935
-634.01
-598.639
-558.808
-514.941
-467.538
-416.827
-362.925
-305.737
-244.986
-179.063
-107.066
-19.8937
70.5146
370.524
391.325
410.432
426.147
436.43
440.591
437.829
428.232
412.764
392.295
367.998
341.112
312.326
282.233
251.404
220.193
188.916
157.838
127.12
96.8671
67.169
38.1669
10.1416
-16.2983
-40.1166
-60.1449
-75.7496
-86.9243
-93.7198
-96.0733
-93.9509
-87.4664
-76.7266
-61.6635
-42.0421
-16.7718
15.3781
60.9801
116.251
321.214
294.627
261.76
223.274
181.323
133.814
81.8929
26.7121
-31.8385
-92.8598
-155.646
-219.7
-284.066
-347.791
-409.786
-468.77
-523.361
-572.174
-613.792
-646.996
-670.746
-684.408
-687.613
-680.983
-665.735
-643.428
-615.588
-582.916
-545.54
-503.859
-458.373
-409.35
-356.927
-301.031
-241.416
-176.577
-105.749
-20.6282
66.6169
343.752
363.203
381.271
396.369
406.56
411.277
409.769
402.062
389.019
371.41
350.257
326.65
301.151
274.223
246.337
217.76
188.755
159.58
130.421
101.439
72.7888
44.67
17.3867
-8.47544
-31.9626
-52.0074
-67.9324
-79.595
-86.9762
-89.9949
-88.5813
-82.8054
-72.7501
-58.3362
-39.324
-14.6684
16.7542
60.929
113.343
297.825
273.022
242.419
206.68
167.922
124.102
76.3144
25.6378
-28.1047
-84.1158
-141.821
-200.864
-260.445
-319.783
-377.938
-433.771
-486.031
-533.412
-574.544
-608.21
-633.32
-649.208
-655.343
-652.103
-640.434
-621.551
-596.737
-566.753
-531.838
-492.373
-448.85
-401.565
-350.675
-296.132
-237.72
-174.049
-104.487
-21.5513
62.5184
318.945
337.219
354.367
368.889
378.956
384.096
383.598
377.446
366.417
351.212
332.734
311.957
289.351
265.286
240.141
214.105
187.38
160.194
132.73
105.173
77.7231
50.6179
24.1762
-1.03028
-24.1074
-44.0648
-60.2061
-72.2787
-80.1903
-83.8343
-83.108
-78.0337
-68.6673
-54.9183
-36.542
-12.5451
18.0869
60.738
110.33
276.1
252.866
224.255
190.932
154.971
114.391
70.2401
23.5385
-25.9343
-77.4694
-130.579
-185.026
-240.136
-295.277
-349.659
-402.283
-452.026
-497.681
-537.952
-571.648
-597.661
-615.277
-623.871
-623.583
-615.125
-599.429
-577.537
-550.2
-517.732
-480.499
-438.972
-393.47
-344.169
-291.039
-233.901
-171.481
-103.283
-22.6563
58.2318
295.963
313.202
329.517
343.5
353.416
358.875
359.195
354.326
344.982
331.805
315.607
297.273
277.208
255.71
233.081
209.446
184.951
159.78
134.094
108.077
81.9475
55.9656
30.4605
5.99017
-16.5957
-36.3663
-52.62
-65.0192
-73.4
-77.6228
-77.5547
-73.1681
-64.4904
-51.4179
-33.7029
-10.4075
19.371
60.4104
107.225
255.932
234.093
207.253
176.074
142.589
104.877
63.9446
20.7706
-24.9009
-72.4236
-121.381
-171.625
-222.59
-273.763
-324.497
-373.926
-421.044
-464.763
-503.87
-537.222
-563.723
-582.613
-593.226
-595.479
-589.884
-577.133
-558.04
-533.293
-503.245
-468.249
-428.748
-385.071
-337.408
-285.752
-229.958
-168.876
-102.142
-23.9342
53.7733
274.668
290.978
306.541
320.013
329.758
335.448
336.432
332.631
324.702
313.246
299
282.777
264.936
245.723
225.385
203.992
181.637
158.459
134.586
110.182
85.465
60.7012
36.2209
12.5654
-9.44859
-28.9356
-45.1997
-57.8394
-66.6236
-71.3748
-71.9323
-68.2168
-60.2253
-47.8405
-30.8119
-8.26135
20.602
59.9539
104.041
237.211
216.625
191.374
162.116
130.838
95.6819
57.6215
17.5915
-24.6779
-68.5914
-113.795
-160.204
-207.346
-254.811
-302.059
-348.355
-392.814
-434.46
-472.18
-504.893
-531.526
-551.286
-563.507
-567.907
-564.829
-554.765
-538.318
-516.08
-488.412
-455.644
-418.188
-376.371
-330.396
-280.274
-225.894
-166.235
-101.064
-25.3765
49.1635
254.933
270.4
285.269
298.26
307.816
313.666
315.19
312.28
305.549
295.558
282.988
268.593
252.7
235.517
217.249
197.926
177.596
156.351
134.282
111.526
88.2855
64.8164
41.4388
18.6721
-2.69301
-21.8048
-37.9803
-50.7724
-59.8902
-65.1153
-66.2604
-63.1948
-55.8836
-44.1948
-27.8762
-6.11265
21.7756
59.3745
100.79
219.832
200.381
176.567
149.045
119.749
86.8872
51.4047
14.1945
-25.0187
-65.681
-107.49
-150.406
-194.03
-238.036
-281.988
-325.255
-367.071
-406.569
-442.738
-474.568
-501.032
-521.313
-534.76
-540.94
-540.047
-532.408
-518.438
-498.613
-473.269
-442.709
-407.306
-367.379
-323.136
-274.606
-221.711
-163.561
-100.052
-26.9692
44.4228
236.633
251.331
265.555
278.086
287.443
293.397
295.359
293.196
287.481
278.745
267.622
254.814
240.626
225.243
208.837
191.408
172.969
153.572
133.269
112.166
90.4356
68.3141
46.1017
24.2927
3.65242
-14.9984
-30.9906
-43.8469
-53.2256
-58.8665
-60.5569
-58.1162
-51.4762
-40.4897
-24.9033
-3.96762
22.8884
58.6815
97.4867
203.697
185.283
162.776
136.834
109.327
78.5405
45.3822
10.7146
-25.7416
-63.4702
-102.202
-141.931
-182.323
-223.122
-263.974
-304.346
-343.576
-380.9
-415.408
-446.168
-472.209
-492.711
-507.039
-514.659
-515.632
-510.154
-498.476
-480.948
-457.857
-429.472
-396.122
-358.107
-315.635
-268.752
-217.413
-160.857
-99.1026
-28.698
39.5723
219.654
233.646
247.269
259.359
268.507
274.519
276.834
275.3
270.45
262.795
252.924
241.498
228.808
215.019
200.282
184.577
167.89
150.238
131.639
112.164
91.9524
71.211
50.2112
29.4174
9.56837
-8.5405
-24.2594
-37.0931
-46.6578
-52.6537
-54.8428
-52.998
-47.0167
-36.7357
-21.9018
-1.83267
23.938
57.8844
94.145
188.716
171.251
149.946
125.445
99.5695
70.6654
39.6178
7.25072
-26.7079
-61.7756
-97.7099
-134.536
-171.965
-209.8
-247.754
-285.376
-322.103
-357.261
-390.042
-419.59
-445.003
-465.471
-480.373
-489.124
-491.665
-488.088
-478.507
-463.144
-442.222
-415.966
-384.657
-348.568
-307.902
-262.718
-213.002
-158.123
-98.2155
-30.546
34.6387
203.892
217.231
230.289
241.956
250.888
256.921
259.519
258.515
254.409
247.688
238.907
228.69
217.316
204.939
191.695
177.551
162.473
146.453
129.479
111.585
92.8779
73.5284
53.774
34.0424
15.0442
-2.45061
-17.8128
-30.5391
-40.2145
-46.5023
-49.1398
-47.8582
-42.5194
-32.9445
-18.8812
0.285975
24.922
56.9945
90.7822
174.801
158.213
138.015
114.842
90.4561
63.2743
34.1491
3.8776
-27.8124
-60.4605
-93.8497
-128.025
-162.737
-197.833
-233.084
-268.111
-302.436
-335.47
-366.496
-394.737
-419.358
-439.578
-454.787
-464.388
-468.218
-466.289
-458.603
-445.263
-426.414
-402.228
-372.938
-338.78
-299.949
-256.511
-208.484
-155.361
-97.3867
-32.4948
29.6469
189.252
201.982
214.51
225.77
234.479
240.504
243.327
242.772
239.306
233.397
225.567
216.41
206.197
195.073
183.163
170.429
156.823
142.317
126.874
110.499
93.2616
75.2956
56.801
38.1675
20.0721
3.25582
-11.6732
-24.2119
-33.9229
-40.4385
-43.4708
-42.7164
-38.0007
-29.129
-15.8512
2.38158
25.8399
56.0232
87.4142
161.873
146.102
126.929
104.981
81.967
56.3636
29.0008
0.641874
-28.9772
-59.4187
-90.4829
-122.233
-154.45
-187.018
-219.758
-252.349
-284.386
-315.359
-344.631
-371.503
-395.208
-415.007
-430.293
-440.492
-445.354
-444.833
-438.84
-427.369
-410.484
-388.299
-360.993
-328.764
-291.788
-250.14
-203.863
-152.572
-96.6104
-34.5248
24.6233
175.649
187.809
199.836
210.704
219.186
225.177
228.179
228.005
225.092
219.891
212.898
204.675
195.488
185.477
174.76
163.295
151.029
137.918
123.908
108.974
93.1557
76.55
59.3165
41.8032
24.6491
8.56647
-5.86058
-18.1362
-27.8097
-34.4883
-37.8598
-37.5934
-33.4777
-25.3032
-12.8228
4.44795
26.6913
54.9829
84.057
149.862
134.852
116.632
95.8228
74.0743
49.9269
24.1835
-2.42065
-30.143
-58.5652
-87.5054
-117.034
-146.962
-177.199
-207.606
-237.918
-267.786
-296.772
-324.312
-349.783
-372.483
-391.717
-406.89
-417.464
-423.128
-423.787
-419.288
-409.528
-394.488
-374.223
-348.857
-318.544
-283.437
-243.615
-199.145
-149.754
-95.8787
-36.6138
19.5965
163.005
174.63
186.18
196.669
204.925
210.862
214.002
214.152
211.719
207.139
200.882
193.487
185.21
176.189
166.537
156.216
145.165
133.335
120.655
107.079
92.6164
77.3325
61.347
44.962
28.7772
13.4737
-0.391296
-12.3346
-21.9002
-28.6775
-32.3314
-32.511
-28.9689
-21.482
-9.80696
6.47858
27.477
53.8869
80.7276
138.701
124.403
107.073
87.3248
66.751
43.9501
19.7027
-5.28729
-31.2643
-57.8344
-84.8259
-112.319
-140.142
-168.23
-196.478
-224.658
-252.48
-279.563
-305.414
-329.475
-351.107
-369.666
-384.571
-395.327
-401.583
-403.212
-400.012
-391.801
-378.481
-360.047
-336.565
-308.145
-274.914
-236.949
-194.335
-146.909
-95.183
-38.7384
14.5962
151.249
162.368
173.463
183.586
191.616
197.484
200.73
201.154
199.14
195.107
189.504
182.842
175.374
167.238
158.541
149.248
139.299
128.637
117.183
104.876
91.6996
77.6873
62.9218
47.6616
32.4639
17.9749
4.72272
-6.82632
-16.2181
-23.031
-26.9105
-27.4916
-24.4939
-17.6815
-6.81576
8.46745
28.1982
52.7477
77.4432
128.329
114.699
98.204
79.4489
59.9657
38.4172
15.5547
-7.94344
-32.314
-57.1774
-82.3781
-107.998
-133.884
-159.99
-186.237
-212.432
-238.329
-263.603
-287.818
-310.48
-331.007
-348.805
-363.318
-374.092
-380.754
-383.16
-381.074
-374.25
-362.521
-345.819
-324.158
-297.6
-266.24
-230.154
-189.442
-144.034
-94.5129
-40.877
9.64981
140.314
150.959
161.617
171.386
179.191
184.977
188.302
188.959
187.31
183.763
178.741
172.733
165.989
158.643
150.801
142.433
133.479
123.882
113.554
102.425
90.459
77.6597
64.0765
49.926
35.721
22.0708
9.47333
-1.62801
-10.7852
-17.5729
-21.6221
-22.5584
-20.0727
-13.9182
-3.86119
10.4083
28.8575
51.5787
74.2195
118.689
105.689
89.9795
72.1559
53.6916
33.3092
11.7337
-10.3828
-33.2667
-56.558
-80.1082
-104.003
-128.104
-152.379
-176.772
-201.119
-225.213
-248.77
-271.412
-292.699
-312.105
-329.083
-343.106
-353.759
-360.667
-363.677
-362.531
-356.936
-346.665
-331.591
-311.677
-286.939
-257.44
-223.247
-184.471
-141.128
-93.8558
-43.0039
4.78743
130.143
140.337
150.579
160.006
167.588
173.279
176.659
177.516
176.19
173.074
168.572
163.15
157.053
150.416
143.342
135.805
127.751
119.12
109.824
99.7834
88.9468
77.2957
64.8488
51.7821
38.5649
25.7669
13.855
3.24798
-5.62037
-12.3261
-16.4898
-17.7344
-15.7266
-10.2094
-0.9558
12.2954
29.4575
50.3925
71.0726
109.731
97.3251
82.357
65.4088
47.8994
28.6065
8.23086
-12.6016
-34.1084
-55.9447
-77.9706
-100.273
-122.727
-145.313
-167.987
-190.615
-213.021
-234.958
-256.096
-276.043
-294.329
-310.447
-323.907
-334.323
-341.34
-344.799
-344.433
-339.913
-330.966
-317.413
-299.165
-276.198
-248.539
-216.243
-179.431
-138.189
-93.1993
-45.0951
0.0373432
120.682
130.447
140.29
149.386
156.746
162.336
165.753
166.78
165.739
163.007
158.971
154.076
148.562
142.562
136.179
129.391
122.149
114.394
106.038
96.9981
87.2104
76.638
65.274
53.2581
41.0136
29.0728
17.8678
7.79195
-0.739756
-7.31054
-11.5369
-13.0424
-11.4762
-6.57295
1.88819
14.1229
30.0014
49.2014
68.0168
101.406
89.5644
75.2966
59.1733
42.5603
24.2879
5.0332
-14.6031
-34.8299
-55.3165
-75.9324
-96.7622
-117.694
-138.717
-159.8
-180.829
-201.656
-222.069
-241.775
-260.428
-277.604
-292.844
-305.687
-315.774
-322.786
-326.558
-326.823
-323.232
-315.477
-303.333
-286.668
-265.413
-239.564
-209.162
-174.329
-135.215
-92.5277
-47.1255
-4.57239
111.881
121.237
130.697
139.471
146.613
152.096
155.533
156.707
155.918
153.531
149.915
145.495
140.508
135.082
129.321
123.208
116.698
109.736
102.237
94.1136
85.2951
75.73
65.3903
54.3826
43.089
32.0001
21.5144
11.9974
3.84291
-2.54542
-6.78534
-8.50492
-7.34176
-3.02576
4.65767
15.8857
30.4925
48.0171
65.0656
93.6725
82.365
68.761
53.4166
37.6475
20.3335
2.12829
-16.391
-35.4255
-54.6574
-73.9659
-93.4322
-112.956
-132.531
-152.139
-171.683
-191.036
-210.015
-228.363
-245.774
-261.864
-276.217
-288.407
-298.096
-305.005
-308.973
-309.738
-306.943
-300.25
-289.403
-274.23
-254.623
-230.545
-202.022
-169.177
-132.203
-91.8278
-49.0745
-9.01534
103.693
112.659
121.751
130.215
137.142
142.513
145.957
147.256
146.691
144.615
141.379
137.391
132.879
127.973
122.773
117.27
111.421
105.177
98.4551
91.1678
83.2407
74.6117
65.2346
55.1891
44.8153
34.5643
24.801
15.8625
8.11769
1.95323
-2.2548
-4.14314
-3.34413
0.414751
7.34064
17.5782
30.9349
46.8493
62.2309
86.4887
75.6897
62.7143
48.1083
33.1342
16.7222
-0.497418
-17.9727
-35.8937
-53.958
-72.0512
-90.254
-108.471
-126.706
-144.945
-163.107
-181.085
-198.719
-215.784
-232.007
-247.044
-260.513
-272.029
-281.269
-287.997
-292.061
-293.209
-291.083
-285.331
-275.671
-261.895
-243.864
-221.512
-194.844
-163.982
-129.152
-91.0864
-50.9171
-13.2677
96.0757
104.67
113.409
121.573
128.288
133.544
136.983
138.39
138.025
136.23
133.34
129.743
125.664
121.229
116.538
111.584
106.332
100.737
94.7188
88.1931
81.0828
73.3191
64.8426
55.7074
46.2166
36.7824
27.7368
19.3874
12.0773
6.1722
2.03724
0.0228672
0.497165
3.73142
9.9255
19.1953
31.3313
45.7086
59.523
79.8176
69.5024
57.1246
43.2188
28.9957
13.4334
-2.85919
-19.3553
-36.2353
-53.2106
-70.1718
-87.1999
-104.206
-121.196
-138.165
-155.043
-171.739
-188.114
-203.968
-219.059
-233.08
-245.682
-256.511
-265.269
-271.756
-275.831
-277.26
-275.69
-270.765
-262.182
-249.708
-233.177
-212.494
-187.65
-158.754
-126.058
-90.285
-52.6339
-17.3058
88.9916
97.2294
105.629
113.502
120.01
125.148
128.575
130.072
129.886
128.347
125.773
122.533
118.848
114.84
110.61
106.154
101.442
96.4324
91.0517
85.2177
78.8538
71.8862
64.2464
55.9678
47.3184
38.6734
30.3335
22.5764
15.7181
10.1011
6.07526
3.97555
4.16397
6.90858
12.4002
20.7326
31.6863
44.6022
56.9498
73.6247
63.7703
51.9616
38.7202
25.2079
10.4486
-4.9713
-20.5474
-36.452
-52.4089
-68.3158
-84.2502
-100.13
-115.965
-131.754
-147.438
-162.94
-178.135
-192.852
-206.871
-219.917
-231.672
-241.816
-250.069
-256.267
-260.287
-261.909
-260.794
-256.587
-248.976
-237.71
-222.599
-203.525
-180.459
-153.505
-122.92
-89.4135
-54.2034
-21.1081
82.404
90.3001
98.3732
105.965
112.27
117.289
120.695
122.27
122.246
120.939
118.653
115.741
112.415
108.798
104.985
100.98
96.7561
92.2758
87.4712
82.2645
76.58
70.3426
63.4768
55.9993
48.1464
40.2581
32.605
25.4358
19.0392
13.7324
9.84679
7.69896
7.63967
9.9308
14.7543
22.1854
32.0017
43.5372
54.5172
67.8778
58.4633
47.1964
34.587
21.7478
7.74772
-6.84893
-21.5598
-36.549
-51.5535
-66.4751
-81.3905
-96.2227
-110.983
-125.676
-140.249
-154.638
-168.732
-182.379
-195.384
-207.5
-218.437
-227.903
-235.642
-241.518
-245.425
-247.166
-246.418
-242.832
-236.094
-225.941
-212.165
-194.633
-173.296
-148.244
-119.738
-88.458
-55.6095
-24.6577
76.2796
83.8486
91.6069
98.9271
105.033
109.932
113.311
114.953
115.074
113.98
111.959
109.346
106.35
103.089
99.6566
96.0598
92.2773
88.275
83.9909
79.3521
74.2851
68.7146
62.5615
55.829
48.7256
41.5575
34.5664
27.9747
22.0428
17.0619
13.3417
11.1796
10.9097
12.7847
16.9778
23.5494
32.2805
42.5186
52.2292
62.547
53.5524
42.8023
30.7943
18.5937
5.31251
-8.50654
-22.4029
-36.5325
-50.6437
-64.6448
-78.6086
-92.4644
-106.225
-119.898
-133.438
-146.789
-159.855
-172.499
-184.549
-195.78
-205.93
-214.734
-221.956
-227.488
-231.241
-233.04
-232.58
-229.526
-223.568
-214.436
-201.914
-185.848
-166.181
-142.983
-116.512
-87.4071
-56.8365
-27.9396
70.5874
77.8429
85.2979
92.3544
98.2662
103.046
106.393
108.091
108.343
107.444
105.666
103.33
100.636
97.6998
94.6145
91.3889
88.0055
84.4354
80.6212
76.4953
71.9879
67.025
61.5261
55.4835
49.0803
42.5924
36.2347
30.2039
24.7335
20.0878
16.5536
14.4069
13.9613
15.4585
19.0618
24.8208
32.5246
41.5504
50.0876
57.6042
49.0109
38.7545
27.3193
15.7251
3.12541
-9.95826
-23.0859
-36.4067
-49.6796
-62.8192
-75.8945
-88.8398
-101.669
-114.393
-126.971
-139.355
-151.462
-163.168
-174.318
-184.712
-194.111
-202.272
-208.984
-214.158
-217.726
-219.533
-219.295
-216.694
-211.428
-203.23
-191.874
-177.201
-159.135
-137.735
-113.241
-86.2522
-57.871
-30.9405
65.2985
72.253
79.4159
86.2173
91.9396
96.5998
99.9103
101.656
102.028
101.307
99.7535
97.672
95.2552
92.6179
89.8487
86.9603
83.9385
80.7583
77.3682
73.7054
69.7043
65.2932
60.392
54.9853
49.2335
43.3839
37.6272
32.1361
27.1183
22.8119
19.4783
17.3726
16.7841
17.9419
20.9986
25.9957
32.7346
40.6342
48.0918
53.0234
44.8141
35.0292
24.1402
13.1225
1.16914
-11.2182
-23.6206
-36.1789
-48.6645
-60.9963
-73.2404
-85.3356
-97.2977
-109.137
-120.82
-132.304
-143.516
-154.344
-164.651
-174.254
-182.937
-190.482
-196.694
-201.507
-204.868
-206.643
-206.571
-204.353
-199.7
-192.35
-182.078
-168.716
-152.18
-132.51
-109.93
-84.9847
-58.7028
-33.6522
60.3863
67.0518
73.9332
80.4879
86.0252
90.5668
93.8369
95.623
96.1024
95.5456
94.1995
92.3528
90.1918
87.8282
85.3481
82.766
80.0718
77.2441
74.2362
70.9909
67.4469
63.5356
59.1787
54.3555
49.2062
43.9522
38.7617
33.7855
29.2068
25.2379
22.1149
20.0715
19.3705
20.2267
22.7817
27.0706
32.9111
39.7706
46.239
48.7807
40.9387
31.6046
21.2365
10.7673
-0.572258
-12.3002
-24.0169
-35.857
-47.602
-59.1759
-70.6423
-81.9437
-93.096
-104.112
-114.961
-125.606
-135.984
-145.993
-155.509
-164.367
-172.374
-179.329
-185.059
-189.51
-192.651
-194.364
-194.411
-192.515
-188.403
-181.822
-172.551
-160.419
-145.335
-127.322
-106.579
-83.6012
-59.3257
-36.0682
55.8254
62.2132
68.8234
75.1392
80.4962
84.9202
88.1471
89.9668
90.5438
90.1378
88.9835
87.3536
85.4286
83.3165
81.1005
78.7972
76.3998
73.8904
71.2269
68.3574
65.225
61.7656
57.9033
53.6133
49.0186
44.317
39.6561
35.167
31.0098
27.3724
24.4658
22.5014
21.7156
22.3069
24.4059
28.0431
33.0533
38.9586
44.5249
44.8531
37.3631
28.46
18.5891
8.642
-2.11416
-13.2165
-24.285
-35.4479
-46.4956
-57.358
-68.0956
-78.6547
-89.0518
-99.2995
-109.372
-119.236
-128.836
-138.08
-146.857
-155.018
-162.386
-168.782
-174.048
-178.145
-181.059
-182.688
-182.816
-181.189
-177.551
-171.666
-163.316
-152.333
-138.618
-122.181
-103.195
-82.0992
-59.7344
-38.1858
51.5927
57.7136
64.0622
70.147
75.3283
79.6359
82.8168
84.6637
85.3294
85.0625
84.0857
82.6563
80.9488
79.0675
77.0931
75.0438
72.9155
70.6932
68.3399
65.8083
63.0465
59.9942
56.5798
52.7757
48.6892
44.497
40.3283
36.2962
32.5398
29.2239
26.5352
24.6627
23.8171
24.179
25.8677
28.9105
33.1607
38.1955
42.9433
41.2195
34.0667
25.5761
16.1798
6.73014
-3.47161
-13.9807
-24.4359
-34.9587
-45.3501
-55.5437
-65.5982
-75.4626
-85.154
-94.6857
-104.035
-113.172
-122.047
-130.579
-138.666
-146.174
-152.941
-158.808
-163.634
-167.388
-170.073
-171.602
-171.781
-170.378
-167.158
-161.898
-154.393
-144.475
-132.046
-117.1
-99.782
-80.4774
-59.9282
-40.0051
47.6666
53.5308
59.6271
65.4881
70.4984
74.6908
77.8237
79.6923
80.4381
80.2991
79.4863
78.2428
76.736
75.0672
73.3137
71.4954
69.6108
67.6478
65.5736
63.3456
60.9165
58.2306
55.2203
51.8571
48.2344
44.5096
40.7956
37.1893
33.8107
30.8032
28.33
26.559
25.6753
25.8413
27.1648
29.6709
33.2314
37.4781
41.4866
37.8601
31.0306
22.9345
13.9919
5.01603
-4.65823
-14.6045
-24.4789
-34.3967
-44.1696
-53.7349
-63.1486
-72.363
-81.3951
-90.259
-98.9337
-107.394
-115.595
-123.463
-130.907
-137.805
-144.011
-149.38
-153.789
-157.214
-159.674
-161.093
-161.299
-160.081
-157.228
-152.53
-145.796
-136.865
-125.635
-112.09
-96.3484
-78.7393
-59.908
-41.5287
44.0261
49.6438
55.4964
61.141
65.9846
70.0635
73.1464
75.0317
75.8498
75.8286
75.1673
74.0957
72.7742
71.3005
69.7492
68.1414
66.4775
64.7482
62.9248
60.9691
58.8384
56.4813
53.835
50.8704
47.6693
44.3713
41.0748
37.8625
34.837
32.1221
29.8594
28.196
27.2929
27.2944
28.2967
30.323
33.2631
36.8011
40.1458
34.7563
28.2365
20.5183
12.0093
3.48484
-5.68721
-15.0991
-24.4232
-33.7699
-42.9595
-51.9339
-60.746
-69.3515
-77.7681
-86.0086
-94.0551
-101.886
-109.46
-116.711
-123.556
-129.885
-135.566
-140.47
-144.485
-147.599
-149.84
-151.144
-151.359
-150.296
-147.763
-143.57
-137.538
-129.514
-119.398
-107.163
-92.9012
-76.8894
-59.6788
-42.7627
40.6523
46.0328
51.6506
57.0854
61.7669
65.7338
68.7651
70.6622
71.5456
71.6325
71.1113
70.1984
69.0477
67.7534
66.387
64.9706
63.5066
61.9879
60.3897
58.678
56.8142
54.7518
52.4322
49.827
47.0075
44.0973
41.1821
38.3318
35.6339
33.1941
31.1343
29.5817
28.6752
28.541
29.2643
30.8662
33.2537
36.1592
38.9111
31.8907
25.6679
18.3115
10.2169
2.12295
-6.57129
-15.4754
-24.2782
-33.0847
-41.7244
-50.1423
-58.39
-66.4256
-74.2663
-81.9255
-89.3869
-96.6316
-103.622
-110.299
-116.588
-122.389
-127.582
-132.051
-135.7
-138.52
-140.55
-141.738
-141.949
-141.015
-138.763
-135.021
-129.626
-122.434
-113.347
-102.329
-89.4494
-74.9346
-59.2473
-43.715
37.5274
42.6797
48.0709
53.3027
57.8263
61.6829
64.6611
66.5656
67.5073
67.6932
67.3013
66.5351
65.5416
64.4121
63.2145
61.9721
60.6889
59.3598
57.9635
56.4701
54.8449
53.0457
51.0189
48.7365
46.2611
43.7018
41.133
38.6134
36.2171
34.0337
32.167
30.7262
29.8293
29.5859
30.0697
31.3005
33.2006
35.5462
37.772
29.247
23.3089
16.299
8.60047
0.916998
-7.32232
-15.7439
-24.0529
-32.3484
-40.4692
-48.3639
-56.0815
-63.583
-70.8854
-78.002
-84.9183
-91.6178
-98.0666
-104.211
-109.984
-115.294
-120.034
-124.1
-127.406
-129.953
-131.783
-132.857
-133.054
-132.227
-130.222
-126.884
-122.065
-115.632
-107.49
-97.5985
-86.0027
-72.8837
-58.623
-44.3962
34.6347
39.5673
44.7401
49.775
54.1449
57.8926
60.8164
62.7244
63.718
63.9944
63.7214
63.0903
62.2417
61.2631
60.2198
59.1352
58.0152
56.8567
55.6413
54.3427
52.9302
51.3657
49.6002
47.6073
45.441
43.1978
40.9419
38.7228
36.6023
34.656
32.9715
31.6411
30.7646
30.4353
30.7169
31.6268
33.1013
34.9555
36.7177
26.8097
21.1449
14.4668
7.14685
-0.145057
-7.95136
-15.9144
-23.7554
-31.5679
-39.1989
-46.6011
-53.8208
-60.822
-67.621
-74.2315
-80.6404
-86.8327
-92.7784
-98.4294
-103.724
-108.58
-112.9
-116.592
-119.581
-121.874
-123.517
-124.48
-124.658
-123.921
-122.132
-119.155
-114.856
-109.113
-101.837
-92.9801
-82.5707
-70.7472
-57.8175
-44.8196
31.9582
36.6795
41.6413
46.4859
50.7058
54.3463
57.2146
59.1222
60.1614
60.5202
60.3565
59.8495
59.134
58.2935
57.3907
56.4493
55.4767
54.4714
53.4176
52.2926
51.0693
49.7135
48.1808
46.4463
44.5569
42.5973
40.6229
38.6751
36.8053
35.0766
33.5621
32.3395
31.4917
31.0975
31.2106
31.8467
32.9536
34.3803
35.737
24.5646
19.1617
12.8016
5.84347
-1.07467
-8.46882
-15.9966
-23.3937
-30.749
-37.918
-44.8564
-51.6087
-58.141
-64.4697
-70.6079
-76.5442
-82.2656
-87.7448
-92.938
-97.7895
-102.225
-106.158
-109.506
-112.203
-114.261
-115.73
-116.588
-116.743
-116.081
-114.483
-111.828
-107.997
-102.88
-96.3914
-88.4824
-79.1633
-68.5365
-56.8443
-44.9996
29.4831
34.0011
38.7594
43.4195
47.4935
51.0283
53.84
55.7432
56.8223
57.2558
57.192
56.799
56.2053
55.491
54.716
53.9043
53.0644
52.1962
51.2867
50.3163
49.261
48.0904
46.7645
45.26
43.6175
41.9113
40.1891
38.4849
36.8416
35.3112
33.9544
32.8354
32.0226
31.5816
31.557
31.9624
32.7556
33.814
34.8191
22.4982
17.3466
11.291
4.67883
-1.88312
-8.88462
-15.9985
-22.9748
-29.898
-36.6312
-43.133
-49.4462
-55.5395
-61.4284
-67.1262
-72.6225
-77.9064
-82.9529
-87.7227
-92.1649
-96.2134
-99.7892
-102.819
-105.249
-107.091
-108.4
-109.159
-109.289
-108.692
-107.263
-104.895
-101.484
-96.9319
-91.1581
-84.1121
-75.7906
-66.2643
-55.7179
-44.9521
27.1958
31.518
36.0798
40.561
44.4929
47.9235
50.6776
52.5732
53.6864
54.187
54.2144
53.9256
53.4432
52.844
52.1849
51.4904
50.7698
50.0242
49.2432
48.4098
47.5033
46.4967
45.3541
44.0538
42.6307
41.1501
39.6525
38.1664
36.7265
35.3758
34.1638
33.1434
32.3703
31.8979
31.7631
31.9771
32.5057
33.2504
33.9534
20.5977
15.6872
9.92327
3.64187
-2.58035
-9.20788
-15.9288
-22.5062
-29.0206
-35.3424
-41.4333
-47.3341
-53.0161
-58.4942
-63.7816
-68.8687
-73.7464
-78.3921
-82.7701
-86.8349
-90.5265
-93.7741
-96.5132
-98.6969
-100.342
-101.505
-102.172
-102.278
-101.736
-100.456
-98.345
-95.3112
-91.2668
-86.1387
-79.8754
-72.4624
-63.9438
-54.4544
-44.6944
25.0832
29.2169
33.589
37.897
41.6903
45.0183
47.7137
49.5982
50.7401
51.3008
51.411
51.217
50.836
50.3414
49.7872
49.1984
48.5846
47.9484
47.2815
46.5696
45.7946
44.9327
43.9519
42.8323
41.6037
40.323
39.025
37.7328
36.4747
35.2858
34.2062
33.2788
32.5482
32.0578
31.837
31.8947
32.2032
32.6836
33.13
18.8515
14.1722
8.68764
2.72239
-3.17578
-9.44731
-15.7947
-21.9942
-28.122
-34.0556
-39.7599
-45.2737
-50.5702
-55.6646
-60.5693
-65.2761
-69.7771
-74.0517
-78.068
-81.7847
-85.1481
-88.0948
-90.5678
-92.5276
-93.9942
-95.0229
-95.6073
-95.6894
-95.1951
-94.0469
-92.165
-89.4687
-85.8804
-81.3336
-75.7771
-69.188
-61.5878
-53.07
-44.2446
23.1331
27.0853
31.2743
35.4144
39.0726
42.2994
44.9352
46.8053
47.9708
48.5848
48.7695
48.6618
48.3727
47.9727
47.5133
47.0193
46.5012
45.9623
45.3966
44.792
44.1328
43.3983
42.56
41.5998
40.543
39.4389
38.3173
37.1968
36.1006
35.0565
34.0971
33.2566
32.5704
32.0728
31.787
31.7196
31.8478
32.1085
32.3394
17.2483
12.7909
7.5738
1.91073
-3.67834
-9.61117
-15.6038
-21.445
-27.2071
-32.7746
-38.1151
-43.2655
-48.2015
-52.9373
-57.4854
-61.8387
-65.9903
-69.9219
-73.6045
-77.0011
-80.0631
-82.7343
-84.9645
-86.7208
-88.0254
-88.9334
-89.4422
-89.5023
-89.0502
-88.0195
-86.3418
-83.9468
-80.7669
-76.7415
-71.8209
-65.9758
-59.2099
-51.5813
-43.6213
21.334
25.1115
29.1237
33.1011
36.6276
39.7546
42.3298
44.1824
45.3665
46.0272
46.2788
46.2488
46.0428
45.7283
45.3541
44.945
44.5122
44.0599
43.5836
43.0732
42.5159
41.8932
41.18
40.36
39.4543
38.5058
37.5395
36.5706
35.6176
34.7028
33.8519
33.092
32.4509
31.955
31.6222
31.4569
31.44
31.5208
31.5732
15.7778
11.5332
6.57227
1.19794
-4.09643
-9.70681
-15.3626
-20.8645
-26.2807
-31.5029
-36.5011
-41.3106
-45.9088
-50.3101
-54.5262
-58.5512
-62.3791
-65.9936
-69.3686
-72.4708
-75.2567
-77.6761
-79.6856
-81.2576
-82.4161
-83.2154
-83.6564
-83.6965
-83.282
-82.356
-80.8602
-78.7344
-75.919
-72.3598
-68.0094
-62.8339
-56.8224
-50.0052
-42.8433
19.6753
23.2846
27.1259
30.9455
34.3437
37.3721
39.8861
41.718
42.9159
43.6172
43.9284
43.968
43.8368
43.5991
43.3013
42.9679
42.6109
42.235
41.8375
41.4102
40.9419
40.417
39.8135
39.1163
38.3432
37.5311
36.7011
35.8655
35.0388
34.2387
33.4854
32.7999
32.2035
31.7166
31.352
31.1121
30.9807
30.9167
30.8238
14.4303
10.3896
5.67407
0.575704
-4.43771
-9.74124
-15.0772
-20.2575
-25.347
-30.2435
-34.9198
-39.4095
-43.6918
-47.7807
-51.6877
-55.4079
-58.9361
-62.2578
-65.3496
-68.1815
-70.7148
-72.9047
-74.7136
-76.1191
-77.1465
-77.8487
-78.229
-78.2516
-77.8709
-77.0386
-75.7051
-73.8188
-71.3285
-68.1851
-64.344
-59.7689
-54.4374
-48.3576
-41.9291
18.1468
21.5942
25.2706
28.9372
32.21
35.1414
37.5932
39.4015
40.6086
41.3444
41.7082
41.81
41.7457
41.5766
41.347
41.081
40.791
40.4826
40.1543
39.7995
39.4091
38.9696
38.4616
37.8717
37.2146
36.5217
35.811
35.092
34.3763
33.6776
33.0117
32.3945
31.8421
31.3695
30.9857
30.6913
30.4718
30.2936
30.0848
13.1965
9.35159
4.87092
0.0360929
-4.70951
-9.72103
-14.7532
-19.6289
-24.4097
-28.9994
-33.3729
-37.5625
-41.5492
-45.3468
-48.9664
-52.4037
-55.6546
-58.7061
-61.5373
-64.1215
-66.4241
-68.4051
-70.0322
-71.2878
-72.1978
-72.8133
-73.14
-73.1476
-72.7975
-72.049
-70.8602
-69.1873
-66.9858
-64.2125
-60.8253
-56.7866
-52.0662
-46.6543
-40.8973
16.7392
20.0308
23.5479
27.066
30.2166
33.0521
35.4408
37.223
38.4349
39.1995
39.6091
39.766
39.7611
39.6531
39.484
39.2777
39.0469
38.7978
38.5299
38.2384
37.9158
37.5504
37.1256
36.6292
36.0732
35.4842
34.8773
34.2602
33.6416
33.0324
32.4443
31.8894
31.3796
30.9255
30.5329
30.2006
29.9156
29.6496
29.3507
12.0681
8.41076
4.15501
-0.428081
-4.91843
-9.65218
-14.3961
-18.9834
-23.4725
-27.7729
-31.8619
-35.7702
-39.4806
-43.0063
-46.3584
-49.5334
-52.5279
-55.3304
-57.9223
-60.2796
-62.3714
-64.1626
-65.6255
-66.7463
-67.5514
-68.0902
-68.3698
-68.3649
-68.0427
-67.3695
-66.3098
-64.8265
-62.8814
-60.4365
-57.4527
-53.892
-49.7188
-44.9099
-39.7656
15.4438
18.5851
21.9484
25.3226
28.3539
31.0948
33.4197
35.173
36.3856
37.1736
37.6227
37.8278
37.8754
37.8215
37.7058
37.5521
37.3732
37.1759
36.9607
36.7243
36.4604
36.1593
35.8067
35.3914
34.923
34.4243
33.9076
33.3791
32.8454
32.3147
31.7958
31.2977
30.8287
30.396
30.0027
29.6465
29.3149
28.9837
28.6169
11.037
7.55957
3.51898
-0.823631
-5.0707
-9.5403
-14.0106
-18.3249
-22.5383
-26.5661
-30.3877
-34.0323
-37.4845
-40.7569
-43.8604
-46.7922
-49.5498
-52.1229
-54.4949
-56.6445
-58.5443
-60.1634
-61.4781
-62.478
-63.1898
-63.661
-63.8993
-63.8841
-63.5878
-62.9821
-62.0375
-60.7227
-59.005
-56.851
-54.2248
-51.089
-47.4044
-43.1384
-38.5508
14.2522
17.249
20.4637
23.6982
26.6129
29.2605
31.521
33.2428
34.4522
35.2582
35.7409
35.988
36.0816
36.0751
36.0063
35.8987
35.7652
35.613
35.4437
35.2548
35.0416
34.7961
34.5057
34.1606
33.7682
33.3476
32.9091
32.4574
31.9976
31.5356
31.0781
30.6314
30.2011
29.7918
29.4044
29.0354
28.673
28.2956
27.8799
10.0957
6.79079
2.95621
-1.15682
-5.17216
-9.39057
-13.6013
-17.657
-21.6102
-25.3813
-28.9516
-32.3491
-35.5598
-38.5961
-41.4687
-44.1752
-46.7138
-49.0758
-51.2462
-53.2059
-54.9309
-56.3941
-57.5752
-58.467
-59.096
-59.5076
-59.7102
-59.6868
-59.4144
-58.8695
-58.0275
-56.8623
-55.346
-53.4492
-51.1394
-48.3803
-45.131
-41.3521
-37.2689
13.1567
16.0143
19.0856
22.1845
24.9855
27.5408
29.7363
31.4243
32.6265
33.4459
33.9564
34.2395
34.3731
34.408
34.3801
34.3126
34.2186
34.1055
33.9756
33.8278
33.6583
33.4605
33.2237
32.9391
32.6123
32.2591
31.888
31.5028
31.1071
30.7053
30.3021
29.9018
29.5081
29.1232
28.7467
28.3739
27.9934
27.5857
27.1374
9.23741
6.0978
2.46032
-1.43355
-5.2281
-9.20761
-13.1722
-16.9832
-20.6907
-24.2199
-27.5541
-30.72
-33.7052
-36.5215
-39.1795
-41.6774
-44.014
-46.1816
-48.1671
-49.9535
-51.5197
-52.8417
-53.9027
-54.698
-55.2537
-55.6129
-55.7846
-55.755
-55.5049
-55.0147
-54.2643
-53.2318
-51.8936
-50.224
-48.1936
-45.768
-42.9055
-39.5626
-35.9349
12.1503
14.8738
17.8065
20.7739
23.4638
25.928
28.0579
29.7099
30.9014
31.7294
32.2626
32.5761
32.744
32.8146
32.8222
32.7894
32.7295
32.65
32.5541
32.4415
32.3094
32.1524
31.9616
31.729
31.4586
31.1634
30.8504
30.5225
30.1824
29.833
29.4778
29.1194
28.7598
28.3999
28.0378
27.6683
27.28
26.8551
26.3875
8.45549
5.47438
2.02548
-1.6592
-5.24345
-8.99588
-12.7269
-16.3064
-19.7818
-23.0832
-26.1957
-29.1448
-31.9192
-34.5307
-36.9893
-39.2942
-41.4443
-43.4332
-45.2492
-46.8775
-48.2993
-49.4938
-50.447
-51.1562
-51.6471
-51.9605
-52.1058
-52.0716
-51.8422
-51.4015
-50.7327
-49.8179
-48.6371
-47.1679
-45.3839
-43.253
-40.7335
-37.7798
-34.5621
11.2261
13.8205
16.6194
19.4591
22.0405
24.4148
26.4785
28.0924
29.2699
30.1021
30.653
30.9918
31.1887
31.2899
31.3279
31.325
31.2943
31.2437
31.1768
31.0942
30.994
30.8718
30.7203
30.5321
30.3101
30.0646
29.8016
29.523
29.2309
28.9272
28.6142
28.2934
27.9657
27.6307
27.2856
26.9247
26.5368
26.1051
25.6295
7.74396
4.91477
1.64624
-1.83873
-5.22269
-8.75936
-12.2688
-15.6292
-18.8856
-21.9725
-24.8768
-27.6227
-30.2002
-32.6209
-34.8946
-37.0206
-38.9988
-40.8234
-42.4842
-43.9682
-45.259
-46.3384
-47.1948
-47.8273
-48.2612
-48.5347
-48.6575
-48.6203
-48.4101
-48.014
-47.4181
-46.6078
-45.5659
-44.2734
-42.7066
-40.8355
-38.6196
-36.0127
-33.163
10.3779
12.8481
15.5177
18.2334
20.7088
22.9943
24.9914
26.5653
27.7254
28.5579
29.1219
29.4812
29.7023
29.8294
29.8932
29.9157
29.9099
29.8838
29.8416
29.7844
29.7112
29.6187
29.5005
29.3502
29.1695
28.9665
28.7463
28.5101
28.2594
27.9955
27.7197
27.4327
27.1345
26.8239
26.4975
26.1492
25.768
25.3378
24.863
7.09722
4.41357
1.31757
-1.97685
-5.17012
-8.50166
-11.801
-14.9542
-18.0037
-20.8887
-23.5973
-26.1529
-28.5466
-30.7896
-32.8914
-34.852
-36.6716
-38.3451
-39.8639
-41.2165
-42.3884
-43.3639
-44.1337
-44.6981
-45.0818
-45.3206
-45.4243
-45.3853
-45.1932
-44.8374
-44.3066
-43.5887
-42.6696
-41.5328
-40.1571
-38.5148
-36.5674
-34.2687
-31.7485
9.59997
11.9504
14.4953
17.0906
19.4623
21.6603
23.5903
25.1224
26.2621
27.0911
27.6639
28.0393
28.2803
28.4288
28.5144
28.5583
28.5735
28.568
28.5466
28.5108
28.4605
28.3928
28.3029
28.1849
28.0393
27.8726
27.6889
27.4891
27.2741
27.0448
26.8017
26.5449
26.274
25.9871
25.6803
25.3474
24.9776
24.5554
24.0885
6.51002
3.96582
1.03477
-2.07787
-5.08958
-8.22619
-11.3263
-14.2833
-17.1376
-19.8323
-22.3571
-24.7344
-26.9563
-29.0339
-30.9763
-32.7838
-34.457
-35.9918
-37.3807
-38.6134
-39.6775
-40.5595
-41.2515
-41.7555
-42.0951
-42.3038
-42.3914
-42.3519
-42.1767
-41.8572
-41.3846
-40.7488
-39.9381
-38.9384
-37.7308
-36.2899
-34.5795
-32.5544
-30.3284
8.88679
11.122
13.5463
16.0249
18.2953
20.4067
22.2693
23.7578
24.8743
25.6962
26.2741
26.6616
26.9183
27.0844
27.188
27.2497
27.2824
27.2942
27.2901
27.2723
27.241
27.1944
27.1282
27.0374
26.9216
26.7859
26.6333
26.4646
26.2804
26.081
25.8667
25.6371
25.3913
25.127
24.8402
24.5246
24.1696
23.7603
23.3068
5.97748
3.56683
0.793536
-2.14577
-4.98459
-7.93597
-10.8471
-13.6185
-16.2883
-18.8038
-21.156
-23.3663
-25.4277
-27.3511
-29.1454
-30.8112
-32.3494
-33.7568
-35.0266
-36.1503
-37.1167
-37.9143
-38.5369
-38.9873
-39.2882
-39.4709
-39.5451
-39.5059
-39.3465
-39.06
-38.6394
-38.0765
-37.3615
-36.4825
-35.4227
-34.1591
-32.6575
-30.875
-28.9112
8.23333
10.3576
12.6656
15.0308
17.2022
19.2282
21.0229
22.4664
23.5566
24.3684
24.9479
25.3438
25.6127
25.7928
25.9109
25.9872
26.0344
26.0605
26.0707
26.0678
26.0524
26.0232
25.977
25.9091
25.8185
25.7089
25.5828
25.4408
25.2831
25.1097
24.9207
24.7154
24.4926
24.2498
23.983
23.6858
23.348
22.9551
22.5191
5.4951
3.21229
0.589748
-2.18425
-4.85852
-7.63386
-10.3657
-12.9615
-15.457
-17.8036
-19.9934
-22.047
-23.9584
-25.7383
-27.395
-28.9296
-30.3433
-31.6335
-32.7945
-33.8187
-34.6966
-35.4182
-35.9788
-36.3817
-36.6487
-36.8091
-36.8721
-36.8341
-36.6895
-36.433
-36.0589
-35.5607
-34.9303
-34.1576
-33.2277
-32.12
-30.8025
-29.2346
-27.5041
7.63489
9.65241
11.8482
14.1033
16.1779
18.1196
19.8462
21.2431
22.3043
23.1029
23.6811
24.0822
24.3597
24.5506
24.6803
24.7683
24.8272
24.865
24.887
24.8963
24.894
24.8793
24.8497
24.801
24.7317
24.6442
24.5407
24.4213
24.2864
24.1357
23.9689
23.7853
23.5836
23.361
23.1138
22.8356
22.5165
22.1425
21.7267
5.0588
2.89832
0.419805
-2.1966
-4.71429
-7.32243
-9.88424
-12.3137
-14.6444
-16.8317
-18.8688
-20.7752
-22.5464
-24.1925
-25.7214
-27.1343
-28.4331
-29.6156
-30.6769
-31.6106
-32.4082
-33.0614
-33.5666
-33.9275
-34.1649
-34.3062
-34.36
-34.3239
-34.1932
-33.9639
-33.6315
-33.1909
-32.6353
-31.9563
-31.1408
-30.17
-29.0147
-27.6366
-26.1134
7.08725
9.00202
11.0895
13.2377
15.2177
17.0762
18.7343
20.0834
21.1126
21.8955
22.4699
22.8731
23.1562
23.3549
23.4935
23.5908
23.659
23.7061
23.7377
23.757
23.7653
23.7625
23.7467
23.7141
23.6626
23.5938
23.5093
23.4094
23.294
23.163
23.0158
22.8517
22.6691
22.4657
22.2374
21.9782
21.6787
21.325
20.9315
4.66479
2.62141
0.280385
-2.18574
-4.5544
-7.00365
-9.40411
-11.6762
-13.851
-15.8883
-17.7814
-19.5496
-21.1897
-22.711
-24.1208
-25.4209
-26.6134
-27.6969
-28.6669
-29.518
-30.243
-30.8346
-31.2903
-31.6142
-31.8258
-31.9507
-31.9971
-31.9634
-31.8458
-31.6413
-31.3464
-30.957
-30.4678
-29.8713
-29.1564
-28.3061
-27.2937
-26.0834
-24.7441
6.58647
8.40232
10.3853
12.4296
14.317
16.0932
17.6825
18.9827
19.9771
20.7427
21.311
21.7133
21.999
22.203
22.3481
22.4524
22.5278
22.5823
22.6215
22.6488
22.6658
22.6727
22.6682
22.6489
22.6123
22.5593
22.491
22.4077
22.3092
22.1952
22.0653
21.9186
21.7536
21.5679
21.3578
21.1174
20.8377
20.5054
20.1351
4.30919
2.37784
0.168031
-2.15483
-4.38172
-6.67977
-8.92701
-11.0499
-13.0769
-14.9727
-16.7301
-18.3685
-19.8864
-21.2913
-22.59
-23.7851
-24.8794
-25.8715
-26.7578
-27.5335
-28.1926
-28.7288
-29.1403
-29.4315
-29.6207
-29.7317
-29.7724
-29.7415
-29.6363
-29.4544
-29.1934
-28.8498
-28.4193
-27.8959
-27.2696
-26.5253
-25.6387
-24.5767
-23.4005
6.12858
7.84944
9.73191
11.675
13.4721
15.1668
16.6867
17.9365
18.8929
19.6407
20.2017
20.6002
20.8856
21.0923
21.2419
21.3512
21.432
21.4922
21.5373
21.5709
21.5948
21.6096
21.6143
21.606
21.5819
21.5421
21.4875
21.4184
21.3345
21.2355
21.1209
20.9898
20.8408
20.6717
20.4789
20.2568
19.9969
19.6862
19.3396
3.98822
2.16349
0.0786564
-2.10798
-4.19979
-6.35434
-8.45574
-10.4368
-12.323
-14.0855
-15.713
-17.2287
-18.6331
-19.9298
-21.1246
-22.222
-23.2254
-24.1334
-24.9429
-25.6498
-26.2492
-26.7355
-27.1076
-27.3699
-27.5397
-27.6389
-27.6752
-27.6476
-27.5542
-27.3931
-27.1625
-26.8599
-26.4817
-26.0228
-25.4747
-24.8239
-24.0482
-23.1173
-22.0856
5.70976
7.33971
9.12571
10.9711
12.6803
14.2947
15.7448
16.9424
17.8544
18.5844
19.1378
19.53
19.8125
20.0202
20.1726
20.2854
20.37
20.4343
20.4839
20.5224
20.5517
20.5727
20.5849
20.5857
20.572
20.5433
20.5004
20.4434
20.3721
20.2861
20.1851
20.0681
19.9339
19.7802
19.6037
19.3993
19.1587
18.8696
18.5468
3.69933
1.97606
0.0100272
-2.04732
-4.01102
-6.0297
-7.99252
-9.8391
-11.5915
-13.2289
-14.7296
-16.1276
-17.4263
-18.6221
-19.7195
-20.7258
-21.6451
-22.4759
-23.2149
-23.8593
-24.4045
-24.8461
-25.1833
-25.4203
-25.5735
-25.663
-25.6961
-25.6723
-25.59
-25.4482
-25.2452
-24.9794
-24.6479
-24.2463
-23.7673
-23.199
-22.5211
-21.706
-20.8023
5.3273
6.87005
8.56373
10.3144
11.9383
13.4738
14.855
15.9994
16.8584
17.5703
18.1159
18.4993
18.7766
18.9836
19.1374
19.2523
19.3396
19.4068
19.4598
19.5019
19.5355
19.5615
19.5798
19.5881
19.5829
19.5638
19.5309
19.4843
19.424
19.3497
19.2608
19.1565
19.0357
18.8964
18.7354
18.5479
18.3261
18.0582
17.759
3.44255
1.8166
-0.0356573
-1.96989
-3.81204
-5.70191
-7.53417
-9.25441
-10.8813
-12.3993
-13.7806
-15.0708
-16.2718
-17.3711
-18.3752
-19.2956
-20.1364
-20.8949
-21.5685
-22.1552
-22.6511
-23.0523
-23.3585
-23.5734
-23.7123
-23.7938
-23.8249
-23.8052
-23.7336
-23.6096
-23.4319
-23.1992
-22.9095
-22.559
-22.1413
-21.6459
-21.0546
-20.3421
-19.5518
4.98044
6.43897
8.04213
9.69937
11.239
12.6949
14.0082
15.0996
15.907
16.6043
17.1389
17.5083
17.7776
17.9822
18.1356
18.2509
18.3393
18.4083
18.4634
18.5083
18.545
18.5749
18.5982
18.6126
18.6147
18.6036
18.5793
18.542
18.4914
18.4274
18.3495
18.2568
18.1484
18.0224
17.876
17.7046
17.501
17.2537
16.9777
3.21606
1.6836
-0.0587339
-1.87511
-3.60065
-5.3671
-7.07445
-8.67603
-10.1844
-11.5883
-12.858
-14.0606
-15.176
-16.1793
-17.0911
-17.9304
-18.6978
-19.3883
-20.0004
-20.5335
-20.9842
-21.3487
-21.6266
-21.8221
-21.9489
-22.0242
-22.0544
-22.0394
-21.9783
-21.8712
-21.7167
-21.514
-21.2618
-20.9568
-20.5934
-20.1626
-19.6478
-19.0264
-18.3368
4.66725
6.04396
7.558
9.12169
10.576
11.9487
13.1929
14.2254
14.9894
15.6909
16.2114
16.5572
16.8152
17.0167
17.1684
17.2826
17.3707
17.4404
17.4968
17.5433
17.5822
17.6149
17.6418
17.6611
17.6692
17.6648
17.6479
17.6185
17.5765
17.5218
17.4537
17.3717
17.2748
17.1613
17.0286
16.8725
16.6863
16.4589
16.2052
3.04177
1.58216
-0.0764811
-1.79602
-3.42152
-5.07486
-6.65317
-8.12104
-9.47541
-10.7416
-11.8137
-12.9743
-14.0781
-15.0322
-15.8943
-16.698
-17.4354
-18.0967
-18.6818
-19.1915
-19.6224
-19.9709
-20.2363
-20.4229
-20.544
-20.6164
-20.6471
-20.6357
-20.5825
-20.4881
-20.3471
-20.164
-19.9372
-19.6634
-19.3371
-18.9505
-18.4887
-17.9308
-17.3125
4.42547
5.73505
7.17615
8.65111
10.0149
11.2808
12.4079
13.2971
13.9554
14.777
15.3411
15.687
15.9538
16.1701
16.3329
16.4546
16.5489
16.6244
16.686
16.7373
16.781
16.8187
16.8512
16.8766
16.8914
16.8937
16.8833
16.8605
16.8253
16.7773
16.7162
16.6415
16.5523
16.4471
16.3237
16.1779
16.0035
15.7897
15.5515
2.90421
1.50413
-0.0845545
-1.72164
-3.25699
-4.80132
-6.25001
-7.57289
-8.75111
-9.85645
-10.677
-11.8423
-12.9851
-13.9226
-14.7639
-15.5615
-16.2971
-16.9551
-17.5363
-18.0425
-18.4705
-18.8163
-19.0794
-19.2644
-19.3851
-19.4579
-19.491
-19.483
-19.4362
-19.3517
-19.2171
-19.0458
-18.836
-18.5827
-18.2812
-17.9245
-17.4992
-16.9853
-16.4156
4.23165
5.48401
6.85756
8.24575
9.51264
10.6534
11.6325
12.339
12.8575
13.8567
14.5081
14.8751
15.1643
15.407
15.5902
15.7262
15.8318
15.9169
15.9868
16.0456
16.0962
16.1407
16.1803
16.2132
16.2356
16.2449
16.2409
16.2242
16.1946
16.152
16.0962
16.0266
15.9426
15.843
15.7255
15.5861
15.419
15.2132
14.984
2.7713
1.43149
-0.0861971
-1.63974
-3.08446
-4.51927
-5.84057
-7.02084
-8.03222
-8.97997
-9.5654
-10.7197
-11.8912
-12.8099
-13.6254
-14.4111
-15.1413
-15.7934
-16.3686
-16.8699
-17.2944
-17.6372
-17.8983
-18.0822
-18.2027
-18.2765
-18.3126
-18.3088
-18.2693
-18.1961
-18.0694
-17.9115
-17.7202
-17.4889
-17.2128
-16.8865
-16.4978
-16.0282
-15.5128
4.04154
5.23642
6.54189
7.84346
9.01528
10.0318
10.8689
11.4027
11.7842
12.9245
13.663
14.0516
14.3578
14.6232
14.8257
14.9754
15.0916
15.1855
15.2634
15.3292
15.3864
15.4375
15.484
15.5244
15.5542
15.5704
15.5728
15.562
15.538
15.5009
15.4503
15.3861
15.3077
15.214
15.103
14.9709
14.812
14.6158
14.3988
2.64358
1.36421
-0.0819421
-1.5519
-2.90619
-4.23192
-5.42897
-6.469
-7.32391
-8.11112
-8.48685
-9.61192
-10.7954
-11.6943
-12.4819
-13.25
-13.9704
-14.6142
-15.1817
-15.6767
-16.0967
-16.4363
-16.6956
-16.8788
-16.9995
-17.0742
-17.1132
-17.1129
-17.0798
-17.0161
-16.8955
-16.7486
-16.5735
-16.3616
-16.1089
-15.8111
-15.457
-15.0273
-14.5492
3.85624
4.99404
6.23146
7.44742
8.52649
9.41996
10.1223
10.49
10.7427
11.9822
12.8031
13.2175
13.537
13.8208
14.0409
14.2039
14.33
14.4322
14.5172
14.5896
14.6529
14.7102
14.7632
14.8107
14.8478
14.8709
14.8798
14.8752
14.8572
14.8258
14.7809
14.722
14.649
14.5606
14.455
14.3291
14.177
13.988
13.7761
2.52222
1.30287
-0.071915
-1.45901
-2.724
-3.94218
-5.01891
-5.92169
-6.63063
-7.2529
-7.44664
-8.52408
-9.69963
-10.5754
-11.3335
-12.0791
-12.7851
-13.4182
-13.9764
-14.4641
-14.8787
-15.215
-15.4725
-15.6556
-15.7781
-15.8568
-15.9025
-15.9106
-15.8897
-15.8417
-15.7346
-15.6054
-15.4521
-15.2645
-15.0386
-14.7711
-14.4531
-14.0705
-13.6638
3.67748
4.75893
5.9289
7.06095
8.04998
8.82122
9.39605
9.59818
9.73239
11.0319
11.926
12.3707
12.7026
13.0011
13.2364
13.4114
13.5469
13.6572
13.7494
13.8283
13.8976
13.9608
14.0199
14.0742
14.1182
14.1478
14.1628
14.164
14.1519
14.1266
14.0883
14.0368
13.9719
13.8927
13.7972
13.682
13.5422
13.3687
13.1821
2.4081
1.24761
-0.0571025
-1.36286
-2.54065
-3.65389
-4.61518
-5.38467
-5.95774
-6.41011
-6.4479
-7.45953
-8.60548
-9.45281
-10.18
-10.8991
-11.5861
-12.2053
-12.7527
-13.2323
-13.6419
-13.9757
-14.2319
-14.4137
-14.5341
-14.6107
-14.655
-14.662
-14.6417
-14.5966
-14.4907
-14.3674
-14.225
-14.0529
-13.8475
-13.606
-13.3175
-12.9599
-12.5435
3.50706
4.53365
5.63716
6.68792
7.58928
8.2391
8.69303
8.72538
8.74853
10.0748
11.0301
11.508
11.8538
12.1663
12.4156
12.6008
12.7434
12.8599
12.9586
13.044
13.1198
13.1894
13.2553
13.317
13.3687
13.4059
13.428
13.4355
13.4288
13.4079
13.3726
13.323
13.2589
13.1798
13.0848
12.971
12.8327
12.6563
12.4483
2.30217
1.19764
-0.0399893
-1.26757
-2.36082
-3.37252
-4.22285
-4.86298
-5.3087
-5.58661
-5.49265
-6.42042
-7.51499
-8.32665
-9.02034
-9.70889
-10.3728
-10.9754
-11.5099
-11.9796
-12.383
-12.7155
-12.976
-13.1684
-13.3047
-13.4007
-13.4676
-13.4997
-13.5084
-13.4958
-13.4195
-13.3272
-13.2171
-13.0767
-12.9024
-12.6936
-12.4478
-12.1628
-11.9009
3.34766
4.32207
5.361
6.33354
7.14735
7.67384
8.01035
7.86372
7.77945
9.11005
10.1165
10.6265
10.9849
11.3109
11.5774
11.7769
11.9281
12.0486
12.1496
12.2374
12.3166
12.3906
12.4621
12.5301
12.589
12.6339
12.6649
12.683
12.689
12.6831
12.6656
12.6362
12.5943
12.5386
12.4673
12.3773
12.266
12.1312
12.0063
2.20542
1.15203
-0.0239316
-1.17857
-2.19131
-3.10555
-3.84752
-4.35976
-4.68433
-4.78516
-4.58069
-5.40737
-6.42978
-7.19701
-7.85257
-8.50541
-9.1418
-9.72627
-10.2486
-10.7093
-11.1046
-11.4272
-11.6731
-11.8426
-11.9507
-12.0191
-12.0599
-12.067
-12.0521
-12.0165
-11.921
-11.8176
-11.7049
-11.5707
-11.4111
-11.2231
-10.9905
-10.6764
-10.2473
3.20202
4.12826
5.10613
6.00445
6.72801
7.12683
7.34584
7.00449
6.80607
8.12868
9.18636
9.73353
10.1015
10.4293
10.7032
10.9179
11.0881
11.2261
11.3397
11.4351
11.5183
11.595
11.6694
11.741
11.8029
11.8486
11.8768
11.8883
11.8837
11.8632
11.8276
11.7779
11.7151
11.6397
11.5513
11.4463
11.3147
11.1318
10.8804
2.11891
1.11226
-0.00763007
-1.09631
-2.03529
-2.85985
-3.49795
-3.88664
-4.09748
-4.01767
-3.71234
-4.41971
-5.35067
-6.06408
-6.67611
-7.28621
-7.88615
-8.4451
-8.95432
-9.41483
-9.82436
-10.178
-10.4752
-10.7187
-10.9101
-11.0567
-11.173
-11.2548
-11.3199
-11.3684
-11.3443
-11.3035
-11.2469
-11.1605
-11.0424
-10.8975
-10.7395
-10.5952
-10.5838
3.07056
3.95261
4.87444
5.7057
6.3395
6.6172
6.7231
6.1528
5.80997
7.10937
8.21971
8.82579
9.23191
9.57187
9.83342
10.0242
10.1756
10.3105
10.436
10.5516
10.6575
10.7556
10.8499
10.9431
11.0329
11.1144
11.1852
11.2458
11.296
11.3352
11.3625
11.3763
11.3748
11.3562
11.3193
11.2647
11.2011
11.1479
11.1741
2.04359
1.08078
0.0127868
-1.01638
-1.89072
-2.63903
-3.18652
-3.47152
-3.58288
-3.30714
-2.89019
-3.4617
-4.27961
-4.92426
-5.48799
-6.05534
-6.61462
-7.13356
-7.60027
-8.01313
-8.36596
-8.64448
-8.83545
-8.93733
-8.98399
-9.01352
-9.03071
-9.02275
-8.99483
-8.94708
-8.8536
-8.76542
-8.67892
-8.58246
-8.47055
-8.33397
-8.13715
-7.80628
-7.21675
2.95313
3.79431
4.66582
5.43918
5.99143
6.1768
6.17638
5.31117
4.78481
6.04559
7.17134
7.81757
8.2938
8.72658
9.07174
9.30272
9.43915
9.51709
9.56867
9.6144
9.66455
9.72368
9.79181
9.85889
9.90671
9.93033
9.93466
9.92213
9.8945
9.85383
9.80273
9.74444
9.68189
9.6168
9.54757
9.46497
9.34074
9.11305
8.69996
1.98048
1.04818
0.0189261
-0.961422
-1.77994
-2.45974
-2.92208
-3.11841
-3.12496
-2.62544
-2.10093
-2.54545
-3.23184
-3.77521
-4.26578
-4.78606
-5.33054
-5.87134
-6.39545
-6.90091
-7.38718
-7.85653
-8.30911
-8.73168
-9.07726
-9.33045
-9.53499
-9.70353
-9.87493
-10.0436
-10.1047
-10.1211
-10.1233
-10.1024
-10.0533
-9.98906
-9.9587
-10.048
-10.4834
2.8608
3.67171
4.50174
5.21974
5.68697
5.78521
5.61759
4.37696
3.70676
4.99204
6.11092
6.70506
7.10701
7.49636
7.89322
8.2855
8.65643
8.98059
9.24239
9.44228
9.59148
9.70525
9.80517
9.92368
10.0836
10.2622
10.43
10.5805
10.7133
10.8275
10.92
10.9867
11.0251
11.0342
11.0188
10.9924
10.9957
11.1122
11.5015
1.93158
0.989113
-0.0423128
-1.00382
-1.77867
-2.37853
-2.71924
-2.77261
-2.57893
-1.82757
-1.28615
-1.65646
-2.23493
-2.67061
-3.03055
-3.38017
-3.72546
-4.05465
-4.35843
-4.62626
-4.83635
-4.95438
-4.95512
-4.85304
-4.75476
-4.7187
-4.71008
-4.67613
-4.5971
-4.54837
-4.45833
-4.37606
-4.31602
-4.26071
-4.19804
-4.11339
-3.93391
-3.53258
-2.62011
2.82001
3.63043
4.43915
5.09554
5.43951
5.35841
4.80302
3.13868
2.46689
3.92089
5.24265
6.0401
6.47825
6.64251
6.57781
6.38364
6.1633
5.99993
5.92206
5.92442
5.98865
6.0982
6.22649
6.31711
6.31794
6.26602
6.21299
6.1641
6.11631
6.06838
6.02516
5.99259
5.97438
5.97047
5.97318
5.95754
5.85317
5.51965
4.74085
1.90119
0.911278
-0.163612
-1.14401
-1.89862
-2.42143
-2.6194
-2.47278
-1.97929
-0.974457
-0.432694
-0.698329
-1.18873
-1.67256
-2.1731
-2.70285
-3.26471
-3.86017
-4.49598
-5.18534
-5.94637
-6.78585
-7.66053
-8.46804
-9.03575
-9.36893
-9.68916
-9.94293
-10.3669
-10.9824
-10.7774
-10.7822
-10.9496
-11.0667
-11.1076
-11.1439
-11.2911
-11.7062
-12.6947
2.83063
3.66926
4.48245
5.08788
5.29868
4.96963
3.88019
1.84268
0.980582
2.26045
3.74092
5.22976
6.697
8.10814
9.31096
10.2186
10.8467
11.2164
11.3893
11.4353
11.4135
11.3704
11.3726
11.5306
11.8922
12.3014
12.6313
12.8937
13.1155
13.3024
13.4461
13.5417
13.5916
13.6043
13.5998
13.6187
13.764
14.1949
15.1725
292.882
285.897
276.993
266.767
255.227
242.546
229.049
215.142
201.19
187.433
173.99
160.909
148.217
135.934
124.079
112.673
101.728
91.2539
81.2564
71.7362
62.6888
54.1088
45.9867
38.312
31.0728
24.2568
17.8518
11.8458
6.22934
0.992173
-3.87405
-8.37631
-12.5221
-16.3169
-19.7661
-22.876
-25.6519
-28.101
-30.2313
-32.0526
-33.5755
-34.812
-35.7749
-36.4778
-36.9365
-37.1672
-37.1869
-37.0132
-36.6641
-36.1579
-35.5126
-34.7457
-33.8743
-32.9146
-31.8818
-30.7902
-29.6528
-28.4814
-27.2867
-26.0781
-24.8638
-23.651
-22.4458
-21.2532
-20.0779
-18.9224
-17.7916
-16.8308
-15.9744
-15.1224
-14.1815
-13.3711
-12.2164
-11.738
-9.89722
-10.6189
-6.75818
-10.7967
-2.05292
-13.3592
292.354
283.101
272.386
261.3
249.911
238.409
226.987
215.758
204.78
194.089
183.715
173.684
164.021
154.746
145.875
137.42
129.39
121.789
114.616
107.865
101.528
95.5945
90.0492
84.8766
80.0592
75.5793
71.4185
67.5589
63.9827
60.6732
57.6146
54.7915
52.1888
49.7927
47.5895
45.5659
43.7086
42.0047
40.4411
39.0049
37.6836
36.4645
35.3355
34.2846
33.3005
32.3727
31.491
30.6465
29.8309
29.0369
28.2584
27.49
26.7275
25.9675
25.2074
24.4456
23.6809
22.9131
22.1422
21.3689
20.5942
19.8191
19.0452
18.2738
17.5066
16.7451
15.9918
15.3517
14.7916
14.2185
13.5977
13.0311
12.2709
11.9109
10.67
11.1915
8.376
11.7596
4.2217
15.6021
112.887
111.659
111.08
110.563
109.877
108.966
107.763
106.202
104.241
101.858
99.0522
95.8382
92.2409
88.2901
84.0191
79.4629
74.6602
69.6516
64.4782
59.1825
53.8069
48.393
42.9802
37.6057
32.3047
27.1081
22.044
17.1364
12.4073
7.87397
3.55177
-0.546189
-4.41008
-8.03078
-11.401
-14.5158
-17.3721
-19.9684
-22.3037
-24.378
-26.1931
-27.7531
-29.0637
-30.1322
-30.968
-31.5818
-31.9856
-32.1922
-32.2158
-32.0712
-31.7735
-31.3381
-30.7803
-30.1152
-29.3572
-28.5205
-27.618
-26.6622
-25.6642
-24.6343
-23.5819
-22.5151
-21.4412
-20.3663
-19.2963
-18.235
-17.1873
-16.2925
-15.4893
-14.6931
-13.7968
-13.0419
-11.9203
-11.4953
-9.68868
-10.4279
-6.67492
-10.5745
-2.21317
-13.0193
113.48
113.615
114.715
115.784
116.526
116.923
116.955
116.609
115.89
114.814
113.398
111.662
109.629
107.323
104.771
102.003
99.051
95.9476
92.7277
89.4257
86.075
82.7073
79.3525
76.0384
72.7889
69.6244
66.5621
63.6157
60.795
58.1072
55.5567
53.1454
50.8728
48.7374
46.7362
44.8646
43.1176
41.4892
39.9729
38.5613
37.247
36.022
34.8781
33.807
32.8001
31.8494
30.9467
30.0844
29.2553
28.4527
27.6707
26.904
26.1481
25.3993
24.6544
23.9112
23.1682
22.4241
21.6787
20.9319
20.1841
19.4361
18.6889
17.9437
17.2021
16.4651
15.7353
15.1149
14.5713
14.0158
13.4104
12.8619
12.1171
11.7696
10.5599
11.0591
8.33891
11.5836
4.35764
15.2118
52.686
52.0544
51.4951
50.8872
50.2468
49.6074
48.9743
48.3456
47.7161
47.0762
46.409
45.6936
44.9056
44.0202
43.0139
41.8646
40.5546
39.0695
37.398
35.5345
33.4781
31.2328
28.8071
26.2148
23.4735
20.6045
17.6322
14.5827
11.4841
8.36453
5.25204
2.17437
-0.843294
-3.77687
-6.60447
-9.30644
-11.8647
-14.2632
-16.4889
-18.5312
-20.3821
-22.0363
-23.4905
-24.7432
-25.7961
-26.6525
-27.3177
-27.7986
-28.1038
-28.2434
-28.2282
-28.0701
-27.7814
-27.3748
-26.863
-26.2587
-25.5742
-24.8213
-24.011
-23.154
-22.2598
-21.3371
-20.3942
-19.4378
-18.4745
-17.5095
-16.5472
-15.7208
-14.9733
-14.2338
-13.3878
-12.6835
-11.6132
-11.2149
-9.49609
-10.1734
-6.65179
-10.2485
-2.45865
-12.5179
53.0297
53.2019
53.5915
53.9881
54.4637
55.0433
55.703
56.4224
57.182
57.9592
58.7299
59.4689
60.1526
60.7573
61.2621
61.647
61.895
61.9919
61.9271
61.6944
61.291
60.7186
59.9825
59.0928
58.0621
56.9059
55.6416
54.2886
52.8661
51.3935
49.8898
48.3723
46.8567
45.3572
43.8856
42.4515
41.0627
39.7248
38.4418
37.2157
36.0471
34.9354
33.8788
32.8743
31.9184
31.007
30.1352
29.2984
28.4914
27.7094
26.9478
26.2022
25.4686
24.7436
24.0243
23.3082
22.5936
21.8792
21.1641
20.448
19.731
19.0133
18.296
17.5798
16.8663
16.1564
15.4525
14.8537
14.3286
13.7922
13.2057
12.6741
11.9537
11.6071
10.4539
10.8933
8.3331
11.336
4.55919
14.7529
53.7779
53.4258
52.9852
52.4222
51.7227
50.8767
49.8824
48.7538
47.5168
46.1969
44.8094
43.3634
41.865
40.3189
38.7293
37.098
35.4265
33.7147
31.9601
30.1594
28.3088
26.4035
24.4391
22.4121
20.3198
18.1617
15.9395
13.657
11.3215
8.94211
6.53088
4.10235
1.67236
-0.741477
-3.12049
-5.44613
-7.69992
-9.86456
-11.9236
-13.8622
-15.6676
-17.3288
-18.8368
-20.1845
-21.3674
-22.3831
-23.231
-23.9132
-24.433
-24.7958
-25.0085
-25.0792
-25.017
-24.8319
-24.5344
-24.1354
-23.6458
-23.0765
-22.438
-21.7404
-20.9935
-20.2062
-19.3869
-18.5431
-17.6817
-16.809
-15.9293
-15.1684
-14.4733
-13.7866
-12.988
-12.3319
-11.3083
-10.9417
-9.2914
-9.94304
-6.57868
-9.99808
-2.56421
-12.178
54.024
54.2156
54.3684
54.4538
54.4945
54.4845
54.4224
54.317
54.1748
54.0012
53.8021
53.582
53.3451
53.0948
52.8334
52.5618
52.2795
51.9839
51.6714
51.337
50.9746
50.5775
50.1387
49.6516
49.1106
48.511
47.85
47.1265
46.3416
45.4984
44.6021
43.6591
42.6775
41.666
40.6339
39.5903
38.5442
37.5036
36.4756
35.4663
34.4804
33.5216
32.5921
31.693
30.8245
29.9857
29.1749
28.39
27.6282
26.8865
26.1619
25.451
24.7509
24.0588
23.3722
22.6888
22.0071
21.3254
20.6431
19.9594
19.2744
18.5882
17.9014
17.2148
16.5297
15.847
15.1689
14.5912
14.0837
13.5654
12.9968
12.4821
11.7833
11.4441
10.3307
10.7424
8.27992
11.1499
4.62992
14.4598
48.4755
48.1713
47.8414
47.484
47.0792
46.6102
46.0631
45.4276
44.7001
43.8815
42.9713
41.9676
40.8677
39.6703
38.3758
36.9857
35.5029
33.9319
32.2779
30.5471
28.7462
26.882
24.9615
22.9914
20.9777
18.9266
16.8434
14.7335
12.6023
10.4552
8.29833
6.13894
3.98452
1.844
-0.272585
-2.35435
-4.38964
-6.36636
-8.27192
-10.0939
-11.8205
-13.4404
-14.9435
-16.3207
-17.565
-18.6705
-19.6333
-20.4516
-21.1248
-21.6545
-22.044
-22.2978
-22.422
-22.4234
-22.3104
-22.0915
-21.7758
-21.373
-20.8924
-20.3435
-19.7354
-19.077
-18.3767
-17.642
-16.8804
-16.0987
-15.3008
-14.6052
-13.9621
-13.3279
-12.5767
-11.9697
-10.9906
-10.6624
-9.067
-9.72038
-6.46548
-9.78397
-2.59108
-11.9163
48.6867
48.8372
48.9966
49.1637
49.3223
49.4575
49.5645
49.6406
49.6815
49.6834
49.643
49.5576
49.4251
49.2442
49.0147
48.7369
48.4125
48.0436
47.6331
47.1844
46.7009
46.1864
45.644
45.0766
44.4864
43.8751
43.2435
42.592
41.9208
41.2296
40.5186
39.7877
39.0379
38.2703
37.4871
36.6909
35.8848
35.0726
34.258
33.445
32.6373
31.8381
31.0502
30.276
29.5168
28.7736
28.0465
27.335
26.6382
25.9546
25.2824
24.6199
23.9648
23.3153
22.6694
22.0254
21.3818
20.7375
20.0915
19.4433
18.7929
18.1402
17.4858
16.8304
16.1752
15.5208
14.8697
14.3137
13.8243
13.3245
12.7743
12.2773
11.5992
11.2716
10.1901
10.5904
8.19604
10.9865
4.63197
14.2239
37.3395
37.0455
36.7439
36.4357
36.101
35.7332
35.328
34.8809
34.3902
33.8578
33.2859
32.6734
32.0164
31.3102
30.5496
29.7295
28.8449
27.8911
26.8644
25.7613
24.5801
23.3197
21.9809
20.5654
19.0767
17.5193
15.899
14.2222
12.4967
10.7303
8.93141
7.10905
5.27206
3.42966
1.59143
-0.233008
-2.03358
-3.80019
-5.52213
-7.18894
-8.79003
-10.3152
-11.7545
-13.0987
-14.3396
-15.4699
-16.4835
-17.376
-18.1441
-18.7864
-19.3029
-19.695
-19.9657
-20.119
-20.1606
-20.0966
-19.934
-19.6806
-19.3444
-18.9336
-18.4566
-17.9215
-17.3364
-16.7088
-16.0458
-15.3551
-14.6396
-14.0103
-13.4209
-12.8407
-12.1393
-11.583
-10.6511
-10.3626
-8.82519
-9.48048
-6.33913
-9.55219
-2.61084
-11.6293
37.5199
37.619
37.7435
37.8863
38.0354
38.187
38.3413
38.4973
38.6533
38.8076
38.9576
39.1006
39.2332
39.3516
39.4521
39.5306
39.5828
39.6048
39.5931
39.5443
39.4559
39.326
39.1535
38.9381
38.6803
38.3813
38.0428
37.6671
37.2567
36.8143
36.3427
35.8443
35.3217
34.7773
34.2133
33.6321
33.0357
32.4264
31.8066
31.1786
30.5448
29.9076
29.2691
28.6314
27.9963
27.365
26.7387
26.1178
25.5024
24.8923
24.2869
23.6854
23.0867
22.4896
21.8929
21.2956
20.6965
20.0948
19.4898
18.8812
18.2688
17.6528
17.0337
16.412
15.7889
15.1651
14.5431
14.0106
13.5409
13.061
12.531
12.053
11.3974
11.082
10.0351
10.4218
8.10259
10.8032
4.63023
13.9574
29.4768
29.2392
28.9972
28.7492
28.4778
28.1776
27.8451
27.4757
27.0671
26.6211
26.1421
25.6334
25.0953
24.5267
23.9263
23.2923
22.6227
21.9157
21.1688
20.3792
19.5445
18.6618
17.7282
16.7413
15.6992
14.6005
13.4447
12.2323
10.9648
9.64505
8.27691
6.86573
5.41753
3.93955
2.43982
0.927064
-0.589391
-2.09989
-3.59427
-5.06232
-6.49386
-7.8787
-9.207
-10.469
-11.656
-12.7597
-13.7725
-14.6884
-15.5019
-16.2093
-16.8081
-17.2971
-17.6765
-17.9478
-18.1139
-18.1785
-18.1465
-18.0235
-17.816
-17.5306
-17.1745
-16.755
-16.2792
-15.7545
-15.1875
-14.5862
-13.9526
-13.3897
-12.8546
-12.3293
-11.6792
-11.1741
-10.2922
-10.0427
-8.56877
-9.2209
-6.20409
-9.2979
-2.62659
-11.3117
29.6333
29.737
29.861
29.9943
30.1309
30.2692
30.4095
30.5514
30.695
30.84
30.9861
31.1327
31.2793
31.425
31.5689
31.71
31.8464
31.9762
32.0975
32.2077
32.304
32.3832
32.4421
32.4777
32.4869
32.4668
32.4149
32.3295
32.209
32.0528
31.8608
31.6335
31.372
31.0777
30.7527
30.399
30.0189
29.6149
29.1895
28.745
28.284
27.8087
27.3213
26.824
26.3185
25.8066
25.2897
24.769
24.2451
23.7187
23.1899
22.6587
22.1249
21.5881
21.0477
20.5033
19.9541
19.3999
18.8401
18.2748
17.7037
17.1273
16.546
15.9604
15.3717
14.7806
14.1895
13.6822
13.2336
12.7751
12.2668
11.8089
11.1779
10.8747
9.86611
10.2354
8.00051
10.5976
4.62628
13.6654
24.7777
24.5885
24.3956
24.1994
23.9879
23.7561
23.5007
23.2172
22.9015
22.5517
22.1696
21.7581
21.3185
20.8501
20.3518
19.8221
19.2599
18.6642
18.0341
17.3686
16.6671
15.9289
15.1531
14.3392
13.4864
12.5942
11.6621
10.6897
9.67699
8.62434
7.53266
6.4036
5.23945
4.04341
2.81971
1.57338
0.31052
-0.96214
-2.23686
-3.50548
-4.75931
-5.98943
-7.18671
-8.34194
-9.44638
-10.4914
-11.4691
-12.3722
-13.1941
-13.9296
-14.5743
-15.1249
-15.5797
-15.9377
-16.1996
-16.367
-16.4426
-16.4301
-16.3339
-16.1593
-15.912
-15.5981
-15.2239
-14.7961
-14.3204
-13.8052
-13.2513
-12.7535
-12.2721
-11.801
-11.2025
-10.7482
-9.91787
-9.70651
-8.29857
-8.94655
-6.05546
-9.03206
-2.62293
-10.9883
24.915
25.0228
25.1449
25.2741
25.4072
25.5424
25.6793
25.8177
25.9571
26.0972
26.2374
26.3771
26.5157
26.6525
26.7868
26.9182
27.0459
27.1691
27.2872
27.3995
27.505
27.6027
27.6914
27.7697
27.8363
27.8893
27.9267
27.9468
27.9474
27.9265
27.8823
27.813
27.7174
27.5945
27.4436
27.2649
27.0584
26.8251
26.566
26.2823
25.9758
25.648
25.3008
24.936
24.5552
24.1602
23.7525
23.3332
22.9037
22.4647
22.0171
21.5612
21.0974
20.6258
20.1465
19.6592
19.1641
18.6609
18.1496
17.6303
17.1033
16.5687
16.0274
15.4798
14.9273
14.3705
13.8119
13.331
12.9047
12.4684
11.9831
11.546
10.9411
10.6504
9.68193
10.0334
7.88481
10.378
4.60536
13.3705
21.0945
20.9353
20.7726
20.6089
20.436
20.25
20.0479
19.8266
19.5823
19.3122
19.0152
18.6931
18.348
17.98
17.5882
17.1709
16.7267
16.254
15.7515
15.2177
14.6515
14.0517
13.4174
12.7478
12.0424
11.3011
10.5237
9.71053
8.86204
7.979
7.06243
6.11382
5.13481
4.12756
3.09477
2.03962
0.965901
-0.121927
-1.21874
-2.31872
-3.41556
-4.50234
-5.57176
-6.61612
-7.62763
-8.59851
-9.52107
-10.3881
-11.1926
-11.9287
-12.5909
-13.1746
-13.6765
-14.0942
-14.4263
-14.6726
-14.8339
-14.9122
-14.9101
-14.8312
-14.6798
-14.4607
-14.1791
-13.8409
-13.451
-13.0176
-12.5401
-12.1055
-11.6767
-11.2586
-10.7114
-10.3072
-9.52905
-9.35525
-8.01417
-8.65901
-5.89071
-8.75815
-2.59619
-10.6667
21.2144
21.3128
21.4224
21.5387
21.6594
21.7836
21.911
22.0416
22.1753
22.3117
22.4504
22.591
22.733
22.8758
23.0187
23.1609
23.3016
23.44
23.5753
23.7063
23.8322
23.952
24.0647
24.1695
24.2652
24.3511
24.4259
24.4889
24.5388
24.5746
24.5952
24.5992
24.5856
24.5531
24.5005
24.427
24.3317
24.2139
24.0734
23.91
23.724
23.5158
23.286
23.0356
22.7655
22.4767
22.1704
21.8476
21.5093
21.1565
20.7899
20.4103
20.0181
19.6139
19.198
18.7706
18.3319
17.8822
17.4217
16.9506
16.4695
15.9787
15.479
14.9711
14.4562
13.9352
13.4105
12.957
12.5539
12.1406
11.6794
11.2638
10.6862
10.4085
9.4813
9.81578
7.75311
10.1468
4.5641
13.076
17.8978
17.761
17.621
17.4806
17.3343
17.1791
17.0125
16.8319
16.6346
16.4177
16.1792
15.9189
15.6386
15.34
15.0231
14.6868
14.3301
13.9516
13.5503
13.1248
12.674
12.1965
11.6913
11.157
10.5928
9.99767
9.37091
8.71201
8.02082
7.29736
6.5421
5.75591
4.93992
4.09575
3.22548
2.33155
1.41694
0.485035
-0.460188
-1.41434
-2.3725
-3.32934
-4.27905
-5.21533
-6.13176
-7.02158
-7.878
-8.69428
-9.46382
-10.1804
-10.8384
-11.4326
-11.9586
-12.4129
-12.7928
-13.0967
-13.3238
-13.4744
-13.5497
-13.5516
-13.4832
-13.3478
-13.1494
-12.8931
-12.5825
-12.2259
-11.8212
-11.4473
-11.0693
-10.7028
-10.2065
-9.85119
-9.12571
-8.98877
-7.71522
-8.35756
-5.70991
-8.47427
-2.55
-10.343
18.0022
18.0897
18.1861
18.2882
18.3945
18.5045
18.6183
18.7358
18.8572
18.9823
19.1109
19.2429
19.3781
19.5162
19.6568
19.7996
19.9441
20.0896
20.2356
20.3814
20.5261
20.6688
20.8085
20.9442
21.0747
21.1991
21.316
21.4243
21.5229
21.6107
21.6865
21.7493
21.7981
21.8319
21.8497
21.8506
21.8338
21.7984
21.7439
21.6695
21.5749
21.4598
21.324
21.1675
20.9907
20.7938
20.5773
20.3417
20.0877
19.8158
19.5268
19.2212
18.8996
18.5624
18.2102
17.8432
17.4621
17.0671
16.6586
16.2371
15.8033
15.3576
14.9008
14.4339
13.958
13.4739
12.9843
12.5593
12.1802
11.7908
11.3546
10.9612
10.4121
10.1479
9.2632
9.58134
7.60495
9.90193
4.50546
12.7766
15.2815
15.1643
15.0438
14.923
14.7978
14.6665
14.5272
14.3775
14.2154
14.0383
13.8441
13.6311
13.3998
13.1517
12.8882
12.6089
12.3131
11.9998
11.668
11.317
10.9457
10.5532
10.1387
9.70121
9.23983
8.75374
8.24214
7.70433
7.13975
6.54797
5.92875
5.28221
4.60862
3.90865
3.18338
2.43428
1.66325
0.872681
0.0654568
-0.755076
-1.58513
-2.42048
-3.2564
-4.08776
-4.90916
-5.71488
-6.49894
-7.25538
-7.97806
-8.66112
-9.29888
-9.88598
-10.4176
-10.8895
-11.2983
-11.641
-11.9159
-12.1218
-12.2587
-12.3272
-12.3287
-12.2657
-12.1408
-11.958
-11.7199
-11.4344
-11.098
-10.7817
-10.4527
-10.1358
-9.68917
-9.38146
-8.70863
-8.60753
-7.40199
-8.0419
-5.51367
-8.17903
-2.48687
-10.0135
15.3728
15.4513
15.537
15.6273
15.7214
15.819
15.9204
16.0255
16.1344
16.2471
16.3635
16.4836
16.6073
16.7344
16.8648
16.9983
17.1346
17.2735
17.4147
17.5577
17.7021
17.8473
17.9927
18.1377
18.2813
18.4229
18.5613
18.6956
18.8247
18.9473
19.0624
19.1686
19.2648
19.3498
19.4224
19.4815
19.5261
19.5551
19.5677
19.563
19.5404
19.4993
19.439
19.3592
19.2597
19.1402
19.0008
18.8416
18.6626
18.4643
18.2467
18.0105
17.7558
17.4831
17.1928
16.8854
16.5612
16.2208
15.8646
15.4931
15.107
14.7071
14.2941
13.8689
13.4329
12.9867
12.5332
12.1375
11.7832
11.4184
11.0081
10.6376
10.1181
9.8679
9.02681
9.32913
7.43993
9.64201
4.4313
12.4688
13.1759
13.0753
12.9714
12.8668
12.7588
12.6464
12.5285
12.4034
12.269
12.1234
11.9647
11.7908
11.6008
11.3951
11.1752
10.9419
10.695
10.4335
10.1567
9.86377
9.55393
9.2264
8.8804
8.51521
8.13006
7.72429
7.29722
6.8483
6.37699
5.88288
5.36564
4.82519
4.26148
3.67475
3.06547
2.43441
1.78264
1.11161
0.423189
-0.280333
-0.996289
-1.7215
-2.45242
-3.18495
-3.91477
-4.63712
-5.34694
-6.039
-6.70787
-7.34813
-7.95445
-8.52157
-9.04461
-9.51899
-9.94077
-10.3065
-10.6133
-10.8593
-11.0432
-11.1646
-11.2237
-11.2217
-11.1602
-11.0422
-10.8692
-10.6485
-10.3752
-10.1129
-9.83019
-9.56051
-9.16208
-8.90001
-8.27931
-8.21266
-7.07519
-7.71251
-5.30257
-7.87241
-2.40751
-9.67814
13.2558
13.3261
13.4023
13.4822
13.5655
13.6523
13.7426
13.8366
13.9342
14.0355
14.1405
14.2493
14.3616
14.4776
14.5972
14.7201
14.8464
14.9757
15.108
15.2428
15.3801
15.5193
15.6601
15.8021
15.9447
16.0874
16.2294
16.3702
16.5089
16.6446
16.7764
16.9033
17.0242
17.138
17.2434
17.3395
17.4248
17.4983
17.5589
17.6054
17.6369
17.6524
17.6511
17.6322
17.5951
17.5393
17.4643
17.3698
17.2557
17.1218
16.9681
16.7947
16.6016
16.3891
16.1574
15.9067
15.6376
15.3502
15.0453
14.7232
14.3847
14.0304
13.6612
13.2781
12.8823
12.4747
12.0578
11.692
11.3632
11.0235
10.6398
10.2926
9.80358
9.56793
8.77147
9.0586
7.25761
9.36644
4.34201
12.1511
11.4334
11.3467
11.2566
11.1656
11.0717
10.9742
10.8729
10.7667
10.6538
10.5326
10.4015
10.2587
10.1026
9.93246
9.74902
9.55347
9.34632
9.12723
8.89548
8.65031
8.39104
8.11696
7.82741
7.52169
7.19913
6.85907
6.5009
6.12402
5.72794
5.3122
4.87644
4.42047
3.94415
3.44752
2.93084
2.39453
1.83927
1.26596
0.675893
0.0705977
-0.548012
-1.17771
-1.81582
-2.4593
-3.10473
-3.74834
-4.38597
-5.01325
-5.62551
-6.21798
-6.78579
-7.32408
-7.82813
-8.29338
-8.71565
-9.09112
-9.41651
-9.68915
-9.90697
-10.0686
-10.1734
-10.2216
-10.2135
-10.1515
-10.0357
-9.87322
-9.65747
-9.44484
-9.20552
-8.98012
-8.62778
-8.40901
-7.83937
-7.80542
-6.7357
-7.36998
-5.07713
-7.55463
-2.31366
-9.33696
11.5032
11.5656
11.6327
11.7031
11.7766
11.8533
11.9334
12.0168
12.1038
12.1943
12.2885
12.3862
12.4876
12.5927
12.7014
12.8137
12.9296
13.0488
13.1714
13.2972
13.4259
13.5574
13.6913
13.8273
13.9651
14.1042
14.2441
14.3843
14.5243
14.6632
14.8005
14.9353
15.0669
15.1942
15.3163
15.4323
15.5409
15.6412
15.732
15.8122
15.8806
15.9361
15.9777
16.0044
16.0153
16.0095
15.9862
15.9448
15.8848
15.8057
15.7072
15.5889
15.4508
15.2928
15.1148
14.917
14.6996
14.4628
14.207
13.9327
13.6405
13.3311
13.0052
12.6638
12.3081
11.939
11.559
11.2234
10.9204
10.6062
10.2497
9.92626
9.46829
9.24758
8.49658
8.76916
7.05739
9.07447
4.23812
11.8216
9.96396
9.88902
9.81077
9.73142
9.64924
9.56398
9.47575
9.38407
9.28776
9.18541
9.07558
8.95688
8.82776
8.68687
8.53375
8.36915
8.19409
8.00891
7.81324
7.60647
7.38792
7.157
6.91312
6.65572
6.38418
6.09793
5.79639
5.479
5.14525
4.79467
4.42683
4.04146
3.63826
3.21714
2.77813
2.32142
1.84736
1.35656
0.849837
0.328293
-0.206742
-0.753605
-1.31034
-1.87459
-2.44374
-3.01482
-3.58449
-4.14916
-4.70493
-5.24771
-5.77323
-6.27712
-6.75502
-7.20257
-7.61566
-7.9904
-8.32324
-8.6111
-8.85138
-9.04204
-9.18165
-9.26958
-9.30542
-9.29057
-9.22422
-9.11288
-8.94869
-8.78128
-8.58194
-8.39751
-8.08871
-7.91053
-7.39047
-7.38708
-6.38433
-7.01462
-4.83802
-7.22523
-2.20697
-8.98805
10.0249
10.0799
10.1388
10.2005
10.2651
10.3327
10.4034
10.4771
10.5542
10.6345
10.7183
10.8055
10.8962
10.9904
11.0882
11.1897
11.2946
11.4032
11.5153
11.6308
11.7496
11.8716
11.9966
12.1244
12.2548
12.3874
12.522
12.658
12.795
12.9325
13.07
13.2067
13.342
13.4752
13.6054
13.7318
13.8534
13.9692
14.0783
14.1797
14.2721
14.3546
14.426
14.4852
14.5312
14.563
14.5795
14.58
14.5635
14.5294
14.477
14.4058
14.3153
14.2052
14.0753
13.9254
13.7554
13.5656
13.356
13.127
12.8791
12.6128
12.329
12.0283
11.7122
11.3811
11.0379
10.7325
10.4553
10.1668
9.83771
9.53827
9.1119
8.90649
8.20164
8.46021
6.839
8.76474
4.1208
11.4765
8.71648
8.65174
8.58383
8.51462
8.4427
8.36791
8.29056
8.21053
8.12724
8.03968
7.94663
7.84687
7.7391
7.62197
7.49437
7.35602
7.20767
7.05017
6.88374
6.70804
6.5225
6.32653
6.11963
5.90131
5.67106
5.42837
5.17274
4.90367
4.62071
4.32339
4.01131
3.68414
3.34157
2.98337
2.60947
2.21984
1.81464
1.39417
0.958949
0.509661
0.04726
-0.427112
-0.911982
-1.40561
-1.90596
-2.41072
-2.91723
-3.42258
-3.92355
-4.41669
-4.89836
-5.3647
-5.8118
-6.23567
-6.63243
-6.99828
-7.32964
-7.62321
-7.87611
-8.08585
-8.25047
-8.3687
-8.43936
-8.46324
-8.43854
-8.37134
-8.25257
-8.12557
-7.96253
-7.81549
-7.54738
-7.40666
-6.93429
-6.95889
-6.0225
-6.64668
-4.58687
-6.88305
-2.09058
-8.62807
8.76956
8.81795
8.86966
8.92385
8.98064
9.04011
9.10236
9.16749
9.23558
9.30671
9.38098
9.45845
9.5392
9.6233
9.71078
9.80169
9.89608
9.99394
10.0953
10.2001
10.3083
10.4199
10.5348
10.6528
10.7737
10.8975
11.0238
11.1524
11.2829
11.415
11.5482
11.682
11.8158
11.9492
12.0813
12.2114
12.3388
12.4625
12.5818
12.6955
12.8028
12.9026
12.9938
13.0754
13.1463
13.2053
13.2514
13.2837
13.3011
13.3028
13.2878
13.2555
13.2051
13.136
13.0478
12.9402
12.8128
12.6655
12.4983
12.3114
12.1051
11.8798
11.636
11.3746
11.0967
10.8028
10.4956
10.22
9.96855
9.70557
9.40404
9.12868
8.73417
8.54429
7.88634
8.13102
6.60294
8.43545
3.99266
11.1093
7.65267
7.59668
7.53771
7.47735
7.41435
7.34859
7.28045
7.21001
7.13705
7.06106
6.98116
6.89627
6.80533
6.70719
6.60068
6.48484
6.35951
6.22544
6.08332
5.93329
5.77498
5.6079
5.43152
5.24543
5.04918
4.84236
4.62449
4.39516
4.15394
3.90043
3.63424
3.35506
3.06256
2.75649
2.43669
2.10308
1.75564
1.39454
1.02003
0.632587
0.232788
-0.178548
-0.600398
-1.03144
-1.4702
-1.91485
-2.36333
-2.81329
-3.26212
-3.70697
-4.14475
-4.57216
-4.98577
-5.38201
-5.75732
-6.10812
-6.43095
-6.72252
-6.97981
-7.2001
-7.38104
-7.52094
-7.61803
-7.67266
-7.68211
-7.65205
-7.57246
-7.48094
-7.35033
-7.23681
-7.00623
-6.89948
-6.47277
-6.52203
-5.6519
-6.26577
-4.32617
-6.52601
-1.96775
-8.25129
7.69895
7.74147
7.78685
7.83442
7.88434
7.93666
7.99149
8.04891
8.10901
8.17186
8.23758
8.30624
8.3779
8.45265
8.53055
8.61166
8.69607
8.78377
8.87481
8.96922
9.06698
9.16808
9.27247
9.38011
9.49089
9.6047
9.72138
9.84075
9.96259
10.0866
10.2125
10.3399
10.4684
10.5974
10.7266
10.8552
10.9826
11.1081
11.2309
11.3501
11.465
11.5744
11.6775
11.7732
11.8605
11.9382
12.0053
12.0608
12.1036
12.1326
12.147
12.1457
12.128
12.0931
12.0402
11.9689
11.8787
11.7691
11.64
11.4914
11.3233
11.136
10.9299
10.7057
10.4642
10.2061
9.93387
9.68731
9.46102
9.22322
8.94897
8.69755
8.33505
8.16061
7.55052
7.78024
6.35021
8.08204
3.85802
10.7114
6.73486
6.68643
6.6353
6.58274
6.52768
6.46996
6.40993
6.34775
6.28341
6.21675
6.1473
6.07425
5.99666
5.91354
5.82389
5.72668
5.62121
5.50745
5.38605
5.25762
5.12222
4.97943
4.82875
4.66972
4.502
4.32521
4.13899
3.94292
3.73666
3.51982
3.29205
3.05306
2.80252
2.54018
2.26586
1.97939
1.68073
1.3699
1.04704
0.712418
0.366431
0.00961268
-0.357288
-0.733336
-1.11739
-1.50811
-1.90386
-2.30282
-2.70286
-3.1017
-3.49673
-3.88519
-4.26412
-4.63037
-4.98078
-5.31212
-5.6211
-5.90458
-6.1595
-6.38315
-6.57294
-6.7269
-6.84289
-6.9208
-6.95734
-6.95771
-6.91114
-6.85005
-6.74801
-6.66388
-6.46769
-6.39056
-6.00849
-6.0764
-5.2759
-5.86986
-4.06149
-6.147
-1.84637
-7.84759
6.77518
6.81252
6.85234
6.8941
6.93796
6.98398
7.03224
7.08282
7.13581
7.1913
7.24938
7.31012
7.3736
7.43992
7.50913
7.58132
7.65654
7.73486
7.81631
7.90095
7.98879
8.07985
8.17412
8.27159
8.3722
8.47589
8.58258
8.69214
8.80442
8.91923
9.03633
9.15545
9.2763
9.3985
9.52162
9.64519
9.7687
9.89155
10.0131
10.1326
10.2494
10.3625
10.4711
10.5743
10.6711
10.7604
10.8413
10.9126
10.9734
11.0224
11.0588
11.0816
11.0896
11.0822
11.0584
11.0174
10.9588
10.8819
10.7862
10.6716
10.538
10.3854
10.214
10.0244
9.81728
9.59306
9.35411
9.13557
8.93369
8.72037
8.47293
8.24492
7.91472
7.75464
7.19533
7.40487
6.08523
7.69696
3.72951
10.266
5.94547
5.90336
5.85871
5.81241
5.76334
5.71112
5.65587
5.59771
5.53682
5.47343
5.40777
5.34005
5.2704
5.19894
5.12532
5.04842
4.96637
4.87693
4.77831
4.67
4.553
4.42894
4.29862
4.16175
4.0176
3.86563
3.70553
3.53701
3.35977
3.17349
2.97783
2.77251
2.55723
2.33175
2.09584
1.84935
1.59216
1.32422
1.04558
0.756379
0.456858
0.14738
-0.171551
-0.499228
-0.834849
-1.17734
-1.5255
-1.87787
-2.23275
-2.58833
-2.94246
-3.29278
-3.63685
-3.97197
-4.29535
-4.60408
-4.89521
-5.16579
-5.41289
-5.63389
-5.82609
-5.98743
-6.11548
-6.2098
-6.2667
-6.29098
-6.27153
-6.23561
-6.15851
-6.09891
-5.9349
-5.88094
-5.5451
-5.62088
-4.89977
-5.45401
-3.80058
-5.73918
-1.73834
-7.40776
5.98075
6.01359
6.04855
6.08524
6.12378
6.16424
6.20668
6.25118
6.29783
6.34671
6.3979
6.45148
6.50751
6.5661
6.62731
6.69121
6.75787
6.82737
6.89976
6.9751
7.05341
7.13474
7.21912
7.30656
7.39704
7.49054
7.58699
7.68631
7.78845
7.89332
8.00068
8.11036
8.22212
8.33574
8.45085
8.56705
8.68396
8.80116
8.91807
9.03409
9.14859
9.26084
9.37008
9.47554
9.57627
9.6714
9.75991
9.84082
9.91311
9.97572
10.0276
10.0679
10.0953
10.109
10.1082
10.0918
10.0591
10.0096
9.94242
9.85733
9.75406
9.63231
9.49228
9.33421
9.15872
8.96605
8.75838
8.56637
8.38784
8.19787
7.97664
7.77075
7.47392
7.32467
6.82297
6.99986
5.81444
7.26904
3.62071
9.76072
5.03738
5.00286
4.96621
4.92832
4.88849
4.84647
4.80233
4.75611
4.70792
4.65791
4.60612
4.55244
4.49655
4.43785
4.37579
4.30979
4.23896
4.16245
4.07983
3.99117
3.89657
3.79602
3.68965
3.57757
3.45957
3.33529
3.20443
3.06668
2.92174
2.76935
2.60921
2.44111
2.26471
2.07981
1.88616
1.6836
1.47195
1.25112
1.02103
0.781741
0.533309
0.275928
0.00987151
-0.264415
-0.546443
-0.835465
-1.13066
-1.43099
-1.73523
-2.042
-2.34969
-2.65645
-2.96036
-3.2592
-3.55067
-3.83222
-4.10133
-4.35532
-4.59152
-4.80732
-5.00011
-5.16767
-5.30747
-5.4185
-5.4972
-5.54675
-5.55794
-5.54835
-5.50169
-5.46562
-5.34477
-5.30686
-5.03949
-5.1024
-4.50247
-4.9739
-3.54384
-5.26797
-1.65966
-6.91588
5.06664
5.09413
5.12335
5.15406
5.18638
5.22033
5.25599
5.29346
5.33278
5.37404
5.41734
5.46269
5.51021
5.55999
5.61209
5.66653
5.72347
5.78295
5.84502
5.90975
5.9772
6.04745
6.12052
6.19642
6.27519
6.35685
6.44139
6.52877
6.61896
6.71195
6.80759
6.90575
7.00633
7.10921
7.21407
7.32064
7.42866
7.53787
7.64779
7.75797
7.86791
7.97701
8.08473
8.19039
8.29319
8.39239
8.48713
8.57642
8.65943
8.73512
8.8025
8.86062
8.90831
8.9446
8.96862
8.97932
8.97572
8.95713
8.92266
8.87174
8.80389
8.71869
8.61603
8.49592
8.35868
8.2045
8.03512
7.87568
7.7263
7.56475
7.37767
7.19677
6.94741
6.80245
6.39003
6.50175
5.52423
6.73253
3.54969
9.13082
4.13168
4.105
4.07671
4.04756
4.0171
3.98523
3.95204
3.91752
3.88159
3.84417
3.80511
3.76411
3.72082
3.67456
3.62462
3.57066
3.51264
3.45069
3.38493
3.31544
3.24209
3.16436
3.08173
2.99412
2.90166
2.80434
2.70192
2.59406
2.48049
2.36098
2.23529
2.1032
1.96446
1.81885
1.66613
1.50612
1.33864
1.16355
0.980704
0.790068
0.591571
0.385296
0.171306
-0.0501787
-0.278888
-0.514429
-0.756263
-1.00378
-1.25615
-1.51243
-1.77149
-2.03206
-2.29264
-2.55156
-2.80703
-3.057
-3.29935
-3.53181
-3.75201
-3.95757
-4.14599
-4.31511
-4.46228
-4.58633
-4.68338
-4.75612
-4.79518
-4.8128
-4.79348
-4.78598
-4.70065
-4.69424
-4.47395
-4.56353
-4.03159
-4.50757
-3.18799
-4.86363
-1.45237
-6.59915
4.15459
4.17638
4.19953
4.22391
4.2496
4.27661
4.30503
4.33495
4.36638
4.39942
4.43414
4.47057
4.5088
4.54896
4.59103
4.63511
4.68131
4.72967
4.7803
4.83323
4.88849
4.94626
5.00653
5.0693
5.13469
5.20272
5.27346
5.34689
5.42299
5.5018
5.5833
5.66738
5.75405
5.84325
5.93478
6.02848
6.12422
6.22179
6.3209
6.42124
6.52247
6.62415
6.7259
6.82713
6.92729
7.02579
7.12187
7.21472
7.30364
7.38773
7.46602
7.53769
7.60164
7.65689
7.70252
7.7375
7.76078
7.77149
7.76866
7.7515
7.71937
7.67165
7.60796
7.528
7.43186
7.31947
7.19237
7.06942
6.95239
6.82412
6.67371
6.52702
6.32152
6.20486
5.85439
5.96981
5.10193
6.25808
3.2659
8.79074
3.40842
3.38729
3.3648
3.34146
3.31686
3.29083
3.26335
3.23444
3.204
3.17194
3.13823
3.10292
3.06618
3.0281
2.98858
2.94743
2.90423
2.85868
2.81031
2.75838
2.70231
2.64188
2.57717
2.50822
2.43508
2.35794
2.27673
2.19126
2.10126
2.00647
1.90671
1.8018
1.6915
1.57564
1.45402
1.32645
1.19276
1.05279
0.906416
0.753526
0.594029
0.427921
0.255178
0.0759029
-0.109785
-0.301667
-0.499418
-0.702664
-0.910858
-1.12336
-1.33939
-1.55806
-1.77827
-1.99876
-2.2182
-2.43498
-2.6474
-2.85364
-3.05168
-3.23951
-3.41489
-3.57587
-3.71992
-3.8459
-3.94991
-4.0344
-4.08996
-4.1254
-4.12518
-4.13844
-4.08003
-4.09895
-3.91598
-4.03113
-3.55267
-4.04435
-2.80897
-4.47237
-1.20873
-6.30828
3.4268
3.44445
3.46318
3.48291
3.50371
3.52562
3.5487
3.57295
3.59849
3.62536
3.65358
3.68322
3.71436
3.74708
3.78139
3.81738
3.85513
3.89469
3.93617
3.97956
4.02491
4.07238
4.12198
4.17376
4.22781
4.28412
4.34278
4.40384
4.46729
4.53315
4.60147
4.67219
4.74534
4.82092
4.89877
4.97885
5.0611
5.14534
5.23141
5.31913
5.40827
5.49852
5.5896
5.68106
5.77256
5.86363
5.95363
6.04199
6.12809
6.21125
6.29059
6.3654
6.43479
6.49781
6.55365
6.6013
6.63975
6.66817
6.68553
6.69099
6.68384
6.66326
6.62874
6.5798
6.5163
6.43798
6.34614
6.25436
6.16536
6.06645
5.94872
5.83351
5.66781
5.58
5.28479
5.41435
4.63754
5.78382
2.93195
8.48776
2.79284
2.77618
2.75846
2.74
2.72052
2.69989
2.67809
2.65511
2.63093
2.60547
2.57862
2.55033
2.52063
2.4896
2.45733
2.42393
2.38925
2.35301
2.31493
2.27464
2.23156
2.18509
2.13498
2.08122
2.02384
1.96291
1.89852
1.83072
1.75942
1.68434
1.60527
1.52205
1.43449
1.34244
1.24574
1.14423
1.03773
0.926106
0.809226
0.686974
0.559248
0.425994
0.28716
0.142773
-0.007126
-0.162424
-0.322927
-0.488408
-0.658513
-0.832818
-1.01076
-1.19174
-1.37496
-1.55947
-1.74432
-1.92823
-2.10991
-2.28792
-2.46066
-2.62643
-2.78334
-2.92977
-3.06341
-3.1833
-3.28572
-3.373
-3.43597
-3.48122
-3.49324
-3.52008
-3.48172
-3.5186
-3.3671
-3.50029
-3.07259
-3.57106
-2.42331
-4.06169
-0.960796
-5.96622
2.80746
2.82159
2.83662
2.85244
2.86915
2.88678
2.90536
2.92491
2.94552
2.96722
2.99004
3.01404
3.03929
3.06584
3.0937
3.12299
3.15373
3.18597
3.2198
3.25525
3.29237
3.33125
3.37194
3.41449
3.45897
3.50539
3.55382
3.60433
3.65691
3.71161
3.76848
3.82747
3.88864
3.95199
4.01742
4.08495
4.15452
4.22603
4.29938
4.37446
4.45109
4.52909
4.60823
4.68823
4.76882
4.84965
4.93026
5.0102
5.08897
5.16604
5.24073
5.31242
5.38041
5.44389
5.50213
5.55429
5.59944
5.63683
5.66552
5.68467
5.69355
5.69135
5.67745
5.65134
5.6127
5.56111
5.49768
5.43168
5.36633
5.29261
5.20348
5.11614
4.98682
4.9251
4.68363
4.82435
4.14288
5.26884
2.58492
8.08803
2.25066
2.23777
2.22403
2.20969
2.19453
2.17848
2.1615
2.14356
2.12464
2.10471
2.08372
2.0616
2.03826
2.01364
1.98778
1.96083
1.93288
1.90391
1.87376
1.8422
1.80896
1.77365
1.73571
1.69476
1.65071
1.60362
1.55351
1.50049
1.44467
1.38599
1.32424
1.25924
1.19079
1.11879
1.04311
0.963586
0.880099
0.792505
0.700688
0.604539
0.50395
0.398849
0.289167
0.174888
0.0560028
-0.0674452
-0.195354
-0.327591
-0.463946
-0.604134
-0.747792
-0.894487
-1.04367
-1.19465
-1.34673
-1.49896
-1.65036
-1.79981
-1.94606
-2.08777
-2.22337
-2.35156
-2.47033
-2.57897
-2.67399
-2.75775
-2.82144
-2.87045
-2.88931
-2.92402
-2.89985
-2.94877
-2.82294
-2.9683
-2.58621
-3.08577
-2.02292
-3.6283
-0.696207
-5.57515
2.26203
2.27309
2.28485
2.29726
2.31036
2.32418
2.33877
2.35413
2.37033
2.38741
2.40541
2.42436
2.4443
2.46528
2.48735
2.51057
2.53496
2.56057
2.58747
2.6157
2.64534
2.67639
2.70894
2.74302
2.77871
2.81603
2.85503
2.89576
2.93827
2.9826
3.02876
3.07677
3.12669
3.1785
3.23217
3.28771
3.34512
3.40433
3.46528
3.5279
3.59205
3.65766
3.72454
3.79251
3.86135
3.9308
4.00057
4.0703
4.13957
4.208
4.27506
4.34024
4.40301
4.46266
4.51861
4.57018
4.61656
4.6571
4.691
4.71749
4.73589
4.74546
4.74554
4.73565
4.71542
4.68438
4.64338
4.59834
4.55256
4.50008
4.43546
4.37246
4.2755
4.23705
4.04535
4.19518
3.60592
4.70499
2.19879
7.60325
1.77045
1.76074
1.75036
1.73949
1.72799
1.71582
1.70292
1.68927
1.67486
1.65964
1.64358
1.62666
1.60884
1.59002
1.57012
1.54915
1.52714
1.50423
1.4805
1.45588
1.43019
1.40326
1.37481
1.34438
1.31154
1.27617
1.23825
1.19783
1.15501
1.10992
1.06255
1.01278
0.960393
0.905285
0.847343
0.786443
0.722486
0.65535
0.584932
0.511138
0.433875
0.353066
0.268636
0.180551
0.0887807
-0.00667827
-0.105779
-0.208454
-0.314591
-0.424004
-0.536481
-0.651702
-0.769323
-0.888853
-1.00979
-1.13146
-1.25314
-1.374
-1.49307
-1.60937
-1.72164
-1.82887
-1.92938
-2.02272
-2.10575
-2.18088
-2.23982
-2.28754
-2.30859
-2.34623
-2.33098
-2.38667
-2.28077
-2.4332
-2.09054
-2.58713
-1.60075
-3.16911
-0.401004
-5.13215
1.77906
1.78745
1.79638
1.80582
1.8158
1.82634
1.83747
1.8492
1.86158
1.87464
1.88841
1.90292
1.9182
1.93428
1.95122
1.96905
1.98779
2.00747
2.02817
2.04992
2.07275
2.09671
2.12184
2.14818
2.1758
2.20472
2.23495
2.26659
2.29966
2.3342
2.37022
2.40775
2.44685
2.48753
2.52974
2.57354
2.61894
2.66587
2.71434
2.76431
2.81567
2.86839
2.92238
2.97748
3.03354
3.09041
3.14788
3.20568
3.26351
3.32109
3.37799
3.43383
3.48823
3.54059
3.59045
3.63731
3.68049
3.71945
3.75351
3.78209
3.80455
3.82025
3.82863
3.82922
3.82166
3.8055
3.78142
3.75278
3.72265
3.68743
3.64313
3.60057
3.53141
3.5127
3.36522
3.52134
3.01661
4.08502
1.75081
7.03815
1.30758
1.30069
1.2933
1.28553
1.27732
1.26861
1.25938
1.24961
1.23927
1.22833
1.21678
1.20459
1.19175
1.17824
1.16401
1.14894
1.13297
1.11613
1.09853
1.0803
1.06147
1.04195
1.02163
1.00034
0.97777
0.953509
0.927314
0.89912
0.868936
0.836842
0.802967
0.767336
0.729812
0.690236
0.64849
0.604489
0.558169
0.509461
0.458276
0.40454
0.34817
0.289099
0.227274
0.162652
0.0952037
0.0249184
-0.0481908
-0.124085
-0.202698
-0.283918
-0.367604
-0.453552
-0.541524
-0.631197
-0.722222
-0.814146
-0.906448
-0.998534
-1.08973
-1.17932
-1.26638
-1.35019
-1.42939
-1.50386
-1.57079
-1.63269
-1.68194
-1.72376
-1.74275
-1.77879
-1.76759
-1.82496
-1.73355
-1.88775
-1.57824
-2.06648
-1.14986
-2.66867
-0.0711164
-4.58237
1.31373
1.31974
1.32616
1.33296
1.34018
1.34783
1.35593
1.36449
1.37355
1.38312
1.39322
1.40388
1.41514
1.42702
1.43955
1.45275
1.46665
1.48128
1.49668
1.51288
1.5299
1.54778
1.56659
1.58631
1.60701
1.62871
1.65144
1.67525
1.70017
1.72622
1.75343
1.78182
1.81142
1.84224
1.87427
1.90756
1.9421
1.97785
2.0148
2.05298
2.09228
2.13269
2.17414
2.21653
2.2598
2.30379
2.34841
2.39345
2.43871
2.48399
2.52897
2.57342
2.61701
2.65935
2.70009
2.73884
2.77511
2.80851
2.8385
2.86465
2.88645
2.90336
2.91503
2.92099
2.92093
2.91449
2.9022
2.88561
2.8674
2.84562
2.81742
2.79127
2.74494
2.74185
2.63187
2.7897
2.35832
3.38862
1.21448
6.31948
0.926039
0.921534
0.916683
0.911553
0.906102
0.900295
0.894119
0.887566
0.880601
0.873187
0.865338
0.857019
0.848207
0.83891
0.829111
0.818748
0.807746
0.796019
0.783522
0.770316
0.75652
0.74218
0.727225
0.711549
0.695047
0.677489
0.658608
0.638302
0.61662
0.593614
0.569347
0.543976
0.517571
0.49003
0.461162
0.430829
0.398954
0.365491
0.330404
0.293638
0.255135
0.214844
0.17272
0.12873
0.0828414
0.0350426
-0.014677
-0.0662965
-0.119788
-0.175089
-0.232118
-0.290755
-0.350855
-0.412216
-0.474609
-0.537763
-0.601335
-0.664935
-0.728118
-0.790446
-0.851258
-0.910136
-0.966063
-1.01918
-1.0671
-1.11242
-1.14826
-1.18072
-1.19426
-1.22504
-1.21359
-1.26853
-1.18608
-1.33823
-1.05407
-1.52962
-0.674584
-2.1215
0.283676
-3.86111
0.929987
0.93379
0.937883
0.94223
0.946841
0.951735
0.956914
0.962399
0.968212
0.974357
0.980839
0.987682
0.994914
1.00255
1.0106
1.01907
1.028
1.03741
1.04731
1.05771
1.06863
1.08011
1.09219
1.10486
1.11815
1.13209
1.14672
1.16205
1.1781
1.19493
1.21252
1.23091
1.25013
1.27018
1.29108
1.31285
1.33553
1.35907
1.38346
1.40876
1.4349
1.46187
1.48963
1.51815
1.54738
1.57723
1.60762
1.63844
1.66957
1.70084
1.73209
1.76311
1.7937
1.8236
1.8526
1.88038
1.90663
1.93111
1.95345
1.97335
1.99044
2.00436
2.0149
2.02165
2.02445
2.02304
2.01783
2.00942
1.99947
1.98721
1.97077
1.95657
1.92756
1.93491
1.85431
2.00736
1.63416
2.61343
0.59666
5.37492
0.36526
0.362226
0.358892
0.355314
0.351493
0.347414
0.343057
0.33841
0.333446
0.328154
0.322521
0.316533
0.310153
0.303374
0.296179
0.288551
0.280496
0.272081
0.26347
0.255148
0.248076
0.243622
0.243178
0.24774
0.257515
0.271818
0.288808
0.305444
0.318251
0.324624
0.323582
0.315879
0.303455
0.288469
0.272325
0.255456
0.237743
0.219028
0.199268
0.178503
0.156761
0.134066
0.110409
0.0858006
0.0602455
0.0337557
0.00633681
-0.0219877
-0.0512006
-0.0812649
-0.112141
-0.143766
-0.176076
-0.208972
-0.242337
-0.276046
-0.30994
-0.343825
-0.377476
-0.410698
-0.443119
-0.474606
-0.504476
-0.533147
-0.558665
-0.583758
-0.60235
-0.621818
-0.626819
-0.648978
-0.634044
-0.682008
-0.60668
-0.747059
-0.496371
-0.923351
-0.187802
-1.41306
0.554642
-2.64433
0.368021
0.370785
0.373775
0.376975
0.380395
0.384045
0.387915
0.392045
0.396441
0.401105
0.406035
0.411254
0.416783
0.42263
0.428793
0.435291
0.442136
0.449358
0.456932
0.464881
0.473224
0.481965
0.491108
0.500657
0.510623
0.52101
0.531832
0.543082
0.554762
0.566893
0.57945
0.592446
0.605865
0.619698
0.63394
0.648586
0.663633
0.679036
0.694802
0.710916
0.727328
0.744027
0.761009
0.778237
0.795671
0.813288
0.831037
0.848867
0.866735
0.884561
0.902286
0.919814
0.93705
0.95387
0.970177
0.985817
1.00063
1.01453
1.02729
1.03881
1.0489
1.05741
1.06425
1.06916
1.0721
1.0729
1.07187
1.06874
1.06471
1.05964
1.05225
1.0472
1.03135
1.04548
0.987232
1.12776
0.804967
1.65747
-0.0857248
3.75939
0.352385
0.353741
0.355113
0.356471
0.35785
0.35927
0.360734
0.36224
0.363802
0.365428
0.367134
0.368916
0.37079
0.372782
0.374991
0.377576
0.380829
0.38508
0.390506
0.396732
0.402475
0.405383
0.402354
0.390108
0.366003
0.328976
0.280528
0.225255
0.170185
0.122653
0.0877738
0.0665933
0.0561191
0.0514661
0.0485978
0.045594
0.0421855
0.0386477
0.0351268
0.0315644
0.027833
0.0238335
0.0194975
0.014792
0.00969091
0.00417422
-0.00177466
-0.00815361
-0.0149611
-0.0221833
-0.0298015
-0.0377874
-0.046106
-0.0547194
-0.0635701
-0.072607
-0.0817733
-0.0910045
-0.100215
-0.109366
-0.118306
-0.127105
-0.135371
-0.143693
-0.150652
-0.158718
-0.163161
-0.171507
-0.16952
-0.18215
-0.166345
-0.200997
-0.143058
-0.245597
-0.0715572
-0.357309
0.104561
-0.610303
0.492369
-1.08089
0.350993
0.349546
0.348077
0.346562
0.345013
0.343416
0.341766
0.34006
0.338305
0.336484
0.334603
0.332649
0.330637
0.328552
0.326401
0.324174
0.321882
0.319525
0.317099
0.314605
0.312064
0.309461
0.306813
0.304125
0.301415
0.298683
0.295961
0.293246
0.290568
0.287947
0.285403
0.282955
0.280624
0.278436
0.276422
0.274593
0.272982
0.271598
0.270485
0.269644
0.269083
0.268822
0.268882
0.269257
0.269948
0.270961
0.272272
0.273863
0.275707
0.277773
0.280027
0.282403
0.284857
0.287324
0.289764
0.292125
0.294358
0.296482
0.298385
0.300042
0.301376
0.302341
0.302926
0.30304
0.302746
0.301964
0.30104
0.300615
0.299019
0.296845
0.293691
0.292176
0.284664
0.294678
0.258827
0.343956
0.142839
0.645317
-0.319965
1.69583
)
;

boundaryField
{
    inlet
    {
        type            freestreamPressure;
        freestreamValue uniform 0;
        supersonic      false;
        value           nonuniform List<scalar> 
134
(
1.89888
0.910169
-0.163413
-1.14262
-1.89631
-2.41848
-2.61621
-2.46977
-1.97688
-0.973271
-0.201327
-0.325007
-0.553454
-0.779083
-1.01276
-1.26037
-1.52332
-1.80235
-2.10067
-2.4245
2.82718
-2.78235
-3.17741
-3.58937
-3.97009
-4.23842
-4.36285
-4.58074
-4.58141
-4.65997
-5.49929
-5.06786
-5.07181
-5.15215
-5.20878
-5.2295
-5.24806
-5.31884
-5.51612
-5.75957
3.66479
4.47699
5.08168
5.29224
4.96359
3.87547
1.84044
-6.29774
-6.13775
-5.90157
-5.74157
-5.6185
-5.48351
-5.33409
-5.18197
-5.03068
-4.87838
-4.72332
-4.56547
-4.40485
-4.24056
-4.071
-3.89347
-3.70319
-3.49581
-3.26381
-3.11443
-2.9772
-2.81575
-2.63111
-2.4219
-2.16225
-1.82164
-1.24736
-0.509713
0.524179
1.20771
1.99759
2.79108
3.57239
4.32333
4.96297
5.44519
5.77845
5.97406
6.06496
6.08824
6.07546
6.05131
6.05118
6.13379
6.32458
6.54066
6.71458
6.85258
6.96903
7.06694
7.1419
7.19138
7.21663
7.22212
7.21849
7.22729
7.30312
7.53026
8.04772
8.27501
8.06791
7.82445
7.66883
7.54357
7.40202
7.24697
7.09035
6.93397
6.77499
6.61156
6.44289
6.268
6.08484
5.89
5.67895
5.44277
5.17485
4.84087
4.6606
4.50009
4.28839
4.03169
3.7325
3.35193
2.85157
1.99497
0.900329
)
;
    }
    outlet
    {
        type            freestreamPressure;
        freestreamValue uniform 0;
        supersonic      false;
        value           nonuniform List<scalar> 
160
(
0.000224766
0.000223927
0.000225582
0.000223054
0.000226407
0.000222169
0.000227223
0.000221253
0.000228051
0.000220316
0.000228901
0.000219349
0.000229777
0.000218348
0.000230677
0.000217312
0.000231609
0.000216246
0.000232579
0.000215139
0.000233596
0.000213994
0.000234656
0.000212804
0.000235767
0.000211579
0.000236938
0.000210309
0.000238217
0.000208998
0.000239692
0.000207641
0.000241541
0.000206246
0.000243986
0.000204811
0.000247187
0.000203335
0.000250985
0.000201818
0.00025466
0.000200274
0.000256791
0.000198695
0.000255411
0.00019709
0.00024834
0.000195464
0.000233711
0.000193828
0.000210628
0.000192182
0.000179904
0.000190548
0.000144486
0.000188924
0.00010902
0.000187329
7.83764e-05
0.000185777
5.59163e-05
0.00018428
4.22957e-05
0.000182853
3.55562e-05
0.000181509
3.25554e-05
0.000180266
3.07138e-05
0.000179144
2.88032e-05
0.000178152
2.66435e-05
0.000177312
2.44041e-05
0.000176632
2.21761e-05
0.00017614
1.9923e-05
0.000175842
1.75646e-05
0.000175742
1.50383e-05
0.000175856
1.23009e-05
0.0001762
9.33145e-06
0.000176774
6.11311e-06
0.000177581
2.63302e-06
0.000178629
-1.11984e-06
0.000179905
-5.14489e-06
0.000181403
-9.4422e-06
0.000183108
-1.40045e-05
0.000185006
-1.88217e-05
0.000187077
-2.38783e-05
0.000189286
-2.91549e-05
0.000191606
-3.4631e-05
0.000194002
-4.02744e-05
0.000196449
-4.60572e-05
0.00019892
-5.19489e-05
0.000201385
-5.79143e-05
0.000203863
-6.3906e-05
0.000206283
-6.9906e-05
0.00020863
-7.58262e-05
0.000210857
-8.1716e-05
0.00021293
-8.734e-05
0.000214847
-9.30656e-05
0.000216543
-9.8024e-05
0.000218059
-0.000103743
0.000219342
-0.000107301
0.000220632
-0.000113256
0.000222116
-0.000112699
0.000222555
-0.000121346
0.000222735
-0.000112216
0.000222348
-0.000135031
0.000223334
-9.8756e-05
0.000220106
-0.000165493
0.000230101
-5.14321e-05
0.000205873
-0.000237111
0.000273911
8.1157e-05
0.000119294
-0.000379241
0.000510072
0.000444793
-0.000302473
-0.000553254
0.00119041
)
;
    }
    walls
    {
        type            zeroGradient;
    }
    frontAndBack
    {
        type            empty;
    }
}


// ************************************************************************* //
