/*--------------------------------*- C++ -*----------------------------------*\
  =========                 |
  \\      /  F ield         | OpenFOAM: The Open Source CFD Toolbox
   \\    /   O peration     | Website:  https://openfoam.org
    \\  /    A nd           | Version:  12
     \\/     M anipulation  |
\*---------------------------------------------------------------------------*/
FoamFile
{
    format      ascii;
    class       volScalarField;
    location    "100";
    object      p;
}
// * * * * * * * * * * * * * * * * * * * * * * * * * * * * * * * * * * * * * //

dimensions      [0 2 -2 0 0 0 0];

internalField   nonuniform List<scalar> 
10720
(
-1079.51
-1298.37
-1550.28
-1776.83
-1960.55
-2137.29
-2273.47
-2362.9
-2425.87
-2457.95
-2463.96
-2447.89
-2411.38
-2357.13
-2287.51
-2202.59
-2105.84
-1994.92
-1872.84
-1737.17
-1590.73
-1432.72
-1268.43
-1100.59
-935.388
-780.457
-634.293
-494.804
-371.094
-275.073
-213.695
-182.389
-178.188
-197.668
-178.46
-83.5688
-96.9127
-82.8153
-187.988
-839.618
-616.98
-351.119
-81.0125
175.922
405.943
595.605
733.851
818.995
857.385
864.391
850.526
817.868
775.382
729.774
682.473
634.309
585.679
536.85
487.219
436.687
384.603
331.04
276.702
225.55
180.228
138.88
100.782
65.9204
34.3509
5.75975
-20.3593
-44.7484
-68.3637
-92.4523
-119.304
-151.084
-195.556
-275.645
-497.598
-671.201
-856.164
-1040.72
-1219.96
-1394.08
-1551.8
-1690.38
-1809.64
-1903.3
-1972.11
-2016.93
-2039.81
-2042.16
-2024.41
-1986.48
-1930.04
-1854.42
-1761.76
-1651.49
-1526.12
-1386.08
-1236.17
-1079.69
-922.671
-772.633
-629.314
-491.572
-368.803
-273.195
-212.22
-181.586
-177.541
-197.082
-178.965
-84.5074
-97.3455
-82.3204
-199.003
-335.779
-176.453
-9.29095
165.501
336.108
494.48
630.588
735.451
805.23
841.15
850.355
838.681
810.52
772.891
730.694
685.725
639.039
591.33
542.984
493.753
443.546
391.97
339.148
285.855
235.221
189.52
147.558
108.753
73.1447
40.8024
11.4437
-15.4084
-40.4657
-64.6708
-89.2401
-116.427
-148.34
-192.761
-269.009
-401.593
-557.414
-724.35
-901.937
-1076.57
-1245.3
-1404.52
-1546.55
-1665.75
-1761.37
-1833.75
-1884.07
-1913.34
-1921.99
-1910.51
-1879.63
-1830.45
-1763.49
-1680.05
-1580.42
-1466.15
-1338.05
-1199.56
-1053.85
-905.816
-761.896
-622.838
-488.154
-366.807
-271.276
-210.388
-180.58
-176.7
-196.274
-179.782
-85.8271
-97.6985
-81.9147
-208.695
-254.895
-103.583
55.9963
217.696
370.931
510.657
629.533
721.219
783.444
817.707
829.054
821.351
798.29
765.158
726.058
683.251
638.094
591.474
543.891
495.328
445.723
394.862
342.866
290.468
240.18
194.179
151.904
112.814
76.9186
44.2629
14.581
-12.5871
-37.9339
-62.3919
-87.1498
-114.428
-146.275
-190.293
-262.515
-229.58
-360.478
-504.239
-655.965
-808.635
-960.817
-1107.54
-1243.99
-1366.35
-1472.8
-1562.04
-1633.53
-1685.98
-1718.32
-1730.2
-1721.92
-1693.86
-1646.59
-1580.97
-1497.77
-1398.38
-1284.21
-1158.29
-1024.04
-885.865
-749.265
-615.802
-485.562
-366.598
-271.289
-209.652
-179.771
-175.882
-195.333
-180.764
-87.4153
-97.5258
-82.2164
-216.677
-108.563
12.8596
140.806
273.213
400.042
517.644
619.687
700.123
756.486
789.807
803.199
799.257
781.084
752.717
717.602
677.993
635.342
590.638
544.478
497.039
448.365
398.403
347.318
295.83
246.035
199.974
157.496
118.126
81.8702
48.7878
18.6515
-8.97091
-34.741
-59.5748
-84.6258
-112.076
-143.887
-187.482
-255.914
-153.425
-270.615
-399.922
-538.197
-678.082
-819.757
-959.138
-1091.37
-1213.44
-1322.65
-1416.53
-1493.54
-1552.11
-1591.64
-1611.78
-1612.58
-1594.17
-1556.95
-1501.5
-1428.64
-1339.48
-1235.58
-1119.56
-994.787
-865.282
-735.762
-608.229
-483.179
-367.49
-272.886
-210.134
-179.347
-175.224
-194.421
-181.586
-89.064
-96.5489
-83.227
-223.66
-44.475
64.3587
178.938
296.485
408.186
511.918
602.607
674.981
726.895
759.415
774.515
773.962
760.362
736.735
705.871
669.817
630.043
587.602
543.19
497.15
449.647
400.759
350.715
300.219
251.052
205.081
162.478
122.895
86.3539
52.927
22.4178
-5.58106
-31.7014
-56.842
-82.1238
-109.688
-141.386
-184.487
-249.143
-85.8972
-189.378
-304.675
-427.921
-553.174
-681.507
-808.871
-931.476
-1046.97
-1152.64
-1246.24
-1326.12
-1390.89
-1439.51
-1470.88
-1484.23
-1479.06
-1455.33
-1413.22
-1353.34
-1276.61
-1184.55
-1079.5
-964.715
-843.988
-721.636
-600.203
-480.768
-369.082
-275.73
-211.848
-179.532
-174.67
-193.446
-182.112
-90.5643
-94.7029
-84.7504
-230.342
10.0149
105.126
205.723
309.538
408.281
500.612
582.139
647.984
696.261
727.964
744.313
746.625
737.041
717.833
691.214
658.942
622.396
582.622
540.367
496.09
450.067
402.489
353.647
304.241
255.822
210.096
167.479
127.771
91.0076
57.2749
26.4099
-1.9632
-28.4423
-53.9037
-79.4292
-107.114
-138.685
-181.245
-242.223
-42.6688
-136.092
-240.606
-352.66
-466.507
-584.103
-701.842
-816.321
-925.842
-1027.88
-1120.24
-1201.27
-1269.24
-1322.48
-1359.75
-1380.03
-1382.7
-1367.56
-1334.65
-1284.38
-1217.52
-1135.42
-1040.14
-934.631
-822.316
-707.04
-591.686
-478.011
-370.964
-279.613
-214.913
-180.605
-174.431
-192.485
-182.06
-91.55
-92.0346
-86.5839
-236.808
43.9313
129.373
219.935
313.417
402.221
485.628
559.843
620.315
665.552
696.37
713.525
718.171
712.007
696.774
674.204
645.731
612.571
575.711
535.9
493.662
449.366
403.301
355.812
307.601
260.051
214.731
172.226
132.484
95.5673
61.5807
30.3992
1.68177
-25.1327
-50.8936
-76.644
-104.424
-135.828
-177.779
-235.164
-10.0901
-94.637
-189.638
-291.478
-394.872
-502.257
-610.262
-715.933
-818.053
-914.38
-1002.91
-1082.12
-1150.31
-1205.84
-1247.5
-1274.08
-1284.5
-1278.19
-1254.8
-1214.47
-1157.68
-1085.6
-1000.08
-903.793
-799.882
-691.797
-582.593
-474.641
-372.613
-284.04
-219.107
-182.707
-174.548
-191.277
-181.342
-91.7518
-88.5755
-88.619
-243.069
68.3164
145.364
227.328
312.134
392.716
468.745
536.852
592.782
635.353
665.194
682.806
689.269
685.941
674.178
655.33
630.526
600.787
566.991
529.842
489.887
447.554
403.203
357.23
310.333
263.78
219.021
176.759
137.08
100.086
65.9042
34.4487
5.41708
-21.7129
-47.759
-73.721
-101.579
-132.784
-174.058
-227.976
13.0262
-64.1801
-151.159
-244.428
-338.948
-437.443
-536.875
-634.573
-729.731
-820.348
-904.674
-981.378
-1048.83
-1105.44
-1149.77
-1180.51
-1196.3
-1196.43
-1180.4
-1148.13
-1099.92
-1036.74
-960.163
-872.586
-776.807
-675.89
-572.897
-470.579
-373.617
-288.474
-224.007
-185.726
-175.22
-189.923
-179.677
-90.8991
-84.291
-90.5802
-248.633
84.6503
154.824
229.688
307.282
381.008
450.861
513.77
565.832
605.991
634.76
652.578
660.401
659.376
650.578
635.064
613.698
587.301
556.613
522.258
484.765
444.589
402.133
357.828
312.369
266.94
222.894
181.008
141.496
104.509
70.1973
38.5176
9.2079
-18.211
-44.521
-70.6757
-98.5866
-129.557
-170.08
-220.642
29.9089
-40.9211
-120.89
-206.599
-293.278
-383.798
-475.339
-565.509
-653.813
-738.452
-817.949
-891.166
-956.589
-1012.75
-1058.23
-1091.72
-1111.82
-1117.51
-1108.11
-1083.3
-1043.14
-988.369
-920.301
-841.076
-753.204
-659.395
-562.647
-465.922
-373.876
-292.516
-229.177
-189.406
-176.237
-188.099
-177.066
-88.9956
-79.2911
-92.303
-253.481
95.6822
159.951
228.735
300.161
368.047
432.598
491.013
539.692
577.641
605.29
623.105
631.906
632.709
626.402
613.813
595.592
572.377
544.755
513.251
478.342
440.475
400.069
357.575
313.678
269.499
226.313
184.941
145.706
108.815
74.4455
42.5966
13.0509
-14.627
-41.1765
-67.5023
-95.44
-126.141
-165.837
-213.184
42.0421
-23.2658
-97.1212
-176.221
-256.012
-339.464
-423.939
-507.284
-589.178
-668.055
-742.682
-812.118
-874.98
-929.939
-975.642
-1010.78
-1033.91
-1043.85
-1039.78
-1021.26
-988.151
-940.952
-880.757
-809.414
-729.144
-642.327
-551.828
-460.704
-373.42
-295.882
-234.324
-193.453
-177.59
-185.981
-173.3
-86.0212
-73.8479
-93.5165
-257.496
102.748
161.94
225.469
291.566
354.407
414.348
468.816
514.487
550.388
576.905
594.535
604.01
606.245
601.996
591.928
576.532
556.279
531.612
502.945
470.681
435.231
397.006
356.449
314.228
271.421
229.237
188.516
149.674
112.972
78.6228
46.666
16.931
-10.9696
-37.7296
-64.2008
-92.1344
-122.531
-161.322
-205.581
50.697
-9.75079
-78.1993
-151.44
-225.121
-302.247
-380.334
-457.413
-533.335
-606.696
-676.47
-741.901
-801.761
-854.878
-899.983
-935.799
-961.016
-974.283
-974.687
-961.638
-934.821
-894.537
-841.643
-777.728
-704.74
-624.761
-540.464
-454.94
-372.386
-298.49
-239.107
-197.68
-178.924
-183.242
-168.581
-82.2444
-68.4005
-94.1161
-260.984
106.954
161.704
220.637
282.053
340.479
396.351
447.32
490.277
524.25
549.651
566.969
576.869
580.199
577.626
569.708
556.805
539.259
517.385
491.483
461.871
428.901
392.95
354.436
313.999
272.679
231.63
191.696
153.363
116.951
82.7034
50.7061
20.8347
-7.24851
-34.186
-60.774
-88.6701
-118.726
-156.537
-197.862
56.7249
0.578004
-63.0551
-131.076
-199.316
-270.771
-343.098
-414.474
-484.884
-553.083
-618.187
-679.614
-736.283
-787.176
-831.15
-866.979
-893.464
-909.197
-913.172
-904.72
-883.399
-849.316
-803.118
-746.142
-680.079
-606.732
-528.549
-448.577
-370.764
-300.375
-243.277
-201.878
-180.335
-180.207
-162.938
-77.8677
-63.2324
-93.9278
-263.926
109.031
159.877
214.732
272.006
326.513
378.765
426.604
467.076
499.238
523.542
540.447
550.573
554.722
553.503
547.389
536.66
521.553
502.275
479.021
452.017
421.544
387.924
351.535
312.98
273.253
233.461
194.445
156.74
120.719
86.6625
54.6972
24.7476
-3.47193
-30.5492
-57.2202
-85.0419
-114.72
-151.477
-190.005
60.7658
8.4559
-50.8537
-114.19
-177.545
-243.896
-311.017
-377.194
-442.541
-505.922
-566.581
-624.08
-677.483
-725.907
-768.352
-803.674
-830.759
-848.26
-855.074
-850.478
-833.939
-805.397
-765.307
-714.782
-655.274
-588.318
-516.125
-441.624
-368.556
-301.654
-246.665
-205.835
-181.632
-176.665
-156.897
-73.4825
-58.4695
-93.1467
-266.583
109.541
156.902
208.129
261.687
312.692
361.684
406.687
444.881
475.34
498.571
514.99
525.187
529.928
529.782
525.169
516.313
503.374
486.475
465.718
441.237
413.235
381.97
347.763
311.166
273.125
234.706
196.731
159.772
124.247
90.4715
58.6156
28.6516
0.346345
-26.8282
-53.5458
-81.2533
-110.517
-146.152
-182.038
63.2847
14.4333
-40.9774
-100.082
-159.043
-220.782
-283.175
-344.628
-405.32
-464.222
-520.699
-574.423
-624.586
-670.44
-711.097
-745.533
-772.701
-791.377
-800.386
-798.971
-786.537
-762.9
-728.344
-683.773
-630.422
-569.581
-503.211
-434.065
-365.679
-302.322
-249.335
-209.291
-183.067
-173.214
-150.68
-69.4985
-54.2891
-91.8361
-268.672
108.885
153.119
201.073
251.287
299.129
345.167
387.582
423.665
452.527
474.702
490.585
500.73
505.883
506.58
503.205
495.949
484.917
470.168
451.73
429.653
404.063
375.143
343.148
308.565
272.29
235.344
198.527
162.428
127.504
94.1052
62.4407
32.5309
4.19652
-23.0281
-49.7508
-77.3006
-106.112
-140.56
-173.943
64.6397
18.9247
-32.9494
-88.216
-143.199
-200.748
-258.839
-315.984
-372.406
-427.165
-479.734
-529.869
-576.872
-620.116
-658.837
-692.112
-718.966
-738.334
-748.99
-750.164
-741.233
-721.908
-692.33
-653.223
-605.62
-550.594
-489.851
-425.934
-362.142
-302.363
-251.334
-212.068
-184.378
-169.761
-144.918
-66.5612
-51.071
-90.3027
-269.938
107.365
148.773
193.763
240.937
285.905
329.251
369.283
403.401
430.761
451.91
467.223
477.223
482.637
483.98
481.617
475.713
466.346
453.52
437.209
417.395
394.125
367.509
337.727
305.195
270.75
235.364
199.809
164.679
130.461
97.5346
66.1469
36.3644
8.06185
-19.1612
-45.8438
-73.1912
-101.513
-134.721
-165.749
65.1029
22.2417
-26.4087
-78.1715
-129.542
-183.268
-237.441
-290.646
-343.149
-394.093
-443.022
-489.764
-533.73
-574.391
-611.096
-643.028
-669.281
-688.942
-700.785
-704.037
-698.058
-682.494
-657.365
-623.238
-580.969
-531.43
-476.086
-417.237
-357.926
-301.713
-252.764
-214.174
-185.649
-167.004
-139.772
-64.8719
-49.1929
-88.8687
-269.59
105.206
144.049
186.334
230.73
273.072
313.945
351.771
384.056
409.999
430.154
444.871
454.653
460.211
462.045
460.497
455.73
447.8
436.682
422.303
404.593
383.528
359.146
331.554
301.086
268.513
234.76
200.56
166.502
133.092
100.735
69.7125
40.1347
11.9306
-15.2343
-41.8271
-68.9237
-96.7166
-128.638
-157.44
64.8816
24.6284
-21.0591
-69.6233
-117.684
-167.926
-218.511
-268.11
-317.014
-364.437
-409.984
-453.55
-494.624
-532.775
-567.442
-597.909
-623.357
-642.992
-655.639
-660.523
-657.011
-644.703
-623.527
-593.913
-556.565
-512.172
-461.969
-408.011
-353.054
-300.36
-253.559
-215.646
-186.485
-164.66
-135.702
-64.8013
-48.9346
-88.1671
-267.074
102.584
139.081
178.887
220.73
260.657
299.256
335.026
365.589
390.199
409.39
423.501
433.013
438.623
440.813
439.919
436.099
429.403
419.785
407.146
391.369
372.378
350.14
324.687
296.274
265.599
233.534
200.769
167.877
135.373
103.681
73.1114
43.819
15.7829
-11.2628
-37.713
-64.5091
-91.7353
-122.335
-149.047
64.1359
26.282
-16.6852
-62.3015
-107.338
-154.377
-201.672
-247.962
-293.562
-337.738
-380.151
-420.749
-459.092
-494.823
-527.472
-556.412
-580.913
-600.275
-613.417
-619.558
-618.082
-608.571
-590.885
-565.334
-532.491
-492.894
-447.554
-398.284
-347.546
-298.302
-253.762
-216.628
-187.077
-163.085
-132.675
-66.1407
-50.3631
-88.2546
-262.038
99.6299
133.974
171.496
210.986
248.677
285.169
319.022
347.969
371.314
389.574
403.074
412.279
417.866
420.306
419.93
416.897
411.252
402.945
391.858
377.844
360.781
340.576
317.192
290.806
262.038
231.698
200.432
168.789
137.282
106.348
76.323
47.3989
19.6054
-7.25618
-33.5066
-59.9497
-86.5702
-115.822
-140.563
62.9931
27.3507
-13.1046
-56.0043
-98.2538
-142.351
-186.618
-229.868
-272.427
-313.609
-353.117
-390.949
-426.719
-460.141
-490.823
-518.218
-541.68
-560.583
-573.968
-581.047
-581.234
-574.109
-559.48
-537.567
-508.828
-473.669
-432.901
-388.094
-341.425
-295.541
-253.29
-217.086
-187.224
-161.709
-130.874
-68.9369
-53.3466
-88.8855
-254.961
96.447
128.805
164.218
201.526
237.145
271.672
303.732
331.158
353.304
370.667
383.562
392.43
397.935
400.541
400.569
398.183
393.431
386.261
376.55
364.13
348.842
330.547
309.146
284.738
257.864
229.268
199.55
169.227
138.801
108.715
79.3225
50.8507
23.3766
-3.23266
-29.2229
-55.2608
-81.2369
-109.128
-132.019
61.5504
27.9565
-10.1719
-50.558
-90.241
-131.621
-173.1
-213.55
-253.305
-291.722
-328.548
-363.806
-397.171
-428.405
-457.184
-483.043
-505.41
-523.718
-537.14
-544.895
-546.423
-541.315
-529.353
-510.677
-485.655
-454.577
-418.08
-377.498
-334.735
-292.127
-252.214
-217.122
-187.219
-160.745
-130.037
-72.7268
-57.5488
-89.7197
-246.278
93.1168
123.637
157.091
192.372
226.061
258.754
289.132
315.127
336.133
352.631
364.925
373.441
378.821
381.522
381.859
380.001
376.003
369.817
361.316
350.326
336.661
320.147
300.627
278.13
253.118
226.27
198.134
169.19
139.919
110.764
82.0912
54.1568
27.0813
0.796134
-24.8704
-50.4487
-75.7419
-102.269
-123.417
59.8877
28.1938
-7.77372
-45.8279
-83.1333
-122.005
-160.906
-198.773
-235.936
-271.802
-306.145
-339.018
-370.134
-399.306
-426.271
-450.621
-471.865
-489.488
-502.786
-510.995
-513.587
-510.175
-500.522
-484.708
-463.03
-435.684
-403.148
-366.54
-327.499
-288.069
-250.48
-216.647
-186.919
-159.76
-130.053
-77.4512
-62.5788
-90.8039
-236.775
89.7003
118.513
150.144
183.535
215.421
246.397
275.195
299.836
319.759
335.427
347.132
355.283
360.505
363.244
363.813
362.385
359.021
353.679
346.241
336.526
324.335
309.463
291.712
271.046
247.851
222.738
196.2
168.678
140.627
112.479
84.6084
57.2944
30.6974
4.80942
-20.4682
-45.5328
-70.1057
-95.2764
-114.789
58.0681
28.1413
-5.8146
-41.6996
-76.8078
-113.347
-149.865
-185.344
-220.114
-253.618
-285.664
-316.321
-345.341
-372.578
-397.818
-420.709
-440.826
-457.707
-470.757
-479.24
-482.663
-480.661
-472.996
-459.705
-441.017
-417.061
-388.179
-355.29
-319.785
-283.434
-248.185
-215.747
-186.517
-159.04
-130.506
-82.6481
-68.0126
-92.0254
-226.746
86.2437
113.471
143.4
175.023
205.224
234.584
261.891
285.256
304.146
319.018
330.147
337.927
342.968
345.705
346.441
345.357
342.523
337.906
331.394
322.809
311.948
298.584
282.484
263.557
242.118
218.71
193.773
167.702
140.923
113.85
86.8596
60.2469
34.2091
8.79356
-16.0277
-40.5242
-64.3406
-88.1701
-106.147
56.1402
27.86
-4.21821
-38.0822
-71.1453
-105.524
-139.831
-173.097
-205.652
-236.975
-266.894
-295.496
-322.564
-347.988
-371.596
-393.086
-412.092
-428.196
-440.905
-449.516
-453.572
-452.734
-446.77
-435.685
-419.657
-398.762
-373.232
-343.798
-311.63
-278.236
-245.304
-214.357
-185.848
-158.369
-131.201
-88.2989
-73.5793
-93.2561
-216.142
82.7875
108.533
136.872
166.838
195.461
223.296
249.195
271.351
289.264
303.372
313.941
321.35
326.191
328.888
329.74
328.933
326.541
322.542
316.835
309.25
299.58
287.59
273.02
255.732
235.977
214.23
190.88
166.277
140.809
114.869
88.8296
62.9965
37.5944
12.7256
-11.571
-35.446
-58.4718
-80.9865
-97.5258
54.1419
27.4038
-2.92117
-34.8982
-66.0584
-98.4262
-130.678
-161.893
-192.396
-221.699
-249.648
-276.344
-301.599
-325.331
-347.401
-367.555
-385.476
-400.793
-413.092
-421.714
-426.24
-426.352
-421.834
-412.669
-398.997
-380.853
-358.377
-332.141
-303.106
-272.553
-241.925
-212.56
-185.014
-157.932
-131.902
-93.9733
-79.1029
-94.1682
-204.772
79.3594
103.721
130.566
158.978
186.117
212.514
237.083
258.098
275.079
288.454
298.481
305.521
310.151
312.783
313.71
313.12
311.096
307.623
302.612
295.906
287.301
276.555
263.394
247.642
229.488
209.349
187.56
164.424
140.294
115.537
90.5103
65.5285
40.8395
16.5919
-7.11398
-30.3137
-52.5174
-73.7476
-88.9443
52.1052
26.8105
-1.87183
-32.0858
-61.4687
-91.9661
-122.306
-151.615
-180.216
-207.646
-233.771
-258.698
-282.266
-304.42
-325.047
-343.932
-360.805
-375.339
-387.178
-395.724
-400.581
-401.463
-398.166
-390.664
-379.067
-363.38
-343.669
-320.371
-294.262
-266.411
-238.049
-210.328
-183.903
-157.537
-132.613
-99.4801
-84.5676
-94.6372
-192.73
75.983
99.0467
124.491
151.437
177.18
202.222
225.531
245.465
261.561
274.235
283.737
290.415
294.828
297.374
298.342
297.922
296.199
293.173
288.765
282.83
275.173
265.548
253.676
239.352
222.713
204.116
183.849
162.171
139.393
115.854
91.8949
67.8299
43.9253
20.3699
-2.67928
-25.1544
-46.5064
-66.4915
-80.4383
50.0558
26.1144
-1.02677
-29.5896
-57.3146
-86.063
-114.624
-142.163
-168.995
-194.687
-219.122
-242.41
-264.413
-285.096
-304.372
-322.057
-337.924
-351.687
-363.034
-371.436
-376.512
-378.009
-375.738
-369.666
-359.887
-346.384
-329.17
-308.56
-285.172
-259.885
-233.747
-207.728
-182.565
-157.222
-133.3
-104.351
-89.9144
-94.6003
-180.058
72.6747
94.521
118.646
144.216
168.64
192.402
214.519
233.426
248.68
260.686
269.681
276.005
280.196
282.642
283.627
283.335
281.864
279.216
275.328
270.067
263.247
254.63
243.933
230.931
215.714
198.587
179.792
159.548
138.125
115.829
92.982
69.893
46.8394
24.0439
1.71587
-19.9875
-40.4624
-59.2421
-72.0318
48.0128
25.3423
-0.352046
-27.3649
-53.5383
-80.6553
-107.555
-133.447
-158.636
-182.715
-205.582
-227.352
-247.901
-267.215
-285.227
-301.783
-316.689
-329.701
-340.539
-348.745
-353.952
-355.93
-354.517
-349.671
-341.476
-329.906
-314.928
-296.764
-275.89
-253.021
-229.039
-204.759
-180.948
-156.824
-134.015
-108.489
-95.0637
-94.2968
-167.013
69.448
90.1503
113.034
137.303
160.485
183.037
204.023
221.956
236.41
247.777
256.288
262.267
266.237
268.573
269.551
269.358
268.091
265.765
262.325
257.651
251.571
243.858
234.226
222.439
208.55
192.815
175.436
156.591
136.513
115.475
93.7745
71.7097
49.5665
27.5954
6.04635
-14.84
-34.416
-52.0387
-63.7604
45.9922
24.5176
0.182492
-25.3743
-50.0975
-75.6859
-101.034
-125.392
-149.052
-171.634
-193.044
-213.405
-232.608
-250.648
-267.48
-282.976
-296.972
-309.256
-319.58
-327.548
-332.813
-335.164
-334.46
-330.663
-323.842
-313.972
-300.993
-285.043
-266.485
-245.886
-223.986
-201.466
-179.078
-156.327
-134.699
-111.781
-99.7226
-94.0153
-153.878
66.3134
85.9394
107.652
130.693
152.701
174.107
194.023
211.031
224.724
235.483
243.528
249.174
252.926
255.146
256.102
255.98
254.881
252.827
249.773
245.612
240.185
233.276
224.607
213.934
201.278
186.854
170.826
153.339
134.586
114.809
94.2774
73.2797
52.0992
31.009
10.2951
-9.73475
-28.3961
-44.9063
-55.6493
44.0068
23.6561
0.602264
-23.5876
-46.9482
-71.1074
-95.0056
-117.929
-140.167
-161.357
-181.416
-200.469
-218.421
-235.279
-251.012
-265.514
-278.649
-290.232
-300.047
-307.751
-313.015
-315.649
-315.528
-312.619
-306.988
-298.609
-287.404
-273.45
-257.011
-238.532
-218.624
-197.862
-176.944
-155.632
-135.308
-114.414
-103.639
-94.1095
-141.185
63.2785
81.8894
102.499
124.378
145.276
165.598
184.5
200.629
213.6
223.778
231.379
236.705
240.241
242.342
243.264
243.193
242.232
240.407
237.685
233.972
229.12
222.928
215.125
205.469
193.953
180.756
166.012
149.831
132.375
113.85
94.5026
74.601
54.4277
34.2682
14.4381
-4.69996
-22.4336
-37.8807
-47.7303
42.0665
22.7759
0.92667
-21.9761
-44.0608
-66.8773
-89.4193
-111.006
-131.917
-151.812
-170.616
-188.455
-205.247
-221.005
-235.715
-249.289
-261.612
-272.526
-281.841
-289.262
-294.478
-297.317
-297.674
-295.518
-290.909
-283.831
-274.197
-262.034
-247.528
-231.018
-213.007
-193.976
-174.558
-154.721
-135.738
-116.474
-106.591
-94.7044
-129.466
60.3481
78.0028
97.5679
118.35
138.197
157.491
175.432
190.73
203.014
212.641
219.817
224.834
228.162
230.142
231.022
230.986
230.137
228.507
226.072
222.748
218.404
212.847
205.824
197.092
186.626
174.574
161.04
146.109
129.912
112.624
94.4627
75.6793
56.548
37.3623
18.458
0.24181
-16.5572
-30.9888
-40.028
40.179
21.8863
1.17431
-20.5178
-41.4024
-62.9626
-84.2334
-104.571
-124.245
-142.934
-160.571
-177.283
-192.998
-207.736
-221.494
-234.201
-245.761
-256.039
-264.867
-271.996
-277.128
-280.111
-280.852
-279.328
-275.598
-269.652
-261.402
-250.84
-238.086
-223.397
-207.176
-189.833
-171.924
-153.554
-135.929
-118.125
-108.63
-95.7387
-119.263
57.526
74.2783
92.8583
112.599
131.451
149.773
166.802
181.311
192.944
202.048
208.82
213.543
216.669
218.527
219.36
219.346
218.588
217.124
214.937
211.954
208.055
203.063
196.739
188.846
179.343
168.354
155.957
142.216
127.234
111.156
94.1749
76.5206
58.4563
40.2782
22.3349
5.06378
-10.798
-24.2625
-32.5684
38.3501
21.0001
1.3594
-19.1918
-38.9508
-59.3282
-79.4089
-98.5788
-117.097
-134.662
-151.216
-166.881
-181.596
-195.388
-208.261
-220.159
-231.003
-240.678
-249.039
-255.869
-260.889
-263.963
-265.013
-264.019
-261.04
-256.075
-249.041
-239.903
-228.734
-215.719
-201.18
-185.46
-169.048
-152.123
-135.82
-119.369
-109.892
-96.974
-110.92
54.8139
70.7143
88.3613
107.118
125.025
142.426
158.593
172.353
183.37
191.977
198.365
202.808
205.74
207.481
208.262
208.26
207.576
206.253
204.281
201.595
198.09
193.601
187.902
180.769
172.148
162.14
150.808
138.194
124.376
109.475
93.6582
77.1344
60.1533
43.0076
26.0521
9.74291
-5.18326
-17.7267
-25.3729
36.5833
20.1226
1.49477
-17.9816
-36.6794
-55.95
-74.9134
-92.9896
-110.429
-126.947
-142.491
-157.183
-170.97
-183.883
-195.936
-207.081
-217.255
-226.362
-234.273
-240.805
-245.694
-248.817
-250.109
-249.556
-247.217
-243.102
-237.133
-229.26
-219.515
-208.032
-195.06
-180.889
-165.94
-150.427
-135.393
-120.253
-110.642
-98.2208
-104.625
52.2131
67.308
84.0735
101.897
118.909
135.438
150.786
163.837
174.27
182.407
188.431
192.608
195.356
196.982
197.71
197.713
197.09
195.888
194.102
191.678
188.519
184.476
179.339
172.892
165.077
155.975
145.634
134.081
121.374
107.61
92.9338
77.5327
61.6405
45.5423
29.5928
14.257
0.258643
-11.4094
-18.4611
34.8824
19.2624
1.58996
-16.8719
-34.5736
-52.8003
-70.7172
-87.7709
-104.202
-119.742
-134.347
-148.135
-161.059
-173.157
-184.446
-194.891
-204.439
-213.01
-220.493
-226.731
-231.474
-234.613
-236.094
-235.907
-234.111
-230.727
-225.689
-218.934
-210.466
-200.377
-188.858
-176.148
-162.609
-148.468
-134.638
-120.742
-111.023
-99.3284
-100.248
49.7225
64.0562
79.986
96.9266
113.09
128.79
143.365
155.745
165.625
173.317
178.999
182.924
185.497
187.015
187.69
187.692
187.119
186.022
184.397
182.204
179.35
175.706
171.071
165.243
158.163
149.895
140.475
129.916
118.263
105.592
92.0248
77.7295
62.9228
47.8781
32.9439
18.5839
5.50239
-5.33328
-11.8504
33.2482
18.4223
1.6539
-15.8508
-32.612
-49.8603
-66.7931
-82.8876
-98.378
-113.006
-126.736
-139.682
-151.806
-163.146
-173.727
-183.52
-192.484
-200.552
-207.629
-213.58
-218.168
-221.295
-222.919
-223.033
-221.696
-218.942
-214.715
-208.946
-201.619
-192.792
-182.612
-171.272
-159.078
-146.255
-133.575
-120.864
-111.171
-100.249
-97.4816
47.342
60.9552
76.0946
92.1971
107.557
122.473
136.314
148.057
157.416
164.689
170.048
173.737
176.146
177.557
178.183
178.179
177.652
176.643
175.162
173.169
170.589
167.297
163.114
157.847
151.435
143.932
135.364
125.735
115.077
103.449
90.9539
77.7398
64.006
50.0116
36.0932
22.7057
10.5249
0.480291
-5.55349
31.6824
17.6084
1.69314
-14.9073
-30.7844
-47.1086
-63.1184
-78.3158
-92.9235
-106.701
-119.614
-131.779
-143.158
-153.795
-163.717
-172.905
-181.325
-188.921
-195.613
-201.286
-205.714
-208.809
-210.539
-210.899
-209.95
-207.736
-204.212
-199.311
-193
-185.312
-176.356
-166.289
-155.363
-143.797
-132.217
-120.611
-111.102
-100.957
-95.8928
45.0697
58.0013
72.3909
87.7004
102.298
116.469
129.617
140.759
149.625
156.503
161.558
165.025
167.28
168.595
169.17
169.163
168.67
167.742
166.387
164.573
162.234
159.259
155.48
150.72
144.916
138.114
130.333
121.571
111.848
101.211
89.745
77.5807
64.8988
51.9419
39.0315
26.6051
15.3049
6.01195
0.415206
30.1852
16.8216
1.71441
-14.0322
-29.0737
-44.531
-59.6724
-74.0261
-87.8091
-100.792
-112.946
-124.382
-135.069
-145.053
-154.364
-162.988
-170.901
-178.056
-184.385
-189.788
-194.057
-197.105
-198.909
-199.469
-198.845
-197.093
-194.18
-190.039
-184.629
-177.964
-170.124
-161.231
-151.493
-141.113
-130.589
-120.025
-110.855
-101.459
-95.1111
42.9036
55.1901
68.8696
83.426
97.3017
110.769
123.258
133.833
142.234
148.74
153.51
156.771
158.883
160.107
160.637
160.624
160.164
159.306
158.063
156.409
154.287
151.593
148.178
143.876
138.626
132.466
125.411
117.453
108.607
98.9053
88.4218
77.2689
65.6102
53.6702
41.7513
30.2689
19.8256
11.2467
6.05031
28.7568
16.066
1.72228
-13.2168
-27.473
-42.1093
-56.4351
-69.9991
-83.0088
-95.2489
-106.694
-117.452
-127.496
-136.874
-145.617
-153.718
-161.158
-167.9
-173.887
-179.03
-183.139
-186.131
-187.985
-188.706
-188.355
-186.997
-184.611
-181.135
-176.522
-170.773
-163.941
-156.126
-147.491
-138.222
-128.707
-119.117
-110.405
-101.744
-94.8089
40.8415
52.5172
65.5232
79.3665
92.5578
105.357
117.225
127.263
135.227
141.383
145.887
148.956
150.935
152.077
152.565
152.547
152.117
151.323
150.18
148.67
146.741
144.302
141.214
137.327
132.58
127.007
120.619
113.407
105.378
96.5576
87.0061
76.8217
66.1509
55.1992
44.2476
33.6853
24.0709
16.1699
11.3402
27.3966
15.3416
1.72132
-12.4549
-25.9674
-39.834
-53.3907
-66.2114
-78.4975
-90.0433
-100.826
-110.953
-120.4
-129.214
-137.43
-145.044
-152.045
-158.402
-164.066
-168.96
-172.912
-175.839
-177.724
-178.573
-178.45
-177.427
-175.496
-172.601
-168.69
-163.756
-157.834
-151
-143.384
-135.148
-126.595
-117.926
-109.764
-101.813
-94.7671
38.8813
49.9784
62.3467
75.5126
88.0556
100.224
111.502
121.033
128.585
134.414
138.669
141.56
143.418
144.484
144.936
144.915
144.513
143.778
142.727
141.346
139.591
137.381
134.591
131.078
126.79
121.754
115.979
109.455
102.186
94.191
85.5192
76.2563
66.5321
56.5334
46.5183
36.8465
28.0305
20.7728
16.2855
26.104
14.6519
1.71507
-11.7392
-24.5527
-37.6897
-50.5233
-62.648
-74.2532
-85.1492
-95.3147
-104.853
-113.743
-122.033
-129.76
-136.922
-143.514
-149.51
-154.871
-159.528
-163.326
-166.183
-168.083
-169.035
-169.102
-168.363
-166.824
-164.433
-161.14
-156.929
-151.823
-145.878
-139.196
-131.915
-124.27
-116.468
-108.911
-101.651
-94.797
37.0201
47.569
59.3322
71.8568
83.785
95.3542
106.076
115.129
122.294
127.817
131.841
134.567
136.314
137.313
137.733
137.711
137.336
136.656
135.69
134.427
132.83
130.827
128.304
125.134
121.263
116.717
111.505
105.617
99.0521
91.8264
83.9807
75.5886
66.7652
57.6786
48.5629
39.7467
31.695
25.0471
20.8781
24.8775
13.9956
1.70716
-11.0651
-23.2159
-35.6686
-47.8201
-59.2881
-70.2571
-80.5439
-90.1321
-99.1209
-107.493
-115.296
-122.568
-129.31
-135.521
-141.181
-146.258
-150.689
-154.337
-157.119
-159.022
-160.054
-160.28
-159.784
-158.58
-156.627
-153.874
-150.303
-145.925
-140.781
-134.951
-128.548
-121.754
-114.77
-107.853
-101.253
-94.783
35.2552
45.2844
56.4743
68.3897
79.7358
90.7389
100.934
109.536
116.337
121.574
125.383
127.958
129.605
130.543
130.937
130.917
130.569
129.941
129.054
127.899
126.447
124.632
122.353
119.492
116.003
111.906
107.21
101.906
95.9927
89.4819
82.4079
74.8342
66.8622
58.6419
50.3837
42.3841
35.0607
28.9902
25.1242
23.7162
13.3751
1.69981
-10.4268
-21.9534
-33.7573
-45.2676
-56.12
-66.4893
-76.2054
-85.2534
-93.7296
-101.619
-108.969
-115.817
-122.169
-128.025
-133.372
-138.181
-142.399
-145.901
-148.607
-150.503
-151.597
-151.954
-151.663
-150.749
-149.174
-146.893
-143.884
-140.152
-135.727
-130.667
-125.068
-119.067
-112.848
-106.576
-100.61
-94.6153
33.5831
43.1203
53.7656
65.1046
75.8987
86.3655
96.0629
104.24
110.7
115.669
119.279
121.716
123.272
124.158
124.531
124.515
124.195
123.618
122.804
121.751
120.43
118.787
116.73
114.153
111.012
107.327
103.103
98.3352
93.0219
87.1727
80.8161
74.0072
66.8346
59.4313
51.9842
44.7587
38.125
32.5997
29.0185
22.6183
12.7888
1.69538
-9.82035
-20.7555
-31.9499
-42.8544
-53.1256
-62.9335
-72.1147
-80.657
-88.6538
-96.0927
-103.02
-109.475
-115.463
-120.989
-126.043
-130.601
-134.617
-137.979
-140.607
-142.487
-143.63
-144.096
-143.978
-143.31
-142.062
-140.192
-137.675
-134.514
-130.73
-126.365
-121.495
-116.227
-110.721
-105.085
-99.7152
-94.2388
32.0014
41.0717
51.2016
61.9923
72.2641
82.2238
91.4506
99.2284
105.368
110.088
113.514
115.824
117.299
118.139
118.495
118.488
118.196
117.668
116.924
115.965
114.767
113.282
111.428
109.109
106.287
102.978
99.1878
94.9119
90.1506
84.9113
79.2186
73.1203
66.6937
60.0555
53.3707
46.8737
40.8902
35.8786
32.5726
21.5825
12.2386
1.69526
-9.24149
-19.6197
-30.2349
-40.5693
-50.2954
-59.5737
-68.2528
-76.3214
-83.8698
-90.8879
-97.4214
-103.509
-109.158
-114.377
-119.158
-123.48
-127.305
-130.532
-133.081
-134.941
-136.118
-136.673
-136.703
-136.246
-135.279
-133.764
-131.678
-129.02
-125.803
-122.06
-117.849
-113.251
-108.403
-103.376
-98.5652
-93.5974
30.5065
39.1344
48.7749
59.047
68.8234
78.3032
87.086
94.4872
100.327
104.814
108.07
110.266
111.667
112.469
112.814
112.817
112.555
112.075
111.398
110.527
109.443
108.103
106.435
104.354
101.824
98.8592
95.4659
91.6416
87.3864
82.7074
77.6266
72.1852
66.4503
60.5238
54.55
48.734
43.3594
38.8299
35.7836
20.6067
11.7223
1.70154
-8.68752
-18.5368
-28.6078
-38.4033
-47.6137
-56.3958
-64.6031
-72.2276
-79.3564
-85.9809
-92.1465
-97.8915
-103.225
-108.157
-112.681
-116.783
-120.427
-123.524
-125.995
-127.828
-129.03
-129.658
-129.811
-129.533
-128.809
-127.601
-125.89
-123.671
-120.955
-117.765
-114.145
-110.155
-105.91
-101.455
-97.1607
-92.6793
29.0957
37.3042
46.4812
56.2607
65.5681
74.594
82.9571
90.004
95.5628
99.8339
102.934
105.025
106.362
107.131
107.468
107.485
107.254
106.82
106.208
105.421
104.443
103.237
101.741
99.8781
97.6155
94.966
91.9366
88.5249
84.7332
80.568
76.0486
71.2114
66.1143
60.8457
55.5307
50.3475
45.54
41.4616
38.668
19.6896
11.2415
1.71477
-8.15486
-17.5057
-27.0594
-36.3466
-45.0728
-53.3859
-61.1499
-68.3579
-75.0932
-81.3496
-87.1712
-92.5958
-97.6342
-102.297
-106.582
-110.476
-113.949
-116.92
-119.315
-121.117
-122.334
-123.022
-123.277
-123.153
-122.635
-121.692
-120.305
-118.47
-116.193
-113.491
-110.397
-106.955
-103.256
-99.3287
-95.5057
-91.4657
27.766
35.5769
44.3139
53.6271
62.4898
71.0863
79.0533
85.767
91.0627
95.1328
98.0884
100.085
101.365
102.108
102.441
102.473
102.274
101.888
101.337
100.629
99.75
98.67
97.3321
95.6694
93.6522
91.292
88.5951
85.5611
82.193
78.4971
74.4916
70.2076
65.6951
61.0309
56.3225
51.7228
47.4402
43.7817
41.2248
18.8291
10.7939
1.73669
-7.64132
-16.5184
-25.5859
-34.3921
-42.6598
-50.5322
-57.8792
-64.6957
-71.0621
-76.9733
-82.4729
-87.5977
-92.36
-96.7711
-100.831
-104.529
-107.839
-110.69
-113.007
-114.777
-116.001
-116.735
-117.077
-117.082
-116.74
-116.024
-114.917
-113.415
-111.521
-109.247
-106.617
-103.662
-100.454
-97.0067
-93.6084
-89.9688
26.5146
33.9484
42.2684
51.1384
59.5804
67.7707
75.3636
81.7637
86.8134
90.6969
93.5202
95.4308
96.662
97.3828
97.7164
97.7661
97.5991
97.2585
96.7678
96.1342
95.3489
94.3852
93.1938
91.7158
89.924
87.8287
85.4359
82.7469
79.7648
76.4972
72.9602
69.1801
65.2008
61.0885
56.935
52.8705
49.0708
45.8014
43.4748
18.024
10.3808
1.76786
-7.14363
-15.5742
-24.1786
-32.5312
-40.3677
-47.8231
-54.7774
-61.2256
-67.2456
-72.8329
-78.0306
-82.8743
-87.3774
-91.5523
-95.4001
-98.9125
-102.068
-104.803
-107.044
-108.776
-110.002
-110.773
-111.187
-111.299
-111.106
-110.584
-109.718
-108.503
-106.941
-105.04
-102.816
-100.29
-97.5188
-94.5005
-91.4816
-88.1929
25.3381
32.4144
40.338
48.7886
56.8312
64.6374
71.8774
77.9826
82.8021
86.5122
89.2141
91.0478
92.2358
92.9398
93.2768
93.3458
93.2114
92.9159
92.4824
91.9202
91.2224
90.3671
89.3114
88.0034
86.4189
84.5661
82.4515
80.0765
77.4463
74.5687
71.4567
68.134
64.6387
61.028
57.379
53.802
50.4442
47.5335
45.4192
17.2718
10
1.80954
-6.6603
-14.6662
-22.8348
-30.7574
-38.1847
-45.2484
-51.8324
-57.9339
-63.6277
-68.9107
-73.8247
-78.4048
-82.6643
-86.6167
-90.2643
-93.6008
-96.6086
-99.2301
-101.396
-103.089
-104.31
-105.11
-105.581
-105.783
-105.716
-105.359
-104.699
-103.73
-102.452
-100.873
-99.0015
-96.8514
-94.4634
-91.8252
-89.14
-86.1632
24.2337
30.9702
38.5183
46.5695
54.2339
61.677
68.5834
74.4116
79.0161
82.5655
85.1561
86.9207
88.0715
88.7628
89.1059
89.1958
89.0944
88.8429
88.4644
87.9695
87.3539
86.5994
85.6691
84.518
83.1239
81.4932
79.632
77.5434
75.2333
72.7087
69.9815
67.0726
64.015
60.8573
57.6645
54.5291
51.5729
48.9906
47.0819
16.5705
9.65205
1.86184
-6.18852
-13.7936
-21.547
-29.0634
-36.1057
-42.7978
-49.0324
-54.8073
-60.1939
-65.1906
-69.8374
-74.1692
-78.1994
-81.9419
-85.4003
-88.5697
-91.4356
-93.9472
-96.0375
-97.6886
-98.9006
-99.7198
-100.238
-100.515
-100.552
-100.334
-99.848
-99.0871
-98.054
-96.75
-95.1828
-93.3578
-91.3028
-88.9966
-86.6038
-83.8951
23.1977
29.6114
36.802
44.4747
51.7802
58.8796
65.4713
71.0392
75.4426
78.843
81.3317
83.0347
84.1536
84.8362
85.1879
85.2997
85.2311
85.0225
84.6967
84.2656
83.7269
83.0662
82.252
81.2449
80.0252
78.5976
76.9676
75.1391
73.1187
70.9133
68.5336
65.998
63.3345
60.5843
57.802
55.0643
52.4716
50.189
48.4667
15.9176
9.33438
1.92511
-5.72719
-12.9504
-20.3128
-27.4437
-34.1202
-40.4622
-46.3668
-51.8333
-56.9302
-61.657
-66.0523
-70.1498
-73.9635
-77.5075
-80.7863
-83.7963
-86.5257
-88.9293
-90.9446
-92.5509
-93.7485
-94.5806
-95.1363
-95.4731
-95.5972
-95.4949
-95.1543
-94.5704
-93.7432
-92.6744
-91.367
-89.8198
-88.0515
-86.0326
-83.8918
-81.4201
22.2266
28.3333
35.1846
42.497
49.462
56.2363
62.5308
67.8537
72.0693
75.3314
77.7271
79.375
80.4674
81.1443
81.5066
81.6413
81.6055
81.4386
81.1632
80.7922
80.3255
79.7516
79.0442
78.1696
77.1095
75.8671
74.4472
72.8544
71.0958
69.1781
67.1113
64.9109
62.6006
60.2155
57.8006
55.4196
53.1537
51.1419
49.5982
15.3106
9.04675
1.99915
-5.27452
-12.1368
-19.1258
-25.892
-32.2234
-38.233
-43.8256
-49.0006
-53.8239
-58.2958
-62.4534
-66.3299
-69.9388
-73.2945
-76.4024
-79.26
-81.8573
-84.1557
-86.0945
-87.6544
-88.8325
-89.6712
-90.2541
-90.6395
-90.8337
-90.8276
-90.6079
-90.1722
-89.5185
-88.6484
-87.5592
-86.2487
-84.7244
-82.9518
-81.0282
-78.7572
21.3167
27.1314
33.6598
40.6302
47.272
53.7382
59.7518
64.8443
68.8839
72.0179
74.3286
75.9276
76.9975
77.6721
78.0466
78.2048
78.2015
78.0747
77.8474
77.5332
77.1334
76.64
76.0311
75.2777
74.3632
73.2892
72.0599
70.6801
69.1572
67.498
65.7114
63.8107
61.8162
59.7569
57.67
55.6071
53.6338
51.8671
50.4845
14.7467
8.78626
2.08361
-4.83028
-11.3481
-17.9844
-24.404
-30.4066
-36.1024
-41.3994
-46.2986
-50.8631
-55.0938
-59.0267
-62.6937
-66.1084
-69.2853
-72.2302
-74.9415
-77.4112
-79.6056
-81.4683
-82.9779
-84.1333
-84.971
-85.5742
-85.9954
-86.2474
-86.3178
-86.1999
-85.8863
-85.378
-84.672
-83.7667
-82.654
-81.3367
-79.7736
-78.034
-75.9403
20.4647
26.0014
32.2231
38.868
45.2028
51.3775
57.1251
62.0006
65.8754
68.8903
71.1232
72.6786
73.73
74.4044
74.7926
74.9745
75.0032
74.9153
74.7337
74.4729
74.1357
73.7166
73.1978
72.5551
71.773
70.8518
69.7947
68.6067
67.2953
65.8673
64.3309
62.6973
60.9836
59.214
57.4177
55.6377
53.9247
52.3773
51.1454
14.2234
8.55243
2.17753
-4.39353
-10.5848
-16.8838
-22.9743
-28.666
-34.0628
-39.0795
-43.7174
-48.0367
-52.0389
-55.7587
-59.2269
-62.4573
-65.4639
-68.2528
-70.8233
-73.1693
-75.2612
-77.0464
-78.5044
-79.6316
-80.4638
-81.0778
-81.527
-81.8218
-81.9554
-81.9187
-81.7063
-81.3166
-80.7471
-79.9932
-79.0469
-77.903
-76.5168
-74.934
-72.9938
19.6672
24.9395
30.8693
37.2049
43.2482
49.1464
54.642
59.3128
63.0325
65.9365
68.098
69.6146
70.6505
71.3269
71.7297
71.9356
71.9953
71.9449
71.8067
71.596
71.317
70.9664
70.5303
69.9884
69.3262
68.5428
67.6407
66.6248
65.5026
64.2807
62.9666
61.5697
60.1047
58.5906
57.0524
55.5217
54.0404
52.6895
51.5917
13.7386
8.34265
2.28044
-3.96421
-9.84337
-15.8231
-21.5999
-26.9948
-32.1083
-36.8586
-41.2482
-45.3346
-49.1197
-52.6372
-55.9165
-58.9712
-61.8151
-64.4545
-66.8894
-69.1148
-71.1059
-72.813
-74.2166
-75.3118
-76.1324
-76.7508
-77.2181
-77.5454
-77.7274
-77.7558
-77.6246
-77.3318
-76.8737
-76.2459
-75.4371
-74.4382
-73.2004
-71.7504
-69.9457
18.9215
23.9419
29.5944
35.6355
41.4016
47.0376
52.2941
56.7715
60.3449
63.1453
65.2413
66.7228
67.7461
68.4258
68.8437
69.0733
69.1632
69.1485
69.0515
68.8878
68.6627
68.3753
68.0147
67.5643
67.0105
66.3511
65.5879
64.7257
63.7718
62.7328
61.6153
60.4275
59.1812
57.893
56.5799
55.2698
53.993
52.8158
51.8415
13.2902
8.1564
2.39153
-3.54189
-9.12486
-14.7986
-20.2769
-25.3902
-30.2329
-34.7297
-38.8828
-42.7475
-46.3261
-49.6507
-52.7499
-55.6369
-58.3251
-60.8209
-63.1249
-65.233
-67.1241
-68.7531
-70.0999
-71.1594
-71.9633
-72.5795
-73.0565
-73.4061
-73.6242
-73.703
-73.6363
-73.4214
-73.0545
-72.5296
-71.8352
-70.9554
-69.8426
-68.5054
-66.8209
18.2246
23.0055
28.3943
34.1549
39.6571
45.0443
50.0732
54.3672
57.8024
60.506
62.5414
63.9914
65.0037
65.6879
66.1211
66.3738
66.4929
66.5121
66.4539
66.3341
66.159
65.9295
65.6379
65.2704
64.8141
64.2658
63.6265
62.901
62.0961
61.2185
60.2741
59.2696
58.2153
57.1231
56.0085
54.8916
53.7952
52.7716
51.9057
12.8763
7.99167
2.51041
-3.12683
-8.42647
-13.8099
-19.0032
-23.8468
-28.4321
-32.6868
-36.6144
-40.2674
-43.6488
-46.7894
-49.7165
-52.4427
-54.9815
-57.339
-59.5163
-61.5098
-63.3027
-64.8527
-66.1409
-67.1613
-67.9439
-68.552
-69.0315
-69.3943
-69.6376
-69.7541
-69.7375
-69.5846
-69.2911
-68.8508
-68.249
-67.4686
-66.4604
-65.2202
-63.6433
17.5745
22.1273
27.2654
32.7587
38.0094
43.1595
47.9714
52.0915
55.3954
58.0084
59.9877
61.4086
62.4117
63.1007
63.5491
63.8242
63.9711
64.0224
64.0004
63.9215
63.7926
63.6163
63.3873
63.0945
62.7257
62.2767
61.7477
61.143
60.4695
59.7334
58.9402
58.0958
57.2081
56.2874
55.3451
54.3968
53.4565
52.5675
51.8007
12.4952
7.848
2.63641
-2.71849
-7.74897
-12.8543
-17.7758
-22.3626
-26.7011
-30.7245
-34.4365
-37.8872
-41.0798
-44.0442
-46.8061
-49.3781
-51.7729
-53.9967
-56.0512
-57.9331
-59.6282
-61.0998
-62.3273
-63.3063
-64.0631
-64.6586
-65.1337
-65.5021
-65.7607
-65.9043
-65.925
-65.821
-65.5854
-65.2135
-64.6871
-63.99
-63.0695
-61.9143
-60.4338
16.9685
21.3042
26.2037
31.4418
36.4528
41.3774
45.9814
49.9357
53.1141
55.642
57.5695
58.9638
59.9582
60.6523
61.1154
61.4119
61.5852
61.6669
61.6788
61.6377
61.5511
61.4233
61.251
61.0255
60.735
60.3742
59.9428
59.4448
58.8864
58.274
57.6123
56.9064
56.1629
55.39
54.5965
53.7927
52.9895
52.2175
51.5372
12.1449
7.72354
2.76914
-2.31696
-7.0901
-11.9313
-16.5929
-20.9337
-25.0366
-28.8385
-32.3436
-35.6002
-38.6118
-41.407
-44.0101
-46.4334
-48.6892
-50.7837
-52.7187
-54.4909
-56.0905
-57.4822
-58.6491
-59.583
-60.3123
-60.8892
-61.3559
-61.7215
-61.989
-62.1485
-62.1978
-62.1287
-61.9406
-61.6212
-61.1589
-60.5294
-59.686
-58.6034
-57.2136
16.4039
20.5326
25.2048
30.1991
34.9815
39.6908
44.0963
47.8924
50.9498
53.3975
55.2765
56.6455
57.6322
58.3312
58.8084
59.1253
59.3235
59.4337
59.4773
59.471
59.4234
59.3395
59.2183
59.0528
58.8318
58.5492
58.204
57.7996
57.3419
56.8368
56.2888
55.7024
55.0826
54.4363
53.7697
53.091
52.4031
51.7329
51.1296
11.8236
7.61778
2.90833
-1.9214
-6.45003
-11.0383
-15.4521
-19.5584
-23.4351
-27.0245
-30.331
-33.4007
-36.2382
-38.8707
-41.3209
-43.6004
-45.7216
-47.6905
-49.5089
-51.174
-52.6782
-53.9913
-55.0952
-55.9838
-56.6808
-57.2376
-57.6894
-58.049
-58.3162
-58.4863
-58.5524
-58.5111
-58.3569
-58.0821
-57.6703
-57.0996
-56.3212
-55.3057
-53.9978
15.8779
19.8086
24.2639
29.0243
33.5885
38.0928
42.3076
45.9537
48.8946
51.2667
53.0998
54.4442
55.4226
56.1264
56.6172
56.9534
57.1751
57.3121
57.3852
57.4112
57.399
57.3549
57.2794
57.1673
57.0076
56.7938
56.5241
56.2016
55.8314
55.4193
54.9692
54.4848
53.9706
53.4317
52.873
52.2983
51.711
51.1264
50.5899
11.5291
7.52903
3.0536
-1.53144
-5.82613
-10.1741
-14.3509
-18.2326
-21.8932
-25.2789
-28.3946
-31.2843
-33.954
-36.4294
-38.7315
-40.8715
-42.8619
-44.7087
-46.4133
-47.9733
-49.3835
-50.6176
-51.6581
-52.499
-53.1623
-53.6953
-54.1296
-54.4777
-54.7404
-54.9134
-54.9903
-54.9676
-54.84
-54.5995
-54.2302
-53.709
-52.9885
-52.0341
-50.8054
15.3879
19.129
23.3766
27.9125
32.2678
36.575
40.6071
44.1114
46.9412
49.244
51.033
52.3513
53.3208
54.0281
54.531
54.8852
55.1292
55.2915
55.3923
55.4483
55.4686
55.4606
55.4258
55.3607
55.2547
55.1009
54.8971
54.6458
54.3515
54.0194
53.6531
53.2558
52.8308
52.3824
51.9138
51.4278
50.9229
50.4109
49.93
11.2586
7.45528
3.20291
-1.14815
-5.21997
-9.33708
-13.2871
-16.9546
-20.407
-23.5976
-26.5298
-29.2465
-31.7553
-34.0791
-36.2369
-38.2408
-40.1036
-41.831
-43.4243
-44.8809
-46.1985
-47.3538
-48.3303
-49.1223
-49.7502
-50.2569
-50.6712
-51.0044
-51.2584
-51.4293
-51.5113
-51.5007
-51.3927
-51.1795
-50.8455
-50.3672
-49.6988
-48.802
-47.6498
14.9308
18.4911
22.541
26.8608
31.0162
35.1335
38.9879
42.3569
45.0784
47.3208
49.069
50.36
51.3182
52.0278
52.5412
52.9114
53.1756
53.3614
53.4882
53.5723
53.6228
53.6475
53.6493
53.6255
53.566
53.464
53.317
53.1271
52.8982
52.635
52.3404
52.017
51.6674
51.295
50.9017
50.4883
50.0521
49.5988
49.1636
11.0089
7.39193
3.35185
-0.776468
-4.63441
-8.53157
-12.2633
-15.724
-18.9751
-21.9786
-24.7315
-27.2804
-29.6363
-31.815
-33.8324
-35.7031
-37.4411
-39.0518
-40.5357
-41.8904
-43.116
-44.1926
-45.1046
-45.8467
-46.4379
-46.9169
-47.309
-47.6252
-47.8675
-48.0328
-48.1156
-48.1124
-48.0188
-47.8272
-47.5229
-47.0825
-46.4618
-45.6201
-44.5418
14.5035
17.8923
21.7546
25.8687
29.8342
33.7684
37.4514
40.6875
43.2927
45.4831
47.1966
48.4606
49.4071
50.1177
50.64
51.0242
51.3065
51.5138
51.6647
51.7749
51.8536
51.9085
51.9433
51.9561
51.9368
51.879
51.7804
51.6427
51.4694
51.2647
51.031
50.7702
50.484
50.1749
49.8439
49.4901
49.1092
48.7022
48.3026
10.7779
7.33806
3.49926
-0.417469
-4.07215
-7.75935
-11.2816
-14.5442
-17.5996
-20.4244
-22.9975
-25.3794
-27.589
-29.629
-31.5097
-33.2502
-34.8671
-36.3642
-37.7413
-38.9961
-40.1312
-41.1293
-41.9771
-42.668
-43.2212
-43.6704
-44.0389
-44.3358
-44.5643
-44.7212
-44.8019
-44.8025
-44.7198
-44.5456
-44.2676
-43.8608
-43.2854
-42.4966
-41.4916
14.1034
17.3292
21.0135
24.9302
28.7162
32.476
35.9972
39.104
41.5806
43.7235
45.4067
46.6446
47.5791
48.2902
48.8197
49.2161
49.5149
49.7418
49.9151
50.0499
50.1549
50.2382
50.3036
50.3492
50.3652
50.3454
50.2878
50.1938
50.0671
49.9116
49.7292
49.521
49.288
49.0313
48.7512
48.4454
48.1082
47.7364
47.363
10.5689
7.29987
3.65491
-0.0596769
-3.52065
-7.0087
-10.3329
-13.4085
-16.2781
-18.9316
-21.3305
-23.5529
-25.6224
-27.5244
-29.2678
-30.8796
-32.3773
-33.7622
-35.0329
-36.1897
-37.2352
-38.1574
-38.9406
-39.5822
-40.0958
-40.5161
-40.8591
-41.1374
-41.3499
-41.4987
-41.5742
-41.5779
-41.502
-41.3444
-41.0871
-40.7132
-40.1782
-39.4434
-38.5073
13.731
16.7992
20.3076
24.0314
27.6427
31.2318
34.6018
37.5897
39.9624
42.067
43.7107
44.9146
45.8351
46.5428
47.0755
47.48
47.7922
48.036
48.2295
48.3867
48.5164
48.626
48.7197
48.7951
48.8426
48.8559
48.8332
48.7762
48.6886
48.5743
48.4352
48.2715
48.0835
47.871
47.6332
47.3666
47.0634
46.7174
46.362
10.3839
7.28079
3.82487
0.305235
-2.96901
-6.26532
-9.39938
-12.3005
-14.9936
-17.4849
-19.7165
-21.8113
-23.7593
-25.5166
-27.1146
-28.5976
-29.978
-31.2501
-32.4138
-33.4706
-34.4277
-35.2722
-35.9913
-36.5789
-37.0534
-37.4399
-37.7584
-38.0136
-38.2112
-38.3477
-38.4197
-38.4214
-38.3542
-38.2081
-37.9735
-37.6284
-37.1371
-36.4535
-35.5915
13.3871
16.3007
19.6351
23.1641
26.6015
30.0148
33.2337
36.1003
38.4208
40.5294
42.12
43.2719
44.1738
44.8779
45.408
45.8154
46.1352
46.392
46.601
46.7774
46.9281
47.0617
47.1805
47.2831
47.3578
47.3995
47.4056
47.379
47.3227
47.2419
47.1378
47.0113
46.8612
46.6863
46.4848
46.2503
45.9751
45.6476
45.3029
10.2331
7.25717
3.94469
0.587718
-2.52143
-5.63485
-8.55956
-11.2495
-13.6912
-15.9804
-17.8769
-19.9324
-21.8952
-23.583
-25.0991
-26.5248
-27.8575
-29.0779
-30.1868
-31.1907
-32.1
-32.9024
-33.5836
-34.1396
-34.5875
-34.9525
-35.2527
-35.4913
-35.6756
-35.8051
-35.8631
-35.8594
-35.7919
-35.65
-35.4244
-35.0936
-34.6241
-33.9726
-33.1506
13.1151
15.9041
19.1056
22.456
25.7245
28.9249
31.9111
34.5012
36.6252
38.9807
40.6284
41.7754
42.7054
43.4436
43.9985
44.4247
44.7646
45.0411
45.2712
45.4683
45.6422
45.7995
45.944
46.0722
46.173
46.2386
46.2678
46.2626
46.2275
46.1674
46.085
45.981
45.8542
45.7029
45.5232
45.3088
45.0489
44.73
44.3856
10.1065
7.23314
4.04046
0.823014
-2.13464
-5.06708
-7.77573
-10.2295
-12.3719
-14.4216
-15.8612
-17.961
-20.032
-21.7021
-23.179
-24.5943
-25.9256
-27.1365
-28.2281
-29.2166
-30.112
-30.8998
-31.5655
-32.1074
-32.5418
-32.8958
-33.1851
-33.4131
-33.5878
-33.7142
-33.7538
-33.7427
-33.671
-33.5285
-33.3013
-32.9734
-32.5086
-31.8634
-31.0541
12.8892
15.5769
18.6577
21.8408
24.9356
27.893
30.5911
32.8429
34.6932
37.4175
39.2099
40.3897
41.3717
42.1677
42.7647
43.2218
43.589
43.8906
44.1441
44.3634
44.5597
44.7405
44.9098
45.0636
45.1895
45.2781
45.3279
45.341
45.3222
45.2767
45.2085
45.1185
45.0062
44.8692
44.7036
44.5006
44.2493
43.9319
43.5878
9.98162
7.21172
4.13948
1.06224
-1.74435
-4.4968
-6.99506
-9.21843
-11.0795
-12.8965
-13.9009
-16.0071
-18.1602
-19.8048
-21.2302
-22.6208
-23.9418
-25.1379
-26.2097
-27.1817
-28.0587
-28.8254
-29.4704
-29.9935
-30.412
-30.7513
-31.0286
-31.2429
-31.4076
-31.5291
-31.5518
-31.5323
-31.4601
-31.3178
-31.0928
-30.7702
-30.3146
-29.6812
-28.897
12.6637
15.2506
18.2067
21.2229
24.1469
26.8564
29.2809
31.2171
32.7861
35.8233
37.7747
38.9872
40.0096
40.8576
41.4947
41.981
42.3732
42.6984
42.9738
43.2139
43.4307
43.6332
43.8259
44.0052
44.1559
44.2684
44.3399
44.3724
44.3697
44.3383
44.2823
44.2041
44.1036
43.9788
43.8251
43.6332
43.3905
43.0759
42.7316
9.85822
7.19146
4.23936
1.30083
-1.35671
-3.93138
-6.22629
-8.22404
-9.82352
-11.4002
-12.0164
-14.0833
-16.2773
-17.8925
-19.2616
-20.6144
-21.9141
-23.0904
-24.1419
-25.0916
-25.9438
-26.6847
-27.3064
-27.8076
-28.2078
-28.5291
-28.7916
-28.9883
-29.1408
-29.2538
-29.2577
-29.2269
-29.1525
-29.0085
-28.7861
-28.4681
-28.025
-27.4059
-26.6492
12.4394
14.9268
17.7555
20.6074
23.3651
25.8236
27.9913
29.6196
30.9099
34.1967
36.3174
37.5742
38.6321
39.5281
40.2051
40.7177
41.1326
41.4791
41.7765
42.0366
42.2736
42.4956
42.7104
42.9127
43.0887
43.2254
43.3207
43.374
43.3897
43.3728
43.3288
43.2605
43.1692
43.0533
42.9082
42.7244
42.4876
42.1742
41.8275
9.73792
7.17345
4.3402
1.53774
-0.974318
-3.37564
-5.47593
-7.25394
-8.61381
-9.9404
-10.2257
-12.2081
-14.3934
-15.9684
-17.2776
-18.5807
-19.8474
-20.9986
-22.024
-22.9451
-23.7674
-24.481
-25.0773
-25.557
-25.9377
-26.2426
-26.4904
-26.6729
-26.814
-26.9221
-26.91
-26.8724
-26.7963
-26.655
-26.4363
-26.1274
-25.6985
-25.103
-24.3901
12.2189
14.6083
17.3087
20.002
22.598
24.8001
26.7291
28.0383
29.0551
32.5383
34.8286
36.14
37.2346
38.1824
38.9028
39.4432
39.8753
40.2384
40.5518
40.8301
41.0847
41.326
41.5603
41.7849
41.9837
42.1446
42.2636
42.34
42.3761
42.3768
42.3468
42.2895
42.2067
42.0978
41.959
41.7801
41.5468
41.2315
40.8814
9.62303
7.15793
4.44016
1.7695
-0.60306
-2.8374
-4.75383
-6.32067
-7.4634
-8.52966
-8.5419
-10.3954
-12.5176
-14.035
-15.2809
-16.527
-17.7499
-18.8652
-19.857
-20.7437
-21.5331
-22.2152
-22.782
-23.2342
-23.5896
-23.8716
-24.0993
-24.2619
-24.3868
-24.4839
-24.453
-24.4051
-24.3265
-24.1872
-23.9754
-23.6794
-23.2699
-22.6987
-22.0079
12.0073
14.3026
16.8761
19.4192
21.8536
23.7897
25.493
26.4546
27.1957
30.8489
33.3083
34.6734
35.7981
36.798
37.5757
38.1597
38.6205
39.002
39.3292
39.6198
39.8876
40.1439
40.396
40.6402
40.8606
41.0435
41.185
41.2835
41.3405
41.3594
41.3447
41.2994
41.2256
41.1231
40.989
40.813
40.5798
40.2597
39.8992
9.5157
7.14318
4.53331
1.98683
-0.253654
-2.32931
-4.07292
-5.43821
-6.38406
-7.18049
-6.9775
-8.65977
-10.6669
-12.1011
-13.2789
-14.4612
-15.6259
-16.6914
-17.6404
-18.49
-19.245
-19.8972
-20.4393
-20.8732
-21.2155
-21.4874
-21.7077
-21.8644
-21.9876
-22.0881
-22.0535
-22.0073
-21.9362
-21.8071
-21.6082
-21.3296
-20.9485
-20.4257
-19.831
11.8109
14.0178
16.4682
18.87
21.1311
22.7788
24.262
24.8259
25.2789
29.1223
31.782
33.2115
34.344
35.3633
36.1757
36.8053
37.3128
37.7373
38.0969
38.4117
38.6967
38.9691
39.2374
39.5018
39.7446
39.953
40.1197
40.2442
40.325
40.3657
40.3686
40.3371
40.2726
40.1759
40.0446
39.869
39.6341
39.3073
38.9274
9.4127
7.12221
4.60921
2.17571
0.0578846
-1.86836
-3.44722
-4.61725
-5.38126
-5.90259
-5.54001
-7.02058
-8.85586
-10.1769
-11.2772
-12.3846
-13.4748
-14.4761
-15.372
-16.1732
-16.8815
-17.4873
-17.9828
-18.369
-18.6655
-18.8973
-19.0825
-19.207
-19.3026
-19.3805
-19.3212
-19.2607
-19.1844
-19.0606
-18.8745
-18.6192
-18.2638
-17.7577
-17.1189
11.6276
13.7513
16.0832
18.351
20.4165
21.7589
23.0281
23.1131
23.2183
27.291
30.2323
31.8115
33.0082
34.0402
34.8292
35.4245
35.9176
36.3529
36.743
37.0914
37.4085
37.7061
37.9965
38.2796
38.5425
38.7733
38.9686
39.1252
39.2416
39.3179
39.3555
39.3549
39.3163
39.2392
39.1204
38.9523
38.7201
38.4012
38.0362
9.30714
7.09204
4.66661
2.33437
0.327334
-1.46245
-2.88683
-3.87062
-4.46898
-4.71684
-4.2395
-5.48647
-7.09218
-8.27435
-9.28067
-10.2948
-11.2952
-12.225
-13.0695
-13.8347
-14.5192
-15.116
-15.62
-16.0336
-16.3649
-16.6272
-16.8422
-16.9963
-17.1282
-17.2458
-17.218
-17.1848
-17.137
-17.0378
-16.8775
-16.6508
-16.3505
-15.9612
-15.6004
11.4462
13.4883
15.707
17.8501
19.71
20.7838
21.8731
21.3215
20.9494
25.2195
28.4422
30.252
31.6822
32.9288
33.8414
34.4486
34.8784
35.2287
35.5493
35.8563
36.1574
36.4578
36.7631
37.0647
37.3385
37.5708
37.7636
37.9182
38.036
38.1179
38.1656
38.1791
38.1578
38.0998
37.9994
37.8454
37.6143
37.2771
36.86
9.21439
7.06901
4.72455
2.48116
0.568808
-1.108
-2.40226
-3.23326
-3.69676
-3.66972
-3.09249
-4.06173
-5.39158
-6.40995
-7.30107
-8.19589
-9.07254
-9.8851
-10.6222
-11.2833
-11.8634
-12.3464
-12.7203
-12.9834
-13.1723
-13.3228
-13.4469
-13.5197
-13.5727
-13.613
-13.5235
-13.4491
-13.3804
-13.2822
-13.1431
-12.9505
-12.6654
-12.2063
-11.508
11.2831
13.2521
15.3738
17.4053
19.0707
19.9764
20.886
19.4286
18.4987
22.9529
26.267
28.0553
29.5624
31.0639
32.3555
33.3498
34.0833
34.6158
35.0149
35.3365
35.6244
35.9074
36.2091
36.5378
36.873
37.1743
37.4201
37.6084
37.7444
37.8324
37.8764
37.8781
37.8405
37.7664
37.6567
37.5051
37.2893
36.956
36.4487
9.18303
7.07062
4.76829
2.58207
0.736007
-0.853723
-2.03969
-2.75023
-3.08797
-2.76257
-2.09754
-2.77006
-3.78042
-4.59322
-5.3459
-6.1313
-6.9275
-7.69975
-8.43469
-9.13263
-9.79142
-10.4121
-10.9906
-11.5167
-11.948
-12.2756
-12.5481
-12.7667
-12.987
-13.2112
-13.2601
-13.2741
-13.2772
-13.2404
-13.1503
-13.0116
-12.8586
-12.7479
-12.9346
11.2213
13.1567
15.2206
17.1482
18.6082
19.3376
19.7681
17.0498
15.8638
21.0432
24.6759
26.3041
27.334
28.2575
29.113
29.9396
30.7584
31.5378
32.2339
32.8221
33.307
33.7046
34.0425
34.3578
34.69
35.0431
35.3935
35.7188
36.0072
36.2549
36.459
36.6117
36.7049
36.7303
36.6835
36.568
36.4156
36.3296
36.5955
9.19653
7.02286
4.66703
2.46231
0.64113
-0.864899
-1.89982
-2.42135
-2.50527
-1.83258
-1.18928
-1.63258
-2.32374
-2.8613
-3.33776
-3.81252
-4.27636
-4.70986
-5.10208
-5.44357
-5.71434
-5.8825
-5.92382
-5.85096
-5.77432
-5.75364
-5.75402
-5.71238
-5.63846
-5.58926
-5.43228
-5.31319
-5.23789
-5.16492
-5.07831
-4.96233
-4.73327
-4.2322
-3.14403
11.2886
13.258
15.3096
17.127
18.3057
18.5789
17.7595
13.539
12.4704
19.286
24.5816
27.7069
29.6238
30.6605
30.9257
30.7056
30.3067
29.9647
29.7927
29.8125
30.0116
30.3666
30.8351
31.2886
31.5679
31.6944
31.7612
31.7929
31.7944
31.7664
31.7203
31.6725
31.6367
31.6205
31.6138
31.5675
31.3319
30.588
28.8052
9.04756
6.7784
4.32868
2.07055
0.260289
-1.14354
-1.97628
-2.2125
-1.89139
-0.872193
-0.293437
-0.553019
-1.03488
-1.53268
-2.08116
-2.68828
-3.35178
-4.06856
-4.84175
-5.68129
-6.60582
-7.6259
-8.70491
-9.73851
-10.5305
-11.0638
-11.5943
-12.0059
-12.6592
-13.6156
-13.3833
-13.455
-13.7357
-13.9305
-14.0036
-14.0351
-14.1541
-14.5438
-15.6624
11.2163
13.2244
15.2569
16.9571
17.8452
17.4953
15.0981
9.6379
7.0055
13.6287
19.9883
25.6484
30.7651
35.3493
39.0855
41.8707
43.8483
45.1086
45.8303
46.1932
46.3578
46.448
46.6487
47.2523
48.3676
49.5483
50.4719
51.1947
51.7976
52.2926
52.6577
52.8821
52.973
52.9501
52.8574
52.7842
52.9674
53.7458
55.8184
-360.166
-358.095
-357.491
-363.824
-372.706
-379.75
-383.292
-383.029
-379.28
-372.672
-363.731
-352.682
-339.445
-323.568
-304.797
-283.341
-259.718
-234.385
-207.978
-181.466
-156.125
-132.735
-111.595
-92.8025
-76.7265
-63.9663
-55.1255
-50.4389
-49.7897
-52.4786
-57.4339
-63.302
-68.982
-73.8075
-77.6939
-80.7829
-83.3257
-85.4562
-87.2722
-88.7643
-89.9395
-90.7603
-91.2286
-91.3208
-91.0496
-90.4097
-89.424
-88.1029
-86.4776
-84.5672
-82.4082
-80.0193
-77.4421
-74.7006
-71.8281
-68.8493
-65.792
-62.6795
-59.5338
-56.3732
-53.2196
-50.0868
-46.9902
-43.9398
-40.9471
-38.0182
-35.1603
-32.7604
-30.6695
-28.5275
-26.2927
-24.0727
-21.6934
-19.6042
-16.8225
-15.5454
-11.1328
-13.2462
-2.52019
-16.7152
-350.85
-345.262
-338.887
-331.917
-324.306
-315.966
-307.014
-297.409
-287.264
-276.574
-265.44
-253.887
-242.012
-229.861
-217.529
-205.073
-192.583
-180.119
-167.761
-155.562
-143.587
-131.877
-120.478
-109.418
-98.7249
-88.413
-78.494
-68.9754
-59.8565
-51.14
-42.8203
-34.8974
-27.36
-20.2098
-13.4351
-7.03732
-1.00432
4.66078
9.97069
14.9213
19.526
23.7799
27.6982
31.2763
34.5312
37.4586
40.0781
42.3863
44.4058
46.1359
47.6
48.8053
49.7682
50.4995
51.0155
51.3287
51.4536
51.4033
51.1907
50.8281
50.3279
49.7021
48.9629
48.1236
47.1996
46.2082
45.1493
44.2276
43.4262
42.5635
41.6516
40.6986
39.7128
38.7316
37.8737
36.7012
36.0971
37.0099
27.5578
56.6588
-332.747
-335.783
-340.025
-346.451
-352.12
-354.95
-355.442
-354.17
-350.914
-344.519
-334.261
-319.557
-300.515
-277.583
-251.746
-223.748
-194.531
-164.971
-136.088
-108.836
-84.2271
-63.0485
-45.7568
-32.5112
-23.3919
-18.373
-17.1406
-19.0269
-23.1432
-28.7135
-35.1876
-42.2169
-49.3958
-56.3313
-62.7067
-68.3788
-73.2595
-77.3557
-80.6832
-83.3062
-85.2684
-86.6387
-87.4601
-87.791
-87.668
-87.1386
-86.2335
-84.9928
-83.4441
-81.6256
-79.558
-77.2845
-74.8271
-72.2213
-69.4877
-66.6556
-63.7465
-60.7828
-57.784
-54.7704
-51.7566
-48.7601
-45.7943
-42.8683
-39.994
-37.1753
-34.4238
-32.0956
-30.0705
-28.0049
-25.845
-23.6991
-21.3856
-19.3626
-16.6433
-15.4081
-11.1011
-13.1345
-2.74893
-16.5791
-325.665
-314.861
-303.633
-292.007
-280.324
-268.543
-256.802
-245.071
-233.461
-221.945
-210.62
-199.452
-188.517
-177.781
-167.298
-157.035
-147.027
-137.241
-127.702
-118.382
-109.299
-100.431
-91.7943
-83.3754
-75.192
-67.2335
-59.5187
-52.0417
-44.8189
-37.8443
-31.1337
-24.6793
-18.4932
-12.5668
-6.91185
-1.51772
3.60398
8.46369
13.0496
17.372
21.4187
25.2004
28.7048
31.944
34.9061
37.605
40.0298
42.1969
44.0986
45.7523
47.1598
48.3329
49.2764
50.0052
50.5261
50.8542
50.9993
50.9741
50.7899
50.4588
49.9903
49.3959
48.6883
47.8777
46.9796
46.0094
44.9684
44.0651
43.2802
42.4285
41.5264
40.5845
39.6089
38.6304
37.7701
36.6398
35.9208
36.9311
27.7114
55.5159
-129.881
-128.539
-126.373
-124.548
-122.831
-120.685
-117.735
-114.196
-110.331
-106.528
-102.64
-98.4467
-93.3575
-87.0697
-79.1274
-69.4432
-57.9164
-44.8528
-30.6544
-16.0907
-1.90872
10.9301
21.2175
27.673
29.5715
26.7485
19.5546
8.7589
-4.38078
-18.3198
-31.5768
-43.1886
-52.8068
-60.5397
-66.7373
-71.7831
-75.9327
-79.3097
-81.982
-83.9971
-85.4087
-86.2669
-86.629
-86.5433
-86.0607
-85.2215
-84.0658
-82.6252
-80.935
-79.0138
-76.9033
-74.62
-72.1978
-69.6507
-67.0058
-64.2787
-61.4906
-58.6577
-55.7976
-52.9237
-50.0546
-47.2007
-44.3751
-41.5856
-38.8429
-36.151
-33.5172
-31.2823
-29.3395
-27.3613
-25.2892
-23.2302
-21.0021
-19.0478
-16.428
-15.2025
-11.0914
-12.9227
-3.08062
-16.2073
-128.61
-126.15
-123.731
-121.152
-118.442
-115.626
-112.646
-109.557
-106.296
-102.925
-99.3875
-95.7451
-91.9483
-88.0607
-84.042
-79.9518
-75.7582
-71.5152
-67.1956
-62.8476
-58.4456
-54.0293
-49.5752
-45.1172
-40.6352
-36.1575
-31.6686
-27.1971
-22.7323
-18.3032
-13.9051
-9.56727
-5.28779
-1.09593
3.00899
6.99955
10.8766
14.6143
18.2144
21.6528
24.9325
28.0308
30.9525
33.6763
36.2095
38.5321
40.6536
42.5581
44.2557
45.7408
47.0186
48.0869
48.956
49.6267
50.112
50.416
50.5511
50.5247
50.3481
50.0304
49.5818
49.0116
48.3292
47.5459
46.6756
45.7307
44.7141
43.8328
43.0646
42.2282
41.3415
40.4127
39.4522
38.4842
37.6242
36.5423
35.7649
36.6854
28.0271
54.1713
-34.9967
-33.7067
-31.7026
-29.3682
-26.8667
-24.0604
-20.873
-17.4183
-14.0853
-11.2094
-9.09386
-7.76023
-7.18971
-7.13718
-7.43632
-7.80583
-8.13105
-8.25338
-8.2088
-8.01197
-7.83944
-7.86875
-8.45371
-9.94961
-12.7489
-17.0971
-23.115
-30.692
-39.5219
-49.0044
-58.3401
-66.7017
-73.5563
-78.7366
-82.4383
-85.041
-86.8938
-88.181
-88.9906
-89.3679
-89.357
-88.9962
-88.3237
-87.3699
-86.1645
-84.7304
-83.0893
-81.2634
-79.2631
-77.1211
-74.8467
-72.4665
-69.9874
-67.4308
-64.805
-62.1281
-59.4102
-56.6658
-53.9058
-51.1448
-48.3915
-45.6584
-42.9553
-40.2878
-37.6658
-35.0896
-32.5726
-30.4311
-28.5644
-26.6673
-24.677
-22.6978
-20.5513
-18.6692
-16.1408
-14.9508
-10.9937
-12.721
-3.24531
-15.9317
-34.9214
-34.6664
-34.4651
-34.2726
-34.1014
-33.9207
-33.7293
-33.4956
-33.2234
-32.8767
-32.4621
-31.9445
-31.3347
-30.5966
-29.7435
-28.7411
-27.6088
-26.3146
-24.8822
-23.2841
-21.5492
-19.657
-17.6401
-15.4821
-13.219
-10.8384
-8.37479
-5.81803
-3.20172
-0.516766
2.20494
4.97119
7.7511
10.5508
13.3399
16.1226
18.869
21.582
24.2317
26.8204
29.3188
31.729
34.0232
36.2047
38.2467
40.1542
41.9039
43.5007
44.9316
46.1958
47.2842
48.2015
48.9417
49.5148
49.9182
50.1631
50.2504
50.192
49.9933
49.6648
49.2125
48.6451
47.9728
47.2036
46.3507
45.4239
44.4262
43.5586
42.8003
41.9724
41.0944
40.1761
39.2271
38.2718
37.4134
36.3651
35.5708
36.4032
28.0891
53.2172
5.51408
5.83403
6.44651
7.10187
7.5447
7.74281
7.77066
7.56265
7.00574
5.9403
4.30026
2.01795
-0.865315
-4.32614
-8.2338
-12.501
-16.9569
-21.4979
-25.9762
-30.3428
-34.5434
-38.6438
-42.7327
-47.0203
-51.7186
-57.0558
-63.1069
-69.784
-76.7505
-83.5124
-89.4592
-94.0792
-97.116
-98.6635
-99.0342
-98.6589
-97.895
-96.9291
-95.8001
-94.5154
-93.0775
-91.5028
-89.8009
-87.9873
-86.0663
-84.0464
-81.9327
-79.724
-77.4411
-75.0828
-72.6661
-70.1893
-67.6662
-65.0977
-62.4978
-59.87
-57.2253
-54.5702
-51.9146
-49.2643
-46.6314
-44.0218
-41.4439
-38.9014
-36.4031
-33.9484
-31.5492
-29.5049
-27.7179
-25.9022
-23.9934
-22.0967
-20.0334
-18.2281
-15.7894
-14.6477
-10.8239
-12.4966
-3.30581
-15.6908
5.88558
6.23726
6.52893
6.74117
6.87755
6.95417
6.97595
6.95377
6.89649
6.81529
6.72321
6.62573
6.53989
6.46752
6.42816
6.4188
6.46251
6.55431
6.72029
6.95481
7.28667
7.70751
8.24625
8.89231
9.6706
10.5639
11.5935
12.7352
14.0038
15.3703
16.8454
18.3973
20.0336
21.7225
23.4706
25.2463
27.0559
28.869
30.6911
32.4919
34.2755
36.0122
37.7059
39.3264
40.8775
42.3316
43.6913
44.938
46.0677
47.0647
47.9291
48.6486
49.229
49.6613
49.9538
50.1008
50.1139
49.9928
49.7481
49.3822
48.905
48.3231
47.6423
46.8729
46.0254
45.1071
44.1211
43.2626
42.5085
41.6861
40.8141
39.9
38.9573
38.0092
37.1534
36.1235
35.3279
36.086
27.9977
52.3976
15.6774
14.2692
12.7085
10.9535
8.7377
6.0664
3.01096
-0.354464
-4.03876
-8.01959
-12.3243
-16.9355
-21.8766
-27.1101
-32.628
-38.3477
-44.2188
-50.1196
-55.9808
-61.6844
-67.1846
-72.4137
-77.3823
-82.0976
-86.6537
-91.1521
-95.7292
-100.403
-105.05
-109.318
-112.726
-114.758
-115.152
-114.019
-111.789
-108.964
-105.982
-103.065
-100.273
-97.5799
-94.9645
-92.3994
-89.8757
-87.3749
-84.8909
-82.4118
-79.9252
-77.4404
-74.9464
-72.4497
-69.9401
-67.4224
-64.8911
-62.354
-59.8098
-57.2643
-54.7192
-52.1806
-49.6508
-47.138
-44.6451
-42.1796
-39.7463
-37.3466
-34.9891
-32.6694
-30.4046
-28.4669
-26.767
-25.043
-23.2272
-21.4213
-19.4506
-17.7287
-15.3886
-14.2981
-10.6188
-12.2298
-3.34166
-15.4057
17.1442
18.2912
19.3001
20.2167
21.0489
21.7937
22.4588
23.0482
23.5651
24.0168
24.4069
24.747
25.0398
25.2993
25.5246
25.7311
25.9146
26.0907
26.2511
26.4135
26.5682
26.7362
26.908
27.1089
27.3305
27.6015
27.9133
28.2945
28.7337
29.2573
29.8493
30.5308
31.2804
32.1147
33.008
33.9726
34.9811
36.0433
37.1307
38.2513
39.3758
40.5113
41.6276
42.7298
43.7888
44.8079
45.7652
46.6565
47.462
48.1793
48.7907
49.2987
49.6885
49.9648
50.1158
50.1515
50.0647
49.8662
49.553
49.1374
48.6201
48.0078
47.3091
46.5295
45.6795
44.764
43.7862
42.9349
42.1867
41.3697
40.5019
39.5937
38.6558
37.7135
36.8547
35.8349
35.0419
35.7101
27.8811
51.4894
17.7025
14.9932
12.0727
8.96649
5.45415
1.5012
-2.78495
-7.36676
-12.1945
-17.2728
-22.5656
-28.087
-33.8064
-39.7369
-45.835
-52.0921
-58.4319
-64.8131
-71.1312
-77.3218
-83.276
-88.9415
-94.2414
-99.1646
-103.685
-107.842
-111.669
-115.233
-118.496
-121.309
-123.34
-124.208
-123.588
-121.479
-118.195
-114.232
-110.046
-105.951
-102.063
-98.4072
-94.9533
-91.6818
-88.5563
-85.5596
-82.6645
-79.8493
-77.1123
-74.435
-71.8148
-69.2339
-66.6889
-64.1677
-61.6724
-59.1969
-56.7414
-54.3033
-51.8845
-49.4844
-47.1059
-44.7472
-42.4168
-40.1159
-37.8461
-35.6075
-33.4076
-31.2413
-29.1241
-27.3054
-25.7042
-24.0828
-22.3707
-20.6674
-18.8009
-17.1711
-14.9416
-13.9048
-10.383
-11.9266
-3.36117
-15.0807
20.1692
22.0931
23.7046
25.1749
26.5626
27.8637
29.0782
30.2032
31.244
32.1942
33.0616
33.8419
34.547
35.1731
35.7357
36.2309
36.6772
37.0691
37.4251
37.737
38.0239
38.275
38.5098
38.715
38.9122
39.0884
39.2669
39.4355
39.62
39.8086
40.0287
40.2674
40.5505
40.8631
41.2282
41.6276
42.0809
42.5667
43.101
43.6602
44.2571
44.866
45.4961
46.1211
46.7472
47.3522
47.9351
48.4738
48.9674
49.3945
49.7569
50.0352
50.232
50.3299
50.3364
50.2389
50.0466
49.7503
49.3638
48.8826
48.3153
47.6661
46.9397
46.1433
45.2855
44.3688
43.3975
42.5542
41.8115
41.0028
40.144
39.2419
38.3103
37.3729
36.5132
35.5002
34.7152
35.2671
27.7521
50.4947
19.836
16.5222
13.0337
9.45146
5.52531
1.2267
-3.3966
-8.2808
-13.4165
-18.7642
-24.3243
-30.0591
-35.9757
-42.0374
-48.2493
-54.5616
-60.9624
-67.3774
-73.7621
-80.0077
-86.0394
-91.7359
-97.0316
-101.843
-106.153
-109.936
-113.224
-116.042
-118.452
-120.414
-121.785
-122.284
-121.65
-119.741
-116.7
-112.857
-108.628
-104.335
-100.178
-96.2119
-92.4604
-88.8979
-85.5168
-82.2904
-79.1997
-76.2399
-73.3926
-70.6509
-67.994
-65.4133
-62.8927
-60.4295
-58.0145
-55.6428
-53.3082
-51.0089
-48.7416
-46.5044
-44.292
-42.1107
-39.9619
-37.8415
-35.7514
-33.6894
-31.6624
-29.662
-27.7075
-26.0191
-24.5256
-23.0164
-21.4189
-19.8273
-18.0751
-16.546
-14.437
-13.4621
-10.1058
-11.5897
-3.34645
-14.7287
22.8541
25.2663
27.2547
29.0379
30.7234
32.331
33.85
35.2819
36.6238
37.879
39.0407
40.1145
41.0937
41.9871
42.7881
43.5089
44.1433
44.7069
45.193
45.6199
45.9799
46.2931
46.5506
46.773
46.9495
47.1022
47.2186
47.3212
47.3966
47.4681
47.5223
47.5834
47.6367
47.7068
47.7786
47.8755
47.9815
48.1176
48.2669
48.4479
48.6416
48.8632
49.0916
49.34
49.5876
49.841
50.0781
50.3027
50.4925
50.6521
50.7595
50.8182
50.8066
50.7313
50.5749
50.3449
50.0266
49.6327
49.1551
48.604
47.9771
47.2813
46.5202
45.7007
44.8294
43.9076
42.9408
42.1033
41.3678
40.5685
39.7184
38.8274
37.9045
36.9758
36.1137
35.1058
34.3364
34.7507
27.5803
49.4616
22.8294
19.5227
16.1166
12.6628
8.93335
4.85015
0.461611
-4.20789
-9.11761
-14.2588
-19.5896
-25.1046
-30.7648
-36.5716
-42.4872
-48.5115
-54.599
-60.7365
-66.8544
-72.9045
-78.7735
-84.3771
-89.5855
-94.3205
-98.4887
-102.067
-105.025
-107.401
-109.24
-110.635
-111.576
-111.954
-111.548
-110.214
-107.928
-104.871
-101.318
-97.5734
-93.8284
-90.1957
-86.6925
-83.3348
-80.1076
-77.0055
-74.0309
-71.1754
-68.4364
-65.7994
-63.2558
-60.7919
-58.4039
-56.0831
-53.8226
-51.6149
-49.455
-47.3387
-45.2606
-43.2133
-41.2005
-39.2231
-37.2751
-35.3554
-33.4615
-31.5925
-29.7529
-27.9335
-26.1541
-24.6069
-23.2309
-21.8427
-20.368
-18.8964
-17.2675
-15.8473
-13.868
-12.9628
-9.77833
-11.2123
-3.29161
-14.3496
25.8575
28.3558
30.449
32.3271
34.1061
35.8121
37.4429
38.9896
40.4588
41.844
43.1505
44.3692
45.5078
46.5564
47.5244
48.4018
49.2003
49.9099
50.5448
51.0948
51.5764
51.9789
52.3212
52.5923
52.8125
52.9706
53.0887
53.1548
53.1917
53.1873
53.1653
53.1122
53.0516
52.9697
52.8895
52.7958
52.7105
52.618
52.5391
52.4573
52.3912
52.3233
52.2729
52.2206
52.182
52.1362
52.0943
52.0346
51.9674
51.8705
51.7513
51.5869
51.3852
51.126
50.8162
50.4372
50.0002
49.4928
48.9262
48.2924
47.6008
46.8502
46.0489
45.1986
44.308
43.3763
42.4103
41.5778
40.8471
40.0571
39.2195
38.3396
37.4281
36.5086
35.6482
34.6446
33.8992
34.1615
27.3528
48.4038
25.3495
22.3947
19.4174
16.4554
13.2707
9.77855
5.98174
1.91498
-2.41387
-6.96762
-11.7349
-16.6721
-21.7722
-26.9942
-32.3376
-37.7632
-43.273
-48.8232
-54.4073
-59.9577
-65.4291
-70.7068
-75.7056
-80.2925
-84.3853
-87.8846
-90.762
-92.9872
-94.6066
-95.6891
-96.3636
-96.6534
-96.4725
-95.6583
-94.155
-92.0015
-89.3763
-86.4849
-83.5253
-80.5841
-77.7118
-74.9063
-72.1712
-69.5136
-66.9364
-64.4431
-62.0295
-59.6921
-57.4246
-55.2257
-53.0931
-51.0208
-49.0043
-47.0383
-45.1196
-43.2412
-41.396
-39.5852
-37.8103
-36.0637
-34.3454
-32.6468
-30.9714
-29.3131
-27.679
-26.0558
-24.4658
-23.0723
-21.8223
-20.5638
-19.2209
-17.8776
-16.3805
-15.0768
-13.2356
-12.4076
-9.40219
-10.7937
-3.19911
-13.9377
28.0989
30.4613
32.5107
34.3898
36.1771
37.9027
39.5566
41.1409
42.6492
44.0889
45.4515
46.7444
47.9578
49.0999
50.1598
51.1475
52.0516
52.8838
53.6322
54.3106
54.9068
55.4361
55.886
56.2731
56.5846
56.8386
57.0221
57.1545
57.2228
57.2482
57.2184
57.1551
57.0458
56.9139
56.746
56.5644
56.3555
56.1406
55.905
55.6678
55.4138
55.1641
54.9009
54.646
54.3787
54.1168
53.8395
53.5632
53.2665
52.9625
52.6291
52.2778
51.8878
51.4684
50.9982
50.4889
49.9234
49.3137
48.6474
47.9352
47.1707
46.3654
45.5156
44.6318
43.7169
42.7716
41.8043
40.9735
40.2473
39.4666
38.6395
37.7743
36.8761
35.9704
35.1112
34.1121
33.3969
33.4997
27.068
47.3038
28.0272
25.5337
23.1127
20.7731
18.2918
15.5477
12.5354
9.2539
5.72297
1.94387
-2.04937
-6.24688
-10.6084
-15.125
-19.7558
-24.4958
-29.3072
-34.1894
-39.1047
-44.0481
-48.9611
-53.7978
-58.4494
-62.8307
-66.8148
-70.3181
-73.2436
-75.5586
-77.2364
-78.3276
-78.9268
-79.189
-79.1569
-78.756
-77.8789
-76.5302
-74.7828
-72.7878
-70.6773
-68.5483
-66.4301
-64.3311
-62.2588
-60.2171
-58.2107
-56.242
-54.3098
-52.4154
-50.56
-48.7487
-46.9784
-45.251
-43.5622
-41.9131
-40.2965
-38.7083
-37.1484
-35.6194
-34.1139
-32.6325
-31.1658
-29.7158
-28.2781
-26.8528
-25.4411
-24.0308
-22.6464
-21.4173
-20.3034
-19.1835
-17.9816
-16.775
-15.4187
-14.2397
-12.5452
-11.8016
-8.98221
-10.3375
-3.07531
-13.498
30.3899
32.5057
34.4249
36.2269
37.9639
39.6402
41.2591
42.8091
44.2993
45.7198
47.0804
48.3695
49.5974
50.7516
51.8428
52.8577
53.8081
54.6807
55.4882
56.2176
56.8829
57.4714
57.9979
58.4497
58.8422
59.1628
59.4273
59.6227
59.7645
59.8405
59.8679
59.8344
59.7573
59.6257
59.4576
59.2429
58.9985
58.7152
58.4076
58.0679
57.7111
57.3273
56.9373
56.5238
56.1075
55.669
55.2287
54.7668
54.3014
53.8118
53.314
52.788
52.2472
51.6703
51.0709
50.4287
49.7572
49.0407
48.2892
47.4936
46.6656
45.7991
44.9061
43.9854
43.0466
42.0856
41.1142
40.2853
39.5614
38.7894
37.9762
37.1256
36.2435
35.3526
34.4998
33.5079
32.828
32.7681
26.7286
46.1551
30.3636
28.3477
26.4371
24.6473
22.7937
20.7636
18.5284
16.0729
13.3886
10.4676
7.32381
3.96706
0.421883
-3.29845
-7.16209
-11.1529
-15.2372
-19.4037
-23.6217
-27.8847
-32.1588
-36.4226
-40.6046
-44.6365
-48.4055
-51.8253
-54.7882
-57.2349
-59.1053
-60.4006
-61.1504
-61.4918
-61.5727
-61.4605
-61.0694
-60.3569
-59.3477
-58.1385
-56.8105
-55.4409
-54.0488
-52.654
-51.2552
-49.8565
-48.4587
-47.0618
-45.6694
-44.2826
-42.9109
-41.552
-40.2132
-38.8913
-37.5923
-36.3089
-35.042
-33.79
-32.5583
-31.3397
-30.1374
-28.9409
-27.7546
-26.5707
-25.3953
-24.2177
-23.0464
-21.8643
-20.6994
-19.6469
-18.6776
-17.7049
-16.6532
-15.5924
-14.3856
-13.3397
-11.8001
-11.1484
-8.52219
-9.84957
-2.92389
-13.0331
32.3478
34.1965
35.9361
37.6066
39.2298
40.804
42.3296
43.8014
45.2237
46.5916
47.9097
49.1717
50.3826
51.5349
52.6335
53.6694
54.6486
55.5611
56.4136
57.1959
57.9163
58.5646
59.1507
59.6644
60.117
60.4981
60.8211
61.0742
61.2711
61.4
61.476
61.4865
61.4468
61.3447
61.197
60.9905
60.7443
60.4434
60.1076
59.723
59.3045
58.8533
58.368
57.8617
57.3231
56.7709
56.1905
55.602
54.987
54.3644
53.7166
53.0606
52.3767
51.6822
50.955
50.2121
49.4357
48.6347
47.7987
46.9378
46.0443
45.1316
44.1938
43.2435
42.2794
41.3042
40.3303
39.5016
38.7813
38.0196
37.2187
36.386
35.522
34.6517
33.8066
32.8255
32.1847
31.9638
26.3301
44.9451
33.4064
31.6984
30.1086
28.6594
27.2149
25.6856
24.0463
22.2763
20.3401
18.207
15.8668
13.3271
10.5947
7.683
4.60318
1.37971
-1.97059
-5.41929
-8.95209
-12.5417
-16.1788
-19.8346
-23.4898
-27.0835
-30.5537
-33.8001
-36.742
-39.2822
-41.3656
-42.9384
-44.0019
-44.5923
-44.8584
-44.9545
-44.934
-44.7185
-44.297
-43.7128
-43.0402
-42.3097
-41.5537
-40.7682
-39.9667
-39.139
-38.2946
-37.4329
-36.5581
-35.6763
-34.7874
-33.8982
-33.0058
-32.1182
-31.2281
-30.3396
-29.4489
-28.5644
-27.6793
-26.7992
-25.9136
-25.0283
-24.1359
-23.2422
-22.3391
-21.4278
-20.508
-19.5693
-18.6352
-17.7689
-16.9516
-16.1347
-15.2408
-14.3336
-13.2843
-12.379
-11.002
-10.4502
-8.024
-9.33133
-2.74915
-12.5481
35.1252
36.7822
38.3737
39.9188
41.4177
42.8712
44.2749
45.6312
46.9375
48.1968
49.4065
50.5698
51.6838
52.7514
53.7686
54.7386
55.6558
56.5234
57.3347
58.0935
58.7922
59.4354
60.0151
60.5375
60.9942
61.3932
61.7256
62.0014
62.2107
62.365
62.4537
62.4891
62.4595
62.3785
62.2339
62.0397
61.784
61.4831
61.1247
60.7263
60.2734
59.7815
59.2386
58.6574
58.0414
57.3913
56.7196
56.0173
55.2998
54.5559
53.8031
53.0251
52.2413
51.4312
50.6154
49.7759
48.9217
48.0418
47.1449
46.2217
45.2853
44.3279
43.3608
42.3814
41.4011
40.4141
39.4397
38.6143
37.8978
37.1462
36.3617
35.547
34.7046
33.8556
33.0244
32.0599
31.4617
31.0851
25.8701
43.6729
35.0725
33.5822
32.2127
30.9965
29.8294
28.6442
27.4254
26.1704
24.8429
23.3942
21.789
20.0179
18.0806
15.9775
13.7116
11.2889
8.72532
6.03486
3.23995
0.354292
-2.59822
-5.60687
-8.64686
-11.7024
-14.7232
-17.6561
-20.4114
-22.9152
-25.0792
-26.8544
-28.1919
-29.0968
-29.6145
-29.9026
-30.1041
-30.2485
-30.2641
-30.1598
-29.9724
-29.7464
-29.4833
-29.1969
-28.8742
-28.528
-28.1501
-27.7571
-27.3426
-26.9162
-26.4774
-26.0279
-25.571
-25.1018
-24.6228
-24.1277
-23.6259
-23.1102
-22.588
-22.0488
-21.4999
-20.9328
-20.3553
-19.7567
-19.1437
-18.5044
-17.8522
-17.1625
-16.471
-15.7963
-15.1398
-14.4826
-13.754
-13.0064
-12.121
-11.3628
-10.1549
-9.70904
-7.48889
-8.78497
-2.55307
-12.0408
36.5972
38.0964
39.5605
40.9927
42.3918
43.7536
45.078
46.3617
47.6057
48.8066
49.9664
51.0814
52.1545
53.1815
54.1662
55.1034
55.9971
56.8411
57.6396
58.3853
59.0824
59.7228
60.3115
60.8394
61.3126
61.7218
62.0744
62.3608
62.5899
62.752
62.8575
62.8961
62.8794
62.7967
62.6605
62.4592
62.2063
61.8897
61.5231
61.0953
60.6212
60.0894
59.516
58.8895
58.225
57.5143
56.7691
55.9925
55.1874
54.3635
53.5149
52.6565
51.7756
50.8936
49.9942
49.0878
48.1644
47.2318
46.2806
45.3226
44.3487
43.3688
42.3765
41.3853
40.3924
39.4022
38.4333
37.6133
36.903
36.1652
35.3954
34.6023
33.7829
32.9613
32.1455
31.2035
30.6503
30.1271
25.3424
42.3218
37.4704
36.1347
34.9212
33.8599
32.8618
31.8666
30.8677
29.8875
28.9112
27.898
26.7985
25.5944
24.272
22.8304
21.2543
19.5436
17.6903
15.707
13.5947
11.3743
9.05189
6.65363
4.18632
1.67707
-0.86372
-3.39162
-5.8667
-8.20934
-10.3558
-12.2222
-13.764
-14.9349
-15.7467
-16.2566
-16.6268
-16.9735
-17.302
-17.5511
-17.7363
-17.8753
-17.9932
-18.0821
-18.1533
-18.1956
-18.2234
-18.2274
-18.2223
-18.1984
-18.168
-18.1218
-18.0643
-17.9914
-17.8978
-17.7904
-17.6619
-17.5188
-17.3499
-17.1624
-16.9476
-16.7133
-16.4494
-16.1605
-15.8379
-15.4862
-15.1011
-14.6732
-14.225
-13.7522
-13.2567
-12.7667
-12.2064
-11.6232
-10.9061
-10.2994
-9.26481
-8.9302
-6.92139
-8.2112
-2.34031
-11.5131
38.8186
40.1517
41.4523
42.7272
43.9693
45.1846
46.3652
47.5166
48.6304
49.7134
50.7561
51.7665
52.7348
53.6701
54.5619
55.4202
56.2337
57.0126
57.7449
58.4407
59.087
59.6935
60.2466
60.7558
61.2071
61.6101
61.9508
62.2394
62.4621
62.63
62.73
62.774
62.7493
62.6686
62.5199
62.3161
62.0454
61.7206
61.33
60.8867
60.3801
59.8239
59.2092
58.5508
57.8399
57.0915
56.2976
55.4728
54.6115
53.7249
52.8169
51.888
50.9554
50.0083
49.0574
48.0959
47.1306
46.155
45.18
44.1958
43.2108
42.2167
41.223
40.2279
39.2394
38.2549
37.3001
36.4905
35.7899
35.0651
34.3161
33.5451
32.7529
31.9589
31.1646
30.2525
29.7454
29.0875
24.7466
40.8832
38.9991
37.8365
36.7909
35.8916
35.0683
34.2506
33.4269
32.6314
31.8825
31.1557
30.4108
29.619
28.7698
27.8541
26.8625
25.7778
24.5902
23.2863
21.8648
20.3189
18.6571
16.8815
15.0121
13.0585
11.0475
8.99215
6.92949
4.89043
2.93867
1.12679
-0.471691
-1.81499
-2.86127
-3.62843
-4.18537
-4.68215
-5.19467
-5.70812
-6.17699
-6.61706
-7.02992
-7.43047
-7.81302
-8.19272
-8.56092
-8.92901
-9.28501
-9.63861
-9.9768
-10.3076
-10.6194
-10.9138
-11.1883
-11.441
-11.6735
-11.8791
-12.0614
-12.2125
-12.3379
-12.4268
-12.4836
-12.4969
-12.475
-12.4045
-12.2968
-12.1254
-11.9304
-11.6556
-11.3283
-11.0038
-10.6161
-10.1989
-9.65288
-9.19998
-8.34185
-8.1202
-6.3269
-7.61357
-2.11538
-10.9611
40.2024
41.3982
42.5715
43.7221
44.8502
45.953
47.0335
48.0868
49.1174
50.118
51.0939
52.0362
52.9514
53.8293
54.6772
55.4846
56.2596
56.991
57.6874
58.3375
58.95
59.5128
60.0349
60.5035
60.9274
61.2935
61.6106
61.8658
62.0676
62.2039
62.2841
62.2964
62.2507
62.1364
61.9641
61.7238
61.4264
61.0624
60.643
60.1589
59.6213
59.0225
58.374
57.6697
56.9218
56.1263
55.2963
54.4277
53.5326
52.6076
51.6619
50.7019
49.7282
48.7482
47.7615
46.772
45.7795
44.7924
43.8045
42.822
41.8369
40.8552
39.8717
38.8954
37.9239
36.9596
36.0281
35.2369
34.5473
33.844
33.1147
32.3708
31.6077
30.8475
30.0768
29.2023
28.7403
27.9617
24.0818
39.3313
42.4503
41.3805
40.4264
39.6148
38.8936
38.1779
37.4332
36.6911
35.9931
35.3418
34.7104
34.0727
33.4152
32.7349
32.0261
31.2825
30.4915
29.6454
28.7307
27.741
26.6617
25.4898
24.2158
22.8489
21.3936
19.8748
18.308
16.728
15.1586
13.6457
12.2208
10.9325
9.8038
8.86064
8.07457
7.37788
6.66074
5.90192
5.13365
4.39201
3.66389
2.95393
2.25068
1.55905
0.865299
0.176468
-0.51723
-1.20467
-1.89198
-2.56731
-3.23565
-3.88454
-4.51789
-5.12454
-5.70407
-6.2533
-6.77076
-7.25941
-7.71167
-8.12781
-8.49443
-8.81649
-9.08536
-9.30262
-9.46423
-9.55688
-9.6076
-9.53757
-9.37401
-9.21822
-9.00084
-8.75241
-8.37755
-8.07861
-7.3976
-7.28778
-5.7164
-6.99213
-1.88843
-10.3822
43.5494
44.6431
45.7033
46.7386
47.7435
48.7249
49.676
50.6038
51.5004
52.3724
53.2109
54.0227
54.7982
55.544
56.2503
56.9236
57.5544
58.1494
58.6989
59.2101
59.6734
60.0961
60.4684
60.7978
61.0744
61.3055
61.4814
61.6092
61.6793
61.6989
61.6591
61.5673
61.415
61.2099
60.9446
60.6267
60.2496
59.8207
59.334
58.7969
58.2039
57.5626
56.8688
56.1306
55.3457
54.523
53.6619
52.7725
51.8546
50.9175
49.9607
48.9917
48.0102
47.0238
46.0328
45.0433
44.0595
43.0813
42.112
41.148
40.1923
39.2393
38.2931
37.3534
36.4187
35.4899
34.5986
33.8321
33.1656
32.4838
31.7836
31.0703
30.3426
29.6166
28.8758
28.0478
27.6282
26.7425
23.3583
37.64
46.8737
45.9067
45.0271
44.2841
43.658
43.0685
42.441
41.7888
41.1544
40.5637
40.0066
39.4665
38.9308
38.3967
37.863
37.327
36.7835
36.2231
35.6365
35.0098
34.3314
33.5834
32.755
31.8314
30.8127
29.6985
28.5095
27.2657
26.0052
24.7577
23.5626
22.4434
21.4225
20.4986
19.6653
18.8763
18.0671
17.1681
16.1824
15.1366
14.0588
12.9552
11.8513
10.7597
9.69623
8.6571
7.6418
6.63906
5.65151
4.67248
3.70821
2.75761
1.827
0.915212
0.0276822
-0.8369
-1.67551
-2.4795
-3.24301
-3.95386
-4.61611
-5.22201
-5.77449
-6.25989
-6.68505
-7.02612
-7.3192
-7.44227
-7.44095
-7.44367
-7.39519
-7.3084
-7.10307
-6.95175
-6.44936
-6.44228
-5.10117
-6.34923
-1.67244
-9.7668
47.8436
48.7969
49.7175
50.6015
51.4569
52.2766
53.0686
53.8256
54.5553
55.25
55.9167
56.5475
57.1489
57.7129
58.2453
58.7379
59.1965
59.6129
59.9924
60.3271
60.6219
60.8694
61.0741
61.2292
61.3391
61.3973
61.4077
61.3645
61.2722
61.126
60.9299
60.6801
60.381
60.0303
59.6323
59.1845
58.692
58.153
57.5714
56.9456
56.2792
55.5709
54.8246
54.04
53.2216
52.3702
51.4913
50.5865
49.6627
48.7218
47.7701
46.809
45.8434
44.8756
43.9108
42.9504
41.9982
41.0558
40.1233
39.2027
38.2919
37.3907
36.497
35.6111
34.729
33.854
33.0133
32.287
31.645
30.996
30.3272
29.6489
28.9571
28.2708
27.5619
26.7903
26.4073
25.4196
22.5951
35.7759
52.0377
51.4162
50.785
50.1945
49.7253
49.3509
48.9691
48.551
48.1085
47.6771
47.2571
46.8484
46.4347
46.0179
45.5894
45.1554
44.7111
44.2642
43.8133
43.366
42.9209
42.482
42.0429
41.5974
41.1314
40.6263
40.0626
39.4219
38.6951
37.8844
37.0072
36.0905
35.1658
34.2576
33.3787
32.5137
31.6236
30.6461
29.5454
28.3284
27.0378
25.7025
24.3398
22.9473
21.5282
20.0793
18.6104
17.1275
15.6478
14.1791
12.7379
11.3285
9.95829
8.61887
7.30541
6.00872
4.73615
3.49926
2.31735
1.19658
0.140922
-0.850555
-1.77152
-2.61442
-3.37677
-4.04345
-4.63852
-5.011
-5.21008
-5.41443
-5.57277
-5.68703
-5.68606
-5.70837
-5.42077
-5.52037
-4.46106
-5.64854
-1.48387
-9.11295
52.629
53.1952
53.7391
54.252
54.7401
55.1963
55.6268
56.0251
56.3969
56.7368
57.05
57.3308
57.5846
57.8069
58.0009
58.1627
58.2961
58.3975
58.4691
58.5084
58.517
58.4935
58.4375
58.3478
58.2241
58.066
57.8715
57.6403
57.3705
57.0638
56.7175
56.3333
55.9105
55.4525
54.9576
54.4298
53.8686
53.2789
52.6594
52.014
51.3413
50.6446
49.9236
49.1811
48.4168
47.6341
46.8338
46.0187
45.1921
44.3567
43.5156
42.6724
41.8291
40.9886
40.154
39.3263
38.5067
37.6968
36.897
36.1074
35.3281
34.5567
33.7917
33.0317
32.2723
31.5162
30.7919
30.1484
29.5749
28.9925
28.3926
27.7819
27.1628
26.5449
25.8969
25.225
24.8983
23.8192
21.7421
33.5617
50.6063
50.8633
50.9965
51.0117
51.08
51.2441
51.4203
51.5594
51.6504
51.7183
51.7639
51.7938
51.7943
51.7707
51.7106
51.623
51.4989
51.35
51.1734
50.9848
50.7862
50.5966
50.4196
50.2723
50.1541
50.0716
50.0136
49.9712
49.9201
49.8424
49.7108
49.5123
49.2305
48.8638
48.4055
47.8525
47.187
46.3845
45.4122
44.2519
42.9052
41.3976
39.7558
38.0048
36.1638
34.2497
32.2814
30.2781
28.2602
26.2429
24.2404
22.2586
20.3002
18.3591
16.4374
14.5419
12.6909
10.8982
9.17473
7.52133
5.94511
4.45196
3.0525
1.75496
0.561902
-0.508624
-1.48638
-2.16298
-2.61886
-3.07351
-3.48963
-3.84596
-4.08588
-4.32288
-4.2636
-4.53043
-3.712
-4.9631
-1.17354
-8.61163
50.3198
50.0348
49.7719
49.5212
49.2881
49.0651
48.8557
48.6536
48.4609
48.2724
48.0891
47.906
47.7248
47.5422
47.3573
47.1683
46.9758
46.7783
46.5755
46.3672
46.1519
45.9333
45.7072
45.4764
45.2381
44.9959
44.745
44.489
44.2211
43.9467
43.6583
43.3612
43.0491
42.7289
42.3925
42.0483
41.6899
41.3254
40.9478
40.5653
40.1701
39.7696
39.3562
38.9358
38.5024
38.0617
37.6083
37.1476
36.6768
36.2011
35.7183
35.2332
34.7442
34.254
33.7622
33.2701
32.7768
32.2832
31.7885
31.2926
30.7944
30.2923
29.7853
29.2711
28.7426
28.2075
27.688
27.2038
26.7552
26.3005
25.8231
25.3353
24.8358
24.334
23.7921
23.2583
23.0537
21.9628
20.4633
31.7225
49.4147
50.6522
51.6854
52.4637
53.1909
53.9671
54.7396
55.4697
56.1337
56.7521
57.3202
57.8513
58.3298
58.7681
59.1497
59.489
59.7694
60.0039
60.1779
60.3052
60.3731
60.3975
60.3681
60.3042
60.1976
60.0682
59.9092
59.7368
59.5428
59.3368
59.1041
58.8482
58.548
58.1988
57.7761
57.2699
56.6527
55.9106
55.014
53.9451
52.6802
51.222
49.5744
47.7669
45.8257
43.7834
41.6629
39.484
37.2589
34.998
32.711
30.4059
28.091
25.7744
23.4724
21.2056
18.9953
16.8492
14.7692
12.7536
10.8116
8.9565
7.20332
5.56218
4.03597
2.6426
1.35612
0.420663
-0.247025
-0.91493
-1.54364
-2.11219
-2.55745
-2.99023
-3.13252
-3.55822
-2.95596
-4.28558
-0.826694
-8.12087
48.1811
46.9852
45.8519
44.7727
43.7476
42.7752
41.8519
40.9775
40.1483
39.3645
38.6202
37.9182
37.252
36.6245
36.0275
35.4665
34.9322
34.4307
33.9532
33.5053
33.0778
32.6802
32.3017
31.9515
31.6198
31.315
31.027
30.7651
30.5168
30.2918
30.0774
29.8825
29.6955
29.526
29.3609
29.2117
29.0668
28.9365
28.8099
28.6972
28.5872
28.4887
28.3897
28.2975
28.2025
28.1102
28.0106
27.9099
27.8012
27.6903
27.5708
27.4484
27.3185
27.1841
27.042
26.8933
26.7345
26.5666
26.3863
26.1936
25.9861
25.7622
25.5214
25.2602
24.9711
24.6616
24.3573
24.0355
23.7187
23.3933
23.0445
22.6813
22.307
21.9256
21.5004
21.1095
21.0333
19.9834
18.9815
29.8078
46.4555
48.2034
49.73
50.9567
52.0836
53.2195
54.3394
55.4095
56.4126
57.3589
58.2472
59.0833
59.8589
60.5788
61.2345
61.833
62.3658
62.8375
63.2406
63.5791
63.8453
64.0445
64.1693
64.2264
64.2092
64.1276
63.9774
63.7694
63.5022
63.188
62.8234
62.4198
61.9701
61.4798
60.9366
60.3385
59.6641
58.9047
58.0338
57.04
55.8972
54.6012
53.1372
51.5147
49.7366
47.8238
45.7884
43.6539
41.4363
39.1573
36.8325
34.4792
32.1096
29.738
27.3759
25.0335
22.7199
20.4445
18.2195
16.0565
13.9677
11.9604
10.0452
8.23317
6.53122
4.9592
3.49278
2.40262
1.60272
0.807255
0.0371911
-0.669965
-1.26389
-1.83362
-2.13277
-2.67584
-2.25676
-3.63404
-0.492521
-7.58841
44.6748
42.9285
41.2457
39.6187
38.0545
36.5504
35.1088
33.7283
32.411
31.1556
29.9621
28.8302
27.7593
26.7489
25.7965
24.9039
24.0661
23.2854
22.557
21.8828
21.2577
20.6852
20.1598
19.6857
19.2565
18.8771
18.5404
18.2527
18.0046
17.8027
17.6371
17.5136
17.4225
17.3701
17.3454
17.3568
17.3934
17.4631
17.5556
17.6787
17.8212
17.9896
18.1716
18.3728
18.5809
18.8006
19.0194
19.2419
19.4584
19.6737
19.8797
20.0808
20.2712
20.4533
20.6224
20.7792
20.9185
21.0408
21.1413
21.2192
21.2711
21.2957
21.2914
21.2554
21.1789
21.0732
20.9585
20.786
20.5885
20.3846
20.1533
19.9076
19.6485
19.3801
19.0644
18.8114
18.8454
17.874
17.3168
27.5755
36.922
38.8115
40.5036
41.9111
43.2091
44.4994
45.775
47.0076
48.1836
49.3074
50.3799
51.4041
52.3739
53.2911
54.1497
54.9545
55.699
56.3866
57.0109
57.5771
58.078
58.5192
58.8932
59.2052
59.4449
59.6191
59.718
59.7481
59.7007
59.5851
59.3934
59.137
58.8084
58.4183
57.9597
57.4408
56.8517
56.1966
55.4607
54.6435
53.7228
52.6939
51.533
50.235
48.7817
47.1782
45.4239
43.539
41.5431
39.4706
37.3455
35.1927
33.0193
30.8307
28.6265
26.4109
24.1882
21.9684
19.7705
17.6202
15.5398
13.5373
11.6129
9.77117
8.02155
6.38997
4.85816
3.70516
2.85423
2.00463
1.17194
0.3913
-0.278317
-0.926594
-1.32153
-1.93273
-1.64947
-3.03605
-0.181032
-7.03233
35.0129
33.1401
31.3255
29.5672
27.867
26.2274
24.6473
23.1299
21.6738
20.2832
18.955
17.6934
16.4952
15.3647
14.2983
13.3003
12.366
11.4993
10.6961
9.96011
9.28645
8.67804
8.13094
7.64826
7.22565
6.86631
6.5647
6.32538
6.14153
6.01721
5.94444
5.92725
5.95786
6.0398
6.1645
6.33728
6.55
6.80751
7.10196
7.43836
7.80768
8.21459
8.64824
9.11153
9.59249
10.0928
10.6008
11.1167
11.6298
12.1419
12.6439
13.138
13.6173
14.0829
14.5294
14.9571
15.3601
15.7382
16.0858
16.4015
16.6806
16.9217
17.1229
17.2808
17.3882
17.4572
17.5055
17.4602
17.3696
17.2726
17.1492
17.0089
16.8556
16.687
16.4754
16.3454
16.4701
15.5936
15.4184
25.0541
27.5906
29.355
30.9633
32.3285
33.5901
34.8369
36.0738
37.2779
38.4374
39.5526
40.6263
41.6595
42.6486
43.5919
44.4864
45.3338
46.1307
46.8784
47.5741
48.2222
48.8183
49.3666
49.8622
50.3084
50.6965
51.0286
51.2945
51.496
51.6229
51.6794
51.657
51.5641
51.3938
51.1577
50.8507
50.4836
50.0506
49.5616
49.0073
48.3945
47.7082
46.9481
46.092
45.1337
44.05
42.8384
41.4879
40.0099
38.4132
36.7263
34.9661
33.16
31.316
29.4424
27.5321
25.5853
23.6046
21.6024
19.5952
17.6051
15.6561
13.7696
11.9544
10.2125
8.54682
6.9822
5.50318
4.38438
3.55845
2.72987
1.89865
1.11396
0.423779
-0.243192
-0.683244
-1.31568
-1.12238
-2.48448
0.122207
-6.44594
25.8119
24.0635
22.3593
20.7014
19.0879
17.5249
16.0085
14.5451
13.1316
11.774
10.4685
9.22138
8.02866
6.89644
5.8211
4.80785
3.85304
2.96167
2.13082
1.36464
0.659767
0.0205303
-0.556216
-1.06669
-1.51339
-1.89358
-2.20987
-2.45896
-2.64457
-2.76437
-2.82313
-2.81886
-2.75613
-2.63442
-2.45885
-2.22716
-1.94464
-1.60901
-1.22489
-0.789726
-0.309351
0.219017
0.787732
1.39717
2.03832
2.70953
3.40063
4.10846
4.82265
5.54074
6.25323
6.95902
7.65051
8.32659
8.98143
9.61414
10.2185
10.7931
11.3318
11.8327
12.2896
12.7012
13.0646
13.376
13.6292
13.838
14.0153
14.0736
14.0698
14.0625
14.0284
13.9788
13.9142
13.8332
13.7096
13.6843
13.8775
13.1043
13.2326
22.2269
18.664
20.1728
21.5667
22.7673
23.8764
24.9654
26.0466
27.1036
28.1257
29.1109
30.0635
30.985
31.8747
32.7317
33.5545
34.3439
35.0972
35.8156
36.4952
37.1375
37.7377
38.2986
38.8155
39.2906
39.718
40.0998
40.4272
40.7023
40.9163
41.0722
41.1621
41.1924
41.1578
41.0684
40.9206
40.7248
40.4763
40.1844
39.8414
39.4535
39.009
38.5092
37.9386
37.2944
36.5589
35.7298
34.7945
33.7575
32.6175
31.388
30.073
28.6877
27.2395
25.745
24.2108
22.6437
21.044
19.4194
17.7788
16.1334
14.4923
12.8679
11.2753
9.72539
8.22148
6.78981
5.42483
4.39949
3.65692
2.90771
2.14857
1.42136
0.783105
0.15933
-0.259437
-0.859546
-0.70219
-1.99355
0.400418
-5.79128
17.1471
15.6547
14.1954
12.7713
11.3802
10.0275
8.70922
7.43155
6.19131
4.99472
3.83855
2.72932
1.66385
0.648058
-0.321145
-1.23836
-2.10646
-2.92002
-3.68212
-4.38799
-5.04025
-5.634
-6.17187
-6.64988
-7.06947
-7.42736
-7.72506
-7.95932
-8.13201
-8.2411
-8.28914
-8.27493
-8.20135
-8.06861
-7.87994
-7.63509
-7.33762
-6.98678
-6.58543
-6.13208
-5.63023
-5.0783
-4.48088
-3.83809
-3.15611
-2.43789
-1.69159
-0.9218
-0.138108
0.654615
1.44703
2.23552
3.01223
3.77484
4.51705
5.23714
5.9294
6.59169
7.21813
7.80582
8.3486
8.84422
9.28976
9.67998
10.0103
10.2948
10.542
10.6572
10.7057
10.7527
10.7776
10.7894
10.7911
10.7746
10.7228
10.779
11.0269
10.3532
10.6746
18.9653
10.7067
11.9025
13.0101
13.9685
14.8518
15.7136
16.57
17.4108
18.2273
19.016
19.78
20.5212
21.239
21.9339
22.6049
23.2534
23.8778
24.4801
25.0561
25.6063
26.125
26.6134
27.0654
27.483
27.8605
28.2015
28.5001
28.7615
28.9796
29.1599
29.2962
29.3947
29.45
29.4696
29.4484
29.3949
29.3035
29.1803
29.0179
28.8203
28.5766
28.288
27.9426
27.5408
27.0715
26.5366
25.9272
25.2485
24.4972
23.6797
22.7938
21.8442
20.83
19.7608
18.6509
17.5203
16.3747
15.2087
14.0121
12.7809
11.5178
10.2343
8.96055
7.74457
6.61285
5.5656
4.54732
3.77951
3.2302
2.65897
2.05235
1.46333
0.938654
0.417653
0.0662117
-0.461612
-0.305207
-1.48871
0.700445
-4.9484
9.51635
8.34567
7.19853
6.07816
4.98092
3.9124
2.86779
1.85334
0.864752
-0.091693
-1.01983
-1.91308
-2.77481
-3.59881
-4.38843
-5.1377
-5.84959
-6.51855
-7.14786
-7.73209
-8.27404
-8.7685
-9.21803
-9.61811
-9.97021
-10.2701
-10.5191
-10.7133
-10.8539
-10.9381
-10.9675
-10.9401
-10.8585
-10.722
-10.5335
-10.2934
-10.0045
-9.66721
-9.28366
-8.85354
-8.37897
-7.85933
-7.29692
-6.69209
-6.04891
-5.36986
-4.6614
-3.92821
-3.17869
-2.41872
-1.65685
-0.898673
-0.151187
0.581676
1.29497
1.98573
2.65043
3.28651
3.89025
4.45843
4.98677
5.47288
5.91447
6.3063
6.64506
6.94478
7.20858
7.3445
7.41426
7.48558
7.53642
7.57804
7.60881
7.62235
7.60119
7.69355
7.94874
7.3715
7.71429
15.0604
5.55659
6.37059
7.12279
7.77514
8.36776
8.93763
9.5002
10.0547
10.5939
11.1152
11.6187
12.1071
12.5801
13.0393
13.4837
13.9149
14.3314
14.7345
15.1204
15.489
15.8357
16.16
16.4575
16.729
16.9708
17.186
17.3727
17.536
17.675
17.7948
17.8938
17.9762
18.0386
18.0837
18.1072
18.1111
18.0909
18.0478
17.9769
17.8791
17.7483
17.5849
17.3818
17.1393
16.8525
16.523
16.1462
15.7238
15.2502
14.723
14.1329
13.4756
12.7445
11.9441
11.0977
10.2684
9.54728
9.00655
8.65037
8.39358
8.0893
7.58991
6.82524
5.84471
4.79289
3.82908
2.9846
2.40472
2.02905
1.64042
1.21619
0.810048
0.478117
0.150478
-0.0372244
-0.390422
-0.174007
-1.09591
0.763947
-3.66244
4.75298
3.96347
3.19039
2.43635
1.69902
0.982564
0.283529
-0.393365
-1.05196
-1.68748
-2.30322
-2.89406
-3.46298
-4.00492
-4.52235
-5.01033
-5.47135
-5.90098
-6.30164
-6.66934
-7.00653
-7.30976
-7.58105
-7.81741
-8.02045
-8.18741
-8.31934
-8.41372
-8.47129
-8.49025
-8.47165
-8.41419
-8.31967
-8.18811
-8.02205
-7.8224
-7.59199
-7.33207
-7.04483
-6.73117
-6.3921
-6.02779
-5.63871
-5.225
-4.78763
-4.32809
-3.84928
-3.35459
-2.849
-2.33775
-1.82645
-1.32068
-0.824681
-0.342705
0.123446
0.571218
1.00053
1.40987
1.79876
2.16478
2.50593
2.8195
3.10308
3.3497
3.55639
3.73507
3.88681
3.93613
3.9448
3.96131
3.97246
3.98751
4.01157
4.03514
4.04672
4.16858
4.45017
4.02933
4.1773
9.97949
-2.20888
-1.91212
-1.61912
-1.34671
-1.09901
-0.866521
-0.633542
-0.398988
-0.163559
0.067165
0.296752
0.522419
0.747759
0.967823
1.18526
1.39489
1.59989
1.79549
1.98517
2.16445
2.33729
2.49949
2.65501
2.80026
2.93943
3.06972
3.19564
3.31517
3.43312
3.54767
3.66201
3.77348
3.88338
3.98735
4.08468
4.1704
4.24275
4.29746
4.33288
4.34562
4.33488
4.2984
4.23563
4.14551
4.03068
3.89412
3.74316
3.58696
3.44103
3.32298
3.25644
3.26218
3.36352
3.5728
3.88072
4.21042
4.41364
4.30183
3.75642
2.80803
1.67721
0.697405
0.165161
0.15184
0.45242
0.74817
0.817339
0.763459
0.750768
0.736392
0.676213
0.587508
0.50138
0.374767
0.305649
0.107702
0.242225
-0.288519
0.774852
-1.57093
-2.52407
-2.84039
-3.15535
-3.46987
-3.78028
-4.08856
-4.39038
-4.68856
-4.97891
-5.26471
-5.54166
-5.81338
-6.0755
-6.33139
-6.57633
-6.81341
-7.03767
-7.2519
-7.45104
-7.63782
-7.80749
-7.9624
-8.0981
-8.21697
-8.31475
-8.39333
-8.44861
-8.48194
-8.4892
-8.4717
-8.42564
-8.35217
-8.2483
-8.11601
-7.95376
-7.76417
-7.54678
-7.30503
-7.03918
-6.75264
-6.44519
-6.11982
-5.776
-5.4165
-5.04085
-4.65281
-4.25305
-3.84694
-3.43692
-3.02983
-2.62931
-2.2423
-1.87137
-1.52209
-1.19463
-0.892468
-0.613204
-0.358546
-0.125139
0.0863467
0.279612
0.456055
0.620116
0.771921
0.914965
1.05975
1.20408
1.29279
1.34099
1.39656
1.43741
1.46556
1.47499
1.45735
1.40235
1.36992
1.38696
1.10521
1.07841
3.50249
)
;

boundaryField
{
    inlet
    {
        type            freestreamPressure;
        freestreamValue uniform 0;
        supersonic      false;
        value           nonuniform List<scalar> 
134
(
8.89389
6.66328
4.25516
2.03539
0.255868
-1.12412
-1.94272
-2.17493
-1.85927
-0.857381
-0.108853
-0.205236
-0.384331
-0.569704
-0.774361
-1.00141
-1.25014
-1.51956
-1.81096
-2.12819
11.0258
-2.47832
-2.86538
-3.27554
-3.6692
-3.97201
-4.13855
-4.41845
-4.43762
-4.54347
-5.56533
-5.07412
-5.10447
-5.21406
-5.29085
-5.3212
-5.33566
-5.38335
-5.53455
-5.69642
12.9998
14.9978
16.6691
17.5421
17.1982
14.8417
9.47424
-6.3648
-6.31236
-6.16994
-6.06423
-5.97181
-5.86257
-5.73815
-5.60345
-5.45842
-5.30091
-5.1328
-4.9551
-4.76968
-4.57579
-4.37412
-4.16319
-3.94202
-3.70704
-3.45742
-3.26573
-3.07811
-2.87474
-2.66254
-2.43901
-2.18986
-1.86982
-1.38286
-0.592646
4.4027
8.5594
12.5451
16.0875
19.2873
22.153
24.4874
26.2264
27.4599
28.2444
28.6915
28.914
29.0123
29.0638
29.1842
29.5568
30.2499
30.9843
31.5579
32.0063
32.3799
32.6865
32.9121
33.05
33.1048
33.0886
33.029
32.9818
33.0952
33.5816
34.8794
35.4078
34.6962
33.8583
33.2642
32.7541
32.1884
31.5686
30.9246
30.2651
29.5791
28.8626
28.1077
27.3139
26.4708
25.573
24.6044
23.5486
22.3846
21.0015
19.8536
18.6586
17.2649
15.69
13.9234
11.8841
9.44074
6.25808
2.19767
)
;
    }
    outlet
    {
        type            freestreamPressure;
        freestreamValue uniform 0;
        supersonic      false;
        value           nonuniform List<scalar> 
160
(
-0.0417492
-0.0475573
-0.0362217
-0.0533378
-0.0307309
-0.0590399
-0.0256017
-0.0646774
-0.020923
-0.0701784
-0.0165167
-0.0755783
-0.0120853
-0.0807948
-0.00761014
-0.0858798
-0.00310752
-0.090756
0.00131363
-0.0954842
0.00571911
-0.0999871
0.0100536
-0.104332
0.0143835
-0.108441
0.0186122
-0.112377
0.0227883
-0.116059
0.0268112
-0.119544
0.0307397
-0.122749
0.0344815
-0.125726
0.0381014
-0.128393
0.0415133
-0.130803
0.0447912
-0.13288
0.0478544
-0.13467
0.0507782
-0.136106
0.0534936
-0.137235
0.0560799
-0.137992
0.0584846
-0.138418
0.0607923
-0.138451
0.0629652
-0.138122
0.0650936
-0.137372
0.0671422
-0.136231
0.0691703
-0.134646
0.0711275
-0.132645
0.0730367
-0.13019
0.074817
-0.127323
0.076456
-0.124026
0.077862
-0.120352
0.0790059
-0.116298
0.0798114
-0.111925
0.0802523
-0.107241
0.0802707
-0.102303
0.0798574
-0.0971105
0.0789764
-0.0917119
0.0776229
-0.0861018
0.0757835
-0.0803246
0.0735109
-0.0743762
0.0708626
-0.0683151
0.0679733
-0.062153
0.0650051
-0.0559692
0.0622313
-0.0497979
0.0599653
-0.043735
0.0586293
-0.0378273
0.0585829
-0.0321677
0.0602113
-0.0267844
0.0636909
-0.0217483
0.0688287
-0.0170534
0.0742946
-0.0127414
0.0775606
-0.00877168
0.0753648
-0.00516298
0.0655578
-0.00186264
0.0485767
0.00112407
0.0283852
0.00385387
0.0111085
0.00635025
0.00205836
0.00867972
0.00222833
0.0108478
0.00768566
0.012908
0.0127977
0.0150111
0.0139005
0.0171307
0.0128906
0.0184742
0.0125404
0.0192286
0.0121493
0.0201143
0.0110268
0.0208064
0.0094716
0.0213382
0.00799694
0.0216194
0.00592184
0.0215263
0.00479035
0.020897
0.00169401
0.0206094
0.00373587
0.0210964
-0.00430945
0.0170616
0.0119357
0.016832
-0.0225416
0.0552714
)
;
    }
    walls
    {
        type            zeroGradient;
    }
    frontAndBack
    {
        type            empty;
    }
}


// ************************************************************************* //
