/*--------------------------------*- C++ -*----------------------------------*\
  =========                 |
  \\      /  F ield         | OpenFOAM: The Open Source CFD Toolbox
   \\    /   O peration     | Website:  https://openfoam.org
    \\  /    A nd           | Version:  12
     \\/     M anipulation  |
\*---------------------------------------------------------------------------*/
FoamFile
{
    format      ascii;
    class       volScalarField;
    location    "400";
    object      omega;
}
// * * * * * * * * * * * * * * * * * * * * * * * * * * * * * * * * * * * * * //

dimensions      [0 0 -1 0 0 0 0];

internalField   nonuniform List<scalar> 
10720
(
0.966263
0.967337
0.966561
0.971141
0.973316
0.975659
0.979055
0.982252
0.985428
0.98884
0.991811
0.994784
0.998103
1.00134
1.00486
1.00897
1.01405
1.02137
1.23251
49.4489
72.1324
86.232
90.4415
89.7485
87.886
87.9757
91.3814
98.4528
110.973
131.447
164.023
204.604
192.518
154.318
138.781
144.978
195.504
224.525
248.43
0.966635
0.968833
0.96665
0.970377
0.973564
0.977334
0.990984
0.999163
1.00709
1.01532
1.02404
1.03281
1.04162
1.05033
1.05928
1.06857
1.07828
1.08864
1.09989
1.11219
1.12559
1.14043
1.15667
1.17372
1.19136
1.20973
1.23821
46.1236
69.0223
85.6933
97.3962
104.863
108.811
109.986
109.11
106.895
104.214
102.182
101.735
4.01152
4.03555
4.07376
4.11828
4.16534
4.22189
4.28463
4.35047
4.42305
4.49962
4.58121
4.63294
4.64104
4.58346
4.4642
4.31584
4.1987
4.22175
4.81432
102.722
197.501
161.979
70.0635
48.8775
40.5982
38.0602
38.7296
41.5522
45.2745
49.2837
53.7035
60.8519
65.2296
62.6803
115.951
211.714
96.6643
70.0815
79.2954
3.98532
3.9706
3.94803
3.93429
3.92337
3.91979
3.9507
3.98559
4.0243
4.06866
4.11873
4.17196
4.22692
4.28391
4.34036
4.39709
4.45367
4.51106
4.57003
4.6326
4.70117
4.78304
4.8805
5.00182
5.15372
5.34083
5.5807
7.81268
12.616
19.222
26.725
34.3917
41.76
48.6514
55.1416
61.6832
68.068
71.0731
66.5882
3.30911
3.31374
3.32101
3.33016
3.3401
3.35243
3.36643
3.38188
3.40003
3.42098
3.4456
3.47562
3.5181
3.58785
3.68238
3.79063
3.89237
4.00587
4.30476
42.0307
129.066
201.324
169.253
80.6688
46.1176
35.7759
31.5708
31.6125
32.5539
33.8188
37.2004
43.2383
51.7019
46.7653
151.859
143.48
62.2432
49.6402
58.252
3.30539
3.30354
3.30136
3.3014
3.30383
3.31139
3.32685
3.34463
3.36325
3.38221
3.40105
3.41921
3.43822
3.46559
3.49933
3.53878
3.58382
3.63464
3.69169
3.74669
3.79476
3.84154
3.89116
3.94546
4.0026
4.06403
4.13383
4.21696
4.33847
4.61773
5.29779
6.58654
8.58753
11.2533
14.4294
17.8267
21.1734
23.1641
22.9864
3.16869
3.17299
3.17979
3.18734
3.19616
3.20624
3.21704
3.22873
3.24222
3.25738
3.27439
3.29345
3.31482
3.34404
3.3869
3.45127
3.54664
3.68234
3.91031
17.5122
63.082
132.616
180.456
158.226
82.2366
48.9393
33.1172
28.8561
28.3062
28.8238
32.4286
40.8143
49.5974
47.8667
143.706
100.74
47.8001
45.0273
60.3049
3.1647
3.16244
3.16025
3.16006
3.16256
3.1722
3.1851
3.20173
3.2212
3.24376
3.26919
3.29743
3.32869
3.36318
3.4011
3.44288
3.48895
3.53982
3.5962
3.65892
3.72821
3.80361
3.88561
3.97624
4.04671
4.09908
4.13922
4.17096
4.19648
4.21472
4.23074
4.25866
4.33138
4.49911
4.82102
5.30627
5.92095
6.25793
6.61819
3.12764
3.13268
3.14021
3.14869
3.1585
3.16989
3.18238
3.19611
3.21129
3.22787
3.24616
3.26635
3.28873
3.31401
3.34344
3.38067
3.43371
3.5168
3.66334
8.907
30.6993
74.1805
127.648
160.724
138.158
78.1547
43.5619
29.6127
27.0297
27.0962
31.8121
40.2339
47.4244
60.2948
123.656
76.3952
40.7791
44.8217
60.0117
3.12349
3.12076
3.11851
3.11803
3.12062
3.13141
3.14448
3.16012
3.17856
3.20008
3.22438
3.25141
3.28136
3.31446
3.35081
3.39096
3.4352
3.48416
3.53838
3.59878
3.65903
3.70884
3.75049
3.78363
3.80638
3.81889
3.82284
3.82086
3.8152
3.80687
3.79856
3.7917
3.78503
3.77892
3.77561
3.77236
3.76472
3.7084
3.91906
3.09883
3.1047
3.11329
3.12247
3.13307
3.14518
3.15837
3.17285
3.18878
3.20614
3.22523
3.24628
3.26952
3.29539
3.32442
3.35751
3.39762
3.44521
3.5361
5.43049
16.052
41.3598
79.8746
121.493
141.873
117.552
65.2216
35.1403
27.9303
27.6018
32.7495
39.3959
44.3287
74.1672
103.051
61.6075
36.8672
43.5884
58.2437
3.09402
3.09043
3.08738
3.08559
3.08719
3.09659
3.1082
3.12277
3.14022
3.1607
3.18393
3.20976
3.23843
3.27013
3.30499
3.3435
3.38599
3.43302
3.48515
3.54323
3.60814
3.67827
3.73606
3.78
3.80995
3.82648
3.83201
3.82865
3.81842
3.80143
3.77915
3.75065
3.71568
3.6749
3.62864
3.57678
3.5199
3.4655
3.5948
3.07193
3.07859
3.08786
3.09772
3.10887
3.12161
3.1354
3.15052
3.16711
3.18517
3.205
3.22686
3.25093
3.27764
3.30751
3.34086
3.37883
3.42298
3.46831
4.12287
8.86023
23.4362
49.2183
82.6491
114.284
124.375
95.1485
49.3472
33.0253
31.0316
34.6911
39.1267
43.0056
76.7818
86.1029
51.8573
35.7708
41.7526
55.3763
3.06646
3.06218
3.05837
3.05526
3.05611
3.06385
3.07435
3.08793
3.10438
3.12382
3.14596
3.17058
3.19797
3.22823
3.26155
3.29837
3.33906
3.3841
3.43412
3.48986
3.55204
3.60089
3.63834
3.66515
3.68146
3.68738
3.68472
3.67471
3.65919
3.63779
3.61225
3.58347
3.55179
3.51664
3.47776
3.43396
3.38721
3.33144
3.46768
3.04626
3.05327
3.06328
3.07353
3.08516
3.09839
3.11269
3.12832
3.14549
3.16414
3.18463
3.2072
3.23205
3.25961
3.29044
3.3247
3.36305
3.40654
3.44521
3.66685
5.58762
13.2781
30.2146
54.8442
83.2719
106.803
106.933
71.7811
42.3701
36.9776
38.3754
40.5152
42.9702
70.8587
72.9801
45.0683
34.9229
39.5512
50.9846
3.03996
3.03519
3.03055
3.02615
3.02627
3.03251
3.04197
3.05454
3.06997
3.08838
3.10938
3.1328
3.15884
3.18764
3.21935
3.25443
3.29322
3.33622
3.38397
3.43725
3.49543
3.54187
3.57686
3.6016
3.61649
3.62188
3.61908
3.60935
3.59403
3.57298
3.54708
3.51667
3.48105
3.4404
3.39483
3.34409
3.29079
3.23561
3.31659
3.02071
3.02832
3.03882
3.04944
3.06142
3.07506
3.08973
3.10578
3.1234
3.14252
3.16356
3.18673
3.21227
3.24057
3.27227
3.30745
3.34669
3.39068
3.42943
3.51877
4.25549
7.934
18.1989
36.0162
58.6496
82.8664
98.9983
88.0652
58.8998
46.8221
44.5298
44.3423
42.346
62.8164
63.0411
40.1361
34.038
37.4687
46.1781
3.01416
3.0087
3.0035
2.99776
2.9971
3.00208
3.01045
3.02198
3.03636
3.05366
3.07348
3.09563
3.12027
3.14752
3.17754
3.21079
3.24755
3.28835
3.33368
3.38414
3.43242
3.46866
3.49447
3.51127
3.51964
3.52012
3.51363
3.50143
3.48459
3.46307
3.43753
3.40844
3.37594
3.33986
3.30018
3.25688
3.21143
3.15857
3.2289
2.99553
3.00342
3.01428
3.02515
3.03737
3.05127
3.06619
3.0825
3.10043
3.11991
3.14136
3.16502
3.19113
3.22011
3.25237
3.28852
3.3288
3.37334
3.41092
3.46198
3.74512
5.38664
11.0372
23.1141
40.7247
61.5173
81.949
89.2103
77.017
63.4018
53.5309
50.6585
41.9064
55.6552
55.5854
36.529
33.4891
35.9543
42.2999
2.98842
2.98258
2.97676
2.96974
2.96829
2.97211
2.97937
2.9898
3.00305
3.01917
3.03774
3.05851
3.08168
3.10728
3.13551
3.16676
3.20134
3.2397
3.2823
3.32896
3.36817
3.39651
3.41555
3.42664
3.43074
3.42816
3.41986
3.40657
3.38934
3.36793
3.34289
3.31431
3.28224
3.2461
3.20581
3.16078
3.11323
3.06039
3.09618
2.97015
2.97828
2.98941
3.00042
3.01278
3.02678
3.04178
3.05824
3.07631
3.096
3.11771
3.14171
3.16822
3.19773
3.23062
3.26761
3.30881
3.3512
3.38771
3.42662
3.54614
4.24868
7.13163
14.6088
27.6809
44.7804
64.0017
79.1891
82.8484
80.8616
66.4941
59.1269
42.0702
50.2417
50.0047
33.9371
33.3462
35.6594
40.4916
2.96272
2.95644
2.95012
2.94184
2.93961
2.94234
2.94842
2.95767
2.9697
2.98453
3.00171
3.02101
3.04255
3.06638
3.09263
3.12171
3.15386
3.18946
3.22867
3.26839
3.29715
3.31651
3.3278
3.3324
3.33138
3.32506
3.3142
3.29937
3.28151
3.26036
3.2364
3.20969
3.18055
3.14823
3.11302
3.07463
3.03443
2.98662
3.01453
2.94449
2.95283
2.96409
2.97513
2.98742
3.00137
3.01634
3.0327
3.05078
3.07047
3.09226
3.1164
3.14317
3.17305
3.20648
3.24428
3.28645
3.32612
3.36116
3.39539
3.45657
3.75561
5.14514
9.42184
18.3767
31.9991
48.5671
65.1796
74.6043
87.4863
80.4548
68.8619
46.6835
46.5644
45.8601
32.128
33.5017
35.8021
40.1511
2.93685
2.93016
2.92336
2.91388
2.91093
2.91252
2.91737
2.92534
2.93604
2.94942
2.96506
2.98271
3.00246
3.02432
3.04838
3.075
3.10431
3.13654
3.17088
3.19912
3.21817
3.22938
3.23381
3.23286
3.22755
3.21826
3.20542
3.18954
3.17112
3.15003
3.12643
3.1004
3.07199
3.04055
3.00578
2.96701
2.92564
2.87857
2.88599
2.91854
2.92694
2.93819
2.94907
2.9612
2.97489
2.98956
3.00571
3.02355
3.04303
3.06467
3.08872
3.1155
3.14553
3.17928
3.2177
3.25984
3.29639
3.32964
3.36172
3.40218
3.53554
4.1802
6.47498
12.1351
22.315
36.1764
51.4413
63.6648
80.0511
84.4296
78.1545
53.7556
44.1668
42.8242
31.7539
33.8095
36.0804
40.3531
2.91064
2.90361
2.89637
2.88573
2.88211
2.88252
2.88603
2.89261
2.90181
2.91355
2.92746
2.94324
2.96097
2.98059
3.00214
3.02584
3.05168
3.07931
3.10473
3.12182
3.13176
3.13551
3.13396
3.12832
3.11959
3.10797
3.0938
3.07735
3.05908
3.03877
3.01658
2.99258
2.9669
2.93896
2.9087
2.87593
2.84136
2.80103
2.8059
2.8921
2.90052
2.91157
2.92218
2.93389
2.94715
2.96136
2.97698
2.99433
3.01334
3.03454
3.05823
3.08473
3.11463
3.14842
3.18682
3.22437
3.25835
3.29032
3.32171
3.35568
3.42416
3.71975
4.88973
8.23097
15.2752
26.3758
39.6966
52.1461
65.1767
78.1228
82.123
63.4233
42.6889
40.6613
32.3345
34.0981
36.3023
40.4485
2.88406
2.87669
2.86901
2.85731
2.85302
2.8522
2.85427
2.85932
2.86683
2.87668
2.88859
2.90223
2.91762
2.93461
2.95316
2.97322
2.99436
3.01474
3.0283
3.03606
3.03872
3.03685
3.03108
3.02235
3.01151
2.99861
2.98383
2.96726
2.94914
2.92925
2.90765
2.88423
2.85887
2.8315
2.80163
2.7685
2.73305
2.69369
2.68759
2.86516
2.87347
2.88415
2.89427
2.90544
2.91799
2.93145
2.94634
2.96288
2.98108
3.00148
3.02438
3.05014
3.07936
3.11249
3.14725
3.18016
3.21129
3.24184
3.27279
3.30527
3.35027
3.49113
4.06675
5.92789
10.4659
18.7827
30.0315
41.4754
50.217
65.4762
77.2369
74.3963
41.7858
39.1748
32.914
34.2532
36.5106
40.4384
2.85702
2.84934
2.84122
2.82856
2.82355
2.82146
2.82197
2.82532
2.83089
2.83858
2.84814
2.85929
2.8719
2.88567
2.90044
2.91555
2.92954
2.93872
2.94382
2.94532
2.9434
2.93836
2.93045
2.92041
2.90884
2.89577
2.88122
2.86526
2.84799
2.82931
2.80921
2.78769
2.7647
2.74025
2.71405
2.68588
2.65625
2.62399
2.61937
2.83763
2.84572
2.85582
2.86532
2.87566
2.8873
2.89977
2.91349
2.92886
2.94582
2.9649
2.98635
3.01059
3.03787
3.06679
3.09483
3.12351
3.1522
3.18181
3.21292
3.24603
3.28435
3.36138
3.64255
4.63173
7.37888
13.1852
22.2109
32.381
41.0724
51.0194
67.5093
78.3951
41.4266
38.1934
33.5045
34.1298
36.7528
40.3034
2.82946
2.8215
2.81291
2.79943
2.79365
2.7902
2.78903
2.79048
2.79383
2.79897
2.80577
2.81395
2.82318
2.83278
2.84259
2.85007
2.85502
2.85776
2.8583
2.85664
2.85268
2.84643
2.83797
2.82779
2.81633
2.80361
2.78956
2.7742
2.75752
2.73945
2.71988
2.69877
2.67595
2.65149
2.62503
2.59614
2.56534
2.53289
2.5213
2.80947
2.81718
2.82654
2.83519
2.84453
2.85491
2.86599
2.87825
2.89189
2.907
2.92396
2.94278
2.96377
2.98479
3.00585
3.02775
3.05225
3.07853
3.10732
3.139
3.1737
3.21196
3.26589
3.41069
3.92113
5.4968
9.29366
16.0736
24.7534
32.9243
39.5847
56.1046
74.6343
46.1994
37.5547
34.2099
33.8388
37.2247
40.13
2.80135
2.79315
2.78406
2.76985
2.76325
2.75837
2.75536
2.75467
2.75547
2.75761
2.76112
2.76572
2.77065
2.77444
2.77742
2.7796
2.78085
2.78096
2.77972
2.77692
2.77238
2.76596
2.75768
2.74785
2.73686
2.72467
2.71129
2.69666
2.68084
2.66373
2.64535
2.62564
2.60463
2.58235
2.55871
2.53355
2.50728
2.4809
2.47178
2.78061
2.78783
2.79624
2.80388
2.81189
2.82071
2.83005
2.84018
2.85146
2.86385
2.87741
2.89095
2.90482
2.91941
2.93505
2.95215
2.9723
2.99566
3.0228
3.05416
3.08989
3.12969
3.17723
3.26391
3.52888
4.39582
6.73965
11.5097
18.5103
25.9397
32.6012
44.6201
67.5144
51.6298
37.1324
35.1846
33.877
37.9458
39.8198
2.77265
2.76425
2.75459
2.7398
2.73231
2.7259
2.72088
2.71781
2.71562
2.7142
2.71376
2.714
2.71463
2.71543
2.7161
2.71644
2.71619
2.71514
2.71304
2.70968
2.70486
2.69841
2.6903
2.68073
2.67002
2.65816
2.64513
2.63086
2.61537
2.59855
2.58038
2.56072
2.53952
2.51674
2.49234
2.46606
2.43838
2.41036
2.39544
2.75102
2.75756
2.76489
2.7713
2.77775
2.7846
2.79165
2.79911
2.80705
2.81543
2.82441
2.83403
2.84435
2.85551
2.86772
2.88125
2.8966
2.91605
2.93965
2.96813
3.00206
3.04131
3.08671
3.15003
3.2967
3.76324
5.13992
8.29864
13.5918
20.0181
26.4073
34.3297
58.2707
54.8617
38.8867
36.2579
34.9917
38.7369
39.2602
2.74331
2.73476
2.72449
2.70923
2.70077
2.69275
2.68552
2.67977
2.6753
2.672
2.66976
2.66828
2.66725
2.66649
2.66569
2.6647
2.66328
2.66124
2.65834
2.6544
2.64919
2.64259
2.63445
2.62497
2.61438
2.60273
2.58996
2.57605
2.56097
2.5447
2.52721
2.50849
2.48851
2.46736
2.44504
2.42166
2.39725
2.37423
2.36245
2.72305
2.72873
2.73472
2.73975
2.74459
2.74966
2.75482
2.76018
2.76598
2.77215
2.77881
2.78603
2.79385
2.80241
2.81187
2.82244
2.83453
2.84987
2.86878
2.89224
2.92133
2.95653
2.99829
3.05063
3.1422
3.3958
4.17435
6.15672
9.92285
15.1587
21.0163
27.8066
48.016
54.8124
41.3457
37.3261
36.8767
39.111
38.5252
2.71601
2.70769
2.69708
2.68202
2.67325
2.66446
2.65619
2.64919
2.64334
2.63853
2.63476
2.63178
2.6293
2.62714
2.62505
2.62285
2.62035
2.61736
2.61366
2.60909
2.60342
2.59651
2.58819
2.57861
2.56795
2.55627
2.5435
2.52962
2.51455
2.49828
2.48071
2.46179
2.44141
2.41949
2.39619
2.37142
2.34554
2.31985
2.30231
2.70207
2.70695
2.71179
2.71556
2.71907
2.72253
2.72599
2.72965
2.73354
2.73777
2.7424
2.74751
2.75313
2.7594
2.76643
2.77442
2.78365
2.7954
2.81002
2.82843
2.85176
2.88097
2.91687
2.96105
3.02557
3.17031
3.60131
4.78822
7.32028
11.3314
16.4286
22.7753
37.9685
51.3189
43.285
38.3383
38.219
39.0104
37.5404
2.69563
2.68748
2.67638
2.66153
2.65239
2.64286
2.6336
2.62543
2.61832
2.61214
2.60701
2.60269
2.59892
2.59552
2.59229
2.58901
2.58552
2.58164
2.57719
2.57196
2.56579
2.55849
2.54991
2.54011
2.52932
2.51754
2.50475
2.49089
2.47596
2.4599
2.44271
2.42431
2.40478
2.38406
2.36241
2.33974
2.31632
2.29448
2.28042
2.68671
2.69088
2.69465
2.69736
2.6996
2.70169
2.70372
2.70573
2.708
2.71052
2.71336
2.71661
2.72029
2.72452
2.72941
2.73511
2.74185
2.75057
2.76161
2.77566
2.79373
2.81682
2.846
2.88234
2.93117
3.02055
3.25972
3.9441
5.56178
8.4638
12.6456
18.3443
28.9986
45.1171
43.7257
39.2228
38.6176
38.3694
36.1814
2.68083
2.67284
2.66107
2.64647
2.6369
2.62664
2.61642
2.60718
2.59888
2.59146
2.58509
2.57959
2.57466
2.57018
2.56591
2.56167
2.5573
2.55261
2.54744
2.54159
2.5349
2.52717
2.51825
2.50815
2.49708
2.48507
2.47209
2.45806
2.44296
2.42671
2.40926
2.39054
2.37047
2.34898
2.32619
2.30213
2.27715
2.25202
2.2323
2.67594
2.67945
2.68227
2.68398
2.68516
2.68596
2.68663
2.68731
2.68807
2.68905
2.69029
2.69186
2.69381
2.69622
2.6992
2.70286
2.70738
2.71346
2.72142
2.7318
2.74537
2.76302
2.78576
2.8146
2.85229
2.91196
3.04849
3.43339
4.42003
6.40907
9.64918
14.5403
21.7162
37.4515
41.859
39.4062
38.5246
37.4125
34.4411
2.67058
2.66274
2.6502
2.63585
2.62581
2.61481
2.60367
2.59339
2.584
2.57543
2.56793
2.56135
2.55539
2.54992
2.54474
2.53965
2.53448
2.52907
2.52323
2.5168
2.50958
2.50142
2.49211
2.48168
2.4703
2.45806
2.44487
2.43072
2.41552
2.3993
2.38197
2.36354
2.34396
2.32333
2.30171
2.27925
2.25591
2.23367
2.21666
2.66896
2.67187
2.6738
2.67464
2.67477
2.67445
2.67395
2.67329
2.67273
2.67232
2.6721
2.67216
2.67254
2.67331
2.67456
2.67639
2.67894
2.68246
2.68782
2.69514
2.70503
2.71815
2.73536
2.75753
2.78639
2.82847
2.91041
3.12527
3.704
5.00043
7.37504
11.365
17.6395
29.6648
37.5871
38.0686
37.6287
36.1746
32.1995
2.6641
2.65642
2.64298
2.62892
2.61833
2.60661
2.59457
2.58329
2.57285
2.5632
2.55466
2.54709
2.54019
2.53385
2.52786
2.522
2.51614
2.51006
2.50361
2.49662
2.48892
2.48031
2.4706
2.45978
2.44805
2.43547
2.42199
2.40755
2.39209
2.37557
2.35791
2.33907
2.31895
2.2975
2.27477
2.25088
2.22609
2.20124
2.17932
2.66515
2.66748
2.66862
2.66861
2.66786
2.66645
2.66482
2.66305
2.66121
2.65951
2.65796
2.65663
2.65558
2.65485
2.65452
2.65469
2.65546
2.65702
2.66006
2.6647
2.67139
2.68068
2.69322
2.7097
2.73134
2.76169
2.81365
2.93503
3.26456
4.07046
5.72099
8.8054
14.0954
22.7184
31.7645
34.8907
35.3205
33.6381
29.3268
2.66077
2.65327
2.63891
2.62501
2.61389
2.60143
2.58849
2.57624
2.56481
2.55414
2.54462
2.53613
2.52837
2.52122
2.5145
2.50798
2.50147
2.4948
2.4878
2.48029
2.47211
2.46307
2.45295
2.44174
2.42965
2.41674
2.40298
2.3883
2.37266
2.35601
2.33833
2.31957
2.29973
2.27881
2.25693
2.23411
2.21048
2.1872
2.16696
2.66404
2.66585
2.66622
2.66547
2.66381
2.66144
2.65879
2.65586
2.65288
2.64999
2.6472
2.64459
2.64221
2.64009
2.63832
2.63696
2.63613
2.63595
2.63696
2.6393
2.64331
2.64941
2.6581
2.66989
2.68563
2.70751
2.74195
2.81261
2.99725
3.47807
4.56774
6.82514
11.0891
17.222
25.66
30.079
31.2853
29.4502
25.8586
2.66012
2.65283
2.6375
2.62369
2.61203
2.59882
2.58498
2.57177
2.55936
2.54771
2.53725
2.52791
2.51934
2.51146
2.5041
2.49695
2.48986
2.48265
2.47514
2.46716
2.45854
2.44908
2.43856
2.42694
2.41446
2.40119
2.38708
2.37207
2.3561
2.33913
2.32108
2.3019
2.2815
2.25984
2.23689
2.21278
2.18772
2.16235
2.13904
2.66526
2.66655
2.66622
2.66474
2.6623
2.65896
2.65531
2.65139
2.64729
2.64327
2.63931
2.63548
2.63186
2.62846
2.62535
2.62258
2.62026
2.61849
2.61769
2.61799
2.61968
2.62309
2.62859
2.63654
2.64753
2.663
2.68634
2.72913
2.83248
3.10994
3.79566
5.36007
8.62043
13.807
20.1236
24.8554
26.3166
24.5469
22.3414
2.66178
2.65472
2.6384
2.6246
2.61238
2.59841
2.58366
2.5695
2.55612
2.54351
2.53215
2.52198
2.51266
2.50413
2.49613
2.48843
2.4808
2.4731
2.46512
2.4567
2.44766
2.4378
2.42688
2.41487
2.402
2.38838
2.37395
2.35866
2.34245
2.32528
2.3071
2.28789
2.26759
2.24622
2.22382
2.20041
2.17605
2.15148
2.12869
2.66852
2.66934
2.66833
2.66618
2.66292
2.65871
2.65413
2.64916
2.64403
2.63894
2.63386
2.6289
2.62411
2.61949
2.61511
2.61103
2.60732
2.60408
2.60164
2.60012
2.5998
2.60091
2.60374
2.60854
2.61573
2.62625
2.64207
2.66892
2.72774
2.8844
3.29806
4.32668
6.68156
10.854
15.3613
20.0769
21.7612
20.7735
19.515
2.66546
2.65865
2.64133
2.62747
2.61467
2.59992
2.58423
2.56911
2.55477
2.5412
2.52897
2.51801
2.50798
2.49879
2.49024
2.48197
2.47387
2.46571
2.45731
2.44848
2.43905
2.42881
2.41751
2.40511
2.39186
2.37787
2.36309
2.34746
2.33091
2.3134
2.29486
2.27522
2.25441
2.23237
2.20902
2.18447
2.15885
2.13256
2.10761
2.6736
2.67397
2.67232
2.6695
2.66552
2.6604
2.65489
2.649
2.64282
2.63669
2.63054
2.62448
2.61857
2.6128
2.60723
2.6019
2.59689
2.59228
2.58831
2.58515
2.58301
2.5821
2.58265
2.58485
2.58896
2.59561
2.60603
2.62322
2.65764
2.74541
2.98659
3.63084
5.237
8.39877
12.3179
15.8637
17.9513
17.907
17.248
2.67095
2.66441
2.64608
2.63209
2.61869
2.60311
2.58648
2.57038
2.55507
2.54055
2.52745
2.5157
2.50497
2.49518
2.48606
2.47729
2.46873
2.46016
2.45137
2.44216
2.43236
2.42176
2.4101
2.39732
2.38369
2.36935
2.35424
2.3383
2.32148
2.30373
2.285
2.26524
2.24441
2.2225
2.19948
2.17534
2.1501
2.12409
2.0991
2.68034
2.68029
2.67801
2.67456
2.66981
2.66386
2.65747
2.65057
2.64342
2.63628
2.62909
2.62197
2.61497
2.60809
2.60138
2.59487
2.58862
2.58271
2.57726
2.5726
2.56883
2.56613
2.56472
2.56472
2.5663
2.56987
2.57626
2.58719
2.60798
2.65766
2.79516
3.18208
4.2191
6.46898
9.65221
12.453
14.5207
15.2288
15.0403
2.67808
2.67182
2.65247
2.63831
2.62427
2.60784
2.59022
2.57311
2.55681
2.54133
2.52736
2.51484
2.50342
2.49302
2.48336
2.47412
2.46513
2.45617
2.447
2.43745
2.42733
2.41639
2.40437
2.39121
2.37721
2.3625
2.34704
2.33077
2.31361
2.29552
2.27644
2.2563
2.23501
2.2125
2.18867
2.16357
2.13723
2.10987
2.08327
2.68862
2.68815
2.68528
2.68119
2.67573
2.66889
2.66161
2.65381
2.64565
2.6375
2.62929
2.62113
2.61308
2.60512
2.5973
2.58965
2.58222
2.57508
2.56834
2.56227
2.55698
2.55266
2.54947
2.54757
2.54701
2.54807
2.55133
2.55789
2.57063
2.59944
2.67732
2.90241
3.53949
5.04419
7.44743
9.90275
11.4883
12.3866
12.6162
2.68673
2.68076
2.6604
2.64599
2.63129
2.61397
2.59531
2.57717
2.55986
2.5434
2.52854
2.51525
2.50314
2.49214
2.48196
2.47226
2.46286
2.45352
2.44401
2.43415
2.4237
2.41243
2.40006
2.38652
2.37214
2.35708
2.34128
2.32469
2.30725
2.2889
2.2696
2.24928
2.22789
2.2054
2.18173
2.15683
2.13068
2.10329
2.07647
2.69835
2.69749
2.69402
2.68932
2.6831
2.67544
2.66726
2.65848
2.64935
2.64021
2.63099
2.6218
2.61271
2.60369
2.59479
2.58603
2.57746
2.56914
2.56117
2.55377
2.54708
2.54128
2.53652
2.53294
2.53054
2.52949
2.53024
2.53355
2.54116
2.55837
2.60303
2.73158
3.10725
4.05732
5.74687
7.71883
9.22891
9.93111
9.93572
2.6968
2.69114
2.66977
2.65507
2.63965
2.6214
2.60167
2.58244
2.56408
2.54662
2.53086
2.51678
2.50398
2.49239
2.48169
2.47153
2.46173
2.45204
2.44222
2.43203
2.42127
2.40968
2.39695
2.38304
2.36829
2.35287
2.33674
2.31982
2.30205
2.28338
2.26375
2.24307
2.22128
2.19827
2.17394
2.14827
2.1212
2.09278
2.06473
2.70947
2.70822
2.70418
2.69885
2.69192
2.68335
2.67427
2.66457
2.65443
2.64429
2.63405
2.62383
2.61371
2.60364
2.59367
2.58382
2.57414
2.56467
2.55551
2.54686
2.53885
2.53167
2.52547
2.52039
2.51639
2.51354
2.51218
2.51293
2.51695
2.52728
2.55355
2.62695
2.84212
3.41259
4.52462
5.98616
7.27757
8.03724
8.2199
2.70825
2.70289
2.68052
2.66547
2.6493
2.63005
2.6092
2.58885
2.5694
2.5509
2.53421
2.51933
2.50583
2.49364
2.48242
2.47182
2.46162
2.45157
2.44143
2.43094
2.41987
2.40794
2.39487
2.38059
2.36547
2.3497
2.33323
2.31599
2.29793
2.27899
2.25911
2.23824
2.21629
2.19322
2.16893
2.14332
2.11631
2.08774
2.05947
2.72195
2.72034
2.7157
2.70976
2.70205
2.69263
2.68264
2.67193
2.66079
2.64964
2.63838
2.62713
2.61597
2.60485
2.59383
2.5829
2.57211
2.56152
2.5512
2.54133
2.53207
2.52359
2.51605
2.50961
2.50417
2.49973
2.49657
2.49519
2.49647
2.50233
2.51816
2.56079
2.68253
3.01192
3.70238
4.71024
5.72213
6.43505
6.74045
2.72104
2.71597
2.69262
2.67716
2.6602
2.63991
2.61787
2.59633
2.57575
2.55617
2.53852
2.52282
2.50861
2.4958
2.48406
2.47299
2.4624
2.452
2.44153
2.43074
2.41934
2.40711
2.39369
2.37904
2.36355
2.34743
2.33062
2.31306
2.29469
2.27544
2.25525
2.23406
2.21176
2.18826
2.16344
2.13721
2.10947
2.08012
2.05088
2.73579
2.73382
2.7286
2.722
2.71355
2.70319
2.69225
2.68058
2.66839
2.6562
2.64389
2.6316
2.6194
2.60722
2.59513
2.58313
2.57125
2.55954
2.54809
2.53703
2.52655
2.51684
2.50804
2.50032
2.49357
2.4877
2.48293
2.4797
2.47871
2.4813
2.49069
2.51606
2.58535
2.77106
3.17993
3.83264
4.56779
5.17249
5.52368
2.73516
2.73038
2.70605
2.69014
2.67232
2.65092
2.62764
2.60486
2.58309
2.56238
2.54373
2.52718
2.51224
2.49878
2.48652
2.47497
2.46398
2.4532
2.44243
2.43129
2.41964
2.40708
2.39331
2.37828
2.36241
2.34593
2.32878
2.3109
2.29222
2.27269
2.25225
2.23083
2.20835
2.18473
2.15986
2.13361
2.10585
2.07631
2.04693
2.75099
2.74867
2.74285
2.73561
2.72633
2.71507
2.70315
2.69041
2.67718
2.66393
2.65056
2.63719
2.62392
2.61068
2.59751
2.58443
2.57145
2.55863
2.54605
2.53382
2.52216
2.51125
2.50125
2.49233
2.48436
2.47716
2.47092
2.46602
2.46303
2.46297
2.46795
2.48315
2.52334
2.62747
2.86174
3.26331
3.76429
4.23551
4.56877
2.75062
2.74611
2.72083
2.7044
2.68568
2.66311
2.63849
2.61441
2.59138
2.56949
2.54981
2.53237
2.51663
2.50256
2.48969
2.4777
2.46625
2.45516
2.444
2.4326
2.4206
2.40773
2.39363
2.37821
2.36196
2.34512
2.32763
2.30942
2.29043
2.2706
2.24987
2.22816
2.20537
2.1814
2.1561
2.12936
2.10102
2.0709
2.04074
2.76758
2.76491
2.75848
2.75056
2.74048
2.72821
2.71528
2.70151
2.68715
2.67281
2.65832
2.64385
2.6295
2.61516
2.6009
2.58672
2.57263
2.5587
2.545
2.53163
2.5188
2.50672
2.49555
2.48548
2.47635
2.46791
2.46029
2.45383
2.44901
2.44664
2.44819
2.45679
2.48038
2.53928
2.67144
2.90942
3.23319
3.57591
3.8572
2.76746
2.76319
2.73698
2.71997
2.70028
2.67646
2.65045
2.62498
2.60063
2.5775
2.55672
2.53834
2.52182
2.50702
2.4936
2.48108
2.46924
2.45773
2.44626
2.43452
2.42222
2.40904
2.39457
2.37876
2.36212
2.34491
2.32707
2.30853
2.28922
2.26911
2.2481
2.22614
2.20315
2.17901
2.15361
2.12679
2.09838
2.06805
2.03785
2.78561
2.7826
2.77553
2.76692
2.75595
2.74269
2.72871
2.71378
2.69829
2.68281
2.66718
2.65157
2.63609
2.62063
2.60525
2.58994
2.57474
2.55968
2.54484
2.53033
2.51635
2.50311
2.49081
2.47964
2.46939
2.45976
2.45083
2.4429
2.43637
2.43189
2.43054
2.43436
2.4478
2.48142
2.55583
2.69372
2.89484
3.13002
3.3465
2.78571
2.78167
2.75454
2.73688
2.71617
2.69102
2.66351
2.63657
2.61082
2.58638
2.56445
2.5451
2.52771
2.5122
2.49817
2.48514
2.47285
2.46096
2.44914
2.43707
2.42446
2.41092
2.39609
2.37989
2.36286
2.34527
2.32706
2.30818
2.28856
2.26813
2.24684
2.2246
2.20133
2.17689
2.15115
2.12394
2.09508
2.06428
2.03345
2.80514
2.80177
2.79407
2.7847
2.77286
2.7585
2.7434
2.72734
2.71062
2.69395
2.67713
2.66033
2.64368
2.62705
2.61052
2.59406
2.57771
2.5615
2.54551
2.52986
2.51472
2.50034
2.48692
2.47467
2.46334
2.45258
2.4424
2.43308
2.42492
2.41847
2.41453
2.41452
2.42108
2.43984
2.48167
2.56058
2.68189
2.83617
2.99203
2.80545
2.80159
2.77357
2.7552
2.73338
2.70681
2.67772
2.64922
2.62199
2.59616
2.57302
2.55262
2.53434
2.51807
2.50342
2.48984
2.47709
2.46479
2.4526
2.44019
2.42724
2.41338
2.39818
2.38156
2.3641
2.34611
2.32752
2.30828
2.28832
2.26758
2.246
2.2235
2.19999
2.17536
2.14947
2.12213
2.09316
2.06216
2.03136
2.82625
2.82253
2.81414
2.80401
2.7912
2.77574
2.75947
2.74214
2.72417
2.70625
2.68817
2.67014
2.65227
2.63443
2.6167
2.59905
2.58152
2.56413
2.54697
2.53015
2.51384
2.49832
2.48379
2.47048
2.45812
2.44625
2.43487
2.4242
2.41451
2.4062
2.39991
2.39664
2.39807
2.40733
2.43014
2.47458
2.54601
2.64326
2.74889
2.82675
2.82303
2.79415
2.77499
2.75198
2.7239
2.69311
2.66295
2.63416
2.60685
2.58241
2.56093
2.5417
2.52464
2.50932
2.49517
2.48194
2.46922
2.45664
2.44387
2.43057
2.41636
2.40076
2.3837
2.36581
2.34739
2.3284
2.30879
2.28849
2.26743
2.24555
2.22278
2.199
2.1741
2.14792
2.12027
2.09093
2.05956
2.02822
2.84903
2.84494
2.83585
2.8249
2.8111
2.79442
2.77691
2.75831
2.73898
2.71974
2.70034
2.681
2.66185
2.64275
2.62378
2.6049
2.58614
2.56754
2.54918
2.53116
2.51367
2.49701
2.48137
2.46701
2.45362
2.44068
2.42815
2.4162
2.40503
2.39498
2.38653
2.3804
2.3777
2.38028
2.39121
2.41499
2.4555
2.51438
2.58246
2.8497
2.84608
2.81634
2.79633
2.77205
2.74234
2.70976
2.67783
2.64736
2.61848
2.59269
2.57003
2.54981
2.5319
2.51588
2.50113
2.48739
2.47422
2.46124
2.44809
2.43443
2.41983
2.40381
2.3863
2.36792
2.34906
2.32966
2.30966
2.289
2.26761
2.24542
2.22236
2.19833
2.1732
2.14684
2.11902
2.08953
2.05795
2.02668
2.8736
2.86914
2.85928
2.84748
2.8326
2.81467
2.79585
2.77583
2.7551
2.73446
2.71367
2.69296
2.67246
2.65204
2.63176
2.61159
2.59156
2.57171
2.55211
2.53287
2.51418
2.49635
2.4796
2.4642
2.4498
2.43581
2.42215
2.40896
2.3964
2.38472
2.37428
2.3656
2.35945
2.35696
2.35984
2.37059
2.39168
2.42504
2.46594
2.87442
2.87085
2.84028
2.81931
2.79367
2.76224
2.72772
2.6939
2.66164
2.6311
2.60384
2.57996
2.55867
2.53988
2.52311
2.50773
2.49344
2.47979
2.46639
2.45284
2.43879
2.42379
2.40733
2.3893
2.37044
2.35113
2.3313
2.31091
2.28987
2.26813
2.24563
2.22228
2.19797
2.17259
2.14596
2.11786
2.08807
2.05617
2.02444
2.90008
2.89522
2.88458
2.87185
2.85585
2.83655
2.81632
2.79486
2.7726
2.75047
2.72821
2.70604
2.68413
2.66231
2.64066
2.61915
2.5978
2.57664
2.55575
2.53526
2.51535
2.49633
2.47845
2.462
2.4466
2.43159
2.41682
2.40245
2.38856
2.37535
2.36309
2.35214
2.34303
2.33648
2.33347
2.33541
2.34378
2.36013
2.38221
2.90105
2.89746
2.86607
2.84407
2.81695
2.78366
2.74709
2.71125
2.67708
2.64476
2.61595
2.59074
2.56833
2.54859
2.53103
2.51497
2.50011
2.48596
2.47211
2.45814
2.44366
2.42824
2.41129
2.39276
2.37339
2.3536
2.33331
2.31249
2.29105
2.26894
2.2461
2.22244
2.19785
2.17221
2.14535
2.11705
2.08708
2.05493
2.02329
2.92861
2.92335
2.91186
2.89817
2.88094
2.86021
2.83849
2.81543
2.79157
2.76786
2.74403
2.72032
2.69691
2.67362
2.65053
2.6276
2.60485
2.58233
2.56011
2.53831
2.51714
2.49691
2.47788
2.46038
2.44399
2.42796
2.41213
2.3966
2.38146
2.36682
2.35288
2.3399
2.32824
2.31834
2.31079
2.3064
2.30603
2.31069
2.31948
2.92972
2.92605
2.89387
2.87072
2.84202
2.80674
2.76795
2.72995
2.69373
2.65951
2.62905
2.60244
2.57881
2.55806
2.53966
2.52289
2.50742
2.49273
2.4784
2.46397
2.44906
2.43317
2.41572
2.39664
2.37673
2.35642
2.33566
2.31438
2.29253
2.27004
2.24684
2.22286
2.19798
2.17207
2.14496
2.1164
2.08614
2.05371
2.02167
2.95938
2.95368
2.9413
2.92657
2.90806
2.88576
2.86243
2.83771
2.81211
2.78671
2.7612
2.73585
2.71085
2.68599
2.66137
2.63695
2.61275
2.5888
2.56518
2.54203
2.51955
2.49807
2.47788
2.45932
2.44193
2.4249
2.40803
2.3914
2.37505
2.35907
2.3436
2.32881
2.31492
2.30221
2.29104
2.28184
2.27511
2.27149
2.27097
2.96062
2.95679
2.92383
2.89942
2.86902
2.83159
2.79043
2.75011
2.7117
2.67543
2.6432
2.61508
2.59018
2.56835
2.54905
2.53151
2.51538
2.50013
2.48528
2.47037
2.45498
2.4386
2.42062
2.40096
2.38046
2.35961
2.33834
2.3166
2.2943
2.2714
2.24783
2.22349
2.19829
2.17209
2.14472
2.11592
2.08545
2.05274
2.02077
2.99258
2.98642
2.97309
2.95724
2.93732
2.91338
2.88832
2.86176
2.83433
2.80712
2.77982
2.75272
2.72602
2.6995
2.67326
2.64726
2.62151
2.59606
2.57099
2.54642
2.52258
2.49981
2.47842
2.45879
2.44041
2.4224
2.4045
2.3868
2.3693
2.35207
2.3352
2.31877
2.30293
2.28785
2.27371
2.26075
2.24923
2.23946
2.2321
2.99394
2.98987
2.95614
2.93035
2.89811
2.85838
2.81465
2.77182
2.73106
2.69261
2.65848
2.62876
2.60246
2.57949
2.55923
2.54087
2.52404
2.50817
2.49277
2.47735
2.46146
2.44456
2.426
2.40572
2.38461
2.36318
2.34137
2.31911
2.29635
2.27301
2.24903
2.22434
2.19881
2.17232
2.14468
2.11561
2.08487
2.05189
2.01956
3.02843
3.02177
3.00742
2.99037
2.96896
2.94321
2.91629
2.88781
2.85837
2.82922
2.79999
2.77102
2.7425
2.71421
2.68625
2.65857
2.63119
2.60415
2.57754
2.55149
2.52623
2.50214
2.47952
2.4588
2.43943
2.42042
2.40152
2.38277
2.36418
2.34577
2.32759
2.3097
2.29216
2.27505
2.25845
2.24245
2.22716
2.21271
2.2003
3.02991
3.02551
2.99101
2.9637
2.92948
2.88724
2.84076
2.79525
2.75195
2.71114
2.67497
2.64351
2.61575
2.59153
2.57024
2.55101
2.53343
2.51691
2.50092
2.48494
2.46851
2.45105
2.43189
2.41094
2.38917
2.36712
2.34473
2.32194
2.29865
2.27485
2.25045
2.22537
2.19949
2.17268
2.14474
2.11541
2.08441
2.05112
2.01883
3.06717
3.05999
3.04455
3.02621
3.00316
2.97549
2.94656
2.91595
2.88438
2.85313
2.82184
2.79085
2.76038
2.73019
2.7004
2.67093
2.64182
2.6131
2.58487
2.55726
2.53053
2.50503
2.48116
2.45932
2.43894
2.41895
2.39904
2.37928
2.35963
2.34011
2.32073
2.3015
2.28245
2.2636
2.24493
2.22646
2.20818
2.19002
2.17368
3.06877
3.06395
3.02869
2.9997
2.96332
2.9184
2.86892
2.8205
2.77448
2.73113
2.69275
2.65944
2.63008
2.60454
2.58214
2.56197
2.54359
2.52636
2.50975
2.49317
2.47617
2.45811
2.43829
2.41663
2.39416
2.37144
2.34844
2.32504
2.30123
2.27693
2.25209
2.22661
2.20037
2.17323
2.14501
2.11539
2.08411
2.05054
2.01792
3.1091
3.10136
3.08475
3.06501
3.04022
3.01042
2.97931
2.94644
2.91253
2.87902
2.8455
2.81235
2.77978
2.74756
2.71579
2.68442
2.65347
2.62297
2.59302
2.56377
2.53548
2.50854
2.48334
2.46036
2.43894
2.41796
2.39706
2.3763
2.35563
2.33505
2.31453
2.2941
2.27371
2.25333
2.23292
2.21239
2.19166
2.17053
2.15114
3.11082
3.1055
3.06943
3.03862
2.9999
2.95204
2.89934
2.84778
2.79879
2.7527
2.71195
2.67662
2.64556
2.61858
2.59499
2.5738
2.55456
2.53658
2.51928
2.50207
2.48445
2.46575
2.44523
2.42281
2.39958
2.37616
2.35247
2.32848
2.3041
2.2793
2.25398
2.22807
2.20144
2.17396
2.14541
2.11549
2.08392
2.04999
2.01737
3.15455
3.14622
3.12833
3.10708
3.08037
3.0483
3.01483
2.97946
2.94304
2.90708
2.87114
2.83564
2.80083
2.76642
2.73254
2.69913
2.66621
2.63381
2.60205
2.57106
2.54113
2.51267
2.4861
2.46192
2.43945
2.41745
2.39555
2.3738
2.35214
2.33053
2.30897
2.2874
2.2658
2.2441
2.22219
2.19992
2.17718
2.15362
2.13176
3.15639
3.15052
3.11352
3.08072
3.03946
2.98843
2.93222
2.87724
2.82506
2.776
2.73267
2.69517
2.66224
2.63373
2.60885
2.58656
2.56639
2.5476
2.52957
2.51167
2.49337
2.47398
2.45271
2.42947
2.40543
2.38125
2.35687
2.33222
2.30725
2.28188
2.25606
2.22969
2.20266
2.17482
2.14594
2.11572
2.08384
2.04961
2.01667
3.20389
3.19491
3.17566
3.15277
3.12399
3.08941
3.05335
3.0153
2.97613
2.9375
2.89895
2.86091
2.82366
2.7869
2.75075
2.71516
2.68013
2.64571
2.61201
2.57918
2.54752
2.51748
2.48948
2.46405
2.44048
2.41745
2.39454
2.3718
2.34915
2.32655
2.30397
2.28137
2.25866
2.23577
2.21256
2.18882
2.16437
2.13878
2.11495
3.20586
3.19938
3.16131
3.12638
3.08234
3.02783
2.96781
2.90912
2.85346
2.80117
2.75504
2.71518
2.68025
2.65005
2.62378
2.60031
2.57912
2.55945
2.54063
2.52199
2.50297
2.48284
2.46075
2.43663
2.41172
2.38674
2.36159
2.33625
2.31062
2.28466
2.25831
2.23147
2.20401
2.17578
2.14655
2.116
2.08379
2.04916
2.0162
3.25756
3.2479
3.22716
3.20248
3.17142
3.13412
3.09523
3.05421
3.01206
2.97053
2.92913
2.88835
2.84847
2.80916
2.77057
2.73262
2.69533
2.65875
2.62298
2.58819
2.55469
2.52298
2.49346
2.46674
2.44204
2.41794
2.39399
2.37025
2.34662
2.32306
2.29951
2.27592
2.2522
2.22824
2.20386
2.17884
2.15295
2.12566
2.1002
3.25966
3.25251
3.21323
3.17595
3.12888
3.07059
3.00638
2.94366
2.88419
2.82838
2.7792
2.73678
2.69965
2.66763
2.63985
2.61509
2.59281
2.57218
2.5525
2.53306
2.51326
2.49232
2.46935
2.44429
2.41845
2.39259
2.36664
2.34054
2.31422
2.28762
2.26071
2.23334
2.20544
2.1768
2.14721
2.11631
2.08377
2.04882
2.01556
3.31607
3.30565
3.28331
3.25667
3.22312
3.18281
3.14082
3.09659
3.05114
3.00644
2.96195
2.91818
2.87543
2.83336
2.79213
2.75165
2.71193
2.67302
2.63504
2.59816
2.56271
2.52921
2.49811
2.47003
2.44415
2.41893
2.39393
2.36916
2.34455
2.32002
2.29553
2.27099
2.24632
2.22137
2.19597
2.16982
2.14267
2.11391
2.08712
3.3183
3.3104
3.26974
3.22991
3.1795
3.11704
3.04827
2.98113
2.91751
2.85784
2.80533
2.76008
2.72056
2.68656
2.65712
2.63096
2.60749
2.58582
2.56521
2.5449
2.52425
2.50243
2.47852
2.45243
2.42559
2.3988
2.37198
2.34507
2.31801
2.29075
2.26321
2.23532
2.20691
2.17786
2.14788
2.11662
2.08372
2.04833
2.01498
3.37998
3.36877
3.34468
3.31588
3.27957
3.23598
3.19057
3.14276
3.09374
3.04556
2.99768
2.95065
2.90479
2.85972
2.81563
2.7724
2.73006
2.68865
2.64829
2.60918
2.57165
2.53625
2.50346
2.47395
2.44683
2.42047
2.39435
2.36855
2.34292
2.31744
2.29201
2.26656
2.24098
2.21512
2.18876
2.1616
2.13335
2.10332
2.0754
3.38234
3.37361
3.3314
3.28875
3.23466
3.16764
3.09384
3.02184
2.95366
2.88975
2.83356
2.78523
2.74307
2.70689
2.67565
2.64796
2.62319
2.6004
2.57877
2.55751
2.53594
2.51318
2.48824
2.46105
2.43313
2.40533
2.37758
2.34981
2.32197
2.29398
2.2658
2.23731
2.20841
2.17888
2.1485
2.11685
2.08358
2.04781
2.01422
3.45
3.43792
3.41191
3.38073
3.3414
3.29414
3.24496
3.19324
3.14024
3.08825
3.03666
2.98605
2.93679
2.88847
2.84125
2.79505
2.74987
2.70576
2.66285
2.62134
2.58158
2.54417
2.50959
2.47857
2.45015
2.42258
2.39532
2.36843
2.34178
2.31531
2.28896
2.26261
2.23615
2.20941
2.18217
2.15408
2.12484
2.09366
2.06479
3.45247
3.44283
3.39885
3.35308
3.29493
3.22284
3.14351
3.06617
2.99295
2.92435
2.86411
2.81235
2.76731
2.72873
2.6955
2.66614
2.63994
2.61591
2.59318
2.57089
2.54831
2.52453
2.49848
2.4701
2.44102
2.41214
2.38339
2.35472
2.32603
2.29728
2.26841
2.23931
2.20984
2.17985
2.14901
2.11696
2.08329
2.04708
2.01333
3.52691
3.51389
3.48577
3.45196
3.40925
3.35795
3.30458
3.2485
3.19114
3.13494
3.07926
3.02473
2.97175
2.91985
2.86924
2.8198
2.77153
2.7245
2.67883
2.63473
2.59259
2.55302
2.51655
2.48392
2.45413
2.42529
2.39684
2.36883
2.34112
2.31365
2.28635
2.2591
2.23178
2.20421
2.17612
2.14718
2.11701
2.0848
2.0551
3.52949
3.51881
3.47283
3.4236
3.36093
3.28323
3.19776
3.11452
3.03572
2.96191
2.89714
2.8416
2.79334
2.75212
2.7167
2.6855
2.65775
2.63237
2.60843
2.58502
2.56135
2.53646
2.50921
2.47955
2.44921
2.41918
2.38937
2.35972
2.33014
2.30058
2.27098
2.24123
2.21119
2.18065
2.14936
2.11688
2.08282
2.04619
2.01222
3.61165
3.5976
3.56718
3.53044
3.48397
3.42813
3.3701
3.30921
3.24698
3.18612
3.12593
3.06708
3.00999
2.95418
2.89985
2.84686
2.79523
2.74502
2.69636
2.64949
2.60477
2.56289
2.52439
2.49006
2.45881
2.42864
2.39894
2.36975
2.34095
2.31245
2.28418
2.25603
2.22785
2.19945
2.17057
2.1408
2.10978
2.07661
2.04617
3.61433
3.60249
3.55423
3.50114
3.43341
3.34945
3.25718
3.16739
3.08236
3.00271
2.93288
2.87309
2.82128
2.77712
2.7393
2.70607
2.67661
2.64976
2.6245
2.59986
2.57501
2.54891
2.52037
2.48933
2.45766
2.42639
2.39545
2.36476
2.33423
2.30382
2.27345
2.24302
2.21236
2.1813
2.14953
2.11663
2.08214
2.04503
2.01089
3.70535
3.69018
3.65719
3.61719
3.56648
3.5056
3.44235
3.37604
3.30841
3.24238
3.17718
3.11356
3.05194
2.9918
2.93337
2.87649
2.82118
2.76749
2.71559
2.66568
2.6182
2.57383
2.53315
2.49701
2.46422
2.43264
2.40162
2.37121
2.34126
2.31171
2.28245
2.25338
2.22434
2.19512
2.16545
2.13489
2.10306
2.06897
2.03788
3.70809
3.69494
3.64409
3.58666
3.51325
3.42231
3.32241
3.22532
3.13329
3.04705
2.97152
2.90699
2.85118
2.80377
2.76329
2.72783
2.6965
2.66803
2.64134
2.61537
2.58925
2.56184
2.53191
2.49939
2.46629
2.43371
2.40156
2.36977
2.33824
2.30693
2.27576
2.2446
2.21332
2.1817
2.14944
2.11607
2.08115
2.04359
2.00923
3.80934
3.79294
3.75711
3.71342
3.65796
3.59136
3.52225
3.4499
3.37621
3.3044
3.23363
3.16469
3.09804
3.0331
2.97012
2.90893
2.84956
2.79207
2.7366
2.68341
2.63292
2.58588
2.54287
2.50479
2.47037
2.4373
2.40488
2.37319
2.34205
2.3114
2.28113
2.25112
2.2212
2.19118
2.16072
2.1294
2.09678
2.06182
2.03012
3.81212
3.79747
3.74365
3.68132
3.60151
3.50268
3.39425
3.28898
3.18902
3.09527
3.01327
2.94338
2.88313
2.8321
2.78867
2.75077
2.71738
2.68716
2.65891
2.6315
2.604
2.5752
2.54377
2.50968
2.47506
2.44108
2.40765
2.3747
2.34213
2.30987
2.27785
2.24595
2.21401
2.18181
2.14902
2.11519
2.07981
2.04176
2.00722
3.92523
3.90749
3.86848
3.82061
3.75976
3.68671
3.61097
3.53178
3.45129
3.373
3.296
3.22111
3.14882
3.07851
3.01043
2.94444
2.88056
2.81886
2.75948
2.70269
2.64895
2.59902
2.55353
2.51338
2.47721
2.44256
2.4087
2.37565
2.34328
2.31148
2.28017
2.24919
2.2184
2.18755
2.15633
2.12425
2.09086
2.05506
2.0228
3.928
3.91164
3.85442
3.7865
3.69942
3.59168
3.4736
3.35913
3.25008
3.1477
3.05832
2.98238
2.91714
2.8621
2.81543
2.77485
2.73924
2.70711
2.67717
2.64822
2.61924
2.58895
2.55593
2.52016
2.48393
2.44848
2.41371
2.37954
2.34586
2.31262
2.27972
2.24704
2.21441
2.18161
2.14829
2.11395
2.07811
2.03956
2.00481
4.05498
4.03576
3.99318
3.94056
3.87356
3.79315
3.70986
3.62294
3.53473
3.44916
3.36513
3.28353
3.20486
3.12845
3.05463
2.98323
2.91431
2.84791
2.78423
2.72351
2.66622
2.61319
2.56501
2.52266
2.48465
2.44834
2.41293
2.37849
2.34482
2.31185
2.27946
2.24751
2.21582
2.18416
2.15217
2.11936
2.08522
2.0486
2.01582
4.05768
4.03935
3.9782
3.90388
3.80849
3.69059
3.56157
3.43667
3.31708
3.20471
3.10686
3.02407
2.95327
2.89379
2.84357
2.80007
2.76205
2.72786
2.69612
2.66552
2.63496
2.60309
2.56839
2.53086
2.49293
2.45593
2.41976
2.38432
2.34949
2.31522
2.2814
2.24791
2.21457
2.18114
2.14726
2.11242
2.07608
2.03703
2.00207
4.20102
4.18015
4.13353
4.07545
4.00136
3.91253
3.82062
3.72484
3.62787
3.53405
3.44205
3.35277
3.26677
3.18337
3.10297
3.02543
2.95081
2.87919
2.81072
2.74569
2.68456
2.62816
2.57712
2.53243
2.49247
2.45441
2.4174
2.3815
2.34651
2.31233
2.27885
2.24591
2.21334
2.18086
2.14812
2.11458
2.07973
2.04232
2.00906
4.20356
4.18293
4.11721
4.03549
3.93053
3.80101
3.65947
3.52268
3.39069
3.2666
3.15904
3.06853
2.99154
2.9272
2.87312
2.82648
2.78586
2.74948
2.71582
2.68347
2.65125
2.61771
2.58124
2.54185
2.50214
2.46353
2.42589
2.38912
2.3531
2.31775
2.28298
2.24864
2.21456
2.18048
2.14603
2.11065
2.07382
2.0342
1.99903
4.36631
4.3436
4.29238
4.22798
4.14571
4.04714
3.94527
3.83932
3.73231
3.6291
3.52795
3.42973
3.33515
3.24359
3.15557
3.071
2.98994
2.91246
2.83872
2.76896
2.70365
2.64364
2.58955
2.54238
2.50037
2.46049
2.42182
2.38442
2.34807
2.31267
2.27809
2.24417
2.21071
2.17744
2.14397
2.10974
2.0742
2.03604
2.00235
4.36859
4.34527
4.27419
4.18386
4.0678
3.92483
3.7689
3.61845
3.47159
3.33372
3.215
3.11584
3.03206
2.96244
2.9042
2.85419
2.81082
2.77212
2.73644
2.70225
2.66828
2.63298
2.59466
2.55333
2.51177
2.47147
2.43229
2.39413
2.35685
2.32038
2.28461
2.2494
2.21454
2.17977
2.14471
2.10877
2.07139
2.0312
1.99578
4.55465
4.5299
4.47337
4.40156
4.30972
4.19983
4.08638
3.96863
3.85004
3.73612
3.62423
3.51532
3.41048
3.30925
3.21235
3.11971
3.03139
2.9474
2.86786
2.79296
2.72314
2.65927
2.60194
2.55216
2.50801
2.46624
2.42585
2.38692
2.34919
2.31256
2.27688
2.24199
2.20767
2.17364
2.13948
2.1046
2.06842
2.02956
1.9955
4.55649
4.52995
4.45255
4.35211
4.22305
4.06444
3.89179
3.72552
3.56048
3.4063
3.2749
3.16618
3.07501
2.99972
2.93706
2.88349
2.83721
2.79607
2.75826
2.72214
2.68634
2.64921
2.60895
2.56559
2.52207
2.48
2.43922
2.3996
2.36101
2.32336
2.28654
2.25039
2.21471
2.17921
2.1435
2.10696
2.069
2.02819
1.99249
4.77079
4.74372
4.68105
4.6005
4.49739
4.37417
4.24711
4.11558
3.98353
3.85732
3.73243
3.61031
3.49291
3.38016
3.27296
3.17118
3.07478
2.98366
2.89784
2.81742
2.7428
2.67482
2.61406
2.56154
2.51515
2.47141
2.42926
2.38874
2.34962
2.31174
2.27498
2.23913
2.20397
2.1692
2.13439
2.0989
2.06215
2.02264
1.98828
4.77199
4.74161
4.65666
4.54419
4.39975
4.22274
4.03054
3.84578
3.65797
3.48458
3.33898
3.21986
3.12081
3.0395
2.97218
2.91485
2.86551
2.82181
2.78176
2.74361
2.70588
2.66682
2.62451
2.579
2.53344
2.4895
2.44701
2.40585
2.36587
2.32697
2.28903
2.25189
2.21533
2.17906
2.14264
2.10545
2.06686
2.02537
1.98936
5.02092
4.99124
4.92137
4.83034
4.71378
4.57477
4.43156
4.28373
4.13589
3.99559
3.85405
3.71495
3.5821
3.4558
3.33692
3.22507
3.11995
3.02122
2.92875
2.84251
2.76282
2.6905
2.6261
2.57067
2.52192
2.47611
2.4321
2.38995
2.34936
2.31021
2.27232
2.23551
2.19951
2.16401
2.12856
2.0925
2.05519
2.01509
1.98049
5.02119
4.9861
4.89206
4.76514
4.60235
4.40349
4.18811
3.98153
3.76442
3.56879
3.40769
3.27752
3.17012
3.08249
3.01024
2.94895
2.89637
2.84994
2.80752
2.76721
2.72743
2.68632
2.64183
2.59405
2.54629
2.50036
2.45607
2.41328
2.37181
2.33157
2.29244
2.25424
2.21673
2.17961
2.14243
2.10453
2.06525
2.023
1.98664
5.31319
5.28048
5.20205
5.09832
4.96558
4.80755
4.6449
4.47763
4.3111
4.15473
3.98992
3.82846
3.67709
3.53559
3.40415
3.2817
3.1675
3.06092
2.96156
2.86929
2.78431
2.7074
2.63907
2.58051
2.5292
2.48114
2.43512
2.39117
2.349
2.30845
2.26935
2.23146
2.19456
2.15828
2.12215
2.08549
2.04761
2.00691
1.97209
5.31209
5.27122
5.16608
5.02153
4.83647
4.61136
4.36829
4.13566
3.87969
3.65939
3.48198
3.34021
3.22407
3.1297
3.0522
2.98663
2.93058
2.88121
2.83623
2.79358
2.7516
2.70828
2.66146
2.61123
2.56115
2.5131
2.46689
2.42234
2.37929
2.33762
2.29721
2.25785
2.21931
2.18127
2.14325
2.10455
2.0645
2.02142
1.98463
5.65841
5.62224
5.53355
5.41412
5.2616
5.08042
4.89404
4.70326
4.51439
4.3399
4.13851
3.94842
3.77701
3.62003
3.47599
3.34291
3.21958
3.10505
2.99879
2.90046
2.81027
2.72895
2.65708
2.59532
2.54119
2.49053
2.44206
2.39591
2.35179
2.30939
2.26875
2.22954
2.19151
2.15427
2.11732
2.07992
2.04137
1.99995
1.96485
5.65535
5.60721
5.4883
5.32196
5.10961
4.85251
4.57585
4.31174
4.0026
3.75756
3.56354
3.40962
3.28404
3.18237
3.09909
3.02885
2.96895
2.91637
2.86858
2.8234
2.77902
2.73333
2.68404
2.63124
2.57871
2.52842
2.48017
2.43378
2.38904
2.34585
2.30405
2.26345
2.2238
2.18474
2.14578
2.10616
2.06517
2.02102
1.98363
5.94434
5.90732
5.81613
5.69261
5.53481
5.34732
5.15422
4.95652
4.76082
4.58261
4.33533
4.1011
3.89693
3.71491
3.55147
3.4031
3.26758
3.14324
3.02899
2.92419
2.82871
2.74311
2.66786
2.60373
2.54784
2.49571
2.44594
2.39859
2.35334
2.30987
2.26817
2.22796
2.18895
2.1508
2.11299
2.07475
2.03536
1.99305
1.95746
5.94078
5.89082
5.76905
5.59731
5.37791
5.11232
4.8264
4.55178
4.16393
3.87456
3.65239
3.47988
3.34133
3.23045
3.14041
3.06503
3.00111
2.94529
2.89477
2.84719
2.80061
2.75278
2.70131
2.6463
2.59172
2.53964
2.48978
2.44195
2.39593
2.35159
2.30877
2.26725
2.22676
2.18695
2.1473
2.10701
2.06536
2.02049
1.98267
6.29099
6.25297
6.1588
6.03036
5.86628
5.67124
5.47006
5.26403
5.06011
4.8772
4.5706
4.28071
4.03624
3.82401
3.63753
3.47126
3.32161
3.18598
3.06267
2.95053
2.84909
2.75872
2.67971
2.61266
2.55448
2.50042
2.44898
2.40021
2.35373
2.30917
2.26652
2.22545
2.18566
2.14678
2.10825
2.0693
2.02917
1.98598
1.94989
6.28677
6.23461
6.1093
5.93113
5.70332
5.42752
5.13028
4.84288
4.35508
4.01124
3.75527
3.56079
3.40707
3.28552
3.18775
3.1065
3.03803
2.97854
2.92496
2.8747
2.82567
2.77548
2.72159
2.66416
2.60734
2.55327
2.50166
2.45227
2.40485
2.35925
2.31531
2.27277
2.23137
2.19071
2.15027
2.10921
2.06676
2.02098
1.98264
6.7174
6.67814
6.58039
6.44607
6.27441
6.07033
5.85936
5.64319
5.42919
5.24033
4.85534
4.49409
4.19935
3.95027
3.73619
3.54878
3.38265
3.23403
3.10033
2.97983
2.87169
2.77619
2.69292
2.62263
2.56187
2.50559
2.45221
2.40175
2.35379
2.30794
2.26418
2.22214
2.18151
2.14188
2.10268
2.06307
2.02226
1.97828
1.94176
6.71245
6.6577
6.52801
6.34197
6.10391
5.81564
5.50457
5.20143
4.5842
4.17251
3.87543
3.65473
3.4832
3.34926
3.24258
3.15463
3.081
3.0174
2.96039
2.90716
2.85541
2.80262
2.74609
2.68603
2.62678
2.57059
2.51709
2.46602
2.4171
2.37015
2.32499
2.28134
2.23893
2.19734
2.156
2.11406
2.07069
2.02382
1.98481
7.25138
7.21066
7.10853
6.96703
6.78617
6.57103
6.34806
6.11943
5.89297
5.69644
5.20526
4.75059
4.39212
4.09752
3.85004
3.63743
3.45196
3.28821
3.14259
3.01257
2.89686
2.79537
2.7074
2.63347
2.56987
2.51115
2.45564
2.40329
2.35369
2.30641
2.26139
2.21826
2.17668
2.13621
2.09627
2.05596
2.01445
1.96968
1.93277
7.24545
7.18757
7.05241
6.85674
6.60613
6.30251
5.97423
5.65156
4.86277
4.36501
4.01733
3.76505
3.57242
3.42404
3.30712
3.21154
3.13213
3.06394
3.00315
2.94665
2.89197
2.83638
2.77706
2.71421
2.65244
2.59402
2.53858
2.48577
2.43528
2.38693
2.34048
2.29566
2.25214
2.20952
2.16718
2.12423
2.07979
2.03166
1.99172
7.93476
7.8923
7.78482
7.63442
7.44224
7.21338
6.97547
6.73128
6.48925
6.28268
5.64314
5.06329
4.62255
4.27083
3.98237
3.73948
3.53107
3.34967
3.19022
3.04932
2.9254
2.81711
2.72379
2.64578
2.57897
2.51751
2.4596
2.40515
2.35371
2.30482
2.25838
2.21402
2.17136
2.12995
2.08915
2.04805
2.00577
1.96014
1.92282
7.92768
7.86591
7.72384
7.51618
7.24991
6.92713
6.57716
6.22994
5.20752
4.59829
4.18731
3.89661
3.67889
3.51372
3.3851
3.28098
3.19517
3.122
3.05717
2.99724
2.93951
2.88108
2.81894
2.75335
2.68911
2.62857
2.57126
2.51679
2.46482
2.41509
2.36737
2.32136
2.27672
2.23299
2.18956
2.14545
2.09975
2.05014
2.00897
8.83344
8.7888
8.67472
8.51317
8.30679
8.06073
7.80389
7.53999
7.27804
7.05811
6.20342
5.45105
4.90171
4.47706
4.13768
3.8579
3.62207
3.41982
3.24427
3.09146
2.9577
2.84168
2.74231
2.65972
2.58932
2.5248
2.46422
2.40745
2.35398
2.30331
2.25532
2.2096
2.16575
2.12328
2.08154
2.03956
1.99641
1.94982
1.91204
8.82484
8.75823
8.60728
8.38449
8.09839
7.75126
7.37349
6.99489
5.64337
4.88626
4.39487
4.05708
3.80968
3.62522
3.48359
3.37024
3.27773
3.19949
3.13067
3.06746
3.00692
2.94593
2.88139
2.81351
2.7473
2.6851
2.62636
2.57062
2.51748
2.46665
2.41787
2.37081
2.32511
2.2803
2.23571
2.19034
2.14318
2.09176
2.04918
10.0569
10.0095
9.88688
9.71112
9.48668
9.21861
8.93724
8.64783
8.35998
8.12179
6.94049
5.94223
5.24579
4.72618
4.32242
3.9971
3.72795
3.50159
3.30837
3.14102
2.99576
2.87074
2.76439
2.6765
2.60195
2.53392
2.47029
2.41085
2.35504
2.30236
2.25259
2.20532
2.16011
2.11645
2.07363
2.03065
1.98651
1.93883
1.9005
10.0463
9.97341
9.81077
9.56844
9.25683
8.87814
8.46407
8.04464
6.20993
5.25098
4.65588
4.26051
3.97869
3.77312
3.61802
3.49572
3.39709
3.31456
3.24264
3.17709
3.11476
3.05236
2.98667
2.91792
2.8511
2.7885
2.72944
2.67341
2.61996
2.56873
2.51945
2.47176
2.42529
2.37958
2.3339
2.28719
2.23839
2.18487
2.14029
11.7985
11.7476
11.6141
11.4201
11.1721
10.8752
10.5614
10.2382
9.9158
9.65182
7.94531
6.58786
5.6876
5.04206
4.55628
4.17506
3.86658
3.61003
3.39288
3.20698
3.04723
2.9109
2.79578
2.70124
2.6215
2.54906
2.4816
2.41879
2.36003
2.30486
2.25286
2.20363
2.1567
2.11151
2.06733
2.02306
1.97766
1.92863
1.88957
11.7852
11.7042
11.5261
11.2581
10.9129
10.4923
10.0296
9.55592
6.97378
5.73063
5.00119
4.53747
4.21879
3.99317
3.82708
3.69874
3.597
3.51306
3.44079
3.37562
3.31426
3.25327
3.1895
3.123
3.05856
2.99819
2.94109
2.88672
2.83455
2.78424
2.73549
2.68797
2.64128
2.59496
2.54829
2.50019
2.44949
2.39338
2.34597
14.4315
14.3762
14.2283
14.01
13.731
13.3957
13.0383
12.6692
12.2998
11.9981
9.40253
7.49362
6.29814
5.47543
4.87498
4.41478
4.04938
3.75117
3.50287
3.29324
3.11517
2.96471
2.8387
2.73594
2.6498
2.57191
2.49974
2.43279
2.37035
2.31214
2.25737
2.20569
2.15661
2.10951
2.06358
2.01767
1.97068
1.91991
1.87982
14.4145
14.3226
14.1236
13.8211
13.4306
12.9533
12.4243
11.8768
8.0587
6.40455
5.50626
4.97076
4.62247
4.38693
4.22002
4.09505
3.99842
3.92039
3.85447
3.79575
3.74117
3.68738
3.63132
3.57285
3.5159
3.46202
3.41047
3.36061
3.31204
3.26424
3.21719
3.17052
3.12392
3.07698
3.02901
2.97889
2.92546
2.8659
2.81422
18.7584
18.6976
18.5312
18.281
17.9612
17.5741
17.1573
16.7253
16.2905
15.9324
11.6619
8.77576
7.10445
6.01711
5.25637
4.69234
4.25624
3.90798
3.62327
3.38651
3.188
3.02206
2.88434
2.77293
2.68015
2.59671
2.51978
2.44869
2.38266
2.32141
2.26394
2.2099
2.15873
2.10978
2.06217
2.01466
1.96608
1.91359
1.87253
18.7361
18.6295
18.4023
18.0535
17.6016
17.047
16.4263
15.7773
9.73961
7.49324
6.41458
5.83729
5.49591
5.28318
5.14228
5.04241
4.96851
4.91098
4.86348
4.82208
4.78392
4.74603
4.70623
4.66359
4.62003
4.57728
4.53438
4.4912
4.44712
4.40232
4.3567
4.31017
4.26245
4.21327
4.16206
4.10774
4.04881
3.98207
3.92177
26.7894
26.7229
26.5347
26.2459
25.8761
25.4247
24.9321
24.4189
23.8977
23.457
15.4017
10.6939
8.23085
6.73708
5.74407
5.0359
4.50476
4.09105
3.75962
3.4887
3.26474
3.0798
2.92786
2.80601
2.7053
2.61528
2.53272
2.45685
2.38672
2.32185
2.26131
2.20464
2.15119
2.10025
2.05085
2.00168
1.95144
1.89706
1.85503
26.76
26.6345
26.3717
25.9651
25.4363
24.7824
24.0415
23.2589
12.8775
9.89955
8.7638
8.27404
8.03856
7.91944
7.85409
7.81569
7.79169
7.7741
7.7612
7.74876
7.73744
7.72367
7.7075
7.68621
7.65992
7.62947
7.59548
7.55915
7.51863
7.47613
7.43053
7.38244
7.33164
7.27875
7.2223
7.1615
7.09711
7.02721
6.95827
44.7823
44.7171
44.5235
44.2189
43.8262
43.3414
42.8029
42.2369
41.6538
41.1359
18.1279
2.05051
0.00267517
0.00259654
0.00252917
0.00247648
0.00243133
0.00239083
0.00235016
0.00230521
0.00224752
0.0021634
0.00204966
0.00188526
0.00174545
0.00169209
0.00166401
0.00163168
0.00160293
0.00157815
0.00154339
0.00151761
0.00149696
0.00148597
0.00149198
0.00152743
0.00159353
0.00173402
0.0014674
44.7463
44.6112
44.331
43.8943
43.3228
42.6082
41.7856
40.9052
22.3695
19.2822
18.6049
18.4675
18.4668
18.5081
18.5626
18.6187
18.6736
18.7244
18.769
18.8067
18.8363
18.8561
18.8616
18.8519
18.8367
18.8212
18.8042
18.7849
18.7626
18.737
18.7079
18.6751
18.6381
18.5959
18.5467
18.4865
18.4103
18.3016
18.2302
36.6616
49.4629
62.6615
73.2952
94.4038
107.403
105.276
95.6071
77.842
58.779
48.133
44.7588
44.2874
44.479
44.3051
43.6549
42.2319
40.2592
38.1258
36.1059
34.106
32.0528
29.8225
27.3965
24.7626
22.0402
19.4511
17.2078
15.1888
13.1508
10.9465
8.96767
7.53304
6.27907
5.22976
4.3916
3.75366
3.28692
2.95609
2.72495
2.5636
2.44892
2.36528
2.30206
2.25245
2.21285
2.18053
2.15344
2.13046
2.11071
2.0936
2.07859
2.06531
2.05342
2.04269
2.0329
2.02389
2.01555
2.00776
2.00042
1.99343
1.98668
1.98
1.9732
1.96606
1.95838
1.9501
1.943
1.9357
1.92822
1.92021
1.91139
1.90161
1.89103
1.87968
1.86893
1.85924
1.85211
1.83473
0.000814355
28.4107
16.8741
7.54289
4.17674
3.55902
3.41751
3.31232
3.21006
3.11438
3.01348
2.91669
2.81161
2.71947
2.62787
2.55188
2.47769
2.41971
2.36201
2.31914
2.2739
2.2422
2.2061
2.18237
2.1539
2.13579
2.1138
2.09955
2.08253
2.07139
2.05835
2.04975
2.03993
2.03345
2.02619
2.02139
2.01614
2.01266
2.00893
2.00642
2.00378
2.00195
2.00008
1.99873
1.99739
1.99635
1.99537
1.99455
1.99383
1.99321
1.99268
1.99213
1.99162
1.99101
1.99033
1.98944
1.98838
1.98708
1.98547
1.9835
1.98118
1.97851
1.97557
1.97243
1.96926
1.96626
1.96366
1.96178
1.96082
1.95997
1.96008
1.96244
1.96968
1.98748
2.02864
2.12139
2.32975
2.80187
3.91635
6.95746
18.2155
14.561
21.6995
30.7781
39.7889
46.6228
56.4558
62.7416
64.5214
61.7909
58.0337
51.8751
46.1501
43.2601
41.2955
39.237
37.1829
35.4161
33.8602
32.243
30.5149
28.7347
26.8728
24.938
22.9114
20.8343
18.7616
16.7942
14.9706
13.2174
11.4044
9.46775
8.12437
6.91909
5.85118
4.94506
4.20938
3.63985
3.21575
2.90989
2.69241
2.53807
2.42666
2.34435
2.28148
2.23169
2.19154
2.15908
2.13178
2.10858
2.08862
2.0713
2.05612
2.04269
2.03069
2.01986
2.01
2.00095
1.99257
1.98475
1.97741
1.97042
1.96368
1.95704
1.9503
1.94325
1.93567
1.92754
1.92056
1.91335
1.90598
1.8981
1.88944
1.87984
1.86947
1.85831
1.84775
1.83812
1.83115
1.81389
0.000848132
10.1749
6.61943
4.43596
3.64256
3.43556
3.32992
3.2295
3.12974
3.0265
2.92666
2.82925
2.73596
2.64986
2.57035
2.49951
2.43498
2.3792
2.32811
2.28494
2.24444
2.21112
2.17872
2.15309
2.12735
2.10768
2.08743
2.07217
2.0563
2.04459
2.03228
2.02342
2.01406
2.0075
2.0005
1.99574
1.99061
1.98724
1.98355
1.98117
1.97852
1.97685
1.97495
1.97375
1.97238
1.9715
1.97048
1.96981
1.96905
1.96857
1.96797
1.96757
1.96702
1.96652
1.96582
1.96501
1.96396
1.96271
1.96113
1.95923
1.95696
1.95439
1.95154
1.94851
1.94546
1.94259
1.94013
1.93836
1.93745
1.9367
1.93696
1.93953
1.94711
1.96549
2.00766
2.10214
2.31331
2.78951
3.91099
6.95667
18.2032
8.84209
14.137
21.0434
28.3678
34.6875
41.085
46.5551
47.7843
45.6047
42.3342
37.5832
33.586
31.867
31.6005
31.2185
30.4346
29.4092
28.2335
26.9282
25.52
24.0395
22.5062
20.9254
19.3105
17.679
16.0694
14.5112
13.0072
11.4976
9.91522
8.46052
7.3826
6.37017
5.46122
4.67737
4.03151
3.52284
3.13839
2.8565
2.65322
2.50667
2.39958
2.31944
2.25771
2.20833
2.16809
2.13583
2.10861
2.08539
2.06537
2.04798
2.03271
2.01921
2.00714
1.99627
1.98637
1.9773
1.96891
1.9611
1.95375
1.94679
1.94008
1.93348
1.9268
1.91984
1.91239
1.90438
1.89755
1.89044
1.88317
1.87542
1.86693
1.85752
1.84736
1.83639
1.82603
1.81647
1.80964
1.79252
0.000883017
5.89799
4.4832
3.7264
3.42808
3.30509
3.20434
3.10791
3.01066
2.91693
2.82482
2.73806
2.65462
2.57875
2.50765
2.44446
2.38608
2.33508
2.28808
2.24744
2.20981
2.17755
2.14737
2.12193
2.0979
2.07803
2.05905
2.04353
2.02865
2.01668
2.00518
1.99609
1.98738
1.98062
1.97416
1.96923
1.96454
1.96101
1.95767
1.95517
1.95281
1.95103
1.94937
1.94809
1.94691
1.94597
1.94513
1.94441
1.94381
1.94324
1.94282
1.94235
1.94195
1.94141
1.94081
1.93999
1.93901
1.93777
1.93625
1.93438
1.9322
1.9297
1.92695
1.92404
1.92111
1.91836
1.91603
1.91438
1.91353
1.91289
1.91329
1.91609
1.92403
1.94302
1.98625
2.08256
2.29668
2.77717
3.9057
6.95582
18.1933
8.62824
13.8208
19.5505
24.9027
29.1137
31.7983
34.9256
35.3688
33.9218
31.714
28.867
26.7118
25.8721
25.6927
25.4456
24.9536
24.2338
23.3691
22.3808
21.3089
20.1671
18.9789
17.7481
16.4884
15.2105
13.9357
12.6733
11.4127
10.1121
8.7266
7.67859
6.76979
5.90827
5.1244
4.43994
3.86752
3.41067
3.06026
2.80021
2.61001
2.47143
2.36882
2.29144
2.23119
2.18262
2.1427
2.11095
2.08399
2.06092
2.04097
2.02361
2.00836
1.99486
1.98279
1.97191
1.96202
1.95296
1.94458
1.93678
1.92947
1.92253
1.91586
1.90931
1.90271
1.89584
1.88851
1.88066
1.87396
1.86697
1.8598
1.85219
1.84386
1.83464
1.82469
1.81393
1.80377
1.79429
1.78761
1.7706
0.00091903
5.27933
3.93864
3.46554
3.27947
3.17301
3.08019
2.98448
2.89636
2.807
2.72566
2.64481
2.57242
2.50244
2.44085
2.3824
2.33153
2.28381
2.24236
2.2038
2.1703
2.13927
2.11215
2.08733
2.06557
2.04597
2.02861
2.0132
1.99952
1.98759
1.97695
1.9679
1.9598
1.95307
1.94703
1.94215
1.93774
1.93428
1.93111
1.92869
1.92643
1.92475
1.92314
1.92197
1.92082
1.91999
1.91914
1.91855
1.91788
1.91749
1.91701
1.9167
1.91624
1.91582
1.91519
1.91446
1.91348
1.91231
1.91081
1.90902
1.90688
1.90447
1.90183
1.89901
1.89621
1.8936
1.8914
1.88986
1.88906
1.88853
1.8891
1.89213
1.90044
1.92009
1.96445
2.06268
2.27988
2.76488
3.90048
6.95502
18.1849
10.8594
15.4808
19.5142
22.7584
25.0237
26.2854
26.588
26.6181
25.6861
24.4254
22.9555
21.9544
21.5765
21.4572
21.2826
20.9106
20.3717
19.6964
18.9322
18.0919
17.2028
16.2684
15.3023
14.304
13.286
12.2533
11.2111
10.1414
9.01316
7.84322
7.05976
6.27775
5.53047
4.84324
4.23615
3.72243
3.30726
2.98535
2.74364
2.56524
2.4338
2.33577
2.26107
2.20268
2.15475
2.11581
2.08459
2.05807
2.03526
2.0155
1.99826
1.9831
1.96966
1.95764
1.94681
1.93695
1.92792
1.91958
1.91182
1.90454
1.89765
1.89103
1.88455
1.87802
1.87126
1.86406
1.85635
1.84981
1.84293
1.83587
1.8284
1.82025
1.81122
1.80149
1.79094
1.78098
1.77158
1.76504
1.74816
0.000956161
6.87843
4.30949
3.37619
3.16698
3.07118
2.9744
2.88757
2.79811
2.71859
2.63787
2.56698
2.49638
2.43546
2.37585
2.32508
2.27591
2.23425
2.19407
2.16025
2.12774
2.10028
2.07392
2.05178
2.03063
2.01294
1.99606
1.98205
1.96876
1.9578
1.94748
1.93909
1.93126
1.92497
1.91914
1.91454
1.91031
1.90701
1.904
1.90167
1.89954
1.89791
1.89643
1.89529
1.89426
1.89343
1.8927
1.89202
1.89156
1.8911
1.89079
1.89042
1.8901
1.88963
1.88911
1.88836
1.88747
1.88629
1.88487
1.8831
1.88105
1.87872
1.87616
1.87347
1.87078
1.8683
1.86623
1.8648
1.86406
1.86365
1.86438
1.86766
1.87637
1.89672
1.94227
2.04253
2.26296
2.75267
3.89534
6.95434
18.1772
13.1061
16.4622
18.7881
20.4651
21.4835
21.9156
21.8166
21.2665
20.334
19.6055
18.9406
18.5179
18.3541
18.2985
18.1648
17.8911
17.4686
16.942
16.33
15.664
14.9494
14.203
13.4224
12.6158
11.7817
10.9279
10.0485
9.13064
8.14068
7.25422
6.56818
5.88367
5.22367
4.61117
4.06404
3.59631
3.21416
2.91509
2.68857
2.52005
2.39501
2.30105
2.2291
2.17204
2.1255
2.08751
2.05701
2.03096
2.00853
1.98902
1.97198
1.95697
1.94365
1.93172
1.92096
1.91117
1.90221
1.89392
1.88622
1.87899
1.87215
1.8656
1.85919
1.85276
1.8461
1.83904
1.83149
1.82509
1.81834
1.8114
1.80407
1.79609
1.78726
1.77776
1.76742
1.75767
1.74837
1.74196
1.7252
0.000994449
9.51909
6.05868
3.84741
3.11522
2.97465
2.88615
2.79699
2.71686
2.63621
2.56471
2.49368
2.43168
2.37109
2.31906
2.2687
2.2258
2.18442
2.14937
2.11573
2.08728
2.0599
2.03683
2.01473
1.99614
1.97844
1.96357
1.94956
1.9378
1.92684
1.91769
1.90931
1.90233
1.89605
1.89083
1.88625
1.88243
1.87916
1.87642
1.87412
1.87218
1.87059
1.86923
1.86814
1.86717
1.86641
1.86562
1.86514
1.86461
1.86434
1.86398
1.86374
1.86336
1.86301
1.86245
1.86179
1.86089
1.85979
1.85838
1.8567
1.85469
1.85244
1.84999
1.8474
1.84484
1.84248
1.84054
1.83922
1.83855
1.83825
1.83915
1.8427
1.85184
1.87292
1.91973
2.02213
2.24594
2.74059
3.8903
6.95377
18.1702
14.1667
16.2948
17.4625
18.2002
18.5525
18.5658
18.3019
17.8121
17.1725
16.4595
16.0393
15.898
15.8642
15.8478
15.7639
15.5559
15.2334
14.8116
14.3236
13.7807
13.2027
12.5902
11.9522
11.2839
10.5907
9.86885
9.11746
8.31604
7.44476
6.77984
6.17285
5.56464
4.97392
4.41957
3.91968
3.48753
3.13134
2.85008
2.63575
2.47528
2.35566
2.26521
2.19526
2.14021
2.09504
2.05813
2.02827
2.00281
1.98078
1.96162
1.94482
1.93
1.91683
1.90504
1.89439
1.8847
1.87581
1.86761
1.85998
1.85282
1.84606
1.83957
1.83325
1.82691
1.82038
1.81346
1.80608
1.79983
1.79321
1.78639
1.7792
1.77141
1.76278
1.7535
1.74339
1.73384
1.72465
1.71837
1.70171
0.00103384
11.5164
8.18987
5.13657
3.36555
2.90018
2.79693
2.71549
2.63525
2.56245
2.49123
2.42785
2.3664
2.31276
2.26125
2.2169
2.17435
2.13802
2.10317
2.07363
2.04524
2.02126
1.99822
1.97881
1.9602
1.94466
1.92979
1.91745
1.90567
1.89603
1.88689
1.87948
1.87251
1.86695
1.86176
1.85767
1.85388
1.85095
1.84825
1.84618
1.84428
1.84285
1.84154
1.84053
1.83962
1.83878
1.83821
1.83766
1.83734
1.837
1.83679
1.83648
1.83623
1.83583
1.83536
1.83468
1.83386
1.83276
1.83143
1.82976
1.82785
1.82568
1.82331
1.82084
1.8184
1.81617
1.81435
1.81313
1.81253
1.81236
1.81344
1.81726
1.82686
1.84872
1.89688
2.00152
2.22888
2.72866
3.88539
6.95326
18.1639
14.1292
15.4441
15.9764
16.2347
16.2526
16.0748
15.7421
15.3085
14.8265
14.3626
13.9621
13.8318
13.8734
13.9013
13.8544
13.7094
13.4585
13.1266
12.7278
12.2863
11.8069
11.3022
10.7689
10.2115
9.62396
9.00757
8.35402
7.65233
6.93191
6.38996
5.84779
5.30302
4.76811
4.26113
3.79838
3.39439
3.05795
2.79055
2.58549
2.43105
2.31551
2.22853
2.16093
2.10759
2.06376
2.02777
1.99862
1.97371
1.95215
1.93333
1.91682
1.90223
1.88925
1.87762
1.86711
1.85754
1.84876
1.84066
1.83312
1.82605
1.81937
1.81297
1.80674
1.80051
1.7941
1.78733
1.78012
1.77403
1.76754
1.76086
1.75382
1.74621
1.73778
1.72874
1.71884
1.70951
1.70044
1.69429
1.67773
0.00107437
12.3102
9.61666
6.51021
3.97903
2.8959
2.70931
2.62893
2.55619
2.48523
2.42126
2.35954
2.30469
2.2524
2.20667
2.16328
2.12564
2.08993
2.05915
2.02995
2.00495
1.98115
1.96088
1.94152
1.92519
1.90965
1.89661
1.88423
1.87393
1.86424
1.85625
1.84878
1.8427
1.83709
1.83256
1.82842
1.82512
1.82215
1.8198
1.8177
1.81606
1.81461
1.81344
1.81245
1.81149
1.81086
1.81023
1.80989
1.80952
1.80932
1.80904
1.80886
1.80856
1.80825
1.80775
1.80715
1.80631
1.80529
1.80395
1.80238
1.80052
1.79844
1.79617
1.7938
1.79148
1.78937
1.78767
1.78655
1.78603
1.78598
1.78726
1.79137
1.80145
1.82415
1.87372
1.98075
2.21181
2.71692
3.88062
6.95282
18.1582
13.4549
14.3161
14.565
14.6106
14.4874
14.2276
13.8722
13.4648
13.0595
12.7018
12.4266
12.2326
12.2368
12.3023
12.3002
12.2045
12.0195
11.7545
11.4327
11.0654
10.6679
10.2407
9.79221
9.31785
8.81824
8.28597
7.71849
7.10109
6.54682
6.06083
5.57527
5.08375
4.5967
4.12873
3.69665
3.31306
2.99201
2.73537
2.53788
2.3885
2.27662
2.19209
2.12642
2.07449
2.03179
1.9967
1.96815
1.9438
1.92268
1.90425
1.88804
1.87371
1.86095
1.8495
1.83914
1.82972
1.82108
1.81309
1.80566
1.79869
1.7921
1.7858
1.77967
1.77356
1.76728
1.76067
1.75363
1.74771
1.74136
1.73481
1.72792
1.7205
1.71229
1.70347
1.69381
1.68469
1.67575
1.66972
1.65324
0.00111602
12.183
10.1014
7.34899
4.58873
2.9808
2.62103
2.5424
2.47312
2.40903
2.3481
2.29261
2.24026
2.19352
2.1497
2.11103
2.07477
2.04303
2.01321
1.98731
1.96294
1.94187
1.922
1.90493
1.88885
1.87516
1.86224
1.85138
1.84116
1.83267
1.8247
1.81819
1.81211
1.80722
1.80266
1.79907
1.79575
1.79317
1.79079
1.78898
1.78732
1.78604
1.78488
1.78384
1.7831
1.78242
1.782
1.78161
1.78138
1.78111
1.78096
1.78073
1.78052
1.78016
1.77974
1.77912
1.77836
1.77731
1.77607
1.77452
1.77275
1.77074
1.76858
1.7663
1.7641
1.76211
1.76053
1.75951
1.75907
1.75916
1.76063
1.76505
1.77565
1.79923
1.85032
1.95984
2.19478
2.70541
3.87602
6.95244
18.153
12.4847
13.1356
13.2995
13.2924
13.14
12.8704
12.5157
12.1196
11.7312
11.401
11.1578
11.0048
10.911
10.9562
10.9929
10.9483
10.8175
10.6145
10.3521
10.0479
9.70936
9.34771
8.9638
8.56003
8.12993
7.67135
7.17565
6.66124
6.212
5.77601
5.33876
4.89479
4.44933
4.01621
3.6103
3.24552
2.93624
2.68727
2.49454
2.34859
2.23896
2.15621
2.09191
2.0411
1.99936
1.96501
1.937
1.91316
1.8925
1.87444
1.85855
1.84449
1.83196
1.82071
1.81054
1.80127
1.79277
1.78492
1.7776
1.77075
1.76427
1.75809
1.75207
1.74608
1.73994
1.73349
1.72663
1.72087
1.71468
1.70827
1.70154
1.6943
1.6863
1.67773
1.66831
1.6594
1.6506
1.64468
1.62828
0.00115901
11.5035
9.84513
7.48923
4.86071
3.04333
2.53491
2.4515
2.38902
2.32948
2.27474
2.22304
2.17622
2.13251
2.09339
2.05699
2.02468
1.99459
1.96804
1.9433
1.92164
1.90138
1.88376
1.86723
1.85301
1.83966
1.82829
1.81764
1.80867
1.80029
1.79333
1.78686
1.78156
1.77666
1.77272
1.76911
1.76624
1.76363
1.7616
1.75975
1.75831
1.75702
1.75586
1.75502
1.75425
1.75376
1.7533
1.75304
1.75275
1.75261
1.7524
1.75226
1.752
1.75172
1.75127
1.75071
1.74991
1.74896
1.74772
1.74626
1.74454
1.74262
1.74053
1.73837
1.73627
1.73441
1.73294
1.73202
1.73167
1.73189
1.73357
1.73833
1.74948
1.774
1.82669
1.93884
2.17783
2.69417
3.8716
6.95211
18.1481
11.385
11.9625
12.1447
12.1729
12.0672
11.8448
11.5296
11.154
10.7648
10.4134
10.1445
9.97226
9.88025
9.82637
9.86851
9.8707
9.7932
9.64203
9.43266
9.17728
8.8905
8.57947
8.25053
7.90208
7.53223
7.13413
6.72725
6.31686
5.91556
5.52251
5.12876
4.72677
4.31995
3.91844
3.53678
3.18851
2.88909
2.64531
2.45547
2.31118
2.20278
2.12095
2.05759
2.00754
1.96658
1.93283
1.90528
1.88191
1.86167
1.84398
1.8284
1.81462
1.80233
1.79129
1.78132
1.77222
1.76388
1.75617
1.74899
1.74226
1.73591
1.72984
1.72394
1.71808
1.71209
1.70581
1.69914
1.69355
1.68752
1.68126
1.67468
1.66764
1.65985
1.65152
1.64234
1.63365
1.625
1.61919
1.60284
0.00120274
10.5322
9.12154
7.08303
4.73002
2.99511
2.44487
2.36093
2.30361
2.25036
2.20012
2.15403
2.11096
2.07206
2.03589
2.00351
1.97343
1.94666
1.92178
1.89977
1.87932
1.8613
1.84455
1.82989
1.81628
1.80446
1.79351
1.7841
1.77543
1.76802
1.76124
1.75555
1.75037
1.74607
1.74219
1.73904
1.73621
1.73395
1.73194
1.73032
1.7289
1.72763
1.72667
1.72582
1.72522
1.7247
1.72436
1.72403
1.72386
1.72366
1.72354
1.72334
1.72315
1.72284
1.72245
1.72183
1.72112
1.72017
1.719
1.71757
1.71593
1.71407
1.71208
1.71001
1.70804
1.70628
1.70493
1.7041
1.70384
1.70422
1.70612
1.71122
1.72297
1.74849
1.80288
1.91781
2.16103
2.68323
3.86739
6.95185
18.1436
10.199
10.7795
11.0272
11.1361
11.1217
10.9935
10.7643
10.452
10.089
9.71925
9.39555
9.1574
9.01528
8.94373
8.90071
8.9223
8.89802
8.7987
8.63689
8.42596
8.18206
7.91371
7.63162
7.35246
7.04802
6.71678
6.36539
6.0043
5.64616
5.29196
4.93686
4.5732
4.2024
3.83118
3.47282
3.14018
2.84938
2.60917
2.4205
2.27643
2.16815
2.0865
2.02352
1.97396
1.93354
1.90028
1.87309
1.85012
1.83027
1.81293
1.79767
1.78415
1.77211
1.7613
1.75152
1.74261
1.73443
1.72687
1.71984
1.71325
1.70703
1.70108
1.69532
1.6896
1.68376
1.67765
1.67117
1.66576
1.65989
1.65378
1.64736
1.64052
1.63295
1.62486
1.61593
1.60746
1.59897
1.59327
1.57695
0.00124796
9.38899
8.11799
6.32688
4.30243
2.82855
2.34535
2.26857
2.21745
2.17015
2.12527
2.0843
2.04571
2.01106
1.97848
1.94955
1.92229
1.89831
1.87561
1.85583
1.83705
1.82085
1.80538
1.79218
1.77954
1.76891
1.75868
1.75024
1.74207
1.73544
1.72902
1.72395
1.71901
1.7152
1.71148
1.70871
1.70598
1.704
1.70203
1.70062
1.69918
1.69814
1.69717
1.69645
1.69582
1.69541
1.69502
1.69479
1.69457
1.69444
1.69426
1.69413
1.6939
1.69364
1.69318
1.69266
1.69193
1.69104
1.68989
1.68852
1.68691
1.68514
1.68322
1.68128
1.6794
1.67777
1.67652
1.67578
1.67563
1.67616
1.67829
1.68378
1.69615
1.72275
1.77893
1.89679
2.14442
2.67262
3.86339
6.95167
18.1397
8.98448
9.59655
9.91822
10.1161
10.2038
10.1888
10.0752
9.87001
9.58663
9.25145
8.90428
8.59411
8.36128
8.21848
8.14369
8.09616
8.09252
8.04834
7.93686
7.77057
7.56491
7.3334
7.11569
6.87878
6.61881
6.33568
6.03209
5.7164
5.39751
5.07936
4.75871
4.43037
4.09292
3.75133
3.41573
3.09887
2.81609
2.57863
2.38965
2.24459
2.13527
2.05307
1.98992
1.94047
1.90037
1.86745
1.84053
1.81788
1.79838
1.78136
1.7664
1.75315
1.74135
1.73076
1.72118
1.71246
1.70446
1.69707
1.69019
1.68374
1.67766
1.67185
1.66622
1.66064
1.65496
1.64903
1.64275
1.63751
1.63181
1.62586
1.61962
1.61296
1.60562
1.59777
1.5891
1.58086
1.57253
1.56694
1.55062
0.00129416
8.17524
6.98836
5.4086
3.7344
2.59954
2.24092
2.17669
2.13214
2.09032
2.05117
2.01477
1.98109
1.95009
1.92158
1.89547
1.87156
1.84972
1.82975
1.81158
1.79505
1.78003
1.76641
1.75408
1.74295
1.73294
1.72396
1.71594
1.70879
1.70244
1.69685
1.69194
1.68766
1.68393
1.68073
1.67798
1.67565
1.67365
1.67198
1.67054
1.66931
1.66824
1.66744
1.6667
1.66621
1.66576
1.66546
1.66519
1.66503
1.66485
1.66473
1.66455
1.66436
1.66402
1.66365
1.66311
1.66243
1.66154
1.66044
1.65908
1.65755
1.65583
1.65402
1.65216
1.65041
1.64888
1.64774
1.64709
1.64705
1.64774
1.65013
1.65601
1.66906
1.6968
1.75491
1.87583
2.12805
2.66239
3.85965
6.95157
18.1366
7.77053
8.41904
8.80788
9.08283
9.26053
9.34929
9.35249
9.27052
9.10565
8.86568
8.56953
8.24895
7.9472
7.7058
7.54485
7.45178
7.39159
7.3603
7.30333
7.18667
7.02196
6.83091
6.64911
6.44752
6.22602
5.98383
5.72276
5.4476
5.16552
4.88033
4.59156
4.29509
3.98913
3.67591
3.36343
3.06265
2.78844
2.55327
2.36317
2.21582
2.10448
2.02082
1.95698
1.90722
1.8672
1.83444
1.80769
1.78528
1.76607
1.74934
1.73465
1.72167
1.7101
1.69973
1.69035
1.68183
1.674
1.66678
1.66006
1.65377
1.64783
1.64216
1.63667
1.63124
1.62573
1.61999
1.61391
1.60884
1.60332
1.59753
1.59146
1.585
1.57789
1.57029
1.56187
1.55386
1.54571
1.54022
1.52387
0.00134159
6.95191
5.83629
4.46958
3.15977
2.37028
2.13839
2.08758
2.04895
2.01266
1.97857
1.94693
1.91746
1.89037
1.86524
1.84233
1.8211
1.80182
1.78396
1.76786
1.75296
1.73962
1.72726
1.71628
1.70613
1.6972
1.68896
1.6818
1.67519
1.66954
1.66433
1.65997
1.65595
1.65265
1.64962
1.6472
1.64496
1.64321
1.64157
1.64031
1.63909
1.63819
1.63736
1.63675
1.63623
1.63588
1.63555
1.63535
1.63515
1.63502
1.63486
1.63472
1.63446
1.63419
1.63379
1.63328
1.6326
1.63174
1.63063
1.62934
1.62784
1.62622
1.62447
1.62272
1.62106
1.61966
1.61861
1.61806
1.61814
1.619
1.62164
1.62796
1.64173
1.67071
1.73085
1.85501
2.11199
2.65257
3.85616
6.9516
18.1344
6.57608
7.25901
7.70873
8.04887
8.29764
8.46805
8.56599
8.59328
8.54806
8.42946
8.23976
7.99041
7.70214
7.41218
7.16038
6.97393
6.85353
6.77438
6.71406
6.64854
6.53176
6.37806
6.22547
6.0543
5.86509
5.65802
5.43355
5.19482
4.94637
4.69214
4.43257
4.16553
3.88869
3.60299
3.31361
3.02992
2.76517
2.53279
2.34104
2.19052
2.07605
1.99009
1.92485
1.8744
1.83413
1.80138
1.77466
1.7524
1.73341
1.71694
1.7025
1.68975
1.67841
1.66825
1.65908
1.65074
1.64311
1.63605
1.6295
1.62336
1.61757
1.61205
1.60671
1.60144
1.59609
1.59053
1.58466
1.57978
1.57443
1.56882
1.56292
1.55666
1.54977
1.54242
1.53427
1.52648
1.51851
1.51313
1.49673
0.00138974
5.75399
4.72979
3.6068
2.66619
2.17745
2.04234
2.00242
1.96924
1.93793
1.90858
1.88116
1.85568
1.83203
1.81021
1.79005
1.77152
1.75441
1.73877
1.72437
1.71128
1.69924
1.68837
1.67839
1.66945
1.66128
1.65403
1.64742
1.64161
1.63635
1.6318
1.6277
1.62419
1.62105
1.61842
1.61608
1.61415
1.61243
1.61102
1.60975
1.60872
1.6078
1.60711
1.60648
1.60606
1.60567
1.60541
1.60518
1.60503
1.60488
1.60475
1.60456
1.60436
1.60405
1.60368
1.60316
1.60249
1.60161
1.60055
1.59927
1.59785
1.59628
1.59463
1.59296
1.59142
1.59011
1.58917
1.58871
1.58892
1.58995
1.59289
1.59967
1.61423
1.64451
1.70681
1.83437
2.09629
2.64319
3.85299
6.95177
18.1334
5.40224
6.10518
6.61361
7.01551
7.32674
7.56152
7.73106
7.84075
7.89236
7.88364
7.81203
7.67615
7.47886
7.28801
7.04183
6.73941
6.48978
6.33865
6.23561
6.15314
6.07154
5.96325
5.83868
5.69457
5.53321
5.35561
5.16261
4.95574
4.73806
4.51242
4.28012
4.04001
3.79033
3.5308
3.26464
2.99892
2.74516
2.51654
2.32336
2.16897
2.05044
1.96122
1.89386
1.84217
1.80134
1.76835
1.74154
1.71932
1.70048
1.68421
1.66999
1.65746
1.64633
1.63638
1.6274
1.61926
1.6118
1.60493
1.59854
1.59256
1.58692
1.58155
1.57636
1.57125
1.56608
1.56071
1.55504
1.55034
1.54518
1.53974
1.53401
1.52796
1.5213
1.51419
1.5063
1.49875
1.49097
1.4857
1.4692
0.00143922
4.61272
3.73423
2.89484
2.29548
2.02763
1.95224
1.92045
1.89225
1.86566
1.84062
1.81724
1.79537
1.7751
1.75622
1.73882
1.72264
1.7078
1.69403
1.68146
1.66985
1.65931
1.64959
1.64083
1.63278
1.62559
1.61902
1.61319
1.60789
1.60326
1.59907
1.59546
1.5922
1.58945
1.58697
1.58492
1.58308
1.58157
1.5802
1.57909
1.57807
1.57729
1.57658
1.57606
1.57561
1.57529
1.575
1.57482
1.57464
1.57452
1.57436
1.5742
1.57397
1.57369
1.5733
1.57278
1.5721
1.57124
1.57019
1.56897
1.56758
1.56609
1.5645
1.56294
1.56149
1.56029
1.55944
1.55908
1.55942
1.56065
1.56389
1.57118
1.58657
1.61826
1.68285
1.81399
2.08102
2.6343
3.85016
6.95227
18.1342
4.29117
4.97205
5.52134
5.9813
6.35348
6.64805
6.87628
7.04803
7.16923
7.24246
7.26647
7.23813
7.15337
7.0084
6.89341
6.70283
6.41683
6.11675
5.89765
5.76845
5.67161
5.58211
5.48174
5.36345
5.2271
5.07487
4.90838
4.72914
4.53887
4.33964
4.13256
3.91741
3.6928
3.4581
3.21482
2.968
2.72684
2.50368
2.30985
2.15145
2.02804
1.93464
1.86432
1.81079
1.76896
1.73549
1.70841
1.68612
1.66735
1.65123
1.63719
1.62485
1.61392
1.60416
1.59537
1.58741
1.58014
1.57344
1.56721
1.5614
1.55591
1.5507
1.54566
1.54071
1.53571
1.53054
1.52508
1.52057
1.51559
1.51033
1.50478
1.49892
1.4925
1.48564
1.47802
1.4707
1.46312
1.45795
1.44132
0.00148968
3.59837
2.92639
2.37786
2.04527
1.91188
1.86824
1.84255
1.81893
1.79655
1.7755
1.7557
1.73719
1.71987
1.70378
1.68878
1.6749
1.66199
1.65011
1.63909
1.629
1.61969
1.61122
1.60342
1.59638
1.58994
1.58418
1.57892
1.57427
1.57005
1.56637
1.56306
1.5602
1.55764
1.55548
1.55354
1.55193
1.55048
1.54928
1.5482
1.54731
1.54653
1.54593
1.5454
1.54502
1.54467
1.54443
1.54422
1.54407
1.54392
1.54378
1.5436
1.54338
1.54308
1.54269
1.54216
1.54149
1.54064
1.53962
1.53842
1.53709
1.53565
1.53415
1.53267
1.53132
1.53021
1.52946
1.52919
1.52969
1.53111
1.53469
1.54252
1.55882
1.59202
1.65905
1.79392
2.06623
2.62593
3.84772
6.95297
18.1373
3.32126
3.91126
4.45411
4.94781
5.37337
5.72653
6.0123
6.23875
6.4145
6.54576
6.63647
6.6869
6.69449
6.65387
6.55787
6.46789
6.35376
6.11569
5.81997
5.5399
5.36689
5.25173
5.15533
5.05645
4.9437
4.81454
4.67081
4.51477
4.34831
4.17274
3.98896
3.79684
3.59549
3.38406
3.16308
2.93566
2.70878
2.49307
2.30011
2.13809
2.00933
1.91083
1.83666
1.78056
1.73724
1.70295
1.6754
1.6529
1.6341
1.61806
1.60416
1.59198
1.58122
1.57164
1.56304
1.55525
1.54815
1.54162
1.53557
1.52991
1.52459
1.51953
1.51465
1.50986
1.50504
1.50006
1.49482
1.49048
1.4857
1.48061
1.47524
1.46959
1.4634
1.45679
1.44944
1.44236
1.43498
1.42992
1.4131
0.00154132
2.79229
2.35238
2.04564
1.88258
1.81797
1.79008
1.7692
1.74957
1.73097
1.71337
1.6968
1.6812
1.6666
1.65291
1.64017
1.62825
1.61721
1.60692
1.59744
1.58864
1.58058
1.57313
1.56636
1.56013
1.55451
1.54937
1.54478
1.5406
1.53691
1.53358
1.53067
1.52806
1.52581
1.5238
1.5221
1.52058
1.5193
1.51816
1.5172
1.51635
1.51566
1.51506
1.5146
1.51421
1.51391
1.51366
1.51347
1.5133
1.51316
1.51299
1.51281
1.51258
1.51227
1.51187
1.51134
1.51067
1.50983
1.50883
1.50767
1.50639
1.50501
1.50358
1.50219
1.50093
1.49991
1.49925
1.49909
1.49973
1.5014
1.50533
1.51376
1.53103
1.56584
1.63545
1.77425
2.05197
2.61812
3.84574
6.95392
18.1434
2.34433
2.70306
3.10496
3.53344
3.9562
4.34869
4.69705
4.99549
5.24487
5.44873
5.61231
5.73983
5.83442
5.89574
5.92078
5.90268
5.83412
5.74122
5.66811
5.4786
5.22434
4.96627
4.79339
4.67076
4.5651
4.45984
4.34517
4.21836
4.08082
3.93435
3.78015
3.61821
3.44783
3.26795
3.07821
2.87979
2.67674
2.47664
2.28962
2.12524
1.98928
1.88233
1.80082
1.73939
1.69268
1.65642
1.62779
1.60476
1.58583
1.56992
1.5563
1.54449
1.53415
1.52501
1.51687
1.50957
1.50296
1.49693
1.49139
1.48625
1.48146
1.47694
1.47263
1.46842
1.46422
1.4599
1.45535
1.45164
1.44747
1.44302
1.43832
1.4334
1.42801
1.42228
1.41588
1.40975
1.40338
1.39925
1.38303
0.0015869
2.08039
1.8966
1.78454
1.72726
1.69987
1.6824
1.667
1.65234
1.63837
1.62509
1.61253
1.60062
1.58943
1.57885
1.56897
1.55965
1.551
1.54286
1.53537
1.52834
1.52191
1.51591
1.51048
1.50541
1.50088
1.49666
1.49295
1.4895
1.48651
1.48374
1.48138
1.4792
1.47739
1.4757
1.47433
1.47305
1.47204
1.47107
1.47033
1.46963
1.46913
1.46866
1.46836
1.46807
1.46792
1.46777
1.46772
1.46765
1.46764
1.46759
1.46755
1.46744
1.46729
1.46704
1.46669
1.46621
1.46559
1.46483
1.46395
1.46297
1.46192
1.46086
1.45986
1.45901
1.45842
1.45821
1.45852
1.45974
1.46201
1.46678
1.47638
1.49539
1.53278
1.60621
1.75038
2.035
2.60855
3.84108
6.94656
18.0966
1.84095
2.00125
2.21818
2.49288
2.81052
3.15003
3.49012
3.81339
4.10817
4.36798
4.59102
4.77825
4.93244
5.05621
5.1514
5.21722
5.2509
5.24799
5.20209
5.10955
5.05724
4.91136
4.694
4.45601
4.29368
4.16796
4.05821
3.95126
3.83822
3.71617
3.58575
3.44794
3.30285
3.14969
2.98756
2.81635
2.63778
2.45651
2.28015
2.11781
1.97718
1.86217
1.77226
1.7039
1.65225
1.61286
1.58233
1.55825
1.53883
1.5228
1.50929
1.49774
1.48772
1.47896
1.47123
1.46436
1.4582
1.45264
1.44758
1.44294
1.43865
1.43465
1.43087
1.42723
1.42362
1.41992
1.41605
1.41292
1.40935
1.40551
1.40147
1.39725
1.39264
1.38775
1.38227
1.37707
1.37166
1.36843
1.35274
0.00164368
1.73929
1.67432
1.6354
1.61305
1.59864
1.5868
1.57564
1.56494
1.55466
1.54483
1.53545
1.52653
1.51805
1.51001
1.50243
1.49528
1.48856
1.48224
1.47636
1.47086
1.46577
1.46102
1.45669
1.45266
1.44902
1.44564
1.44264
1.43987
1.43745
1.4352
1.43329
1.43152
1.43005
1.42867
1.42757
1.42652
1.42572
1.42494
1.42437
1.42382
1.42348
1.42313
1.42296
1.42279
1.42275
1.4227
1.42276
1.42279
1.42289
1.42295
1.42302
1.42303
1.42302
1.4229
1.42271
1.4224
1.42198
1.42145
1.42082
1.42012
1.41938
1.41866
1.41802
1.41756
1.41738
1.41758
1.41837
1.42015
1.42305
1.42868
1.43952
1.46035
1.50047
1.57787
1.72757
2.01911
2.59986
3.83691
6.94017
18.0717
1.60304
1.66087
1.75057
1.88158
2.0584
2.27837
2.53231
2.80638
3.08585
3.35736
3.61084
3.83974
4.04093
4.21341
4.35817
4.47633
4.56906
4.63615
4.67557
4.68361
4.65459
4.58386
4.52079
4.40556
4.21504
3.9997
3.85464
3.73066
3.6213
3.51565
3.40569
3.28846
3.16383
3.03212
2.89287
2.74555
2.5903
2.4293
2.26738
2.11183
1.97051
1.84952
1.75137
1.67501
1.61695
1.57306
1.53962
1.51377
1.49336
1.4769
1.46328
1.45184
1.44204
1.43358
1.4262
1.41971
1.41396
1.40883
1.40422
1.40004
1.39623
1.39272
1.38945
1.38633
1.38328
1.38019
1.37696
1.37438
1.37139
1.36815
1.36473
1.36118
1.35732
1.35324
1.34865
1.34434
1.33987
1.33751
1.32225
0.00170126
1.56829
1.54551
1.53032
1.51947
1.51055
1.50232
1.49434
1.48663
1.47916
1.47198
1.46506
1.45845
1.4521
1.44607
1.44033
1.43489
1.42974
1.42489
1.42034
1.41607
1.41209
1.40839
1.40497
1.4018
1.39891
1.39624
1.39384
1.39164
1.38969
1.38791
1.38637
1.38496
1.38377
1.38268
1.38179
1.38097
1.38033
1.37973
1.37931
1.37891
1.37868
1.37846
1.37839
1.37833
1.37838
1.37843
1.37858
1.37871
1.3789
1.37905
1.37923
1.37935
1.37945
1.37947
1.37941
1.37927
1.37903
1.37871
1.37831
1.37788
1.37742
1.37702
1.37671
1.37661
1.3768
1.37741
1.37866
1.38105
1.38458
1.39112
1.40326
1.42602
1.46899
1.55055
1.7059
2.00438
2.59211
3.83347
6.93624
18.0634
1.47506
1.49452
1.5268
1.57755
1.65394
1.7621
1.90537
2.08265
2.28816
2.51265
2.74541
2.97604
3.19588
3.39849
3.58
3.73832
3.87306
3.98464
4.07369
4.14018
4.18251
4.19728
4.17937
4.12364
4.05089
3.95158
3.77957
3.60369
3.46678
3.34778
3.24152
3.13855
3.03164
2.91804
2.79734
2.66963
2.53477
2.39342
2.24797
2.10325
1.96579
1.84234
1.7376
1.65319
1.58768
1.53794
1.50036
1.47182
1.44979
1.43245
1.41844
1.40691
1.3972
1.38896
1.38185
1.3757
1.37031
1.36557
1.36137
1.35762
1.35425
1.3512
1.3484
1.34579
1.34327
1.34075
1.33812
1.33606
1.33364
1.33097
1.32815
1.32524
1.32209
1.31879
1.31505
1.3116
1.30805
1.30651
1.29159
0.0017594
1.46233
1.45292
1.44542
1.43899
1.43299
1.42722
1.42157
1.41607
1.4107
1.40551
1.40047
1.39562
1.39094
1.38647
1.38218
1.37809
1.3742
1.37052
1.36704
1.36378
1.36071
1.35785
1.35519
1.35273
1.35046
1.34838
1.34649
1.34476
1.34322
1.34182
1.34059
1.33948
1.33854
1.33769
1.33699
1.33636
1.33587
1.33544
1.33514
1.33488
1.33475
1.33465
1.33467
1.3347
1.33484
1.33497
1.3352
1.33542
1.33568
1.33593
1.33619
1.33641
1.33661
1.33675
1.33682
1.33683
1.33676
1.33663
1.33645
1.33626
1.33607
1.33596
1.33597
1.3362
1.33675
1.33775
1.33946
1.34245
1.34667
1.35414
1.36767
1.39248
1.43847
1.52433
1.68547
1.99087
2.58538
3.83115
6.93583
18.0695
1.38714
1.3943
1.40622
1.42463
1.45332
1.49705
1.56107
1.65007
1.76685
1.91118
2.07956
2.26567
2.46161
2.65901
2.85058
3.03023
3.19374
3.33842
3.46311
3.56754
3.65195
3.71619
3.75892
3.77696
3.76557
3.71958
3.64048
3.54228
3.38833
3.25029
3.12263
3.01021
2.90815
2.8079
2.70324
2.592
2.47404
2.3499
2.22066
2.08899
1.95936
1.83762
1.7293
1.63812
1.56494
1.50833
1.4654
1.43309
1.4086
1.38979
1.37499
1.36311
1.35333
1.34518
1.33827
1.33239
1.3273
1.32292
1.31908
1.31573
1.31277
1.31015
1.3078
1.30566
1.30363
1.30164
1.29959
1.29802
1.29613
1.29401
1.29177
1.28948
1.28701
1.28444
1.28151
1.27888
1.27622
1.27547
1.26078
0.00181835
1.38147
1.37659
1.37214
1.36795
1.36385
1.35984
1.35588
1.35201
1.34821
1.34451
1.34089
1.33738
1.33398
1.33071
1.32755
1.32452
1.32163
1.31887
1.31625
1.31379
1.31145
1.30927
1.30723
1.30534
1.30359
1.30198
1.30052
1.29918
1.29798
1.29689
1.29594
1.29508
1.29435
1.2937
1.29317
1.29271
1.29235
1.29206
1.29187
1.29173
1.29169
1.29168
1.29178
1.2919
1.29211
1.29233
1.29262
1.29291
1.29325
1.29358
1.29392
1.29422
1.29452
1.29476
1.29495
1.2951
1.29519
1.29524
1.29526
1.29529
1.29535
1.29551
1.29582
1.29637
1.29725
1.29863
1.3008
1.30445
1.30936
1.31785
1.33285
1.35984
1.409
1.49934
1.66637
1.97866
2.57983
3.83036
6.93967
18.0895
1.31616
1.3194
1.32461
1.33189
1.34268
1.35909
1.38408
1.42135
1.47495
1.54858
1.64471
1.76368
1.9034
2.05945
2.22591
2.39611
2.56366
2.72309
2.87012
3.00181
3.11644
3.21329
3.29219
3.3528
3.39395
3.41268
3.40445
3.36423
3.28987
3.18512
3.06124
2.93384
2.8156
2.71013
2.6122
2.51406
2.41085
2.30147
2.18664
2.06806
1.94847
1.83209
1.72389
1.62848
1.5486
1.48479
1.43553
1.39833
1.3704
1.34937
1.33324
1.32066
1.31057
1.30236
1.29554
1.28985
1.28502
1.28093
1.27742
1.27443
1.27184
1.26962
1.26768
1.26598
1.26442
1.26293
1.26142
1.2603
1.25891
1.25733
1.25564
1.25393
1.2521
1.25023
1.24809
1.24625
1.24443
1.24444
1.22986
0.00187768
1.31304
1.31005
1.30717
1.30434
1.30155
1.2988
1.29607
1.29338
1.29072
1.28813
1.28557
1.28308
1.28065
1.27829
1.27601
1.27381
1.27168
1.26966
1.26772
1.26588
1.26414
1.2625
1.26096
1.25953
1.2582
1.25698
1.25586
1.25484
1.25392
1.2531
1.25237
1.25173
1.25118
1.2507
1.25032
1.24999
1.24976
1.24958
1.24949
1.24945
1.2495
1.24958
1.24975
1.24994
1.25021
1.25051
1.25085
1.25122
1.25161
1.25201
1.25242
1.25281
1.25318
1.25352
1.25383
1.2541
1.25433
1.25455
1.25476
1.255
1.2553
1.25571
1.25629
1.25714
1.25834
1.26009
1.26274
1.26707
1.27273
1.2823
1.29888
1.32818
1.3807
1.47567
1.64869
1.96784
2.57559
3.8315
6.94879
18.124
1.25459
1.25638
1.25917
1.26265
1.26729
1.27381
1.28341
1.29783
1.31946
1.3512
1.39633
1.45786
1.53798
1.63735
1.7548
1.88713
2.0298
2.17742
2.32458
2.4662
2.59826
2.71766
2.8224
2.91138
2.98412
3.04018
3.0784
3.09606
3.08864
3.0512
2.98138
2.88311
2.76756
2.64965
2.5403
2.44121
2.34657
2.24985
2.14802
2.04151
1.93227
1.82331
1.71842
1.62195
1.53749
1.46721
1.41125
1.36825
1.33586
1.31171
1.29358
1.27981
1.26909
1.26062
1.25375
1.24816
1.24351
1.23967
1.23644
1.23377
1.23152
1.22966
1.2281
1.22681
1.22568
1.22466
1.22364
1.22295
1.22204
1.22096
1.21979
1.21863
1.21741
1.21621
1.2148
1.21372
1.21271
1.21345
1.19889
0.00193756
1.25265
1.2507
1.24876
1.24685
1.24495
1.24307
1.2412
1.23936
1.23752
1.23572
1.23394
1.2322
1.23049
1.22882
1.22719
1.22562
1.22409
1.22263
1.22122
1.21988
1.2186
1.21739
1.21625
1.2152
1.2142
1.2133
1.21246
1.2117
1.21102
1.21041
1.20987
1.2094
1.20901
1.20868
1.20842
1.20822
1.20808
1.20801
1.208
1.20805
1.20817
1.20833
1.20856
1.20883
1.20915
1.2095
1.2099
1.21033
1.21078
1.21124
1.2117
1.21217
1.21262
1.21305
1.21346
1.21385
1.21422
1.21459
1.21498
1.21541
1.21592
1.21658
1.21741
1.21854
1.22005
1.22217
1.22532
1.23038
1.23685
1.24758
1.26585
1.29763
1.35366
1.45343
1.6325
1.95849
2.57284
3.83504
6.96387
18.1755
1.19983
1.201
1.20271
1.20467
1.20706
1.21008
1.21415
1.21991
1.22837
1.24098
1.25971
1.28693
1.32532
1.37744
1.44522
1.52947
1.62953
1.74309
1.86658
1.99555
2.12531
2.25135
2.3698
2.47761
2.57262
2.65349
2.7196
2.77043
2.80479
2.81993
2.81119
2.7736
2.70511
2.61044
2.5014
2.39217
2.29128
2.19794
2.10598
2.01078
1.91168
1.81079
1.71113
1.6163
1.52988
1.45483
1.39268
1.34343
1.3057
1.27747
1.2565
1.24092
1.22914
1.22012
1.21302
1.2074
1.20285
1.19919
1.19619
1.19379
1.19185
1.19032
1.18911
1.18818
1.18746
1.18687
1.18632
1.18602
1.18555
1.18494
1.18427
1.18363
1.18299
1.1824
1.18171
1.18133
1.1811
1.18252
1.16791
0.00199783
1.19844
1.19708
1.19571
1.19438
1.19306
1.19176
1.19047
1.1892
1.18794
1.1867
1.18547
1.18427
1.18308
1.18192
1.18078
1.17968
1.1786
1.17756
1.17656
1.1756
1.17468
1.17382
1.17299
1.17223
1.17151
1.17085
1.17025
1.1697
1.16921
1.16878
1.1684
1.16808
1.16781
1.16761
1.16746
1.16736
1.16732
1.16734
1.16741
1.16753
1.16771
1.16794
1.16822
1.16855
1.16892
1.16933
1.16978
1.17025
1.17075
1.17127
1.17179
1.17232
1.17284
1.17336
1.17386
1.17437
1.17486
1.17538
1.17593
1.17655
1.17726
1.17814
1.17921
1.1806
1.18242
1.18493
1.18861
1.19446
1.2018
1.21378
1.23388
1.26828
1.328
1.43271
1.61791
1.95069
2.57178
3.84139
6.98604
18.2498
1.14963
1.15046
1.15156
1.15278
1.15417
1.15582
1.15784
1.16046
1.16403
1.16912
1.17659
1.18766
1.20398
1.22756
1.26061
1.30534
1.36347
1.43586
1.52211
1.62057
1.72835
1.84172
1.95659
2.06893
2.17509
2.27212
2.3578
2.43074
2.49019
2.53567
2.56593
2.57816
2.5675
2.5289
2.46064
2.36817
2.26383
2.16108
2.06634
1.97707
1.88746
1.79498
1.70118
1.60942
1.52314
1.44544
1.37856
1.32358
1.2802
1.24715
1.22253
1.20442
1.19103
1.18107
1.17348
1.16767
1.16311
1.15955
1.15674
1.15456
1.15288
1.15164
1.15074
1.15016
1.14979
1.1496
1.14948
1.14954
1.14947
1.14932
1.14911
1.14896
1.14886
1.14887
1.14883
1.14913
1.14963
1.1517
1.13715
0.00205773
1.14869
1.14772
1.14675
1.14582
1.14489
1.144
1.1431
1.14223
1.14136
1.14052
1.13968
1.13887
1.13805
1.13727
1.13649
1.13574
1.13499
1.13428
1.13359
1.13293
1.13229
1.13169
1.13111
1.13058
1.13008
1.12962
1.1292
1.12883
1.12849
1.12821
1.12796
1.12777
1.12761
1.12751
1.12745
1.12745
1.12748
1.12758
1.12771
1.1279
1.12813
1.12843
1.12875
1.12913
1.12954
1.13001
1.13049
1.13102
1.13155
1.13212
1.13269
1.13329
1.13387
1.13447
1.13505
1.13567
1.13627
1.13694
1.13763
1.13843
1.13933
1.14041
1.14171
1.14336
1.14549
1.1484
1.15264
1.15936
1.16764
1.18099
1.20305
1.24024
1.30382
1.4136
1.60493
1.94444
2.57243
3.85062
7.01338
18.3559
1.10313
1.10377
1.10449
1.10527
1.10614
1.10713
1.10827
1.10965
1.11136
1.11362
1.11675
1.12123
1.12782
1.13758
1.1519
1.17249
1.20128
1.24014
1.29063
1.35359
1.42885
1.51511
1.61002
1.71037
1.81259
1.91301
2.00822
2.09543
2.17238
2.23757
2.28989
2.32829
2.35101
2.35524
2.33722
2.29418
2.22675
2.14097
2.0466
1.95262
1.8627
1.77564
1.68898
1.60254
1.51837
1.43968
1.36925
1.30914
1.26002
1.22158
1.19244
1.17095
1.15523
1.14381
1.13537
1.12913
1.12439
1.12084
1.11812
1.11612
1.11465
1.11366
1.11304
1.11276
1.11272
1.11288
1.11316
1.11354
1.11386
1.11412
1.11435
1.11467
1.11507
1.11562
1.1162
1.11713
1.11834
1.121
1.10633
0.00206155
1.10245
1.10175
1.10107
1.10041
1.09976
1.09913
1.09852
1.09791
1.09732
1.09674
1.09618
1.09562
1.09508
1.09455
1.09403
1.09353
1.09304
1.09256
1.0921
1.09167
1.09124
1.09085
1.09047
1.09012
1.08979
1.08951
1.08923
1.08901
1.0888
1.08865
1.08851
1.08843
1.08837
1.08837
1.08838
1.08846
1.08856
1.08873
1.08892
1.08918
1.08945
1.08981
1.09016
1.0906
1.09104
1.09155
1.09206
1.09264
1.09321
1.09383
1.09444
1.09509
1.09572
1.09641
1.09706
1.09778
1.09849
1.09928
1.10011
1.10107
1.10214
1.10342
1.10494
1.10685
1.10929
1.11262
1.11749
1.12515
1.13447
1.1493
1.17348
1.21364
1.28125
1.3962
1.59372
1.93998
2.57519
3.86348
7.04693
18.5205
)
;

boundaryField
{
    inlet
    {
        type            fixedValue;
        value           uniform 100;
    }
    outlet
    {
        type            zeroGradient;
    }
    walls
    {
        beta1           0.075;
        blended         false;
        type            omegaWallFunction;
        value           nonuniform List<scalar> 
78
(
0.966263
0.967337
0.966561
0.971141
0.973316
0.975659
0.979055
0.982252
0.985428
0.98884
0.991811
0.994784
0.998103
1.00134
1.00486
1.00897
1.01405
1.02137
1.23251
49.4489
72.1324
86.232
90.4415
89.7485
87.886
87.9757
91.3814
98.4528
110.973
131.447
164.023
204.604
192.518
154.318
138.781
144.978
195.504
224.525
248.43
0.966635
0.968833
0.96665
0.970377
0.973564
0.977334
0.990984
0.999163
1.00709
1.01532
1.02404
1.03281
1.04162
1.05033
1.05928
1.06857
1.07828
1.08864
1.09989
1.11219
1.12559
1.14043
1.15667
1.17372
1.19136
1.20973
1.23821
46.1236
69.0223
85.6933
97.3962
104.863
108.811
109.986
109.11
106.895
104.214
102.182
101.735
)
;
    }
    frontAndBack
    {
        type            empty;
    }
}


// ************************************************************************* //
