/*--------------------------------*- C++ -*----------------------------------*\
  =========                 |
  \\      /  F ield         | OpenFOAM: The Open Source CFD Toolbox
   \\    /   O peration     | Website:  https://openfoam.org
    \\  /    A nd           | Version:  12
     \\/     M anipulation  |
\*---------------------------------------------------------------------------*/
FoamFile
{
    format      ascii;
    class       volScalarField;
    location    "400";
    object      p;
}
// * * * * * * * * * * * * * * * * * * * * * * * * * * * * * * * * * * * * * //

dimensions      [0 2 -2 0 0 0 0];

internalField   nonuniform List<scalar> 
10720
(
355.077
241.952
106.354
-31.9613
-164.883
-301.398
-424.301
-528.355
-617.088
-683.566
-728.055
-751.884
-755.679
-738.301
-696.147
-626.59
-537.83
-456.971
-435.703
-473.585
-495.339
-495.686
-502.024
-501.329
-493.682
-478.043
-466.095
-481.087
-537.811
-582.43
-500.357
-340.623
-512.201
-727.278
-684.291
-1019.15
-1550.03
-1560.92
-1509.79
462.916
558.25
652.751
734.368
793.128
820.758
823.676
803.901
756.754
693.664
626.528
561.609
500.797
445.399
396.091
350.821
309.073
269.425
231.089
192.652
154.027
114.393
74.063
34.0949
-0.594504
-27.3255
-48.8995
-66.5192
-80.4066
-90.4211
-97.3418
-101.388
-103.183
-103.549
-103.402
-104.468
-107.906
-124.126
-164.975
460.256
376.537
280.061
174.958
65.0753
-48.4099
-159.094
-262.453
-356.222
-436.33
-501.512
-550.373
-580.211
-587.523
-570.938
-530.405
-473.121
-423.438
-426.831
-475.42
-490.843
-494.009
-501.064
-500.77
-493.311
-477.382
-464.733
-478.84
-535.767
-583.947
-506.476
-348.222
-519.64
-728.931
-682.204
-1021.36
-1559.07
-1578.88
-1508.23
533.72
601.702
666.787
725.292
769.911
794.966
799.57
782.556
744.903
694.119
637.34
579.243
522.318
468.29
418.157
371.365
327.563
285.94
245.792
206.093
166.543
126.56
86.3731
47.0322
12.3606
-15.3559
-38.0811
-56.8756
-71.8986
-82.9845
-90.9018
-95.8899
-98.5521
-99.6941
-100.203
-101.776
-105.504
-121.977
-157.937
462.607
388.281
302.21
205.411
103.372
-2.60122
-108.972
-210.683
-304.284
-386.91
-455.361
-506.79
-539.3
-552.419
-545.712
-520.221
-481.225
-443.163
-435.758
-466.146
-484.247
-492.633
-499.119
-500.055
-493.024
-476.916
-463.444
-476.471
-533.224
-585.829
-514.115
-354.71
-528.333
-731.09
-682.084
-1033.07
-1572.84
-1601.95
-1505.92
527.72
588.57
646.448
697.677
736.282
759.329
765.462
753.25
723.766
681.442
631.332
577.788
523.729
471.169
421.391
374.589
330.527
288.673
248.384
208.823
169.542
130.109
90.6763
52.1756
17.5938
-10.8405
-34.2397
-53.5692
-68.9988
-80.4273
-88.6436
-93.896
-96.7746
-98.0769
-98.6726
-100.219
-103.784
-119.6
-150.904
468.275
406.465
334.068
252.92
166.628
75.4987
-17.2019
-107.939
-193.878
-272.18
-339.957
-394.845
-434.966
-460.063
-469.033
-462.721
-445.512
-427.836
-425.913
-446.126
-467.797
-485.007
-497.125
-498.319
-491.922
-475.91
-461.87
-474.502
-531.598
-588.287
-520.922
-360.08
-538.155
-735.164
-686.493
-1056.24
-1591.21
-1626.79
-1497.15
522.395
572.728
621.307
665.131
698.832
720.255
727.617
719.384
696.485
661.904
619.4
572.532
523.843
475.229
428.013
382.722
339.384
297.772
257.451
217.831
178.515
139.224
100.1
62.0098
27.3859
-1.67762
-25.7593
-45.7599
-61.8948
-74.1043
-83.0911
-89.0994
-92.6768
-94.5916
-95.6846
-97.5647
-101.25
-116.532
-143.712
457.501
403.145
339.202
267.132
190.376
108.403
23.9132
-60.009
-141.185
-216.953
-284.634
-341.98
-387.082
-418.357
-434.948
-436.971
-428.072
-416.887
-416.05
-432.16
-451.988
-469.136
-487.134
-495.308
-489.965
-473.759
-459.556
-472.761
-531.219
-591.658
-528.199
-368.988
-549.988
-738.52
-695.205
-1087.65
-1613.78
-1654.92
-1485.02
505.186
549.313
592.134
630.948
661.139
681.29
689.538
684.441
666.806
638.639
602.693
561.795
518.072
473.247
428.659
385.035
342.671
301.585
261.559
222.208
183.213
144.381
105.858
68.418
34.0348
4.59828
-20.0493
-40.6477
-57.4036
-70.2448
-79.77
-86.2589
-90.2374
-92.4621
-93.7647
-95.711
-99.27
-113.713
-136.808
443.772
395.994
339.597
276.106
208.575
135.986
60.7398
-14.6753
-88.6373
-158.817
-222.966
-279.107
-325.35
-360.283
-383.556
-395.356
-398.154
-397.807
-403.025
-419.825
-439.227
-454.45
-471.035
-485.25
-486.072
-471.175
-456.718
-471.301
-532.181
-596.189
-537.683
-382.764
-558.53
-734.614
-709.396
-1124.65
-1639.87
-1686.5
-1470.48
485.749
524.53
562.509
597.267
624.667
643.731
652.565
649.832
636.283
613.334
583.061
547.724
509.033
468.459
427.232
386.119
345.548
305.705
266.544
227.857
189.437
151.182
113.262
76.3992
42.2417
12.4985
-12.6792
-33.8348
-51.1761
-64.6222
-74.7336
-81.8036
-86.3349
-89.0466
-90.7465
-92.9292
-96.5092
-110.105
-129.311
426.851
384.108
333.577
276.653
216.299
151.093
83.1443
14.5853
-53.4461
-118.954
-180.039
-235.034
-282.199
-320.262
-348.419
-366.501
-376.18
-382.065
-390.64
-407.019
-426.355
-442.129
-456.521
-470.486
-476.583
-467.562
-454.872
-470.453
-534.248
-601.798
-550.395
-400.039
-554.108
-717.339
-729.264
-1165.59
-1668.88
-1720.82
-1454.76
464.457
499.142
533.349
564.882
590.044
608.13
617.305
616.369
606.002
587.264
561.758
531.299
497.231
460.761
422.96
384.549
346.013
307.663
269.59
231.748
194.047
156.481
119.246
83.0183
49.1889
19.2965
-6.29435
-27.9364
-45.8204
-59.8605
-70.5521
-78.1745
-83.1976
-86.3104
-88.3046
-90.6089
-94.0757
-106.593
-122.089
408.905
370.413
324.809
273.509
219.308
160.581
99.2241
37.0835
-25.07
-85.5525
-142.777
-195.385
-241.874
-281.022
-312.207
-335.307
-351.3
-363.382
-376.034
-393.131
-412.754
-430.042
-444.447
-456.764
-464.02
-460.784
-454.201
-471.549
-537.169
-608.299
-565.895
-417.457
-530.648
-685.409
-752.792
-1209.02
-1700.42
-1756.9
-1438.9
442.906
474.195
505.293
534.154
557.457
574.634
583.959
584.39
576.504
561.146
539.609
513.37
483.49
450.931
416.592
381.093
344.919
308.434
271.823
235.15
198.436
161.75
125.326
89.7959
56.3836
26.4695
0.571188
-21.4911
-39.8633
-54.4552
-65.6888
-73.8484
-79.3755
-82.9256
-85.2623
-87.7327
-91.1178
-102.501
-114.422
390.585
355.563
314.071
267.442
218.36
165.096
109.341
52.7237
-4.26243
-60.1915
-113.768
-163.911
-209.339
-248.991
-282.227
-308.821
-329.16
-345.524
-361.273
-379.372
-399.216
-417.561
-433.05
-445.163
-452.473
-452.613
-452.8
-475.175
-540.727
-614.185
-581.969
-430.702
-489.126
-641.854
-777.784
-1253.41
-1734.12
-1794.41
-1425.24
421.549
450.056
478.559
505.177
526.89
543.223
552.57
554.033
548.087
535.453
517.203
494.568
468.39
439.427
408.41
375.839
342.157
307.729
272.787
237.477
201.912
166.231
130.7
95.9239
63.0007
33.1781
7.07125
-15.3438
-34.1562
-49.2681
-61.0346
-69.7253
-75.7465
-79.7146
-82.3641
-84.9592
-88.1994
-98.3241
-106.892
372.355
340.302
302.311
259.671
214.961
166.395
115.523
63.7983
11.4925
-40.1697
-90.1405
-137.58
-181.408
-220.739
-254.965
-283.892
-307.606
-327.546
-346.131
-365.599
-385.921
-404.963
-421.558
-434.712
-442.848
-445.496
-450.609
-479.135
-544.979
-618.524
-593.711
-436.513
-435.395
-591.287
-802.925
-1297.65
-1769.72
-1833.1
-1414.83
400.781
426.923
453.223
477.924
498.251
513.794
523.082
525.311
520.891
510.458
494.926
475.349
452.406
426.695
398.796
369.099
337.97
305.746
272.665
238.926
204.699
170.18
135.662
101.733
69.3925
39.7909
13.593
-9.08395
-28.269
-43.8477
-56.11
-65.3038
-71.8057
-76.1892
-79.1561
-81.8739
-84.9587
-93.7701
-99.1137
354.505
324.985
289.991
250.77
209.802
165.284
118.64
71.1682
23.0223
-24.7761
-71.3766
-116.151
-158.191
-196.774
-231.361
-261.724
-287.774
-310.322
-331.113
-351.855
-372.793
-392.495
-409.96
-424.49
-434.434
-439.634
-448.443
-480.866
-547.734
-620.03
-596.669
-433.519
-376.516
-537.848
-827.416
-1340.83
-1806.88
-1873.05
-1408.88
380.748
404.869
429.271
452.313
471.415
486.221
495.383
498.181
494.966
486.318
473.037
456.048
435.912
413.098
388.074
361.119
332.517
302.551
271.449
239.421
206.673
173.442
140.036
107.027
75.3534
46.0799
19.8984
-2.95986
-22.4567
-38.4577
-51.1885
-60.8689
-67.8394
-72.6277
-75.8979
-78.7169
-81.6063
-89.0454
-91.3897
337.19
309.858
277.463
241.203
203.474
162.466
119.507
75.7927
31.3356
-12.9584
-56.4173
-98.5779
-138.697
-176.194
-210.6
-241.673
-269.295
-293.789
-316.362
-338.277
-359.893
-380.291
-398.546
-414.259
-426.422
-434.57
-446.181
-480.319
-546.585
-616.756
-590.497
-421.356
-320.033
-485.75
-850.888
-1382.38
-1845.16
-1913.63
-1407.17
361.535
383.91
406.661
428.243
446.25
460.367
469.358
472.57
470.309
463.116
451.706
436.904
419.189
398.937
376.525
352.138
325.982
298.278
269.221
239.008
207.865
176.041
143.851
111.851
80.936
52.1024
26.0544
3.10837
-16.6227
-32.987
-46.1419
-56.2769
-63.6924
-68.8727
-72.434
-75.3387
-78.009
-84.0518
-83.5508
320.479
295.062
264.938
231.266
196.348
158.409
118.681
78.2578
37.0875
-4.05974
-44.6317
-84.3052
-122.475
-158.682
-192.542
-223.807
-252.36
-278.198
-302.105
-325.012
-347.272
-368.329
-387.385
-404.099
-418.232
-429.519
-443.528
-477.326
-540.233
-605.338
-577.117
-402.685
-272.241
-437.964
-873.115
-1421.8
-1883.76
-1953.76
-1410.1
343.168
364.025
385.315
405.605
422.622
436.094
444.888
448.391
446.89
440.889
431.036
418.084
402.453
384.456
364.389
342.373
318.54
293.054
266.057
237.725
208.27
177.944
147.058
116.151
86.079
57.7884
31.9809
9.04051
-10.8528
-27.5214
-41.0592
-51.6189
-59.4587
-65.016
-68.8554
-71.8284
-74.2499
-78.8887
-75.7747
304.421
280.684
252.562
221.16
188.717
153.465
116.575
79.0729
40.8166
2.4975
-35.4304
-72.7619
-109.002
-143.799
-176.849
-207.916
-236.89
-263.601
-288.471
-312.178
-335.02
-356.67
-376.509
-394.197
-409.883
-423.971
-440.247
-472.277
-529.354
-585.729
-557.12
-382.008
-237.843
-397.059
-893.893
-1458.66
-1921.45
-1991.49
-1416.97
325.643
345.16
365.162
384.292
400.408
413.272
421.852
425.559
424.661
419.642
411.092
399.709
385.871
369.844
351.872
332.022
310.366
287.014
262.056
235.626
207.915
179.159
149.657
119.922
90.778
63.1308
37.6727
14.8352
-5.13789
-22.0435
-35.9126
-46.8568
-55.0917
-61.004
-65.1024
-68.1221
-70.2711
-73.5193
-67.9772
289.021
266.775
240.425
211.038
180.767
147.896
113.519
78.5884
42.9381
7.16678
-28.3521
-63.497
-97.8708
-131.21
-163.277
-193.862
-222.861
-250.044
-275.547
-299.844
-323.173
-345.328
-365.864
-384.488
-401.44
-417.643
-435.895
-465.72
-514.707
-560.691
-532.35
-362.44
-218.746
-364.915
-912.994
-1492.48
-1956.8
-2025.31
-1427.57
308.943
327.268
346.116
364.207
379.497
391.789
400.146
403.986
403.57
399.358
391.905
381.854
369.562
355.256
339.147
321.259
301.623
280.291
257.312
232.773
206.831
179.696
151.641
123.145
95.0059
68.0935
43.0873
20.4477
0.476013
-16.5987
-30.7454
-42.034
-50.6335
-56.8792
-61.2187
-64.2691
-66.1229
-68.0183
-60.2956
274.275
253.357
228.59
200.995
172.66
141.893
109.744
77.1169
43.7839
10.3058
-23.0219
-56.1397
-88.7287
-120.598
-151.576
-181.478
-210.21
-237.542
-263.404
-288.097
-311.805
-334.385
-355.516
-374.982
-393.036
-410.751
-430.451
-458.341
-499.147
-534.719
-505.651
-345.891
-215.519
-345.17
-929.957
-1522.79
-1988.4
-2054.16
-1440.67
293.039
310.297
328.108
345.255
359.789
371.545
379.67
383.591
383.56
380.02
373.492
364.578
353.616
340.814
326.352
310.232
292.449
273.013
251.928
229.241
205.067
179.578
153.015
125.819
98.7576
72.6663
48.2092
25.8641
5.97858
-11.1901
-25.5541
-37.1383
-46.0652
-52.6151
-57.1709
-60.2293
-61.769
-62.3596
-52.668
260.171
240.447
217.094
191.109
164.488
135.608
105.45
74.8601
43.6158
12.1985
-19.1339
-50.3769
-81.2731
-111.695
-141.523
-170.606
-198.855
-226.081
-252.063
-276.968
-300.926
-323.834
-345.442
-365.604
-384.583
-403.382
-423.937
-450.166
-484.019
-510.227
-481.524
-336.894
-224.653
-342.412
-944.483
-1549.1
-2015
-2077.63
-1455.09
277.893
294.196
311.066
327.354
341.194
352.445
360.335
364.299
364.572
361.595
355.848
347.908
338.096
326.609
313.603
299.07
282.975
265.3
246.01
225.112
202.677
178.839
153.793
127.944
102.018
76.8261
53.0065
31.0484
11.3312
-5.85581
-20.3762
-32.2059
-41.4224
-48.2465
-52.9967
-56.0466
-57.2592
-56.6165
-45.216
246.691
228.038
205.967
181.421
156.348
129.147
100.767
72.0215
42.64
13.0848
-16.4315
-45.9469
-75.252
-104.271
-132.927
-161.1
-188.718
-215.633
-241.548
-266.506
-290.593
-313.726
-335.705
-356.421
-376.143
-395.747
-416.733
-441.523
-470.138
-489.326
-462.467
-337.327
-242.366
-359.943
-957.731
-1570.44
-2035.25
-2094.38
-1467.78
263.471
278.91
294.929
310.43
323.629
334.41
342.061
346.035
346.555
344.047
338.968
331.865
323.052
312.712
300.994
287.877
273.314
257.261
239.654
220.465
199.722
177.518
154.002
129.53
104.792
80.5675
57.469
35.9866
16.5233
-0.603316
-15.2118
-27.2308
-36.6908
-43.7532
-48.6672
-51.6881
-52.5629
-50.7649
-37.8858
233.811
216.131
195.214
171.975
148.284
122.605
95.8287
68.7204
41.0278
13.1581
-14.7067
-42.6292
-70.447
-98.1167
-125.604
-152.816
-179.699
-206.143
-231.832
-256.702
-280.798
-304.046
-326.282
-347.405
-367.672
-387.84
-408.989
-432.496
-457.244
-472.023
-449.063
-346.449
-268.002
-394.903
-971.969
-1585.79
-2047.86
-2102.53
-1475.48
249.736
264.392
279.634
294.414
307.019
317.357
324.776
328.736
329.454
327.34
322.834
316.454
308.51
299.176
288.597
276.743
263.564
248.995
232.956
215.382
196.269
175.661
153.667
130.59
107.08
83.8783
61.5743
40.6479
21.5202
4.52935
-10.099
-22.252
-31.9096
-39.1749
-44.2253
-47.2029
-47.7366
-44.8822
-30.7876
221.508
204.711
184.846
162.787
140.357
116.04
90.7061
65.0957
38.9153
12.5709
-13.7834
-40.2412
-66.6659
-93.0506
-119.392
-145.624
-171.707
-197.567
-222.906
-247.571
-271.571
-294.837
-317.221
-338.624
-359.268
-379.81
-400.99
-423.446
-445.539
-458.092
-440.348
-361.337
-301.621
-441.063
-987.985
-1593.96
-2050.29
-2098.94
-1474.61
236.654
250.596
265.13
279.243
291.299
301.223
308.412
312.342
313.218
311.442
307.428
301.678
294.491
286.043
276.469
265.744
253.809
240.595
226.002
209.943
192.381
173.321
152.826
131.15
108.894
86.763
65.3182
45.0249
26.3124
9.53706
-5.04006
-17.2634
-27.0667
-34.4906
-39.6448
-42.558
-42.7545
-38.9365
-23.8595
209.761
193.771
174.862
153.884
132.583
109.514
85.4908
61.2106
36.417
11.4593
-13.5174
-38.6263
-63.7552
-88.9236
-114.151
-139.402
-164.648
-189.842
-214.725
-239.085
-262.891
-286.075
-308.499
-330.057
-350.929
-371.676
-392.808
-414.466
-434.84
-446.668
-435.461
-379.426
-341.032
-490.989
-1004.25
-1593.2
-2039.02
-2080.12
-1463.25
224.195
237.484
251.364
264.864
276.409
285.945
292.913
296.802
297.804
296.314
292.727
287.528
281.006
273.339
264.654
254.935
244.12
232.137
218.872
204.225
188.127
170.555
151.522
131.235
110.245
89.2197
68.6859
49.0939
30.8686
14.3835
-0.0740442
-12.3066
-22.2052
-29.7473
-34.9756
-37.8116
-37.6808
-33.0105
-17.1975
198.546
183.293
165.261
145.264
125.007
103.058
80.2194
57.1744
33.6249
9.93191
-13.7849
-37.6518
-61.5763
-85.5967
-109.756
-134.036
-158.428
-182.906
-207.259
-231.233
-254.764
-277.781
-300.151
-321.755
-342.737
-363.58
-384.635
-405.768
-425.259
-437.498
-433.157
-398.152
-382.394
-538.73
-1017.09
-1581.21
-2010.73
-2042.94
-1439.37
212.328
225.016
238.295
251.223
262.296
271.47
278.225
282.063
283.168
281.923
278.712
273.993
268.059
261.081
253.189
244.367
234.559
223.689
211.641
198.298
183.576
167.417
149.799
130.879
111.158
91.2621
71.6845
52.8527
35.1859
19.0637
4.7992
-7.37801
-17.3126
-24.9265
-30.191
-32.9348
-32.4904
-27.0775
-10.7328
187.84
173.267
156.037
136.946
117.626
96.715
74.963
53.0166
30.617
8.08196
-14.481
-37.201
-60.0067
-82.9478
-106.087
-129.42
-152.955
-176.685
-200.451
-223.975
-247.161
-269.931
-292.159
-313.712
-334.698
-355.549
-376.521
-397.36
-416.593
-430.045
-432.395
-416.029
-421.484
-579.695
-1021.75
-1555.07
-1962.5
-1984.09
-1400.98
201.021
213.161
225.881
238.28
248.913
257.748
264.299
268.079
269.268
268.236
265.354
261.062
255.649
249.284
242.097
234.076
225.173
215.308
204.368
192.228
178.789
163.965
147.705
130.117
111.654
92.8981
74.3096
56.2856
39.2381
23.5454
9.54048
-2.51986
-12.4362
-20.079
-25.349
-27.9916
-27.2555
-21.2248
-4.55717
177.624
163.673
147.186
128.923
110.477
90.5003
69.7383
48.8207
27.4597
5.98169
-15.5188
-37.1823
-58.9462
-80.8747
-103.042
-125.46
-148.151
-171.117
-194.252
-217.28
-240.067
-262.527
-284.54
-305.961
-326.873
-347.675
-368.588
-389.333
-408.794
-424.047
-432.435
-431.943
-455.401
-611.309
-1014.06
-1511.01
-1890.73
-1899.18
-1345.05
190.251
201.882
214.088
225.992
236.215
244.734
251.089
254.81
256.067
255.223
252.631
248.719
243.77
237.952
231.393
224.092
215.999
207.047
197.113
186.076
173.824
160.256
145.288
128.99
111.766
94.1513
76.572
59.3999
43.0258
27.8277
14.1492
2.27294
-7.56725
-15.1876
-20.427
-22.9543
-21.955
-15.4215
1.38286
167.876
154.503
138.698
121.204
103.547
84.4473
64.5977
44.6008
24.2081
3.70199
-16.8205
-37.5067
-58.3034
-79.284
-100.531
-122.069
-143.934
-166.137
-188.61
-211.101
-233.443
-255.541
-277.275
-298.493
-319.261
-339.968
-360.842
-381.647
-401.627
-418.968
-432.787
-445.23
-482.646
-632.494
-992.337
-1446.12
-1792.18
-1785.59
-1270.09
179.991
191.152
202.878
214.323
224.162
232.385
238.555
242.217
243.53
242.851
240.519
236.948
232.415
227.087
221.093
214.433
207.075
198.942
189.922
179.894
168.738
156.342
142.597
127.539
111.52
95.0385
78.4789
62.1871
46.5312
31.8838
18.5903
6.95685
-2.75335
-10.3076
-15.4874
-17.8944
-16.664
-9.75532
6.99328
158.578
145.738
130.569
113.781
96.8669
78.5583
59.5462
40.4217
20.9048
1.29636
-18.3245
-38.1044
-58.001
-78.0933
-98.4698
-119.166
-140.229
-161.68
-183.477
-205.402
-227.266
-248.959
-270.363
-291.323
-311.895
-332.475
-353.327
-374.302
-394.975
-414.482
-433.066
-455.428
-503.063
-643.928
-958.31
-1361.37
-1667.74
-1646.5
-1177.88
170.218
180.943
192.223
203.236
212.717
220.663
226.66
230.264
231.625
231.093
228.996
225.731
221.574
216.686
211.196
205.122
198.42
191.028
182.836
173.728
163.582
152.272
139.678
125.801
110.954
95.5865
80.05
64.6592
49.7611
35.7142
22.8659
11.5353
2.01399
-5.42573
-10.511
-12.789
-11.3615
-4.1955
12.3314
149.711
137.369
122.788
106.66
90.4201
72.8602
54.6252
36.2848
17.5919
-1.18627
-19.9734
-38.913
-57.9718
-77.2306
-96.7859
-116.679
-136.967
-157.677
-178.795
-200.137
-221.493
-242.745
-263.777
-284.431
-304.762
-325.185
-346.011
-367.21
-388.629
-410.148
-432.82
-462.425
-516.895
-647.046
-916.101
-1263.13
-1525.31
-1492.36
-1074.96
160.908
171.228
182.091
192.704
201.849
209.538
215.37
218.916
220.318
219.92
218.035
215.05
211.231
206.74
201.715
196.161
190.055
183.33
175.892
167.62
158.398
148.095
136.577
123.823
110.101
95.82
81.2974
66.8183
52.7047
39.2988
26.9441
15.9688
6.68553
-0.59865
-5.56345
-7.71222
-6.12584
1.17564
17.3175
141.259
129.379
115.348
99.8304
84.2308
67.3493
49.8357
32.2409
14.3
-3.70954
-21.7213
-39.8808
-58.1559
-76.6345
-95.4126
-114.541
-134.081
-154.068
-174.509
-195.257
-216.09
-236.876
-257.502
-277.809
-297.861
-318.096
-338.883
-360.307
-382.448
-405.712
-431.688
-466.292
-524.616
-643.546
-870.205
-1160.53
-1377.17
-1336.69
-969.816
152.043
161.984
172.46
182.696
191.528
198.975
204.652
208.143
209.583
209.306
207.617
204.887
201.375
197.251
192.639
187.563
181.99
175.872
169.112
161.604
153.227
143.852
133.339
121.643
108.997
95.7696
82.2456
68.6812
55.3727
42.6437
30.8291
20.2603
11.2666
4.18368
-0.630352
-2.64527
-0.937856
6.39313
22.0137
133.206
121.76
108.24
93.2975
78.2796
62.0474
45.2055
28.2863
11.058
-6.23681
-23.5265
-40.9579
-58.5018
-76.2454
-94.2908
-112.69
-131.512
-150.797
-170.567
-190.712
-211.009
-231.31
-251.501
-271.43
-291.166
-311.174
-331.885
-353.486
-376.237
-400.88
-429.33
-467.129
-526.768
-634.634
-823.714
-1061.3
-1234.66
-1190.28
-870.216
143.603
153.191
163.302
173.187
181.724
188.946
194.478
197.915
199.39
199.226
197.718
195.221
191.995
188.201
183.971
179.325
174.236
168.664
162.524
155.71
148.104
139.583
130.001
119.299
107.675
95.4618
82.9131
70.2567
57.7627
45.7346
34.4946
24.3746
15.7118
8.86502
4.22254
2.33759
4.12538
11.3802
26.3526
125.536
114.494
101.457
87.048
72.5886
56.947
40.7324
24.4636
7.88705
-8.73887
-25.3546
-42.1045
-58.9619
-76.0153
-93.3665
-111.073
-129.205
-147.811
-166.919
-186.458
-206.21
-226.01
-245.745
-265.265
-284.647
-304.389
-324.969
-346.661
-369.859
-395.488
-425.577
-465.061
-524.024
-621.16
-778.072
-969.532
-1104.57
-1058.57
-780.725
135.571
144.826
154.596
164.15
172.413
179.422
184.819
188.207
189.714
189.656
188.316
186.038
183.072
179.586
175.703
171.447
166.798
161.722
156.144
149.958
143.057
135.322
126.602
116.828
106.17
94.9285
83.3264
71.5648
59.8891
48.5808
37.9474
28.3147
20.025
13.4514
9.00497
7.25013
9.08201
16.1724
30.3993
118.235
107.576
94.9879
81.0862
67.137
52.0658
36.4394
20.7622
4.8089
-11.1909
-27.1749
-43.2852
-59.4972
-75.8986
-92.5926
-109.638
-127.109
-145.059
-163.519
-182.448
-201.646
-220.933
-240.19
-259.273
-278.265
-297.687
-318.065
-339.732
-363.163
-389.358
-420.301
-460.233
-517.044
-603.774
-733.621
-886.254
-989.189
-942.878
-703.033
127.929
136.872
146.32
155.565
163.569
170.379
175.649
178.992
180.531
180.573
179.392
177.316
174.595
171.389
167.826
163.926
159.677
155.052
149.981
144.366
138.114
131.097
123.173
114.262
104.515
94.1975
83.5066
72.6192
61.7556
51.1749
41.1674
32.0502
24.1644
17.8907
13.6544
12.0227
13.8595
20.7025
34.0967
111.29
100.988
88.8275
75.3995
61.9439
47.3929
32.3218
17.2165
1.83762
-13.5736
-28.9632
-44.4703
-60.0728
-75.8567
-91.9264
-108.341
-125.177
-142.49
-160.318
-178.639
-197.275
-216.036
-234.795
-253.412
-271.974
-291.021
-311.112
-332.618
-356.053
-382.407
-413.505
-452.862
-506.489
-583.212
-690.332
-810.895
-887.779
-842.027
-636.099
120.662
129.311
138.456
147.407
155.169
161.792
166.944
170.247
171.817
171.955
170.923
169.04
166.545
163.602
160.33
156.757
152.873
148.658
144.045
138.957
133.292
126.934
119.742
111.633
102.739
93.2972
83.4799
73.441
63.3782
53.5278
44.1624
35.5857
28.133
22.1866
18.1775
16.6659
18.4762
25.0057
37.5125
104.686
94.7251
82.9658
69.9901
56.9872
42.9449
28.3965
13.8157
-1.00908
-15.865
-30.6937
-45.6312
-60.6565
-75.8552
-91.3293
-107.14
-123.364
-140.06
-157.268
-174.985
-193.054
-211.276
-229.518
-247.639
-265.728
-284.338
-304.046
-325.241
-348.438
-374.563
-405.21
-443.199
-492.952
-560.184
-648.2
-742.589
-798.649
-754.043
-577.756
113.754
122.126
130.984
139.659
147.192
153.641
158.681
161.948
163.55
163.78
162.891
161.187
158.907
156.206
153.206
149.932
146.383
142.54
138.349
133.735
128.607
122.854
116.333
108.968
100.871
92.2542
83.2685
74.047
64.7654
55.6388
46.9197
38.8966
31.895
26.292
22.517
21.1161
22.8666
29.0255
40.5979
98.4124
88.7716
77.3963
64.8453
52.2846
38.7081
24.6565
10.5888
-3.72238
-18.0514
-32.3479
-46.7444
-61.2207
-75.8617
-90.7673
-105.998
-121.631
-137.728
-154.326
-171.443
-188.939
-206.61
-224.314
-241.907
-259.48
-277.587
-296.813
-317.548
-340.275
-365.822
-395.52
-431.543
-477.018
-535.389
-607.339
-680.497
-720.039
-677.074
-526.223
107.193
115.301
123.887
132.302
139.619
145.901
150.84
154.074
155.708
156.027
155.274
153.743
151.662
149.189
146.441
143.443
140.201
136.699
132.892
128.711
124.076
118.868
112.966
106.29
98.9351
91.0931
82.8952
74.4569
65.9338
57.5195
49.4469
41.9874
35.4525
30.209
26.6779
25.3826
27.0492
32.796
43.418
92.456
83.1222
72.109
59.9664
47.8143
34.6965
21.1162
7.52174
-6.29077
-20.1181
-33.9086
-47.7895
-61.7424
-75.8493
-90.2091
-104.881
-119.942
-135.454
-151.455
-167.969
-184.887
-201.994
-219.14
-236.174
-253.185
-270.723
-289.369
-309.495
-331.539
-356.202
-384.552
-418.194
-459.212
-509.431
-567.903
-623.985
-650.604
-609.648
-480.603
100.962
108.82
117.149
125.316
132.429
138.557
143.399
146.604
148.271
148.676
148.055
146.685
144.793
142.539
140.02
137.284
134.319
131.135
127.672
123.893
119.693
114.995
109.661
103.619
96.9546
89.8369
82.3816
74.6887
66.8947
59.1735
51.7385
44.8414
38.778
33.8991
30.6115
29.4117
30.9688
36.2724
45.932
86.8055
77.7623
67.0977
55.3417
43.5912
30.896
17.7688
4.63955
-8.70686
-22.0556
-35.3615
-48.7492
-62.2003
-75.7949
-89.6286
-103.76
-118.265
-133.205
-148.618
-164.53
-180.859
-197.39
-213.956
-230.4
-246.804
-263.708
-281.679
-301.063
-322.235
-345.766
-372.472
-403.47
-440.033
-482.857
-530.049
-572.482
-589.13
-550.48
-440.139
95.0503
102.67
110.753
118.686
125.606
131.586
136.338
139.518
141.219
141.709
141.213
139.997
138.291
136.23
133.941
131.431
128.739
125.83
122.7
119.267
115.483
111.241
106.428
100.974
94.9477
88.5049
81.747
74.7594
67.6627
60.6123
53.8015
47.4628
41.8731
37.3639
34.322
33.2122
34.6453
39.4872
48.2034
81.4499
72.6869
62.3532
50.9709
39.5933
27.3183
14.6228
1.92572
-10.9628
-23.8529
-36.6936
-49.6075
-62.5754
-75.6757
-89.001
-102.609
-116.572
-130.951
-145.785
-161.096
-176.825
-192.76
-208.725
-224.549
-240.304
-256.514
-273.725
-292.248
-312.391
-334.596
-359.448
-387.667
-419.912
-456.112
-493.912
-525.532
-534.635
-498.481
-404.163
89.4449
96.8374
104.685
112.394
119.13
124.973
129.64
132.798
134.532
135.104
134.73
133.665
132.127
130.265
128.174
125.892
123.433
120.797
117.953
114.853
111.436
107.613
103.283
98.3662
92.931
87.1162
81.0098
74.6862
68.251
61.8429
55.6358
49.8424
44.7189
40.5743
37.7717
36.7415
38.035
42.4066
50.1946
76.3782
67.8819
57.8687
46.8421
35.8341
23.9487
11.6694
-0.597457
-13.0557
-25.5034
-37.8962
-50.3528
-62.8538
-75.475
-88.3068
-101.404
-114.837
-128.664
-142.924
-157.637
-172.755
-188.079
-203.419
-218.594
-233.659
-249.122
-265.5
-283.064
-302.055
-322.795
-345.669
-371.082
-399.238
-429.581
-459.598
-482.704
-486.208
-452.665
-372.013
84.1337
91.3083
98.9308
106.426
112.988
118.698
123.287
126.425
128.194
128.847
128.59
127.668
126.297
124.615
122.715
120.64
118.405
116.014
113.438
110.638
107.557
104.122
100.226
95.8054
90.9179
85.6852
80.1848
74.4825
68.6718
62.875
57.2484
51.9842
47.3171
43.5321
40.9652
40.0092
41.1576
45.0612
51.9662
71.5796
63.3422
53.6348
42.9547
32.2921
20.7966
8.91777
-2.94694
-14.9805
-27.0002
-38.9604
-50.9735
-63.0216
-75.1779
-87.5285
-100.126
-113.039
-126.322
-140.012
-154.126
-168.626
-183.322
-198.015
-212.513
-226.856
-241.527
-257.012
-273.542
-291.292
-310.479
-331.32
-353.978
-378.341
-403.564
-427.173
-443.647
-443.107
-412.198
-343.192
79.1045
86.0699
93.4764
100.767
107.162
112.748
117.261
120.382
122.185
122.917
122.774
121.992
120.776
119.265
117.547
115.666
113.64
111.473
109.145
106.619
103.848
100.759
97.2638
93.3021
88.9197
84.224
79.2857
74.1628
68.9377
63.7182
58.6432
53.8854
49.6576
46.219
43.8764
42.9853
43.982
47.4269
53.4834
67.0443
59.0543
49.645
39.297
28.9787
17.8465
6.35816
-5.10534
-16.7355
-28.3407
-39.8793
-51.4617
-63.069
-74.7713
-86.6517
-98.7595
-111.16
-123.905
-137.028
-150.543
-164.416
-178.471
-192.498
-206.295
-219.888
-233.731
-248.28
-263.724
-280.179
-297.771
-316.586
-336.603
-357.505
-378.299
-396.669
-408.016
-404.643
-376.339
-317.224
74.3471
81.1108
88.3089
95.4033
101.638
107.103
111.547
114.653
116.491
117.299
117.267
116.617
115.553
114.203
112.656
110.956
109.123
107.165
105.065
102.79
100.3
97.5301
94.4039
90.8614
86.9412
82.7419
78.3222
73.7368
69.058
64.3802
59.8263
55.5503
51.7429
48.6374
46.5109
45.6802
46.5278
49.5321
54.8027
62.7621
55.0136
45.8903
35.8672
25.8723
15.1064
3.99514
-7.09047
-18.3187
-29.5206
-40.6489
-51.8113
-62.9879
-74.2462
-85.665
-97.2913
-109.187
-121.398
-133.956
-146.871
-160.11
-173.512
-186.859
-199.936
-212.758
-225.751
-239.335
-253.663
-268.8
-284.796
-301.636
-319.171
-336.959
-353.961
-368.08
-375.516
-370.251
-344.472
-293.764
69.8498
76.4185
83.4161
90.3207
96.4023
101.754
106.128
109.22
111.093
111.976
112.05
111.529
110.606
109.411
108.025
106.496
104.844
103.08
101.189
99.1446
96.9116
94.4349
91.644
88.4839
84.9919
81.2444
77.3039
73.2164
69.0445
64.8713
60.8051
56.9819
53.571
50.7797
48.8547
48.0762
48.776
51.3615
55.891
58.7231
51.2068
42.364
32.6534
22.9828
12.5605
1.81801
-8.88685
-19.7331
-30.5399
-41.2674
-52.0183
-62.7731
-73.5956
-84.561
-95.7126
-107.108
-118.79
-130.786
-143.101
-155.7
-168.438
-181.092
-193.439
-205.477
-217.607
-230.216
-243.42
-257.243
-271.675
-286.628
-301.871
-316.893
-330.68
-341.375
-345.857
-339.412
-316.047
-272.477
65.6026
71.9824
78.7849
85.5074
91.4405
96.6798
100.992
104.071
105.977
106.933
107.11
106.71
105.925
104.875
103.642
102.273
100.789
99.2047
97.5069
95.6753
93.6782
91.4689
88.9832
86.1764
83.0675
79.7377
76.2383
72.6092
68.9047
65.1984
61.5853
58.1848
55.1454
52.6499
50.9146
50.1849
50.7455
52.9402
56.8015
54.9175
47.629
39.0567
29.6533
20.2901
10.2148
-0.169402
-10.5135
-20.9771
-31.3972
-41.7322
-52.08
-62.4207
-72.8149
-83.3336
-94.0168
-104.918
-116.076
-127.513
-139.23
-151.187
-163.253
-175.205
-186.813
-198.064
-209.333
-220.968
-233.061
-245.597
-258.526
-271.706
-284.859
-297.453
-308.537
-316.498
-318.784
-311.694
-290.609
-253.114
61.5944
67.7909
74.4046
80.9494
86.7394
91.8734
96.1214
99.1885
101.127
102.152
102.428
102.147
101.49
100.579
99.4905
98.2718
96.9457
95.528
94.0089
92.3729
90.5926
88.6262
86.4205
83.9274
81.1732
78.2264
75.1319
71.9223
68.6474
65.371
62.176
59.1661
56.471
54.2487
52.6877
52
52.4279
54.2614
57.5019
51.3362
44.2678
35.9616
26.8559
17.8011
8.05336
-1.97778
-11.9585
-22.0547
-32.0963
-42.0457
-51.9971
-61.9307
-71.903
-81.981
-92.2014
-102.614
-113.251
-124.133
-135.255
-146.573
-157.964
-169.209
-180.078
-190.548
-200.963
-211.643
-222.652
-233.948
-245.452
-256.991
-268.265
-278.75
-287.58
-293.375
-294.057
-286.708
-267.751
-235.424
57.816
63.8339
70.2632
76.6364
82.2868
87.3154
91.5047
94.56
96.5296
97.6217
97.9922
97.8223
97.291
96.5099
95.5572
94.4798
93.301
92.038
90.6841
89.2275
87.6447
85.9006
83.9466
81.7428
79.3115
76.7144
73.9867
71.1608
68.2776
65.3948
62.5826
59.9312
57.5526
55.5819
54.1821
53.5338
53.8412
55.3461
58.0419
47.9697
41.1181
33.0698
24.2575
15.496
6.08081
-3.60657
-13.2407
-22.9685
-32.6385
-42.2087
-51.7705
-61.3031
-70.8597
-80.5034
-90.2667
-100.195
-110.319
-120.65
-131.182
-141.866
-152.582
-163.123
-173.258
-182.959
-192.54
-202.293
-212.256
-222.376
-232.549
-242.589
-252.19
-260.859
-267.826
-271.922
-271.458
-264.128
-247.141
-219.223
54.2568
60.1003
66.3505
72.5552
78.0704
82.9993
87.127
90.1699
92.1686
93.3244
93.7852
93.7238
93.3078
92.6522
91.8278
90.8832
89.8419
88.7225
87.521
86.2294
84.8275
83.2854
81.5608
79.6191
77.482
75.1995
72.8067
70.328
67.8032
65.2777
62.8143
60.4899
58.3991
56.658
55.4035
54.7899
54.9865
56.1955
58.3911
44.809
38.1677
30.3743
21.8471
13.381
4.28131
-5.06722
-14.3509
-23.7248
-33.0286
-42.226
-51.404
-60.5411
-69.6878
-78.9028
-88.2153
-97.6663
-107.281
-117.068
-127.016
-137.074
-147.123
-156.969
-166.384
-175.333
-184.108
-192.965
-201.938
-210.952
-219.898
-228.584
-236.711
-243.832
-249.271
-252.047
-250.789
-243.666
-228.485
-204.328
50.9079
56.5809
62.6549
68.6968
74.0788
78.9065
82.9775
86.0072
88.033
89.249
89.7955
89.8343
89.5316
88.9922
88.2884
87.4681
86.5549
85.5689
84.5081
83.3678
82.1309
80.7725
79.2564
77.5534
75.6813
73.6858
71.5943
69.4319
67.2275
65.0267
62.8772
60.8476
59.0175
57.4838
56.3618
55.781
55.8807
56.8265
58.5958
41.8449
35.4117
27.8658
19.6206
11.4373
2.65694
-6.35965
-15.3083
-24.327
-33.2706
-42.1015
-50.9012
-59.6491
-68.3915
-77.1837
-86.0515
-95.0316
-104.145
-113.396
-122.77
-132.211
-141.606
-150.768
-159.482
-167.705
-175.703
-183.714
-191.75
-199.742
-207.569
-215.042
-221.885
-227.694
-231.889
-233.65
-231.866
-225.076
-211.543
-190.611
47.7594
53.2653
59.1674
65.048
70.3003
75.0317
79.0418
82.0571
84.1075
85.3799
86.0071
86.1434
85.9437
85.5159
84.9254
84.2211
83.4272
82.5647
81.6333
80.6312
79.5448
78.3539
77.0272
75.5402
73.9089
72.1713
70.353
68.4713
66.5603
64.646
62.7797
61.0155
59.42
58.0724
57.0697
56.5184
56.5323
57.247
58.6282
39.0692
32.8384
25.5375
17.5674
9.66857
1.19274
-7.49601
-16.107
-24.7822
-33.3714
-41.8409
-50.2683
-58.6323
-66.9771
-75.3529
-83.7832
-92.3
-100.921
-109.645
-118.455
-127.293
-136.048
-144.549
-152.583
-160.11
-167.372
-174.581
-181.75
-188.802
-195.617
-202.016
-207.746
-212.454
-215.643
-216.635
-214.527
-208.146
-196.107
-177.94
44.8029
50.1447
55.8767
61.6008
66.7248
71.3574
75.3106
78.3098
80.3817
81.7066
82.4097
82.6345
82.5356
82.2102
81.7257
81.1293
80.446
79.6973
78.8849
78.0096
77.0605
76.0213
74.8664
73.5751
72.1607
70.6562
69.0809
67.4565
65.7982
64.1436
62.5298
61.0031
59.6158
58.4344
57.5385
57.0157
56.9566
57.4701
58.5314
36.4728
30.4424
23.3806
15.6827
8.05696
-0.110184
-8.47808
-16.7646
-25.0955
-33.3363
-41.4498
-49.511
-57.4976
-65.4511
-73.4178
-81.4182
-89.4806
-97.6181
-105.828
-114.087
-122.338
-130.472
-138.331
-145.717
-152.581
-159.15
-165.614
-171.983
-178.176
-184.086
-189.538
-194.313
-198.103
-200.488
-200.905
-198.621
-192.692
-182.002
-166.222
42.0287
47.2091
52.7748
58.343
63.3412
67.8791
71.7705
74.7514
76.8419
78.2146
78.9882
79.2987
79.2899
79.0624
78.6767
78.1806
77.5995
76.9557
76.2524
75.4929
74.6685
73.7672
72.7674
71.6522
70.4329
69.136
67.7808
66.3772
64.9502
63.5253
62.1375
60.8204
59.6181
58.5851
57.7849
57.2888
57.1676
57.5091
58.2801
34.0476
28.2128
21.388
13.9559
6.60491
-1.26685
-9.31783
-17.277
-25.2755
-33.1729
-40.9363
-48.6369
-56.2526
-63.822
-71.3876
-78.9667
-86.5844
-94.2501
-101.958
-109.682
-117.365
-124.9
-132.145
-138.908
-145.152
-151.071
-156.85
-162.483
-167.906
-173.006
-177.634
-181.594
-184.623
-186.368
-186.364
-184.015
-178.555
-169.078
-155.357
39.4286
44.4503
49.8509
55.2671
60.14
64.5803
68.4127
71.3734
73.4787
74.8948
75.7334
76.1207
76.1996
76.0608
75.7665
75.3633
74.8765
74.3291
73.7256
73.0715
72.3604
71.5835
70.7234
69.766
68.7208
67.61
66.4472
65.2451
64.0211
62.8016
61.6097
60.4776
59.438
58.5359
57.8216
57.3512
57.1789
57.3731
57.9146
31.7848
26.144
19.5509
12.382
5.29583
-2.27761
-10.0176
-17.6622
-25.3282
-32.8876
-40.3075
-47.6541
-54.9061
-62.0987
-69.2718
-76.4394
-83.6235
-90.8302
-98.051
-105.258
-112.395
-119.355
-126.013
-132.191
-137.847
-143.169
-148.315
-153.285
-158.013
-162.402
-166.316
-169.586
-171.988
-173.227
-172.921
-170.586
-165.594
-157.206
-145.271
36.9936
41.8585
47.0976
52.3616
57.1114
61.457
65.2253
68.1628
70.2793
71.7339
72.6316
73.0925
73.2485
73.1939
72.9842
72.6665
72.2664
71.8073
71.2948
70.7365
70.1279
69.4631
68.7282
67.9122
67.0225
66.0768
65.0865
64.061
63.0176
61.9742
60.9563
59.9837
59.0889
58.3025
57.6658
57.2203
57.0068
57.0798
57.4108
29.6768
24.2258
17.8621
10.951
4.13068
-3.15664
-10.5894
-17.9181
-25.2617
-32.4895
-39.5717
-46.5714
-53.4673
-60.2917
-67.0812
-73.8479
-80.6103
-87.3722
-94.1225
-100.833
-107.445
-113.861
-119.961
-125.586
-130.698
-135.467
-140.038
-144.409
-148.52
-152.285
-155.584
-158.273
-160.162
-161.005
-160.491
-158.224
-153.689
-146.274
-135.885
34.7158
39.4264
44.5047
49.6203
54.2463
58.4939
62.2004
65.1119
67.2355
68.7235
69.6748
70.2
70.4308
70.4514
70.3192
70.0801
69.7593
69.3807
68.9511
68.4795
67.9632
67.3991
66.7764
66.0865
65.3351
64.536
63.6978
62.8286
61.9418
61.0553
60.1854
59.3554
58.5833
57.8998
57.3303
56.9092
56.6639
56.6339
56.8083
27.7152
22.4525
16.3135
9.65743
3.09356
-3.9053
-11.0373
-18.0615
-25.0838
-31.9864
-38.7376
-45.3977
-51.9455
-58.4106
-64.8268
-71.204
-77.5578
-83.89
-90.1877
-96.4209
-102.535
-108.434
-114.011
-119.118
-123.725
-127.987
-132.038
-135.872
-139.44
-142.66
-145.435
-147.635
-149.106
-149.642
-148.992
-146.829
-142.731
-136.185
-127.139
32.5868
37.1448
42.0657
47.0321
51.5359
55.6878
59.3265
62.2089
64.3354
65.8516
66.8505
67.4367
67.7319
67.8232
67.762
67.5944
67.346
67.0406
66.686
66.2928
65.8595
65.3856
64.8629
64.2851
63.6561
62.9862
62.282
61.5499
60.8012
60.0495
59.3111
58.5999
57.9377
57.3401
56.8327
56.4346
56.1662
56.0571
56.0866
25.8928
20.8144
14.8981
8.49154
2.18455
-4.53687
-11.3727
-18.0919
-24.8037
-31.3871
-37.8146
-44.1427
-50.3507
-56.4661
-62.5196
-68.5193
-74.4787
-80.3974
-86.2613
-92.0397
-97.68
-103.094
-108.178
-112.806
-116.947
-120.75
-124.329
-127.688
-130.774
-133.527
-135.852
-137.648
-138.779
-139.082
-138.349
-136.315
-132.626
-126.853
-118.975
30.5992
35.0066
39.7707
44.5911
48.9718
53.0243
56.5969
59.447
61.5719
63.111
64.1517
64.79
65.1468
65.3002
65.3034
65.2008
65.018
64.7788
64.492
64.1691
63.8103
63.4168
62.9829
62.5044
61.9834
61.4272
60.8402
60.2278
59.5994
58.966
58.3398
57.7349
57.1631
56.6435
56.1864
55.8117
55.5264
55.3513
55.2762
24.2015
19.306
13.6076
7.44776
1.3893
-5.05393
-11.5993
-18.025
-24.4285
-30.6996
-36.811
-42.8155
-48.6926
-54.4681
-60.1701
-65.8056
-71.3854
-76.9076
-82.3571
-87.7049
-92.8976
-97.8551
-102.483
-106.665
-110.381
-113.765
-116.925
-119.86
-122.529
-124.875
-126.822
-128.281
-129.141
-129.268
-128.493
-126.599
-123.29
-118.205
-111.342
28.7449
33.0035
37.6136
42.287
46.5457
50.5007
54.0013
56.8155
58.9341
60.4908
61.5673
62.2541
62.6627
62.8739
62.9353
62.8914
62.7678
62.5881
62.3622
62.1022
61.8099
61.4877
61.1326
60.7415
60.3153
59.8585
59.3739
58.8657
58.3416
57.8109
57.283
56.7676
56.2768
55.8193
55.4106
55.0543
54.759
54.5356
54.3703
22.6344
17.9182
12.4354
6.5173
0.706738
-5.46879
-11.7285
-17.8617
-23.9669
-29.9333
-35.736
-41.4253
-46.9809
-52.4271
-57.7896
-63.074
-68.2894
-73.4328
-78.4888
-83.4275
-88.2015
-92.732
-96.9352
-100.709
-104.037
-107.044
-109.829
-112.39
-114.695
-116.693
-118.321
-119.502
-120.147
-120.145
-119.358
-117.61
-114.65
-110.173
-104.194
27.0171
31.1287
35.5851
40.1146
44.25
48.1036
51.5333
54.3082
56.4157
57.9845
59.0913
59.818
60.2757
60.5368
60.6501
60.6588
60.5881
60.4618
60.2902
60.0864
59.853
59.5941
59.3082
58.994
58.6508
58.2807
57.885
57.467
57.0332
56.5908
56.1476
55.7107
55.2868
54.8877
54.5143
54.1775
53.8762
53.6156
53.3881
21.1842
16.6454
11.3739
5.69423
0.123502
-5.78439
-11.765
-17.6165
-23.4269
-29.0958
-34.5979
-39.9808
-45.2248
-50.3525
-55.3877
-60.3349
-65.2018
-69.9843
-74.6668
-79.2218
-83.601
-87.7357
-91.5467
-94.9458
-97.9223
-100.592
-103.043
-105.276
-107.264
-108.964
-110.323
-111.277
-111.751
-111.658
-110.883
-109.279
-106.639
-102.701
-97.4915
25.4083
29.3743
33.68
38.064
42.077
45.831
49.1834
51.9151
54.0069
55.5826
56.7138
57.4771
57.9747
58.2813
58.4409
58.4964
58.4731
58.3942
58.2709
58.1168
57.9354
57.7322
57.5072
57.2601
56.9892
56.6943
56.3756
56.0354
55.679
55.3126
54.9418
54.5711
54.2071
53.8521
53.5144
53.1948
52.8945
52.6079
52.3289
19.8441
15.4793
10.4164
4.96993
-0.362316
-6.01222
-11.7192
-17.2908
-22.8168
-28.1957
-33.4055
-38.491
-43.4334
-48.2538
-52.9743
-57.5984
-62.1327
-66.5725
-70.9026
-75.095
-79.1078
-82.8744
-86.3253
-89.383
-92.042
-94.4089
-96.5651
-98.5112
-100.225
-101.67
-102.804
-103.572
-103.914
-103.758
-103.011
-101.549
-99.199
-95.7369
-91.1976
23.9118
27.7341
31.8894
36.1309
40.0202
43.6701
46.9461
49.6312
51.7019
53.2795
54.4299
55.2217
55.7565
56.1013
56.3015
56.3983
56.4168
56.3799
56.2992
56.189
56.0535
55.8991
55.7273
55.5387
55.3303
55.1005
54.8481
54.5747
54.2846
53.9825
53.6731
53.3597
53.0445
52.7324
52.4239
52.1237
51.8229
51.5182
51.2064
18.6072
14.4142
9.55574
4.33875
-0.762429
-6.15597
-11.5955
-16.898
-22.1437
-27.2406
-32.1667
-36.9641
-41.6151
-46.1397
-50.5581
-54.8734
-59.0911
-63.2062
-67.2037
-71.0578
-74.7278
-78.1557
-81.2762
-84.0242
-86.397
-88.4951
-90.39
-92.086
-93.562
-94.7924
-95.7365
-96.3546
-96.5941
-96.3991
-95.6894
-94.3657
-92.2776
-89.2365
-85.2802
22.5208
26.201
30.2088
34.3063
38.0725
41.6199
44.813
47.4474
49.492
51.0665
52.2312
53.0485
53.6117
53.9907
54.2262
54.3591
54.4143
54.4143
54.3713
54.2996
54.2043
54.0925
53.9669
53.829
53.6747
53.5007
53.305
53.0886
52.8549
52.6079
52.3507
52.0856
51.8141
51.5374
51.257
50.971
50.6767
50.3593
50.0214
17.4674
13.4428
8.78553
3.79291
-1.07964
-6.2259
-11.4039
-16.4404
-21.4157
-26.2385
-30.8894
-35.4081
-39.7781
-44.0183
-48.1474
-52.1679
-56.085
-59.8934
-63.5781
-67.1158
-70.4691
-73.5836
-76.4034
-78.8695
-80.987
-82.8442
-84.5114
-85.9874
-87.2618
-88.3069
-89.0965
-89.5908
-89.7545
-89.535
-88.8725
-87.6782
-85.8288
-83.1581
-79.7106
21.2292
24.7693
28.63
32.5862
36.228
39.6688
42.7794
45.3594
47.3721
48.939
50.1134
50.9486
51.5378
51.9442
52.2099
52.3741
52.4612
52.4935
52.4834
52.4454
52.3851
52.3105
52.225
52.1306
52.0226
51.8964
51.749
51.5812
51.3954
51.1947
50.982
50.7583
50.5237
50.2788
50.0219
49.7536
49.4613
49.1377
48.7873
16.4188
12.56
8.09966
3.32723
-1.32402
-6.22579
-11.1489
-15.9298
-20.6397
-25.1965
-29.5808
-33.8299
-37.9292
-41.8967
-45.7492
-49.489
-53.1211
-56.6401
-60.0327
-63.275
-66.3347
-69.1623
-71.7065
-73.9194
-75.806
-77.452
-78.9168
-80.2047
-81.3032
-82.195
-82.8535
-83.2512
-83.3554
-83.1273
-82.5141
-81.4437
-79.8085
-77.4658
-74.4611
20.0311
23.4325
27.1491
30.962
34.48
37.8152
40.837
43.3592
45.3345
46.8898
48.0697
48.9195
49.5264
49.9568
50.2481
50.439
50.5536
50.614
50.6325
50.6238
50.594
50.5515
50.5006
50.4436
50.3752
50.2895
50.1831
50.0562
49.9108
49.7496
49.5743
49.3852
49.1825
48.9648
48.7303
48.4742
48.1923
47.8659
47.5078
15.4562
11.7597
7.49259
2.93514
-1.49793
-6.16381
-10.8386
-15.3679
-19.8223
-24.1216
-28.2479
-32.2369
-36.0762
-39.7822
-43.3702
-46.8428
-50.205
-53.4521
-56.5698
-59.5391
-62.3271
-64.8914
-67.1853
-69.1693
-70.8507
-72.3088
-73.5972
-74.7209
-75.6703
-76.4317
-76.9834
-77.303
-77.3646
-77.1366
-76.5756
-75.6205
-74.1786
-72.1259
-69.5086
18.9213
22.1861
25.7586
29.4303
32.8228
36.0477
38.9804
41.4416
43.3747
44.9163
46.0979
46.9546
47.5763
48.0242
48.3366
48.55
48.6882
48.7726
48.8159
48.8326
48.8292
48.8144
48.7931
48.7682
48.7333
48.6819
48.6101
48.5178
48.4065
48.2782
48.1343
47.9748
47.7987
47.6047
47.3895
47.1506
46.8751
46.5538
46.1921
14.5725
11.0354
6.95694
2.61016
-1.61161
-6.0448
-10.4773
-14.7652
-18.9686
-23.0188
-26.896
-30.635
-34.2258
-37.6821
-41.0173
-44.2354
-47.3421
-50.3326
-53.1947
-55.9083
-58.4466
-60.7696
-62.8367
-64.6148
-66.1135
-67.4057
-68.5402
-69.5221
-70.3443
-70.9961
-71.4601
-71.7182
-71.7497
-71.5291
-71.0208
-70.1726
-68.9048
-67.1088
-64.8309
17.8933
21.0234
24.4556
27.9841
31.2518
34.3668
37.2029
39.5988
41.4828
43.0111
44.1924
45.0523
45.6807
46.1431
46.4724
46.7043
46.862
46.9667
47.0311
47.0697
47.089
47.0982
47.1023
47.1045
47.098
47.0756
47.033
46.9698
46.887
46.7866
46.6694
46.5348
46.3822
46.2094
46.0128
45.7876
45.5242
45.2074
44.8506
13.7607
10.3784
6.48396
2.34187
-1.67205
-5.88089
-10.0769
-14.1265
-18.0866
-21.8963
-25.5292
-29.0259
-32.3806
-35.5997
-38.6937
-41.67
-44.5356
-47.2857
-49.9075
-52.3853
-54.6925
-56.7951
-58.6565
-60.2498
-61.5859
-62.7319
-63.7321
-64.5917
-65.3056
-65.8658
-66.2581
-66.4683
-66.4796
-66.2719
-65.8152
-65.0661
-63.9547
-62.3866
-60.4063
16.9402
19.9392
23.2329
26.6219
29.7652
32.7668
35.5058
37.8307
39.6507
41.1657
42.347
43.2038
43.8369
44.3091
44.6523
44.8992
45.073
45.1947
45.277
45.3342
45.373
45.4026
45.4285
45.4538
45.4714
45.4733
45.455
45.4163
45.3576
45.2805
45.1858
45.0729
44.9404
44.7862
44.6067
44.396
44.1441
43.835
43.4851
13.0176
9.78637
6.07049
2.12714
-1.68659
-5.67685
-9.64305
-13.4642
-17.1857
-20.7645
-24.1541
-27.4122
-30.5413
-33.5348
-36.3987
-39.1457
-41.7845
-44.3094
-46.7087
-48.9673
-51.0633
-52.9646
-54.6406
-56.0677
-57.2596
-58.2767
-59.1602
-59.9143
-60.5363
-61.0199
-61.3541
-61.527
-61.5263
-61.3347
-60.9291
-60.2706
-59.3005
-57.9342
-56.2164
16.0586
18.9284
22.0877
25.3359
28.3574
31.2471
33.887
36.1373
37.8745
39.3741
40.5535
41.4043
42.0362
42.5171
42.8713
43.1305
43.3178
43.4539
43.5516
43.6248
43.6803
43.7275
43.7722
43.8175
43.8554
43.8782
43.8807
43.8625
43.8241
43.767
43.6915
43.5967
43.4818
43.3441
43.1797
42.9827
42.7428
42.4433
42.1033
12.3479
9.26597
5.72632
1.9763
-1.64264
-5.42375
-9.17043
-12.7723
-16.2687
-19.6241
-22.7829
-25.8171
-28.7318
-31.5048
-34.1443
-36.6712
-39.0947
-41.4069
-43.5971
-45.6528
-47.5534
-49.2721
-50.78
-52.0594
-53.1225
-54.0275
-54.8087
-55.4734
-56.0168
-56.4379
-56.724
-56.8696
-56.8618
-56.6904
-56.3319
-55.7585
-54.914
-53.7286
-52.2398
15.2508
17.9917
21.0122
24.1177
27.0134
29.7841
32.3278
34.505
36.1685
37.6585
38.8249
39.6556
40.2838
40.7674
41.1293
41.3964
41.5939
41.7412
41.8517
41.9381
42.0081
42.0703
42.1315
42.1936
42.2495
42.29
42.3108
42.3105
42.2899
42.25
42.1914
42.1127
42.0133
41.8902
41.7399
41.5565
41.3286
41.0397
40.7104
11.7499
8.81625
5.45188
1.89173
-1.53711
-5.11275
-8.64563
-12.043
-15.3217
-18.4631
-21.409
-24.2588
-26.9811
-29.5308
-31.9435
-34.2573
-36.4756
-38.5854
-40.5761
-42.4407
-44.1609
-45.711
-47.0664
-48.2122
-49.1625
-49.9678
-50.6622
-51.2485
-51.7273
-52.095
-52.3449
-52.4681
-52.4604
-52.3086
-51.9979
-51.5004
-50.7719
-49.7468
-48.4651
14.5151
17.1255
20.0046
22.958
25.7214
28.362
30.8009
32.8939
34.5153
36.0353
37.1757
37.9649
38.5767
39.0655
39.4295
39.7019
39.9047
40.0611
40.1802
40.2778
40.3583
40.4337
40.5072
40.5844
40.6542
40.7105
40.746
40.7618
40.7562
40.7319
40.6876
40.6237
40.5383
40.429
40.2933
40.1223
39.9075
39.6297
39.3132
11.278
8.45853
5.22499
1.81943
-1.4468
-4.83682
-8.14806
-11.314
-14.3104
-17.2181
-19.7645
-22.5006
-25.1642
-27.5728
-29.8363
-32.0269
-34.1318
-36.1243
-37.9981
-39.7465
-41.3547
-42.7982
-44.0536
-45.1106
-45.9845
-46.7222
-47.3564
-47.8879
-48.3204
-48.6526
-48.8656
-48.9677
-48.9533
-48.8104
-48.525
-48.0737
-47.4174
-46.4978
-45.3508
13.9366
16.4387
19.2009
22.0046
24.619
27.073
29.3102
31.1488
32.6025
34.391
35.6163
36.4024
37.0409
37.5638
37.9575
38.2489
38.4705
38.6421
38.7779
38.8886
38.9843
39.0727
39.1614
39.2522
39.3372
39.4063
39.4549
39.4819
39.4877
39.4729
39.4379
39.3822
39.3044
39.203
39.073
38.9098
38.7015
38.431
38.1197
10.8956
8.16836
5.04247
1.76643
-1.35548
-4.56558
-7.65427
-10.5685
-13.2344
-15.8692
-17.8943
-20.5999
-23.3045
-25.6336
-27.8033
-29.9313
-31.9838
-33.9188
-35.7284
-37.4125
-38.9554
-40.3336
-41.5276
-42.5296
-43.3537
-44.0462
-44.6385
-45.1301
-45.5283
-45.8348
-46.0101
-46.0894
-46.0637
-45.9198
-45.6431
-45.2158
-44.6007
-43.7444
-42.6812
13.4656
15.8756
18.5278
21.18
23.6296
25.8574
27.8227
29.321
30.5202
32.7038
34.1058
34.9315
35.6166
36.2006
36.6404
36.9646
37.2128
37.4073
37.5635
37.6924
37.8048
37.9096
38.0147
38.1218
38.2224
38.3052
38.3657
38.4032
38.4179
38.4104
38.3815
38.3305
38.2565
38.1576
38.0309
37.8692
37.6631
37.3925
37.0835
10.5224
7.88991
4.87534
1.73291
-1.24041
-4.26735
-7.13331
-9.79187
-12.14
-14.497
-16.0166
-18.6654
-21.3961
-23.6437
-25.7106
-27.765
-29.7588
-31.632
-33.3775
-34.9953
-36.474
-37.7895
-38.9264
-39.8754
-40.6508
-41.2985
-41.851
-42.3047
-42.6719
-42.9563
-43.099
-43.1594
-43.1285
-42.9877
-42.724
-42.3235
-41.7525
-40.961
-39.9905
13.0007
15.3174
17.8558
20.3568
22.6424
24.6381
26.3418
27.5101
28.4465
30.9602
32.5492
33.4152
34.1396
34.776
35.2617
35.6194
35.8936
36.1109
36.2873
36.4347
36.564
36.6855
36.8069
36.9312
37.047
37.144
37.2168
37.2657
37.2898
37.291
37.2688
37.2236
37.1545
37.0598
36.9361
36.7773
36.5733
36.304
35.9954
10.159
7.62291
4.72215
1.71563
-1.10774
-3.94725
-6.59162
-8.99338
-11.0369
-13.095
-14.1517
-16.7116
-19.4378
-21.6051
-23.5677
-25.5388
-27.4664
-29.2759
-30.954
-32.506
-33.9207
-35.1755
-36.2579
-37.1548
-37.8831
-38.4869
-39.0013
-39.4178
-39.7557
-40.0182
-40.1297
-40.171
-40.1351
-39.9968
-39.7465
-39.3715
-38.8441
-38.1131
-37.2182
12.5438
14.7671
17.1906
19.5396
21.6641
23.4258
24.8759
25.7168
26.395
29.1614
30.9397
31.8609
32.6157
33.2978
33.8282
34.2186
34.5204
34.76
34.9581
35.1235
35.271
35.4079
35.5466
35.6865
35.8189
35.9293
36.0158
36.0756
36.1108
36.1205
36.1065
36.0678
36.0048
35.9154
35.7962
35.6413
35.4391
35.1714
34.8637
9.80929
7.37019
4.58471
1.71483
-0.957353
-3.60996
-6.03625
-8.17956
-9.93522
-11.6742
-12.3228
-14.7573
-17.4395
-19.5217
-21.3792
-23.258
-25.1103
-26.8503
-28.4606
-29.9451
-31.2958
-32.4929
-33.5221
-34.3706
-35.0559
-35.623
-36.1064
-36.4954
-36.8132
-37.065
-37.1573
-37.1917
-37.1595
-37.0331
-36.8018
-36.4573
-35.975
-35.3135
-34.5298
12.0997
14.2301
16.5368
18.7367
20.7018
22.2228
23.4313
23.9326
24.3633
27.3103
29.2711
30.261
31.0486
31.7721
32.3419
32.7642
33.0893
33.3527
33.571
33.7577
33.9228
34.0781
34.2329
34.3904
34.5386
34.6648
34.7647
34.8378
34.884
34.9039
34.8978
34.8663
34.8091
34.7248
34.6106
34.4596
34.2615
33.9959
33.6923
9.47629
7.13315
4.46208
1.72827
-0.795183
-3.26121
-5.47501
-7.36377
-8.84859
-10.2485
-10.5448
-12.8174
-15.4092
-17.3964
-19.1481
-20.9269
-22.6937
-24.3594
-25.8985
-27.316
-28.6043
-29.746
-30.7219
-31.5199
-32.1578
-32.6814
-33.1256
-33.4773
-33.7637
-33.9912
-34.0534
-34.0697
-34.0318
-33.9094
-33.6931
-33.3767
-32.9351
-32.3203
-31.5522
11.6737
13.7129
15.9028
17.9559
19.7616
21.0365
22.0094
22.1486
22.3354
25.407
27.5379
28.606
29.4294
30.1961
30.8109
31.2665
31.6139
31.8946
32.1301
32.3343
32.5173
32.6902
32.8629
33.0377
33.2027
33.3448
33.4603
33.5487
33.6099
33.6437
33.6505
33.6303
33.5827
33.5061
33.3983
33.2524
33.0581
32.794
32.4882
9.16357
6.91167
4.35025
1.74805
-0.628888
-2.9128
-4.91977
-6.55715
-7.78683
-8.83315
-8.83483
-10.9055
-13.3578
-15.2352
-16.878
-18.5485
-20.2197
-21.8022
-23.2675
-24.6171
-25.847
-26.9382
-27.8726
-28.6403
-29.2594
-29.7712
-30.2104
-30.5623
-30.8574
-31.1024
-31.1758
-31.2105
-31.1983
-31.1047
-30.9201
-30.6424
-30.2593
-29.7504
-29.208
11.2729
13.2249
15.2987
17.2096
18.8477
19.8591
20.5993
20.3393
20.2776
23.4466
25.7466
26.8965
27.7454
28.5456
29.208
29.7131
30.099
30.4078
30.6618
30.8814
31.0775
31.265
31.4521
31.643
31.8217
31.977
32.1032
32.2028
32.2741
32.3191
32.3371
32.3296
32.2955
32.234
32.1419
32.0122
31.8353
31.5918
31.3213
8.8737
6.70469
4.24395
1.76481
-0.472638
-2.57921
-4.38268
-5.77085
-6.75833
-7.44359
-7.2066
-9.03566
-11.2968
-13.0438
-14.5697
-16.123
-17.6873
-19.18
-20.5666
-21.846
-23.0088
-24.0327
-24.8954
-25.5848
-26.1234
-26.5602
-26.9292
-27.2144
-27.448
-27.6367
-27.6556
-27.6527
-27.6192
-27.5216
-27.3491
-27.0988
-26.7396
-26.2053
-25.4462
10.9022
12.7722
14.7346
16.5086
17.9635
18.6956
19.1978
18.4821
18.1339
21.396
23.8978
25.1662
26.0506
26.8525
27.517
28.0375
28.4594
28.8135
29.1157
29.3747
29.6041
29.8167
30.0272
30.2397
30.4432
30.622
30.7712
30.8897
30.9772
31.033
31.0575
31.051
31.0142
30.9474
30.8492
30.7146
30.5305
30.2642
29.9214
8.60901
6.51718
4.14879
1.78128
-0.327342
-2.27074
-3.87995
-5.02788
-5.79123
-6.11535
-5.67918
-7.22212
-9.24112
-10.8303
-12.2269
-13.6497
-15.0928
-16.4859
-17.7986
-19.0264
-20.1601
-21.1814
-22.0756
-22.8347
-23.4619
-23.983
-24.4361
-24.8066
-25.1377
-25.4334
-25.5425
-25.6209
-25.6641
-25.6325
-25.5195
-25.3326
-25.0889
-24.8213
-24.7277
10.5613
12.3532
14.2108
15.8611
17.1277
17.5985
17.8756
16.5879
15.8565
19.1833
21.9008
23.3627
24.3952
25.2902
25.971
26.4426
26.7915
27.0886
27.3667
27.6309
27.8837
28.1278
28.3707
28.6119
28.8394
29.043
29.2238
29.3828
29.5198
29.634
29.7246
29.7892
29.8249
29.828
29.7941
29.7185
29.6023
29.4572
29.3861
8.37642
6.35909
4.07853
1.81245
-0.18375
-1.98924
-3.43214
-4.38175
-4.95718
-4.90695
-4.2738
-5.49266
-7.21488
-8.60837
-9.85919
-11.1405
-12.4382
-13.6887
-14.8628
-15.9501
-16.9338
-17.7809
-18.4579
-18.9483
-19.3048
-19.6004
-19.8582
-20.0487
-20.1974
-20.3083
-20.2687
-20.2372
-20.2055
-20.1378
-20.0217
-19.8433
-19.5391
-18.9719
-17.9146
10.2553
11.9734
13.7361
15.2771
16.3694
16.6558
16.7113
14.6499
13.4365
16.7992
19.6166
21.1673
22.3601
23.5159
24.4981
25.2154
25.6945
26.0038
26.2182
26.392
26.5613
26.7459
26.9584
27.1905
27.4093
27.5869
27.7187
27.8066
27.8559
27.871
27.8569
27.8189
27.7628
27.6929
27.6087
27.4968
27.3121
26.9441
26.2488
8.19036
6.22005
3.99791
1.80939
-0.0962268
-1.78552
-3.0805
-3.86796
-4.25896
-3.79873
-2.98934
-3.88718
-5.2571
-6.3919
-7.45863
-8.59932
-9.80072
-11.0133
-12.2112
-13.3866
-14.5331
-15.6468
-16.7188
-17.7186
-18.5626
-19.2296
-19.8044
-20.3001
-20.7978
-21.2943
-21.5463
-21.7184
-21.8609
-21.9437
-21.9548
-21.9187
-21.9252
-22.137
-22.9942
10.0237
11.6909
13.3755
14.8039
15.7044
15.8046
15.4383
12.3616
10.8208
14.4703
17.4083
18.8381
19.7409
20.5934
21.4597
22.3347
23.1945
23.9808
24.6475
25.1799
25.5949
25.9209
26.2027
26.505
26.8814
27.3019
27.7142
28.0987
28.4492
28.7623
29.0321
29.2489
29.405
29.4957
29.5258
29.5184
29.5511
29.7988
30.6237
8.05534
6.04367
3.78917
1.60466
-0.249254
-1.81712
-2.90844
-3.44454
-3.48835
-2.56728
-1.74394
-2.40768
-3.43783
-4.26346
-5.00589
-5.76149
-6.52965
-7.28539
-8.00915
-8.67905
-9.25187
-9.65929
-9.84435
-9.8182
-9.76909
-9.81344
-9.89954
-9.92487
-9.86983
-9.86348
-9.72247
-9.61249
-9.55777
-9.50729
-9.43494
-9.31443
-8.99804
-8.21518
-6.35306
9.91983
11.5956
13.2397
14.5305
15.1378
14.8
13.4017
9.16819
7.66785
12.1227
15.9652
18.2737
19.5936
20.1709
20.1176
19.6904
19.1629
18.7538
18.5512
18.5531
18.7237
19.0249
19.3972
19.7018
19.7992
19.7601
19.7042
19.6483
19.5887
19.5231
19.4628
19.423
19.4148
19.4407
19.4842
19.4858
19.2711
18.4873
16.5531
7.9406
5.82042
3.45629
1.20291
-0.645994
-2.10004
-2.94954
-3.13096
-2.64619
-1.26777
-0.494823
-0.917479
-1.68833
-2.48616
-3.36068
-4.33024
-5.39802
-6.56652
-7.84799
-9.2659
-10.854
-12.6264
-14.5054
-16.2927
-17.6435
-18.5467
-19.4313
-20.1695
-21.2643
-22.7843
-22.5687
-22.7786
-23.3128
-23.7348
-23.9872
-24.2137
-24.6611
-25.6878
-27.9889
9.89196
11.6203
13.2652
14.4325
14.7213
13.7743
10.9952
5.77243
3.51299
7.66049
12.1361
16.4521
20.5819
24.4597
27.7169
30.1679
31.8847
32.9319
33.4732
33.6858
33.7237
33.7071
33.812
34.3256
35.3673
36.5202
37.4564
38.2136
38.8665
39.4304
39.8839
40.2142
40.4273
40.5446
40.6171
40.7488
41.2064
42.3963
45.0053
-498.341
-485.072
-460.999
-441.283
-423.161
-403.929
-382.871
-360.407
-337.221
-314.442
-293.274
-275.736
-262.896
-255.238
-252.089
-252.947
-256.809
-263.367
-271.925
-282.335
-294.014
-307.01
-320.91
-335.111
-348.039
-358.244
-364.505
-366.662
-364.978
-360.129
-352.598
-343.047
-332.102
-320.436
-308.344
-295.99
-283.429
-270.801
-258.194
-245.741
-233.515
-221.609
-210.063
-198.924
-188.205
-177.929
-168.093
-158.712
-149.776
-141.28
-133.206
-125.539
-118.264
-111.359
-104.805
-98.5845
-92.6781
-87.069
-81.7407
-76.6767
-71.8639
-67.2873
-62.9344
-58.7897
-54.8421
-51.0745
-47.4849
-44.5035
-41.9118
-39.3085
-36.5921
-34.0206
-31.0251
-28.9239
-24.8999
-24.8147
-17.134
-23.7165
-5.18425
-29.7036
-462.875
-418.775
-379.515
-341.624
-305.783
-271.768
-239.831
-209.746
-181.708
-155.588
-131.433
-109.215
-88.866
-70.3873
-53.6528
-38.6523
-25.2246
-13.3319
-2.79566
6.44186
14.5638
21.633
27.817
33.1612
37.8112
41.8026
45.2604
48.2046
50.7436
52.8864
54.7262
56.2612
57.5701
58.6425
59.5458
60.2627
60.8497
61.285
61.6172
61.8206
61.9374
61.9397
61.8652
61.6849
61.4331
61.0812
60.6612
60.1456
59.5648
58.8911
58.1564
57.331
56.4475
55.4891
54.4749
53.3998
52.273
51.0965
49.8749
48.6103
47.3142
45.9891
44.6379
43.2694
41.8876
40.4969
39.1032
37.9114
36.8724
35.7859
34.6563
33.4879
32.2781
31.1466
29.6593
29.3927
25.6772
31.2913
15.2653
46.1927
124.373
133.003
141.016
145.594
148.226
150.726
154.17
158.669
164.203
170.078
175.047
177.78
177.278
172.989
164.824
153.041
137.867
119.764
99.2336
77.0567
53.8819
30.4526
7.1704
-15.5413
-37.4923
-58.3834
-78.0964
-96.461
-113.438
-128.838
-142.498
-154.222
-163.983
-171.709
-177.432
-181.184
-183.124
-183.402
-182.244
-179.843
-176.431
-172.19
-167.314
-161.939
-156.213
-150.237
-144.128
-137.966
-131.823
-125.739
-119.754
-113.897
-108.187
-102.638
-97.2582
-92.0539
-87.0284
-82.183
-77.5161
-73.0264
-68.7104
-64.5649
-60.586
-56.7656
-53.1
-49.5765
-46.1995
-43.3755
-40.9128
-38.4414
-35.839
-33.3879
-30.4787
-28.4922
-24.5362
-24.5239
-17.0032
-23.4029
-5.52791
-29.1855
120.261
118.319
116.163
113.903
111.477
108.933
106.445
103.956
101.614
99.3747
97.3306
95.4503
93.7831
92.2864
90.977
89.8086
88.7769
87.8413
86.9813
86.1673
85.3777
84.5985
83.8076
82.9998
82.1575
81.2902
80.382
79.4496
78.4825
77.5044
76.5053
75.5112
74.5106
73.5304
72.5555
71.6107
70.6771
69.7772
68.8883
68.0302
67.1771
66.3477
65.514
64.6935
63.8579
63.0244
62.1654
61.2979
60.3934
59.4726
58.5008
57.508
56.4659
55.3979
54.2849
53.142
51.9619
50.75
49.5049
48.2327
46.9311
45.6059
44.2651
42.908
41.5409
40.1673
38.792
37.6188
36.5996
35.5303
34.4182
33.2709
32.0778
30.9725
29.4949
29.2651
25.5922
31.0569
15.6303
45.1891
269.593
275.965
283.243
290.167
295.828
300.02
302.726
304.167
304.572
304.226
303.112
301.07
297.596
292.204
284.377
273.835
260.346
243.942
224.745
203.104
179.486
154.518
128.847
103.114
77.8756
53.5973
30.6235
9.1445
-10.7778
-29.1748
-46.0524
-61.4074
-75.1953
-87.3902
-97.9465
-106.884
-114.219
-120.028
-124.374
-127.376
-129.139
-129.805
-129.491
-128.335
-126.449
-123.966
-120.995
-117.652
-114.009
-110.144
-106.117
-101.985
-97.7909
-93.5715
-89.3564
-85.1721
-81.0397
-76.9753
-72.9914
-69.0974
-65.3022
-61.6109
-58.0282
-54.5531
-51.1883
-47.9283
-44.7776
-42.1268
-39.8071
-37.4758
-35.0008
-32.6736
-29.8803
-27.9779
-24.1768
-24.1089
-16.9774
-22.8687
-6.07082
-28.2738
264.59
259.832
254.702
249.276
243.556
237.608
231.414
225.031
218.455
211.752
204.918
198.033
191.09
184.173
177.276
170.481
163.78
157.25
150.884
144.743
138.82
133.163
127.759
122.64
117.789
113.222
108.922
104.891
101.112
97.5807
94.2804
91.2028
88.3328
85.6591
83.1705
80.8522
78.6968
76.686
74.8154
73.0639
71.4293
69.8882
68.4405
67.0615
65.753
64.49
63.2766
62.0849
60.9253
59.7592
58.6128
57.4506
56.2954
55.1173
53.9346
52.7286
51.5098
50.2698
49.0123
47.7323
46.4364
45.1238
43.7948
42.4559
41.1105
39.7604
38.4102
37.2614
36.2632
35.2177
34.129
33.0047
31.8349
30.7549
29.3124
29.0683
25.5718
30.6347
16.1907
43.9852
241.703
244.44
247.295
249.971
252.058
253.388
254.022
254.029
253.536
252.537
251.048
248.923
246.082
242.292
237.429
231.245
223.629
214.385
203.477
190.84
176.587
160.84
143.86
125.901
107.319
88.4533
69.6944
51.3532
33.6942
16.8648
0.992087
-13.8396
-27.5559
-40.1056
-51.4501
-61.5696
-70.4666
-78.1498
-84.6532
-90.0105
-94.2854
-97.5327
-99.8314
-101.246
-101.867
-101.774
-101.074
-99.8375
-98.1433
-96.055
-93.6434
-90.9655
-88.0771
-85.0233
-81.8477
-78.5882
-75.276
-71.9371
-68.5936
-65.2651
-61.967
-58.7128
-55.5133
-52.3739
-49.3031
-46.2996
-43.3745
-40.8948
-38.7108
-36.5116
-34.1579
-31.9473
-29.2643
-27.4486
-23.7816
-23.7029
-16.8564
-22.4426
-6.33206
-27.6606
238.807
235.398
231.876
228.199
224.449
220.568
216.601
212.497
208.308
203.979
199.563
195.009
190.374
185.608
180.77
175.817
170.81
165.715
160.597
155.427
150.274
145.118
140.025
134.981
130.047
125.213
120.531
115.991
111.634
107.451
103.47
99.6809
96.1008
92.717
89.5385
86.5514
83.7567
81.1411
78.6985
76.4174
74.2857
72.2942
70.4269
68.6764
67.0242
65.4655
63.977
62.561
61.1785
59.8521
58.5442
57.2748
56.009
54.764
53.5116
52.2664
51.011
49.7527
48.4821
47.2057
45.9144
44.6108
43.3003
41.981
40.6578
39.3318
38.0072
36.8797
35.9016
34.875
33.8061
32.7056
31.558
30.5021
29.089
28.8399
25.4715
30.2877
16.4289
43.2111
199.457
200.19
200.762
201.183
201.296
201.094
200.587
199.855
198.869
197.621
196.006
193.996
191.473
188.401
184.651
180.192
174.899
168.751
161.652
153.617
144.615
134.719
123.964
112.471
100.327
87.7016
74.7417
61.645
48.5523
35.617
22.9489
10.6827
-1.08737
-12.2517
-22.7321
-32.4484
-41.3495
-49.3916
-56.5528
-62.8274
-68.2224
-72.7607
-76.4673
-79.3831
-81.5473
-83.0247
-83.8706
-84.1497
-83.9019
-83.1914
-82.0692
-80.5932
-78.8111
-76.7731
-74.5242
-72.1056
-69.5515
-66.8941
-64.1616
-61.378
-58.5656
-55.7421
-52.9238
-50.1208
-47.3464
-44.6045
-41.908
-39.6038
-37.5592
-35.4937
-33.2632
-31.1731
-28.6011
-26.8817
-23.335
-23.2853
-16.6492
-22.0692
-6.41973
-27.2092
198.153
196.253
194.218
192.058
189.778
187.408
184.92
182.35
179.667
176.911
174.043
171.111
168.073
164.976
161.778
158.527
155.179
151.784
148.298
144.773
141.168
137.535
133.84
130.134
126.39
122.66
118.92
115.222
111.55
107.95
104.409
100.97
97.6194
94.3927
91.279
88.3036
85.4564
82.7531
80.1838
77.7556
75.4587
73.2933
71.2496
69.3225
67.5033
65.7787
64.1472
62.5738
61.0805
59.6306
58.2435
56.8841
55.5672
54.2606
52.9794
51.6989
50.431
49.1589
47.8915
46.6146
45.3356
44.051
42.7579
41.4614
40.1629
38.8629
37.5654
36.4612
35.5007
34.4955
33.4488
32.3695
31.2446
30.2113
28.8288
28.5811
25.3084
29.9664
16.4791
42.5953
162.427
162.243
161.914
161.469
160.886
160.144
159.283
158.291
157.192
155.93
154.487
152.775
150.77
148.38
145.585
142.3
138.513
134.15
129.211
123.643
117.473
110.684
103.339
95.4507
87.1007
78.332
69.2465
59.9069
50.4122
40.8219
31.2301
21.704
12.3368
3.19715
-5.62538
-14.066
-22.0468
-29.514
-36.4095
-42.6998
-48.3531
-53.3565
-57.7025
-61.3966
-64.458
-66.9109
-68.7935
-70.1237
-70.9406
-71.2763
-71.178
-70.6838
-69.8387
-68.6832
-67.2601
-65.6055
-63.7551
-61.7415
-59.5948
-57.3425
-55.0087
-52.6152
-50.1814
-47.7212
-45.2517
-42.7795
-40.3229
-38.2022
-36.3048
-34.3823
-32.2856
-30.3232
-27.8716
-26.2553
-22.8372
-22.8227
-16.4026
-21.6591
-6.48066
-26.7109
162.079
161.23
160.281
159.214
158.054
156.794
155.454
154.013
152.492
150.866
149.162
147.353
145.47
143.483
141.43
139.277
137.065
134.759
132.402
129.959
127.473
124.908
122.311
119.646
116.958
114.213
111.458
108.664
105.873
103.062
100.274
97.4877
94.7432
92.0247
89.3675
86.7594
84.2294
81.7674
79.3959
77.1059
74.9131
72.8087
70.802
68.8851
67.0566
65.3156
63.6351
62.0387
60.4949
59.024
57.5942
56.2197
54.8691
53.5573
52.2572
50.9816
49.7082
48.4487
47.1856
45.9304
44.6696
43.4047
42.14
40.872
39.6033
38.3338
37.0678
35.9887
35.0517
34.0691
33.0456
31.9928
30.8937
29.8848
28.5352
28.2849
25.1161
29.5982
16.507
41.901
130.297
129.777
129.14
128.448
127.67
126.823
125.897
124.909
123.83
122.67
121.388
119.973
118.363
116.542
114.454
112.088
109.39
106.357
102.94
99.1395
94.9177
90.2914
85.2408
79.8022
73.9757
67.8143
61.3368
54.6052
47.6454
40.5194
33.263
25.9449
18.6106
11.3309
4.15584
-2.84633
-9.62657
-16.1222
-22.2892
-28.0759
-33.4496
-38.3724
-42.8258
-46.793
-50.2713
-53.2642
-55.765
-57.7875
-59.3364
-60.4392
-61.117
-61.4015
-61.32
-60.9072
-60.194
-59.2133
-57.9961
-56.5736
-54.9742
-53.2247
-51.3516
-49.3772
-47.3227
-45.2044
-43.0416
-40.8449
-38.6325
-36.7018
-34.9586
-33.1854
-31.2293
-29.4016
-27.0794
-25.57
-22.2929
-22.3091
-16.1257
-21.197
-6.52945
-26.1424
130.42
130.17
129.848
129.464
129.015
128.515
127.954
127.343
126.662
125.922
125.106
124.225
123.26
122.228
121.105
119.916
118.632
117.283
115.84
114.335
112.74
111.088
109.351
107.567
105.705
103.805
101.838
99.8437
97.7937
95.7278
93.6214
91.5116
89.3765
87.2521
85.1203
83.0132
80.9159
78.8572
76.8253
74.8441
72.9034
71.0227
69.1938
67.4261
65.7189
64.0547
62.459
60.9077
59.423
57.9786
56.5896
55.228
53.9095
52.6097
51.3403
50.0784
48.8366
47.5947
46.3666
45.1323
43.9012
42.6713
41.4391
40.2062
38.9733
37.7392
36.5088
35.46
34.5469
33.5916
32.5968
31.5711
30.5009
29.5167
28.2072
27.9484
24.8989
29.1726
16.5284
41.1325
104.312
103.711
103.044
102.341
101.598
100.803
99.9675
99.0791
98.1428
97.134
96.0558
94.8766
93.588
92.1466
90.5467
88.7497
86.7564
84.5322
82.0812
79.37
76.4052
73.1567
69.6363
65.8226
61.7382
57.3748
52.7649
47.91
42.8474
37.5852
32.1642
26.604
20.9532
15.2418
9.52351
3.83513
-1.76875
-7.24981
-12.5564
-17.6541
-22.4994
-27.0669
-31.3225
-35.2454
-38.8153
-42.0088
-44.8162
-47.2232
-49.232
-50.8454
-52.0774
-52.9378
-53.4475
-53.6256
-53.4968
-53.0844
-52.4151
-51.5141
-50.4067
-49.1186
-47.6744
-46.0962
-44.4052
-42.6186
-40.7571
-38.8323
-36.8656
-35.1269
-33.5396
-31.9183
-30.1077
-28.4171
-26.2303
-24.8299
-21.7013
-21.7489
-15.8097
-20.6975
-6.53597
-25.545
104.612
104.646
104.634
104.577
104.482
104.355
104.203
104.02
103.807
103.555
103.271
102.939
102.57
102.145
101.678
101.148
100.569
99.9206
99.2198
98.4427
97.6109
96.6993
95.7321
94.6838
93.5825
92.4023
91.173
89.8698
88.5243
87.113
85.668
84.1669
82.6419
81.0736
79.4922
77.8804
76.2672
74.6382
73.0194
71.3981
69.7981
68.2097
66.6483
65.1124
63.5918
62.1123
60.6571
59.2489
57.8678
56.53
55.2121
53.9314
52.6675
51.4327
50.2061
49.0009
47.7971
46.6079
45.4113
44.223
43.0338
41.8442
40.6546
39.4637
38.2719
37.0783
35.8883
34.8714
33.9871
33.0607
32.0948
31.1009
30.0623
29.1051
27.8374
27.5659
24.6454
28.6977
16.5077
40.3445
83.8276
83.2882
82.7011
82.0981
81.4626
80.798
80.0985
79.3693
78.5976
77.7835
76.9095
75.9753
74.9581
73.8488
72.6175
71.2594
69.7501
68.0908
66.2604
64.2639
62.0807
59.717
57.1521
54.3944
51.4266
48.2627
44.8926
41.3373
37.593
33.684
29.6112
25.4034
21.069
16.6407
12.1359
7.59293
3.03602
-1.49384
-5.969
-10.3484
-14.605
-18.7001
-22.6081
-26.2982
-29.7407
-32.9129
-35.7896
-38.3563
-40.5991
-42.5162
-44.1017
-45.3597
-46.2963
-46.923
-47.2521
-47.3013
-47.0882
-46.6326
-45.9557
-45.0792
-44.025
-42.8127
-41.4624
-39.9912
-38.4196
-36.7609
-35.0351
-33.4873
-32.0569
-30.5882
-28.9244
-27.3732
-25.3258
-24.0361
-21.0616
-21.1427
-15.4482
-20.1645
-6.49007
-24.9366
84.1468
84.2894
84.4078
84.5022
84.5708
84.6257
84.6709
84.7099
84.736
84.7523
84.7507
84.7347
84.6943
84.6351
84.5445
84.4296
84.2755
84.0917
83.8611
83.5949
83.2744
82.9132
82.4907
82.0232
81.4893
80.9077
80.2561
79.5561
78.7857
77.9683
77.0825
76.1537
75.162
74.133
73.0481
71.9337
70.7738
69.593
68.3772
67.1503
65.9011
64.6472
63.3854
62.1114
60.848
59.5847
58.3426
57.1073
55.8948
54.6871
53.5019
52.3237
51.1652
50.0091
48.8694
47.7287
46.5999
45.4605
44.3297
43.1946
42.0603
40.9231
39.7843
38.6403
37.495
36.3467
35.2008
34.221
33.3661
32.4714
31.5391
30.5767
29.5723
28.6417
27.4217
27.1348
24.3493
28.1774
16.4332
39.5498
68.0613
67.5883
67.0857
66.5709
66.0389
65.4853
64.9142
64.32
63.7039
63.0543
62.3701
61.6367
60.8527
60.0003
59.0726
58.048
56.923
55.6794
54.3184
52.8248
51.2032
49.4391
47.5381
45.4851
43.2858
40.9256
38.4134
35.7389
32.916
29.9386
26.8246
23.574
20.2071
16.7281
13.161
9.51567
5.8204
2.09155
-1.63908
-5.35135
-9.0126
-12.5999
-16.0834
-19.434
-22.6247
-25.6292
-28.4234
-30.9859
-33.3017
-35.3555
-37.1383
-38.6429
-39.8685
-40.815
-41.4887
-41.8974
-42.0525
-41.9673
-41.6577
-41.1406
-40.4334
-39.5527
-38.5164
-37.3403
-36.0442
-34.6404
-33.15
-31.7899
-30.5148
-29.1979
-27.6827
-26.271
-24.3663
-23.1886
-20.3722
-20.4898
-15.0407
-19.5968
-6.39651
-24.3112
68.3774
68.5816
68.7818
68.9726
69.1492
69.3156
69.4794
69.6402
69.799
69.9524
70.1017
70.2417
70.3753
70.4956
70.6063
70.6991
70.7787
70.8349
70.8739
70.8833
70.871
70.8225
70.7472
70.6292
70.4794
70.2801
70.0443
69.7536
69.4226
69.0322
68.5989
68.1044
67.5664
66.9667
66.325
65.625
64.8867
64.0948
63.2703
62.4007
61.5032
60.5724
59.6082
58.6281
57.6267
56.6208
55.6005
54.5798
53.5457
52.515
51.4764
50.4427
49.4002
48.3635
47.3184
46.2782
45.2216
44.1692
43.1086
42.047
40.9778
39.9039
38.8195
37.7306
36.6368
35.539
34.4433
33.5023
32.6815
31.821
30.9219
29.9954
29.0275
28.1265
26.9551
26.6511
24.0058
27.6082
16.3084
38.7334
56.271
55.8956
55.4913
55.077
54.6461
54.2009
53.7386
53.2622
52.7658
52.2494
51.7037
51.1266
50.5068
49.8417
49.1174
48.3283
47.4587
46.5054
45.456
44.3106
43.0593
41.7051
40.2388
38.6648
36.9729
35.1668
33.2353
31.1829
29.0002
26.694
24.2585
21.7049
19.033
16.2577
13.3837
10.4287
7.40248
4.32582
1.21249
-1.91519
-5.03957
-8.13839
-11.1884
-14.166
-17.0483
-19.8117
-22.4325
-24.8906
-27.1657
-29.2415
-31.103
-32.7387
-34.1388
-35.2988
-36.217
-36.8951
-37.3371
-37.5509
-37.5468
-37.3356
-36.9305
-36.3442
-35.5922
-34.6877
-33.6486
-32.4872
-31.2221
-30.0444
-28.9217
-27.7547
-26.3869
-25.1145
-23.3544
-22.2893
-19.6346
-19.7901
-14.5877
-18.9914
-6.2606
-23.6631
56.543
56.746
56.9566
57.1707
57.3837
57.597
57.8138
58.0356
58.2597
58.4871
58.7141
58.9424
59.1671
59.3905
59.6067
59.8191
60.0203
60.2143
60.3928
60.5609
60.7087
60.8421
60.9501
61.0397
61.0987
61.1348
61.1346
61.1071
61.0382
60.9374
60.7901
60.6065
60.3726
60.0993
59.773
59.4057
58.9851
58.5239
58.0121
57.46
56.8638
56.2225
55.5495
54.8407
54.1077
53.3435
52.5588
51.7446
50.9149
50.0619
49.197
48.3102
47.4153
46.5015
45.5819
44.6372
43.6889
42.7266
41.7578
40.7763
39.7848
38.7758
37.7587
36.7288
35.6943
34.6521
33.6096
32.7131
31.9275
31.1035
30.2431
29.353
28.4243
27.5529
26.4353
26.1138
23.6136
26.9892
16.1387
37.8868
47.8065
47.4863
47.1427
46.7906
46.4245
46.0466
45.6539
45.2493
44.8291
44.394
43.9374
43.4577
42.9468
42.4014
41.8119
41.1738
40.4753
39.7118
38.8731
37.9576
36.9576
35.8738
34.7004
33.4404
32.0884
30.6477
29.1114
27.4824
25.7526
23.9246
21.9908
19.956
17.8158
15.5788
13.2456
10.8291
8.33452
5.77853
3.16999
0.527664
-2.13675
-4.80368
-7.45734
-10.0793
-12.6501
-15.1502
-17.5589
-19.8573
-22.0259
-24.048
-25.9064
-27.5857
-29.0736
-30.3609
-31.4409
-32.3094
-32.9658
-33.4127
-33.6542
-33.6965
-33.5478
-33.2175
-32.7172
-32.0579
-31.255
-30.3188
-29.2673
-28.2642
-27.2886
-26.2667
-25.0445
-23.9091
-22.294
-21.341
-18.8499
-19.045
-14.0905
-18.349
-6.08375
-22.99
48.0419
48.2335
48.4335
48.6378
48.8435
49.0513
49.2632
49.4802
49.7012
49.9269
50.1558
50.3889
50.6237
50.8616
51.0993
51.3388
51.5755
51.8117
52.0421
52.2697
52.4877
52.6997
52.8981
53.0871
53.2577
53.4154
53.5495
53.6665
53.7551
53.8224
53.856
53.864
53.8335
53.7738
53.6711
53.5359
53.3544
53.1374
52.8718
52.5691
52.2176
51.831
51.4029
50.9405
50.4368
49.9003
49.3239
48.7181
48.0772
47.4101
46.7096
45.9875
45.2356
44.4661
43.6619
42.844
42.0041
41.1496
40.2765
39.3863
38.4718
37.5432
36.5947
35.6352
34.663
33.6819
32.6982
31.8474
31.1013
30.3175
29.4957
28.6464
27.7591
26.921
25.8579
25.519
23.1682
26.3172
15.9234
37.0025
40.6272
40.3679
40.0945
39.8142
39.5262
39.2274
38.9188
38.5978
38.2657
37.9195
37.5593
37.1789
36.7767
36.3463
35.8844
35.3828
34.8373
34.2382
33.5816
32.8593
32.0694
31.2059
30.269
29.2547
28.1652
26.9971
25.7536
24.4304
23.0303
21.5479
19.9851
18.3361
16.6033
14.7825
12.8791
10.8928
8.83296
6.70326
4.51673
2.28057
0.0102304
-2.28497
-4.58822
-6.88731
-9.16453
-11.4049
-13.5911
-15.7062
-17.7334
-19.6554
-21.4556
-23.1179
-24.6291
-25.9769
-27.1508
-28.1439
-28.9519
-29.5719
-30.0037
-30.249
-30.3122
-30.1987
-29.9168
-29.4741
-28.8835
-28.1542
-27.3009
-26.4622
-25.6267
-24.7443
-23.6629
-22.661
-21.1897
-20.3467
-18.0207
-18.2556
-13.5498
-17.6688
-5.86943
-22.2929
40.8228
40.9924
41.1746
41.3647
41.5607
41.7625
41.9713
42.187
42.4098
42.6391
42.8751
43.1168
43.3647
43.6171
43.8749
44.1357
44.4006
44.6665
44.9349
45.2018
45.4692
45.732
45.9927
46.2453
46.4928
46.7281
46.9548
47.165
47.3628
47.5395
47.7002
47.8353
47.9504
48.0351
48.096
48.1221
48.1205
48.0796
48.0071
47.8926
47.7448
47.5537
47.3276
47.0563
46.7491
46.399
46.0132
45.5858
45.1239
44.6215
44.0875
43.5157
42.9158
42.2735
41.6075
40.9114
40.1915
39.4457
38.6747
37.8729
37.05
36.2004
35.3336
34.4448
33.5439
32.6268
31.7045
30.9043
30.1993
29.4572
28.6795
27.8716
27.0285
26.2238
25.2196
24.8648
22.6673
25.591
15.6632
36.0764
34.978
34.7828
34.5752
34.3634
34.1439
33.9161
33.677
33.4275
33.1648
32.8898
32.6005
32.2965
31.9719
31.6249
31.2512
30.8482
30.4094
29.9306
29.4045
28.8274
28.1928
27.4987
26.7403
25.9175
25.0273
24.0709
23.0463
21.9553
20.7959
19.57
18.2744
16.9108
15.4752
13.9691
12.3899
10.741
9.02227
7.24029
5.39796
3.50476
1.56633
-0.40507
-2.40139
-4.408
-6.41524
-8.40799
-10.3742
-12.2978
-14.1647
-15.9592
-17.6658
-19.2698
-20.7569
-22.1134
-23.3282
-24.3925
-25.2977
-26.0383
-26.6102
-27.0122
-27.2446
-27.3096
-27.2118
-26.9564
-26.5537
-26.0101
-25.3381
-24.6517
-23.9477
-23.1965
-22.2506
-21.3767
-20.0463
-19.3106
-17.1487
-17.4234
-12.9672
-16.9514
-5.62029
-21.5673
35.1259
35.2586
35.406
35.5625
35.7269
35.8989
36.0792
36.2681
36.4658
36.6724
36.8876
37.1116
37.3439
37.5848
37.8332
38.0896
38.3525
38.6224
38.8973
39.1779
39.4614
39.7488
40.0366
40.3261
40.6128
40.8984
41.1777
41.4526
41.717
41.9736
42.2152
42.4451
42.6554
42.8499
43.0201
43.1702
43.2912
43.3882
43.4515
43.4869
43.4851
43.4521
43.3783
43.2705
43.1193
42.9318
42.7
42.4313
42.1198
41.7714
41.381
40.9556
40.4841
39.9815
39.4422
38.8712
38.2673
37.6304
36.9564
36.254
35.5188
34.7598
33.972
33.1638
32.3334
31.4858
30.6291
29.8812
29.2198
28.5236
27.7887
27.0256
26.2279
25.4609
24.5158
24.1472
22.1066
24.8061
15.358
35.0961
30.3335
30.1828
30.0233
29.8599
29.6938
29.5209
29.3413
29.1517
28.9529
28.7412
28.5178
28.2802
28.0283
27.7549
27.4587
27.1368
26.7885
26.4078
25.991
25.5317
25.0265
24.4699
23.86
23.1929
22.4682
21.6832
20.8388
19.933
18.9674
17.9401
16.853
15.7042
14.4952
13.2236
11.8912
10.4963
9.04224
7.52924
5.96277
4.34512
2.68405
0.984067
-0.745227
-2.4972
-4.26038
-6.02667
-7.78223
-9.51693
-11.2165
-12.8693
-14.461
-15.9782
-17.407
-18.7344
-19.9493
-21.0401
-21.9975
-22.8132
-23.4815
-23.9977
-24.3598
-24.5664
-24.6197
-24.5227
-24.282
-23.9023
-23.3928
-22.8453
-22.2623
-21.6337
-20.8155
-20.0629
-18.8691
-18.2362
-16.238
-16.5498
-12.3455
-16.1942
-5.34282
-20.8081
30.4531
30.5664
30.6947
30.8331
30.9798
31.1344
31.2971
31.4685
31.6486
31.8376
32.0355
32.2423
32.4582
32.6828
32.9163
33.1579
33.4082
33.6659
33.9318
34.2039
34.4834
34.7676
35.0579
35.351
35.6485
35.9465
36.2466
36.5441
36.8412
37.1321
37.4193
37.6963
37.9659
38.2209
38.4643
38.6883
38.8966
39.0807
39.2445
39.3793
39.4899
39.5669
39.6154
39.6266
39.6054
39.5437
39.4467
39.3066
39.1287
38.9068
38.6474
38.3421
38.0015
37.6206
37.2027
36.7469
36.2522
35.7155
35.1441
34.5348
33.8954
33.2216
32.5206
31.789
31.036
30.2597
29.472
28.7779
28.163
27.5105
26.8234
26.1051
25.3553
24.6258
23.7433
23.3641
21.4841
23.9592
15.0123
34.0469
26.8968
26.7747
26.6427
26.5085
26.3711
26.23
26.0818
25.9273
25.763
25.5897
25.4036
25.2055
24.993
24.7663
24.5187
24.2481
23.9526
23.6328
23.2842
22.9035
22.4848
22.0253
21.5203
20.9684
20.3661
19.7131
19.0069
18.248
17.4345
16.567
15.6441
14.6672
13.635
12.5488
11.4074
10.2125
8.96354
7.66362
6.31375
4.91859
3.48066
2.00613
0.498822
-1.03329
-2.5847
-4.14597
-5.70938
-7.26366
-8.80007
-10.3066
-11.7729
-13.186
-14.5341
-15.8052
-16.9874
-18.0697
-19.0417
-19.8947
-20.6208
-21.2139
-21.669
-21.9831
-22.1564
-22.1889
-22.0846
-21.8453
-21.479
-21.0554
-20.5823
-20.0652
-19.3663
-18.7271
-17.6645
-17.1286
-15.2924
-15.6359
-11.69
-15.3951
-5.04348
-20.0031
26.9939
27.0881
27.1967
27.3144
27.4401
27.5728
27.7126
27.8594
28.0134
28.1748
28.3436
28.5202
28.7045
28.8969
29.0973
29.3062
29.5231
29.7487
29.9821
30.2242
30.4737
30.7315
30.9957
31.2677
31.5448
31.8284
32.1154
32.4072
32.7
32.9954
33.2889
33.582
33.8696
34.1535
34.4276
34.6941
34.9463
35.1865
35.4073
35.6116
35.7916
35.9502
36.0796
36.1831
36.2528
36.2923
36.2943
36.2623
36.1892
36.0793
35.9258
35.735
35.5027
35.2315
34.9192
34.5654
34.1671
33.7302
33.2519
32.7384
32.1864
31.6015
30.9807
30.331
29.6541
28.9515
28.2318
27.5951
27.0236
26.4205
25.7782
25.1076
24.4061
23.7185
22.8984
22.5119
20.7975
23.0417
14.6333
32.9054
23.7357
23.6377
23.5317
23.4228
23.3144
23.2032
23.089
22.9692
22.8443
22.711
22.5691
22.4153
22.2499
22.0698
21.8752
21.6605
21.4236
21.1623
20.878
20.5678
20.2288
19.8551
19.4439
18.9912
18.4959
17.9553
17.3691
16.735
16.053
15.3212
14.5398
13.7077
12.8259
11.8938
10.9126
9.88169
8.80281
7.67625
6.50523
5.29132
4.03887
2.75039
1.4313
0.0853374
-1.28075
-2.66207
-4.05041
-5.43945
-6.81998
-8.18449
-9.52225
-10.8236
-12.0775
-13.273
-14.3996
-15.4468
-16.4049
-17.2642
-18.0165
-18.654
-19.1708
-19.5625
-19.8268
-19.9619
-19.9688
-19.848
-19.6044
-19.2897
-18.9144
-18.4984
-17.9092
-17.3745
-16.438
-15.9896
-14.3183
-14.6796
-11.0101
-14.5412
-4.73821
-19.1336
23.814
23.8926
23.9847
24.0858
24.1948
24.311
24.4344
24.5651
24.7034
24.8492
25.003
25.1647
25.3345
25.5124
25.6987
25.8931
26.0961
26.3071
26.5267
26.754
26.9898
27.2329
27.484
27.7418
28.007
28.2777
28.5549
28.8363
29.1228
29.4116
29.7036
29.9954
30.2883
30.5778
30.8654
31.1461
31.4213
31.6855
31.9403
32.1794
32.4046
32.6092
32.7952
32.9557
33.0927
33.1996
33.2786
33.3233
33.336
33.3108
33.2502
33.1493
33.0104
32.8294
32.6074
32.3411
32.0344
31.6854
31.2976
30.8693
30.404
29.8995
29.361
28.7894
28.1882
27.5563
26.9072
26.3237
25.8018
25.2433
24.6509
24.0285
23.3783
22.732
21.9773
21.5853
20.048
22.0393
14.2444
31.6327
21.241
21.1668
21.0827
20.9956
20.9088
20.8222
20.7325
20.6401
20.5422
20.4388
20.3257
20.2021
20.0638
19.9098
19.7358
19.5418
19.3247
19.0824
18.8128
18.5212
18.2104
17.8823
17.5323
17.156
16.7464
16.2987
15.8078
15.2723
14.6913
14.0664
13.3975
12.6856
11.9291
11.1279
10.2812
9.3901
8.45509
7.47832
6.46084
5.40535
4.31365
3.18944
2.03555
0.856742
-0.343537
-1.55979
-2.78754
-4.02021
-5.25195
-6.47548
-7.68324
-8.86604
-10.0152
-11.1211
-12.1745
-13.1662
-14.0866
-14.9267
-15.6775
-16.3314
-16.8817
-17.3226
-17.6506
-17.8612
-17.9547
-17.9292
-17.7876
-17.5652
-17.2755
-16.9472
-16.4584
-16.0152
-15.2013
-14.8241
-13.327
-13.677
-10.321
-13.622
-4.45099
-18.1783
21.301
21.3621
21.435
21.516
21.6049
21.701
21.8044
21.9154
22.034
22.1604
22.2946
22.437
22.5874
22.7463
22.9133
23.0889
23.2726
23.4651
23.6656
23.8748
24.0917
24.3172
24.5499
24.7907
25.0382
25.2932
25.5537
25.8206
26.092
26.3688
26.6481
26.9309
27.2143
27.4992
27.7819
28.0633
28.3395
28.6113
28.8743
29.1292
29.371
29.6004
29.8125
30.0078
30.1811
30.3329
30.4581
30.5571
30.6254
30.663
30.6663
30.635
30.5656
30.4578
30.3095
30.1204
29.8904
29.6204
29.3096
28.9594
28.5697
28.1422
27.6782
27.1797
26.6483
26.0857
25.5007
24.9747
24.496
23.9875
23.4429
22.8707
22.2695
21.6684
20.9797
20.5803
19.2427
20.9317
13.8765
30.1963
18.2937
18.2373
18.1682
18.0924
18.0164
17.9412
17.8638
17.7846
17.7026
17.6184
17.5291
17.4345
17.3315
17.2197
17.0954
16.9578
16.8029
16.6311
16.4412
16.2311
15.9955
15.7346
15.4489
15.1404
14.8061
14.4438
14.0501
13.6227
13.1593
12.6597
12.1225
11.5482
10.9354
10.2845
9.5946
8.86649
8.09991
7.29589
6.45485
5.57882
4.66929
3.7291
2.76033
1.76636
0.749547
-0.286067
-1.33716
-2.39893
-3.46678
-4.53511
-5.59813
-6.64883
-7.68032
-8.68497
-9.65482
-10.5815
-11.4564
-12.271
-13.0164
-13.685
-14.2693
-14.7626
-15.1593
-15.4541
-15.6444
-15.7269
-15.7022
-15.5857
-15.3972
-15.1685
-14.8033
-14.4588
-13.8052
-13.4876
-12.2338
-12.5207
-9.60158
-12.5588
-4.21155
-17.1074
18.3374
18.381
18.4334
18.492
18.5576
18.6296
18.7085
18.7944
18.8874
18.9877
19.0955
19.2108
19.3338
19.465
19.6039
19.7509
19.9061
20.0697
20.2414
20.4216
20.6098
20.8067
21.0113
21.2242
21.4446
21.6729
21.908
22.1505
22.3987
22.6536
22.9131
23.1777
23.4454
23.717
23.9895
24.2635
24.5361
24.808
25.0754
25.339
25.5947
25.8428
26.0795
26.305
26.5145
26.7085
26.8823
27.0356
27.1642
27.2678
27.3422
27.3875
27.3994
27.3777
27.3198
27.2255
27.0926
26.9215
26.7109
26.4611
26.1724
25.8452
25.4804
25.0792
24.6438
24.1743
23.6832
23.2308
22.8202
22.378
21.904
21.4004
20.8727
20.3342
19.7423
19.334
18.2859
19.5489
13.5388
28.4234
15.1166
15.0842
15.0396
14.9868
14.934
14.8828
14.8304
14.7769
14.7229
14.6694
14.6152
14.5601
14.503
14.444
14.3809
14.3136
14.2388
14.1555
14.0593
13.9479
13.8175
13.6656
13.4874
13.2832
13.0543
12.803
12.5285
12.2292
11.9024
11.5458
11.1568
10.7347
10.2788
9.7894
9.26628
8.70935
8.11766
7.49097
6.82919
6.13356
5.40515
4.64605
3.85769
3.04215
2.20134
1.33776
0.454136
-0.44629
-1.3599
-2.28243
-3.20945
-4.136
-5.05637
-5.96464
-6.85429
-7.71812
-8.54843
-9.33752
-10.0773
-10.7602
-11.3782
-11.9242
-12.3913
-12.7731
-13.0648
-13.2614
-13.3623
-13.3616
-13.2819
-13.1682
-12.9324
-12.7139
-12.2115
-12.0148
-10.9484
-11.3127
-8.66446
-11.5767
-3.7081
-16.3656
15.136
15.1546
15.179
15.2077
15.2416
15.2803
15.3244
15.3739
15.4292
15.4904
15.558
15.6318
15.7126
15.8004
15.8953
15.9975
16.1075
16.2253
16.3512
16.4853
16.6275
16.7784
16.9377
17.1054
17.2816
17.4665
17.6596
17.8613
18.0706
18.2881
18.5127
18.7447
18.9829
19.2279
19.4775
19.7323
19.9901
20.2515
20.5137
20.7771
21.0385
21.2983
21.5531
21.803
22.0442
22.2768
22.4968
22.7036
22.8935
23.0659
23.2166
23.3453
23.4479
23.5234
23.569
23.5837
23.5647
23.5115
23.4221
23.2958
23.1321
22.9305
22.6912
22.4149
22.1025
21.7564
21.3835
21.034
20.7084
20.3572
19.9734
19.5645
19.1304
18.6844
18.203
17.8462
17.0279
18.139
12.6968
27.2781
12.5829
12.5764
12.5582
12.5303
12.5018
12.4755
12.4486
12.4209
12.3929
12.3658
12.3387
12.3114
12.2825
12.2521
12.2181
12.1805
12.1368
12.0862
12.0263
11.9559
11.8728
11.7763
11.6653
11.5397
11.3966
11.2351
11.0545
10.8543
10.6326
10.387
10.1154
9.81561
9.4867
9.12843
8.74066
8.32281
7.87424
7.39429
6.88281
6.33979
5.76569
5.16139
4.52784
3.86641
3.17852
2.46589
1.73059
0.974908
0.20176
-0.585835
-1.38431
-2.19008
-2.99851
-3.805
-4.604
-5.38972
-6.15553
-6.89497
-7.60067
-8.26555
-8.88196
-9.44274
-9.9408
-10.3692
-10.7223
-10.9943
-11.183
-11.2684
-11.2716
-11.2485
-11.1163
-11.0037
-10.6289
-10.5421
-9.63689
-10.0907
-7.67011
-10.5998
-3.11965
-15.6597
12.5791
12.575
12.5755
12.5798
12.5886
12.6019
12.62
12.6428
12.6709
12.7042
12.743
12.7872
12.8376
12.8939
12.9565
13.0255
13.1013
13.1839
13.2737
13.3707
13.475
13.5871
13.7069
13.8346
13.9703
14.1142
14.2661
14.4264
14.5947
14.7712
14.9555
15.1479
15.3476
15.5552
15.7691
15.9901
16.2166
16.4489
16.6853
16.926
17.1689
17.4141
17.6591
17.9038
18.1457
18.3845
18.6167
18.8422
19.0575
19.2622
19.4523
19.6271
19.7832
19.9189
20.0315
20.1195
20.1799
20.2116
20.2121
20.1802
20.1147
20.0145
19.8791
19.7086
19.5034
19.2635
18.9999
18.7399
18.4942
18.2239
17.9269
17.6048
17.2628
16.9065
16.534
16.2391
15.6335
16.6707
11.702
26.1604
10.487
10.5038
10.5078
10.4993
10.4885
10.4792
10.4685
10.4559
10.4425
10.4297
10.4174
10.4055
10.3932
10.3804
10.3659
10.35
10.3311
10.3087
10.281
10.2468
10.2045
10.1526
10.0895
10.0141
9.92508
9.82199
9.70283
9.56618
9.41162
9.23844
9.04546
8.83117
8.59319
8.32939
8.03869
7.72073
7.37566
7.00364
6.60468
6.1785
5.72478
5.24349
4.73513
4.20068
3.64136
3.05833
2.4531
1.82706
1.18235
0.520977
-0.154199
-0.840819
-1.53524
-2.23397
-2.9326
-3.6265
-4.31012
-4.97814
-5.62411
-6.24177
-6.82411
-7.36459
-7.85644
-8.29288
-8.66828
-8.97632
-9.21421
-9.35315
-9.41189
-9.45079
-9.39573
-9.36187
-9.09061
-9.09062
-8.32984
-8.85237
-6.65626
-9.5791
-2.51019
-14.8385
10.464
10.4416
10.4236
10.4091
10.3989
10.3929
10.3912
10.3938
10.4011
10.4131
10.4301
10.4519
10.4791
10.5116
10.5497
10.5935
10.6433
10.6991
10.7612
10.8298
10.905
10.9871
11.0761
11.1724
11.276
11.387
11.5055
11.6318
11.7656
11.9073
12.0567
12.2138
12.3784
12.5508
12.73
12.9166
13.1097
13.3093
13.5144
13.7253
13.9403
14.1597
14.3816
14.6059
14.8308
15.0559
15.2788
15.499
15.714
15.923
16.1232
16.3134
16.491
16.6542
16.8006
16.9282
17.0344
17.1176
17.1754
17.2061
17.2081
17.1799
17.1207
17.0302
16.9077
16.7542
16.577
16.3941
16.2137
16.0152
15.7914
15.5489
15.288
15.0178
14.7438
14.5159
14.1118
15.083
10.6196
24.7513
8.75017
8.78499
8.80707
8.81518
8.81983
8.82503
8.82822
8.82811
8.82561
8.82256
8.81951
8.81685
8.81405
8.81119
8.80763
8.80363
8.79831
8.79141
8.78172
8.76851
8.75011
8.72556
8.69311
8.65154
8.59906
8.53503
8.45828
8.36836
8.26424
8.14482
8.00857
7.85469
7.6819
7.48859
7.27265
7.03253
6.7679
6.479
6.16636
5.83006
5.46998
5.08592
4.67801
4.24675
3.79318
3.31826
2.82323
2.30895
1.77693
1.22848
0.66566
0.0901146
-0.49545
-1.08856
-1.68561
-2.28327
-2.87683
-3.46212
-4.03354
-4.58603
-5.1133
-5.60983
-6.06942
-6.48604
-6.85434
-7.16818
-7.42455
-7.59051
-7.68121
-7.75908
-7.75659
-7.77888
-7.58833
-7.6547
-7.01849
-7.59291
-5.60802
-8.50509
-1.856
-13.9002
8.71044
8.67132
8.63567
8.6029
8.57366
8.54783
8.52577
8.50736
8.49301
8.48276
8.47687
8.47535
8.47848
8.48632
8.49917
8.51713
8.54039
8.56902
8.60335
8.64352
8.68976
8.7421
8.80082
8.86609
8.93811
9.01703
9.10286
9.196
9.29635
9.40425
9.5195
9.64236
9.7727
9.91075
10.0559
10.2087
10.3684
10.5353
10.7086
10.8884
11.0736
11.2644
11.4595
11.6588
11.8608
12.0652
12.2704
12.4756
12.6788
12.8795
13.0752
13.265
13.4466
13.6183
13.778
13.9241
14.0538
14.1657
14.2575
14.3273
14.3736
14.3947
14.3896
14.3577
14.298
14.2105
14.1031
13.9802
13.8556
13.7155
13.5569
13.382
13.1951
13.0007
12.818
12.6537
12.432
13.3377
9.37719
23.0723
7.09883
7.14885
7.18682
7.21015
7.22958
7.24954
7.2676
7.28181
7.29254
7.30125
7.30878
7.31588
7.32255
7.32911
7.33541
7.34176
7.34767
7.35309
7.35732
7.36004
7.35996
7.35642
7.348
7.33371
7.31178
7.28124
7.24055
7.18898
7.12572
7.05028
6.9615
6.85831
6.7392
6.60354
6.45007
6.27713
6.0828
5.86608
5.62691
5.36586
5.08347
4.7801
4.45599
4.11136
3.74686
3.36326
2.96183
2.54335
2.10906
1.6598
1.1971
0.722185
0.237145
-0.256258
-0.755101
-1.25701
-1.75802
-2.25503
-2.74341
-3.21925
-3.67733
-4.11312
-4.52141
-4.89709
-5.23552
-5.53116
-5.78134
-5.95223
-6.05555
-6.152
-6.1819
-6.23986
-6.10982
-6.22395
-5.69263
-6.3039
-4.50881
-7.36754
-1.12762
-12.8304
7.04509
6.99222
6.94223
6.89488
6.85047
6.80909
6.77086
6.73585
6.7043
6.67633
6.65206
6.63163
6.61522
6.60296
6.5951
6.59172
6.593
6.59905
6.61019
6.62651
6.64818
6.67538
6.70829
6.74707
6.79197
6.84308
6.90048
6.96455
7.0353
7.11301
7.19757
7.28927
7.38817
7.49439
7.60762
7.72829
7.85604
7.99099
8.13271
8.28135
8.43606
8.59713
8.76359
8.93525
9.11106
9.29075
9.47309
9.6574
9.84214
10.0266
10.209
10.3882
10.5626
10.7304
10.89
11.0398
11.1777
11.3019
11.4106
11.5021
11.5749
11.6272
11.6581
11.6668
11.652
11.6138
11.5589
11.485
11.404
11.3139
11.2077
11.0921
10.9662
10.8412
10.7341
10.6282
10.5618
11.4035
7.91062
21.1147
5.39005
5.45128
5.50114
5.53628
5.56741
5.59957
5.63047
5.65789
5.68144
5.70209
5.72038
5.73695
5.75193
5.7659
5.77905
5.79194
5.80454
5.81717
5.8294
5.84114
5.85154
5.86025
5.86624
5.86877
5.86665
5.85889
5.84403
5.82106
5.78884
5.74662
5.69372
5.62962
5.5534
5.46394
5.36036
5.24186
5.1077
4.95647
4.78708
4.59898
4.39268
4.16865
3.92784
3.67032
3.39636
3.10578
2.79938
2.47774
2.14224
1.79335
1.43231
1.05975
0.677495
0.286722
-0.110031
-0.511051
-0.913042
-1.31374
-1.70926
-2.09683
-2.47211
-2.83177
-3.17148
-3.48733
-3.77542
-4.03121
-4.25288
-4.40894
-4.50731
-4.6048
-4.64787
-4.72357
-4.63421
-4.7786
-4.33168
-4.96421
-3.33971
-6.13258
-0.311598
-11.5002
5.32603
5.26303
5.20262
5.14454
5.08914
5.03653
4.98677
4.93997
4.8963
4.85587
4.81878
4.78521
4.75532
4.72922
4.70709
4.68901
4.67512
4.66566
4.66078
4.66057
4.66515
4.67481
4.68968
4.70983
4.73547
4.76677
4.80379
4.84678
4.89585
4.95115
5.0127
5.08069
5.15522
5.23634
5.32399
5.41843
5.51946
5.62708
5.74111
5.86166
5.98818
6.1207
6.25866
6.40178
6.54953
6.70139
6.85659
7.0145
7.17405
7.33445
7.4944
7.65296
7.80881
7.9605
8.1068
8.24605
8.37688
8.49756
8.60673
8.70279
8.78457
8.85031
8.89971
8.93152
8.94467
8.9393
8.92187
8.88294
8.83608
8.78273
8.71968
8.64939
8.57527
8.50387
8.45567
8.38998
8.44564
9.21461
6.11953
18.691
3.85058
3.92513
3.98843
4.03647
4.08029
4.12521
4.16942
4.21064
4.24834
4.28299
4.3151
4.34491
4.37239
4.39793
4.42183
4.44463
4.46681
4.48896
4.51113
4.53334
4.55532
4.57676
4.59705
4.6156
4.63166
4.64432
4.65259
4.6554
4.65152
4.6397
4.61898
4.58863
4.54839
4.4977
4.43596
4.36178
4.27399
4.17058
4.0501
3.91096
3.75356
3.57901
3.38907
3.18448
2.96647
2.73571
2.49332
2.24002
1.97716
1.70545
1.42626
1.1401
0.848571
0.552259
0.253268
-0.0476959
-0.348038
-0.646786
-0.941008
-1.22937
-1.50866
-1.777
-2.03123
-2.26888
-2.48725
-2.68302
-2.85584
-2.97964
-3.05695
-3.13771
-3.17668
-3.25145
-3.18403
-3.34079
-2.95714
-3.59422
-2.11805
-4.79609
0.565204
-9.75377
3.77509
3.70084
3.6291
3.55948
3.49238
3.42776
3.3658
3.30656
3.25023
3.19683
3.14649
3.09933
3.05554
3.01522
2.97847
2.94539
2.91617
2.89102
2.86996
2.85318
2.84078
2.83302
2.83004
2.83191
2.83879
2.85088
2.86831
2.89122
2.91974
2.95402
2.99411
3.04017
3.09229
3.15045
3.21476
3.28529
3.36204
3.44483
3.53359
3.62832
3.72867
3.83442
3.94527
4.06087
4.18077
4.30441
4.43121
4.56055
4.69162
4.82359
4.95564
5.08673
5.21599
5.34215
5.46456
5.58151
5.69237
5.79554
5.8904
5.9754
6.05
6.11266
6.16356
6.20156
6.22584
6.23693
6.24072
6.2249
6.19964
6.17242
6.13703
6.10061
6.06063
6.02923
6.01992
5.98058
6.11232
6.80266
4.02538
15.575
2.03474
2.10697
2.16749
2.21181
2.25082
2.29004
2.32805
2.36258
2.39293
2.41932
2.44202
2.46094
2.47587
2.48662
2.49332
2.4961
2.49537
2.49152
2.48493
2.47559
2.4636
2.44853
2.42998
2.40718
2.37937
2.34546
2.30447
2.25513
2.19648
2.1277
2.04925
1.9629
1.87294
1.78578
1.71007
1.65445
1.62601
1.62783
1.65828
1.7085
1.76283
1.80267
1.81455
1.79462
1.74799
1.6814
1.59898
1.50042
1.38468
1.25157
1.1043
0.945925
0.780166
0.608096
0.43214
0.25267
0.0725263
-0.107746
-0.28527
-0.459593
-0.627992
-0.789872
-0.942849
-1.08608
-1.21783
-1.33657
-1.44286
-1.51904
-1.56368
-1.61811
-1.64068
-1.70325
-1.64502
-1.79782
-1.47678
-2.07054
-0.820964
-3.12539
1.281
-6.78607
1.96134
1.88945
1.81999
1.75274
1.68808
1.62594
1.5665
1.50993
1.45636
1.4058
1.35839
1.31421
1.27348
1.23616
1.20242
1.17226
1.14589
1.12335
1.10464
1.08987
1.07914
1.07243
1.06986
1.07139
1.07711
1.08699
1.10111
1.11936
1.14183
1.16847
1.19921
1.23401
1.27282
1.31554
1.36212
1.41244
1.46649
1.52398
1.58497
1.64915
1.71641
1.78645
1.85928
1.93444
2.01183
2.09096
2.17171
2.25344
2.33604
2.4187
2.50141
2.58307
2.66383
2.74229
2.81879
2.89169
2.96142
3.02643
3.087
3.14157
3.19053
3.23242
3.26804
3.2962
3.31662
3.32954
3.34112
3.33595
3.32518
3.31489
3.30327
3.29125
3.2777
3.26787
3.2717
3.21477
3.32268
3.9089
1.43733
10.7444
0.825966
0.912317
0.990522
1.05514
1.1156
1.17723
1.23938
1.30008
1.3588
1.41567
1.4711
1.52508
1.57769
1.62881
1.6787
1.72757
1.77595
1.82437
1.87357
1.9242
1.97704
2.03256
2.09138
2.15383
2.22044
2.29174
2.36886
2.45329
2.54767
2.65463
2.77701
2.91524
3.06602
3.21899
3.35681
3.45483
3.48661
3.42913
3.27197
3.02203
2.70668
2.36521
2.03698
1.74458
1.49123
1.26492
1.05513
0.858192
0.679772
0.523768
0.391667
0.278359
0.180621
0.0938567
0.0180747
-0.0495696
-0.108554
-0.161998
-0.209342
-0.253237
-0.292865
-0.330061
-0.364083
-0.39591
-0.425382
-0.452452
-0.479812
-0.500045
-0.500886
-0.511348
-0.503471
-0.531408
-0.47797
-0.582673
-0.363172
-0.756677
0.0172728
-1.3184
1.16398
-2.90589
0.74009
0.656067
0.573924
0.493721
0.415593
0.339665
0.265994
0.194828
0.126173
0.0602357
-0.0029045
-0.063023
-0.120026
-0.173749
-0.224041
-0.27074
-0.313668
-0.352712
-0.387701
-0.418458
-0.444863
-0.466842
-0.48416
-0.496791
-0.504549
-0.507466
-0.505326
-0.4983
-0.486111
-0.469035
-0.446894
-0.420054
-0.388332
-0.352207
-0.311562
-0.267051
-0.218547
-0.166855
-0.111814
-0.0544835
0.00528015
0.0663148
0.12887
0.191551
0.254723
0.316873
0.378478
0.437971
0.496032
0.551112
0.604057
0.653275
0.699949
0.742382
0.78203
0.817068
0.849229
0.876821
0.901514
0.921776
0.939229
0.952679
0.963633
0.971387
0.976317
0.979186
0.985183
0.986113
0.976897
0.968352
0.955696
0.943331
0.931187
0.930135
0.952204
0.94741
1.03983
1.35721
0.0366133
4.49301
)
;

boundaryField
{
    inlet
    {
        type            freestreamPressure;
        freestreamValue uniform 0;
        supersonic      false;
        value           nonuniform List<scalar> 
134
(
7.90225
5.79231
3.4396
1.1971
-0.642875
-2.08989
-2.9353
-3.11584
-2.63341
-1.26165
-0.213225
-0.395541
-0.72842
-1.07366
-1.45293
-1.87442
-2.33985
-2.85061
-3.41238
-4.0357
9.84419
-4.73556
-5.51839
-6.35001
-7.14301
-7.74522
-8.0851
-8.61238
-8.70663
-8.94978
-10.7458
-9.96987
-10.071
-10.3155
-10.5103
-10.6298
-10.7378
-10.9442
-11.4093
-11.9562
11.5641
13.2012
14.3628
14.6502
13.7078
10.9421
5.74456
-13.2082
-12.9788
-12.5739
-12.302
-12.1024
-11.882
-11.6303
-11.3659
-11.0965
-10.8196
-10.5324
-10.2341
-9.92499
-9.60302
-9.26588
-8.90819
-8.5215
-8.0964
-7.61942
-7.28889
-6.97406
-6.60755
-6.18861
-5.71084
-5.11693
-4.33764
-3.01612
-1.29024
1.99734
4.35077
6.88505
9.3236
11.6532
13.838
15.671
17.048
18.0103
18.5947
18.8937
19.0071
19.022
19.0059
19.0578
19.3395
19.9184
20.5598
21.0792
21.498
21.8581
22.1685
22.417
22.5965
22.7104
22.7707
22.8058
22.8742
23.1255
23.7873
25.2476
25.9136
25.3521
24.6782
24.2451
23.9006
23.512
23.0816
22.6403
22.195
21.7376
21.2632
20.7677
20.2488
19.6996
19.1119
18.4725
17.7596
16.9549
15.9612
15.3203
14.6955
13.9076
12.9685
11.8731
10.5155
8.76799
6.05263
2.53397
)
;
    }
    outlet
    {
        type            freestreamPressure;
        freestreamValue uniform 0;
        supersonic      false;
        value           nonuniform List<scalar> 
160
(
0.00203075
0.00181782
0.00224113
0.00160988
0.00243364
0.00140719
0.00259435
0.00120966
0.00274566
0.00101764
0.00289968
0.000831407
0.0030548
0.000651079
0.00320649
0.000477228
0.00335353
0.000309844
0.00349622
0.000149399
0.00363546
-3.95175e-06
0.00377118
-0.000149694
0.00390356
-0.000287642
0.00403232
-0.000417427
0.00415806
-0.000538731
0.00428131
-0.000651194
0.00440332
-0.000754428
0.0045254
-0.000848192
0.00464933
-0.000932118
0.00477666
-0.0010058
0.00490932
-0.001069
0.00504843
-0.00112155
0.00519554
-0.00116293
0.00535137
-0.00119309
0.00551713
-0.00121161
0.00569386
-0.00121857
0.0058839
-0.0012135
0.00609013
-0.00119678
0.00631802
-0.00116779
0.00657279
-0.00112715
0.00686023
-0.00107448
0.00718051
-0.0010106
0.0075257
-0.000935121
0.00787184
-0.000849099
0.00817985
-0.000752305
0.00839465
-0.0006462
0.00845706
-0.000530515
0.00831448
-0.000407055
0.00793971
-0.000275458
0.00734171
-0.000138122
0.00657743
5.29525e-06
0.00573756
0.00015217
0.00492076
0.000303112
0.00418983
0.000454961
0.0035598
0.00060862
0.00300507
0.000760653
0.00249919
0.000912258
0.00202993
0.00105985
0.0016072
0.00120515
0.00123864
0.00134459
0.000927308
0.0014803
0.000661277
0.00160856
0.000432602
0.00173235
0.000230219
0.00184763
5.36009e-05
0.00195804
-0.000104024
0.00205918
-0.000241784
0.00215537
-0.000366957
0.00224245
-0.000478531
0.00232462
-0.000582693
0.00239798
-0.000677783
0.0024667
-0.00076814
0.00252761
-0.000852227
0.00258462
-0.000932458
0.00263581
-0.00100857
0.00268218
-0.00108069
0.00272562
-0.00115511
0.0027804
-0.00121312
0.0028188
-0.00122393
0.00282356
-0.00125828
0.00283435
-0.00125198
0.00283586
-0.00133009
0.00284186
-0.00121751
0.00285221
-0.00148339
0.00290098
-0.000960117
0.00302916
-0.00193946
0.00308597
4.8382e-05
0.00346503
-0.00325475
0.00464396
0.0038206
0.000136193
-0.00591295
0.0147897
)
;
    }
    walls
    {
        type            zeroGradient;
    }
    frontAndBack
    {
        type            empty;
    }
}


// ************************************************************************* //
