/*--------------------------------*- C++ -*----------------------------------*\
  =========                 |
  \\      /  F ield         | OpenFOAM: The Open Source CFD Toolbox
   \\    /   O peration     | Website:  https://openfoam.org
    \\  /    A nd           | Version:  12
     \\/     M anipulation  |
\*---------------------------------------------------------------------------*/
FoamFile
{
    format      ascii;
    class       volScalarField;
    location    "305";
    object      p;
}
// * * * * * * * * * * * * * * * * * * * * * * * * * * * * * * * * * * * * * //

dimensions      [0 2 -2 0 0 0 0];

internalField   nonuniform List<scalar> 
10720
(
-216.004
-394.253
-604.421
-810.136
-999.017
-1191.53
-1361.3
-1503.06
-1626.1
-1721.81
-1794.86
-1848.28
-1884.18
-1905.43
-1912.83
-1905.24
-1884.93
-1848.77
-1799.53
-1733.94
-1654.51
-1559.31
-1453.69
-1339.84
-1226.13
-1124.8
-1033.51
-943.657
-854.538
-766.679
-679.638
-593.068
-506.706
-420
-332.32
-241.046
-145.089
-30.3346
85.9056
-35.8474
128.008
304.621
470.649
613.705
724.24
793.277
819.651
818.064
791.792
744.106
688.522
632.13
577.278
525.593
476.807
431.163
387.678
345.738
304.153
262.814
220.954
178.8
137.32
101.081
72.655
49.5177
30.7301
16.293
6.35256
0.67784
-0.992115
1.15191
7.11848
16.9492
31.636
52.6079
88.6547
150.055
58.1565
-77.4944
-228.994
-389.421
-553.814
-721.736
-884.343
-1036.57
-1176.91
-1301.12
-1408.45
-1498.93
-1572.74
-1629.98
-1670.46
-1693.37
-1700.11
-1689.68
-1663.38
-1619.73
-1560.09
-1483.84
-1395.01
-1296.32
-1195.17
-1101.97
-1015.73
-929.762
-843.624
-758.075
-672.897
-587.835
-502.693
-416.966
-330.044
-239.334
-143.801
-29.2695
85.1765
180.47
297.47
414.704
528.598
629.855
712.195
768.263
795.05
796.138
774.395
735.887
688.917
638.651
587.692
537.836
489.736
443.795
399.645
356.863
314.683
272.89
230.987
189.179
148.456
112.369
83.12
58.9814
39.1614
23.7093
12.7598
6.14532
3.63176
5.02173
10.3208
19.5937
33.842
54.4692
90.3104
149.227
97.8193
-23.7361
-160.119
-310.292
-465.581
-624.337
-782.741
-934.268
-1075.09
-1202.83
-1314.53
-1409.43
-1487.01
-1547.15
-1590.43
-1617.32
-1628.31
-1622.92
-1601.63
-1563.88
-1510.39
-1441.32
-1359.72
-1268.66
-1174.26
-1085.03
-1001.3
-917.933
-834.112
-750.497
-666.94
-583.202
-499.121
-414.234
-327.963
-237.766
-142.657
-28.5997
84.5881
207.765
315.08
422.271
524.427
613.443
685.424
735.339
761.592
766.075
750.723
720.058
679.664
634.029
586.199
538.256
491.316
445.947
402.139
359.603
317.786
276.396
235.097
194.046
154.146
118.21
88.395
63.7311
43.4607
27.5813
16.2034
9.18573
6.29307
7.33304
12.3143
21.322
35.3603
55.8265
91.3669
147.865
158.304
56.1336
-60.2331
-187.979
-321.823
-461.582
-603.212
-742.337
-875.73
-1000.65
-1114.37
-1215.28
-1302.21
-1374.49
-1431.63
-1473.65
-1499.88
-1509.59
-1502.64
-1478.74
-1438.29
-1381.8
-1311.74
-1231.31
-1145.81
-1062.5
-982.839
-903.081
-822.28
-741.11
-659.583
-577.514
-494.786
-410.984
-325.562
-236.056
-141.54
-28.2694
83.6145
249.983
338.369
427.321
513.637
589.817
652.864
698.299
724.355
731.788
721.812
697.946
664.335
624.599
581.545
537.194
492.787
449.058
406.28
364.374
323.023
282.015
241.175
200.681
161.381
125.591
95.3396
70.1544
49.3377
32.8695
20.8729
13.2369
9.75303
10.2516
14.7551
23.367
37.0886
57.2871
92.3431
146.439
177.762
86.9043
-17.0859
-132.032
-252.808
-380.396
-511.416
-641.897
-769.359
-891.007
-1004.07
-1106.63
-1197.07
-1274.11
-1336.84
-1384.68
-1416.7
-1432.61
-1432.07
-1415.05
-1381.82
-1333.08
-1270.86
-1198.18
-1119.6
-1041.19
-964.936
-888.214
-810.07
-731.144
-651.564
-571.171
-489.862
-407.246
-322.801
-234.127
-140.371
-28.1528
82.053
259.507
337.891
416.978
493.701
561.451
618.205
660.367
686.216
695.936
690.47
672.484
645.077
611.051
572.818
532.281
490.72
449.006
407.624
366.702
326.135
285.813
245.677
205.936
167.383
131.937
101.455
75.8553
54.5823
37.6206
25.1028
16.949
12.9766
13.0296
17.1341
25.4055
38.8398
58.7624
93.2649
144.926
190.4
109.891
17.2393
-85.1307
-192.756
-307.348
-425.762
-544.833
-662.745
-776.94
-885.05
-985.229
-1075.69
-1154.9
-1221.69
-1275.07
-1314.15
-1338.31
-1346.88
-1339.48
-1316.11
-1277.31
-1224.73
-1161.13
-1090.46
-1017.85
-945.678
-872.382
-797.166
-720.657
-643.112
-564.447
-484.599
-403.217
-319.812
-232.066
-139.21
-28.3189
79.9245
262.829
331.998
402.265
470.91
531.834
583.554
623.1
648.644
660.034
658.163
645.032
623.034
594.342
560.944
524.527
486.3
447.159
407.706
368.228
328.794
289.415
250.139
211.223
173.421
138.369
107.755
81.7998
60.1118
42.6807
29.645
20.959
16.4661
16.0287
19.6856
27.5687
40.6679
60.2594
94.0951
143.282
193.12
120.478
36.6471
-56.0542
-153.33
-257.469
-365.663
-475.145
-584.691
-692.012
-795.054
-892.142
-981.439
-1061.3
-1130.36
-1187.37
-1231.16
-1260.75
-1275.32
-1274.4
-1257.96
-1226.54
-1181.54
-1125.41
-1061.58
-994.312
-926.075
-856.128
-783.84
-709.786
-634.317
-557.42
-479.07
-398.962
-316.65
-229.91
-138.087
-28.7903
77.2586
258.539
320.809
384.377
446.723
502.259
549.929
587.283
612.401
624.983
625.923
616.754
599.361
575.452
546.62
514.3
479.556
443.248
406.032
368.304
330.267
292.053
253.81
215.839
178.869
144.32
113.732
87.5379
65.5143
47.6708
34.1566
24.9637
19.9682
19.0527
22.2695
29.7647
42.5156
61.7428
94.8095
141.522
191.411
125.462
49.1843
-35.0967
-123.307
-218.056
-316.753
-416.987
-517.958
-617.713
-714.466
-806.815
-893.057
-971.583
-1040.93
-1099.73
-1146.64
-1180.63
-1200.76
-1206.36
-1197.15
-1173.45
-1136.33
-1087.89
-1031.05
-969.405
-905.418
-839.025
-769.826
-698.367
-625.087
-550.054
-473.28
-394.508
-313.345
-227.678
-137.004
-29.5407
74.0937
250.89
307.372
365.345
422.467
473.541
517.838
553.266
577.855
591.263
594.358
588.372
574.834
555.103
530.452
502.063
470.83
437.53
402.809
367.115
330.746
293.927
256.893
219.993
183.93
149.979
119.547
93.2155
70.9231
52.715
38.7548
29.0732
23.5813
22.1838
24.9479
32.0352
44.4065
63.2206
95.4106
139.659
186.402
126.019
56.089
-21.1198
-101.679
-188.359
-278.814
-370.865
-464.065
-556.702
-647.281
-734.659
-817.291
-893.663
-962.346
-1021.9
-1070.9
-1108.15
-1132.59
-1143.33
-1139.93
-1122.63
-1092.26
-1050.61
-1000.16
-943.887
-884.129
-821.3
-755.228
-686.435
-615.422
-542.331
-467.213
-389.854
-309.909
-225.391
-135.954
-30.528
70.4993
240.94
292.645
345.966
398.711
446.009
487.459
521.156
545.138
559.092
563.829
560.384
550.035
533.895
512.981
488.251
460.428
430.18
398.098
364.632
330.135
294.906
259.244
223.535
188.472
155.22
125.077
98.7213
76.2423
57.731
43.37
33.2284
27.2556
25.3817
27.6899
34.3576
46.3238
64.6797
95.8938
137.696
179.513
123.904
59.4526
-11.6216
-85.5458
-165.153
-248.262
-332.904
-418.883
-504.692
-589.101
-671.194
-749.593
-822.976
-889.974
-949.145
-999.069
-1038.46
-1066.21
-1081.34
-1083.21
-1071.86
-1047.88
-1012.71
-968.433
-917.492
-862.051
-802.871
-740.004
-673.964
-605.303
-534.235
-460.853
-384.986
-306.339
-223.056
-134.94
-31.7279
66.56
229.825
277.457
326.806
375.8
419.858
458.833
490.959
514.277
528.555
534.529
533.104
525.373
512.28
494.649
473.254
448.662
421.418
392.034
360.928
328.47
294.998
260.856
226.462
192.496
160.044
130.316
104.053
81.4718
62.7217
48.0068
37.4358
30.9988
28.6541
30.5014
36.7351
48.2673
66.117
96.2595
135.635
171.462
119.979
60.2782
-5.46845
-73.614
-147.026
-223.652
-301.701
-381.119
-460.6
-539.139
-616.024
-690.043
-760.04
-824.773
-882.876
-932.943
-973.677
-1003.86
-1022.51
-1028.76
-1022.51
-1004.15
-974.843
-936.282
-890.459
-839.311
-783.803
-724.182
-660.965
-594.73
-525.762
-454.193
-379.896
-302.63
-220.675
-133.969
-33.1297
62.3316
218.121
262.251
308.164
353.906
395.139
431.929
462.599
485.232
499.656
506.551
506.718
501.131
490.606
475.826
457.421
435.825
411.466
384.761
356.079
325.772
294.189
261.699
228.733
195.957
164.405
135.216
109.162
86.5703
67.651
52.6359
41.6723
34.793
31.9876
33.3722
39.1598
50.23
67.5257
96.5085
133.488
162.784
114.917
59.3938
-1.66517
-64.7356
-132.671
-203.526
-275.648
-349.108
-422.744
-495.731
-567.534
-637.107
-703.47
-765.502
-821.938
-871.451
-912.756
-944.593
-965.99
-975.925
-974.143
-960.855
-936.922
-903.713
-862.819
-815.927
-764.11
-707.773
-647.438
-583.703
-516.909
-447.23
-374.584
-298.781
-218.251
-133.052
-34.7291
57.8481
206.251
247.322
290.228
333.101
371.849
406.674
435.985
457.926
472.354
479.921
481.345
477.505
469.129
456.801
441.045
422.183
400.54
376.44
350.186
322.092
292.495
261.765
230.329
198.837
168.283
139.748
114.02
91.512
72.4982
57.2405
45.9256
38.6294
35.3758
36.2978
41.6271
52.2067
68.9005
96.6435
131.26
153.829
109.154
57.3342
0.430008
-58.1481
-121.216
-186.922
-253.722
-321.784
-390.074
-457.889
-524.851
-590.062
-652.697
-711.784
-766.174
-814.628
-855.911
-888.758
-912.202
-925.147
-927.162
-918.306
-899.204
-870.92
-834.703
-791.976
-743.836
-690.797
-633.391
-572.221
-507.673
-439.961
-369.047
-294.794
-215.786
-132.196
-36.5176
53.1294
194.464
232.849
273.079
313.397
349.93
382.976
411.013
432.258
446.589
454.63
457.039
454.616
448.036
437.809
424.372
407.973
388.846
367.233
343.365
317.5
289.946
261.054
231.233
201.114
171.652
143.88
118.591
96.2646
77.234
61.7964
50.1763
42.4931
38.8074
39.2691
44.1294
54.1907
70.2355
96.6665
128.961
144.831
103
54.4925
1.30201
-53.2674
-111.982
-173.075
-235.081
-298.254
-361.65
-424.673
-487.064
-548.062
-606.978
-662.989
-715.069
-762.067
-802.833
-836.131
-860.996
-876.338
-881.549
-876.555
-861.776
-838.011
-806.204
-767.525
-723.022
-673.282
-618.838
-560.288
-498.052
-432.383
-363.282
-290.668
-213.283
-131.409
-38.4871
48.194
182.936
218.924
256.768
294.783
329.326
360.738
387.572
408.131
422.287
430.649
433.823
432.552
427.464
419.022
407.606
393.402
376.578
357.304
335.738
312.078
286.588
259.583
231.447
202.777
174.492
147.587
122.846
100.798
81.8323
66.2809
54.4058
46.3697
42.2712
42.2774
46.6594
56.1752
71.5255
96.5828
126.6
135.944
96.6729
51.1467
1.29983
-49.6735
-104.476
-161.409
-219.093
-277.824
-336.737
-395.336
-453.451
-510.438
-565.734
-618.629
-668.232
-713.501
-753.369
-786.669
-812.427
-829.606
-837.446
-835.764
-824.803
-805.136
-777.446
-742.656
-701.724
-655.261
-603.797
-547.912
-488.051
-424.495
-357.289
-286.403
-210.742
-130.693
-40.6301
43.0643
171.777
205.608
241.294
277.227
309.961
339.863
365.566
385.444
399.368
407.927
411.691
411.349
407.503
400.578
390.912
378.653
363.915
346.807
327.427
305.913
282.474
257.381
230.979
203.821
176.789
150.844
126.755
105.083
86.2649
70.6691
58.5932
50.2422
45.7538
45.3123
49.2083
58.153
72.7648
96.3966
124.187
127.276
90.3257
47.4999
0.682409
-47.0462
-98.3086
-151.475
-205.243
-259.933
-314.749
-369.275
-423.411
-476.605
-528.405
-578.218
-625.262
-668.613
-707.295
-740.219
-766.417
-784.935
-794.897
-796.015
-788.394
-772.412
-748.534
-717.451
-679.998
-636.774
-588.29
-535.105
-477.673
-416.299
-351.068
-281.999
-208.163
-130.047
-42.9317
37.7618
161.05
192.931
226.654
260.686
291.763
320.265
344.899
364.106
377.754
386.417
390.628
391.035
388.219
382.577
374.421
363.871
351.007
335.886
318.558
299.102
277.673
254.489
229.846
204.248
178.536
153.634
130.292
109.091
90.5045
74.9358
62.717
54.093
49.2408
48.3623
51.7664
60.1162
73.9488
96.1143
121.734
118.9
84.0611
43.6958
-0.359065
-45.144
-93.1867
-142.934
-193.138
-244.144
-295.217
-345.994
-396.429
-446.063
-494.525
-541.332
-585.802
-627.12
-664.407
-696.655
-722.926
-742.339
-753.962
-757.409
-752.67
-739.97
-719.586
-692.004
-657.912
-617.866
-572.349
-521.886
-466.928
-407.799
-344.619
-277.457
-205.546
-129.468
-45.3755
32.3096
150.794
180.901
212.826
245.109
274.662
301.857
325.477
344.028
357.366
366.059
370.603
371.611
369.647
365.093
358.235
349.183
337.988
324.675
309.251
291.746
272.26
250.957
228.077
204.07
179.729
155.944
133.437
112.795
94.5241
79.0556
66.7543
57.9027
52.7162
51.4145
54.3232
62.0568
75.0729
95.7425
119.249
110.859
77.953
39.8489
-1.68371
-43.7761
-88.8863
-135.509
-182.465
-230.102
-277.743
-325.067
-372.08
-418.383
-463.691
-507.596
-549.517
-588.744
-624.484
-655.822
-681.862
-701.788
-714.665
-720.013
-717.73
-707.924
-690.717
-666.408
-635.536
-598.589
-556.008
-508.276
-455.828
-399.002
-337.946
-272.779
-202.89
-128.953
-47.9418
26.7369
141.028
169.51
199.781
230.451
258.589
284.561
307.218
325.125
338.135
346.797
351.582
353.071
351.814
348.178
342.435
334.687
324.973
313.292
299.618
283.942
266.312
246.84
225.708
203.306
180.375
157.765
136.17
116.173
98.2979
83.0031
70.6817
61.6509
56.1626
54.455
56.8672
63.9663
76.1329
95.2891
116.748
103.179
72.054
36.029
-3.17802
-42.8076
-85.2248
-128.988
-172.965
-217.521
-262.011
-306.156
-350
-393.201
-435.531
-476.661
-516.093
-553.213
-587.314
-617.568
-643.14
-663.253
-677.023
-683.885
-683.664
-676.378
-662.032
-640.758
-612.948
-579.003
-539.308
-494.3
-444.39
-389.916
-331.054
-267.964
-200.195
-128.495
-50.6093
21.0717
131.759
158.742
187.483
216.658
243.474
268.299
290.041
307.32
319.985
328.571
333.524
335.396
334.723
331.862
327.077
320.465
312.058
301.84
289.763
275.785
259.911
242.2
222.78
201.981
180.485
159.098
138.48
119.203
101.802
86.7533
74.4754
65.3163
59.5617
57.4686
59.3861
65.8359
77.1254
94.7617
114.241
95.8765
66.3979
32.2948
-4.76572
-42.125
-82.0671
-123.198
-164.444
-206.167
-247.759
-288.973
-329.884
-370.192
-409.725
-448.22
-485.248
-520.28
-552.694
-581.74
-606.65
-626.684
-641.034
-649.065
-650.547
-645.432
-633.635
-615.15
-590.226
-559.167
-522.295
-479.991
-432.634
-380.553
-323.949
-263.018
-197.457
-128.087
-53.3553
15.3436
122.982
148.58
175.899
203.684
229.263
253.002
273.875
290.542
302.854
311.329
316.392
318.566
318.375
316.17
312.205
306.581
299.323
290.411
279.781
267.365
253.134
237.103
219.345
200.128
180.076
159.943
140.357
121.869
105.014
90.2823
78.1116
68.8769
62.8941
60.4393
61.8669
67.6568
78.0471
94.1687
111.74
88.9543
61.0047
28.6875
-6.38302
-41.6462
-79.3009
-118.006
-156.735
-195.849
-234.771
-273.284
-311.479
-349.101
-386.015
-422.013
-456.737
-489.723
-520.428
-548.181
-572.282
-592.023
-606.683
-615.578
-618.438
-615.172
-605.624
-589.679
-567.452
-539.148
-505.02
-465.386
-420.584
-370.929
-316.638
-257.941
-194.674
-127.717
-56.1547
9.58543
114.691
139
164.993
191.478
215.896
238.612
258.655
274.729
286.683
295.019
300.143
302.554
302.762
301.111
297.849
293.08
286.832
279.081
269.753
258.766
246.061
231.616
215.455
197.786
179.17
160.311
141.798
124.158
107.915
93.5672
81.5668
72.3103
66.1398
63.3497
64.296
69.4198
78.8955
93.5187
109.259
82.4127
55.8875
25.2324
-7.98554
-41.304
-76.8404
-113.3
-149.706
-186.406
-222.864
-258.881
-294.565
-329.69
-364.157
-397.806
-430.326
-461.329
-490.334
-516.743
-539.923
-559.202
-573.943
-583.439
-587.387
-585.67
-578.087
-564.433
-544.708
-519.016
-487.536
-450.524
-408.267
-361.062
-309.133
-252.738
-191.842
-127.375
-58.9808
3.83149
106.872
129.979
154.731
179.996
203.321
225.069
244.321
259.818
271.412
279.59
284.739
287.332
287.869
286.685
284.027
280.001
274.638
267.913
259.754
250.064
238.766
225.805
211.163
194.994
177.795
160.217
142.806
126.06
110.488
96.5875
84.8183
75.5941
69.2782
66.1819
66.6591
71.1157
79.6681
92.8196
106.809
76.2465
51.0507
21.9501
-9.53868
-41.0524
-74.6167
-108.995
-143.246
-177.716
-211.892
-245.599
-278.954
-311.759
-343.943
-375.383
-405.815
-434.906
-462.239
-487.282
-509.462
-528.15
-542.778
-552.648
-557.433
-556.993
-551.105
-539.499
-522.075
-498.842
-469.904
-435.45
-395.718
-350.972
-301.444
-247.413
-188.955
-127.047
-61.809
-1.88623
99.5087
121.493
145.08
169.196
191.492
212.321
230.816
245.755
256.989
264.995
270.138
272.87
273.678
272.892
270.751
267.367
262.778
256.961
249.843
241.327
231.317
219.735
206.529
191.799
175.984
159.679
143.387
127.571
112.721
99.3246
87.8447
78.706
72.2885
68.9175
68.9419
72.7353
80.3633
92.0796
104.401
70.4463
46.496
18.8515
-11.0187
-40.848
-72.5763
-105.016
-137.268
-169.668
-201.732
-233.299
-264.494
-295.141
-325.193
-354.56
-383.017
-410.28
-435.982
-459.655
-480.784
-498.785
-513.144
-523.195
-528.594
-529.187
-524.747
-514.957
-499.632
-478.699
-452.184
-420.213
-382.968
-340.685
-293.586
-241.969
-186.011
-126.716
-64.6102
-7.53242
92.5847
113.515
136.006
159.041
180.362
200.318
218.088
232.486
243.367
251.19
256.303
259.137
260.167
259.717
258.021
255.196
251.283
246.266
240.076
232.614
223.777
213.468
201.607
188.248
173.773
158.721
143.552
128.692
114.604
101.762
90.6261
81.625
75.1496
71.5375
71.1295
74.2694
80.9794
91.306
102.046
64.9996
42.2208
15.9439
-12.4087
-40.6613
-70.6754
-101.307
-131.698
-162.174
-192.277
-221.857
-251.045
-279.687
-307.755
-335.178
-361.772
-387.291
-411.417
-433.736
-453.783
-471.027
-484.992
-495.065
-500.884
-502.296
-499.076
-490.881
-477.457
-458.657
-434.439
-404.861
-370.06
-330.226
-285.574
-236.413
-183.001
-126.366
-67.3565
-13.0734
86.0817
106.021
127.479
149.489
169.888
189.012
206.09
219.967
230.499
238.132
243.196
246.103
247.317
247.151
245.837
243.496
240.174
235.861
230.494
223.977
216.203
207.061
196.451
184.389
171.199
157.371
143.316
129.426
116.132
103.888
93.1447
84.3304
77.8417
74.0235
73.2071
75.7088
81.5151
90.5058
99.7544
59.895
38.2195
13.2296
-13.697
-40.4717
-68.8808
-97.8231
-126.477
-155.162
-183.439
-211.173
-238.496
-265.27
-291.488
-317.093
-341.931
-365.795
-388.407
-409.399
-428.355
-444.793
-458.271
-468.233
-474.31
-476.352
-474.146
-467.336
-455.618
-438.784
-416.73
-389.453
-357.032
-319.623
-277.427
-230.748
-179.921
-125.976
-70.0191
-18.4754
79.9815
98.9862
119.468
140.507
160.03
178.364
194.776
208.151
218.341
225.78
230.781
233.738
235.101
235.177
234.192
232.271
229.465
225.771
221.133
215.459
208.643
200.566
191.112
180.266
168.303
155.658
142.7
129.781
117.303
105.692
95.385
86.8038
80.3452
76.3574
75.1599
77.0446
81.969
89.6847
97.5339
55.1195
34.4835
10.7091
-14.8752
-40.2614
-67.1643
-94.5247
-121.556
-148.568
-175.143
-201.16
-226.748
-251.786
-276.275
-300.181
-323.369
-345.665
-366.827
-386.528
-404.401
-420.002
-432.921
-442.666
-448.863
-451.37
-449.996
-444.381
-434.185
-419.151
-399.12
-374.039
-343.931
-308.91
-269.16
-224.985
-176.765
-125.53
-72.574
-23.7065
74.2646
92.3866
111.943
132.062
150.752
168.333
184.108
196.998
206.854
214.097
219.023
222.011
223.495
223.776
223.075
221.519
219.165
216.015
212.02
207.097
201.141
194.031
185.64
175.928
165.124
153.614
141.724
129.771
118.119
107.168
97.3341
89.0284
82.6417
78.5215
76.9738
78.2681
82.3401
88.8474
95.3914
50.6582
31.0059
8.37793
-15.9377
-40.0188
-65.5056
-91.381
-116.895
-142.343
-167.331
-191.746
-215.719
-239.137
-262.016
-284.331
-305.969
-326.785
-346.565
-365.021
-381.825
-396.574
-408.886
-418.33
-424.533
-427.366
-426.662
-422.066
-413.217
-399.82
-381.674
-358.674
-330.798
-298.121
-260.797
-219.127
-173.527
-125.01
-74.9918
-28.7363
68.9121
86.1995
104.88
124.124
142.021
158.884
174.047
186.468
196
203.046
207.891
210.893
212.476
212.93
212.475
211.236
209.276
206.603
203.177
198.92
193.733
187.498
180.079
171.418
161.702
151.272
140.415
129.41
118.586
108.313
98.9831
90.9895
84.7142
80.4995
78.6353
79.371
82.6268
87.9984
93.332
46.4969
27.7755
6.23303
-16.8838
-39.7347
-63.8893
-88.3686
-112.458
-136.443
-159.948
-182.867
-205.332
-227.242
-248.617
-269.445
-289.632
-309.052
-327.519
-344.78
-360.537
-374.432
-386.107
-395.183
-401.303
-404.345
-404.167
-400.433
-392.767
-380.852
-364.451
-343.415
-317.683
-287.286
-252.361
-213.186
-170.201
-124.392
-77.2491
-33.5336
63.9065
80.402
98.25
116.661
133.803
149.98
164.557
176.527
185.742
192.593
197.35
200.354
202.016
202.619
202.374
201.412
199.797
197.543
194.617
190.951
186.452
181.003
174.468
166.775
158.075
148.665
138.798
128.716
118.714
109.129
100.324
92.6757
86.5484
82.276
80.1316
80.3453
82.8281
87.1398
91.3589
42.6214
24.7821
4.26888
-17.7139
-39.4032
-62.3006
-85.4665
-108.218
-130.831
-152.946
-174.468
-195.526
-216.028
-236
-255.438
-274.264
-292.37
-309.593
-325.711
-340.455
-353.505
-364.525
-373.187
-379.147
-382.301
-382.529
-379.515
-372.883
-362.3
-347.504
-328.313
-304.628
-276.445
-243.871
-207.169
-166.783
-123.663
-79.3198
-38.0709
59.2294
74.9726
92.0301
109.648
126.07
141.59
155.606
167.139
176.048
182.706
187.371
190.367
192.092
192.822
192.76
192.038
190.724
188.837
186.352
183.209
179.321
174.578
168.844
162.038
154.279
145.828
136.901
127.71
118.514
109.618
101.356
94.0777
88.1317
83.8377
81.451
81.1835
82.9421
86.2733
89.4731
39.0173
22.0154
2.47835
-18.4293
-39.0208
-60.7315
-82.6594
-104.153
-125.477
-146.292
-166.506
-186.248
-205.436
-224.096
-242.235
-259.786
-276.657
-292.706
-307.733
-321.502
-333.721
-344.081
-352.296
-358.041
-361.226
-361.756
-359.339
-353.604
-344.213
-330.888
-313.421
-291.68
-265.632
-235.355
-201.087
-163.268
-122.804
-81.1838
-42.3261
54.8634
69.8922
86.1966
103.058
118.792
133.685
147.161
158.276
166.886
173.354
177.924
180.904
182.679
183.515
183.612
183.1
182.05
180.485
178.388
175.705
172.36
168.248
163.238
157.24
150.35
142.792
134.753
126.414
118.002
109.788
102.076
95.1897
89.4543
85.1731
82.5834
81.8789
82.9672
85.3991
87.6742
35.6707
19.4643
0.854642
-19.0333
-38.5861
-59.1749
-79.9345
-100.244
-120.358
-139.951
-158.941
-177.452
-195.41
-212.845
-229.77
-246.126
-261.838
-276.778
-290.771
-303.605
-315.016
-324.721
-332.467
-337.954
-341.107
-341.851
-339.922
-334.961
-326.633
-314.649
-298.784
-278.883
-254.882
-226.835
-194.951
-159.656
-121.8
-82.8214
-46.2789
50.7915
65.141
80.7279
96.8671
111.943
126.236
139.194
149.905
158.227
164.509
168.981
171.94
173.752
174.679
174.913
174.584
173.765
172.482
170.726
168.45
165.586
162.036
157.676
152.412
146.319
139.589
132.382
124.852
117.195
109.65
102.489
96.0092
90.5091
86.2733
83.5202
82.4256
82.9013
84.5164
85.9595
32.5674
17.1176
-0.609935
-19.5296
-38.0983
-57.6251
-77.2811
-96.4742
-115.449
-133.894
-151.738
-169.097
-185.905
-202.195
-217.983
-233.222
-247.845
-261.742
-274.757
-286.697
-297.328
-306.388
-313.655
-318.855
-321.925
-322.813
-321.277
-316.981
-309.596
-298.83
-284.449
-266.278
-244.231
-218.335
-188.773
-155.944
-120.638
-84.2155
-49.9102
46.9977
60.7001
75.6025
91.0517
105.499
119.217
131.678
142
150.043
156.143
160.517
163.447
165.288
166.292
166.645
166.476
165.858
164.822
163.365
161.448
159.009
155.959
152.181
147.581
142.215
136.248
129.816
123.049
116.112
109.216
102.602
96.5362
91.2921
87.1314
84.2545
82.8182
82.7421
83.6231
84.3245
29.6939
14.9647
-1.92339
-19.9227
-37.5578
-56.0796
-74.6916
-92.8316
-110.732
-128.1
-144.866
-161.145
-176.877
-192.097
-206.824
-221.017
-234.619
-247.537
-259.626
-270.718
-280.598
-289.031
-295.815
-300.709
-303.66
-304.632
-303.412
-299.684
-293.131
-283.469
-270.455
-253.904
-233.711
-209.881
-182.566
-152.134
-119.306
-85.3519
-53.2067
43.4664
56.5519
70.8011
85.5908
99.4359
112.604
124.586
134.534
142.307
148.229
152.505
155.403
157.264
158.332
158.788
158.758
158.316
157.498
156.303
154.7
152.636
150.03
146.772
142.77
138.065
132.797
127.082
121.027
114.774
108.501
102.423
96.7745
91.8022
87.7435
84.7811
83.0528
82.4874
82.7161
82.7633
27.0378
12.9947
-3.0938
-20.2178
-36.9671
-54.5358
-72.1604
-89.3053
-106.194
-122.547
-138.302
-153.57
-168.294
-182.512
-196.245
-209.46
-222.107
-234.103
-245.321
-255.609
-264.773
-272.599
-278.907
-283.485
-286.286
-287.296
-286.325
-283.081
-277.262
-268.594
-256.837
-241.797
-223.355
-201.496
-176.344
-148.228
-117.8
-86.2216
-56.157
40.1822
52.6793
66.3044
80.4631
93.732
106.371
117.894
127.482
134.995
140.742
144.92
147.781
149.656
150.779
151.324
151.414
151.127
150.499
149.533
148.207
146.473
144.259
141.464
137.998
133.891
129.261
124.205
118.812
113.2
107.523
101.964
96.7307
92.0414
88.1086
85.0972
83.1263
82.1348
81.7917
81.2684
24.5857
11.1971
-4.12945
-20.4202
-36.3279
-52.9926
-69.6816
-85.8863
-101.821
-117.219
-132.023
-146.341
-160.122
-173.402
-186.207
-198.506
-210.258
-221.391
-231.789
-241.318
-249.801
-257.045
-262.888
-267.144
-269.778
-270.789
-270.012
-267.179
-262.006
-254.233
-243.625
-229.988
-213.192
-193.204
-170.121
-144.23
-116.114
-86.8161
-58.754
37.1311
49.0665
62.0948
75.6498
88.3668
100.499
111.58
120.82
128.081
133.658
137.74
140.562
142.444
143.612
144.233
144.429
144.277
143.813
143.049
141.965
140.521
138.653
136.269
133.283
129.714
125.663
121.21
116.428
111.415
106.299
101.239
96.414
92.0146
88.2282
85.2017
83.037
81.682
80.8453
79.8312
22.3259
9.56177
-5.03844
-20.5358
-35.6437
-51.4503
-67.2531
-82.5688
-97.6025
-112.1
-126.011
-139.438
-152.333
-164.736
-176.671
-188.115
-199.031
-209.354
-218.984
-227.797
-235.636
-242.324
-247.716
-251.654
-254.109
-255.093
-254.464
-251.979
-247.374
-240.404
-230.845
-218.505
-203.248
-185.027
-163.911
-140.147
-114.246
-87.1324
-60.9937
34.2995
45.698
58.1557
71.1323
83.3203
94.9657
105.622
114.528
121.544
126.956
130.941
133.722
135.606
136.811
137.497
137.785
137.75
137.431
136.842
135.97
134.78
133.217
131.196
128.638
125.552
122.023
118.119
113.897
109.438
104.85
100.265
95.8365
91.7294
88.1063
85.0961
82.7842
81.1272
79.8717
78.4423
20.2467
8.07875
-5.82868
-20.5699
-34.9174
-49.9089
-64.8717
-79.346
-93.528
-107.178
-120.248
-132.838
-144.904
-156.485
-167.608
-178.251
-188.384
-197.951
-206.86
-215.001
-222.232
-228.393
-233.353
-236.978
-239.247
-240.185
-239.669
-237.478
-233.372
-227.122
-218.518
-207.372
-193.547
-176.984
-157.729
-135.988
-112.199
-87.1694
-62.8754
31.6734
42.5595
54.4703
66.8931
78.5738
89.7519
99.9998
108.582
115.362
120.614
124.502
127.24
129.122
130.356
131.098
131.465
131.532
131.339
130.903
130.215
129.248
127.952
126.252
124.073
121.419
118.36
114.952
111.241
107.292
103.194
99.058
95.0119
91.1961
87.7497
84.7838
82.369
80.4688
78.8658
77.0918
18.337
6.7379
-6.50789
-20.5283
-34.1528
-48.3693
-62.5354
-76.2132
-89.5913
-102.441
-114.72
-126.524
-137.812
-148.624
-158.987
-168.882
-178.284
-187.143
-195.378
-202.889
-209.548
-215.211
-219.76
-223.083
-225.166
-226.043
-225.609
-223.668
-220
-214.395
-206.656
-196.607
-184.11
-169.097
-151.592
-131.763
-109.977
-86.931
-64.4029
29.2409
39.6366
51.0242
62.9157
74.1099
84.8389
94.6934
102.964
109.516
114.61
118.404
121.097
122.971
124.229
125.018
125.453
125.608
125.525
125.221
124.694
123.921
122.859
121.441
119.598
117.328
114.69
111.728
108.481
104.999
101.354
97.6375
93.9562
90.4272
87.1673
84.2703
81.7936
79.7058
77.8222
75.7693
16.5859
5.53042
-7.08401
-20.4171
-33.3532
-46.8334
-60.2432
-73.1669
-85.7847
-97.8805
-109.414
-120.479
-131.038
-141.13
-150.781
-159.978
-168.698
-176.897
-184.501
-191.423
-197.545
-202.74
-206.902
-209.935
-211.834
-212.64
-212.267
-210.538
-207.255
-202.228
-195.273
-186.226
-174.953
-161.381
-145.514
-127.481
-107.589
-86.4232
-65.5818
26.9898
36.9166
47.8029
59.1852
69.9122
80.2096
89.6852
97.6548
103.986
108.927
112.626
115.273
117.137
118.412
119.24
119.733
119.964
119.975
119.787
119.399
118.795
117.937
116.767
115.22
113.291
111.027
108.466
105.636
102.578
99.3489
96.0228
92.6869
89.4372
86.37
83.5632
81.0615
78.8378
76.7358
74.4647
14.9831
4.4471
-7.56424
-20.2418
-32.5229
-45.3029
-57.9945
-70.2044
-82.1029
-93.4869
-104.319
-114.69
-124.564
-133.982
-142.968
-151.512
-159.596
-167.178
-174.196
-180.567
-186.189
-190.945
-194.741
-197.499
-199.221
-199.952
-199.622
-198.073
-195.129
-190.617
-184.372
-176.239
-166.092
-153.852
-139.508
-123.158
-105.045
-85.6558
-66.4212
24.909
34.3866
44.7931
55.6863
65.965
75.847
84.9574
92.6368
98.7538
103.545
107.151
109.75
111.6
112.887
113.747
114.29
114.586
114.678
114.589
114.322
113.864
113.183
112.229
110.943
109.315
107.384
105.179
102.724
100.049
97.1995
94.2339
91.2222
88.2419
85.3707
82.6715
80.178
77.8654
75.6021
73.1682
13.5187
3.4795
-7.95579
-20.0079
-31.6651
-43.7795
-55.7893
-67.3224
-78.5415
-89.2535
-99.4256
-109.143
-118.376
-127.161
-135.526
-143.461
-150.95
-157.959
-164.43
-170.289
-175.444
-179.79
-183.246
-185.745
-187.296
-187.951
-187.65
-186.255
-183.61
-179.56
-173.954
-166.653
-157.536
-146.523
-133.591
-118.806
-102.357
-84.641
-66.9339
22.9872
32.0351
41.981
52.4055
62.2532
71.7358
80.4944
87.8931
93.8022
98.4476
101.961
104.511
106.343
107.638
108.524
109.107
109.459
109.621
109.617
109.454
109.122
108.595
107.829
106.771
105.408
103.77
101.883
99.762
97.4314
94.9257
92.2906
89.5813
86.8585
84.1837
81.6061
79.1495
76.7902
74.417
71.8705
12.1837
2.61914
-8.26537
-19.721
-30.7835
-42.265
-53.6279
-64.5196
-75.0954
-85.1732
-94.723
-103.827
-112.458
-120.652
-128.436
-135.802
-142.738
-149.213
-155.175
-160.558
-165.278
-169.244
-172.381
-174.639
-176.03
-176.608
-176.328
-175.066
-172.685
-169.047
-164.018
-157.471
-149.293
-139.405
-127.774
-114.439
-99.5401
-83.3939
-67.1341
21.2142
29.8506
39.3549
49.3294
58.7631
67.8613
76.2805
83.4075
89.115
93.6179
97.0402
99.5387
101.351
102.648
103.554
104.172
104.57
104.791
104.86
104.786
104.562
104.168
103.565
102.706
101.575
100.196
98.589
96.7651
94.7424
92.5467
90.2129
87.7834
85.305
82.8245
80.3789
77.9835
75.6145
73.1774
70.5633
10.969
1.85846
-8.4999
-19.3862
-29.8826
-40.7617
-51.5098
-61.7936
-71.7613
-81.2405
-90.2044
-98.7317
-106.798
-114.438
-121.679
-128.515
-134.936
-140.914
-146.403
-151.344
-155.662
-159.275
-162.118
-164.151
-165.392
-165.897
-165.63
-164.484
-162.336
-159.067
-154.558
-148.693
-141.369
-132.508
-122.07
-110.072
-96.6108
-81.9313
-67.0386
19.5802
27.8225
36.9034
46.4455
55.4811
64.2091
72.3007
79.1654
84.6768
89.04
92.3716
94.8185
96.6077
97.9031
98.8237
99.4691
99.9062
100.177
100.307
100.309
100.178
99.8979
99.4361
98.7496
97.8214
96.6692
95.3083
93.7472
91.9984
90.0807
88.0201
85.8482
83.5997
81.3093
79.0031
76.6886
74.3419
71.8811
69.239
9.86617
1.18992
-8.66564
-19.0083
-28.9656
-39.2713
-49.4358
-59.1435
-68.5359
-77.4499
-85.8616
-93.8469
-101.383
-108.506
-115.24
-121.581
-127.523
-133.039
-138.089
-142.621
-146.567
-149.853
-152.425
-154.251
-155.352
-155.788
-155.53
-154.485
-152.546
-149.607
-145.564
-140.315
-133.764
-125.838
-116.491
-105.719
-93.5861
-80.272
-66.6662
18.076
25.9404
34.6153
43.7421
52.3951
60.7665
68.5418
75.1523
80.4732
84.6998
87.9412
90.3351
92.0986
93.3887
94.3189
94.9862
95.455
95.7668
95.9493
96.0146
95.9625
95.78
95.4392
94.902
94.15
93.1957
92.0508
90.721
89.2148
87.5452
85.7308
83.7946
81.7612
79.6547
77.4922
75.2746
72.9767
70.527
67.8915
8.86718
0.606415
-8.76846
-18.5924
-28.0359
-37.796
-47.4061
-56.5677
-65.4159
-73.7963
-81.6881
-89.1639
-96.2036
-102.841
-109.102
-114.983
-120.479
-125.567
-130.21
-134.363
-137.965
-140.951
-143.274
-144.909
-145.883
-146.254
-146.002
-145.046
-143.292
-140.649
-137.025
-132.331
-126.479
-119.401
-111.045
-101.395
-90.483
-78.4358
-66.0372
16.6926
24.195
32.4801
41.2083
49.493
57.5206
64.9905
71.3548
76.4904
80.5832
83.735
86.075
87.8103
89.0916
90.0269
90.7103
91.2045
91.5502
91.7757
91.8948
91.9092
91.8093
91.572
91.1633
90.5639
89.7815
88.8249
87.6978
86.4055
84.9563
83.3631
81.6414
79.8078
77.8778
75.8605
73.7516
71.5245
69.1151
66.5158
7.96447
0.101207
-8.81427
-18.143
-27.0968
-36.338
-45.4215
-54.0656
-62.3986
-70.2754
-77.6776
-84.6745
-91.2487
-97.4327
-103.252
-108.704
-113.785
-118.476
-122.744
-126.547
-129.832
-132.543
-134.636
-136.097
-136.954
-137.267
-137.019
-136.142
-134.554
-132.176
-128.929
-124.733
-119.512
-113.199
-105.742
-97.1137
-87.3202
-76.4432
-65.1731
15.4218
22.5772
30.4883
38.8333
46.7635
54.46
61.6346
67.7604
72.7156
76.677
79.7397
82.0246
83.7297
84.9988
85.9352
86.6298
87.1438
87.5168
87.7775
87.9408
88.011
87.9808
87.8316
87.5329
87.0648
86.4312
85.6383
84.6881
83.5834
82.3293
80.9338
79.4064
77.7573
75.9952
74.1226
72.1308
69.9916
67.6465
65.1082
7.1509
-0.332078
-8.8083
-17.6643
-26.1516
-34.8991
-43.4826
-51.6361
-59.4816
-66.883
-73.8242
-80.3713
-86.5088
-92.2689
-97.6756
-102.729
-107.425
-111.748
-115.668
-119.149
-122.143
-124.6
-126.485
-127.788
-128.54
-128.799
-128.555
-127.748
-126.309
-124.169
-121.26
-117.512
-112.857
-107.233
-100.589
-92.8874
-84.1147
-74.3153
-64.0957
14.2556
21.0784
28.6304
36.607
44.1964
51.5732
58.4626
64.3569
69.1363
72.9688
75.9431
78.1719
79.8446
81.0985
82.0324
82.7337
83.2621
83.6565
83.9457
84.1454
84.2615
84.2897
84.2147
84.0099
83.6543
83.1487
82.4973
81.7009
80.7604
79.6782
78.4585
77.1064
75.627
74.0233
72.2929
70.4233
68.3849
66.1232
63.6663
6.4197
-0.699472
-8.75576
-17.1605
-25.2032
-33.4809
-41.5895
-49.2779
-56.6625
-63.6152
-70.1221
-76.2468
-81.9751
-87.3387
-92.3609
-97.0425
-101.382
-105.364
-108.964
-112.148
-114.875
-117.1
-118.795
-119.955
-120.611
-120.823
-120.583
-119.84
-118.534
-116.608
-114.001
-110.655
-106.508
-101.504
-95.5918
-88.7281
-80.8835
-72.0727
-62.8276
13.1865
19.6904
26.8975
34.5204
41.7813
48.8501
55.4635
61.1331
65.7412
69.4471
72.3333
74.5052
76.1434
77.3795
78.3074
79.0115
79.5497
79.9602
80.2718
80.5008
80.6546
80.7311
80.7184
80.5928
80.3332
79.9373
79.4078
78.7446
77.9471
77.0158
75.9519
74.7574
73.4331
71.978
70.3856
68.6406
66.7121
64.5487
62.1892
5.76438
-1.0066
-8.66141
-16.6355
-24.2545
-32.0851
-39.7425
-46.9902
-53.939
-60.4684
-66.5663
-72.2938
-77.6388
-82.6319
-87.2959
-91.632
-95.64
-99.3073
-102.611
-105.523
-108.005
-110.019
-111.541
-112.572
-113.144
-113.313
-113.077
-112.392
-111.207
-109.472
-107.137
-104.15
-100.458
-96.0099
-90.7545
-84.6461
-77.643
-69.7359
-61.3915
12.2076
18.4058
25.2819
32.5643
39.509
46.2805
52.6267
58.0785
62.5195
66.1009
68.8996
71.0138
72.6157
73.8312
74.75
75.4535
75.9976
76.4196
76.748
77.0001
77.1842
77.3002
77.3392
77.2802
77.102
76.7998
76.3747
75.8263
75.153
74.3536
73.4276
72.374
71.191
69.8744
68.4145
66.794
64.9814
62.9269
60.6769
5.17898
-1.25889
-8.52978
-16.0927
-23.3082
-30.7133
-37.9423
-44.7722
-51.3088
-57.4385
-63.1515
-68.5062
-73.4922
-78.1388
-82.4687
-86.4839
-90.1849
-93.5611
-96.5926
-99.2537
-101.512
-103.334
-104.7
-105.614
-106.11
-106.242
-106.012
-105.38
-104.304
-102.741
-100.649
-97.9841
-94.6988
-90.747
-86.0802
-80.6506
-74.4081
-67.3245
-59.8095
11.3121
17.2171
23.7752
30.7304
37.3707
43.8552
49.9429
55.1829
59.461
62.92
65.6315
67.6873
69.2514
70.4442
71.3511
72.0507
72.5968
73.0262
73.3669
73.6367
73.8447
73.9927
74.0742
74.0706
73.9608
73.738
73.4022
72.9523
72.3864
71.7022
70.8976
69.9698
68.915
67.7265
66.3929
64.895
63.201
61.2626
59.1309
4.65777
-1.46124
-8.36531
-15.5358
-22.3665
-29.3669
-36.1889
-42.623
-48.7694
-54.522
-59.8728
-64.8773
-69.5271
-73.8502
-77.8688
-81.5856
-85.0023
-88.1097
-90.8903
-93.3217
-95.3753
-97.0224
-98.2473
-99.0574
-99.4864
-99.5875
-99.3625
-98.7794
-97.8016
-96.3937
-94.52
-92.1423
-89.22
-85.7115
-81.5711
-76.75
-71.1927
-64.8574
-58.103
10.4939
16.1177
22.3706
29.0109
35.3579
41.5653
47.4028
52.4371
56.556
59.8946
62.5195
64.5162
66.0412
67.2091
68.1017
68.7945
69.3396
69.7728
70.1218
70.4044
70.6309
70.8041
70.92
70.9622
70.9097
70.7538
70.4937
70.1282
69.655
69.0709
68.3728
67.557
66.618
65.5477
64.3332
62.9546
61.3796
59.5613
57.5534
4.19544
-1.61847
-8.17172
-14.9676
-21.4318
-28.0471
-34.4827
-40.5415
-46.3191
-51.7159
-56.7255
-61.4012
-65.7359
-69.7567
-73.4856
-76.9255
-80.0787
-82.9379
-85.4879
-87.7086
-89.5756
-91.0643
-92.162
-92.8791
-93.2492
-93.3232
-93.1047
-92.5667
-91.6783
-90.4098
-88.7313
-86.6103
-84.0117
-80.8983
-77.2273
-72.9506
-68.0093
-62.3516
-56.2928
9.74697
15.1012
21.0609
27.3984
33.4628
39.4025
44.9976
49.832
53.7954
57.0157
59.5546
61.4918
62.9762
64.1176
64.9936
65.6771
66.2185
66.6523
67.0058
67.2973
67.5374
67.7303
67.8737
67.9533
67.9482
67.8484
67.6523
67.3588
66.9651
66.4678
65.8632
65.1467
64.312
63.3501
62.2473
60.9831
59.5256
57.829
55.9478
3.78699
-1.73496
-7.95287
-14.3912
-20.5062
-26.7549
-32.8237
-38.5268
-43.9555
-49.0163
-53.7048
-58.0718
-62.1113
-65.8501
-69.3089
-72.4915
-75.4009
-78.0312
-80.3691
-82.3972
-84.0943
-85.4392
-86.4227
-87.0568
-87.3753
-87.4265
-87.2154
-86.7192
-85.912
-84.7689
-83.2653
-81.3734
-79.0632
-76.3014
-73.0485
-69.2579
-64.8689
-59.8233
-54.3984
9.06592
14.1615
19.8396
25.8859
31.6778
37.3591
42.7193
47.3595
51.171
54.2748
56.7283
58.6056
60.0485
61.1617
62.0193
62.6912
63.2264
63.6581
64.0132
64.3101
64.5597
64.7673
64.9321
65.0418
65.0758
65.0227
64.8804
64.6479
64.3223
63.9002
63.3773
62.7488
62.0077
61.1448
60.146
58.9907
57.6476
56.0719
54.318
3.4277
-1.81483
-7.7122
-13.8093
-19.5915
-25.4915
-31.2116
-36.5776
-41.6762
-46.4201
-50.8064
-54.8833
-58.6465
-62.1216
-65.3289
-68.2729
-70.9567
-73.3758
-75.5188
-77.3707
-78.9131
-80.1279
-81.0089
-81.5695
-81.8429
-81.8751
-81.6721
-81.2147
-80.4814
-79.4514
-78.1043
-76.417
-74.3634
-71.9142
-69.0332
-65.6757
-61.7811
-57.2872
-52.438
8.44548
13.293
18.7008
24.4668
29.9961
35.4277
40.5602
45.0116
48.6745
51.6638
54.0327
55.8498
57.2503
58.334
59.1715
59.8301
60.3569
60.7842
61.1384
61.4375
61.6932
61.9112
62.0925
62.226
62.2916
62.277
62.1799
61.9989
61.7316
61.3742
60.9227
60.3719
59.7147
58.9419
58.0393
56.9867
55.7537
54.2963
52.6684
3.1132
-1.86196
-7.45295
-13.2243
-18.6893
-24.2576
-29.6465
-34.6929
-39.4792
-43.924
-48.0255
-51.8302
-55.3344
-58.5633
-61.5364
-64.2587
-66.7338
-68.9582
-70.9221
-72.613
-74.0146
-75.112
-75.9011
-76.3965
-76.6307
-76.6475
-76.4533
-76.0321
-75.3659
-74.4379
-73.2311
-71.7263
-69.9011
-67.7297
-65.1791
-62.2071
-58.7541
-54.756
-50.4285
7.88084
12.4904
17.6385
23.135
28.4109
33.6014
38.5131
42.7809
46.2984
49.1751
51.4603
53.2172
54.5746
55.6277
56.4437
57.0873
57.604
58.0249
58.3759
58.6748
58.9335
59.1585
59.3518
59.5039
59.5948
59.6118
59.5521
59.4147
59.1969
58.8954
58.506
58.0236
57.4415
56.7503
55.9363
54.9799
53.8516
52.5088
51.0038
2.8394
-1.87999
-7.17814
-12.6386
-17.8014
-23.0539
-28.1282
-32.8716
-37.3624
-41.5247
-45.3579
-48.9066
-52.1683
-55.1671
-57.9221
-60.4385
-62.7205
-64.7653
-66.565
-68.1086
-69.3823
-70.3738
-71.0806
-71.5185
-71.7189
-71.7231
-71.5382
-71.1508
-70.546
-69.7101
-68.629
-67.287
-65.6649
-63.7403
-61.483
-58.8534
-55.7944
-52.2413
-48.3851
7.36742
11.7487
16.6475
21.8845
26.9162
31.8736
36.5713
40.6603
44.0356
46.8016
49.004
50.701
52.0148
53.0363
53.8297
54.4571
54.9621
55.375
55.7209
56.0176
56.2769
56.5058
56.7075
56.8735
56.9845
57.027
56.9983
56.8973
56.7217
56.4682
56.1329
55.7108
55.1956
54.5781
53.8453
52.9784
51.9489
50.7158
49.3294
2.60244
-1.87224
-6.89052
-12.0543
-16.929
-21.8811
-26.6565
-31.1124
-35.3234
-39.2187
-42.7992
-46.1073
-49.1416
-51.9255
-54.4773
-56.8024
-58.9055
-60.7849
-62.4338
-63.8428
-65.0004
-65.8963
-66.5296
-66.9167
-67.0881
-67.0824
-66.9073
-66.5516
-66.0029
-65.25
-64.2818
-63.0851
-61.6438
-59.9381
-57.9411
-55.6157
-52.9076
-49.7531
-46.3216
6.90098
11.0634
15.7228
20.7101
25.5062
30.2383
34.7282
38.6434
41.8792
44.5367
46.6575
48.2948
49.5647
50.5539
51.3238
51.9338
52.426
52.8296
53.1689
53.4616
53.7194
53.9498
54.1567
54.333
54.4594
54.5225
54.5191
54.4486
54.3087
54.0964
53.8081
53.4391
52.9834
52.4323
51.7737
50.9895
50.0525
48.9234
47.6505
2.39871
-1.84191
-6.5927
-11.4734
-16.0736
-20.7396
-25.2308
-29.414
-33.3599
-37.003
-40.3452
-43.4271
-46.248
-48.8309
-51.1932
-53.3406
-55.2782
-57.0049
-58.5152
-59.8014
-60.8535
-61.6631
-62.231
-62.5734
-62.7199
-62.7069
-62.5419
-62.2157
-61.7183
-61.0406
-60.1737
-59.1069
-57.8264
-56.3152
-54.5489
-52.4936
-50.0977
-47.2997
-44.2501
6.47753
10.43
14.8597
19.6068
24.1756
28.6898
32.9779
36.7239
39.8229
42.3739
44.4148
45.9928
47.2186
48.1751
48.9207
49.5125
49.9908
50.3839
50.7155
51.0028
51.2574
51.4873
51.697
51.8802
52.0184
52.0977
52.115
52.0698
51.9602
51.7833
51.5357
51.2134
50.8105
50.3192
49.728
49.0198
48.169
47.1378
45.9722
2.22488
-1.79199
-6.28722
-10.8978
-15.2364
-19.6299
-23.851
-27.7753
-31.4698
-34.8743
-37.9916
-40.8604
-43.4812
-45.876
-48.0614
-50.0435
-51.8277
-53.4135
-54.7967
-55.9705
-56.9269
-57.6588
-58.1683
-58.4717
-58.5971
-58.5787
-58.424
-58.1255
-57.6752
-57.0656
-56.2899
-55.3391
-54.2018
-52.8633
-51.3016
-49.486
-47.3677
-44.8882
-42.1816
6.09332
9.84461
14.0538
18.5697
22.9194
27.223
31.315
34.8961
37.8602
40.3071
42.2698
43.7893
44.9709
45.8943
46.6152
47.1881
47.6519
48.0338
48.3567
48.6374
48.8877
49.1154
49.3258
49.5133
49.66
49.752
49.7861
49.7619
49.6777
49.5311
49.319
49.0376
48.6817
48.244
47.7139
47.0753
46.3042
45.3645
44.2998
2.07789
-1.7251
-5.97623
-10.3291
-14.4183
-18.5526
-22.5165
-26.195
-29.6511
-32.8297
-35.7342
-38.4019
-40.8347
-43.0535
-45.0738
-46.902
-48.5438
-49.9996
-51.2658
-52.337
-53.2063
-53.8683
-54.3259
-54.5951
-54.7027
-54.6808
-54.5367
-54.2644
-53.8572
-53.3095
-52.6158
-51.7689
-50.7592
-49.5741
-48.1942
-46.5911
-44.7197
-42.5244
-40.1252
5.74497
9.30334
13.301
17.5942
21.7325
25.8325
29.734
33.1546
35.9855
38.331
40.2176
41.679
42.8164
43.7066
44.4025
44.9562
45.4049
45.775
46.0885
46.3619
46.6067
46.8311
47.0404
47.2301
47.3828
47.4845
47.532
47.5251
47.4625
47.3419
47.1605
46.9151
46.6008
46.2112
45.7363
45.1614
44.4637
43.6089
42.6384
1.95494
-1.64358
-5.66172
-9.76856
-13.62
-17.5073
-21.2266
-24.6716
-27.9011
-30.8658
-33.5691
-36.047
-38.303
-40.3567
-42.2225
-43.907
-45.4165
-46.752
-47.9106
-48.8879
-49.6781
-50.2773
-50.6887
-50.9282
-51.021
-50.9972
-50.8639
-50.6162
-50.2488
-49.7573
-49.1376
-48.3838
-47.4881
-46.4396
-45.2209
-43.8064
-42.1545
-40.2128
-38.0888
5.42937
8.80272
12.5973
16.6761
20.6103
24.513
28.2288
31.4934
34.1931
36.441
38.2537
39.6574
40.7503
41.6072
42.278
42.8123
43.2457
43.6036
43.9073
44.1728
44.4114
44.6313
44.8383
45.0285
45.185
45.2939
45.3522
45.3596
45.3152
45.2169
45.0623
44.8485
44.5713
44.2247
43.7997
43.2826
42.6522
41.876
40.9931
1.85306
-1.55001
-5.34585
-9.21792
-12.8428
-16.4944
-19.9806
-23.2035
-26.2171
-28.9793
-31.4916
-33.7901
-35.8806
-37.7798
-39.5003
-41.0501
-42.4365
-43.6605
-44.7198
-45.6109
-46.3293
-46.8719
-47.2423
-47.456
-47.5368
-47.5125
-47.3901
-47.1657
-46.8352
-46.3951
-45.8423
-45.1723
-44.3785
-43.4515
-42.3762
-41.1293
-39.6724
-37.9569
-36.079
5.1433
8.33968
11.94
15.812
19.5493
23.2607
26.7948
29.907
32.476
34.6317
36.3739
37.7198
38.7682
39.592
40.2379
40.7526
41.1705
41.5159
41.8094
42.0666
42.2984
42.5132
42.7169
42.9062
43.0649
43.1791
43.2458
43.2652
43.2362
43.1571
43.0259
42.8399
42.5956
42.2876
41.9076
41.4431
40.8743
40.1705
39.3688
1.76939
-1.44783
-5.03195
-8.68051
-12.0891
-15.5165
-18.78
-21.7909
-24.5978
-27.1683
-29.4965
-31.6242
-33.5606
-35.3153
-36.8989
-38.3224
-39.594
-40.7148
-41.6824
-42.4945
-43.1474
-43.6389
-43.9731
-44.1643
-44.2353
-44.2118
-44.1005
-43.8983
-43.6019
-43.2089
-42.7169
-42.1223
-41.4198
-40.6015
-39.6537
-38.5559
-37.2727
-35.759
-34.1013
4.88384
7.91149
11.3264
15.0002
18.5485
22.0749
25.4318
28.3933
30.825
32.8945
34.5713
35.8602
36.8642
37.6557
38.2774
38.7729
39.1753
39.5082
39.7915
40.0401
40.2649
40.474
40.6737
40.8612
41.0207
41.1387
41.2122
41.2414
41.2255
41.1631
41.0524
40.8911
40.676
40.4026
40.0632
39.6464
39.1338
38.4963
37.7695
1.70178
-1.33865
-4.72144
-8.15755
-11.3605
-14.5748
-17.6258
-20.4347
-23.0439
-25.4338
-27.5805
-29.5428
-31.3353
-32.9547
-34.4088
-35.7133
-36.8781
-37.9033
-38.7865
-39.5262
-40.1198
-40.5657
-40.868
-41.0402
-41.1036
-41.082
-40.982
-40.801
-40.5364
-40.1868
-39.7501
-39.2238
-38.6034
-37.8822
-37.0484
-36.0833
-34.9547
-33.6212
-32.1606
4.64856
7.51509
10.7534
14.2368
17.6042
20.9521
24.1389
26.9529
29.237
31.2245
32.8403
34.0726
35.0327
35.793
36.3912
36.8679
37.2553
37.576
37.8493
38.0894
38.307
38.5103
38.7058
38.8909
39.0504
39.1713
39.2503
39.2878
39.2833
39.2355
39.143
39.0036
38.8148
38.5724
38.2698
37.8961
37.4348
36.8581
36.2002
1.65047
-1.22046
-4.4103
-7.64351
-10.6505
-13.6618
-16.5118
-19.1297
-21.5518
-23.7692
-25.7417
-27.5515
-29.2109
-30.6996
-32.0278
-33.2188
-34.2829
-35.2179
-36.0218
-36.6944
-37.2337
-37.6385
-37.9128
-38.0689
-38.1267
-38.1081
-38.0196
-37.8591
-37.6244
-37.3149
-36.929
-36.4646
-35.9185
-35.2847
-34.5528
-33.7063
-32.7159
-31.5436
-30.2591
4.43616
7.14779
10.2139
13.5117
16.7027
19.8754
22.8986
25.5709
27.7218
29.6377
31.1896
32.3603
33.2755
34.0047
34.5788
35.0362
35.4082
35.7166
35.9798
36.2115
36.4219
36.6193
36.8103
36.9927
37.1516
37.2746
37.3582
37.403
37.4084
37.3737
37.2974
37.1777
37.0126
36.7983
36.5288
36.1945
35.7798
35.2586
34.6638
1.61448
-1.09367
-4.09688
-7.13529
-9.95355
-12.7692
-15.4257
-17.8627
-20.1074
-22.1593
-23.9634
-25.6519
-27.198
-28.5542
-29.7545
-30.8368
-31.8061
-32.6553
-33.3835
-33.9927
-34.4817
-34.8488
-35.0979
-35.2406
-35.2945
-35.2802
-35.2037
-35.0631
-34.8568
-34.5849
-34.2458
-33.8377
-33.3588
-32.8037
-32.1631
-31.4227
-30.5559
-29.528
-28.4019
4.24543
6.80718
9.70485
12.8186
15.8341
18.8286
21.6885
24.2134
26.261
28.1434
29.6278
30.7236
31.5918
32.2914
32.8418
33.2794
33.6358
33.9319
34.185
34.4082
34.6114
34.8028
34.9889
35.1681
35.3261
35.4504
35.5379
35.5889
35.6033
35.5802
35.5184
35.4166
35.2729
35.0839
34.8445
34.5457
34.1735
33.7031
33.1663
1.58906
-0.991605
-3.84978
-6.72308
-9.37237
-11.9988
-14.4426
-16.6596
-18.6553
-20.482
-21.9729
-23.6307
-25.1977
-26.5024
-27.6446
-28.6918
-29.6353
-30.4588
-31.1634
-31.7538
-32.2287
-32.5863
-32.83
-32.9708
-33.0272
-33.0195
-32.9544
-32.8294
-32.645
-32.402
-32.0919
-31.7221
-31.2899
-30.7896
-30.2124
-29.5456
-28.7653
-27.8396
-26.8263
4.10029
6.54151
9.30731
12.2568
15.1021
17.8956
20.5227
22.7672
24.5767
26.633
28.1542
29.223
30.0867
30.7946
31.3491
31.7872
32.1438
32.4407
32.6944
32.9181
33.1222
33.3147
33.5027
33.6847
33.8466
33.9753
34.0679
34.1251
34.1467
34.1321
34.0805
33.9908
33.8611
33.689
33.4695
33.1942
32.8502
32.4137
31.9158
1.57075
-0.904854
-3.63917
-6.36758
-8.85901
-11.2962
-13.518
-15.4881
-17.1897
-18.7413
-19.8191
-21.5327
-23.2112
-24.5204
-25.6521
-26.7125
-27.6757
-28.5141
-29.2305
-29.8319
-30.3173
-30.6846
-30.9376
-31.0868
-31.1521
-31.1541
-31.1011
-30.989
-30.8219
-30.6017
-30.308
-29.9631
-29.5633
-29.1005
-28.5669
-27.9513
-27.2318
-26.378
-25.4436
3.98268
6.32335
8.97111
11.7668
14.4399
17.0098
19.3596
21.2716
22.7831
25.113
26.7474
27.8269
28.7128
29.4525
30.0302
30.4832
30.8512
31.1578
31.4195
31.6502
31.8606
32.0596
32.2542
32.4434
32.6129
32.7486
32.8477
32.9112
32.9393
32.9314
32.887
32.8053
32.685
32.5237
32.3171
32.0572
31.7316
31.3171
30.8447
1.55654
-0.812949
-3.42223
-6.00478
-8.33866
-10.5874
-12.5926
-14.3218
-15.7463
-17.0303
-17.724
-19.4597
-21.2265
-22.5344
-23.6459
-24.708
-25.6836
-26.5323
-27.2567
-27.8664
-28.3612
-28.7376
-29
-29.1577
-29.2322
-29.2447
-29.2047
-29.1071
-28.9589
-28.7637
-28.4885
-28.1705
-27.8053
-27.3818
-26.8926
-26.3287
-25.6702
-24.8883
-24.0391
3.86759
6.10713
8.63515
11.2765
13.7797
16.1254
18.2079
19.8078
21.0263
23.5728
25.3248
26.4164
27.3152
28.0812
28.6813
29.1486
29.5272
29.8424
30.1118
30.3491
30.5655
30.7704
30.9717
31.1683
31.3452
31.488
31.5939
31.6642
31.699
31.6984
31.6618
31.5886
31.478
31.3279
31.1343
30.8901
30.5831
30.1908
29.7443
1.54575
-0.717578
-3.20151
-5.63899
-7.81675
-9.87921
-11.6746
-13.1688
-14.3349
-15.3483
-15.7016
-17.4208
-19.2418
-20.5445
-21.6311
-22.684
-23.6633
-24.5171
-25.246
-25.8613
-26.3635
-26.7485
-27.0199
-27.1864
-27.2702
-27.2928
-27.2654
-27.1811
-27.0506
-26.8783
-26.6199
-26.3263
-25.9934
-25.607
-25.1604
-24.6466
-24.0474
-23.3334
-22.5518
3.7553
5.89426
8.30192
10.7898
13.1266
15.2477
17.0762
18.375
19.3182
22.0143
23.8818
24.9943
25.9
26.6856
27.3054
27.7868
28.1755
28.4991
28.7756
29.0192
29.2413
29.4521
29.6596
29.8634
30.0478
30.1979
30.3109
30.3881
30.4302
30.4373
30.4089
30.345
30.245
30.107
29.9273
29.6992
29.4113
29.0415
28.6207
1.53846
-0.619696
-2.97915
-5.27361
-7.29816
-9.17816
-10.7715
-12.0368
-12.9631
-13.6996
-13.76
-15.4251
-17.2604
-18.5494
-19.6076
-20.6418
-21.6156
-22.4693
-23.1992
-23.8176
-24.3253
-24.7185
-24.9991
-25.1769
-25.2738
-25.3116
-25.3028
-25.2387
-25.1336
-24.9918
-24.7591
-24.4976
-24.203
-23.8586
-23.4577
-22.9952
-22.4559
-21.8166
-21.1386
3.64693
5.68648
7.9742
10.3111
12.4857
14.3816
15.9703
16.9682
17.6568
20.4401
22.4129
23.5564
24.4695
25.2707
25.907
26.3999
26.7968
27.1282
27.4122
27.6627
27.8912
28.1081
28.3222
28.5336
28.7262
28.8844
29.0052
29.0903
29.1403
29.1554
29.1357
29.0812
28.9917
28.8658
28.7003
28.4889
28.2207
27.8745
27.4807
1.53429
-0.520981
-2.75873
-4.9135
-6.78937
-8.49223
-9.89252
-10.9364
-11.6406
-12.0915
-11.9039
-13.4781
-15.285
-16.5483
-17.5745
-18.5819
-19.5409
-20.3886
-21.1165
-21.7361
-22.2485
-22.6488
-22.9368
-23.1213
-23.2235
-23.2669
-23.2655
-23.2096
-23.1164
-22.9902
-22.7699
-22.5283
-22.2612
-21.9503
-21.59
-21.1758
-20.691
-20.1038
-19.4398
3.54385
5.48669
7.65578
9.84622
11.8622
13.5324
14.895
15.5827
16.0319
18.8521
20.9147
22.0948
23.0185
23.8373
24.4932
24.9985
25.4011
25.7361
26.0243
26.2798
26.514
26.7372
26.9584
27.1778
27.3793
27.5468
27.6774
27.7726
27.8335
27.8599
27.8521
27.81
27.7335
27.6211
27.4705
27.2756
27.0263
26.7012
26.3277
1.53274
-0.424935
-2.5465
-4.56738
-6.29965
-7.83162
-9.04699
-9.87655
-10.3729
-10.5286
-10.1351
-11.5829
-13.319
-14.5413
-15.53
-16.5026
-17.4379
-18.2726
-18.9942
-19.6131
-20.1314
-20.5443
-20.8527
-21.0652
-21.2009
-21.28
-21.3173
-21.3028
-21.2559
-21.1806
-21.0058
-20.8122
-20.5956
-20.3353
-20.0254
-19.6647
-19.2471
-18.7644
-18.304
3.44872
5.29986
7.35394
9.40388
11.2607
12.7002
13.8448
14.2028
14.4199
17.2485
19.3925
20.6092
21.5364
22.3665
23.0465
23.5763
23.9966
24.3412
24.6338
24.8915
25.1279
25.3544
25.5809
25.8071
26.0162
26.1914
26.3294
26.4323
26.5016
26.5378
26.5416
26.5134
26.4534
26.3603
26.2316
26.0613
25.8405
25.5512
25.229
1.53268
-0.335914
-2.35057
-4.24636
-5.84161
-7.20907
-8.24354
-8.86061
-9.15838
-9.01298
-8.4515
-9.74009
-11.3651
-12.5278
-13.47
-14.3994
-15.3029
-16.119
-16.8299
-17.4417
-17.954
-18.359
-18.6528
-18.8404
-18.9457
-18.9983
-19.0132
-18.979
-18.9157
-18.8255
-18.64
-18.4473
-18.2434
-18.0073
-17.7333
-17.4173
-17.0366
-16.5407
-15.8949
3.3633
5.12987
7.07564
8.99361
10.6867
11.8879
12.8174
12.8105
12.7808
15.6066
17.8483
19.1258
20.0606
20.8783
21.5489
22.0827
22.5213
22.8917
23.2095
23.4872
23.738
23.9754
24.2117
24.4496
24.6737
24.8657
25.0202
25.1383
25.2205
25.2669
25.2781
25.255
25.1984
25.1088
24.9849
24.8223
24.6099
24.3184
23.956
1.53317
-0.254033
-2.17143
-3.95387
-5.42299
-6.63799
-7.49755
-7.90718
-8.0167
-7.56402
-6.85136
-7.94744
-9.42609
-10.5078
-11.3908
-12.2642
-13.1232
-13.9151
-14.6239
-15.2539
-15.8047
-16.2715
-16.6549
-16.9607
-17.1918
-17.3581
-17.4808
-17.5525
-17.6025
-17.6309
-17.5471
-17.4448
-17.3232
-17.1592
-16.9493
-16.7002
-16.4287
-16.1686
-16.0873
3.285
4.97309
6.81897
8.61805
10.1486
11.1274
11.8559
11.4136
11.0791
13.8721
16.2155
17.6067
18.6313
19.4994
20.1664
20.6537
21.0324
21.3574
21.6537
21.9297
22.1907
22.4435
22.6963
22.9497
23.1883
23.3979
23.577
23.7276
23.8501
23.9444
24.0099
24.0456
24.05
24.0207
23.9547
23.8489
23.7046
23.5299
23.4062
1.53485
-0.176577
-2.00468
-3.6857
-5.04481
-6.13046
-6.83666
-7.07067
-7.0139
-6.22488
-5.33617
-6.21026
-7.50603
-8.4792
-9.29291
-10.1022
-10.8926
-11.6143
-12.252
-12.8071
-13.273
-13.6318
-13.8668
-13.9781
-14.0165
-14.0353
-14.0383
-14.0036
-13.943
-13.856
-13.6905
-13.5373
-13.39
-13.2281
-13.0435
-12.8238
-12.5184
-12.0202
-11.1522
3.21314
4.82854
6.58417
8.27915
9.66081
10.4732
11.0171
10.0119
9.31261
12.0395
14.3917
15.8196
16.9452
17.9885
18.8583
19.5067
19.9646
20.2872
20.5308
20.7378
20.936
21.1433
21.3717
21.617
21.8488
22.0397
22.1838
22.2844
22.3454
22.3704
22.3631
22.3279
22.2699
22.193
22.0971
21.9718
21.7825
21.442
20.8436
1.53832
-0.122166
-1.8845
-3.4822
-4.74576
-5.71443
-6.27486
-6.35792
-6.12268
-4.94246
-3.88003
-4.54976
-5.62176
-6.43076
-7.14842
-7.91416
-8.71124
-9.49263
-10.2406
-10.9553
-11.6393
-12.2979
-12.9333
-13.5271
-14.0082
-14.3535
-14.6308
-14.8584
-15.095
-15.3309
-15.4056
-15.4165
-15.4099
-15.3706
-15.2896
-15.1872
-15.1381
-15.2764
-15.9506
3.16902
4.73573
6.42287
8.0224
9.25191
9.90785
10.1436
8.40947
7.44724
10.2736
12.6425
13.9522
14.8557
15.6723
16.4503
17.201
17.9182
18.5674
19.1205
19.5725
19.9381
20.2411
20.5161
20.8119
21.1618
21.5361
21.8936
22.2212
22.5155
22.7741
22.9921
23.1623
23.2796
23.3412
23.352
23.3316
23.3418
23.5197
24.1365
1.53699
-0.14402
-1.90753
-3.46534
-4.64327
-5.46261
-5.80193
-5.63176
-5.04381
-3.42877
-2.37189
-2.94851
-3.82946
-4.42696
-4.89178
-5.34483
-5.79296
-6.21588
-6.60057
-6.93366
-7.1839
-7.30133
-7.24963
-7.05072
-6.86726
-6.78522
-6.74506
-6.66549
-6.5247
-6.42308
-6.25359
-6.10636
-6.00044
-5.90437
-5.80062
-5.66707
-5.38745
-4.7523
-3.29298
3.19004
4.76867
6.4371
7.94922
8.97766
9.31925
8.82657
6.23224
5.24323
8.51153
11.4383
13.3373
14.5334
15.1652
15.2991
15.1242
14.8452
14.627
14.5396
14.5895
14.7563
15.0189
15.3377
15.6139
15.7386
15.7559
15.75
15.7339
15.7051
15.6628
15.6164
15.5781
15.5568
15.5552
15.5613
15.5301
15.3287
14.6865
13.1632
1.5202
-0.239426
-2.06469
-3.63371
-4.7501
-5.40716
-5.4726
-4.93756
-3.81273
-1.77726
-0.757729
-1.22362
-2.04028
-2.80632
-3.57848
-4.38523
-5.2343
-6.13034
-7.08629
-8.1253
-9.27899
-10.5634
-11.9186
-13.1909
-14.1075
-14.6674
-15.2186
-15.6571
-16.3866
-17.4478
-17.144
-17.2005
-17.5265
-17.7669
-17.8829
-17.995
-18.2956
-19.0585
-20.8049
3.24759
4.8831
6.57796
8.03134
8.85787
8.77832
7.30806
3.94697
2.3862
5.29712
8.53473
11.7445
14.8723
17.8426
20.368
22.3037
23.6937
24.5825
25.0885
25.344
25.4644
25.5438
25.719
26.2092
27.098
28.065
28.862
29.5191
30.0906
30.5866
30.9898
31.2914
31.4967
31.623
31.7104
31.841
32.2216
33.1663
35.1852
289.693
284.834
278.583
271.133
262.118
251.471
239.264
225.724
211.272
196.426
181.636
167.178
153.177
139.666
126.65
114.133
102.117
90.6048
79.5987
69.0955
59.087
49.5645
40.5161
31.9297
23.7929
16.0944
8.82359
1.96932
-4.47807
-10.529
-16.1901
-21.4646
-26.3558
-30.8642
-34.9898
-38.7337
-42.0967
-45.0811
-47.6908
-49.9309
-51.8085
-53.3334
-54.5171
-55.3725
-55.9156
-56.1637
-56.1352
-55.85
-55.3289
-54.5936
-53.6657
-52.5666
-51.3179
-49.9402
-48.453
-46.8752
-45.2241
-43.5159
-41.7651
-39.9851
-38.1877
-36.383
-34.5802
-32.7867
-31.0101
-29.2539
-27.5272
-26.0504
-24.7331
-23.4048
-21.9636
-20.6521
-18.9332
-18.0076
-15.3809
-16.0922
-10.4764
-16.4444
-2.36418
-22.0269
288.829
279.954
270.256
260.286
250.145
240.003
229.995
220.189
210.624
201.331
192.336
183.664
175.339
167.379
159.799
152.611
145.82
139.431
133.439
127.839
122.621
117.771
113.273
109.109
105.261
101.706
98.425
95.3968
92.6009
90.0175
87.6279
85.4137
83.3571
81.4415
79.6506
77.9686
76.3806
74.8719
73.4283
72.0365
70.6838
69.3581
68.0488
66.7456
65.4397
64.1238
62.7916
61.4381
60.0598
58.6543
57.2206
55.7591
54.2707
52.7577
51.2229
49.67
48.1031
46.5268
44.9457
43.3648
41.7889
40.2227
38.671
37.138
35.6291
34.1473
32.7005
31.4849
30.4372
29.3613
28.2616
27.1474
26.0102
24.9607
23.6335
23.3097
20.319
24.5732
12.1261
36.0408
118.901
117.781
116.991
116.28
115.478
114.567
113.472
112.073
110.253
107.944
105.119
101.78
97.9444
93.6401
88.9074
83.7927
78.3474
72.6244
66.6769
60.559
54.3228
48.0195
41.6965
35.3977
29.1636
23.0289
17.0247
11.1804
5.52559
0.0852712
-5.11936
-10.0703
-14.7545
-19.1595
-23.275
-27.0929
-30.6063
-33.8101
-36.7003
-39.275
-41.534
-43.4794
-45.1153
-46.4473
-47.4843
-48.2368
-48.7169
-48.9385
-48.9174
-48.6704
-48.2153
-47.5704
-46.7545
-45.7864
-44.6843
-43.4662
-42.1495
-40.7503
-39.2838
-37.7641
-36.2041
-34.6153
-33.0083
-31.3918
-29.7748
-28.1624
-26.564
-25.1885
-23.9551
-22.7131
-21.346
-20.1183
-18.4594
-17.6139
-15.0472
-15.793
-10.3366
-16.1121
-2.61564
-21.542
119.533
120.082
121.404
122.568
123.49
124.148
124.521
124.602
124.394
123.904
123.142
122.117
120.846
119.345
117.635
115.739
113.681
111.487
109.187
106.809
104.381
101.929
99.4779
97.0522
94.6709
92.3505
90.1043
87.9426
85.8715
83.8947
82.0134
80.2258
78.5284
76.9164
75.3834
73.9223
72.5252
71.1836
69.889
68.6325
67.4054
66.1991
65.0055
63.8167
62.6254
61.4253
60.2107
58.977
57.7203
56.4381
55.1287
53.7915
52.4269
51.036
49.6211
48.1849
46.7307
45.2625
43.7845
42.3011
40.817
39.3368
37.8654
36.4071
34.9673
33.5491
32.1611
30.9922
29.9833
28.9457
27.8826
26.805
25.7008
24.6894
23.3886
23.1008
20.1662
24.2947
12.3461
35.1974
64.4564
63.5387
62.6427
61.7367
60.7506
59.6868
58.5476
57.3332
56.0517
54.7173
53.3451
51.9435
50.5038
49.0021
47.4076
45.6882
43.816
41.7677
39.5245
37.0739
34.4098
31.533
28.4502
25.1751
21.727
18.1304
14.4143
10.6091
6.74657
2.85865
-1.022
-4.86225
-8.63153
-12.3001
-15.8404
-19.2279
-22.4403
-25.4582
-28.2648
-30.8457
-33.1899
-35.2889
-37.1369
-38.7303
-40.0688
-41.1548
-41.9925
-42.5889
-42.9529
-43.0955
-43.0291
-42.7675
-42.3254
-41.7184
-40.9623
-40.0731
-39.0667
-37.9583
-36.7628
-35.4943
-34.1659
-32.7897
-31.3772
-29.938
-28.482
-27.016
-25.5489
-24.2783
-23.1322
-21.9778
-20.6915
-19.5429
-17.9652
-17.1695
-14.7287
-15.4082
-10.2782
-15.6283
-3.00017
-20.7874
65.1074
65.6926
66.3769
67.0394
67.7819
68.5954
69.4688
70.3901
71.3454
72.3185
73.2926
74.2494
75.1712
76.0397
76.8377
77.5485
78.1568
78.6494
79.0152
79.2469
79.3394
79.291
79.1036
78.7826
78.3361
77.7741
77.1091
76.3549
75.5254
74.6348
73.6968
72.7237
71.7265
70.7144
69.6949
68.6733
67.6535
66.6373
65.6253
64.6167
63.6097
62.6014
61.5887
60.5678
59.5348
58.486
57.4177
56.3266
55.21
54.0656
52.8922
51.689
50.4562
49.1945
47.9056
46.5917
45.2557
43.901
42.5312
41.1506
39.7636
38.3747
36.9887
35.6102
34.2444
32.8947
31.57
30.4519
29.4857
28.4902
27.4678
26.4306
25.3646
24.3901
23.1326
22.8436
20.057
23.8879
12.6946
34.2261
65.435
64.9063
64.3382
63.7242
63.0088
62.1477
61.106
59.8517
58.3684
56.6634
54.7672
52.7252
50.579
48.3545
46.0649
43.7164
41.3144
38.8637
36.3662
33.8223
31.231
28.5892
25.8932
23.1396
20.3257
17.4499
14.5138
11.5204
8.47652
5.39106
2.27662
-0.850802
-3.97359
-7.07179
-10.1237
-13.1075
-16.0009
-18.7825
-21.4317
-23.9294
-26.2588
-28.4054
-30.3566
-32.1025
-33.636
-34.9525
-36.05
-36.9293
-37.5933
-38.0474
-38.299
-38.3571
-38.2325
-37.9371
-37.4838
-36.8862
-36.1581
-35.3136
-34.3664
-33.3299
-32.2173
-31.0407
-29.8118
-28.541
-27.2387
-25.9127
-24.5722
-23.4024
-22.3383
-21.265
-20.0546
-18.9811
-17.478
-16.737
-14.397
-15.0575
-10.1495
-15.2631
-3.16097
-20.2978
65.8695
66.2678
66.6206
66.9301
67.2102
67.4486
67.6503
67.8183
67.9557
68.0662
68.1538
68.2224
68.2757
68.3171
68.3495
68.3748
68.394
68.4065
68.4107
68.4039
68.3818
68.3395
68.2713
68.1713
68.0338
67.8535
67.6258
67.3474
67.0165
66.6325
66.1964
65.7102
65.1772
64.6011
63.9863
63.337
62.6574
61.9509
61.2203
60.4677
59.6943
58.9007
58.0862
57.2502
56.3912
55.5075
54.5971
53.6581
52.689
51.6883
50.6549
49.5884
48.4888
47.357
46.194
45.002
43.7834
42.5412
41.2789
40.0003
38.7097
37.4115
36.1103
34.8109
33.5186
32.2366
30.9747
29.9061
28.9807
28.0255
27.0424
26.0442
25.0153
24.0765
22.8575
22.5796
19.8935
23.5658
12.7982
33.6061
57.2373
56.7173
56.1913
55.6832
55.1636
54.6036
53.9817
53.2756
52.4592
51.5096
50.4141
49.1735
47.798
46.2974
44.676
42.9333
41.0686
39.084
36.9841
34.7752
32.4653
30.0631
27.5779
25.0194
22.397
19.7199
16.9969
14.2364
11.4473
8.63771
5.8165
2.99355
0.178772
-2.61662
-5.38003
-8.09802
-10.756
-13.3387
-15.8301
-18.2145
-20.4763
-22.6011
-24.5752
-26.3863
-28.0245
-29.4812
-30.7503
-31.8282
-32.7129
-33.4053
-33.9082
-34.2264
-34.3664
-34.3365
-34.1464
-33.8067
-33.3288
-32.7248
-32.007
-31.1878
-30.2793
-29.2934
-28.2416
-27.1345
-25.9827
-24.7949
-23.5799
-22.5102
-21.5275
-20.5352
-19.4009
-18.4033
-16.9728
-16.2939
-14.0394
-14.7148
-9.96568
-14.9512
-3.20191
-19.9347
57.6373
57.9697
58.3138
58.6634
59.01
59.3498
59.6815
60.001
60.3046
60.5888
60.8497
61.0843
61.2897
61.4635
61.6039
61.71
61.7816
61.8191
61.8237
61.7971
61.7414
61.6589
61.5521
61.4227
61.2725
61.1027
60.9136
60.705
60.4763
60.2262
59.9531
59.6555
59.3318
58.9804
58.6003
58.1909
57.7516
57.2823
56.7829
56.2536
55.6945
55.1054
54.4861
53.8362
53.1549
52.4413
51.6944
50.9131
50.0964
49.2434
48.3536
47.4266
46.4627
45.4625
44.4272
43.3585
42.2587
41.1305
39.9771
38.8022
37.6098
36.4042
35.1899
33.9715
32.7546
31.5426
30.3453
29.3276
28.4439
27.53
26.5874
25.6291
24.6384
23.7358
22.5552
22.2954
19.6865
23.2659
12.7721
33.0989
45.4416
44.9677
44.4835
44.0184
43.5514
43.068
42.5558
42.0013
41.3903
40.7079
39.9429
39.0915
38.1578
37.15
36.0742
34.9312
33.7168
32.4246
31.0485
29.5837
28.0268
26.3752
24.6279
22.7853
20.8497
18.8251
16.7174
14.5335
12.2824
9.9737
7.61806
5.22722
2.81296
0.387708
-2.03556
-4.44375
-6.82335
-9.16065
-11.4415
-13.6519
-15.7778
-17.8055
-19.7218
-21.5138
-23.1705
-24.6815
-26.038
-27.2333
-28.2621
-29.1215
-29.8103
-30.3293
-30.6814
-30.8709
-30.9041
-30.7885
-30.5327
-30.1462
-29.6394
-29.0229
-28.3077
-27.5048
-26.6249
-25.6784
-24.6757
-23.626
-22.5375
-21.5694
-20.6706
-19.7619
-18.7071
-17.788
-16.4344
-15.8195
-13.6558
-14.3452
-9.76376
-14.6103
-3.23702
-19.528
45.7819
46.0513
46.3458
46.6501
46.9652
47.2923
47.6312
47.9809
48.3408
48.7095
49.0855
49.467
49.8515
50.2361
50.6178
50.9934
51.3588
51.7104
52.0443
52.357
52.645
52.9051
53.1351
53.3327
53.4968
53.6265
53.7215
53.7821
53.8087
53.8021
53.7628
53.6915
53.5888
53.4547
53.2893
53.0925
52.8638
52.6027
52.3086
51.9808
51.6188
51.2217
50.7889
50.3197
49.8133
49.2689
48.6858
48.0631
47.4004
46.6969
45.9524
45.1667
44.3402
43.4736
42.5678
41.6244
40.6456
39.6339
38.5921
37.5237
36.4326
35.3229
34.1989
33.0654
31.9276
30.7893
29.6604
28.6968
27.8579
26.9884
26.0893
25.1736
24.2243
23.3596
22.2225
21.9775
19.4577
22.9212
12.7376
32.5213
37.8435
37.4543
37.0496
36.6522
36.2488
35.835
35.4061
34.9502
34.4543
33.9051
33.2898
32.5987
31.8302
30.9903
30.0886
29.1332
28.1281
27.0732
25.9658
24.803
23.5827
22.3029
20.9613
19.5558
18.0848
16.547
14.9417
13.2693
11.5315
9.73096
7.87194
5.96033
4.0031
2.00877
-0.0128285
-2.05089
-4.0936
-6.12857
-8.14261
-10.1224
-12.0543
-13.9249
-15.721
-17.4294
-19.0382
-20.5359
-21.9121
-23.1579
-24.2657
-25.2294
-26.0449
-26.7098
-27.2234
-27.5868
-27.8027
-27.8755
-27.8109
-27.6158
-27.2982
-26.8667
-26.3306
-25.6996
-24.9833
-24.1914
-23.3338
-22.4199
-21.457
-20.5907
-19.7767
-18.9523
-17.9793
-17.1397
-15.8668
-15.3152
-13.2502
-13.9464
-9.54925
-14.2349
-3.26892
-19.07
38.1359
38.3854
38.6537
38.9279
39.2115
39.5038
39.8048
40.1142
40.432
40.7578
41.0918
41.4335
41.7824
42.1381
42.5002
42.8678
43.2398
43.6148
43.9913
44.3675
44.7411
45.1092
45.4692
45.8178
46.152
46.4683
46.7634
47.0344
47.2786
47.4935
47.6769
47.8271
47.9431
48.0238
48.0685
48.0766
48.0478
47.9817
47.8778
47.7358
47.5552
47.3353
47.0757
46.7755
46.434
46.0507
45.6247
45.1555
44.6424
44.0851
43.4832
42.8369
42.1463
41.412
40.6351
39.8169
38.9592
38.0645
37.1353
36.1748
35.1867
34.1749
33.1436
32.0975
31.0418
29.9801
28.9227
28.016
27.2244
26.4018
25.5488
24.6782
23.7731
22.9477
21.859
21.624
19.2083
22.5282
12.6972
31.8887
32.8077
32.4835
32.1421
31.8005
31.451
31.0934
30.7296
30.3547
29.9589
29.5317
29.0619
28.5373
27.9481
27.2911
26.5699
25.7912
24.9612
24.0835
23.1582
22.1831
21.1565
20.0775
18.9454
17.7601
16.5213
15.2293
13.8843
12.4868
11.0378
9.53866
7.99127
6.39838
4.76328
3.09027
1.38485
-0.346574
-2.09638
-3.85597
-5.6156
-7.36476
-9.0923
-10.7865
-12.4355
-14.027
-15.5493
-16.9908
-18.3406
-19.5885
-20.7256
-21.7441
-22.6376
-23.4009
-24.031
-24.5259
-24.8856
-25.1116
-25.2068
-25.1754
-25.0231
-24.7561
-24.3821
-23.9088
-23.3449
-22.6988
-21.9796
-21.1966
-20.356
-19.5897
-18.8594
-18.1186
-17.2276
-16.4669
-15.2766
-14.7872
-12.8244
-13.5256
-9.3153
-13.8419
-3.27254
-18.6012
33.0619
33.2887
33.53
33.7784
34.0362
34.3026
34.5777
34.8613
35.1531
35.4528
35.7601
36.0745
36.3956
36.7227
37.0554
37.393
37.7348
38.0801
38.4281
38.7781
39.1291
39.48
39.8297
40.1768
40.52
40.8573
41.1868
41.5064
41.8137
42.106
42.3807
42.6351
42.8665
43.0724
43.2502
43.3979
43.5132
43.5945
43.6402
43.6487
43.6189
43.5496
43.4396
43.288
43.0937
42.856
42.5738
42.2464
41.8733
41.4537
40.9874
40.4743
39.9144
39.3083
38.6566
37.9607
37.222
36.4426
35.6249
34.7718
33.8867
32.9732
32.0354
31.0779
30.1056
29.1224
28.1383
27.2903
26.5476
25.7735
24.9684
24.1444
23.2856
22.5004
21.4636
21.2355
18.9322
22.0999
12.6235
31.2483
28.5513
28.2762
27.9848
27.6899
27.3846
27.0689
26.7475
26.4213
26.0865
25.7361
25.3617
24.9543
24.5035
24.0005
23.4417
22.8291
22.1678
21.4624
20.716
19.9287
19.098
18.2217
17.298
16.3258
15.3044
14.2332
13.1123
11.9417
10.7225
9.45567
8.14304
6.78699
5.39021
3.95605
2.48867
0.992708
-0.526389
-2.06238
-3.60823
-5.15609
-6.69746
-8.22314
-9.72333
-11.1877
-12.6059
-13.9673
-15.2616
-16.4787
-17.6091
-18.6443
-19.5765
-20.3992
-21.1072
-21.6966
-22.1649
-22.5113
-22.7362
-22.8414
-22.8302
-22.7068
-22.4767
-22.146
-21.7217
-21.2113
-20.6224
-19.9639
-19.2409
-18.5717
-17.9234
-17.2644
-16.4548
-15.772
-14.6652
-14.2371
-12.3781
-13.085
-9.05843
-13.4362
-3.24245
-18.1334
28.7699
28.9673
29.1773
29.395
29.6222
29.8583
30.1037
30.3583
30.6223
30.8955
31.1779
31.4693
31.7695
32.078
32.3946
32.7186
33.0495
33.3865
33.7287
34.0754
34.4254
34.7777
35.1312
35.4845
35.8365
36.1858
36.5309
36.8703
37.2025
37.5258
37.8382
38.1379
38.4228
38.6906
38.9389
39.1655
39.3679
39.5437
39.6906
39.8061
39.8882
39.9349
39.9441
39.9143
39.8436
39.7308
39.5742
39.3729
39.1257
38.8319
38.4906
38.1016
37.6646
37.1798
36.6476
36.069
35.4452
34.7779
34.0692
33.3216
32.5382
31.7224
30.878
30.0093
29.1213
28.2175
27.308
26.52
25.8273
25.1029
24.3471
23.5711
22.7603
22.016
21.0342
20.811
18.6253
21.6395
12.5103
30.6052
24.9375
24.7038
24.4557
24.203
23.9389
23.6622
23.3765
23.085
22.7886
22.4851
22.1691
21.8337
21.4716
21.0739
20.6323
20.143
19.6075
19.0298
18.4142
17.7639
17.0796
16.3595
15.6014
14.8036
13.9649
13.0844
12.1611
11.1945
10.1843
9.13058
8.03376
6.89509
5.71602
4.49875
3.24615
1.96166
0.64941
-0.685761
-2.03833
-3.40207
-4.77014
-6.13513
-7.48895
-8.82298
-10.1283
-11.3957
-12.6157
-13.7791
-14.8765
-15.8994
-16.8396
-17.6896
-18.4433
-19.0951
-19.641
-20.078
-20.4047
-20.6208
-20.7274
-20.7267
-20.6222
-20.4184
-20.1204
-19.7344
-19.2667
-18.7257
-18.1148
-17.5388
-16.9702
-16.3908
-15.6618
-15.0553
-14.0326
-13.6646
-11.9105
-12.6235
-8.77868
-13.0145
-3.18447
-17.6599
25.1254
25.2972
25.48
25.6702
25.8689
26.076
26.2919
26.5166
26.7504
26.9933
27.2454
27.5067
27.7774
28.0573
28.3464
28.6444
28.9512
29.2663
29.5894
29.9199
30.2572
30.6004
30.9488
31.3011
31.6564
32.0132
32.3702
32.7258
33.0785
33.4265
33.7681
34.1013
34.4244
34.7353
35.0318
35.3119
35.5734
35.8139
36.0312
36.2228
36.3866
36.52
36.6208
36.6867
36.7157
36.7058
36.655
36.5617
36.4244
36.2417
36.0127
35.7363
35.412
35.0397
34.6194
34.1516
33.637
33.0771
32.4735
31.8284
31.1444
30.4247
29.6727
28.8925
28.0887
27.2648
26.4307
25.7036
25.0618
24.3882
23.6829
22.9562
22.195
21.4925
20.5681
20.3488
18.2853
21.1442
12.3629
29.9464
21.9834
21.7845
21.5731
21.3568
21.1299
20.8906
20.6403
20.3813
20.1158
19.8453
19.5689
19.2824
18.9802
18.6561
18.3023
17.9112
17.4783
17.0041
16.4922
15.9461
15.3692
14.7626
14.1252
13.4553
12.7511
12.0118
11.2367
10.4251
9.57651
8.69058
7.76722
6.80679
5.80983
4.77735
3.71094
2.61265
1.48512
0.331637
-0.843798
-2.03657
-3.24142
-4.45248
-5.66319
-6.86641
-8.05461
-9.2198
-10.3536
-11.4477
-12.4935
-13.4826
-14.407
-15.259
-16.0317
-16.7189
-17.3152
-17.8165
-18.2196
-18.5226
-18.7246
-18.8263
-18.8292
-18.7359
-18.5501
-18.2766
-17.9201
-17.4883
-16.983
-16.4958
-16.0038
-15.5012
-14.8511
-14.3189
-13.3799
-13.0707
-11.4223
-12.1408
-8.47682
-12.5749
-3.10234
-17.1748
22.1457
22.2963
22.4563
22.6231
22.7976
22.9797
23.1699
23.3682
23.5749
23.79
24.0139
24.2465
24.488
24.7385
24.9979
25.2663
25.5436
25.8297
26.1243
26.4273
26.7383
27.0569
27.3826
27.7148
28.0527
28.3954
28.742
29.0913
29.4421
29.7929
30.1421
30.488
30.8288
31.1625
31.4871
31.8004
32.1003
32.3844
32.6504
32.896
33.1188
33.3162
33.486
33.6256
33.7328
33.8052
33.8407
33.8372
33.7928
33.7057
33.5744
33.3977
33.1746
32.9043
32.5864
32.2211
31.8087
31.35
30.8463
30.2993
29.7113
29.0849
28.4232
27.7301
27.0097
26.2655
25.507
24.8412
24.2509
23.6289
22.975
22.2985
21.5882
20.9282
20.0636
19.8473
17.9105
20.6118
12.1842
29.2645
19.5274
19.3572
19.1763
18.9907
18.7957
18.5893
18.3726
18.146
17.9104
17.6677
17.42
17.1672
16.9065
16.6331
16.342
16.0264
15.6792
15.2954
14.8749
14.42
13.9342
13.4204
12.8802
12.3131
11.7172
11.0912
10.434
9.74508
9.02404
8.2704
7.4839
6.66463
5.81278
4.92885
4.01381
3.06889
2.09578
1.09667
0.0742877
-0.968083
-2.02662
-3.09692
-4.17391
-5.25194
-6.32486
-7.38602
-8.42831
-9.44436
-10.4265
-11.367
-12.2583
-13.0929
-13.8637
-14.564
-15.1881
-15.7306
-16.1875
-16.5553
-16.832
-17.0165
-17.1087
-17.1098
-17.0219
-16.8482
-16.592
-16.2601
-15.8529
-15.4491
-15.0298
-14.6005
-14.0266
-13.566
-12.7098
-12.4572
-10.9145
-11.6378
-8.15359
-12.1174
-2.99701
-16.678
19.6679
19.7998
19.9398
20.0859
20.239
20.3991
20.5665
20.7413
20.9238
21.1142
21.3127
21.5195
21.7346
21.9583
22.1906
22.4315
22.6812
22.9395
23.2065
23.482
23.7659
24.0578
24.3575
24.6645
24.9785
25.2988
25.6248
25.9556
26.2903
26.628
26.9673
27.3071
27.6458
27.9818
28.3134
28.6386
28.9554
29.2617
29.5552
29.8336
30.0944
30.3352
30.5535
30.7468
30.9125
31.0482
31.1515
31.2201
31.2517
31.2443
31.196
31.1051
30.9702
30.7902
30.5643
30.2919
29.9731
29.6081
29.1977
28.7433
28.2465
27.7095
27.1351
26.5266
25.888
25.2222
24.5386
23.934
23.3952
22.825
22.223
21.5974
20.9388
20.322
19.5188
19.3053
17.499
20.0413
11.9742
28.5562
17.4346
17.2883
17.1329
16.9732
16.8052
16.6271
16.4396
16.243
16.0371
15.8221
15.5996
15.3718
15.1394
14.9006
14.6519
14.3887
14.1054
13.7954
13.4536
13.0788
12.6729
12.2388
11.7793
11.2962
10.7895
10.2576
9.69902
9.11279
8.49843
7.85548
7.18352
6.48238
5.75198
4.99248
4.20442
3.38854
2.54594
1.67811
0.786984
-0.125073
-1.05524
-2.00023
-2.95617
-3.91863
-4.88274
-5.84312
-6.79382
-7.7286
-8.64082
-9.52365
-10.3701
-11.1732
-11.9261
-12.6222
-13.2553
-13.8199
-14.3108
-14.7241
-15.0564
-15.3054
-15.4698
-15.5494
-15.5448
-15.458
-15.2907
-15.0489
-14.7314
-14.4049
-14.0538
-13.6934
-13.1925
-12.8
-12.0247
-11.8262
-10.3885
-11.1154
-7.80973
-11.6424
-2.87088
-16.1699
17.5564
17.6718
17.7941
17.922
18.0561
18.1965
18.3435
18.4972
18.658
18.8259
19.0013
19.1843
19.3752
19.574
19.7809
19.9961
20.2197
20.4516
20.6921
20.941
21.1983
21.4639
21.7376
22.0191
22.3083
22.6046
22.9076
23.2167
23.5312
23.8504
24.1733
24.4989
24.8261
25.1535
25.4798
25.8033
26.1224
26.4351
26.7396
27.0336
27.3149
27.5813
27.8302
28.0591
28.2656
28.4472
28.6011
28.7251
28.8166
28.8734
28.8933
28.8742
28.8145
28.7125
28.567
28.3772
28.1424
27.8626
27.538
27.1693
26.7579
26.3054
25.8141
25.2869
24.7272
24.138
23.5278
22.9835
22.4958
21.9772
21.427
20.8524
20.246
19.6728
18.9321
18.7217
17.0489
19.4318
11.7332
27.817
15.6323
15.5061
15.3721
15.2343
15.0893
14.9355
14.7731
14.6025
14.4234
14.2356
14.0392
13.8349
13.6248
13.4101
13.1904
12.9626
12.7231
12.4671
12.1886
11.8824
11.5466
11.1824
10.7923
10.3789
9.94429
9.48887
9.01135
8.51022
7.98461
7.434
6.858
6.25632
5.62867
4.97496
4.29537
3.59026
2.86025
2.1063
1.3297
0.532125
-0.284391
-1.11739
-1.96393
-2.82057
-3.68345
-4.54824
-5.41009
-6.26377
-7.10366
-7.92381
-8.71805
-9.48003
-10.2034
-10.8818
-11.5092
-12.0798
-12.5883
-13.0301
-13.4011
-13.6981
-13.9187
-14.0617
-14.1263
-14.1134
-14.0236
-13.8615
-13.6248
-13.3688
-13.0808
-12.7844
-12.3526
-12.0242
-11.3273
-11.1796
-9.84554
-10.5744
-7.44612
-11.1492
-2.72644
-15.6474
15.7382
15.8391
15.946
16.058
16.1754
16.2985
16.4274
16.5625
16.7038
16.8517
17.0063
17.1679
17.3366
17.5126
17.6962
17.8874
18.0865
18.2936
18.5086
18.7319
18.9632
19.2027
19.4503
19.706
19.9694
20.2404
20.5187
20.8039
21.0955
21.393
21.6956
22.0025
22.3129
22.6257
22.9398
23.2538
23.5663
23.8756
24.1802
24.4782
24.7676
25.0461
25.3117
25.562
25.7945
26.0069
26.1965
26.3609
26.4975
26.604
26.6779
26.7171
26.7194
26.6831
26.6064
26.4882
26.3274
26.1235
25.8762
25.5857
25.253
24.879
24.4658
24.0156
23.5314
23.0157
22.4766
21.9913
21.5536
21.0859
20.587
20.0632
19.5089
18.9796
18.3019
18.0952
16.5583
18.7812
11.4622
27.0389
14.0669
13.9577
13.8418
13.7225
13.597
13.464
13.3234
13.1753
13.0195
12.8559
12.6843
12.5046
12.317
12.1229
11.9242
11.7211
11.5117
11.2927
11.0601
10.8088
10.5336
10.2316
9.90355
9.55146
9.17785
8.78498
8.37359
7.94271
7.49097
7.01742
6.52159
6.00321
5.46193
4.89752
4.30994
3.69929
3.06587
2.41025
1.73324
1.03597
0.319877
-0.413278
-1.16129
-1.92154
-2.69102
-3.46629
-4.24344
-5.01815
-5.78571
-6.54106
-7.27884
-7.99342
-8.67903
-9.32982
-9.94003
-10.504
-11.0164
-11.4723
-11.8673
-12.1974
-12.4597
-12.6519
-12.7723
-12.8208
-12.7968
-12.7041
-12.5389
-12.3463
-12.1158
-11.878
-11.5106
-11.2418
-10.62
-10.5195
-9.28761
-10.0152
-7.06499
-10.6364
-2.56832
-15.1053
14.159
14.2474
14.3409
14.4388
14.5417
14.6496
14.7627
14.8813
15.0056
15.1357
15.2718
15.4143
15.5632
15.7188
15.8813
16.0508
16.2275
16.4117
16.6033
16.8025
17.0095
17.2242
17.4468
17.6771
17.9152
18.1608
18.4139
18.6742
18.9414
19.215
19.4947
19.7797
20.0696
20.3633
20.6601
20.9588
21.2583
21.5572
21.8542
22.1475
22.4356
22.7164
22.988
23.2484
23.4952
23.7261
23.9387
24.1307
24.2995
24.4426
24.5577
24.6424
24.6944
24.7116
24.6923
24.6347
24.5375
24.3998
24.2208
24.0004
23.7389
23.4369
23.0958
22.7174
22.3043
21.8585
21.3876
20.959
20.57
20.1518
19.7033
19.2295
18.7268
18.2414
17.6267
17.4246
16.0262
18.0866
11.1646
26.2091
12.6945
12.5998
12.4992
12.3956
12.2867
12.1712
12.0493
11.9207
11.7851
11.6424
11.4924
11.3351
11.1703
10.9978
10.8184
10.6339
10.4453
10.2514
10.0498
9.83713
9.60885
9.36003
9.08764
8.7916
8.47348
8.13556
7.7801
7.40809
7.01873
6.61058
6.18274
5.73488
5.26677
4.77817
4.26892
3.73891
3.18824
2.61721
2.02635
1.41639
0.788324
0.143412
-0.516731
-1.19011
-1.87444
-2.56703
-3.26474
-3.96407
-4.66115
-5.35173
-6.03122
-6.69475
-7.3372
-7.95329
-8.5377
-9.08509
-9.59028
-10.0483
-10.4546
-10.8049
-11.0957
-11.3241
-11.4877
-11.5857
-11.6162
-11.5822
-11.4792
-11.3424
-11.1634
-10.9785
-10.6706
-10.4562
-9.90591
-9.84797
-8.71702
-9.43781
-6.66963
-10.1008
-2.40154
-14.5348
12.7749
12.8522
12.934
13.0198
13.11
13.2046
13.3038
13.4079
13.5171
13.6315
13.7513
13.8768
14.0081
14.1454
14.2889
14.4389
14.5955
14.7588
14.929
15.1062
15.2907
15.4824
15.6815
15.888
16.1019
16.3232
16.5518
16.7875
17.0302
17.2797
17.5355
17.7973
18.0646
18.3367
18.6131
18.8927
19.1748
19.4582
19.7417
20.024
20.3037
20.5791
20.8485
21.1099
21.3614
21.6009
21.8261
22.0347
22.2244
22.3928
22.5375
22.656
22.7462
22.8057
22.8325
22.8248
22.781
22.6996
22.5797
22.4208
22.2225
21.9852
21.7097
21.3973
21.0502
20.6699
20.2633
19.8888
19.5463
19.1759
18.7761
18.3512
17.8991
17.4573
16.9052
16.7084
15.4517
17.3422
10.8471
25.3112
11.4744
11.392
11.3045
11.2144
11.1197
11.0193
10.9133
10.8015
10.6836
10.5593
10.4283
10.2906
10.1462
9.99492
9.83615
9.67025
9.49873
9.3231
9.14322
8.95715
8.762
8.55378
8.32764
8.08039
7.81192
7.52384
7.21803
6.89643
6.56019
6.20858
5.83996
5.45332
5.04834
4.625
4.18321
3.72281
3.24372
2.74605
2.2301
1.69638
1.14557
0.578572
-0.00343901
-0.59896
-1.20623
-1.82316
-2.44727
-3.07576
-3.70543
-4.33283
-4.95407
-5.56496
-6.16108
-6.73771
-7.29011
-7.8134
-8.30266
-8.7531
-9.1601
-9.51948
-9.82732
-10.0803
-10.2756
-10.4116
-10.4859
-10.5005
-10.4501
-10.3616
-10.2281
-10.0899
-9.83619
-9.67023
-9.18844
-9.16561
-8.13795
-8.83982
-6.26744
-9.53247
-2.23814
-13.9204
11.5445
11.6123
11.684
11.7592
11.8383
11.9213
12.0084
12.0999
12.1958
12.2964
12.4018
12.5123
12.6281
12.7492
12.8759
13.0084
13.1469
13.2915
13.4424
13.5998
13.7637
13.9344
14.1119
14.2964
14.4877
14.6861
14.8915
15.1038
15.3229
15.5487
15.781
16.0194
16.2636
16.5133
16.7677
17.0264
17.2886
17.5533
17.8198
18.0868
18.3532
18.6175
18.8784
19.1341
19.3829
19.6229
19.8521
20.0684
20.2697
20.4535
20.6177
20.76
20.8779
20.9693
21.032
21.064
21.0635
21.029
20.959
20.8527
20.7095
20.5293
20.3123
20.0597
19.7728
19.4529
19.1062
18.7826
18.4842
18.1592
17.8061
17.4283
17.0253
16.6266
16.1361
15.9439
14.8368
16.5371
10.5277
24.3145
10.4011
10.3296
10.2535
10.1752
10.093
10.0058
9.91376
9.81673
9.71442
9.60657
9.49301
9.37368
9.24851
9.11696
8.97723
8.826
8.65999
8.47874
8.28575
8.08691
7.8882
7.69506
7.51063
7.33194
7.14912
6.94901
6.7196
6.45484
6.15835
5.84066
5.51079
5.17106
4.81871
4.45067
4.06548
3.66318
3.24423
2.80891
2.35732
1.88964
1.40625
0.907737
0.394957
-0.130966
-0.668765
-1.21677
-1.7731
-2.33554
-2.90144
-3.46808
-4.03216
-4.59012
-5.13822
-5.6724
-6.18842
-6.68189
-7.14831
-7.58319
-7.98209
-8.34092
-8.65565
-8.92283
-9.1392
-9.3027
-9.4103
-9.46361
-9.45652
-9.40851
-9.31441
-9.21604
-9.01177
-8.88621
-8.4721
-8.47205
-7.55668
-8.21551
-5.86874
-8.92133
-2.09629
-13.2461
10.4622
10.5213
10.5839
10.6496
10.7186
10.7911
10.8673
10.9472
11.0311
11.1191
11.2115
11.3083
11.4097
11.516
11.6273
11.7437
11.8655
11.9928
12.1258
12.2647
12.4095
12.5605
12.7178
12.8814
13.0515
13.2281
13.4113
13.601
13.7972
14
14.2091
14.4242
14.6453
14.872
15.1039
15.3404
15.5811
15.8253
16.0723
16.321
16.5706
16.8199
17.0676
17.3123
17.5526
17.7868
18.0132
18.2297
18.4345
18.6254
18.8004
18.9572
19.0935
19.2072
19.2962
19.3582
19.3915
19.3945
19.3652
19.3028
19.2063
19.0751
18.9093
18.7094
18.4763
18.2112
17.9191
17.6426
17.3852
17.1027
16.7937
16.4609
16.1048
15.748
15.3186
15.1267
14.1862
15.6554
10.2297
23.1965
9.11418
9.0547
8.99135
8.926
8.8574
8.78475
8.70804
8.62716
8.54189
8.452
8.35716
8.25701
8.15132
8.03987
7.92287
7.80096
7.67447
7.54298
7.40572
7.26274
7.1148
6.96191
6.80266
6.63521
6.45717
6.26553
6.05854
5.83652
5.59988
5.34774
5.07981
4.79755
4.50232
4.19439
3.87302
3.53754
3.18755
2.82295
2.44376
2.05017
1.64236
1.22066
0.78553
0.337709
-0.121992
-0.592382
-1.07214
-1.55967
-2.05302
-2.55006
-3.04828
-3.54486
-4.03678
-4.52071
-4.99303
-5.44988
-5.88737
-6.30139
-6.68785
-7.04268
-7.36193
-7.64195
-7.87926
-8.07122
-8.21444
-8.30928
-8.35023
-8.3461
-8.2978
-8.24125
-8.09807
-8.00957
-7.68684
-7.69077
-6.93636
-7.50151
-5.47148
-8.21547
-2.00129
-12.4915
9.16527
9.2149
9.26734
9.32242
9.38037
9.44126
9.50523
9.57247
9.64307
9.71722
9.79507
9.87672
9.96236
10.0522
10.1464
10.2449
10.3482
10.4563
10.5694
10.6876
10.811
10.94
11.0745
11.2147
11.3608
11.5128
11.6707
11.8347
12.0048
12.181
12.3633
12.5515
12.7455
12.9454
13.1506
13.3608
13.5758
13.7951
14.0182
14.2444
14.4729
14.7027
14.9331
15.163
15.391
15.6159
15.8361
16.05
16.2561
16.4522
16.6367
16.8075
16.9623
17.0992
17.2163
17.3112
17.382
17.4268
17.4439
17.4318
17.3893
17.3155
17.2099
17.0726
16.9039
16.7047
16.4788
16.2596
16.0526
15.8226
15.5683
15.2916
14.9946
14.6904
14.3417
14.1449
13.4385
14.5746
9.96513
21.8252
7.77898
7.73205
7.68204
7.63043
7.57625
7.51888
7.45829
7.39442
7.32711
7.25613
7.18124
7.10211
7.01879
6.93144
6.84075
6.74807
6.6548
6.56171
6.46757
6.36875
6.26053
6.13933
6.00366
5.8541
5.69256
5.52217
5.34569
5.164
4.97618
4.77968
4.57112
4.34842
4.11214
3.8642
3.6056
3.336
3.05453
2.76065
2.45412
2.13501
1.80331
1.45922
1.10288
0.734637
0.354989
-0.0354227
-0.435698
-0.844837
-1.26153
-1.68422
-2.11115
-2.54032
-2.96932
-3.39556
-3.81625
-4.22818
-4.62804
-5.01232
-5.37732
-5.71935
-6.03458
-6.31945
-6.57031
-6.78425
-6.95747
-7.08957
-7.17478
-7.21394
-7.20865
-7.19747
-7.10934
-7.07173
-6.82077
-6.87012
-6.218
-6.79636
-4.93515
-7.60545
-1.71148
-12.0114
7.8196
7.85925
7.90111
7.94515
7.9915
8.04022
8.09147
8.14539
8.20203
8.26161
8.32419
8.38988
8.45887
8.53136
8.60737
8.68707
8.7707
8.85834
8.9502
9.04635
9.14695
9.25228
9.36237
9.4773
9.59731
9.72249
9.85302
9.98892
10.1303
10.2771
10.4296
10.5876
10.7512
10.9204
11.0949
11.2747
11.4595
11.6491
11.8431
12.0412
12.2428
12.4472
12.6541
12.8623
13.0711
13.2795
13.4862
13.69
13.8897
14.0835
14.2699
14.4473
14.6137
14.7672
14.9059
15.028
15.1312
15.2138
15.2738
15.3095
15.3197
15.3029
15.2584
15.1855
15.0842
14.9549
14.8005
14.644
14.4925
14.3211
14.1283
13.9158
13.6859
13.4473
13.1822
13.0195
12.4915
13.5049
9.32528
20.9476
6.64036
6.60277
6.56271
6.52134
6.47791
6.43191
6.38328
6.33202
6.27802
6.22107
6.161
6.09762
6.0308
5.96034
5.88601
5.80773
5.72531
5.63876
5.54823
5.45361
5.35428
5.24914
5.13762
5.02052
4.89936
4.77529
4.64767
4.51445
4.3727
4.21984
4.05494
3.87818
3.68971
3.48992
3.27987
3.06046
2.83178
2.59322
2.34419
2.08438
1.81372
1.53231
1.24019
0.937543
0.624602
0.30172
-0.0305429
-0.371556
-0.720416
-1.07609
-1.43731
-1.80264
-2.1703
-2.53833
-2.90456
-3.26648
-3.62139
-3.96642
-4.29845
-4.61424
-4.91041
-5.18369
-5.43061
-5.64828
-5.83291
-5.98373
-6.09486
-6.16205
-6.1865
-6.20789
-6.16129
-6.16363
-5.9701
-6.06004
-5.49082
-6.09356
-4.3661
-7.01091
-1.36426
-11.5601
6.67317
6.70529
6.73919
6.77486
6.81241
6.85195
6.89355
6.93726
6.98328
7.03168
7.0825
7.13589
7.19203
7.25101
7.31289
7.37788
7.44608
7.51763
7.5927
7.67133
7.75365
7.83991
7.93019
8.02461
8.12335
8.22644
8.33407
8.44638
8.56338
8.68519
8.81193
8.94355
9.08022
9.22191
9.36851
9.52
9.67634
9.8373
10.0027
10.1724
10.3459
10.5229
10.703
10.8855
11.0699
11.2555
11.4413
11.6262
11.8095
11.9898
12.1658
12.3361
12.4993
12.6535
12.7973
12.9289
13.0463
13.1479
13.2318
13.2964
13.3402
13.3618
13.36
13.3341
13.2835
13.2084
13.1109
13.0058
12.9005
12.7788
12.6392
12.4832
12.3133
12.1356
11.9465
11.8239
11.4551
12.4032
8.57869
20.0882
5.60346
5.57331
5.54121
5.50803
5.47316
5.43625
5.39724
5.35609
5.31276
5.26705
5.21883
5.16796
5.11436
5.05782
4.99816
4.9353
4.86904
4.79926
4.72589
4.64891
4.56846
4.48443
4.3962
4.3028
4.20376
4.1
3.99295
3.8832
3.76991
3.65098
3.52394
3.38706
3.23987
3.08237
2.91469
2.73743
2.5517
2.35815
2.15654
1.94624
1.7268
1.49809
1.26014
1.01307
0.75703
0.492197
0.218897
-0.0624741
-0.351313
-0.646939
-0.948404
-1.25474
-1.56461
-1.87655
-2.18894
-2.4998
-2.80703
-3.10835
-3.40121
-3.6829
-3.95053
-4.20129
-4.43209
-4.64029
-4.82235
-4.97736
-5.09962
-5.18197
-5.22495
-5.26744
-5.25091
-5.28174
-5.13514
-5.25455
-4.76145
-5.37586
-3.7847
-6.38305
-1.00736
-11.0162
5.62987
5.65574
5.68312
5.71188
5.7422
5.77415
5.80775
5.84307
5.88027
5.91941
5.96055
6.0038
6.04929
6.09711
6.14731
6.20009
6.25551
6.31368
6.37474
6.43876
6.5059
6.57628
6.65002
6.72724
6.80808
6.8926
6.98094
7.07324
7.16956
7.27001
7.37472
7.48365
7.59699
7.71471
7.83677
7.96326
8.09411
8.22921
8.3685
8.51182
8.65896
8.80967
8.96361
9.12041
9.27967
9.44084
9.60323
9.76615
9.92877
10.0903
10.2495
10.4055
10.5569
10.7025
10.8408
10.9705
11.0898
11.1973
11.2914
11.3704
11.4332
11.4781
11.5041
11.5104
11.4961
11.4611
11.4072
11.3425
11.2745
11.1936
11.0986
10.991
10.8732
10.7505
10.6294
10.5469
10.3268
11.2112
7.77066
18.9982
4.63382
4.6101
4.58484
4.55871
4.53123
4.50217
4.47146
4.43907
4.40495
4.36896
4.33101
4.29097
4.24875
4.20422
4.15725
4.10776
4.05558
4.00056
3.94262
3.88164
3.81756
3.75042
3.68032
3.60697
3.52959
3.44732
3.36003
3.26876
3.17499
3.07908
2.97994
2.87558
2.76385
2.64354
2.5143
2.37609
2.22927
2.07479
1.91365
1.74604
1.57144
1.38934
1.19945
1.00177
0.79639
0.583447
0.363115
0.135619
-0.0986725
-0.339284
-0.585599
-0.83689
-1.09225
-1.35056
-1.61063
-1.87097
-2.12995
-2.38577
-2.63641
-2.87972
-3.11327
-3.33474
-3.54149
-3.73123
-3.90079
-4.04937
-4.17156
-4.25903
-4.31154
-4.36581
-4.36945
-4.41917
-4.30937
-4.44895
-4.02228
-4.63944
-3.17783
-5.71609
-0.620393
-10.3829
4.65467
4.67514
4.6968
4.71958
4.74358
4.76886
4.79548
4.82348
4.85294
4.88398
4.91665
4.95101
4.98713
5.02512
5.06506
5.10707
5.1512
5.19752
5.24619
5.2973
5.35097
5.40723
5.46623
5.52808
5.59289
5.66076
5.73175
5.80603
5.88366
5.96477
6.04941
6.13764
6.22961
6.32532
6.42476
6.52803
6.63515
6.74604
6.86069
6.979
7.10082
7.22608
7.35451
7.48587
7.61983
7.75605
7.89409
8.03339
8.17329
8.31322
8.45232
8.58976
8.72468
8.85584
8.98228
9.10278
9.21597
9.32065
9.41542
9.49893
9.56996
9.62722
9.66961
9.69635
9.70667
9.70036
9.67855
9.64472
9.60591
9.55761
9.49894
9.43136
9.35739
9.28215
9.21883
9.17335
9.08396
9.90308
6.84259
17.6999
3.74093
3.72267
3.70319
3.68299
3.66178
3.63936
3.61566
3.59064
3.56429
3.53649
3.50715
3.47621
3.44358
3.40914
3.37284
3.33458
3.29423
3.25163
3.20673
3.15943
3.1096
3.0572
3.00225
2.94479
2.88478
2.82187
2.75522
2.68402
2.60852
2.52997
2.44963
2.36752
2.28239
2.1924
2.09582
1.99179
1.88007
1.76077
1.63466
1.50282
1.36582
1.22348
1.07525
0.920826
0.760141
0.593292
0.420409
0.241598
0.057037
-0.132977
-0.328084
-0.527738
-0.73136
-0.938153
-1.14725
-1.35758
-1.56793
-1.77692
-1.98303
-2.18457
-2.37967
-2.56642
-2.74267
-2.90659
-3.05543
-3.18865
-3.30132
-3.38531
-3.43938
-3.49712
-3.51189
-3.57164
-3.48868
-3.63977
-3.26855
-3.8811
-2.53471
-5.00418
-0.180424
-9.65048
3.75704
3.77282
3.78951
3.80707
3.82556
3.84506
3.86557
3.88715
3.90987
3.93381
3.95898
3.98548
4.01333
4.04263
4.07346
4.10587
4.13991
4.17567
4.21325
4.25273
4.29417
4.33766
4.38329
4.43112
4.4813
4.53386
4.58885
4.64645
4.70672
4.76974
4.83556
4.90425
4.97597
5.05071
5.12846
5.20937
5.29344
5.38066
5.47104
5.56456
5.66109
5.76065
5.86309
5.96819
6.0758
6.18567
6.29754
6.41098
6.52556
6.64087
6.75622
6.87104
6.98471
7.09625
7.2049
7.30979
7.4098
7.50392
7.59103
7.67014
7.74012
7.79988
7.84856
7.88537
7.90967
7.92126
7.92089
7.90889
7.8913
7.86719
7.83607
7.79957
7.75997
7.72309
7.7052
7.6898
7.70875
8.45998
5.74861
16.1902
2.81019
2.79679
2.78248
2.76762
2.75203
2.73556
2.71815
2.6998
2.68046
2.66006
2.63855
2.61586
2.59195
2.56674
2.54018
2.51218
2.48266
2.45154
2.41874
2.38418
2.34774
2.30938
2.26906
2.22675
2.18253
2.13644
2.08835
2.03777
1.9838
1.92592
1.86475
1.80172
1.73782
1.67288
1.60564
1.53451
1.4582
1.37603
1.2877
1.19355
1.09445
0.991124
0.883474
0.770892
0.652924
0.529545
0.400982
0.267494
0.129309
-0.0133705
-0.160287
-0.311071
-0.46527
-0.622331
-0.781616
-0.942369
-1.10371
-1.26463
-1.42404
-1.58072
-1.73327
-1.88027
-2.0201
-2.15141
-2.27197
-2.38152
-2.47584
-2.54824
-2.59638
-2.64975
-2.66708
-2.72822
-2.66239
-2.81612
-2.48896
-3.08774
-1.8436
-4.22268
0.319277
-8.71305
2.82209
2.83376
2.84611
2.85911
2.87282
2.8873
2.90254
2.91859
2.93551
2.95332
2.97207
2.99183
3.01264
3.03455
3.05762
3.08189
3.10741
3.13427
3.16253
3.19223
3.22341
3.25619
3.29065
3.32678
3.36472
3.4045
3.44619
3.48988
3.53564
3.58352
3.63358
3.68588
3.7405
3.79745
3.85677
3.91855
3.98279
4.04948
4.11861
4.19025
4.26427
4.34067
4.41935
4.50017
4.58309
4.66786
4.75434
4.84227
4.93134
5.02121
5.11147
5.20173
5.29149
5.38012
5.46709
5.55171
5.6332
5.71085
5.78378
5.8513
5.91248
5.9665
6.0128
6.05062
6.07947
6.09928
6.1105
6.11162
6.10783
6.10004
6.08807
6.07359
6.0582
6.04834
6.0599
6.05968
6.15542
6.83167
4.40994
14.3171
2.05554
2.04634
2.03655
2.0264
2.01572
2.00441
1.99245
1.97984
1.96653
1.95244
1.93759
1.92191
1.90535
1.88787
1.86945
1.84996
1.82939
1.8077
1.78481
1.76063
1.73511
1.7082
1.67979
1.64986
1.61841
1.58546
1.55108
1.51531
1.47787
1.43805
1.39495
1.34849
1.29967
1.24982
1.1993
1.14721
1.0919
1.03205
0.967209
0.89752
0.823507
0.746153
0.666681
0.585636
0.502614
0.416858
0.327858
0.235537
0.140031
0.0414959
-0.0599138
-0.164025
-0.270596
-0.379309
-0.48976
-0.601489
-0.713912
-0.826364
-0.938104
-1.04833
-1.15608
-1.26039
-1.36013
-1.45447
-1.54168
-1.62187
-1.69156
-1.74668
-1.78321
-1.82609
-1.83894
-1.89442
-1.83693
-1.98613
-1.69105
-2.26757
-1.11214
-3.36216
0.859831
-7.44618
2.06361
2.07139
2.07966
2.08835
2.09749
2.10711
2.11722
2.12785
2.13906
2.15083
2.16318
2.17616
2.18982
2.20417
2.21925
2.23506
2.25166
2.26913
2.28744
2.30665
2.32677
2.3479
2.37008
2.39331
2.41763
2.44312
2.46982
2.49777
2.52701
2.55762
2.5896
2.62303
2.65796
2.69439
2.73238
2.77201
2.81332
2.85628
2.9009
2.94728
2.99535
3.04508
3.09648
3.14951
3.20411
3.26016
3.31756
3.3762
3.43587
3.49635
3.55741
3.61877
3.68008
3.74099
3.80115
3.86002
3.91711
3.97198
4.02402
4.07277
4.11758
4.1579
4.19342
4.22353
4.24798
4.26677
4.28021
4.28696
4.28922
4.28891
4.28627
4.28297
4.28021
4.28563
4.31309
4.31566
4.45368
5.04902
2.8578
11.9154
0.87378
0.868094
0.861993
0.855654
0.848991
0.841944
0.834506
0.826664
0.818382
0.809627
0.800398
0.790663
0.780368
0.769491
0.75802
0.745885
0.73304
0.719464
0.705093
0.689865
0.673733
0.656628
0.638469
0.61918
0.598692
0.576937
0.553805
0.529101
0.502435
0.473361
0.441671
0.40808
0.375572
0.350375
0.340811
0.353578
0.389491
0.441461
0.495487
0.535131
0.547845
0.52964
0.485736
0.426806
0.363058
0.300174
0.239232
0.179129
0.11875
0.0577371
-0.00378215
-0.0656034
-0.127626
-0.189783
-0.251976
-0.314076
-0.375895
-0.437192
-0.497679
-0.557039
-0.614845
-0.670684
-0.724007
-0.774499
-0.821077
-0.864238
-0.901249
-0.931563
-0.950031
-0.975829
-0.977236
-1.01968
-0.963869
-1.09679
-0.835866
-1.34856
-0.349925
-2.25019
1.23602
-5.20575
0.878868
0.883902
0.889266
0.894914
0.900892
0.907196
0.913824
0.920848
0.928291
0.936136
0.944394
0.953101
0.962311
0.972024
0.982252
0.993021
1.00438
1.01637
1.02896
1.0422
1.05615
1.07081
1.08621
1.10236
1.11931
1.13706
1.15566
1.17511
1.19543
1.21666
1.23879
1.26185
1.28583
1.31071
1.33653
1.36328
1.39096
1.41951
1.44897
1.47929
1.51041
1.54231
1.57499
1.60838
1.6424
1.67702
1.71213
1.74764
1.78348
1.8195
1.85562
1.89165
1.92746
1.96288
1.99775
2.03185
2.06496
2.09695
2.12746
2.15625
2.18299
2.20742
2.22936
2.2484
2.26445
2.27756
2.28795
2.29399
2.29842
2.30261
2.3069
2.31191
2.3161
2.32366
2.34228
2.30974
2.39995
2.88722
0.926613
8.17037
0.734772
0.734264
0.733767
0.733234
0.732636
0.731985
0.73128
0.730509
0.729664
0.728758
0.727794
0.726764
0.725657
0.724474
0.723236
0.721942
0.720596
0.719213
0.717801
0.716397
0.715035
0.713747
0.712588
0.711554
0.710568
0.709479
0.70819
0.707149
0.707972
0.713949
0.729581
0.758098
0.797242
0.835547
0.852602
0.82528
0.737747
0.590589
0.404293
0.214501
0.0591117
-0.0373632
-0.0733362
-0.0670678
-0.0434869
-0.0210748
-0.00706635
-0.000785727
0.000664667
-0.000878172
-0.0049664
-0.0116564
-0.0208709
-0.0323226
-0.0456373
-0.0604598
-0.0764642
-0.0933259
-0.110727
-0.128379
-0.145994
-0.163341
-0.180131
-0.196338
-0.2114
-0.226101
-0.238776
-0.251692
-0.257061
-0.268837
-0.263553
-0.290585
-0.247804
-0.341412
-0.16496
-0.49936
0.117988
-0.967703
0.996262
-2.246
0.735186
0.735513
0.735836
0.736131
0.736412
0.736672
0.736881
0.737058
0.737198
0.737285
0.737309
0.737262
0.737151
0.736956
0.736669
0.736279
0.735781
0.73518
0.734435
0.733557
0.732553
0.73139
0.730063
0.728578
0.726929
0.725107
0.723126
0.720972
0.718653
0.716194
0.713594
0.710871
0.708027
0.705103
0.702124
0.699111
0.696094
0.693105
0.690209
0.68742
0.684757
0.682271
0.680017
0.678005
0.676273
0.674867
0.673785
0.67306
0.672698
0.672731
0.673165
0.67395
0.67506
0.676403
0.677902
0.679427
0.680885
0.682252
0.683378
0.68424
0.684808
0.685098
0.685143
0.684927
0.684699
0.684379
0.684366
0.687855
0.686143
0.681144
0.673459
0.664838
0.65734
0.660196
0.685675
0.693644
0.775911
1.03947
0.0126199
3.43069
)
;

boundaryField
{
    inlet
    {
        type            freestreamPressure;
        freestreamValue uniform 0;
        supersonic      false;
        value           nonuniform List<scalar> 
134
(
1.51286
-0.23827
-2.05472
-3.61616
-4.72717
-5.38105
-5.44617
-4.91371
-3.79432
-1.76868
-0.326559
-0.527649
-0.880557
-1.21238
-1.54765
-1.89877
-2.26921
-2.6611
-3.08019
-3.53664
3.2319
-4.04432
-4.61026
-5.20815
-5.77046
-6.17721
-6.37535
-6.7239
-6.73413
-6.86815
-8.19866
-7.54005
-7.56922
-7.71692
-7.82681
-7.88177
-7.93501
-8.07155
-8.41288
-8.82659
4.85952
6.54619
7.99255
8.81509
8.73593
7.27277
3.92791
-9.73104
-9.51738
-9.18431
-8.96855
-8.80885
-8.62988
-8.42822
-8.2218
-8.01581
-7.80726
-7.59357
-7.37469
-7.1507
-6.92026
-6.68111
-6.42925
-6.15786
-5.85989
-5.52618
-5.31383
-5.11409
-4.87321
-4.59262
-4.26803
-3.85262
-3.29141
-2.3002
-0.991823
1.3573
3.01088
4.8474
6.66542
8.43491
10.1139
11.54
12.6318
13.4147
13.9138
14.1963
14.337
14.4013
14.4421
14.5368
14.8091
15.3065
15.8478
16.2931
16.6595
16.9776
17.2531
17.4764
17.6426
17.7546
17.8221
17.8679
17.9379
18.1487
18.6771
19.8119
20.2932
19.8188
19.2724
18.9236
18.6383
18.3132
17.9572
17.5967
17.2347
16.8639
16.4801
16.0815
15.6656
15.2279
14.7611
14.2561
13.6956
13.0668
12.2954
11.8023
11.3198
10.7078
9.97856
9.13023
8.07701
6.72529
4.61382
1.93893
)
;
    }
    outlet
    {
        type            freestreamPressure;
        freestreamValue uniform 0;
        supersonic      false;
        value           nonuniform List<scalar> 
160
(
0.00210827
0.00210962
0.00210664
0.00211074
0.00210503
0.00211186
0.0021033
0.00211291
0.00210138
0.00211394
0.00209929
0.00211492
0.00209703
0.00211577
0.00209457
0.00211655
0.00209189
0.00211724
0.00208901
0.0021178
0.00208595
0.0021182
0.00208268
0.00211842
0.00207918
0.00211848
0.00207544
0.00211833
0.00207152
0.00211794
0.00206742
0.00211729
0.00206314
0.00211636
0.00205873
0.00211517
0.00205422
0.00211361
0.00204969
0.00211171
0.00204524
0.00210949
0.00204098
0.00210687
0.00203707
0.00210382
0.00203354
0.00210037
0.0020302
0.00209652
0.00202662
0.00209222
0.00202239
0.00208754
0.00201847
0.00208243
0.00201899
0.00207692
0.00203289
0.0020711
0.00207296
0.00206495
0.00214908
0.00205854
0.00225644
0.00205188
0.00236485
0.0020451
0.00241822
0.00203828
0.00235007
0.00203147
0.0021108
0.00202479
0.00169637
0.00201833
0.0011632
0.0020123
0.000616482
0.00200674
0.000169338
0.00200172
-0.000106587
0.00199742
-0.000208395
0.00199399
-0.00019005
0.00199151
-0.000123042
0.00199009
-5.95974e-05
0.0019899
-1.99827e-05
0.00199096
-2.22224e-06
0.0019934
1.88007e-06
0.00199726
-2.48421e-06
0.00200268
-1.40507e-05
0.00200972
-3.2983e-05
0.00201827
-5.90709e-05
0.0020283
-9.15137e-05
0.00203959
-0.00012927
0.00205196
-0.000171355
0.00206506
-0.000216875
0.00207867
-0.000264943
0.00209277
-0.000314696
0.00210694
-0.000365353
0.00212118
-0.000416148
0.00213544
-0.000466469
0.00214981
-0.000515539
0.00216446
-0.000563328
0.00217939
-0.000608293
0.00219545
-0.000652671
0.0022125
-0.000691834
0.0022319
-0.000731693
0.00226111
-0.000750012
0.00227175
-0.000786847
0.00227338
-0.000775733
0.00226786
-0.000857251
0.0022611
-0.000738886
0.00226028
-0.00101426
0.00229759
-0.000502838
0.00241813
-0.00148127
0.0024861
0.00037633
0.00282522
-0.00277218
0.00385599
0.00354177
4.95244e-05
-0.00553875
0.0123575
)
;
    }
    walls
    {
        type            zeroGradient;
    }
    frontAndBack
    {
        type            empty;
    }
}


// ************************************************************************* //
