/*--------------------------------*- C++ -*----------------------------------*\
  =========                 |
  \\      /  F ield         | OpenFOAM: The Open Source CFD Toolbox
   \\    /   O peration     | Website:  https://openfoam.org
    \\  /    A nd           | Version:  12
     \\/     M anipulation  |
\*---------------------------------------------------------------------------*/
FoamFile
{
    format      ascii;
    class       volScalarField;
    location    "100";
    object      nuTilda;
}
// * * * * * * * * * * * * * * * * * * * * * * * * * * * * * * * * * * * * * //

dimensions      [0 2 -1 0 0 0 0];

internalField   nonuniform List<scalar> 
10720
(
0.128988
0.135356
0.142829
0.151809
0.162174
0.174379
0.18869
0.205004
0.222884
0.241604
0.259934
0.276331
0.289143
0.297299
0.300567
0.299469
0.294924
0.287835
0.27878
0.268112
0.25582
0.241836
0.226106
0.208839
0.190874
0.172661
0.153807
0.132355
0.106563
0.0729844
0.0564133
0.0596488
0.0540689
0.0722283
0.0773946
0.0584532
0.0525147
0.0603185
0.0635922
0.123095
0.11735
0.11104
0.104427
0.0971669
0.0891654
0.0800776
0.0693502
0.0561589
0.040425
0.037366
0.042114
0.0508907
0.0585973
0.065639
0.0726971
0.0801087
0.0879225
0.0960126
0.10422
0.112386
0.120405
0.128193
0.135675
0.142543
0.148447
0.153371
0.157456
0.160871
0.163752
0.166197
0.168281
0.170095
0.171707
0.173216
0.174725
0.176411
0.179206
0.185071
0.110521
0.110163
0.109672
0.109011
0.108774
0.109397
0.110688
0.112434
0.115354
0.1197
0.125671
0.133709
0.143681
0.155316
0.168324
0.182228
0.196736
0.211461
0.226108
0.240196
0.253386
0.265203
0.275233
0.283193
0.289044
0.292812
0.294189
0.292733
0.288713
0.281645
0.274135
0.236696
0.219653
0.20174
0.162503
0.137794
0.164724
0.212726
0.306586
0.110894
0.111097
0.111381
0.11134
0.111089
0.110556
0.109611
0.108201
0.10638
0.104126
0.100733
0.0966471
0.0923194
0.0880835
0.0840803
0.080321
0.0768766
0.0738534
0.0713287
0.069338
0.0679114
0.0670564
0.0667595
0.0669859
0.0677004
0.0688242
0.0702387
0.0718192
0.0734663
0.0750992
0.0768171
0.0792677
0.0827393
0.0867458
0.090806
0.0944856
0.0985818
0.099112
0.112813
0.128455
0.128298
0.128004
0.127541
0.127192
0.127086
0.127078
0.127094
0.12714
0.127282
0.127526
0.127716
0.12805
0.128813
0.13032
0.132907
0.136777
0.142545
0.147453
0.15271
0.164138
0.180717
0.20141
0.225162
0.250742
0.277499
0.304899
0.332019
0.358189
0.383112
0.407319
0.408511
0.435661
0.448584
0.360298
0.274467
0.332996
0.461372
0.599385
0.128663
0.128705
0.128797
0.128668
0.128418
0.128006
0.127373
0.126474
0.125313
0.123918
0.12227
0.120333
0.118141
0.115715
0.113115
0.110352
0.107471
0.104516
0.101543
0.0985723
0.0956406
0.0927578
0.0899293
0.0870688
0.0841291
0.0812105
0.0783701
0.0756611
0.0731264
0.0708062
0.0687423
0.0669083
0.067249
0.0690813
0.0717271
0.0746618
0.0781449
0.0809857
0.0846134
0.133198
0.133076
0.132904
0.132672
0.132391
0.132047
0.1319
0.131863
0.131853
0.131846
0.131842
0.131815
0.131657
0.131271
0.130086
0.128638
0.127096
0.126898
0.127535
0.128724
0.131236
0.136151
0.144643
0.154879
0.174689
0.20352
0.24217
0.290812
0.347714
0.409198
0.473735
0.521211
0.590566
0.677034
0.609109
0.434416
0.507111
0.680865
0.91288
0.133331
0.133392
0.133426
0.133368
0.133237
0.133026
0.132715
0.132284
0.13173
0.131053
0.130222
0.129222
0.128064
0.126746
0.125285
0.123678
0.121934
0.120067
0.1181
0.116042
0.113913
0.111717
0.109453
0.107046
0.104436
0.101656
0.098729
0.0956827
0.0925473
0.0893723
0.0862
0.083051
0.0800693
0.077402
0.075198
0.0733107
0.0731749
0.0749316
0.0722668
0.135754
0.135672
0.135551
0.135394
0.135214
0.134988
0.13471
0.134386
0.134051
0.133807
0.133624
0.133468
0.133299
0.133069
0.132659
0.131912
0.130788
0.129577
0.12854
0.127755
0.127252
0.127236
0.128469
0.130985
0.137258
0.14778
0.171463
0.21516
0.284115
0.375532
0.482507
0.581377
0.699302
0.854772
0.846997
0.624191
0.673834
0.876127
1.23747
0.135824
0.135825
0.135821
0.135762
0.135672
0.135533
0.135338
0.135079
0.134751
0.134355
0.13387
0.133292
0.132624
0.131858
0.131003
0.130049
0.129
0.127856
0.126624
0.125304
0.123903
0.122418
0.120843
0.119123
0.117206
0.115103
0.112815
0.110352
0.107724
0.104947
0.102043
0.0990389
0.0959682
0.0928962
0.0898994
0.087108
0.0843795
0.0835516
0.0772384
0.137116
0.137074
0.137004
0.136908
0.136793
0.136648
0.13647
0.13626
0.136015
0.135733
0.13539
0.135072
0.134841
0.134599
0.134243
0.133757
0.133144
0.13237
0.131408
0.130269
0.128968
0.127468
0.126649
0.126386
0.127163
0.129301
0.136669
0.154437
0.205238
0.301451
0.440029
0.590415
0.762884
0.984708
1.04526
0.849045
0.838911
1.06645
1.56729
0.13713
0.137111
0.137098
0.137059
0.137004
0.136916
0.13679
0.136625
0.136417
0.136165
0.135856
0.13549
0.13507
0.134588
0.13405
0.13345
0.132786
0.132056
0.131264
0.130405
0.12948
0.128486
0.127412
0.126222
0.124876
0.123372
0.121705
0.119872
0.11787
0.115702
0.113373
0.110897
0.108294
0.105602
0.102852
0.100185
0.0973837
0.0960734
0.0902622
0.137945
0.137932
0.137889
0.137827
0.137752
0.137654
0.137534
0.137394
0.137227
0.137031
0.136805
0.13654
0.136237
0.135891
0.135497
0.135054
0.134554
0.133986
0.133331
0.132552
0.131602
0.130383
0.12898
0.127405
0.12643
0.125957
0.126794
0.130643
0.148871
0.217759
0.359944
0.550202
0.778872
1.06752
1.20244
1.09237
1.02636
1.32158
1.89704
0.137939
0.137919
0.137909
0.137883
0.137846
0.137784
0.137695
0.137582
0.137444
0.137273
0.137063
0.136818
0.136536
0.136214
0.135856
0.135457
0.135015
0.134529
0.133998
0.133419
0.132791
0.13211
0.131366
0.130535
0.129586
0.128515
0.127316
0.125979
0.1245
0.122873
0.121094
0.119169
0.117103
0.114922
0.11264
0.110376
0.107939
0.106638
0.101992
0.138494
0.138487
0.138458
0.138417
0.138367
0.138304
0.138228
0.13814
0.138034
0.137909
0.137762
0.137589
0.137385
0.137148
0.136868
0.136532
0.136132
0.135659
0.135109
0.134475
0.133738
0.132862
0.131761
0.130447
0.128945
0.127209
0.126058
0.125674
0.127268
0.155746
0.266706
0.469089
0.745582
1.10075
1.31496
1.29378
1.25524
1.63367
2.2238
0.138488
0.138474
0.138463
0.138441
0.138412
0.138364
0.138298
0.138218
0.138123
0.138002
0.137855
0.137682
0.137485
0.137261
0.137013
0.136736
0.13643
0.136093
0.135724
0.135321
0.134882
0.134401
0.133874
0.13328
0.132599
0.131825
0.130952
0.129973
0.128879
0.127665
0.126325
0.124856
0.12326
0.12155
0.119734
0.1179
0.115901
0.114741
0.111151
0.138891
0.138883
0.138859
0.138827
0.138792
0.138748
0.138698
0.138639
0.138567
0.138481
0.138377
0.138253
0.138106
0.137932
0.137726
0.137488
0.137209
0.136878
0.136479
0.135998
0.13542
0.134738
0.133905
0.132891
0.131876
0.130604
0.128816
0.127005
0.124452
0.126649
0.187433
0.36493
0.665988
1.08144
1.37949
1.45114
1.52326
1.99402
2.54888
0.138887
0.138872
0.138858
0.138834
0.138809
0.13877
0.13872
0.138663
0.138596
0.138508
0.138401
0.138276
0.138135
0.137974
0.137796
0.137599
0.13738
0.137139
0.136876
0.136586
0.13627
0.135923
0.13554
0.135107
0.134608
0.134039
0.133394
0.132666
0.131849
0.130936
0.129921
0.128801
0.127574
0.126247
0.124823
0.123368
0.12177
0.120782
0.118037
0.139184
0.139175
0.139153
0.139128
0.139104
0.139075
0.139043
0.139004
0.138955
0.138896
0.138823
0.138736
0.138633
0.138511
0.138366
0.138196
0.137994
0.137755
0.13747
0.137125
0.136701
0.136183
0.135548
0.134746
0.133859
0.133059
0.131929
0.130273
0.12778
0.121328
0.13753
0.261107
0.55085
1.0088
1.39156
1.56344
1.81876
2.39761
2.87863
0.139181
0.139164
0.139145
0.13912
0.139097
0.139065
0.139026
0.138986
0.138938
0.138873
0.138793
0.138701
0.138597
0.138479
0.13835
0.138205
0.138046
0.137871
0.137678
0.137465
0.137233
0.136977
0.136693
0.13637
0.135997
0.135571
0.135086
0.134538
0.133919
0.133225
0.132449
0.131589
0.13064
0.129609
0.128494
0.127345
0.126076
0.125254
0.123151
0.139405
0.139396
0.139376
0.139357
0.13934
0.139321
0.139299
0.139272
0.139236
0.139192
0.139139
0.139075
0.138998
0.138907
0.138799
0.138672
0.138525
0.138352
0.138147
0.137901
0.137601
0.13723
0.136768
0.136172
0.135417
0.134693
0.133987
0.132912
0.131541
0.126046
0.119134
0.1794
0.41898
0.887528
1.34719
1.62559
2.05752
2.76745
3.21982
0.1394
0.139382
0.13936
0.139333
0.13931
0.139283
0.139253
0.139225
0.139191
0.139143
0.139083
0.139014
0.138936
0.138849
0.138753
0.138646
0.138528
0.138398
0.138255
0.138097
0.137923
0.13773
0.137516
0.137271
0.136988
0.136663
0.136293
0.135874
0.135399
0.134865
0.134266
0.133598
0.13286
0.132052
0.131175
0.130264
0.129257
0.128576
0.126953
0.139573
0.139564
0.139548
0.139534
0.139523
0.139511
0.139496
0.139475
0.139449
0.139416
0.139376
0.139328
0.139271
0.139204
0.139124
0.139029
0.13892
0.138792
0.138642
0.138463
0.138245
0.137978
0.137648
0.13723
0.136687
0.136071
0.135486
0.134705
0.133954
0.131575
0.120171
0.130505
0.293114
0.730071
1.24551
1.63239
2.23898
3.08826
3.58272
0.139566
0.139546
0.139521
0.139493
0.139469
0.139445
0.139423
0.139404
0.13938
0.139345
0.1393
0.139248
0.139189
0.139124
0.139053
0.138973
0.138885
0.138788
0.138681
0.138562
0.138431
0.138284
0.13812
0.137931
0.137713
0.137462
0.137175
0.13685
0.136481
0.136065
0.135597
0.135074
0.134494
0.133857
0.133162
0.132436
0.131632
0.131067
0.129801
0.1397
0.139694
0.139681
0.139672
0.139666
0.139659
0.139648
0.139633
0.139612
0.139587
0.139556
0.139519
0.139475
0.139424
0.139363
0.139292
0.139209
0.139114
0.139003
0.138873
0.138717
0.138526
0.138292
0.138014
0.137689
0.137293
0.136832
0.136176
0.135434
0.134975
0.127996
0.113019
0.193392
0.556485
1.09171
1.57973
2.36148
3.36112
3.96468
0.13969
0.139668
0.139639
0.13961
0.139586
0.139565
0.139549
0.139538
0.139522
0.139497
0.139463
0.139425
0.139381
0.139332
0.139279
0.13922
0.139155
0.139082
0.139001
0.138911
0.138811
0.138699
0.138572
0.138425
0.138255
0.138058
0.137833
0.137578
0.137287
0.136959
0.13659
0.136176
0.135716
0.135209
0.134655
0.134072
0.133427
0.132957
0.131958
0.139794
0.13979
0.139781
0.139778
0.139777
0.139773
0.139766
0.139755
0.13974
0.13972
0.139696
0.139667
0.139634
0.139594
0.139547
0.139492
0.139429
0.139358
0.139276
0.139181
0.13907
0.138936
0.138776
0.1386
0.13843
0.138232
0.137947
0.137496
0.136694
0.136463
0.134746
0.115818
0.130685
0.390818
0.899082
1.46638
2.41964
3.58364
4.27875
0.139779
0.139755
0.139725
0.139696
0.139672
0.139653
0.139643
0.139638
0.139629
0.139611
0.139587
0.139558
0.139526
0.139491
0.139452
0.139408
0.13936
0.139305
0.139245
0.139177
0.139101
0.139014
0.138916
0.138801
0.138666
0.13851
0.138332
0.138128
0.137897
0.137636
0.137341
0.137011
0.136642
0.136236
0.135791
0.13532
0.134799
0.134405
0.133609
0.139858
0.139858
0.139854
0.139856
0.139859
0.139859
0.139856
0.139849
0.139838
0.139824
0.139805
0.139783
0.139756
0.139725
0.139689
0.139646
0.139597
0.139543
0.139482
0.139413
0.139335
0.139243
0.139139
0.139034
0.138952
0.138875
0.138739
0.138513
0.13791
0.137211
0.138239
0.126404
0.104217
0.254954
0.688633
1.29667
2.40775
3.75167
4.53839
0.139839
0.139815
0.139786
0.139759
0.139736
0.13972
0.139715
0.139713
0.139708
0.139696
0.139679
0.139659
0.139636
0.139611
0.139583
0.139552
0.139516
0.139477
0.139432
0.139381
0.139323
0.139256
0.13918
0.139089
0.138982
0.138858
0.138715
0.138551
0.138365
0.138154
0.137917
0.13765
0.137353
0.137024
0.136664
0.13628
0.135857
0.135525
0.134885
0.139901
0.139905
0.139904
0.139911
0.139918
0.139922
0.139922
0.139919
0.139912
0.139902
0.139888
0.139871
0.139851
0.139826
0.139798
0.139765
0.139726
0.139684
0.139638
0.139588
0.139532
0.139471
0.139406
0.139349
0.139315
0.139297
0.139251
0.139167
0.138913
0.137961
0.139138
0.135975
0.104043
0.162488
0.485749
1.08242
2.32191
3.86011
4.75775
0.13988
0.139858
0.139833
0.139809
0.139788
0.139775
0.139771
0.139771
0.139769
0.139761
0.139749
0.139735
0.139719
0.139702
0.139682
0.139661
0.139636
0.139608
0.139576
0.139538
0.139495
0.139444
0.139384
0.139313
0.139227
0.139128
0.139012
0.138879
0.138728
0.138556
0.138363
0.138145
0.137903
0.137635
0.13734
0.137026
0.13668
0.136399
0.135881
0.13993
0.139935
0.139939
0.139949
0.139959
0.139965
0.139968
0.139968
0.139964
0.139958
0.139948
0.139936
0.139921
0.139903
0.139881
0.139855
0.139825
0.139791
0.139756
0.139719
0.139679
0.139638
0.139599
0.139571
0.139566
0.139576
0.139577
0.139548
0.139552
0.138807
0.138975
0.141228
0.116459
0.114965
0.314325
0.84274
2.16239
3.90171
4.94138
0.139911
0.139894
0.139873
0.139852
0.139833
0.139823
0.139819
0.139818
0.139817
0.139811
0.139803
0.139793
0.139782
0.139771
0.139758
0.139744
0.139728
0.139709
0.139686
0.139659
0.139627
0.139589
0.139543
0.139486
0.139418
0.139338
0.139244
0.139136
0.139012
0.138871
0.138711
0.138532
0.138333
0.138112
0.13787
0.13761
0.137324
0.137086
0.136664
0.139952
0.139958
0.139964
0.139976
0.139987
0.139994
0.139999
0.140002
0.140001
0.139997
0.139991
0.139982
0.139972
0.139958
0.139942
0.139922
0.139898
0.139873
0.139846
0.139818
0.139789
0.139761
0.139737
0.139726
0.139738
0.139764
0.13979
0.13978
0.139872
0.139552
0.138854
0.142499
0.130143
0.103283
0.190615
0.601571
1.93546
3.86829
5.0854
0.139938
0.139927
0.13991
0.139892
0.139874
0.139866
0.13986
0.139859
0.139857
0.139853
0.139846
0.139839
0.139832
0.139824
0.139817
0.139808
0.139798
0.139785
0.139771
0.139752
0.13973
0.139702
0.139666
0.139622
0.139568
0.139503
0.139426
0.139337
0.139235
0.139118
0.138986
0.138837
0.138671
0.138488
0.138287
0.138071
0.137832
0.13763
0.137284
0.139973
0.139979
0.139984
0.139997
0.140008
0.140016
0.140021
0.140025
0.140025
0.140024
0.14002
0.140015
0.140008
0.139998
0.139986
0.139972
0.139953
0.139933
0.139913
0.139892
0.139871
0.139852
0.139837
0.139835
0.139854
0.139889
0.139931
0.139938
0.140009
0.140035
0.139115
0.14169
0.139041
0.112412
0.119202
0.383053
1.65427
3.75232
5.17754
0.139967
0.139962
0.139946
0.139928
0.139911
0.139903
0.139897
0.139895
0.139893
0.139889
0.139883
0.139877
0.139872
0.139867
0.139863
0.139857
0.139851
0.139844
0.139835
0.139823
0.139808
0.139788
0.139762
0.139728
0.139685
0.139632
0.139569
0.139496
0.139411
0.139313
0.139203
0.139078
0.13894
0.138786
0.138618
0.138436
0.138235
0.138065
0.137776
0.139995
0.139999
0.140004
0.140015
0.140025
0.140032
0.140038
0.140041
0.140043
0.140043
0.140041
0.140038
0.140033
0.140026
0.140018
0.140007
0.139993
0.139978
0.139962
0.139947
0.139933
0.139919
0.13991
0.139912
0.139932
0.139972
0.140022
0.140051
0.140082
0.140251
0.139609
0.140537
0.14251
0.128117
0.0932443
0.206571
1.33822
3.54926
5.20047
0.139998
0.139996
0.13998
0.139958
0.139943
0.139935
0.13993
0.139927
0.139925
0.139921
0.139915
0.13991
0.139906
0.139902
0.139899
0.139897
0.139893
0.13989
0.139885
0.139878
0.139868
0.139855
0.139836
0.139811
0.139777
0.139734
0.139682
0.139621
0.13955
0.139468
0.139375
0.139271
0.139154
0.139024
0.138882
0.138728
0.138558
0.138415
0.13817
0.140017
0.140018
0.140022
0.140032
0.140041
0.140046
0.140051
0.140055
0.140056
0.140057
0.140056
0.140054
0.140051
0.140046
0.14004
0.140032
0.140022
0.14001
0.139998
0.139987
0.139977
0.139968
0.139963
0.139966
0.139984
0.140024
0.140077
0.140126
0.140144
0.140299
0.14007
0.139943
0.142184
0.140923
0.0986372
0.0850017
1.01123
3.25981
5.13971
0.140026
0.140026
0.140011
0.139984
0.139969
0.139962
0.139957
0.139954
0.139952
0.139949
0.139944
0.139939
0.139935
0.139932
0.13993
0.139928
0.139927
0.139926
0.139924
0.139921
0.139916
0.139907
0.139894
0.139875
0.139849
0.139815
0.139772
0.139722
0.139662
0.139594
0.139515
0.139426
0.139327
0.139217
0.139096
0.138966
0.138823
0.138702
0.138492
0.140037
0.140036
0.140039
0.140048
0.140055
0.140059
0.140063
0.140066
0.140067
0.140068
0.140068
0.140066
0.140064
0.140061
0.140056
0.14005
0.140042
0.140033
0.140023
0.140015
0.140009
0.140003
0.140001
0.140005
0.140021
0.140053
0.140107
0.140167
0.140199
0.140287
0.140335
0.140009
0.140439
0.147003
0.120746
0.0120203
0.694634
2.89133
4.98524
0.140051
0.140052
0.140036
0.140004
0.139989
0.139983
0.139979
0.139977
0.139975
0.139972
0.139968
0.139963
0.13996
0.139957
0.139956
0.139955
0.139955
0.139955
0.139956
0.139956
0.139953
0.139949
0.13994
0.139926
0.139905
0.139878
0.139844
0.139802
0.139753
0.139695
0.139629
0.139555
0.139471
0.139378
0.139275
0.139166
0.139045
0.13894
0.13876
0.140057
0.140053
0.140055
0.140062
0.140067
0.140071
0.140074
0.140076
0.140077
0.140078
0.140077
0.140076
0.140074
0.140072
0.140068
0.140063
0.140057
0.140049
0.140042
0.140035
0.14003
0.140028
0.140027
0.140032
0.140045
0.140071
0.14012
0.140183
0.140238
0.140279
0.140397
0.140423
0.138986
0.147367
0.141571
0.0321909
0.41903
2.45826
4.72777
0.140072
0.140072
0.140054
0.140019
0.140002
0.139997
0.139994
0.139993
0.139993
0.139991
0.139987
0.139984
0.139981
0.139979
0.139978
0.139978
0.139979
0.13998
0.139982
0.139984
0.139984
0.139981
0.139976
0.139965
0.139949
0.139927
0.1399
0.139866
0.139825
0.139777
0.139722
0.139659
0.139589
0.139511
0.139424
0.139333
0.139228
0.139136
0.13899
0.140075
0.140067
0.140067
0.140074
0.140078
0.140081
0.140083
0.140085
0.140086
0.140086
0.140086
0.140084
0.140083
0.140081
0.140078
0.140074
0.140068
0.140061
0.140055
0.14005
0.140046
0.140044
0.140045
0.140051
0.140062
0.140083
0.14012
0.140181
0.140253
0.140291
0.14034
0.140819
0.138509
0.14445
0.154734
0.0275765
0.20586
1.98573
4.36285
0.140086
0.140084
0.140063
0.140028
0.140009
0.140004
0.140002
0.140003
0.140004
0.140003
0.140001
0.139999
0.139997
0.139996
0.139996
0.139997
0.139999
0.140001
0.140004
0.140006
0.140007
0.140007
0.140004
0.139996
0.139984
0.139967
0.139944
0.139916
0.139882
0.139843
0.139797
0.139744
0.139685
0.13962
0.139546
0.139471
0.139376
0.139304
0.139195
0.140087
0.140077
0.140077
0.140083
0.140087
0.14009
0.140092
0.140093
0.140093
0.140093
0.140093
0.140092
0.14009
0.140088
0.140085
0.140082
0.140077
0.140071
0.140066
0.140062
0.140059
0.140058
0.140059
0.140064
0.140074
0.14009
0.14012
0.140168
0.140245
0.14031
0.140262
0.140985
0.138944
0.140626
0.161757
0.0650555
0.0476801
1.50372
3.89358
0.140093
0.140087
0.140063
0.140029
0.140011
0.140004
0.140004
0.140006
0.140008
0.14001
0.140009
0.140009
0.140009
0.140009
0.14001
0.140012
0.140014
0.140018
0.140021
0.140024
0.140026
0.140027
0.140026
0.140021
0.140012
0.139998
0.13998
0.139957
0.139929
0.139895
0.139857
0.139813
0.139763
0.139708
0.139646
0.139584
0.139496
0.139467
0.13939
0.140091
0.140083
0.140081
0.140089
0.140092
0.140095
0.140097
0.140099
0.1401
0.1401
0.140099
0.140098
0.140097
0.140095
0.140092
0.140089
0.140084
0.140079
0.140074
0.14007
0.140068
0.140068
0.14007
0.140075
0.140083
0.140096
0.140119
0.140155
0.140222
0.140319
0.140219
0.140901
0.13985
0.13761
0.161952
0.0971715
0.0607816
1.05004
3.33247
0.140091
0.140081
0.140057
0.140027
0.140011
0.140002
0.140001
0.140004
0.140008
0.140011
0.140012
0.140014
0.140015
0.140016
0.140019
0.140022
0.140026
0.14003
0.140034
0.140038
0.140042
0.140044
0.140045
0.140042
0.140035
0.140024
0.140009
0.139989
0.139966
0.139938
0.139906
0.139869
0.139828
0.139782
0.139732
0.139684
0.13962
0.139641
0.139599
0.140088
0.140083
0.14008
0.14009
0.140094
0.140096
0.1401
0.140103
0.140104
0.140105
0.140105
0.140104
0.140103
0.140101
0.140098
0.140095
0.140091
0.140086
0.140081
0.140077
0.140076
0.140076
0.140079
0.140084
0.140092
0.140103
0.14012
0.140147
0.14019
0.140305
0.140219
0.140667
0.140736
0.136179
0.157221
0.126503
0.0396284
0.65746
2.7091
0.140082
0.140071
0.14005
0.140024
0.140011
0.140001
0.139998
0.14
0.140005
0.14001
0.140012
0.140015
0.140017
0.14002
0.140024
0.140028
0.140033
0.140038
0.140044
0.140049
0.140054
0.140058
0.14006
0.140058
0.140053
0.140044
0.140032
0.140016
0.139996
0.139974
0.139949
0.139922
0.139892
0.139862
0.139831
0.139815
0.139795
0.13983
0.139812
0.140078
0.140076
0.140076
0.140086
0.140091
0.140095
0.140102
0.140105
0.140108
0.14011
0.14011
0.14011
0.140109
0.140107
0.140105
0.140102
0.140098
0.140093
0.140088
0.140084
0.140082
0.140082
0.140085
0.14009
0.140098
0.140108
0.140122
0.140143
0.140169
0.140268
0.140243
0.140411
0.141275
0.136336
0.150138
0.148181
0.0162445
0.348907
2.06508
0.14007
0.140062
0.140045
0.140025
0.140013
0.140004
0.139999
0.139999
0.140004
0.140009
0.140013
0.140016
0.140019
0.140022
0.140026
0.140031
0.140037
0.140043
0.14005
0.140057
0.140063
0.140068
0.140071
0.140071
0.140067
0.140061
0.140051
0.14004
0.140027
0.140015
0.140003
0.139991
0.13998
0.13997
0.139962
0.13996
0.139954
0.139977
0.139973
0.140068
0.140067
0.140068
0.140079
0.140086
0.140091
0.140098
0.140104
0.140108
0.140112
0.140114
0.140116
0.140116
0.140116
0.140114
0.140112
0.140108
0.140103
0.140099
0.140098
0.140097
0.140098
0.1401
0.140104
0.140108
0.140115
0.140126
0.140143
0.140158
0.140227
0.140261
0.140221
0.141369
0.137575
0.143188
0.161962
0.0438692
0.130887
1.45015
0.140062
0.140058
0.140048
0.140031
0.14002
0.140012
0.140005
0.140003
0.140007
0.140012
0.140015
0.140018
0.140021
0.140025
0.140028
0.140033
0.140038
0.140045
0.140053
0.14006
0.140068
0.140074
0.140078
0.140079
0.140078
0.140075
0.140071
0.140067
0.140063
0.140059
0.140056
0.140054
0.140051
0.14005
0.140048
0.140051
0.14005
0.140068
0.14007
0.140061
0.140061
0.140061
0.140072
0.140079
0.140085
0.140093
0.1401
0.140105
0.14011
0.140114
0.140117
0.140119
0.14012
0.140121
0.140121
0.14012
0.140118
0.140116
0.140115
0.140115
0.140115
0.140117
0.14012
0.140125
0.140131
0.140137
0.140148
0.140158
0.140195
0.140265
0.14013
0.141122
0.139182
0.138225
0.164122
0.0850027
0.00538889
0.911843
0.14006
0.140062
0.140055
0.140041
0.14003
0.140022
0.140014
0.14001
0.140012
0.140016
0.140018
0.14002
0.140023
0.140026
0.14003
0.140033
0.140038
0.140045
0.140053
0.140061
0.140069
0.140076
0.140082
0.140086
0.140089
0.140089
0.140089
0.14009
0.14009
0.140091
0.140092
0.140094
0.140095
0.140097
0.140099
0.140105
0.140108
0.140123
0.140129
0.140061
0.140059
0.140059
0.140068
0.140074
0.14008
0.140088
0.140095
0.140101
0.140106
0.140111
0.140115
0.140119
0.140122
0.140124
0.140126
0.140127
0.140128
0.140128
0.140128
0.14013
0.140132
0.140134
0.140138
0.140142
0.140148
0.140155
0.140163
0.140169
0.140181
0.140256
0.140118
0.140729
0.140463
0.136151
0.158281
0.12526
0.0368924
0.508714
0.140065
0.140069
0.140064
0.14005
0.14004
0.140032
0.140024
0.140019
0.140019
0.140021
0.140022
0.140023
0.140025
0.140027
0.14003
0.140034
0.140038
0.140044
0.140052
0.14006
0.140069
0.140076
0.140084
0.140091
0.140096
0.1401
0.140103
0.140106
0.140109
0.140112
0.140115
0.140118
0.140122
0.140126
0.140131
0.140138
0.140144
0.140159
0.140167
0.140066
0.140062
0.14006
0.140067
0.140073
0.140078
0.140084
0.140091
0.140096
0.140102
0.140107
0.140112
0.140116
0.14012
0.140124
0.140128
0.140131
0.140133
0.140136
0.140138
0.14014
0.140142
0.140145
0.140149
0.140155
0.140161
0.140169
0.140178
0.140187
0.140189
0.140242
0.140161
0.140375
0.141072
0.136552
0.149129
0.15162
0.0169373
0.254074
0.140072
0.140075
0.140069
0.140055
0.140046
0.140039
0.140033
0.140027
0.140026
0.140027
0.140027
0.140027
0.140028
0.140029
0.140031
0.140034
0.140038
0.140043
0.14005
0.140059
0.140067
0.140076
0.140085
0.140094
0.140101
0.140106
0.140111
0.140115
0.14012
0.140124
0.140128
0.140133
0.140138
0.140143
0.14015
0.140158
0.140166
0.140183
0.140193
0.140072
0.140067
0.140065
0.14007
0.140074
0.140078
0.140083
0.140088
0.140093
0.140098
0.140103
0.140108
0.140112
0.140117
0.140121
0.140126
0.14013
0.140133
0.140137
0.140141
0.140145
0.140149
0.140154
0.140158
0.140164
0.140171
0.140179
0.140189
0.1402
0.140204
0.140239
0.140222
0.14018
0.141073
0.138154
0.14164
0.161764
0.0622878
0.126558
0.140078
0.140078
0.140069
0.140055
0.140048
0.140042
0.140037
0.140032
0.140031
0.140031
0.140031
0.140031
0.140031
0.140031
0.140032
0.140034
0.140037
0.140042
0.140049
0.140057
0.140066
0.140075
0.140085
0.140094
0.140102
0.140109
0.140115
0.14012
0.140125
0.14013
0.140135
0.140141
0.140147
0.140153
0.140161
0.14017
0.14018
0.140197
0.140209
0.140077
0.140073
0.14007
0.140074
0.140077
0.14008
0.140083
0.140088
0.140092
0.140096
0.1401
0.140105
0.140109
0.140114
0.140119
0.140124
0.140129
0.140133
0.140138
0.140144
0.140149
0.140154
0.140159
0.140164
0.14017
0.140177
0.140186
0.140197
0.14021
0.140219
0.140239
0.140265
0.140151
0.140773
0.139699
0.137869
0.15863
0.104865
0.0899175
0.140078
0.140074
0.140063
0.14005
0.140045
0.140041
0.140037
0.140034
0.140033
0.140034
0.140034
0.140033
0.140033
0.140033
0.140033
0.140035
0.140037
0.140041
0.140048
0.140056
0.140064
0.140073
0.140084
0.140093
0.140102
0.140109
0.140115
0.14012
0.140126
0.140132
0.140137
0.140144
0.14015
0.140158
0.140166
0.140177
0.140187
0.140205
0.140219
0.140076
0.140074
0.140072
0.140076
0.140079
0.140081
0.140084
0.140088
0.140091
0.140095
0.140099
0.140103
0.140107
0.140111
0.140116
0.140121
0.140126
0.140131
0.140136
0.140142
0.140148
0.140155
0.140161
0.140168
0.140173
0.14018
0.140189
0.1402
0.140214
0.140228
0.140243
0.140282
0.1402
0.140477
0.140574
0.137339
0.150909
0.132931
0.0986818
0.140072
0.140065
0.140054
0.140042
0.140038
0.140036
0.140034
0.140032
0.140032
0.140034
0.140034
0.140034
0.140034
0.140033
0.140033
0.140035
0.140037
0.14004
0.140047
0.140054
0.140062
0.140071
0.140081
0.140091
0.140099
0.140106
0.140113
0.140119
0.140125
0.140131
0.140137
0.140143
0.140151
0.140159
0.140168
0.140179
0.14019
0.140208
0.140224
0.140068
0.140069
0.140069
0.140073
0.140077
0.14008
0.140084
0.140087
0.14009
0.140093
0.140097
0.1401
0.140104
0.140107
0.140112
0.140116
0.140121
0.140127
0.140132
0.140139
0.140147
0.140155
0.140162
0.14017
0.140176
0.140183
0.140191
0.140202
0.140215
0.140232
0.140246
0.140282
0.140259
0.140308
0.140798
0.13835
0.144364
0.144137
0.118404
0.14006
0.140053
0.140043
0.140033
0.14003
0.140029
0.140028
0.140027
0.140028
0.14003
0.140032
0.140032
0.140032
0.140032
0.140032
0.140034
0.140036
0.140039
0.140045
0.140053
0.14006
0.140068
0.140078
0.140088
0.140096
0.140104
0.14011
0.140116
0.140122
0.140128
0.140134
0.140141
0.140149
0.140157
0.140167
0.140178
0.14019
0.140208
0.140224
0.140056
0.140059
0.140061
0.140066
0.140072
0.140076
0.14008
0.140084
0.140088
0.140091
0.140094
0.140098
0.140101
0.140105
0.140109
0.140113
0.140118
0.140124
0.14013
0.140137
0.140145
0.140153
0.140161
0.140169
0.140176
0.140184
0.140192
0.140202
0.140216
0.140233
0.140249
0.140277
0.140293
0.140261
0.140682
0.139497
0.140901
0.145509
0.133158
0.140048
0.140043
0.140033
0.140026
0.140021
0.14002
0.14002
0.14002
0.140022
0.140025
0.140027
0.140028
0.140029
0.140029
0.14003
0.140031
0.140033
0.140038
0.140044
0.140051
0.140059
0.140067
0.140076
0.140085
0.140093
0.1401
0.140107
0.140112
0.140118
0.140124
0.14013
0.140137
0.140145
0.140154
0.140163
0.140175
0.140187
0.140205
0.140222
0.140045
0.140049
0.140053
0.140059
0.140065
0.14007
0.140075
0.140079
0.140083
0.140087
0.140091
0.140094
0.140098
0.140102
0.140106
0.14011
0.140115
0.140121
0.140126
0.140133
0.140141
0.140149
0.140157
0.140165
0.140173
0.140181
0.14019
0.1402
0.140214
0.140231
0.140249
0.140272
0.140303
0.140276
0.140507
0.14019
0.139843
0.143532
0.140075
0.140041
0.140039
0.14003
0.140021
0.140014
0.140013
0.140014
0.140015
0.140017
0.14002
0.140022
0.140023
0.140024
0.140025
0.140026
0.140028
0.14003
0.140035
0.140042
0.14005
0.140058
0.140065
0.140074
0.140082
0.14009
0.140097
0.140102
0.140108
0.140113
0.140119
0.140125
0.140132
0.14014
0.140148
0.140158
0.140169
0.140181
0.140199
0.140217
0.140045
0.140048
0.140051
0.140057
0.140062
0.140067
0.140071
0.140075
0.140079
0.140083
0.140087
0.14009
0.140094
0.140098
0.140102
0.140106
0.140111
0.140116
0.140121
0.140128
0.140135
0.140143
0.140152
0.14016
0.140168
0.140176
0.140185
0.140196
0.14021
0.140226
0.140245
0.140267
0.140299
0.1403
0.140394
0.140442
0.139897
0.14163
0.14183
0.140047
0.140046
0.140038
0.140024
0.140016
0.140013
0.140012
0.140013
0.140014
0.140016
0.140018
0.140019
0.14002
0.14002
0.140021
0.140023
0.140026
0.140032
0.14004
0.140048
0.140056
0.140063
0.140071
0.140079
0.140086
0.140092
0.140097
0.140103
0.140108
0.140113
0.140119
0.140126
0.140133
0.140141
0.140151
0.140162
0.140174
0.140192
0.140209
0.140059
0.140061
0.140063
0.140066
0.140069
0.140072
0.140075
0.140077
0.14008
0.140082
0.140085
0.140088
0.140092
0.140095
0.140099
0.140103
0.140107
0.140112
0.140117
0.140123
0.14013
0.140138
0.140147
0.140155
0.140163
0.140171
0.140179
0.14019
0.140203
0.140219
0.140238
0.14026
0.14029
0.140311
0.140348
0.140465
0.14018
0.140675
0.14155
0.140066
0.140066
0.140057
0.140038
0.14003
0.140023
0.140018
0.140015
0.140015
0.140015
0.140015
0.140015
0.140015
0.140015
0.140016
0.140018
0.140021
0.140028
0.140036
0.140044
0.140052
0.140059
0.140067
0.140074
0.140081
0.140087
0.140092
0.140097
0.140102
0.140107
0.140113
0.140119
0.140126
0.140134
0.140143
0.140154
0.140166
0.140184
0.140201
0.140086
0.140085
0.140085
0.140086
0.140087
0.140088
0.140088
0.140089
0.140089
0.14009
0.140091
0.140093
0.140095
0.140097
0.1401
0.140103
0.140107
0.140111
0.140116
0.140121
0.140128
0.140135
0.140142
0.14015
0.140157
0.140164
0.140173
0.140183
0.140196
0.140212
0.14023
0.140252
0.140279
0.140309
0.140335
0.140424
0.140362
0.140402
0.140981
0.140094
0.140092
0.140083
0.140062
0.140055
0.140043
0.140031
0.140022
0.140018
0.140015
0.140014
0.140012
0.140011
0.140011
0.140011
0.140012
0.140016
0.140023
0.140031
0.14004
0.140048
0.140055
0.140062
0.140069
0.140075
0.140081
0.140086
0.140091
0.140095
0.1401
0.140105
0.140111
0.140118
0.140126
0.140134
0.140145
0.140157
0.140174
0.140191
0.140113
0.140111
0.140111
0.14011
0.14011
0.140109
0.140109
0.140108
0.140108
0.140107
0.140106
0.140105
0.140105
0.140105
0.140106
0.140108
0.14011
0.140113
0.140117
0.140121
0.140126
0.140132
0.140139
0.140146
0.140152
0.140159
0.140166
0.140176
0.140188
0.140203
0.140222
0.140243
0.140269
0.1403
0.140329
0.140387
0.140422
0.140397
0.14065
0.140118
0.140115
0.140106
0.140088
0.140083
0.140067
0.140047
0.14003
0.140021
0.140015
0.140012
0.140009
0.140008
0.140006
0.140006
0.140007
0.140011
0.140018
0.140027
0.140036
0.140044
0.14005
0.140056
0.140063
0.140069
0.140074
0.140079
0.140083
0.140088
0.140092
0.140098
0.140103
0.140109
0.140117
0.140125
0.140136
0.140147
0.140164
0.14018
0.14013
0.140129
0.14013
0.140129
0.140129
0.14013
0.14013
0.140129
0.140129
0.140127
0.140126
0.140124
0.140122
0.14012
0.140119
0.140119
0.140119
0.14012
0.140121
0.140124
0.140127
0.140132
0.140137
0.140143
0.140148
0.140153
0.14016
0.140168
0.14018
0.140194
0.140212
0.140233
0.140258
0.140288
0.14032
0.140364
0.140421
0.140434
0.140531
0.140131
0.140127
0.140118
0.140106
0.140103
0.140085
0.140059
0.140037
0.140023
0.140015
0.14001
0.140007
0.140004
0.140002
0.140001
0.140002
0.140006
0.140013
0.140022
0.14003
0.140038
0.140044
0.140049
0.140056
0.140062
0.140067
0.140071
0.140075
0.14008
0.140084
0.140089
0.140094
0.1401
0.140107
0.140116
0.140125
0.140136
0.140152
0.140169
0.140136
0.140137
0.140139
0.14014
0.140142
0.140144
0.140145
0.140146
0.140147
0.140146
0.140145
0.140144
0.140141
0.140139
0.140137
0.140134
0.140133
0.140132
0.140131
0.140132
0.140133
0.140135
0.140138
0.140142
0.140145
0.140149
0.140154
0.140161
0.140171
0.140185
0.140201
0.140222
0.140246
0.140275
0.140308
0.140347
0.140402
0.140446
0.140502
0.140134
0.140128
0.14012
0.140112
0.140111
0.140094
0.140066
0.14004
0.140023
0.140013
0.140008
0.140004
0.14
0.139998
0.139996
0.139997
0.140002
0.140009
0.140017
0.140025
0.140032
0.140038
0.140042
0.140048
0.140054
0.140058
0.140063
0.140067
0.140071
0.140075
0.14008
0.140085
0.140091
0.140098
0.140105
0.140115
0.140125
0.14014
0.140156
0.140136
0.140139
0.140142
0.140145
0.140148
0.140152
0.140154
0.140157
0.140159
0.14016
0.14016
0.14016
0.140158
0.140156
0.140154
0.140152
0.140149
0.140147
0.140145
0.140144
0.140143
0.140142
0.140143
0.140144
0.140145
0.140146
0.140149
0.140154
0.140163
0.140175
0.14019
0.14021
0.140233
0.140261
0.140293
0.140331
0.14038
0.140436
0.140489
0.140132
0.140126
0.140118
0.14011
0.140109
0.140096
0.140069
0.140042
0.140023
0.140011
0.140005
0.14
0.139997
0.139994
0.139992
0.139993
0.139998
0.140005
0.140013
0.14002
0.140027
0.140032
0.140036
0.140041
0.140046
0.140051
0.140055
0.140059
0.140063
0.140067
0.140071
0.140076
0.140082
0.140088
0.140095
0.140104
0.140114
0.140128
0.140143
0.140136
0.14014
0.140145
0.140149
0.140153
0.140157
0.14016
0.140164
0.140166
0.140168
0.14017
0.140171
0.140171
0.14017
0.140169
0.140167
0.140165
0.140163
0.140161
0.140158
0.140155
0.140152
0.140151
0.140149
0.140148
0.140146
0.140146
0.140149
0.140155
0.140165
0.14018
0.140198
0.14022
0.140246
0.140277
0.140314
0.140359
0.140416
0.140472
0.140132
0.140126
0.140117
0.140107
0.140104
0.140094
0.140071
0.140044
0.140023
0.14001
0.140002
0.139997
0.139993
0.139989
0.139987
0.139988
0.139993
0.140001
0.140009
0.140016
0.140023
0.140027
0.14003
0.140035
0.140039
0.140044
0.140048
0.140051
0.140055
0.140059
0.140063
0.140068
0.140073
0.140079
0.140086
0.140094
0.140104
0.140117
0.140131
0.140139
0.140143
0.140149
0.140154
0.140158
0.140162
0.140166
0.14017
0.140173
0.140175
0.140177
0.140179
0.14018
0.140181
0.140181
0.14018
0.140179
0.140177
0.140175
0.140173
0.14017
0.140166
0.140162
0.140158
0.140154
0.14015
0.140147
0.140147
0.140151
0.140158
0.14017
0.140186
0.140207
0.140231
0.140261
0.140296
0.140338
0.140393
0.140448
0.140135
0.140129
0.140121
0.140109
0.140102
0.140094
0.140074
0.140048
0.140025
0.14001
0.14
0.139993
0.139989
0.139985
0.139982
0.139984
0.139989
0.139997
0.140005
0.140012
0.140018
0.140022
0.140025
0.14003
0.140034
0.140038
0.140042
0.140046
0.140049
0.140053
0.140057
0.140061
0.140066
0.140072
0.140078
0.140086
0.140095
0.140107
0.14012
0.140143
0.140148
0.140154
0.140159
0.140164
0.140168
0.140173
0.140176
0.14018
0.140182
0.140185
0.140187
0.140188
0.140189
0.14019
0.140191
0.14019
0.14019
0.140189
0.140187
0.140184
0.14018
0.140175
0.140169
0.140163
0.140156
0.140151
0.140148
0.140149
0.140153
0.140162
0.140176
0.140195
0.140217
0.140245
0.140278
0.140318
0.140368
0.140422
0.140139
0.140135
0.140127
0.140114
0.140105
0.140095
0.140077
0.140052
0.140029
0.140011
0.14
0.139992
0.139986
0.139981
0.139978
0.13998
0.139985
0.139993
0.140001
0.140008
0.140014
0.140019
0.140022
0.140026
0.140031
0.140035
0.140038
0.140042
0.140046
0.140049
0.140053
0.140057
0.140062
0.140067
0.140073
0.14008
0.140088
0.140099
0.140112
0.140147
0.140152
0.140159
0.140164
0.14017
0.140175
0.140179
0.140184
0.140187
0.14019
0.140193
0.140195
0.140196
0.140198
0.140199
0.1402
0.1402
0.140201
0.1402
0.1402
0.140197
0.140193
0.140189
0.140182
0.140174
0.140166
0.140157
0.140152
0.140149
0.140151
0.140157
0.140168
0.140184
0.140204
0.140229
0.14026
0.140297
0.140344
0.140394
0.140144
0.14014
0.140132
0.14012
0.140109
0.140096
0.140079
0.140056
0.140033
0.140015
0.140003
0.139993
0.139986
0.139981
0.139977
0.139978
0.139984
0.139991
0.139999
0.140006
0.140012
0.140018
0.140021
0.140025
0.14003
0.140034
0.140037
0.140041
0.140045
0.140048
0.140052
0.140056
0.14006
0.140065
0.14007
0.140076
0.140084
0.140095
0.140106
0.140152
0.140157
0.140164
0.14017
0.140176
0.140181
0.140186
0.140191
0.140195
0.140198
0.140201
0.140203
0.140205
0.140206
0.140208
0.140209
0.14021
0.14021
0.140211
0.140211
0.140209
0.140206
0.140202
0.140196
0.140187
0.140177
0.140167
0.140159
0.140154
0.140152
0.140156
0.140163
0.140176
0.140193
0.140215
0.140243
0.140277
0.14032
0.140366
0.14015
0.140145
0.140136
0.140124
0.140112
0.140097
0.140079
0.140058
0.140038
0.140022
0.140009
0.139999
0.139991
0.139984
0.139979
0.13998
0.139986
0.139993
0.14
0.140007
0.140013
0.140019
0.140023
0.140027
0.140032
0.140036
0.14004
0.140043
0.140047
0.140051
0.140054
0.140058
0.140062
0.140066
0.140071
0.140077
0.140084
0.140093
0.140103
0.140157
0.140162
0.140169
0.140176
0.140182
0.140188
0.140193
0.140198
0.140202
0.140206
0.140209
0.140212
0.140214
0.140215
0.140217
0.140218
0.140219
0.14022
0.14022
0.140221
0.14022
0.140218
0.140214
0.140209
0.1402
0.14019
0.140179
0.140169
0.140161
0.140157
0.140157
0.140161
0.14017
0.140184
0.140204
0.140228
0.140259
0.140298
0.14034
0.140154
0.140149
0.140139
0.140127
0.140114
0.140096
0.140077
0.140059
0.140043
0.140029
0.140018
0.140008
0.139999
0.139991
0.139985
0.139986
0.139991
0.139998
0.140004
0.140011
0.140018
0.140024
0.140029
0.140033
0.140037
0.140041
0.140045
0.140049
0.140053
0.140056
0.14006
0.140064
0.140067
0.140071
0.140076
0.140081
0.140087
0.140096
0.140104
0.140162
0.140168
0.140175
0.140182
0.140188
0.140194
0.1402
0.140205
0.14021
0.140214
0.140217
0.14022
0.140222
0.140224
0.140225
0.140227
0.140228
0.140229
0.14023
0.14023
0.14023
0.140228
0.140225
0.14022
0.140213
0.140203
0.140191
0.14018
0.140171
0.140164
0.140161
0.140162
0.140168
0.140178
0.140194
0.140215
0.140243
0.140278
0.140315
0.140158
0.140151
0.140141
0.140128
0.140116
0.140096
0.140074
0.140057
0.140044
0.140034
0.140025
0.140016
0.140007
0.139999
0.139994
0.139995
0.14
0.140006
0.140013
0.140019
0.140026
0.140032
0.140038
0.140042
0.140046
0.14005
0.140054
0.140058
0.140062
0.140065
0.140069
0.140072
0.140076
0.140079
0.140083
0.140088
0.140093
0.140101
0.140108
0.140166
0.140173
0.14018
0.140187
0.140194
0.140201
0.140207
0.140212
0.140217
0.140221
0.140225
0.140228
0.14023
0.140232
0.140234
0.140235
0.140237
0.140238
0.140239
0.14024
0.140239
0.140238
0.140235
0.140231
0.140225
0.140215
0.140204
0.140192
0.140182
0.140174
0.140168
0.140166
0.140169
0.140176
0.140188
0.140205
0.140229
0.14026
0.140293
0.140161
0.140154
0.140142
0.140129
0.140116
0.140095
0.140072
0.140055
0.140044
0.140036
0.140028
0.14002
0.140012
0.140005
0.140002
0.140005
0.140011
0.140017
0.140023
0.14003
0.140037
0.140043
0.14005
0.140055
0.140059
0.140063
0.140066
0.14007
0.140074
0.140077
0.14008
0.140083
0.140086
0.14009
0.140093
0.140097
0.140101
0.140108
0.140114
0.140169
0.140176
0.140184
0.140192
0.1402
0.140207
0.140213
0.140219
0.140224
0.140229
0.140232
0.140235
0.140238
0.14024
0.140242
0.140244
0.140245
0.140247
0.140248
0.140249
0.140249
0.140247
0.140245
0.140241
0.140235
0.140227
0.140216
0.140205
0.140194
0.140185
0.140178
0.140174
0.140174
0.140177
0.140185
0.140198
0.140218
0.140245
0.140273
0.140163
0.140155
0.140144
0.14013
0.140115
0.140093
0.14007
0.140052
0.140042
0.140034
0.140028
0.140021
0.140015
0.140009
0.140009
0.140014
0.140021
0.140028
0.140035
0.140042
0.140049
0.140056
0.140063
0.140069
0.140075
0.14008
0.140083
0.140086
0.140089
0.140092
0.140094
0.140097
0.140099
0.140102
0.140105
0.140108
0.140111
0.140118
0.140122
0.140172
0.140179
0.140188
0.140197
0.140205
0.140212
0.140219
0.140225
0.140231
0.140235
0.140239
0.140242
0.140245
0.140248
0.14025
0.140252
0.140254
0.140255
0.140256
0.140258
0.140258
0.140256
0.140254
0.14025
0.140245
0.140237
0.140227
0.140217
0.140206
0.140196
0.140188
0.140182
0.140179
0.140181
0.140186
0.140195
0.14021
0.140233
0.140256
0.140165
0.140156
0.140144
0.14013
0.140114
0.140091
0.140068
0.14005
0.140039
0.140032
0.140026
0.14002
0.140015
0.140012
0.140017
0.140024
0.140032
0.14004
0.140048
0.140055
0.140063
0.14007
0.140077
0.140084
0.14009
0.140096
0.1401
0.140105
0.140108
0.140109
0.14011
0.140112
0.140114
0.140116
0.140118
0.14012
0.140123
0.140128
0.140131
0.140173
0.140182
0.140191
0.1402
0.140209
0.140217
0.140224
0.14023
0.140236
0.140241
0.140245
0.140249
0.140252
0.140254
0.140257
0.140259
0.140261
0.140263
0.140264
0.140266
0.140266
0.140265
0.140262
0.140259
0.140254
0.140247
0.140238
0.140228
0.140218
0.140208
0.140199
0.140192
0.140187
0.140185
0.140188
0.140194
0.140205
0.140223
0.140241
0.140166
0.140157
0.140145
0.14013
0.140113
0.140089
0.140065
0.140048
0.140038
0.14003
0.140025
0.14002
0.140016
0.140019
0.140027
0.140036
0.140045
0.140053
0.140061
0.14007
0.140077
0.140085
0.140092
0.140099
0.140106
0.140111
0.140116
0.140121
0.140124
0.140127
0.140129
0.140129
0.14013
0.14013
0.140132
0.140134
0.140136
0.14014
0.140141
0.140175
0.140184
0.140194
0.140203
0.140212
0.14022
0.140228
0.140234
0.14024
0.140245
0.14025
0.140253
0.140257
0.14026
0.140262
0.140265
0.140267
0.140269
0.140271
0.140273
0.140274
0.140273
0.140271
0.140267
0.140262
0.140256
0.140248
0.140238
0.140229
0.140219
0.14021
0.140203
0.140198
0.140194
0.140193
0.140196
0.140204
0.140217
0.140229
0.140167
0.140158
0.140145
0.14013
0.140112
0.140086
0.140062
0.140046
0.140036
0.140029
0.140023
0.14002
0.140021
0.140029
0.140039
0.140049
0.140059
0.140068
0.140076
0.140085
0.140093
0.1401
0.140108
0.140115
0.140121
0.140127
0.140132
0.140136
0.14014
0.140143
0.140146
0.140147
0.140148
0.140147
0.140147
0.140149
0.14015
0.140154
0.140153
0.140176
0.140185
0.140196
0.140206
0.140215
0.140223
0.140231
0.140238
0.140243
0.140249
0.140253
0.140257
0.140261
0.140264
0.140267
0.14027
0.140272
0.140275
0.140277
0.140279
0.14028
0.14028
0.140278
0.140275
0.14027
0.140264
0.140257
0.140248
0.140239
0.140229
0.140221
0.140214
0.140208
0.140204
0.140201
0.140201
0.140206
0.140215
0.140221
0.140168
0.140159
0.140145
0.14013
0.14011
0.140083
0.140059
0.140044
0.140034
0.140027
0.140023
0.140023
0.14003
0.140042
0.140053
0.140064
0.140074
0.140083
0.140092
0.1401
0.140108
0.140116
0.140124
0.140131
0.140137
0.140143
0.140148
0.140152
0.140156
0.14016
0.140163
0.140165
0.140166
0.140168
0.140166
0.140167
0.140167
0.140171
0.140167
0.140177
0.140187
0.140197
0.140208
0.140217
0.140225
0.140233
0.14024
0.140246
0.140251
0.140255
0.140259
0.140263
0.140266
0.14027
0.140273
0.140276
0.140278
0.140281
0.140284
0.140285
0.140286
0.140284
0.140281
0.140277
0.140272
0.140265
0.140257
0.140248
0.140239
0.140231
0.140224
0.140217
0.140213
0.14021
0.140208
0.14021
0.140214
0.140219
0.140169
0.140159
0.140145
0.140129
0.140109
0.14008
0.140057
0.140042
0.140032
0.140026
0.140024
0.140029
0.140042
0.140056
0.140068
0.140079
0.14009
0.140099
0.140108
0.140117
0.140125
0.140133
0.14014
0.140147
0.140154
0.14016
0.140165
0.14017
0.140175
0.140179
0.140182
0.140185
0.140187
0.140189
0.14019
0.140188
0.140189
0.140191
0.140189
0.140178
0.140187
0.140198
0.140209
0.140218
0.140226
0.140234
0.140241
0.140246
0.140251
0.140256
0.14026
0.140264
0.140268
0.140271
0.140274
0.140277
0.140281
0.140284
0.140287
0.140289
0.14029
0.140289
0.140287
0.140283
0.140279
0.140273
0.140265
0.140256
0.140247
0.140239
0.140232
0.140225
0.14022
0.140217
0.140215
0.140215
0.140216
0.140219
0.140168
0.140158
0.140144
0.140128
0.140106
0.140077
0.140054
0.140039
0.14003
0.140025
0.140028
0.140041
0.140056
0.140071
0.140084
0.140096
0.140107
0.140117
0.140126
0.140134
0.140142
0.14015
0.140158
0.140166
0.140173
0.14018
0.140186
0.140191
0.140196
0.140201
0.140204
0.140208
0.140211
0.140213
0.140215
0.140216
0.140215
0.140216
0.140215
0.140177
0.140187
0.140198
0.140209
0.140218
0.140226
0.140234
0.14024
0.140246
0.140251
0.140255
0.140259
0.140263
0.140267
0.14027
0.140274
0.140278
0.140281
0.140285
0.140288
0.140291
0.140292
0.140293
0.140291
0.140288
0.140284
0.140279
0.140273
0.140265
0.140256
0.140247
0.14024
0.140233
0.140227
0.140223
0.140221
0.14022
0.14022
0.140221
0.140168
0.140156
0.140142
0.140125
0.140103
0.140073
0.14005
0.140036
0.140027
0.140026
0.140037
0.140054
0.140071
0.140087
0.140101
0.140114
0.140125
0.140135
0.140145
0.140154
0.140162
0.140171
0.140179
0.140187
0.140195
0.140203
0.140209
0.140215
0.140221
0.140226
0.140231
0.140235
0.140238
0.140241
0.140243
0.140245
0.140246
0.140246
0.140246
0.140176
0.140186
0.140197
0.140207
0.140216
0.140224
0.140231
0.140238
0.140243
0.140248
0.140252
0.140256
0.14026
0.140264
0.140268
0.140272
0.140275
0.140279
0.140283
0.140287
0.140291
0.140293
0.140294
0.140293
0.140291
0.140288
0.140284
0.140279
0.140272
0.140264
0.140255
0.140247
0.14024
0.140234
0.140229
0.140227
0.140225
0.140223
0.140223
0.140166
0.140154
0.140139
0.140122
0.140099
0.140069
0.140047
0.140033
0.140025
0.140029
0.140047
0.140067
0.140087
0.140104
0.14012
0.140133
0.140145
0.140156
0.140167
0.140176
0.140185
0.140194
0.140203
0.140212
0.140221
0.140229
0.140236
0.140243
0.140249
0.140254
0.140259
0.140263
0.140267
0.14027
0.140273
0.140275
0.140277
0.140278
0.140278
0.140173
0.140184
0.140195
0.140205
0.140213
0.140221
0.140228
0.140233
0.140238
0.140243
0.140247
0.140251
0.140255
0.140259
0.140263
0.140266
0.14027
0.140275
0.140279
0.140283
0.140287
0.14029
0.140292
0.140292
0.140291
0.140289
0.140286
0.140282
0.140277
0.140271
0.140263
0.140254
0.140246
0.14024
0.140235
0.140231
0.140229
0.140226
0.140225
0.140163
0.140151
0.140135
0.140118
0.140094
0.140064
0.140042
0.140029
0.140025
0.140038
0.14006
0.140083
0.140104
0.140123
0.14014
0.140155
0.140168
0.14018
0.140191
0.140201
0.140211
0.14022
0.14023
0.140239
0.140248
0.140256
0.140264
0.140271
0.140277
0.140282
0.140287
0.140291
0.140295
0.140298
0.140301
0.140304
0.140305
0.140307
0.140308
0.14017
0.14018
0.140191
0.140201
0.140209
0.140216
0.140222
0.140227
0.140232
0.140236
0.14024
0.140244
0.140247
0.140251
0.140255
0.140258
0.140262
0.140267
0.140271
0.140276
0.14028
0.140284
0.140287
0.140288
0.140288
0.140286
0.140284
0.140282
0.140279
0.140274
0.140268
0.14026
0.140252
0.140245
0.140239
0.140235
0.140232
0.140229
0.140227
0.140159
0.140147
0.140131
0.140114
0.140088
0.140059
0.140038
0.140026
0.140027
0.140047
0.140074
0.140099
0.140123
0.140144
0.140162
0.140179
0.140193
0.140206
0.140217
0.140228
0.140238
0.140247
0.140257
0.140266
0.140275
0.140283
0.140291
0.140297
0.140303
0.140308
0.140313
0.140317
0.14032
0.140323
0.140326
0.140328
0.14033
0.140331
0.140333
0.140166
0.140176
0.140186
0.140196
0.140203
0.14021
0.140215
0.14022
0.140224
0.140227
0.140231
0.140234
0.140237
0.14024
0.140244
0.140248
0.140252
0.140256
0.140261
0.140266
0.140271
0.140275
0.140278
0.14028
0.140281
0.14028
0.140279
0.140278
0.140276
0.140273
0.140269
0.140263
0.140257
0.140249
0.140243
0.140238
0.140234
0.14023
0.140228
0.140155
0.140143
0.140127
0.140109
0.140083
0.140053
0.140033
0.140023
0.140033
0.140059
0.140089
0.140118
0.140144
0.140167
0.140187
0.140204
0.140219
0.140232
0.140244
0.140254
0.140264
0.140273
0.140282
0.140291
0.1403
0.140307
0.140314
0.14032
0.140325
0.14033
0.140334
0.140338
0.140341
0.140344
0.140347
0.140349
0.140351
0.140352
0.140354
0.140161
0.140171
0.140181
0.140189
0.140196
0.140202
0.140207
0.140211
0.140214
0.140217
0.140219
0.140222
0.140225
0.140228
0.140231
0.140235
0.140239
0.140244
0.140249
0.140254
0.140259
0.140264
0.140268
0.14027
0.140271
0.140272
0.140272
0.140271
0.140269
0.140267
0.140265
0.140262
0.140257
0.14025
0.140244
0.140239
0.140234
0.14023
0.140228
0.14015
0.140138
0.140122
0.140104
0.140077
0.140048
0.140028
0.140022
0.140041
0.140072
0.140106
0.140139
0.140168
0.140192
0.140213
0.14023
0.140245
0.140257
0.140268
0.140278
0.140287
0.140296
0.140304
0.140312
0.14032
0.140327
0.140333
0.140339
0.140344
0.140348
0.140352
0.140356
0.140359
0.140362
0.140365
0.140368
0.14037
0.140372
0.140375
0.140155
0.140165
0.140174
0.140182
0.140188
0.140193
0.140197
0.1402
0.140202
0.140204
0.140206
0.140208
0.140211
0.140213
0.140217
0.140221
0.140225
0.140229
0.140235
0.14024
0.140246
0.140251
0.140256
0.140259
0.140261
0.140262
0.140263
0.140264
0.140263
0.140262
0.140261
0.140258
0.140255
0.140251
0.140246
0.140241
0.140236
0.140232
0.140228
0.140144
0.140132
0.140117
0.140099
0.140071
0.140043
0.140023
0.140024
0.14005
0.140087
0.140125
0.140161
0.140192
0.140217
0.140237
0.140254
0.140268
0.140279
0.140289
0.140298
0.140306
0.140314
0.140322
0.140329
0.140336
0.140343
0.140349
0.140355
0.140361
0.140366
0.140371
0.140375
0.140379
0.140384
0.140387
0.140391
0.140395
0.140398
0.140401
0.140149
0.140158
0.140167
0.140174
0.140179
0.140183
0.140186
0.140187
0.140188
0.140189
0.14019
0.140192
0.140195
0.140198
0.140201
0.140205
0.14021
0.140214
0.14022
0.140226
0.140232
0.140237
0.140242
0.140246
0.140249
0.140252
0.140253
0.140255
0.140255
0.140255
0.140255
0.140254
0.140253
0.14025
0.140247
0.140243
0.140239
0.140236
0.14023
0.140139
0.140127
0.140112
0.140093
0.140066
0.140038
0.140019
0.14003
0.140061
0.140102
0.140145
0.140182
0.140213
0.140237
0.140257
0.140272
0.140285
0.140295
0.140304
0.140313
0.14032
0.140327
0.140335
0.140342
0.14035
0.140357
0.140365
0.140372
0.140378
0.140385
0.140392
0.140398
0.140404
0.14041
0.140415
0.140421
0.140426
0.140432
0.140437
0.140143
0.140152
0.14016
0.140166
0.14017
0.140173
0.140174
0.140174
0.140173
0.14017
0.14017
0.140173
0.140176
0.14018
0.140184
0.140189
0.140193
0.140199
0.140204
0.14021
0.140217
0.140223
0.140228
0.140233
0.140236
0.140239
0.140242
0.140244
0.140245
0.140246
0.140247
0.140247
0.140246
0.140245
0.140244
0.140242
0.14024
0.140237
0.140233
0.140134
0.140122
0.140107
0.140088
0.140061
0.140033
0.140014
0.140036
0.140074
0.14012
0.140164
0.140201
0.14023
0.140253
0.140271
0.140285
0.140297
0.140307
0.140316
0.140324
0.140332
0.140339
0.140347
0.140356
0.140365
0.140374
0.140383
0.140392
0.140401
0.140409
0.140418
0.140426
0.140434
0.140442
0.140449
0.140456
0.140464
0.140472
0.140479
0.140137
0.140145
0.140152
0.140157
0.14016
0.140161
0.140161
0.140158
0.140156
0.140148
0.140148
0.140151
0.140155
0.14016
0.140164
0.140169
0.140174
0.14018
0.140186
0.140192
0.140199
0.140205
0.140211
0.140216
0.140221
0.140224
0.140227
0.14023
0.140232
0.140234
0.140235
0.140236
0.140236
0.140236
0.140236
0.140236
0.140235
0.140235
0.140232
0.140127
0.140116
0.140101
0.140083
0.140055
0.140029
0.140011
0.140045
0.140089
0.140139
0.140183
0.140218
0.140245
0.140266
0.140283
0.140297
0.140309
0.140319
0.140328
0.140337
0.140346
0.140355
0.140364
0.140375
0.140386
0.140398
0.140409
0.14042
0.140431
0.140441
0.140452
0.140461
0.140471
0.14048
0.140489
0.140497
0.140506
0.140515
0.140523
0.14013
0.140137
0.140143
0.140147
0.140149
0.140148
0.140146
0.140141
0.140137
0.140125
0.140124
0.140128
0.140132
0.140138
0.140143
0.140148
0.140154
0.14016
0.140166
0.140172
0.140179
0.140186
0.140192
0.140198
0.140202
0.140207
0.140211
0.140214
0.140217
0.14022
0.140222
0.140223
0.140225
0.140225
0.140226
0.140226
0.140227
0.140227
0.140227
0.14012
0.140109
0.140095
0.140076
0.14005
0.140023
0.14001
0.140055
0.140106
0.140158
0.1402
0.140233
0.140258
0.140278
0.140295
0.140309
0.140322
0.140334
0.140345
0.140355
0.140366
0.140377
0.140388
0.140401
0.140415
0.140429
0.140442
0.140455
0.140467
0.140478
0.140489
0.140499
0.140508
0.140517
0.140526
0.140534
0.140542
0.14055
0.140558
0.140121
0.140128
0.140133
0.140136
0.140136
0.140134
0.14013
0.140123
0.140116
0.1401
0.140099
0.140103
0.140108
0.140114
0.14012
0.140125
0.140131
0.140137
0.140143
0.14015
0.140157
0.140164
0.14017
0.140176
0.140182
0.140186
0.140191
0.140195
0.1402
0.140203
0.140206
0.140209
0.140211
0.140213
0.140214
0.140215
0.140216
0.140217
0.140218
0.140112
0.140102
0.140088
0.14007
0.140043
0.140019
0.14001
0.140067
0.140122
0.140175
0.140214
0.140244
0.140269
0.14029
0.140308
0.140325
0.14034
0.140355
0.140368
0.140381
0.140393
0.140406
0.140419
0.140433
0.140448
0.140462
0.140474
0.140486
0.140496
0.140506
0.140514
0.140521
0.140527
0.140532
0.140537
0.140541
0.140545
0.140548
0.140553
0.140112
0.140118
0.140122
0.140123
0.140122
0.140119
0.140113
0.140104
0.140095
0.140076
0.140074
0.140078
0.140084
0.14009
0.140095
0.140101
0.140107
0.140113
0.140119
0.140126
0.140133
0.14014
0.140147
0.140153
0.140158
0.140163
0.140168
0.140173
0.140178
0.140183
0.140187
0.140191
0.140194
0.140197
0.1402
0.140202
0.140204
0.140206
0.140207
0.140104
0.140094
0.14008
0.140063
0.140037
0.140014
0.140014
0.140078
0.140136
0.140187
0.140225
0.140255
0.140281
0.140305
0.140327
0.140347
0.140365
0.140381
0.140396
0.140409
0.140422
0.140434
0.140446
0.140458
0.140469
0.140479
0.140487
0.140493
0.140497
0.1405
0.140501
0.140501
0.140501
0.140499
0.140497
0.140494
0.14049
0.140486
0.140484
0.140101
0.140107
0.140109
0.14011
0.140108
0.140102
0.140095
0.140084
0.140074
0.140054
0.140051
0.140054
0.14006
0.140065
0.140071
0.140076
0.140082
0.140088
0.140094
0.1401
0.140107
0.140114
0.140121
0.140127
0.140133
0.140138
0.140143
0.140149
0.140154
0.140159
0.140164
0.140169
0.140174
0.140178
0.140182
0.140186
0.14019
0.140194
0.140197
0.140094
0.140085
0.140072
0.140056
0.140031
0.140011
0.140021
0.140088
0.140146
0.140195
0.140233
0.140266
0.140297
0.140326
0.14035
0.140371
0.140389
0.140404
0.140416
0.140426
0.140435
0.140442
0.140448
0.140453
0.140455
0.140456
0.140454
0.14045
0.140445
0.140439
0.140433
0.140426
0.140418
0.140411
0.140403
0.140396
0.140388
0.140381
0.140376
0.14009
0.140094
0.140096
0.140095
0.140092
0.140085
0.140077
0.140066
0.140054
0.140034
0.140031
0.140034
0.140038
0.140043
0.140047
0.140052
0.140057
0.140063
0.140068
0.140074
0.140081
0.140087
0.140093
0.140099
0.140105
0.14011
0.140115
0.140121
0.140127
0.140132
0.140137
0.140142
0.140148
0.140153
0.140158
0.140163
0.140169
0.140174
0.140179
0.140084
0.140076
0.140064
0.140048
0.140025
0.140009
0.140026
0.140093
0.14015
0.1402
0.140242
0.140281
0.140315
0.140344
0.140365
0.140381
0.140392
0.140399
0.140404
0.140406
0.140407
0.140405
0.140402
0.140396
0.140388
0.140379
0.140369
0.14036
0.140351
0.140343
0.140336
0.140331
0.140328
0.140326
0.140326
0.140329
0.140333
0.140341
0.140351
0.140077
0.14008
0.140081
0.140079
0.140075
0.140068
0.140059
0.140047
0.140035
0.14002
0.140017
0.140018
0.14002
0.140023
0.140026
0.14003
0.140034
0.140038
0.140043
0.140048
0.140053
0.140059
0.140065
0.14007
0.140076
0.140081
0.140086
0.140091
0.140097
0.140102
0.140108
0.140114
0.14012
0.140126
0.140132
0.140138
0.140145
0.140152
0.140159
0.140072
0.140065
0.140054
0.14004
0.140019
0.140008
0.140031
0.140093
0.140148
0.140204
0.140252
0.140292
0.14032
0.140337
0.140346
0.140349
0.140347
0.140344
0.140339
0.140333
0.140326
0.140319
0.14031
0.140302
0.140295
0.14029
0.140289
0.140292
0.140297
0.140306
0.140319
0.140336
0.140358
0.140382
0.14041
0.14044
0.140475
0.140515
0.140553
0.140063
0.140065
0.140065
0.140063
0.140058
0.140051
0.140042
0.140031
0.140019
0.140012
0.14001
0.140011
0.140012
0.140013
0.140014
0.140014
0.140016
0.140018
0.14002
0.140024
0.140027
0.140031
0.140036
0.14004
0.140044
0.140048
0.140053
0.140057
0.140063
0.140068
0.140073
0.140078
0.140083
0.140089
0.140094
0.1401
0.140107
0.140115
0.140123
0.140059
0.140053
0.140044
0.140032
0.140014
0.140009
0.140033
0.140086
0.140144
0.140206
0.14025
0.140275
0.140283
0.140281
0.140274
0.140265
0.140257
0.140251
0.140247
0.140245
0.140245
0.140248
0.140252
0.140264
0.140283
0.140309
0.14034
0.140375
0.140412
0.14045
0.140489
0.140528
0.140566
0.140603
0.140639
0.140675
0.140711
0.140748
0.140781
0.140047
0.140048
0.140048
0.140045
0.140041
0.140034
0.140026
0.140017
0.140007
0.140008
0.14001
0.140013
0.140015
0.140017
0.140018
0.140019
0.140019
0.14002
0.14002
0.140021
0.140022
0.140023
0.140024
0.140025
0.140026
0.140027
0.140029
0.140032
0.140036
0.140039
0.140043
0.140047
0.140052
0.140057
0.140063
0.140069
0.140076
0.140083
0.140092
0.140044
0.14004
0.140033
0.140023
0.140009
0.140009
0.140031
0.140071
0.140134
0.140188
0.140209
0.140206
0.140196
0.140188
0.140187
0.140188
0.140198
0.140214
0.140234
0.140257
0.140283
0.140312
0.140346
0.140387
0.140431
0.140475
0.140516
0.140555
0.14059
0.140622
0.14065
0.140674
0.140695
0.140712
0.140727
0.140739
0.140748
0.140755
0.140759
0.140029
0.14003
0.140029
0.140027
0.140024
0.140019
0.140013
0.140007
0.140002
0.140006
0.14001
0.140014
0.140018
0.14002
0.140022
0.140022
0.140022
0.140022
0.140021
0.140021
0.14002
0.140021
0.140022
0.140023
0.140025
0.140028
0.140031
0.140035
0.14004
0.140043
0.140048
0.140053
0.140059
0.140066
0.140073
0.140081
0.140089
0.140099
0.14011
0.140028
0.140025
0.14002
0.140014
0.140005
0.140007
0.140024
0.140048
0.140107
0.140123
0.140118
0.140108
0.140121
0.140151
0.14019
0.14023
0.140268
0.140303
0.140335
0.140365
0.140392
0.140419
0.140446
0.140472
0.140495
0.140513
0.140527
0.140536
0.140542
0.140544
0.140543
0.14054
0.140534
0.140526
0.140516
0.140504
0.14049
0.140473
0.140454
0.14001
0.14001
0.14001
0.140009
0.140007
0.140005
0.140003
0.140001
0.140001
0.140003
0.140007
0.140014
0.140023
0.140033
0.140042
0.14005
0.140057
0.140064
0.140069
0.140073
0.140077
0.140079
0.14008
0.140081
0.140081
0.14008
0.140078
0.140076
0.140073
0.14007
0.140069
0.140069
0.140071
0.140074
0.140078
0.140083
0.140089
0.140097
0.140105
0.14001
0.140009
0.140007
0.140005
0.140001
0.140003
0.14001
0.140017
0.140042
0.140022
0.140039
0.140074
0.140114
0.140149
0.140177
0.1402
0.140217
0.140229
0.140238
0.140243
0.140246
0.140247
0.140244
0.140239
0.140232
0.140225
0.140216
0.140207
0.140198
0.140189
0.14018
0.14017
0.140161
0.140151
0.14014
0.14013
0.140118
0.140106
0.140097
0.111463
0.137418
0.237346
0.592823
1.20715
1.85821
2.44136
2.94015
3.35334
3.67995
3.92777
4.10571
4.22545
4.30383
4.36275
4.4257
4.52157
4.6884
4.91696
5.15434
5.3692
5.52317
5.57639
5.50031
5.27671
4.8936
4.34892
3.65927
2.86532
2.03454
1.26344
0.663863
0.29321
0.127134
0.0881754
0.100922
0.121863
0.135435
0.140863
0.141815
0.141362
0.140879
0.140646
0.14057
0.140544
0.140523
0.140496
0.140465
0.140433
0.140402
0.140371
0.140343
0.140317
0.140292
0.140271
0.140254
0.140241
0.140233
0.140229
0.140228
0.140228
0.140229
0.14023
0.14023
0.14023
0.140229
0.140227
0.140227
0.140229
0.14023
0.140226
0.140218
0.140207
0.140197
0.140181
0.140163
0.140128
0.140098
0.140116
0.140112
0.110211
0.0921387
0.0911634
0.0949417
0.102604
0.110428
0.116723
0.121641
0.125432
0.128353
0.130625
0.132408
0.133821
0.13495
0.135861
0.136603
0.137208
0.137704
0.138115
0.138456
0.138741
0.138985
0.139194
0.139379
0.139556
0.139738
0.139908
0.140036
0.140118
0.140168
0.140199
0.140218
0.14023
0.140237
0.14024
0.140239
0.140235
0.140229
0.140221
0.140211
0.140201
0.140189
0.140176
0.140163
0.140149
0.140136
0.140125
0.140115
0.140108
0.140105
0.140104
0.140106
0.140111
0.140121
0.140131
0.140142
0.140154
0.14017
0.140193
0.14022
0.140252
0.140284
0.140313
0.140337
0.140358
0.140379
0.140407
0.140445
0.140488
0.140532
0.140564
0.140552
0.140476
0.14037
0.140362
0.140582
0.1408
0.140755
0.140437
0.140091
0.110681
0.109985
0.109421
0.136224
0.230835
0.406079
0.677017
1.05792
1.51994
2.01168
2.49413
2.94575
3.35507
3.71431
4.01588
4.2533
4.42606
4.53986
4.60742
4.65327
4.71323
4.83603
5.03654
5.23007
5.34001
5.30568
5.08339
4.64842
4.00071
3.17312
2.24377
1.35315
0.665494
0.269292
0.116445
0.0926764
0.110196
0.128754
0.138499
0.141497
0.141601
0.141113
0.140783
0.140648
0.1406
0.14057
0.140538
0.140503
0.140467
0.140431
0.140397
0.140365
0.140335
0.140307
0.140284
0.140265
0.140252
0.140245
0.14024
0.140237
0.140236
0.140236
0.140235
0.140234
0.140233
0.140231
0.140227
0.140225
0.140227
0.140229
0.140226
0.140218
0.140207
0.140197
0.140183
0.140165
0.140132
0.140103
0.140119
0.140118
0.109374
0.112828
0.116815
0.120651
0.124018
0.126736
0.128956
0.13078
0.132278
0.133516
0.134546
0.135409
0.136135
0.136746
0.137262
0.137698
0.138067
0.138383
0.138656
0.138892
0.139099
0.13928
0.139442
0.139593
0.139741
0.139885
0.140009
0.140102
0.140164
0.140205
0.140229
0.140243
0.14025
0.140253
0.140253
0.14025
0.140244
0.140236
0.140227
0.140216
0.140204
0.140192
0.140178
0.140164
0.14015
0.140136
0.140124
0.140113
0.140105
0.140101
0.140099
0.140102
0.140111
0.140122
0.140132
0.140143
0.140157
0.140174
0.140198
0.140226
0.140259
0.14029
0.140318
0.140342
0.140362
0.140383
0.140413
0.140452
0.140496
0.140539
0.140567
0.140549
0.140467
0.140364
0.140373
0.140605
0.140812
0.140748
0.140422
0.140088
0.126155
0.123663
0.121582
0.122087
0.115243
0.0913247
0.0454154
0.0541299
0.274914
0.72578
1.30138
1.90513
2.47903
2.99256
3.4313
3.79028
4.07041
4.27637
4.41569
4.49852
4.5388
4.55729
4.58222
4.65753
4.80857
4.96653
5.04222
4.95129
4.63186
4.05539
3.23744
2.2625
1.31198
0.606178
0.235912
0.113364
0.103037
0.120433
0.134351
0.140314
0.141596
0.141336
0.140951
0.140748
0.140666
0.140623
0.140585
0.140545
0.140504
0.140463
0.140424
0.140388
0.140353
0.140323
0.140298
0.140278
0.140264
0.140257
0.140252
0.140248
0.140246
0.140243
0.140241
0.140239
0.140236
0.140234
0.140228
0.140224
0.140225
0.140228
0.140225
0.140218
0.140208
0.140198
0.140184
0.140168
0.140136
0.140107
0.140123
0.140125
0.128967
0.13145
0.132514
0.133422
0.134207
0.134852
0.135412
0.135929
0.136407
0.136844
0.137242
0.137605
0.137932
0.138224
0.138481
0.138704
0.138897
0.139063
0.139208
0.139337
0.139454
0.139564
0.139674
0.139786
0.139897
0.14
0.140085
0.140151
0.140198
0.14023
0.140249
0.140259
0.140263
0.140264
0.140261
0.140256
0.140248
0.140239
0.140229
0.140217
0.140204
0.140191
0.140177
0.140162
0.140147
0.140132
0.140118
0.140107
0.140099
0.140095
0.140095
0.140099
0.140111
0.140122
0.140133
0.140145
0.140161
0.14018
0.140205
0.140234
0.140266
0.140297
0.140324
0.140347
0.140366
0.140388
0.140419
0.140461
0.140505
0.140547
0.14057
0.140545
0.140458
0.140359
0.140388
0.14063
0.140823
0.14074
0.140407
0.140084
0.143156
0.142124
0.124013
0.0912621
0.0647284
0.0848011
0.196128
0.434862
0.810142
1.28516
1.80352
2.31816
2.79856
3.22766
3.59717
3.90391
4.14749
4.32918
4.45154
4.51875
4.53757
4.51945
4.48285
4.46018
4.49492
4.59327
4.71248
4.77914
4.70663
4.41777
3.8628
3.04037
2.04642
1.11365
0.482836
0.193391
0.114559
0.1151
0.129317
0.138167
0.141164
0.141464
0.141133
0.140872
0.140746
0.140682
0.140634
0.140588
0.140542
0.140496
0.140453
0.140412
0.140375
0.140342
0.140315
0.140293
0.140279
0.140271
0.140265
0.14026
0.140256
0.140252
0.140248
0.140245
0.14024
0.140236
0.140229
0.140223
0.140224
0.140226
0.140225
0.140218
0.140208
0.140198
0.140186
0.140171
0.140141
0.140113
0.140126
0.140132
0.13747
0.135901
0.13737
0.138032
0.137902
0.137933
0.138105
0.138263
0.138414
0.138576
0.138741
0.138904
0.139061
0.139205
0.139332
0.139439
0.139526
0.139596
0.139653
0.139705
0.139757
0.139814
0.13988
0.139951
0.140021
0.140085
0.140139
0.140184
0.140218
0.140241
0.140256
0.140263
0.140266
0.140265
0.140261
0.140255
0.140247
0.140237
0.140226
0.140214
0.1402
0.140186
0.140171
0.140155
0.14014
0.140125
0.140111
0.1401
0.140093
0.14009
0.140091
0.140098
0.14011
0.140123
0.140135
0.140149
0.140166
0.140187
0.140213
0.140242
0.140274
0.140304
0.14033
0.140352
0.140371
0.140392
0.140426
0.140469
0.140514
0.140554
0.140572
0.140539
0.140447
0.140355
0.140406
0.140656
0.140834
0.140731
0.140391
0.14008
0.112259
0.116211
0.201237
0.376528
0.627513
0.933711
1.27644
1.64006
2.0124
2.38397
2.74627
3.0916
3.41334
3.70601
3.96497
4.18614
4.36592
4.50129
4.59018
4.63212
4.6291
4.58701
4.51667
4.4386
4.39554
4.3992
4.44851
4.5108
4.52242
4.40332
4.07616
3.48379
2.62614
1.64432
0.819778
0.341117
0.157223
0.119498
0.125803
0.135554
0.140262
0.141406
0.141288
0.141016
0.140846
0.140754
0.140691
0.140635
0.140581
0.14053
0.140483
0.140439
0.140398
0.140363
0.140334
0.140311
0.140295
0.140284
0.140278
0.140272
0.140267
0.140261
0.140256
0.14025
0.140245
0.14024
0.140231
0.140222
0.140222
0.140225
0.140224
0.140219
0.140209
0.140199
0.140188
0.140174
0.140145
0.140118
0.14013
0.14014
0.138747
0.144663
0.139088
0.138168
0.139139
0.139262
0.139192
0.139263
0.139353
0.139436
0.139528
0.139626
0.13972
0.139806
0.139875
0.139925
0.139956
0.139973
0.139982
0.13999
0.140003
0.140025
0.140056
0.140091
0.140126
0.140157
0.140187
0.140213
0.140234
0.140249
0.140257
0.140261
0.140262
0.14026
0.140256
0.140249
0.140241
0.140231
0.14022
0.140207
0.140193
0.140179
0.140163
0.140147
0.140132
0.140117
0.140104
0.140093
0.140087
0.140086
0.14009
0.140098
0.140109
0.140124
0.140138
0.140153
0.140172
0.140194
0.14022
0.140251
0.140282
0.140311
0.140336
0.140356
0.140375
0.140398
0.140433
0.140478
0.140523
0.140561
0.140573
0.140532
0.140435
0.140353
0.140427
0.140684
0.140844
0.140719
0.140375
0.140075
0.21517
0.418044
0.68061
0.978136
1.29346
1.61402
1.93179
2.24216
2.54309
2.83395
3.11449
3.38396
3.64069
3.88186
4.10353
4.30072
4.46775
4.59874
4.68845
4.73307
4.73171
4.68616
4.60422
4.5057
4.4061
4.32895
4.29121
4.28886
4.28732
4.22515
4.02779
3.62135
2.95188
2.05822
1.16113
0.531344
0.230996
0.137961
0.12659
0.133538
0.139105
0.141124
0.141358
0.141147
0.140956
0.140839
0.140759
0.140692
0.140628
0.140569
0.140514
0.140465
0.140422
0.140385
0.140354
0.140331
0.140312
0.1403
0.140292
0.140285
0.140278
0.140271
0.140264
0.140257
0.140249
0.140243
0.140233
0.140222
0.14022
0.140223
0.140224
0.140219
0.140209
0.1402
0.14019
0.140178
0.14015
0.140124
0.140135
0.140149
0.11546
0.129175
0.14393
0.14047
0.138838
0.139569
0.139765
0.139732
0.139789
0.139866
0.139942
0.140021
0.140098
0.140163
0.140209
0.140233
0.140238
0.14023
0.140216
0.140202
0.140194
0.140193
0.1402
0.140209
0.140217
0.140226
0.140235
0.140245
0.140254
0.14026
0.140263
0.140262
0.14026
0.140256
0.14025
0.140243
0.140234
0.140224
0.140212
0.1402
0.140186
0.140171
0.140155
0.14014
0.140125
0.14011
0.140098
0.140089
0.140084
0.140084
0.140089
0.140098
0.14011
0.140127
0.140142
0.140158
0.140178
0.140201
0.140229
0.140259
0.14029
0.140318
0.140341
0.140361
0.140379
0.140403
0.14044
0.140488
0.140532
0.140567
0.140573
0.140523
0.140423
0.140352
0.140451
0.140712
0.140852
0.140707
0.140359
0.140069
0.43548
0.682
0.938155
1.20278
1.47217
1.74272
2.01186
2.27798
2.54027
2.79843
3.05241
3.30202
3.54645
3.78383
4.01087
4.22268
4.41282
4.5738
4.69768
4.77753
4.80883
4.78838
4.71735
4.60493
4.46759
4.32828
4.21106
4.12974
4.07415
4.00438
3.85872
3.56629
3.05654
2.30337
1.43556
0.723741
0.323389
0.169475
0.133129
0.133229
0.138167
0.14074
0.141342
0.141236
0.141046
0.140913
0.140822
0.140749
0.14068
0.140615
0.140553
0.140498
0.140449
0.140408
0.140375
0.14035
0.140331
0.140317
0.140307
0.140299
0.14029
0.140281
0.140272
0.140264
0.140255
0.140247
0.140236
0.140222
0.140219
0.140222
0.140224
0.14022
0.14021
0.140201
0.140193
0.140182
0.140156
0.14013
0.140139
0.140157
0.202864
0.117914
0.133175
0.143173
0.140105
0.139262
0.139811
0.139946
0.139967
0.140042
0.140128
0.140213
0.140291
0.140355
0.140397
0.140414
0.14041
0.140393
0.140371
0.140348
0.14033
0.140317
0.140309
0.140302
0.140294
0.140287
0.140282
0.14028
0.140279
0.140277
0.140274
0.140269
0.140263
0.140255
0.140247
0.140239
0.140229
0.140218
0.140206
0.140193
0.140179
0.140165
0.14015
0.140134
0.140119
0.140106
0.140094
0.140086
0.140083
0.140084
0.14009
0.1401
0.140113
0.14013
0.140147
0.140164
0.140185
0.140209
0.140237
0.140267
0.140297
0.140324
0.140347
0.140365
0.140383
0.140408
0.140448
0.140498
0.140542
0.140573
0.140571
0.140513
0.140411
0.140354
0.140479
0.14074
0.140859
0.140692
0.140341
0.140062
0.512092
0.716682
0.922819
1.13873
1.36587
1.60136
1.84195
2.085
2.32861
2.57174
2.81401
3.05553
3.2964
3.53622
3.77335
4.00439
4.22383
4.42397
4.5957
4.72961
4.81469
4.83999
4.80148
4.7026
4.55484
4.3777
4.19665
4.0363
3.90762
3.79439
3.65124
3.41526
3.01585
2.39797
1.61444
0.886763
0.418653
0.209142
0.1448
0.135015
0.137823
0.14047
0.141355
0.141354
0.141154
0.140986
0.140871
0.140786
0.140715
0.140651
0.140591
0.140535
0.140483
0.140437
0.140399
0.14037
0.140349
0.140335
0.140323
0.140314
0.140304
0.140293
0.140282
0.140272
0.140261
0.140252
0.140239
0.140223
0.140218
0.140221
0.140223
0.14022
0.140212
0.140203
0.140195
0.140186
0.140161
0.140136
0.140145
0.140166
0.280921
0.14173
0.12324
0.139736
0.141557
0.139479
0.139496
0.139852
0.139952
0.140032
0.14014
0.140247
0.140343
0.14042
0.140469
0.140492
0.140492
0.140478
0.140457
0.140435
0.140414
0.140397
0.140382
0.140368
0.140352
0.140336
0.140322
0.140311
0.140304
0.140297
0.140289
0.14028
0.140269
0.140258
0.140248
0.140237
0.140226
0.140214
0.140202
0.140189
0.140176
0.140161
0.140146
0.140131
0.140116
0.140103
0.140093
0.140086
0.140083
0.140086
0.140093
0.140104
0.140118
0.140134
0.140152
0.140171
0.140193
0.140218
0.140246
0.140276
0.140305
0.140331
0.140352
0.140369
0.140388
0.140414
0.140457
0.140508
0.140551
0.140578
0.140568
0.140501
0.140399
0.140359
0.140511
0.140769
0.140865
0.140676
0.140323
0.140054
0.464098
0.618946
0.779768
0.955724
1.15026
1.36102
1.58303
1.81187
2.04421
2.27787
2.51182
2.746
2.98102
3.21774
3.4566
3.69675
3.93528
4.16647
4.38184
4.57131
4.71938
4.80884
4.82852
4.77422
4.6497
4.46755
4.24916
4.02203
3.81194
3.62851
3.45128
3.23008
2.8972
2.38667
1.70277
1.00564
0.505084
0.25207
0.160234
0.138584
0.137937
0.140209
0.141354
0.141525
0.141354
0.141149
0.140983
0.140855
0.140753
0.140671
0.140606
0.140553
0.140507
0.140466
0.140429
0.140396
0.140371
0.140353
0.14034
0.14033
0.140319
0.140306
0.140293
0.140281
0.140268
0.140258
0.140243
0.140225
0.140218
0.140221
0.140224
0.140222
0.140214
0.140205
0.140198
0.14019
0.140166
0.140143
0.14015
0.140175
0.283769
0.15805
0.124304
0.13559
0.141151
0.139922
0.139331
0.139599
0.139793
0.139903
0.140028
0.140159
0.14028
0.140378
0.140445
0.140481
0.140493
0.140491
0.140479
0.140464
0.140448
0.140432
0.140418
0.140401
0.140383
0.140364
0.140348
0.140335
0.140325
0.140315
0.140303
0.14029
0.140276
0.140263
0.14025
0.140238
0.140226
0.140214
0.140201
0.140188
0.140175
0.140161
0.140146
0.14013
0.140116
0.140104
0.140094
0.140088
0.140086
0.14009
0.140098
0.14011
0.140124
0.14014
0.140159
0.140179
0.140201
0.140227
0.140255
0.140285
0.140313
0.140337
0.140357
0.140374
0.140392
0.140421
0.140467
0.140519
0.140561
0.140582
0.140563
0.140487
0.140387
0.140367
0.140545
0.140798
0.140868
0.140657
0.140304
0.140044
0.365803
0.475754
0.595361
0.733531
0.894664
1.08007
1.28396
1.50024
1.72394
1.95143
2.18039
2.40973
2.6395
2.87063
3.10465
3.34292
3.58574
3.83118
4.07388
4.30577
4.51333
4.67383
4.76891
4.78598
4.71939
4.57195
4.35602
4.09371
3.81414
3.5452
3.298
3.05114
2.74769
2.31426
1.72264
1.07907
0.575259
0.294424
0.178915
0.1444
0.138741
0.139799
0.140998
0.141425
0.141428
0.141302
0.141156
0.141013
0.140877
0.140754
0.14065
0.14057
0.140512
0.140472
0.140444
0.14042
0.140396
0.140376
0.14036
0.140348
0.140335
0.140321
0.140306
0.140291
0.140277
0.140265
0.140248
0.140228
0.140219
0.140222
0.140225
0.140224
0.140217
0.140209
0.140202
0.140194
0.140172
0.14015
0.140157
0.140184
0.241503
0.155036
0.128958
0.135199
0.14039
0.140249
0.139625
0.139662
0.139808
0.139899
0.139995
0.140115
0.140229
0.140326
0.140397
0.14044
0.140458
0.140462
0.140458
0.14045
0.140441
0.140431
0.14042
0.140406
0.140389
0.140372
0.140356
0.140344
0.140333
0.140322
0.14031
0.140295
0.14028
0.140266
0.140252
0.14024
0.140227
0.140215
0.140202
0.14019
0.140176
0.140162
0.140146
0.140131
0.140118
0.140106
0.140097
0.140092
0.140092
0.140096
0.140105
0.140118
0.140132
0.140147
0.140168
0.140188
0.14021
0.140237
0.140265
0.140294
0.140321
0.140344
0.140362
0.140378
0.140398
0.140429
0.140477
0.140531
0.14057
0.140585
0.140556
0.140473
0.140377
0.140381
0.140584
0.140827
0.140868
0.140637
0.140284
0.140034
0.267532
0.338386
0.419063
0.517481
0.639601
0.789622
0.967012
1.16506
1.37718
1.59808
1.8238
2.05166
2.28018
2.50902
2.739
2.97187
3.20972
3.45406
3.70428
3.95661
4.20427
4.42649
4.59887
4.70126
4.71885
4.64369
4.47636
4.2276
3.91889
3.58024
3.24275
2.92311
2.60152
2.21339
1.70094
1.11736
0.626381
0.330886
0.198505
0.152948
0.141664
0.140376
0.140802
0.141072
0.14112
0.1411
0.141069
0.14103
0.14097
0.140885
0.14078
0.140671
0.140572
0.140494
0.140446
0.140421
0.140408
0.140398
0.140386
0.140371
0.140354
0.140338
0.140321
0.140304
0.140287
0.140273
0.140255
0.140234
0.140223
0.140224
0.140227
0.140227
0.140221
0.140212
0.140205
0.140198
0.140177
0.140156
0.140163
0.140193
0.192605
0.145465
0.133251
0.137262
0.140415
0.140567
0.140201
0.140146
0.140201
0.140246
0.140297
0.140363
0.140432
0.140489
0.140525
0.140536
0.140528
0.140509
0.140488
0.140471
0.140456
0.14044
0.140425
0.140408
0.14039
0.140374
0.140359
0.140346
0.140334
0.140322
0.140309
0.140295
0.140281
0.140267
0.140254
0.140241
0.140229
0.140216
0.140204
0.140192
0.140179
0.140164
0.140149
0.140134
0.140122
0.140111
0.140102
0.140098
0.140099
0.140104
0.140113
0.140126
0.140141
0.140156
0.140177
0.140197
0.140221
0.140247
0.140275
0.140303
0.140329
0.14035
0.140367
0.140383
0.140403
0.140437
0.140488
0.140543
0.140579
0.140586
0.140547
0.140457
0.140369
0.140401
0.140625
0.140854
0.140866
0.140615
0.140263
0.140026
0.195941
0.235282
0.282587
0.343025
0.422713
0.527916
0.663623
0.829633
1.01935
1.22602
1.44406
1.66912
1.89798
2.12841
2.35934
2.59092
2.82453
3.06253
3.30742
3.56018
3.81916
4.07875
4.31339
4.49731
4.60841
4.6294
4.54933
4.36562
4.08603
3.72979
3.32675
2.91228
2.51126
2.1099
1.65363
1.13561
0.667175
0.360771
0.213953
0.160231
0.14547
0.142684
0.142229
0.141827
0.141358
0.140993
0.140791
0.140721
0.140725
0.14075
0.140763
0.140745
0.140691
0.140609
0.14052
0.14045
0.140412
0.1404
0.1404
0.140395
0.140379
0.140359
0.140338
0.140318
0.140299
0.140283
0.140263
0.14024
0.140228
0.140227
0.140231
0.140231
0.140225
0.140217
0.140209
0.140203
0.140183
0.140163
0.140171
0.140203
0.158883
0.139777
0.137038
0.139708
0.141114
0.141121
0.140921
0.140848
0.140828
0.140816
0.140818
0.140835
0.140857
0.14087
0.140864
0.140836
0.140792
0.14074
0.140688
0.14064
0.140596
0.140555
0.140517
0.140481
0.140448
0.140418
0.140391
0.14037
0.140352
0.140334
0.140317
0.1403
0.140284
0.14027
0.140257
0.140244
0.140231
0.140219
0.140207
0.140195
0.140181
0.140167
0.140152
0.140139
0.140127
0.140117
0.14011
0.140106
0.140107
0.140113
0.140124
0.140137
0.140151
0.140168
0.140188
0.140209
0.140232
0.140258
0.140286
0.140313
0.140337
0.140357
0.140373
0.140388
0.14041
0.140447
0.140501
0.140556
0.140588
0.140586
0.140536
0.140441
0.140365
0.140428
0.140668
0.14088
0.140861
0.140591
0.140242
0.140023
0.157677
0.174927
0.197685
0.228356
0.270922
0.33127
0.416299
0.532156
0.680836
0.857014
1.05421
1.26667
1.48966
1.71935
1.95271
2.18762
2.42311
2.65961
2.89899
3.14412
3.39735
3.65919
3.92753
4.17318
4.3688
4.49025
4.5176
4.4366
4.24081
3.93378
3.53099
3.06104
2.56211
2.06898
1.59466
1.12999
0.70589
0.398202
0.231084
0.163602
0.144749
0.142444
0.143242
0.143499
0.143023
0.142275
0.141563
0.141001
0.140631
0.140453
0.14042
0.140473
0.140554
0.140613
0.14062
0.140573
0.140499
0.14044
0.140411
0.140403
0.140398
0.140383
0.140361
0.140337
0.140314
0.140295
0.140273
0.140249
0.140234
0.140232
0.140235
0.140236
0.140231
0.140223
0.140214
0.140207
0.140188
0.14017
0.140179
0.140212
0.144164
0.139484
0.140329
0.141802
0.142184
0.142011
0.14183
0.141716
0.141624
0.141546
0.141489
0.141451
0.14142
0.141385
0.141333
0.141263
0.141178
0.141089
0.141001
0.140919
0.140844
0.140775
0.140711
0.140651
0.140596
0.140546
0.140501
0.140462
0.140427
0.140395
0.140365
0.140337
0.140313
0.140291
0.140273
0.140257
0.140242
0.140227
0.140213
0.140199
0.140184
0.140171
0.140157
0.140144
0.140133
0.140124
0.140118
0.140116
0.140119
0.140125
0.140136
0.140148
0.140164
0.140181
0.1402
0.140221
0.140245
0.140271
0.140298
0.140324
0.140346
0.140364
0.140378
0.140394
0.140418
0.140458
0.140515
0.140569
0.140596
0.140583
0.140522
0.140424
0.140364
0.140461
0.140713
0.140903
0.140852
0.140564
0.14022
0.140023
0.144459
0.149539
0.157547
0.169522
0.187266
0.214059
0.255227
0.317907
0.409183
0.534019
0.689742
0.871073
1.07252
1.2892
1.51686
1.75176
1.99072
2.23138
2.47267
2.71514
2.96094
3.21334
3.4753
3.74769
4.00239
4.20971
4.34317
4.38007
4.30268
4.10017
3.77097
3.3257
2.78926
2.1981
1.60845
1.10066
0.714902
0.439202
0.266241
0.178369
0.144729
0.137089
0.138271
0.140869
0.142633
0.143265
0.143098
0.142558
0.141896
0.141235
0.140692
0.140348
0.140215
0.140253
0.140386
0.140523
0.140591
0.140574
0.140508
0.140446
0.140412
0.140396
0.140381
0.140359
0.140334
0.140311
0.140285
0.140259
0.140243
0.140239
0.140242
0.140242
0.140237
0.140229
0.14022
0.140212
0.140194
0.140177
0.140187
0.140221
0.141703
0.141914
0.143049
0.14358
0.143466
0.14318
0.142942
0.142748
0.142572
0.142417
0.142289
0.142185
0.142092
0.141998
0.141893
0.141773
0.141644
0.141514
0.141388
0.141271
0.141163
0.141063
0.14097
0.140884
0.140804
0.140732
0.140666
0.140608
0.140554
0.140506
0.140461
0.14042
0.140384
0.140352
0.140323
0.140298
0.140274
0.140253
0.140233
0.140214
0.140196
0.140183
0.140169
0.140156
0.140145
0.140136
0.14013
0.140129
0.140132
0.140141
0.140152
0.140165
0.14018
0.140196
0.140215
0.140235
0.140259
0.140285
0.140311
0.140335
0.140356
0.140372
0.140385
0.140401
0.140428
0.140471
0.14053
0.140583
0.140602
0.140578
0.140507
0.140408
0.140369
0.140501
0.14076
0.140924
0.14084
0.140536
0.1402
0.140027
0.143612
0.144088
0.145512
0.148378
0.153402
0.161837
0.176102
0.200489
0.241494
0.306641
0.402757
0.530954
0.688388
0.870825
1.07387
1.29332
1.52513
1.76538
2.01044
2.25746
2.50496
2.75342
3.00546
3.26537
3.53581
3.79591
4.0142
4.16134
4.21148
4.14317
3.94078
3.5971
3.11663
2.51576
1.82943
1.16411
0.68604
0.430101
0.294401
0.213177
0.166172
0.14336
0.135443
0.134721
0.1364
0.138587
0.140615
0.142061
0.142709
0.142688
0.142253
0.141605
0.140938
0.140416
0.140142
0.140129
0.140296
0.140491
0.140593
0.140579
0.140504
0.140436
0.140397
0.140375
0.140353
0.14033
0.140302
0.140273
0.140253
0.140247
0.140249
0.14025
0.140245
0.140237
0.140227
0.140218
0.1402
0.140184
0.140196
0.140231
0.143912
0.144677
0.145149
0.145105
0.144789
0.14445
0.144153
0.143882
0.143629
0.143399
0.143197
0.143019
0.142855
0.142694
0.142526
0.142349
0.14217
0.141994
0.141828
0.141674
0.141531
0.141399
0.141276
0.141162
0.141056
0.14096
0.140872
0.140792
0.140719
0.140652
0.140591
0.140536
0.140486
0.140441
0.140401
0.140366
0.140333
0.140304
0.140277
0.140253
0.140231
0.140213
0.140195
0.14018
0.140167
0.140158
0.140152
0.140151
0.140154
0.140162
0.140172
0.140184
0.140198
0.140213
0.140231
0.140252
0.140275
0.1403
0.140325
0.140348
0.140366
0.14038
0.140392
0.14041
0.140439
0.140486
0.140547
0.140597
0.140607
0.140571
0.140489
0.140394
0.14038
0.140548
0.140807
0.140941
0.140823
0.140505
0.14018
0.140035
0.146078
0.14581
0.145517
0.145379
0.145674
0.146807
0.149499
0.155269
0.167153
0.190284
0.231587
0.298346
0.39476
0.521136
0.675643
0.85541
1.05717
1.27737
1.51212
1.75717
2.00824
2.26168
2.5153
2.76913
3.02587
3.28821
3.54935
3.77724
3.93958
4.00718
3.95453
3.76104
3.41344
2.90779
2.24909
1.48479
0.790065
0.382817
0.248517
0.212911
0.193061
0.174009
0.156967
0.144191
0.136792
0.134234
0.13448
0.135829
0.137737
0.139852
0.141484
0.142322
0.142448
0.142046
0.141358
0.14067
0.140227
0.140125
0.140273
0.140474
0.140574
0.140553
0.140477
0.140411
0.140371
0.140347
0.14032
0.14029
0.140268
0.140258
0.140259
0.140259
0.140255
0.140246
0.140235
0.140226
0.140207
0.140191
0.140205
0.140241
0.14642
0.146622
0.146532
0.146235
0.14588
0.145547
0.145239
0.144943
0.144657
0.144387
0.144135
0.1439
0.143673
0.143446
0.143215
0.14298
0.142748
0.142524
0.142314
0.14212
0.141941
0.141774
0.141619
0.141476
0.141343
0.141222
0.14111
0.141008
0.140914
0.140828
0.140749
0.140678
0.140614
0.140555
0.140503
0.140456
0.140414
0.140375
0.140341
0.140309
0.140282
0.140258
0.140236
0.140217
0.140202
0.14019
0.140182
0.14018
0.140181
0.140187
0.140195
0.140206
0.140218
0.140233
0.14025
0.14027
0.140293
0.140317
0.140341
0.140361
0.140376
0.140389
0.140401
0.14042
0.140453
0.140503
0.140565
0.140609
0.140609
0.14056
0.14047
0.140383
0.140401
0.140601
0.140853
0.140953
0.140802
0.140472
0.140162
0.140046
0.148053
0.148179
0.148019
0.147631
0.147131
0.146623
0.146212
0.146158
0.147218
0.151243
0.161775
0.184264
0.225172
0.289918
0.381441
0.50072
0.647319
0.819906
1.0165
1.23439
1.47
1.71885
1.97593
2.23639
2.4967
2.75526
3.01218
3.26826
3.50206
3.68021
3.76957
3.74013
3.56606
3.22746
2.71
2.01313
1.21433
0.538157
0.19005
0.123246
0.14366
0.168886
0.175889
0.171656
0.162903
0.152721
0.143194
0.137071
0.134325
0.133764
0.134909
0.137145
0.139457
0.14124
0.142228
0.142357
0.141823
0.141042
0.140437
0.140212
0.140289
0.140447
0.140524
0.1405
0.140434
0.140378
0.140339
0.140307
0.140284
0.140272
0.14027
0.14027
0.140265
0.140256
0.140244
0.140233
0.140215
0.140198
0.140215
0.14025
0.147848
0.147557
0.147185
0.146812
0.14648
0.146191
0.145927
0.145671
0.145421
0.145176
0.144933
0.14469
0.14444
0.144181
0.14391
0.143634
0.143359
0.143094
0.142844
0.142609
0.142391
0.142187
0.141999
0.141824
0.141662
0.141513
0.141376
0.14125
0.141135
0.141029
0.140932
0.140843
0.140763
0.140691
0.140625
0.140566
0.140512
0.140464
0.14042
0.140381
0.140346
0.140316
0.140289
0.140265
0.140246
0.140231
0.14022
0.140214
0.140214
0.140217
0.140223
0.140231
0.140242
0.140256
0.140272
0.140292
0.140314
0.140336
0.140357
0.140375
0.140388
0.140399
0.140411
0.140432
0.140469
0.140523
0.140583
0.140621
0.140608
0.140545
0.14045
0.140378
0.140431
0.140659
0.140898
0.140961
0.140777
0.140438
0.140145
0.140059
0.149187
0.149716
0.150005
0.150178
0.150284
0.150317
0.150161
0.1497
0.148881
0.147936
0.147823
0.150694
0.160139
0.180915
0.217835
0.27494
0.355193
0.460478
0.591807
0.749453
0.932941
1.14081
1.37035
1.61748
1.87692
2.14279
2.40957
2.67238
2.92478
3.1626
3.35907
3.47911
3.48808
3.35399
3.04888
2.54978
1.86285
1.09238
0.455201
0.116116
0.0450643
0.0605745
0.107221
0.144923
0.164728
0.171185
0.169722
0.162834
0.154042
0.145965
0.139428
0.135128
0.133864
0.134921
0.137101
0.139474
0.141283
0.1421
0.141965
0.141316
0.140679
0.140356
0.140331
0.140416
0.140461
0.14044
0.140386
0.140337
0.140304
0.140288
0.140284
0.140284
0.140278
0.140268
0.140255
0.140243
0.140223
0.140205
0.140225
0.140261
0.148495
0.147874
0.147321
0.146867
0.14651
0.146229
0.146002
0.145808
0.145635
0.145469
0.145301
0.145121
0.14492
0.144696
0.144447
0.144181
0.143907
0.143632
0.143362
0.143102
0.142854
0.142619
0.142397
0.142191
0.142
0.141823
0.14166
0.14151
0.141373
0.141246
0.141131
0.141026
0.14093
0.140843
0.140763
0.140691
0.140626
0.140566
0.140513
0.140465
0.140423
0.140385
0.140352
0.140323
0.140298
0.140279
0.140264
0.140255
0.140251
0.140251
0.140254
0.14026
0.140269
0.140282
0.140297
0.140316
0.140337
0.140357
0.140376
0.14039
0.140401
0.14041
0.140423
0.140447
0.140487
0.140544
0.140603
0.14063
0.140603
0.140527
0.140431
0.140379
0.140473
0.14072
0.140939
0.140962
0.140746
0.140402
0.14013
0.140076
0.1506
0.151408
0.152176
0.152903
0.153567
0.154146
0.154605
0.154882
0.15488
0.154486
0.153665
0.152652
0.152223
0.153929
0.160085
0.173585
0.197614
0.235373
0.289899
0.363975
0.460119
0.580486
0.726769
0.899897
1.09961
1.32415
1.56989
1.83112
2.10002
2.36712
2.6183
2.83744
3.00939
3.09787
3.06536
2.87503
2.49898
1.94626
1.3014
0.710954
0.300064
0.0693177
0.0356407
0.00582597
0.0511445
0.0877818
0.122444
0.147203
0.164647
0.168903
0.166618
0.161163
0.152944
0.144141
0.137909
0.135006
0.135037
0.136951
0.13938
0.14119
0.141863
0.141581
0.140945
0.140484
0.140344
0.140377
0.140407
0.14039
0.14035
0.140318
0.140304
0.1403
0.140295
0.140284
0.140269
0.140255
0.140235
0.140212
0.140236
0.140271
0.149432
0.14841
0.147541
0.146822
0.146249
0.145803
0.145473
0.145238
0.145076
0.144967
0.144888
0.144821
0.144747
0.144654
0.144535
0.144387
0.144214
0.144019
0.143806
0.14358
0.143346
0.143109
0.142874
0.142645
0.142426
0.142219
0.142024
0.141844
0.141677
0.141525
0.141385
0.141258
0.141142
0.141036
0.140939
0.14085
0.14077
0.140697
0.140631
0.140572
0.140519
0.140472
0.140431
0.140395
0.140364
0.140339
0.140319
0.140305
0.140297
0.140293
0.140293
0.140297
0.140305
0.140316
0.140331
0.140348
0.140366
0.140384
0.140399
0.14041
0.140418
0.140426
0.14044
0.140469
0.140515
0.140574
0.140626
0.140638
0.140593
0.140505
0.140413
0.140393
0.140535
0.140794
0.140981
0.140957
0.140708
0.140363
0.140124
0.140097
0.152747
0.153414
0.154014
0.154563
0.155067
0.155527
0.155947
0.156323
0.156636
0.156842
0.156857
0.156564
0.155866
0.154788
0.153604
0.152932
0.153793
0.157613
0.16619
0.181647
0.206394
0.243095
0.294704
0.36437
0.455334
0.570798
0.713397
0.88478
1.08485
1.31111
1.55736
1.81396
2.06763
2.29763
2.47787
2.58426
2.57808
2.42478
2.11517
1.68618
1.21355
0.780223
0.433951
0.204393
0.0702943
0.00597603
0.0194413
0.0193801
0.0518013
0.0896973
0.124025
0.147691
0.162317
0.167545
0.164486
0.156193
0.146795
0.139404
0.135699
0.13566
0.137838
0.140292
0.14161
0.141589
0.140967
0.140491
0.14035
0.140354
0.140373
0.140363
0.140341
0.140326
0.140316
0.140303
0.140287
0.14027
0.140248
0.140221
0.140248
0.140282
0.151717
0.150536
0.149312
0.148133
0.147094
0.146203
0.14546
0.144872
0.144414
0.144082
0.143855
0.143711
0.143632
0.143595
0.143582
0.143578
0.143569
0.143547
0.143503
0.143433
0.143337
0.143214
0.14307
0.142908
0.142733
0.14255
0.142366
0.142184
0.142007
0.14184
0.141683
0.141537
0.141402
0.141277
0.141162
0.141056
0.14096
0.140872
0.140792
0.140719
0.140654
0.140595
0.140543
0.140497
0.140457
0.140424
0.140398
0.140378
0.140364
0.140355
0.140351
0.140352
0.140357
0.140366
0.140378
0.140393
0.140408
0.14042
0.14043
0.140436
0.140441
0.140449
0.140467
0.140502
0.140554
0.140612
0.14065
0.14064
0.140575
0.140477
0.1404
0.140425
0.140618
0.140876
0.141019
0.140941
0.14066
0.140322
0.140129
0.14012
0.152742
0.15312
0.153457
0.153746
0.153998
0.154217
0.15441
0.154581
0.154737
0.154879
0.154998
0.155067
0.155029
0.154802
0.154299
0.15346
0.1523
0.150959
0.149749
0.149197
0.150083
0.153478
0.160795
0.173834
0.194854
0.226613
0.272378
0.335896
0.421129
0.532008
0.671644
0.841596
1.04081
1.26358
1.49869
1.72916
1.92918
2.06582
2.1071
2.03804
1.85859
1.59367
1.28254
0.964892
0.67488
0.430149
0.236418
0.105377
0.0227868
0.0225206
0.00654926
0.0420954
0.0777096
0.113205
0.143363
0.161742
0.167587
0.163167
0.153282
0.14315
0.136662
0.135301
0.137487
0.140226
0.141511
0.141347
0.14076
0.140415
0.140337
0.140355
0.140369
0.140361
0.140344
0.140326
0.140306
0.140286
0.140263
0.14023
0.140259
0.140293
0.152355
0.151741
0.150987
0.150127
0.149192
0.148215
0.147231
0.146274
0.145371
0.144574
0.143934
0.143413
0.143019
0.142741
0.142555
0.142453
0.142414
0.142419
0.142452
0.142497
0.142538
0.142568
0.142577
0.142561
0.14252
0.142453
0.142363
0.142255
0.142132
0.142001
0.141865
0.141729
0.141596
0.141469
0.141349
0.141237
0.141133
0.141037
0.140948
0.140867
0.140792
0.140724
0.140662
0.140608
0.14056
0.14052
0.140487
0.14046
0.140441
0.140428
0.14042
0.140417
0.14042
0.140426
0.140434
0.140445
0.140454
0.140461
0.140464
0.140466
0.140468
0.140478
0.140502
0.140543
0.140598
0.14065
0.140669
0.140633
0.140549
0.140451
0.140402
0.140481
0.140714
0.140954
0.141045
0.140913
0.140606
0.140285
0.140146
0.140143
0.151303
0.151489
0.151648
0.151766
0.151852
0.151909
0.151942
0.151954
0.15195
0.151936
0.151915
0.151891
0.151863
0.151822
0.151743
0.151588
0.151306
0.150841
0.150142
0.149186
0.147996
0.146674
0.145432
0.144641
0.144889
0.14705
0.152376
0.162616
0.180088
0.207829
0.24954
0.309555
0.392494
0.502545
0.642334
0.811701
1.00501
1.20914
1.40336
1.5635
1.66656
1.69773
1.65341
1.54046
1.37203
1.16464
0.936102
0.701816
0.481397
0.287332
0.140092
0.0410555
0.0267352
0.00206905
0.042709
0.0852051
0.121166
0.151699
0.166728
0.166739
0.156978
0.144833
0.13696
0.135717
0.138317
0.140738
0.141378
0.141079
0.140629
0.140397
0.140361
0.140376
0.140374
0.140354
0.140329
0.140305
0.140279
0.140241
0.140271
0.140304
0.151282
0.151086
0.150782
0.150378
0.149874
0.14928
0.148608
0.147876
0.147102
0.146311
0.145526
0.144769
0.144061
0.143417
0.142853
0.142396
0.142062
0.141821
0.141672
0.141598
0.14158
0.141607
0.14166
0.141726
0.141792
0.141848
0.141885
0.1419
0.14189
0.141855
0.141797
0.141722
0.141633
0.141537
0.141437
0.141338
0.141242
0.14115
0.141064
0.140983
0.140907
0.140836
0.140771
0.140712
0.14066
0.140615
0.140578
0.140548
0.140525
0.140508
0.140497
0.140492
0.14049
0.140493
0.140497
0.140501
0.140504
0.140504
0.140501
0.140499
0.140501
0.140515
0.140545
0.140592
0.140647
0.140687
0.140679
0.140615
0.140519
0.140432
0.140424
0.140562
0.140817
0.141024
0.141056
0.140873
0.140548
0.140254
0.140176
0.140166
0.14962
0.14967
0.1497
0.149695
0.149662
0.149606
0.149532
0.149445
0.149346
0.149241
0.149132
0.149022
0.148916
0.148815
0.148722
0.148635
0.148547
0.148445
0.148308
0.148104
0.147797
0.147343
0.146702
0.145844
0.144767
0.143523
0.142252
0.141237
0.140977
0.142302
0.146503
0.155484
0.171905
0.199287
0.241926
0.304686
0.392029
0.506619
0.647246
0.807567
0.976179
1.13835
1.27892
1.38483
1.44633
1.45662
1.41244
1.3133
1.16285
0.969298
0.746
0.513636
0.294238
0.125568
0.0204649
0.0217045
0.00954749
0.061727
0.104213
0.144561
0.165559
0.167179
0.155885
0.142831
0.136398
0.136964
0.139674
0.141148
0.141214
0.140787
0.140473
0.140385
0.140387
0.140382
0.140357
0.140327
0.140297
0.140253
0.140283
0.140314
0.149761
0.149761
0.149692
0.149555
0.149343
0.149055
0.148692
0.148259
0.147764
0.147217
0.14663
0.146015
0.145383
0.14475
0.144129
0.143538
0.14299
0.142496
0.142066
0.141706
0.141423
0.141229
0.141115
0.141064
0.141068
0.141109
0.141174
0.14125
0.141324
0.141386
0.141429
0.141449
0.141445
0.141419
0.141375
0.141317
0.14125
0.14118
0.141109
0.14104
0.140973
0.14091
0.14085
0.140795
0.140744
0.140701
0.140663
0.140633
0.140609
0.140591
0.140579
0.140571
0.140566
0.140564
0.140562
0.140559
0.140554
0.140547
0.14054
0.140536
0.140541
0.140561
0.140599
0.140649
0.140698
0.140716
0.140677
0.140587
0.140488
0.140425
0.140469
0.140666
0.140922
0.141082
0.141051
0.14082
0.140486
0.14023
0.140216
0.140188
0.147998
0.147925
0.147843
0.147738
0.147617
0.147484
0.147345
0.147203
0.147062
0.146923
0.146789
0.146661
0.14654
0.146428
0.146325
0.146233
0.146152
0.146082
0.146022
0.145969
0.145916
0.145851
0.145756
0.145609
0.145375
0.145015
0.144486
0.143747
0.142773
0.141594
0.140348
0.139311
0.139027
0.140464
0.145209
0.155659
0.175098
0.207671
0.257765
0.329052
0.423376
0.539861
0.674744
0.821675
0.972518
1.11768
1.24616
1.34564
1.40295
1.40531
1.34197
1.20476
0.99462
0.731353
0.456967
0.211081
0.0541567
0.0297024
0.0202749
0.0513165
0.0990421
0.144278
0.166254
0.164166
0.150105
0.139032
0.136584
0.138346
0.14042
0.141148
0.140891
0.140535
0.140403
0.140392
0.140381
0.140353
0.140319
0.140268
0.140296
0.140325
0.14826
0.148377
0.148432
0.148435
0.148386
0.148281
0.148117
0.147892
0.147608
0.14727
0.146885
0.146459
0.145999
0.145513
0.145009
0.144495
0.143981
0.143478
0.142995
0.14254
0.142124
0.141756
0.141441
0.141184
0.140985
0.140847
0.140773
0.140757
0.140783
0.140839
0.140911
0.140987
0.141056
0.141108
0.14114
0.141149
0.141138
0.141111
0.141072
0.141027
0.140979
0.140932
0.140887
0.140844
0.140804
0.140768
0.140737
0.140711
0.14069
0.140673
0.14066
0.14065
0.140642
0.140634
0.140626
0.140616
0.140604
0.140592
0.140582
0.140579
0.14059
0.140618
0.140662
0.140711
0.140745
0.140734
0.14066
0.140552
0.140464
0.140441
0.140549
0.140787
0.141021
0.141122
0.141027
0.140755
0.140424
0.140226
0.140266
0.140208
0.146366
0.146185
0.146022
0.145857
0.145694
0.145535
0.145383
0.14524
0.145107
0.144986
0.144877
0.144778
0.144692
0.144616
0.14455
0.144495
0.144449
0.144413
0.144386
0.144368
0.14436
0.144361
0.14437
0.144383
0.144396
0.144397
0.144373
0.144299
0.144148
0.143889
0.143477
0.142862
0.142012
0.140956
0.139855
0.139123
0.139579
0.142667
0.150611
0.166408
0.193657
0.236038
0.296878
0.378615
0.482462
0.608162
0.753685
0.914514
1.08225
1.24436
1.38443
1.47979
1.49926
1.41272
1.20993
0.914461
0.582655
0.277735
0.0765661
0.033481
0.0185621
0.0547626
0.111236
0.154861
0.16822
0.156979
0.142535
0.136048
0.136754
0.139457
0.140955
0.140994
0.140624
0.140428
0.140387
0.140371
0.140341
0.140285
0.14031
0.140336
0.146764
0.147006
0.147169
0.14727
0.147321
0.147328
0.147291
0.147208
0.147073
0.146888
0.146656
0.14638
0.146066
0.145719
0.145346
0.14495
0.144538
0.144115
0.143689
0.143267
0.142855
0.14246
0.14209
0.14175
0.141448
0.141186
0.140972
0.140806
0.140689
0.140619
0.140594
0.140612
0.14066
0.140724
0.140794
0.140857
0.140907
0.140938
0.14095
0.140946
0.140931
0.140908
0.140884
0.14086
0.140837
0.140815
0.140795
0.140778
0.140762
0.140748
0.140735
0.140724
0.140711
0.140698
0.140683
0.140667
0.14065
0.140636
0.140628
0.140632
0.140651
0.140688
0.140734
0.140773
0.140781
0.140734
0.140628
0.140513
0.140453
0.140488
0.140665
0.140917
0.141109
0.141143
0.140984
0.14068
0.14037
0.140245
0.140321
0.140226
0.1447
0.144469
0.144289
0.14413
0.143987
0.143861
0.143751
0.143657
0.143578
0.143515
0.143464
0.143427
0.1434
0.143384
0.143377
0.143379
0.143389
0.143407
0.143432
0.143464
0.143503
0.143549
0.143602
0.143663
0.143733
0.143811
0.143898
0.143995
0.144102
0.144208
0.144294
0.144334
0.144288
0.144106
0.143727
0.143104
0.142239
0.141263
0.14057
0.140968
0.143827
0.151161
0.165666
0.190662
0.229922
0.287446
0.367444
0.474272
0.611075
0.778014
0.972057
1.18681
1.40488
1.58571
1.66822
1.59911
1.3674
1.01626
0.62052
0.26321
0.0366764
0.021859
0.014417
0.0706878
0.129716
0.168586
0.167972
0.152695
0.140674
0.136764
0.138287
0.140273
0.140856
0.140671
0.140467
0.140392
0.140361
0.140306
0.140327
0.140348
0.145201
0.145575
0.145863
0.146072
0.146212
0.1463
0.146347
0.146357
0.146329
0.146261
0.146149
0.145994
0.1458
0.145569
0.145307
0.145019
0.144708
0.144378
0.144035
0.143682
0.143325
0.142969
0.14262
0.142282
0.141962
0.141664
0.141393
0.141155
0.140952
0.140788
0.140664
0.140581
0.140535
0.140523
0.140541
0.140585
0.140644
0.140707
0.140764
0.140809
0.140838
0.140853
0.140857
0.140855
0.14085
0.140844
0.140838
0.140831
0.140822
0.140812
0.140801
0.140788
0.140773
0.140756
0.140737
0.140717
0.140699
0.140687
0.140686
0.140699
0.140727
0.140767
0.140806
0.140825
0.1408
0.140718
0.140592
0.14049
0.140478
0.140584
0.140808
0.141043
0.141173
0.141133
0.140917
0.140597
0.14033
0.14029
0.140382
0.140244
0.143144
0.142949
0.142822
0.142723
0.142645
0.142586
0.142544
0.142518
0.142504
0.142503
0.142513
0.142532
0.142561
0.142598
0.142643
0.142696
0.142757
0.142827
0.142904
0.14299
0.143084
0.143187
0.1433
0.143423
0.143559
0.143703
0.143856
0.144016
0.144184
0.144357
0.144535
0.144714
0.144888
0.145043
0.145156
0.145192
0.145101
0.144823
0.144313
0.143589
0.142816
0.142411
0.143169
0.146444
0.154289
0.169439
0.195445
0.237335
0.302069
0.397099
0.528517
0.703189
0.932139
1.22059
1.53979
1.8107
1.93312
1.84094
1.53426
1.08068
0.572771
0.14034
0.0807249
0.0369216
0.00857524
0.0760846
0.133351
0.16272
0.160709
0.148573
0.14052
0.138934
0.139894
0.140545
0.140577
0.140455
0.140382
0.140319
0.140341
0.140357
0.143642
0.144097
0.144504
0.144844
0.145106
0.145296
0.145426
0.14551
0.145558
0.145572
0.145551
0.145493
0.145397
0.145264
0.145097
0.144899
0.144674
0.144427
0.144159
0.143876
0.143581
0.143278
0.142972
0.142665
0.142364
0.142072
0.141793
0.141532
0.141294
0.141082
0.140899
0.140749
0.140634
0.140553
0.140506
0.14049
0.1405
0.140531
0.140578
0.140638
0.140699
0.140754
0.140797
0.140827
0.140848
0.14086
0.140866
0.140868
0.140865
0.140858
0.140847
0.140832
0.140813
0.140792
0.140769
0.140749
0.140735
0.14073
0.140741
0.140768
0.140807
0.14085
0.140878
0.140867
0.140799
0.140675
0.140533
0.140461
0.14052
0.140705
0.140955
0.141157
0.141225
0.141116
0.140847
0.140516
0.140296
0.140344
0.140437
0.14025
0.1419
0.141843
0.141831
0.141838
0.141859
0.141894
0.141939
0.141994
0.142056
0.142126
0.142202
0.142284
0.14237
0.142462
0.142559
0.142661
0.142769
0.142882
0.143002
0.143129
0.143266
0.143417
0.143577
0.143746
0.14392
0.1441
0.144282
0.144467
0.144653
0.144841
0.145029
0.145218
0.145408
0.145598
0.145788
0.145972
0.146141
0.146277
0.146351
0.14632
0.146143
0.145791
0.145287
0.144772
0.144646
0.145658
0.148838
0.15566
0.169037
0.194251
0.237707
0.304841
0.403077
0.550925
0.776581
1.09113
1.45461
1.77649
1.95618
1.93356
1.70241
1.30495
0.850453
0.46931
0.229534
0.108231
0.0859341
0.108681
0.134216
0.146037
0.145773
0.142288
0.140509
0.14034
0.140493
0.140506
0.140443
0.14037
0.14037
0.140388
0.142164
0.142474
0.142809
0.143143
0.14345
0.143714
0.143929
0.144097
0.144226
0.144321
0.144386
0.144421
0.144426
0.144399
0.144341
0.144254
0.144139
0.143999
0.143838
0.143656
0.143458
0.143246
0.143024
0.142793
0.142559
0.142322
0.142088
0.141858
0.141637
0.141428
0.141235
0.141062
0.140913
0.140792
0.1407
0.140637
0.140601
0.140587
0.140593
0.140615
0.140648
0.140688
0.140725
0.14076
0.140793
0.140822
0.140845
0.140859
0.140867
0.140868
0.140864
0.140856
0.140846
0.140835
0.140828
0.140826
0.140832
0.14085
0.140876
0.140908
0.140935
0.140942
0.140915
0.140841
0.140727
0.140606
0.140543
0.140597
0.140765
0.140981
0.141174
0.141264
0.141204
0.140993
0.140689
0.14042
0.14035
0.140473
0.140519
0.140285
)
;

boundaryField
{
    inlet
    {
        type            freestream;
        freestreamValue uniform 0.14;
        value           nonuniform List<scalar> 
134
(
0.14
0.14
0.14
0.14
0.14
0.14
0.14
0.14
0.14
0.14
0.140007
0.140014
0.140023
0.140033
0.140042
0.14005
0.140057
0.140064
0.140069
0.140073
0.14
0.140077
0.140079
0.14008
0.140081
0.140081
0.14008
0.140078
0.140076
0.140073
0.14007
0.140069
0.140069
0.140071
0.140074
0.140078
0.140083
0.140089
0.140097
0.140105
0.14
0.14
0.14
0.14
0.14
0.14
0.14
0.140112
0.140118
0.140125
0.140132
0.14014
0.140149
0.140157
0.140166
0.140175
0.140184
0.140193
0.140203
0.140212
0.140221
0.140231
0.140241
0.14025
0.140261
0.140271
0.140282
0.140293
0.140304
0.140314
0.140325
0.140336
0.140348
0.140357
0.140388
0.14
0.14
0.14
0.14
0.14
0.14
0.14
0.14
0.14
0.14
0.14
0.14
0.14
0.14
0.14
0.14
0.14
0.14
0.14
0.14
0.14
0.14
0.14
0.14
0.14
0.14
0.14
0.14
0.14
0.14
0.14
0.14
0.14
0.14
0.14
0.14
0.14
0.14
0.14
0.14
0.14
0.14
0.14
0.14
0.14
0.14
0.14
0.14
0.14
0.14
0.14
0.14
0.14
0.14
0.14
0.14
0.14
0.14
0.14
)
;
    }
    outlet
    {
        type            freestream;
        freestreamValue uniform 0.14;
        value           nonuniform List<scalar> 
160
(
0.1419
0.142164
0.141843
0.142474
0.141831
0.142809
0.141838
0.143143
0.141859
0.14345
0.141894
0.143714
0.141939
0.143929
0.141994
0.144097
0.142056
0.144226
0.142126
0.144321
0.142202
0.144386
0.142284
0.144421
0.14237
0.144426
0.142462
0.144399
0.142559
0.144341
0.142661
0.144254
0.142769
0.144139
0.142882
0.143999
0.143002
0.143838
0.143129
0.143656
0.143266
0.143458
0.143417
0.143246
0.143577
0.143024
0.143746
0.142793
0.14392
0.142559
0.1441
0.142322
0.144282
0.142088
0.144467
0.141858
0.144653
0.141637
0.144841
0.141428
0.145029
0.141235
0.145218
0.141062
0.145408
0.140913
0.145598
0.140792
0.145788
0.1407
0.145972
0.140637
0.146141
0.140601
0.146277
0.140587
0.146351
0.140593
0.14632
0.140615
0.146143
0.140648
0.145791
0.140688
0.145287
0.140725
0.144772
0.14076
0.144646
0.140793
0.145658
0.140822
0.148838
0.140845
0.15566
0.140859
0.169037
0.140867
0.194251
0.140868
0.237707
0.140864
0.304841
0.140856
0.403077
0.140846
0.550925
0.140835
0.776581
0.140828
1.09113
0.140826
1.45461
0.140832
1.77649
0.14085
1.95618
0.140876
1.93356
0.140908
1.70241
0.140935
1.30495
0.140942
0.850453
0.140915
0.46931
0.140841
0.229534
0.140727
0.108231
0.140606
0.0859341
0.140543
0.108681
0.140597
0.134216
0.140765
0.146037
0.140981
0.145773
0.141174
0.142288
0.141264
0.140509
0.141204
0.14034
0.140993
0.140493
0.140689
0.140506
0.14042
0.140443
0.14035
0.14037
0.140473
0.14037
0.140519
0.140388
0.140285
)
;
    }
    walls
    {
        type            fixedValue;
        value           nonuniform List<scalar> 
78
(
0.123574
0.129374
0.136264
0.144224
0.15373
0.164976
0.178185
0.193006
0.209209
0.22561
0.241265
0.255193
0.266416
0.274226
0.278266
0.278729
0.27599
0.27056
0.262615
0.252328
0.239406
0.223632
0.204506
0.181772
0.156405
0.126164
0.101103
0.0819959
0.055332
0.0755036
0.127427
0.164601
0.0964452
0.195467
0.20548
0.180737
0.154211
0.117394
0.0987019
0.118115
0.112399
0.10619
0.0991002
0.0912795
0.0822974
0.0717316
0.0587009
0.0432684
0.0406976
0.0439699
0.0544886
0.0630444
0.0705156
0.077761
0.0850829
0.0925309
0.100099
0.107789
0.11561
0.123499
0.13131
0.138827
0.145822
0.151899
0.156744
0.160485
0.163403
0.165824
0.168027
0.17006
0.171925
0.173614
0.17508
0.176207
0.177034
0.177124
0.1775
0.174255
)
;
    }
    frontAndBack
    {
        type            empty;
    }
}


// ************************************************************************* //
