/*--------------------------------*- C++ -*----------------------------------*\
  =========                 |
  \\      /  F ield         | OpenFOAM: The Open Source CFD Toolbox
   \\    /   O peration     | Website:  https://openfoam.org
    \\  /    A nd           | Version:  12
     \\/     M anipulation  |
\*---------------------------------------------------------------------------*/
FoamFile
{
    format      ascii;
    class       volScalarField;
    location    "150";
    object      p;
}
// * * * * * * * * * * * * * * * * * * * * * * * * * * * * * * * * * * * * * //

dimensions      [0 2 -2 0 0 0 0];

internalField   nonuniform List<scalar> 
10720
(
-181.043
-356.867
-564.291
-767.999
-955.862
-1147.6
-1317.33
-1459.76
-1583.82
-1680.96
-1755.7
-1811.05
-1848.77
-1871.71
-1880.86
-1875.15
-1856.73
-1822.45
-1775.06
-1711.32
-1633.7
-1540.31
-1436.44
-1324.27
-1212.13
-1112.13
-1021.98
-933.19
-845.056
-758.108
-671.922
-586.16
-500.561
-414.59
-327.631
-237.107
-141.986
-28.4457
86.1362
-4.02278
156.826
329.236
490.644
628.94
734.412
798.144
820.935
816.612
787.169
737.665
681.134
624.097
568.9
517.173
468.493
423.025
379.745
338.027
296.654
255.516
213.835
171.847
130.531
94.506
66.3595
43.5186
25.0288
10.8902
1.24341
-4.14541
-5.53969
-3.13526
3.07285
13.1201
27.9959
49.115
85.2873
146.699
80.7578
-52.951
-202.523
-361.225
-524.151
-690.843
-852.589
-1004.33
-1144.51
-1268.88
-1376.64
-1467.7
-1542.23
-1600.4
-1642.01
-1666.17
-1674.21
-1665.14
-1640.27
-1598.11
-1540.02
-1465.36
-1378.12
-1281.01
-1181.35
-1089.44
-1004.32
-919.396
-834.229
-749.581
-665.247
-580.984
-496.596
-411.596
-325.39
-235.424
-140.72
-27.3933
85.3792
201.161
316.144
431.045
542.221
640.526
719.63
772.207
796.002
794.448
770.391
730.381
682.458
631.512
580.127
530.097
481.977
436.101
392.07
349.44
307.422
265.793
224.047
182.39
141.825
105.941
76.9508
53.089
33.5497
18.3798
7.71122
1.37361
-0.873545
0.768445
6.30234
15.7867
30.221
50.9938
86.9632
145.886
118.174
-1.59946
-136.205
-284.572
-438.285
-595.745
-753.111
-903.94
-1044.43
-1172.15
-1284.13
-1379.57
-1457.99
-1519.14
-1563.5
-1591.5
-1603.69
-1599.58
-1579.62
-1543.25
-1491.18
-1423.57
-1343.43
-1253.8
-1160.76
-1072.74
-990.088
-907.714
-824.831
-742.091
-659.36
-576.406
-493.068
-408.901
-323.338
-233.882
-139.6
-26.7345
84.8219
226.335
331.608
436.442
535.995
622.29
691.429
738.461
762.218
764.455
747.127
715.013
673.603
627.245
578.936
530.743
483.722
438.378
394.661
352.258
310.595
269.365
228.224
187.33
147.593
111.857
82.2877
57.8912
37.8941
22.2908
11.1895
4.44399
1.81335
3.10147
8.31435
17.5311
31.7538
52.3656
88.0352
144.558
174.378
73.652
-41.2041
-167.445
-299.906
-438.438
-579.026
-717.328
-850.153
-974.744
-1088.38
-1189.43
-1276.71
-1349.48
-1407.19
-1449.88
-1476.98
-1487.68
-1481.83
-1459.11
-1419.91
-1364.72
-1295.99
-1216.88
-1132.64
-1050.47
-971.843
-893.042
-813.145
-732.823
-652.097
-570.793
-488.794
-405.699
-320.978
-232.204
-138.509
-26.4131
83.8969
264.656
351.51
438.69
522.975
596.988
657.71
700.75
724.681
730.186
718.498
693.314
658.736
618.295
574.753
530.11
485.569
441.813
399.079
357.265
316.034
275.16
234.459
194.108
154.963
119.358
89.3355
64.4028
43.8466
27.6429
15.9124
8.53846
5.30832
6.04846
10.7785
19.5958
33.4994
53.8431
89.0296
143.171
191.655
102.106
-0.507927
-114.041
-233.498
-359.872
-489.805
-619.376
-746.134
-867.288
-980.078
-1082.58
-1173.17
-1250.53
-1313.72
-1362.2
-1394.99
-1411.8
-1412.25
-1396.3
-1364.2
-1316.65
-1255.63
-1184.17
-1106.77
-1029.45
-954.174
-878.371
-801.097
-722.991
-644.188
-564.539
-483.942
-402.02
-318.265
-230.315
-137.371
-26.3036
82.3792
272.119
349.111
426.605
501.541
567.411
622.142
662.292
686.301
694.32
687.381
668.194
639.864
605.143
566.408
525.54
483.795
442.006
400.626
359.762
319.289
279.083
239.075
199.472
161.069
125.802
95.5363
70.1774
49.1545
32.4481
20.1878
12.2893
8.56476
8.85448
13.1814
21.6551
35.2693
55.3369
89.9717
141.699
202.218
122.846
31.4122
-69.7102
-176.155
-289.633
-407.029
-525.217
-642.402
-756.039
-863.771
-963.751
-1054.19
-1133.54
-1200.61
-1254.42
-1294.03
-1318.85
-1328.21
-1321.69
-1299.29
-1261.53
-1210.04
-1147.54
-1077.97
-1006.38
-935.142
-862.727
-788.351
-712.638
-635.849
-557.91
-478.758
-398.055
-315.328
-228.297
-136.243
-26.4751
80.2911
273.543
341.524
410.425
477.524
536.818
586.779
624.589
648.52
658.413
655.245
641.028
618.165
588.805
554.907
518.141
479.696
440.443
400.956
361.503
322.136
282.851
243.688
204.897
167.237
132.352
101.94
76.2101
54.7598
37.5729
24.7848
16.3454
12.0927
11.8856
15.7596
23.8411
37.1176
56.8538
90.8238
140.096
203.416
131.8
49.0738
-42.4858
-138.675
-241.771
-348.991
-457.601
-566.399
-673.108
-775.688
-872.469
-961.615
-1041.48
-1110.69
-1167.98
-1212.19
-1242.33
-1257.58
-1257.43
-1241.86
-1211.38
-1167.37
-1112.25
-1049.42
-983.109
-915.766
-846.664
-775.185
-701.901
-627.167
-550.977
-473.309
-393.868
-312.223
-226.187
-135.156
-26.9515
77.6657
267.84
329.048
391.4
452.377
506.468
552.589
588.416
612.103
623.361
623.145
612.993
594.797
570.25
540.926
508.245
473.258
436.805
399.523
361.788
323.792
285.65
247.502
209.645
172.807
138.415
108.015
82.0339
60.2364
42.6265
29.3503
20.3956
15.633
14.9417
18.3708
26.0608
38.9866
58.3584
91.5615
138.378
200.427
135.398
60.1212
-23.1257
-110.351
-204.138
-301.928
-401.338
-501.583
-600.722
-696.983
-788.97
-874.986
-953.421
-1022.81
-1081.79
-1129
-1163.39
-1184.06
-1190.3
-1181.82
-1158.94
-1122.7
-1075.16
-1019.25
-958.488
-895.347
-829.759
-761.335
-690.618
-618.051
-543.706
-467.599
-389.481
-308.974
-224.003
-134.11
-27.7066
74.5406
259.011
314.548
371.435
427.331
477.108
520.036
554.103
577.404
589.641
591.698
584.819
570.539
550.205
525.076
496.325
464.832
431.363
396.548
360.821
324.466
287.699
250.743
213.942
178.001
144.195
113.937
87.804
65.7251
47.7392
34.0067
24.5543
19.2876
18.1076
21.0786
28.3566
40.9001
59.8589
92.1873
136.557
194.373
134.827
65.8116
-10.451
-90.1065
-175.899
-265.506
-356.777
-449.275
-541.299
-631.369
-718.347
-800.693
-876.899
-945.537
-1005.17
-1054.36
-1091.92
-1116.78
-1128.07
-1125.31
-1108.72
-1079.14
-1038.31
-988.704
-933.258
-874.298
-812.235
-746.904
-678.826
-608.502
-536.081
-461.613
-384.895
-305.596
-221.763
-133.097
-28.6987
70.9832
248.099
298.949
351.289
402.924
449.05
489.276
521.749
544.566
557.472
561.272
557.013
545.98
529.274
507.9
482.811
454.72
424.285
392.085
358.562
324.056
288.856
253.255
217.631
182.677
149.558
119.575
93.4041
71.1259
52.8256
38.6819
28.7604
23.0048
21.3415
23.8512
30.7056
42.8414
61.3418
92.6965
134.635
186.604
131.76
68.1461
-2.06061
-75.1566
-153.945
-236.266
-320.178
-405.49
-490.707
-574.609
-656.286
-734.369
-807.538
-874.43
-933.603
-983.641
-1023.25
-1051.33
-1066.9
-1069.31
-1058.57
-1035.28
-1000.85
-957.337
-907.16
-852.468
-794.013
-731.853
-666.5
-598.504
-528.085
-455.337
-380.097
-302.084
-219.476
-132.119
-29.9036
67.079
236.175
283.031
331.488
379.471
422.462
460.331
491.348
513.61
526.939
532.063
529.895
521.532
507.91
489.841
468.095
443.231
415.788
386.268
355.084
322.596
289.134
255.035
220.711
186.841
154.509
124.927
98.8342
76.441
57.89
43.3818
33.0213
26.7934
24.652
26.6951
33.1111
44.8101
62.8044
93.0895
132.617
177.81
127.027
68.0989
3.1507
-64.2325
-136.888
-212.782
-290.148
-368.936
-447.848
-525.89
-602.355
-676.038
-745.787
-810.367
-868.414
-918.527
-959.406
-989.834
-1008.84
-1015.54
-1009.82
-992.07
-963.417
-925.548
-880.429
-829.979
-775.156
-716.208
-653.649
-588.057
-519.716
-448.764
-375.08
-298.436
-217.144
-131.186
-31.3108
62.8849
223.788
267.207
312.305
357.119
397.378
433.158
462.818
484.49
498.049
504.169
503.655
497.484
486.465
471.27
452.525
430.659
406.093
379.239
350.462
320.105
288.514
256.05
223.139
190.445
159
129.942
104.045
81.6278
62.8958
48.0765
37.3136
30.6349
28.0253
29.6
35.5654
46.7995
64.2398
93.3673
130.511
168.494
121.274
66.4637
6.14211
-56.2258
-123.46
-193.635
-265.121
-337.989
-411.084
-483.592
-554.98
-624.209
-690.305
-752.151
-808.489
-857.994
-899.383
-931.394
-953.065
-963.372
-962.044
-949.281
-925.932
-893.345
-853.095
-806.853
-755.68
-699.981
-640.274
-577.157
-510.97
-441.89
-369.843
-294.65
-214.769
-130.306
-32.9158
58.4353
211.333
251.752
293.906
335.924
373.778
407.677
436.061
457.124
470.761
477.616
478.414
474.035
465.198
452.479
436.397
417.269
395.415
371.158
344.794
316.635
287.012
256.292
224.895
193.472
163.011
134.594
109.008
86.6612
67.8224
52.7495
41.6252
34.5209
31.4555
32.5613
38.0638
48.8043
65.6426
93.5323
128.325
158.989
114.912
63.7537
7.53233
-50.3958
-112.813
-177.888
-244.094
-311.601
-379.38
-446.737
-513.295
-578.162
-640.519
-699.399
-753.657
-802.061
-843.376
-876.34
-899.989
-913.238
-915.635
-907.233
-888.645
-860.919
-825.289
-783.164
-735.627
-683.192
-626.384
-565.806
-501.844
-434.714
-364.383
-290.727
-212.357
-129.489
-34.7109
53.7502
199.042
236.825
276.36
315.884
351.595
383.787
410.968
431.408
445.012
452.398
454.229
451.308
444.298
433.703
419.954
403.296
383.959
362.183
338.196
312.252
284.658
255.759
225.964
195.899
166.516
138.848
113.687
91.5083
72.6405
57.3763
45.9366
38.4363
34.931
35.5702
40.5988
50.818
67.0072
93.5867
126.068
149.511
108.236
60.3438
7.78763
-46.1797
-104.29
-164.795
-226.249
-288.901
-351.816
-414.403
-476.405
-537.066
-595.7
-651.491
-703.416
-750.332
-791.089
-824.457
-849.468
-865.051
-870.58
-865.975
-851.647
-828.379
-797.104
-758.979
-715.039
-665.867
-611.992
-554.008
-492.337
-427.231
-358.698
-286.668
-209.907
-128.741
-36.6878
48.849
187.076
222.506
259.704
296.981
330.764
361.386
387.429
407.245
420.729
428.487
431.126
429.392
423.904
415.117
403.405
388.952
371.92
352.479
330.787
307.038
281.494
254.469
226.344
197.714
169.494
142.68
118.053
96.1395
77.3238
61.9344
50.2293
42.3669
38.4408
38.6179
43.1633
52.8337
68.3281
93.5356
123.748
140.205
101.451
56.4987
7.24225
-43.1713
-97.4118
-153.797
-210.966
-269.21
-327.672
-385.858
-443.601
-500.259
-555.275
-607.944
-657.377
-702.539
-742.366
-775.696
-801.551
-818.916
-827.018
-825.667
-815.097
-795.871
-768.661
-734.379
-693.97
-648.04
-597.114
-541.771
-482.452
-419.44
-352.787
-282.471
-207.42
-128.064
-38.8391
43.7533
175.534
208.846
243.93
279.174
311.203
340.372
365.34
384.531
397.832
405.831
409.098
408.326
404.108
396.859
386.913
374.415
359.475
342.2
322.689
301.078
277.574
252.449
226.045
198.912
171.932
146.064
122.075
100.525
81.8443
66.3988
54.4825
46.2958
41.9716
41.6942
45.7484
54.8444
69.5999
93.3834
121.378
131.167
94.7002
52.4103
6.1438
-41.0638
-91.8016
-144.457
-197.745
-251.98
-306.372
-360.508
-414.29
-467.169
-518.694
-568.279
-615.144
-658.37
-696.986
-729.907
-756.164
-774.82
-784.994
-786.39
-779.106
-763.513
-740.065
-709.445
-672.477
-629.751
-581.776
-529.107
-472.194
-411.345
-346.649
-278.137
-204.896
-127.458
-41.1493
38.4849
164.47
195.867
229.028
262.415
292.834
320.654
344.605
363.172
376.242
384.384
388.134
388.141
384.976
379.032
370.612
359.834
346.774
331.489
314.027
294.468
272.965
249.738
225.08
199.495
173.822
148.984
125.729
104.635
86.1743
70.7445
58.6744
50.2053
45.509
44.7874
48.3445
56.8422
70.8178
93.1364
118.965
122.463
88.0771
48.2138
4.67397
-39.6246
-87.1777
-136.448
-186.204
-236.784
-287.46
-337.87
-387.969
-437.301
-485.498
-532.077
-576.364
-617.545
-654.746
-686.966
-713.264
-732.772
-744.564
-748.243
-743.792
-731.433
-711.434
-684.272
-650.626
-611.044
-566.006
-516.033
-461.572
-402.949
-340.287
-273.666
-202.336
-126.919
-43.6026
33.0664
153.917
183.571
214.969
246.648
275.586
302.144
325.128
343.082
355.88
364.087
368.201
368.836
366.548
361.71
354.604
345.335
333.952
320.479
304.92
287.309
267.742
246.386
223.48
199.475
175.16
151.425
128.992
108.446
90.287
74.9457
62.7825
54.076
49.037
47.8849
50.9413
58.8191
71.9775
92.8012
116.522
114.131
81.6496
44.0163
2.96629
-38.6716
-83.3237
-129.501
-176.038
-223.277
-270.545
-317.524
-364.22
-410.236
-455.288
-498.97
-540.705
-579.789
-615.429
-646.718
-672.76
-692.746
-705.753
-711.291
-709.254
-699.745
-682.88
-658.951
-628.488
-591.972
-549.841
-502.571
-450.598
-394.258
-333.703
-269.061
-199.738
-126.443
-46.1788
27.5269
143.886
171.943
201.718
231.821
259.383
284.76
306.822
324.17
336.676
344.884
349.267
350.409
348.848
344.946
338.97
331.018
321.124
309.287
295.481
279.695
261.981
242.448
221.281
198.868
175.952
153.38
131.846
111.931
94.1563
78.9772
66.783
57.8876
52.5384
50.9728
53.5272
60.7668
73.0745
92.3856
114.062
106.191
75.4643
39.8819
1.12781
-38.076
-80.0642
-123.411
-166.996
-211.179
-255.319
-299.142
-342.687
-385.615
-427.699
-468.613
-507.861
-544.833
-578.825
-609.015
-634.567
-654.711
-668.579
-675.595
-675.581
-668.552
-654.508
-633.576
-606.139
-572.593
-533.318
-488.747
-439.289
-385.28
-326.902
-264.322
-197.102
-126.026
-48.8569
21.894
134.381
160.965
189.238
217.881
244.156
268.423
289.608
306.362
318.555
326.716
331.292
332.839
331.883
328.773
323.769
316.964
308.386
298.018
285.812
271.724
255.761
237.983
218.52
197.7
176.208
154.846
134.277
115.071
97.7582
82.8136
70.6523
61.6188
55.9948
54.036
56.09
62.6764
74.1057
91.8973
111.596
98.6541
69.5511
35.8647
-0.770186
-37.7303
-77.2698
-118.01
-158.889
-200.263
-241.528
-282.438
-323.068
-363.118
-402.417
-440.703
-477.551
-512.433
-544.732
-573.702
-598.576
-618.619
-633.037
-641.191
-642.845
-637.952
-626.421
-608.243
-583.657
-552.966
-516.486
-474.593
-427.664
-376.029
-319.89
-259.452
-194.424
-125.659
-51.6142
16.1976
125.392
150.614
177.492
204.775
229.847
253.061
273.411
289.585
301.453
309.53
314.239
316.109
315.652
313.214
309.044
303.238
295.819
286.763
276.006
263.482
249.161
233.058
215.249
196.003
175.944
155.827
136.278
117.848
101.07
86.4311
74.3663
65.2475
59.3867
57.0583
58.6167
64.5392
75.0676
91.3445
109.136
91.5214
63.9258
32.0016
-2.66832
-37.5564
-74.8331
-113.172
-151.557
-190.343
-228.959
-267.187
-305.118
-342.497
-379.188
-414.986
-449.534
-482.372
-512.958
-540.627
-564.679
-584.41
-599.114
-608.105
-611.108
-608.031
-598.715
-583.044
-561.124
-533.158
-499.393
-460.145
-415.749
-366.519
-312.675
-254.454
-191.702
-125.331
-54.4259
10.4698
116.911
140.866
166.443
192.454
216.394
238.615
258.166
273.777
285.313
293.274
298.066
300.191
300.15
298.281
294.827
289.887
283.486
275.598
266.149
255.055
242.259
227.739
211.521
193.815
175.183
156.33
137.843
120.25
104.073
89.8067
77.9016
68.7513
62.6942
60.0227
61.0938
66.346
75.9578
90.7359
106.695
84.7896
58.5988
28.3145
-4.52577
-37.4915
-72.6722
-108.788
-144.87
-181.264
-217.435
-253.184
-288.62
-323.515
-357.772
-391.23
-423.581
-454.437
-483.322
-509.641
-532.763
-552.019
-566.783
-576.35
-580.416
-578.86
-571.48
-558.068
-538.62
-513.236
-482.094
-445.442
-403.569
-356.768
-305.267
-249.331
-188.931
-125.031
-57.2651
4.7448
108.921
131.693
156.051
180.868
203.743
225.025
243.812
258.873
270.073
277.898
282.734
285.059
285.362
283.974
281.136
276.949
271.442
264.588
256.311
246.518
235.129
222.091
207.389
191.175
173.952
156.37
138.976
122.266
106.749
92.9195
81.2354
72.1076
65.8965
62.9111
63.507
68.0875
76.7738
90.0793
104.286
78.451
53.5714
24.8213
-6.31107
-37.4925
-70.7221
-104.776
-138.724
-172.906
-206.813
-240.269
-273.391
-305.979
-337.965
-369.223
-399.492
-428.441
-455.654
-480.604
-502.719
-521.373
-536.007
-545.928
-550.808
-550.504
-544.792
-533.401
-516.226
-493.274
-464.646
-430.529
-391.158
-346.797
-297.677
-244.087
-186.109
-124.745
-60.1075
-0.945684
101.403
123.07
146.284
169.976
191.847
212.237
230.292
244.818
255.681
263.354
268.202
270.681
271.27
270.292
267.983
264.449
259.724
253.784
246.555
237.938
227.839
216.18
202.909
188.13
172.283
155.966
139.682
123.892
109.087
95.7509
84.3459
75.2943
68.973
65.7051
65.842
69.7547
77.514
89.3828
101.919
72.4941
48.8432
21.5304
-8.00312
-37.519
-68.9318
-101.067
-133.034
-165.163
-196.975
-228.306
-259.282
-289.725
-319.59
-348.785
-377.086
-404.211
-429.795
-453.374
-474.433
-492.391
-506.742
-516.829
-522.303
-523.01
-518.722
-509.122
-494.02
-473.342
-447.112
-415.454
-378.548
-336.629
-289.921
-238.726
-183.228
-124.456
-62.9237
-6.5665
94.3383
114.968
137.106
159.739
180.658
200.198
217.553
231.561
242.091
249.599
254.434
257.03
257.854
257.224
255.369
252.404
248.363
243.231
236.935
229.376
220.452
210.066
198.138
184.726
170.213
155.141
139.971
125.128
111.076
98.2842
87.2134
78.2899
71.9023
68.3857
68.0838
71.3383
78.1765
88.6538
99.6049
66.9048
44.4096
18.447
-9.58721
-37.5439
-67.2603
-97.6051
-127.727
-157.95
-187.815
-217.174
-246.157
-274.607
-302.498
-329.759
-356.204
-381.591
-405.601
-427.825
-447.8
-464.995
-478.942
-489.036
-494.914
-496.422
-493.333
-485.303
-472.078
-453.51
-429.554
-400.267
-365.782
-326.292
-282.011
-233.254
-180.283
-124.15
-65.6863
-12.0843
87.7076
107.362
128.484
150.114
170.132
188.863
205.547
219.054
229.254
236.589
241.391
244.074
245.093
244.758
243.296
240.823
237.382
232.96
227.493
220.883
213.024
203.806
193.128
181.009
167.777
153.923
139.859
125.978
112.71
100.507
89.8196
81.074
74.6647
70.9345
70.2176
72.8291
78.7602
87.8991
97.3541
61.6699
40.2635
15.5716
-11.0536
-37.5488
-65.6766
-94.3479
-122.749
-151.195
-179.249
-206.777
-233.906
-260.501
-286.551
-312.003
-336.7
-360.437
-382.937
-403.835
-422.718
-439.103
-452.555
-462.526
-468.649
-470.769
-468.675
-462.01
-450.469
-433.845
-412.03
-385.022
-352.897
-315.813
-273.968
-227.674
-177.27
-123.804
-68.3664
-17.4654
81.4912
100.225
120.388
141.065
160.228
178.189
194.228
207.253
217.128
224.285
229.037
231.782
232.962
232.879
231.755
229.71
226.793
222.997
218.265
212.503
205.605
197.453
187.931
177.026
165.016
152.339
139.365
126.448
113.987
102.409
92.1489
83.6277
77.2404
73.3332
72.2287
74.2181
79.2636
87.1245
95.1746
56.7751
36.3946
12.903
-12.3956
-37.5173
-64.1545
-91.2591
-118.052
-144.84
-171.205
-197.028
-222.434
-247.303
-271.635
-295.396
-318.451
-340.626
-361.68
-381.29
-399.088
-414.633
-427.521
-437.266
-443.496
-446.068
-444.79
-439.302
-429.263
-414.417
-394.606
-369.772
-339.94
-305.224
-265.806
-221.998
-174.18
-123.403
-70.9399
-22.6778
75.6681
93.5329
112.786
132.562
150.91
168.137
183.557
196.114
205.673
212.647
217.339
220.126
221.437
221.568
220.737
219.066
216.607
213.361
209.278
204.271
198.237
191.054
182.595
172.823
161.969
150.422
138.511
126.553
114.91
103.984
94.1883
85.9343
79.6109
75.5641
74.1029
75.4966
79.6856
86.3347
93.0734
52.2044
32.7949
10.4355
-13.6092
-37.4399
-62.6752
-88.309
-113.598
-138.835
-163.625
-187.858
-211.66
-234.92
-257.652
-279.83
-301.342
-322.042
-341.719
-360.087
-376.816
-391.509
-403.785
-413.222
-419.448
-422.335
-421.712
-417.226
-408.517
-395.289
-377.343
-354.571
-326.951
-294.559
-257.55
-216.227
-171.01
-122.928
-73.3773
-27.6908
70.2184
87.2608
105.653
124.57
142.143
158.67
173.496
185.601
194.849
201.641
206.263
209.075
210.495
210.809
210.231
208.884
206.826
204.064
200.554
196.219
190.957
184.651
177.165
168.443
158.675
148.204
137.321
126.305
115.484
105.228
95.9284
87.9786
81.7591
77.6107
75.8265
76.6562
80.0247
85.5339
91.0555
47.9424
29.452
8.1649
-14.6948
-37.3084
-61.2249
-85.4758
-109.354
-133.139
-156.458
-179.205
-201.51
-223.272
-244.508
-265.207
-285.275
-304.586
-322.955
-340.129
-355.814
-369.653
-381.289
-390.352
-396.487
-399.572
-399.464
-395.826
-388.283
-376.521
-360.301
-339.474
-313.979
-283.849
-249.22
-210.373
-167.752
-122.356
-75.6556
-32.4739
65.1237
81.3857
98.9593
117.06
133.893
149.751
164.008
175.676
184.622
191.232
195.777
198.601
200.11
200.58
200.22
199.157
197.45
195.112
192.109
188.368
183.798
178.281
171.681
163.926
155.172
145.719
135.822
125.723
115.718
106.142
97.3615
89.7493
83.6704
79.4576
77.3866
77.6888
80.2797
84.7245
89.1242
43.9743
26.3548
6.0845
-15.654
-37.1183
-59.79
-82.7399
-105.292
-127.716
-149.656
-171.017
-191.924
-212.287
-232.128
-251.446
-270.159
-288.162
-305.292
-321.327
-336.001
-348.994
-359.974
-368.619
-374.588
-377.776
-378.064
-375.134
-368.61
-358.164
-343.532
-324.533
-301.068
-273.133
-240.837
-204.445
-164.403
-121.674
-77.7485
-37
60.3647
75.8853
92.6814
110.004
126.131
141.349
155.059
166.306
174.958
181.387
185.85
188.677
190.256
190.86
190.691
189.874
188.475
186.509
183.952
180.738
176.783
171.975
166.177
159.31
151.496
143
134.04
124.828
115.623
106.73
98.485
91.2366
85.3321
81.0911
78.7715
78.5869
80.4487
83.9079
87.2807
40.2846
23.4922
4.18634
-16.4892
-36.8671
-58.3639
-80.0872
-101.392
-122.538
-143.188
-163.251
-182.851
-201.907
-220.445
-238.471
-255.916
-272.69
-288.65
-303.598
-317.299
-329.464
-339.783
-347.977
-353.726
-356.939
-357.519
-355.174
-349.536
-340.268
-327.091
-309.799
-288.261
-262.444
-232.428
-198.452
-160.957
-120.862
-79.636
-41.2469
55.9233
70.7397
86.7951
103.376
118.829
133.434
146.618
157.46
165.827
172.076
176.454
179.273
180.91
181.629
181.624
181.023
179.893
178.255
176.089
173.342
169.933
165.759
160.687
154.629
147.684
140.079
132.004
123.641
115.215
106.999
99.298
92.4347
86.7343
82.4999
79.971
79.3439
80.53
83.0846
85.5244
36.859
20.8522
2.46276
-17.2043
-36.5545
-56.9402
-77.5061
-97.6373
-117.583
-137.021
-155.868
-174.246
-192.081
-209.401
-226.219
-242.476
-258.096
-272.952
-286.87
-299.639
-310.997
-320.661
-328.384
-333.871
-337.046
-337.833
-335.967
-331.093
-322.874
-311.024
-295.32
-275.605
-251.819
-224.014
-192.404
-157.415
-119.905
-81.2984
-45.1941
51.7819
65.9288
81.2781
97.1494
111.958
125.977
138.657
149.108
157.197
163.271
167.562
170.366
172.049
172.864
173.002
172.59
171.696
170.345
168.525
166.188
163.264
159.655
155.236
149.913
143.765
136.988
129.743
122.185
114.511
106.959
99.8038
93.3406
87.8695
83.6745
80.9762
79.9532
80.5214
82.2534
83.8528
33.6825
18.4231
0.905394
-17.8041
-36.1801
-55.5144
-74.9867
-94.0108
-112.827
-131.126
-148.834
-166.068
-182.761
-198.943
-214.631
-229.777
-244.313
-258.132
-271.075
-282.954
-293.533
-302.553
-309.795
-314.993
-318.08
-319.004
-317.525
-313.305
-306.017
-295.373
-281.139
-263.139
-241.29
-215.621
-186.315
-153.772
-118.792
-82.7188
-48.8225
47.9239
61.4328
76.1086
91.3024
105.495
118.951
131.147
141.221
149.042
154.944
159.145
161.929
163.647
164.545
164.808
164.56
163.873
162.774
161.257
159.283
156.787
153.682
149.847
145.19
139.769
133.755
127.284
120.486
113.529
106.622
100.008
93.9543
88.7336
84.6081
81.78
80.4099
80.4206
81.4123
82.2615
30.7412
16.1937
-0.494446
-18.2936
-35.7457
-54.0844
-72.5222
-90.5023
-108.253
-125.482
-142.122
-158.283
-173.906
-189.025
-203.658
-217.763
-231.285
-244.128
-256.15
-267.183
-277.014
-285.408
-292.167
-297.056
-300.021
-301.024
-299.853
-296.192
-289.727
-280.175
-267.295
-250.902
-230.892
-207.272
-180.196
-150.032
-117.51
-83.8827
-52.1189
44.3332
57.234
71.2667
85.8129
99.4153
112.333
124.062
133.773
141.335
147.067
151.178
153.937
155.681
156.65
157.021
156.918
156.411
155.533
154.283
152.627
150.51
147.851
144.539
140.482
135.723
130.408
124.653
118.566
112.289
106.003
99.9205
94.2792
89.3251
85.2964
82.3773
80.7095
80.2251
80.5583
80.7444
28.022
14.1523
-1.74536
-18.6788
-35.2538
-52.6487
-70.1081
-87.1014
-103.848
-120.071
-135.706
-150.863
-165.486
-179.608
-193.253
-206.386
-218.957
-230.883
-242.038
-252.27
-261.387
-269.176
-275.459
-280.03
-282.843
-283.879
-282.951
-279.767
-274.028
-265.459
-253.823
-238.928
-220.656
-198.991
-174.062
-146.196
-116.053
-84.7812
-55.0716
40.9941
53.3146
66.733
80.6592
93.6966
106.097
117.378
126.74
134.05
139.617
143.638
146.367
148.131
149.16
149.624
149.646
149.298
148.614
147.597
146.221
144.438
142.174
139.327
135.808
131.649
126.972
121.876
116.45
110.813
105.118
99.5521
94.3216
89.646
85.7382
82.7648
80.8489
79.9326
79.6875
79.2943
25.5114
12.2884
-2.85616
-18.9653
-34.7073
-51.2065
-67.7387
-83.7999
-99.6007
-114.875
-129.567
-143.781
-157.465
-170.657
-183.378
-195.601
-207.281
-218.348
-228.688
-238.163
-246.602
-253.811
-259.629
-263.878
-266.521
-267.555
-266.817
-264.036
-258.935
-251.252
-240.755
-227.25
-210.61
-190.802
-167.925
-142.268
-114.418
-85.4058
-57.6737
37.892
49.6586
62.4894
75.8225
88.3184
100.222
111.073
120.096
127.164
132.569
136.501
139.197
140.974
142.052
142.598
142.729
142.52
142.005
141.192
140.062
138.572
136.657
134.224
131.188
127.568
123.471
118.978
114.161
109.121
103.987
98.9166
94.0906
89.7006
85.9347
82.9413
80.8262
79.5406
78.7952
77.9024
23.197
10.591
-3.8354
-19.1597
-34.1096
-49.759
-65.4129
-80.5925
-95.4991
-109.88
-123.685
-137.014
-149.819
-162.138
-173.996
-185.368
-196.216
-206.478
-216.052
-224.816
-232.613
-239.267
-244.636
-248.566
-251.028
-252.033
-251.438
-249
-244.46
-237.572
-228.114
-215.895
-200.781
-182.726
-161.801
-138.255
-112.601
-85.7534
-59.921
35.013
46.2502
58.519
71.2837
83.2605
94.6876
105.124
113.822
120.654
125.902
129.743
132.405
134.189
135.309
135.924
136.151
136.062
135.695
135.062
134.146
132.914
131.306
129.239
126.632
123.498
119.924
115.98
111.724
107.237
102.628
98.03
93.5978
89.4965
85.8898
82.9081
80.6406
79.0471
77.8763
76.5595
21.0669
9.0501
-4.69142
-19.2675
-33.4647
-48.3065
-63.1279
-77.4732
-91.5348
-105.075
-118.044
-130.542
-142.523
-154.026
-165.076
-175.652
-185.723
-195.232
-204.089
-212.183
-219.375
-225.504
-230.442
-234.059
-236.334
-237.29
-236.804
-234.657
-230.608
-224.434
-215.921
-204.886
-191.193
-174.783
-155.705
-134.165
-110.604
-85.8227
-61.8127
32.343
43.0747
54.8048
67.0252
78.5041
89.4734
99.5103
107.895
114.499
119.593
123.345
125.969
127.755
128.909
129.584
129.894
129.91
129.673
129.195
128.467
127.46
126.123
124.379
122.154
119.453
116.35
112.903
109.158
105.181
101.061
96.9096
92.8569
89.0437
85.61
82.6683
80.2929
78.4504
76.9254
75.2554
19.1096
7.65502
-5.43226
-19.2952
-32.7764
-46.8506
-60.8822
-74.4376
-87.7017
-100.448
-112.632
-124.348
-135.557
-146.296
-156.59
-166.422
-175.766
-184.572
-192.758
-200.225
-206.847
-212.48
-217.009
-220.324
-222.412
-223.305
-222.899
-220.997
-217.381
-211.845
-204.19
-194.242
-181.865
-166.993
-149.651
-130.007
-108.434
-85.6177
-63.3524
29.8695
40.1174
51.3323
63.0303
74.0316
84.5609
94.2134
102.295
108.678
113.622
117.285
119.87
121.653
122.835
123.56
123.942
124.05
123.924
123.582
123.018
122.208
121.107
119.648
117.762
115.447
112.766
109.766
106.485
102.974
99.3065
95.5738
91.8838
88.3546
85.1038
82.2273
79.7851
77.7495
75.9373
73.98
17.314
6.3968
-6.06625
-19.249
-32.0486
-45.3932
-58.6752
-71.4828
-83.9926
-95.99
-107.434
-118.417
-128.901
-138.924
-148.512
-157.649
-166.315
-174.464
-182.023
-188.904
-194.992
-200.159
-204.301
-207.327
-209.23
-210.052
-209.704
-208.01
-204.775
-199.809
-192.931
-183.977
-172.815
-159.372
-143.655
-125.794
-106.097
-85.1443
-64.5457
27.5802
37.3656
48.0866
59.2838
69.8264
79.9327
89.215
97.0036
103.173
107.971
111.545
114.088
115.866
117.069
117.837
118.279
118.467
118.438
118.214
117.792
117.153
116.259
115.05
113.462
111.49
109.185
106.587
103.724
100.638
97.3853
94.0418
90.6954
87.4431
84.3822
81.5922
79.1207
76.9437
74.9066
72.723
15.6697
5.26582
-6.60081
-19.1349
-31.2858
-43.9368
-56.5069
-68.6064
-80.4027
-91.6935
-102.442
-112.735
-122.539
-131.892
-140.818
-149.307
-157.34
-164.876
-171.851
-178.185
-183.775
-188.505
-192.284
-195.034
-196.76
-197.505
-197.198
-195.681
-192.781
-188.326
-182.151
-174.103
-164.057
-151.935
-137.73
-121.537
-103.604
-84.412
-65.4014
25.4637
34.806
45.0542
55.7706
65.8727
75.5719
84.4972
92.0033
97.9658
102.62
106.107
108.607
110.374
111.593
112.396
112.891
113.146
113.202
113.08
112.78
112.29
111.576
110.586
109.26
107.591
105.621
103.381
100.894
98.1905
95.3173
92.3335
89.31
86.3252
83.4578
80.7721
78.3045
76.0335
73.8289
71.4745
14.1663
4.25352
-7.04351
-18.9587
-30.4917
-42.4831
-54.3773
-65.8058
-76.9279
-87.5517
-97.6442
-107.289
-116.456
-125.18
-133.489
-141.373
-148.815
-155.78
-162.211
-168.036
-173.161
-177.483
-180.923
-183.415
-184.97
-185.638
-185.359
-183.994
-181.389
-177.39
-171.849
-164.625
-155.601
-144.696
-131.891
-117.25
-100.967
-83.4331
-65.9323
23.5085
32.4269
42.2213
52.4767
62.1555
71.463
80.0444
87.2771
93.0383
97.5524
100.953
103.407
105.162
106.391
107.223
107.762
108.075
108.203
108.168
107.975
107.613
107.055
106.255
105.16
103.758
102.083
100.162
98.0098
95.6517
93.1224
90.4687
87.7466
85.0177
82.3445
79.7774
77.3428
75.0202
72.6997
70.2252
12.7947
3.35108
-7.40124
-18.7262
-29.6702
-41.0346
-52.2875
-63.0797
-73.5636
-83.558
-93.0326
-102.068
-110.637
-118.774
-126.505
-133.824
-140.716
-147.15
-153.075
-158.426
-163.119
-167.063
-170.186
-172.437
-173.832
-174.422
-174.162
-172.928
-170.584
-166.993
-162.023
-155.547
-147.454
-137.666
-126.15
-112.948
-98.2014
-82.2224
-66.1524
21.7043
30.2168
39.5762
49.3887
58.6608
67.5913
75.8407
82.8088
88.3747
92.7519
96.0656
98.474
100.212
101.447
102.302
102.877
103.239
103.428
103.468
103.367
103.115
102.692
102.058
101.163
99.9959
98.5818
96.9419
95.0882
93.0386
90.8197
88.4672
86.0243
83.5384
81.0576
78.62
76.2431
73.9062
71.516
68.9668
11.5457
2.55085
-7.68116
-18.4426
-28.8261
-39.5934
-50.237
-60.4263
-70.3068
-79.7071
-88.5999
-97.0627
-105.07
-112.657
-119.849
-126.64
-133.02
-138.96
-144.416
-149.327
-153.619
-157.213
-160.043
-162.07
-163.315
-163.831
-163.583
-162.463
-160.35
-157.124
-152.669
-146.869
-139.622
-130.853
-120.521
-108.644
-95.3225
-80.7967
-66.0782
20.0412
28.1647
37.1069
46.494
55.3749
63.9422
71.8713
78.5837
83.9596
88.2026
91.4303
93.7911
95.5092
96.7457
97.618
98.2234
98.6264
98.8673
98.9712
98.947
98.7903
98.4836
97.9921
97.2725
96.3096
95.1241
93.7322
92.1425
90.3678
88.4275
86.3483
84.1624
81.9056
79.6133
77.3128
75.0136
72.6947
70.2755
67.6914
10.4105
1.845
-7.88972
-18.1132
-27.9627
-38.1619
-48.227
-57.8449
-67.1545
-75.9938
-84.3385
-92.2628
-99.7441
-106.816
-113.505
-119.804
-125.707
-131.189
-136.208
-140.712
-144.635
-147.903
-150.463
-152.284
-153.39
-153.837
-153.596
-152.575
-150.667
-147.769
-143.776
-138.586
-132.107
-124.265
-115.014
-104.353
-92.3477
-79.1746
-65.7285
18.5096
26.2603
34.8024
43.7808
52.2857
60.5033
68.1228
74.5875
79.7786
83.89
87.0321
89.3439
91.0396
92.2737
93.1581
93.7876
94.2244
94.5084
94.666
94.7076
94.6318
94.4243
94.0558
93.4876
92.7029
91.717
90.5427
89.1857
87.6546
85.9631
84.1305
82.1802
80.1377
78.028
75.8692
73.664
71.39
68.9768
66.393
9.38118
1.22636
-8.03301
-17.7431
-27.0837
-36.7423
-46.2578
-55.3342
-64.1038
-72.4134
-80.2419
-87.6603
-94.648
-101.238
-107.457
-113.298
-118.758
-123.814
-128.429
-132.557
-136.138
-139.108
-141.419
-143.051
-144.028
-144.411
-144.175
-143.241
-141.517
-138.911
-135.333
-130.694
-124.907
-117.905
-109.638
-100.089
-89.2939
-77.3758
-65.1234
17.1006
24.4941
32.652
41.2382
49.381
57.2612
64.5819
70.8065
75.8178
79.8004
82.8571
85.1188
86.7894
88.0174
88.9094
89.5571
90.0212
90.3409
90.5433
90.6403
90.6327
90.5097
90.2467
89.8089
89.1786
88.3665
87.3821
86.2291
84.913
83.4428
81.8317
80.096
78.2528
76.3186
74.3033
72.2043
69.9974
67.6199
65.0663
8.44985
0.687946
-8.11706
-17.337
-26.1926
-35.3373
-44.3306
-52.8936
-61.1521
-68.962
-76.3043
-83.247
-89.7725
-95.9123
-101.691
-107.107
-112.155
-116.816
-121.057
-124.838
-128.103
-130.799
-132.883
-134.341
-135.202
-135.525
-135.294
-134.437
-132.877
-130.533
-127.329
-123.183
-118.022
-111.779
-104.402
-95.8666
-86.1795
-75.4206
-64.2841
15.8056
22.8568
30.6461
38.8552
46.6496
54.2048
61.2364
67.2283
72.0645
75.9205
78.8922
81.1023
82.7457
83.9641
84.8594
85.5202
86.0059
86.3546
86.5938
86.7367
86.7865
86.7349
86.5617
86.2358
85.7387
85.077
84.2579
83.2832
82.156
80.8817
79.4689
77.9277
76.2688
74.5016
72.6296
70.6454
68.5232
66.2056
63.7077
7.60931
0.223342
-8.14728
-16.8994
-25.293
-33.9484
-42.4461
-50.5226
-58.2975
-65.6354
-72.52
-79.016
-85.1077
-90.8263
-96.1955
-101.215
-105.88
-110.175
-114.071
-117.531
-120.508
-122.951
-124.828
-126.128
-126.884
-127.154
-126.925
-126.138
-124.725
-122.616
-119.746
-116.045
-111.445
-105.885
-99.3146
-91.6973
-83.0215
-73.33
-63.2324
14.6168
21.3397
28.7751
36.6217
44.0809
51.3225
58.0748
63.8409
68.5063
72.2378
75.1251
77.2824
78.8963
80.1019
80.9968
81.6662
82.168
82.5397
82.8088
82.9896
83.0869
83.0952
82.9978
82.7675
82.3847
81.8528
81.1767
80.3572
79.3955
78.294
77.0577
75.692
74.2027
72.5934
70.8624
68.9984
66.9741
64.736
62.3144
6.85266
-0.17371
-8.12901
-16.4345
-24.3878
-32.5777
-40.6047
-48.2198
-55.5375
-62.4301
-68.8835
-74.96
-80.6452
-85.97
-90.9571
-95.6069
-99.9175
-103.874
-107.452
-110.617
-113.327
-115.541
-117.228
-118.386
-119.048
-119.269
-119.044
-118.32
-117.038
-115.141
-112.571
-109.267
-105.171
-100.225
-94.3798
-87.593
-79.8369
-71.1244
-61.9906
13.5264
19.9347
27.0303
34.5286
41.6649
48.604
55.0861
60.6328
65.1317
68.7409
71.544
73.6475
75.2297
76.4198
77.3107
77.9846
78.4978
78.887
79.1798
79.3913
79.5276
79.5857
79.5523
79.4028
79.1177
78.6971
78.1445
77.4596
76.642
75.6924
74.6127
73.4051
72.0709
70.6098
69.0158
67.2747
65.3578
63.2144
60.8857
6.17332
-0.508856
-8.06714
-15.9464
-23.4802
-31.227
-38.8068
-45.9849
-52.87
-59.3426
-65.3899
-71.0721
-76.3765
-81.3332
-85.9643
-90.2709
-94.2524
-97.8961
-101.179
-104.073
-106.541
-108.544
-110.06
-111.09
-111.666
-111.845
-111.624
-110.956
-109.794
-108.086
-105.785
-102.838
-99.1918
-94.7968
-89.6028
-83.5644
-76.6417
-68.8243
-60.5812
12.5273
18.6341
25.4034
32.5666
39.392
46.0393
52.2596
57.5936
61.9301
65.419
68.1381
70.187
71.7354
72.9072
73.7909
74.4657
74.9862
75.3883
75.6992
75.9351
76.1031
76.202
76.2217
76.1404
75.9383
75.6129
75.1661
74.5974
73.9052
73.0887
72.1475
71.0814
69.8886
68.5657
67.1035
65.4855
63.6822
61.6445
59.4211
5.56522
-0.787709
-7.96631
-15.4388
-22.5728
-29.8982
-37.0532
-43.817
-50.2932
-56.3691
-62.0344
-67.3462
-72.2941
-76.9065
-81.2057
-85.1934
-88.8698
-92.2242
-95.2366
-97.8815
-100.127
-101.939
-103.299
-104.213
-104.714
-104.856
-104.639
-104.024
-102.969
-101.432
-99.3717
-96.7429
-93.5
-89.597
-84.9862
-79.6204
-73.4511
-66.4492
-59.0263
11.613
17.4305
23.8864
30.7275
37.2535
43.6189
49.586
54.7133
58.8911
62.2616
64.897
66.8904
68.4035
69.5546
70.4282
71.1007
71.6246
72.0354
72.3597
72.6144
72.8075
72.9396
73.0032
72.9788
72.8467
72.6021
72.246
71.7772
71.1936
70.4932
69.6743
68.7345
67.6702
66.4753
65.1387
63.6422
61.9555
60.0311
57.9224
5.02257
-1.01518
-7.83107
-14.9151
-21.6682
-28.5925
-35.3442
-41.7155
-47.8047
-53.5063
-58.8119
-63.7761
-68.3899
-72.681
-76.6709
-80.3621
-83.756
-86.8432
-89.6063
-92.023
-94.0649
-95.7036
-96.9238
-97.7338
-98.168
-98.2785
-98.0664
-97.4994
-96.5416
-95.1579
-93.3129
-90.9689
-88.0855
-84.6217
-80.5324
-75.7694
-70.2787
-64.0177
-57.347
10.7769
16.3171
22.4722
29.0033
35.2408
41.3342
47.0561
51.9823
56.0052
59.2591
61.8113
63.7484
65.2246
66.3529
67.2138
67.881
68.4052
68.8208
69.1546
69.4231
69.6358
69.7944
69.8936
69.9164
69.843
69.6667
69.3877
69.0045
68.5147
67.9154
67.2039
66.3767
65.4285
64.3518
63.1339
61.7557
60.1864
58.3797
56.3914
4.53995
-1.19626
-7.66524
-14.3786
-20.7688
-27.3117
-33.6803
-39.6794
-45.4027
-50.7512
-55.7182
-60.3558
-64.6567
-68.6475
-72.3496
-75.7656
-78.8976
-81.7382
-84.2722
-86.4795
-88.336
-89.8172
-90.911
-91.6284
-92.0038
-92.0871
-91.881
-91.3583
-90.4887
-89.2427
-87.591
-85.5011
-82.9383
-79.8658
-76.2415
-72.0177
-67.1369
-61.5469
-55.5641
10.0133
15.2875
21.1536
27.3866
33.3461
39.1766
44.661
49.3919
53.2634
56.4025
58.8719
60.7521
62.1901
63.2937
64.1396
64.7988
65.3204
65.7377
66.0771
66.3555
66.5827
66.762
66.89
66.9514
66.9269
66.8081
66.5943
66.2842
65.8751
65.3636
64.7464
64.0191
63.1757
62.2074
61.1009
59.8364
58.3831
56.6959
54.8314
4.11232
-1.33534
-7.47276
-13.8324
-19.8768
-26.0565
-32.0615
-37.708
-43.0852
-48.1003
-52.7485
-57.0796
-61.0874
-64.7979
-68.2317
-71.3921
-74.2819
-76.895
-79.2182
-81.2341
-82.9217
-84.2601
-85.2404
-85.8753
-86.199
-86.2593
-86.06
-85.5784
-84.7889
-83.667
-82.1882
-80.3251
-78.0478
-75.3235
-72.1133
-68.3709
-64.037
-59.0528
-53.6969
9.31645
14.3354
19.9242
25.8704
31.5618
37.1386
42.3927
46.9337
50.6572
53.6834
56.0704
57.8932
59.2918
60.369
61.198
61.8469
62.3634
62.7796
63.1215
63.4062
63.6439
63.8389
63.9893
64.0822
64.0978
64.027
63.8683
63.6203
63.2804
62.845
62.3104
61.6717
60.9223
60.0532
59.0505
57.8943
56.5542
54.9861
53.2463
3.73486
-1.43668
-7.25716
-13.2792
-18.994
-24.8284
-30.4879
-35.8
-40.8499
-45.5505
-49.8987
-53.9418
-57.6751
-61.1238
-64.3077
-67.2309
-69.8966
-72.2998
-74.4293
-76.2702
-77.8041
-79.0132
-79.8916
-80.4533
-80.732
-80.773
-80.5814
-80.1378
-79.4211
-78.411
-77.087
-75.4263
-73.4031
-70.9883
-68.1463
-64.8327
-60.9882
-56.5501
-51.7635
8.68112
13.4554
18.7777
24.448
29.8812
35.2126
40.2435
44.5999
48.1786
51.0935
53.3988
55.1639
56.5222
57.5716
58.3818
59.0187
59.5278
59.9406
60.2823
60.5701
60.8147
61.021
61.1889
61.3067
61.3553
61.3241
61.2116
61.0164
60.7356
60.366
59.9035
59.3431
58.6781
57.8993
56.9927
55.9388
54.7078
53.2564
51.6403
3.40318
-1.50414
-7.02175
-12.7215
-18.1223
-23.6281
-28.9595
-33.9548
-38.6948
-43.0986
-47.1642
-50.937
-54.4131
-57.6173
-60.5685
-63.2714
-65.7296
-67.9395
-69.891
-71.5719
-72.9659
-74.0583
-74.8454
-75.3422
-75.5817
-75.6069
-75.4236
-75.0156
-74.3651
-73.4557
-72.2704
-70.7902
-68.993
-66.8532
-64.3382
-61.4062
-57.9987
-54.0514
-49.7806
8.10243
12.642
17.7084
23.1133
28.2973
33.3918
38.2063
42.383
45.8199
48.6255
50.8498
52.5571
53.8741
54.8946
55.6847
56.3076
56.8076
57.2148
57.5541
57.8425
58.0909
58.3051
58.4859
58.6233
58.6983
58.6998
58.6259
58.4751
58.2449
57.932
57.5324
57.0412
56.4516
55.7547
54.9368
53.9787
52.8516
51.5135
50.0184
3.1131
-1.54151
-6.76962
-12.1618
-17.2635
-22.4565
-27.4762
-32.1711
-36.618
-40.7416
-44.5408
-48.0595
-51.2948
-54.2704
-57.005
-59.5034
-61.7697
-63.8011
-65.5895
-67.124
-68.3909
-69.378
-70.0833
-70.5228
-70.7285
-70.7408
-70.5664
-70.1915
-69.6015
-68.7828
-67.7218
-66.4026
-64.8064
-62.9107
-60.686
-58.0929
-55.0753
-51.5683
-47.7635
7.57577
11.8902
16.7109
21.8603
26.8041
31.6697
36.2742
40.2761
43.5742
46.2722
48.4164
50.0658
51.3411
52.3315
53.1003
53.708
54.1973
54.5972
54.9322
55.2191
55.4688
55.6876
55.8777
56.03
56.1261
56.1543
56.1122
55.9989
55.8117
55.5477
55.2029
54.7726
54.2504
53.6275
52.8909
52.022
50.9931
49.7636
48.3855
2.86072
-1.5521
-6.50359
-11.6023
-16.4189
-21.3143
-26.0378
-30.4478
-34.6172
-38.476
-42.0245
-45.3043
-48.3138
-51.0758
-53.6085
-55.9169
-58.0055
-59.8725
-61.5111
-62.9118
-64.0634
-64.9555
-65.5877
-65.9766
-66.1531
-66.1554
-65.9902
-65.6462
-65.1114
-64.3748
-63.4253
-62.2497
-60.8322
-59.1531
-57.1859
-54.8938
-52.2233
-49.1107
-45.7258
7.09684
11.1954
15.7802
20.6839
25.3958
30.04
34.4407
38.2725
41.4345
44.0268
46.092
47.684
48.917
49.8766
50.6231
51.2144
51.6917
52.083
52.412
52.6955
52.9444
53.1655
53.3616
53.525
53.6375
53.6872
53.6715
53.5895
53.4389
53.2169
52.9198
52.5431
52.0809
51.5248
50.8625
50.0761
49.1393
48.0129
46.7468
2.6424
-1.53922
-6.22632
-11.0451
-15.5899
-20.2021
-24.6441
-28.7837
-32.6903
-36.2989
-39.6109
-42.6661
-45.4637
-48.0262
-50.3706
-52.5025
-54.4266
-56.1419
-57.6428
-58.9214
-59.9681
-60.7745
-61.3416
-61.686
-61.8375
-61.8322
-61.6765
-61.3615
-60.8772
-60.2147
-59.3652
-58.3179
-57.0593
-55.5726
-53.8335
-51.8086
-49.4469
-46.6869
-43.6796
6.66162
10.5532
14.9116
19.5787
24.067
28.4972
32.7
36.3661
39.3944
41.8832
43.8708
45.4055
46.5962
47.5244
48.2477
48.8217
49.2859
49.6675
49.9894
50.268
50.5144
50.7355
50.9351
51.1064
51.2315
51.2983
51.3042
51.2484
51.1288
50.9428
50.6872
50.3578
49.9489
49.4529
48.8581
48.1477
47.2967
46.2674
45.1075
2.45476
-1.50584
-5.94041
-10.4921
-14.778
-19.1205
-23.2948
-27.1779
-30.8353
-34.2072
-37.2959
-40.1396
-42.7386
-45.1143
-47.283
-49.2507
-51.0223
-52.5977
-53.9721
-55.1392
-56.0907
-56.8199
-57.3289
-57.6343
-57.7646
-57.7535
-57.6077
-57.3198
-56.8817
-56.2863
-55.5267
-54.594
-53.4769
-52.1609
-50.6242
-48.8362
-46.7491
-44.3042
-41.6357
6.26631
9.95945
14.1006
18.5401
22.8129
27.0361
31.0465
34.5512
37.4477
39.8351
41.7469
43.2249
44.373
45.2694
45.969
46.525
46.9754
47.3464
47.6602
47.9328
48.1753
48.3949
48.5958
48.7721
48.9067
48.987
49.0104
48.9763
48.8831
48.7281
48.5085
48.2206
47.8591
47.417
46.8835
46.2428
45.4713
44.5329
43.4728
2.29469
-1.45468
-5.64804
-9.94486
-13.984
-18.0699
-21.9896
-25.629
-29.05
-32.1978
-35.0756
-37.7197
-40.132
-42.3329
-44.3377
-46.1523
-47.7826
-49.2287
-50.4869
-51.552
-52.4169
-53.0766
-53.534
-53.8053
-53.9176
-53.9026
-53.767
-53.5046
-53.1089
-52.5744
-51.8956
-51.0655
-50.0744
-48.91
-47.5528
-45.975
-44.1319
-41.9681
-39.6034
5.90753
9.41042
13.3432
17.5635
21.6283
25.6514
29.4748
32.8223
35.5887
37.8772
39.715
41.1369
42.2423
43.1067
43.7823
44.32
44.7559
45.1156
45.4206
45.6863
45.9238
46.1405
46.3411
46.5203
46.6616
46.7524
46.79
46.774
46.7029
46.5745
46.3863
46.1349
45.8156
45.4219
44.9439
44.3668
43.6685
42.8145
41.8479
2.15937
-1.38808
-5.35127
-9.40484
-13.2088
-17.0503
-20.7277
-24.1358
-27.3321
-30.2679
-32.946
-35.4017
-37.6385
-39.6755
-41.5267
-43.1987
-44.6975
-46.0241
-47.1754
-48.1471
-48.9335
-49.5307
-49.942
-50.1835
-50.2809
-50.2637
-50.1383
-49.8999
-49.5432
-49.0641
-48.4582
-47.7199
-46.8414
-45.8117
-44.6139
-43.2224
-41.5962
-39.6831
-37.5904
5.58209
8.90257
12.6354
16.6445
20.5085
24.3377
27.9789
31.1736
33.8116
36.0049
37.771
39.1369
40.1993
41.0316
41.6831
42.202
42.6233
42.9713
43.2669
43.5252
43.7569
43.9697
44.1685
44.3488
44.4947
44.5934
44.6424
44.6414
44.5891
44.4837
44.3228
44.1035
43.8216
43.4713
43.0434
42.5243
41.8932
41.1174
40.2377
2.04579
-1.30869
-5.05229
-8.8738
-12.4537
-16.0619
-19.5085
-22.6966
-25.679
-28.4139
-30.9025
-33.1802
-35.2527
-37.1362
-38.8433
-40.3815
-41.758
-42.9738
-44.0263
-44.9124
-45.6274
-46.1682
-46.5387
-46.7545
-46.8396
-46.8214
-46.7065
-46.4908
-46.1702
-45.7415
-45.2016
-44.5459
-43.7678
-42.8582
-41.8019
-40.576
-39.1425
-37.453
-35.6034
5.28678
8.43281
11.9743
15.7798
19.4501
23.0912
26.5542
29.5994
32.1096
34.213
35.9106
37.2204
38.2396
39.0399
39.6673
40.1674
40.5737
40.9098
41.1956
41.446
41.6713
41.8794
42.0753
42.2555
42.4041
42.5088
42.5669
42.5783
42.5421
42.4564
42.3194
42.1285
41.8799
41.5685
41.1859
40.7195
40.1499
39.4462
38.6471
1.95107
-1.21993
-4.75443
-8.35506
-11.7211
-15.1074
-18.3336
-21.3116
-24.0893
-26.6341
-28.9401
-31.0484
-32.9678
-34.7079
-36.2791
-37.6918
-38.9543
-40.0674
-41.029
-41.8364
-42.4863
-42.9763
-43.3106
-43.5039
-43.579
-43.5612
-43.4569
-43.2627
-42.9756
-42.5931
-42.1129
-41.5315
-40.8435
-40.041
-39.1107
-38.0319
-36.77
-35.2798
-33.6477
5.01864
7.99836
11.3572
14.9676
18.452
21.9113
25.2002
28.0979
30.4735
32.4928
34.1268
35.3811
36.3573
37.1264
37.7304
38.212
38.6034
38.9274
39.2034
39.4456
39.6642
39.8669
40.0594
40.2382
40.3883
40.4974
40.5629
40.5847
40.562
40.4935
40.3775
40.2116
39.9927
39.7162
39.3744
38.9558
38.4424
37.805
37.0804
1.87304
-1.12346
-4.45916
-7.84987
-11.0125
-14.188
-17.204
-19.982
-22.5638
-24.9296
-27.0557
-28.9999
-30.7764
-32.3822
-33.8247
-35.1193
-36.2757
-37.2938
-38.1714
-38.907
-39.4978
-39.9424
-40.2449
-40.4191
-40.4863
-40.47
-40.3764
-40.2029
-39.9469
-39.6069
-39.1811
-38.6669
-38.0597
-37.353
-36.5351
-35.5874
-34.4781
-33.1659
-31.7284
4.77522
7.59614
10.781
14.2039
17.5104
20.7943
23.9163
26.6693
28.9003
30.8395
32.4141
33.6135
34.547
35.2859
35.8671
36.3306
36.7074
37.0197
37.286
37.52
37.7318
37.9291
38.1177
38.2946
38.4453
38.5578
38.6293
38.6599
38.6491
38.5957
38.4983
38.3547
38.1624
37.9172
37.6124
37.2372
36.775
36.1982
35.5422
1.81191
-1.01733
-4.16254
-7.35283
-10.3219
-13.2966
-16.1136
-18.7025
-21.099
-23.2937
-25.2472
-27.0401
-28.6844
-30.1605
-31.4781
-32.66
-33.7163
-34.645
-35.4437
-36.1125
-36.6492
-37.0528
-37.3274
-37.4854
-37.5466
-37.533
-37.4503
-37.2967
-37.0699
-36.7692
-36.3933
-35.9399
-35.4059
-34.7852
-34.0677
-33.2371
-32.2642
-31.1111
-29.8474
4.55523
7.22352
10.2388
13.479
16.6121
19.7236
22.6849
25.2989
27.3994
29.2689
30.7813
31.9205
32.8104
33.519
34.077
34.5217
34.8836
35.1839
35.4404
35.6663
35.8712
36.063
36.2475
36.4222
36.5727
36.6878
36.7643
36.8027
36.8022
36.7623
36.6814
36.5579
36.3896
36.1727
35.9013
35.5656
35.1501
34.6287
34.0355
1.76668
-0.902016
-3.86306
-6.86098
-9.64346
-12.4248
-15.0504
-17.4603
-19.681
-21.7117
-23.4983
-25.1706
-26.7023
-28.0472
-29.2379
-30.3119
-31.2741
-32.1175
-32.8411
-33.4468
-33.9334
-34.2994
-34.5488
-34.6931
-34.7503
-34.7405
-34.6694
-34.535
-34.3359
-34.0721
-33.742
-33.3439
-32.876
-32.3329
-31.7054
-30.9792
-30.1282
-29.1177
-28.0104
4.35746
6.87811
9.72759
12.7867
15.7471
18.6834
21.4843
23.9537
25.9522
27.7895
29.2362
30.3024
31.1464
31.8265
32.3616
32.7871
33.1339
33.4222
33.669
33.8865
34.0845
34.2704
34.4504
34.6223
34.7725
34.8893
34.9701
35.0151
35.024
34.996
34.93
34.8246
34.678
34.4866
34.2454
33.9453
33.5724
33.1019
32.5665
1.73411
-0.808849
-3.62686
-6.46193
-9.07771
-11.6723
-14.088
-16.2808
-18.2558
-20.064
-21.5413
-23.1814
-24.7326
-26.0261
-27.1589
-28.1975
-29.1337
-29.9511
-30.651
-31.2377
-31.7101
-32.0665
-32.3102
-32.4523
-32.5116
-32.5079
-32.4478
-32.3285
-32.1506
-31.915
-31.6133
-31.2527
-30.8307
-30.3414
-29.7763
-29.1226
-28.3569
-27.4473
-26.4512
4.20684
6.6087
9.32822
12.2254
15.0182
17.7562
20.3281
22.5212
24.2859
26.2949
27.7789
28.8191
29.6592
30.3479
30.8872
31.3135
31.6607
31.95
32.1975
32.4157
32.6146
32.8019
32.9839
33.1588
33.3131
33.4348
33.521
33.5724
33.5889
33.5696
33.514
33.421
33.2886
33.1144
32.8933
32.6168
32.2722
31.8356
31.3389
1.71015
-0.729198
-3.4251
-6.11737
-8.57756
-10.9858
-13.1827
-15.1321
-16.8171
-18.3543
-19.4243
-21.1173
-22.777
-24.0743
-25.1961
-26.2469
-27.2017
-28.0334
-28.7445
-29.3417
-29.8241
-30.1897
-30.4424
-30.5926
-30.6603
-30.666
-30.6173
-30.5105
-30.3494
-30.136
-29.8501
-29.5139
-29.1235
-28.6711
-28.1487
-27.5454
-26.8395
-26.0006
-25.0824
4.08493
6.3876
8.99063
11.7361
14.3588
16.8762
19.1748
21.0398
22.5124
24.7914
26.3879
27.4395
28.3019
29.0221
29.5847
30.026
30.3845
30.6835
30.939
31.1642
31.3694
31.5631
31.7518
31.934
32.0961
32.2249
32.3178
32.3759
32.3989
32.3866
32.3386
32.2538
32.1309
31.9678
31.7598
31.499
31.1729
30.7583
30.2871
1.69022
-0.64447
-3.21712
-5.76563
-8.07055
-10.293
-12.2765
-13.9885
-15.4003
-16.674
-17.3653
-19.0784
-20.8238
-22.1191
-23.2203
-24.2721
-25.2384
-26.0797
-26.7982
-27.4031
-27.8944
-28.2686
-28.5303
-28.6886
-28.7651
-28.7807
-28.7447
-28.6518
-28.5091
-28.3199
-28.0521
-27.742
-27.3855
-26.9715
-26.4927
-25.9402
-25.2942
-24.5262
-23.6917
3.96548
6.16841
8.6533
11.2464
13.7016
15.9976
18.0331
19.59
20.7759
23.2684
24.9817
26.0462
26.9217
27.6681
28.2529
28.7084
29.0776
29.3852
29.6483
29.8801
30.0913
30.291
30.4863
30.676
30.8456
30.9817
31.0817
31.1466
31.1767
31.1719
31.1317
31.0555
30.9427
30.7909
30.5962
30.3512
30.044
29.6516
29.2063
1.67371
-0.556283
-3.00535
-5.41088
-7.56192
-9.60088
-11.3775
-12.858
-14.0151
-15.0225
-15.3781
-17.0736
-18.8713
-20.1606
-21.2367
-22.2786
-23.2479
-24.0936
-24.8159
-25.4259
-25.924
-26.3064
-26.5764
-26.7432
-26.8286
-26.8539
-26.8299
-26.7498
-26.6243
-26.4575
-26.206
-25.9198
-25.5949
-25.2172
-24.7803
-24.277
-23.6894
-22.9882
-22.2206
3.84885
5.95259
8.31873
10.7605
13.0515
15.1259
16.9114
18.1714
19.0878
21.7281
23.5559
24.6416
25.5244
26.2903
26.8948
27.3643
27.7435
28.0595
28.3297
28.5677
28.7847
28.9901
29.1918
29.3887
29.566
29.7094
29.8166
29.8887
29.9262
29.9293
29.8975
29.8308
29.7286
29.5891
29.4084
29.1798
28.8918
28.5222
28.1025
1.66075
-0.465517
-2.79189
-5.05647
-7.05652
-8.9157
-10.4932
-11.7482
-12.669
-13.404
-13.4708
-15.1119
-16.9226
-18.1978
-19.2451
-20.2678
-21.2309
-22.0759
-22.7987
-23.4111
-23.9142
-24.3041
-24.5829
-24.7604
-24.8583
-24.8981
-24.8919
-24.8314
-24.7305
-24.5933
-24.3666
-24.1116
-23.824
-23.4875
-23.0953
-22.6423
-22.1135
-21.4855
-20.819
3.7362
5.74192
7.98973
10.2826
12.4136
14.266
15.8155
16.7789
17.446
20.1729
22.105
23.222
24.1124
24.8939
25.5148
25.9958
26.3832
26.7068
26.9844
27.2293
27.4526
27.6642
27.8724
28.077
28.2624
28.414
28.5291
28.6091
28.6548
28.6661
28.6432
28.5861
28.4945
28.3671
28.2008
27.989
27.7208
27.3749
26.9822
1.65104
-0.37379
-2.5802
-4.70712
-6.56065
-8.24535
-9.63267
-10.6697
-11.3716
-11.8258
-11.6481
-13.1988
-14.9806
-16.2297
-17.2448
-18.2404
-19.1881
-20.0264
-20.7465
-21.3596
-21.8668
-22.2632
-22.5489
-22.7327
-22.8356
-22.8807
-22.8817
-22.8291
-22.7398
-22.618
-22.4034
-22.1678
-21.9072
-21.6035
-21.2511
-20.8455
-20.3703
-19.794
-19.1427
3.62895
5.53931
7.67012
9.81851
11.7931
13.423
14.7499
15.408
15.8405
18.6045
20.6258
21.7794
22.6806
23.4796
24.12
24.6132
25.0063
25.3336
25.6153
25.8652
26.0941
26.312
26.5273
26.7399
26.9342
27.0951
27.2199
27.3101
27.3665
27.3893
27.3783
27.3337
27.2552
27.1416
26.9902
26.795
26.5459
26.2213
25.8494
1.64415
-0.284453
-2.37639
-4.37138
-6.08343
-7.59982
-8.80501
-9.63111
-10.1283
-10.2927
-9.91201
-11.3374
-13.0486
-14.2565
-15.2339
-16.1945
-17.1181
-17.9429
-18.6562
-19.2679
-19.7801
-20.1884
-20.4934
-20.704
-20.839
-20.9184
-20.9567
-20.944
-20.8994
-20.8268
-20.6563
-20.4673
-20.2559
-20.0015
-19.6983
-19.345
-18.9353
-18.4607
-18.0065
3.5298
5.34974
7.36709
9.37697
11.1946
12.5972
13.7094
14.0429
14.2479
17.0212
19.1234
20.3135
21.2186
22.029
22.693
23.2104
23.621
23.9579
24.244
24.4961
24.7272
24.9483
25.1689
25.3884
25.5904
25.759
25.8912
25.9891
26.054
26.0865
26.0871
26.0564
25.9944
25.8997
25.77
25.5992
25.3782
25.0889
24.767
1.63906
-0.201723
-2.18833
-4.06011
-5.63726
-6.99176
-8.0189
-8.63606
-8.93791
-8.80681
-8.26062
-9.52861
-11.1294
-12.2778
-13.2088
-14.126
-15.0175
-15.8231
-16.5251
-17.1293
-17.6352
-18.0353
-18.326
-18.5123
-18.6178
-18.6715
-18.6881
-18.6563
-18.5959
-18.5091
-18.3284
-18.1405
-17.9416
-17.7111
-17.4431
-17.1337
-16.7608
-16.2749
-15.6437
3.44052
5.17703
7.08752
8.96728
10.6233
11.7913
12.6918
12.6661
12.6287
15.4006
17.5998
18.8503
19.7634
20.5618
21.2167
21.738
22.1663
22.5284
22.8393
23.111
23.3564
23.5883
23.8186
24.0496
24.2666
24.4518
24.6005
24.7135
24.7913
24.8341
24.8425
24.8173
24.7591
24.6684
24.544
24.3812
24.1692
23.8789
23.5196
1.63487
-0.125628
-2.01643
-3.77662
-5.2297
-6.43429
-7.28954
-7.70303
-7.81991
-7.38735
-6.69256
-7.77033
-9.22591
-10.2936
-11.1656
-12.027
-12.8739
-13.6547
-14.3535
-14.9743
-15.5167
-15.976
-16.3529
-16.6533
-16.8803
-17.044
-17.1648
-17.2355
-17.2849
-17.3131
-17.2308
-17.1306
-17.0117
-16.8512
-16.6456
-16.4011
-16.1339
-15.8761
-15.7903
3.3586
5.0177
6.82967
8.5922
10.088
11.037
11.7398
11.2851
10.948
13.6892
15.9893
17.3522
18.3541
19.2026
19.8544
20.3302
20.6998
21.0171
21.3065
21.5764
21.8316
22.0785
22.3251
22.5714
22.8026
23.0052
23.1778
23.3226
23.4397
23.5292
23.5904
23.6225
23.6239
23.5921
23.5243
23.417
23.2712
23.0939
22.9656
1.63234
-0.0534879
-1.85633
-3.5167
-4.86156
-5.93895
-6.64359
-6.88472
-6.83829
-6.07618
-5.20923
-6.06797
-7.34237
-8.30209
-9.10489
-9.90241
-10.6814
-11.3928
-12.0217
-12.569
-13.0284
-13.3825
-13.6152
-13.7267
-13.7665
-13.7866
-13.7912
-13.7585
-13.7006
-13.617
-13.4556
-13.3061
-13.1625
-13.0045
-12.824
-12.6091
-12.3105
-11.8241
-10.9789
3.28361
4.87112
6.59414
8.25406
9.60298
10.3883
10.9086
9.89922
9.2031
11.8813
14.1916
15.5911
16.6923
17.713
18.5642
19.1987
19.6467
19.9622
20.2003
20.4027
20.5963
20.7987
21.0213
21.2599
21.4849
21.6699
21.8091
21.9056
21.9634
21.986
21.9767
21.9403
21.8815
21.804
21.7077
21.5822
21.394
21.0575
20.4697
1.63234
-0.00336754
-1.74159
-3.32005
-4.571
-5.53334
-6.09479
-6.18752
-5.96585
-4.82127
-3.78516
-4.44196
-5.49528
-6.29286
-7.00007
-7.75305
-8.53613
-9.30368
-10.0381
-10.7393
-11.4096
-12.0544
-12.6754
-13.2553
-13.7251
-14.0627
-14.3337
-14.5557
-14.7862
-15.0161
-15.088
-15.098
-15.0909
-15.0517
-14.9714
-14.8696
-14.8188
-14.9483
-15.5979
3.23681
4.77637
6.43185
7.99749
9.19614
9.82685
10.0424
8.31445
7.36024
10.1392
12.4675
13.7517
14.6351
15.433
16.1933
16.9273
17.6288
18.2643
18.8058
19.2485
19.6063
19.9024
20.1706
20.4582
20.7981
21.1617
21.509
21.827
22.1122
22.3624
22.5728
22.7365
22.8483
22.9055
22.9127
22.8887
22.8935
23.0601
23.6547
1.62874
-0.0272863
-1.76699
-3.30677
-4.47414
-5.29037
-5.63532
-5.47979
-4.91305
-3.34343
-2.31249
-2.87526
-3.73876
-4.32802
-4.78779
-5.23529
-5.67748
-6.09465
-6.47402
-6.80246
-7.04958
-7.16671
-7.11846
-6.92612
-6.74823
-6.66885
-6.63038
-6.55333
-6.41709
-6.31904
-6.15297
-6.00906
-5.90592
-5.81237
-5.71119
-5.58088
-5.30839
-4.68966
-3.26866
3.25505
4.806
6.4424
7.92103
8.92048
9.24035
8.7367
6.16222
5.18337
8.40154
11.2813
13.1466
14.3191
14.9369
15.0655
14.8911
14.6144
14.398
14.3104
14.3581
14.521
14.778
15.0903
15.3605
15.4819
15.4977
15.4909
15.474
15.4446
15.402
15.3554
15.3168
15.2948
15.2921
15.297
15.2653
15.0669
14.4371
12.9448
1.61064
-0.122744
-1.92365
-3.47532
-4.58336
-5.24156
-5.31915
-4.80707
-3.7162
-1.73502
-0.739391
-1.192
-1.98808
-2.73644
-3.49168
-4.28115
-5.11214
-5.98902
-6.92425
-7.94021
-9.06761
-10.322
-11.6451
-12.8871
-13.782
-14.3286
-14.8662
-15.2933
-16.0044
-17.04
-16.7434
-16.7972
-17.1134
-17.3465
-17.4581
-17.5651
-17.8545
-18.5926
-20.2885
3.30975
4.91599
6.57737
7.99675
8.79584
8.6996
7.23214
3.90404
2.36125
5.2323
8.42178
11.58
14.6547
17.5728
20.0525
21.9518
23.3147
24.1849
24.6788
24.9263
25.0411
25.1151
25.2828
25.759
26.6264
27.5707
28.3482
28.9882
29.5439
30.0254
30.4158
30.7065
30.9028
31.0213
31.1014
31.223
31.5884
32.5045
34.4728
287.039
282.223
276.061
268.738
259.875
249.413
237.414
224.099
209.873
195.244
180.652
166.375
152.538
139.18
126.306
113.919
102.024
90.6226
79.7181
69.3078
59.3837
49.9382
40.9595
32.4364
24.3569
16.7105
9.48647
2.67313
-3.73935
-9.7607
-15.3967
-20.6502
-25.5241
-30.0186
-34.1335
-37.8697
-41.2277
-44.21
-46.8201
-49.0631
-50.946
-52.4783
-53.6715
-54.5384
-55.0947
-55.3577
-55.3455
-55.078
-54.5757
-53.8601
-52.9527
-51.8748
-50.6477
-49.292
-47.827
-46.2714
-44.6426
-42.9565
-41.2276
-39.4693
-37.6931
-35.9093
-34.1269
-32.3534
-30.5963
-28.8589
-27.1509
-25.6892
-24.3853
-23.0695
-21.6444
-20.3419
-18.6478
-17.715
-15.1435
-15.7926
-10.3223
-16.0776
-2.36434
-21.4818
286.167
277.29
267.629
257.679
247.552
237.425
227.431
217.64
208.09
198.813
189.835
181.181
172.875
164.936
157.378
150.213
143.446
137.081
131.115
125.541
120.349
115.526
111.056
106.921
103.1
99.5749
96.3233
93.3252
90.5597
88.0076
85.6498
83.4682
81.445
79.5635
77.8076
76.1617
74.6105
73.1396
71.7346
70.3825
69.0701
67.7857
66.5182
65.2576
63.9947
62.7224
61.4338
60.1243
58.7899
57.4283
56.0383
54.62
53.1744
51.7036
50.2102
48.6981
47.1709
45.6334
44.0902
42.5459
41.0055
39.4737
37.9551
36.4541
34.976
33.5236
32.105
30.9122
29.8837
28.8275
27.7476
26.6527
25.5361
24.5016
23.2029
22.8682
19.9566
24.0795
11.9288
35.3093
117.64
116.578
115.834
115.178
114.436
113.59
112.564
111.238
109.496
107.263
104.514
101.251
97.4894
93.258
88.5971
83.5527
78.1762
72.5203
66.6382
60.5831
54.4073
48.1616
41.8931
35.6454
29.4588
23.3674
17.4036
11.5978
5.98048
0.575953
-4.59502
-9.51503
-14.171
-18.5508
-22.6441
-26.443
-29.9402
-33.1307
-36.0106
-38.5777
-40.8316
-42.7746
-44.4105
-45.7447
-46.7861
-47.5449
-48.0332
-48.2648
-48.2551
-48.0208
-47.5797
-46.9498
-46.1498
-45.1982
-44.1133
-42.9129
-41.6141
-40.2331
-38.7848
-37.2834
-35.7416
-34.1708
-32.5816
-30.9826
-29.383
-27.7874
-26.2058
-24.8438
-23.6227
-22.3919
-21.0399
-19.8196
-18.1847
-17.3307
-14.8177
-15.5021
-10.1855
-15.7571
-2.6086
-21.0146
118.213
118.719
119.99
121.095
121.966
122.579
122.913
122.959
122.719
122.201
121.413
120.367
119.077
117.56
115.836
113.928
111.86
109.66
107.354
104.973
102.543
100.092
97.6438
95.2223
92.8471
90.5343
88.2976
86.147
84.0888
82.1265
80.2614
78.4916
76.8137
75.2227
73.7125
72.2757
70.9044
69.5902
68.3244
67.0981
65.9026
64.7291
63.5696
62.4158
61.2606
60.0973
58.9204
57.7248
56.5068
55.2634
53.9931
52.6949
51.3692
50.017
48.6403
47.2419
45.8249
44.3931
42.9508
41.5021
40.0518
38.6044
37.1647
35.7371
34.3269
32.9371
31.5764
30.4297
29.4395
28.4209
27.377
26.3182
25.2341
24.2371
22.9641
22.6653
19.8073
23.8098
12.1436
34.4853
63.5878
62.6791
61.792
60.9031
59.938
58.8988
57.7894
56.6088
55.3639
54.0674
52.7334
51.3699
49.9692
48.5085
46.957
45.2827
43.4573
41.4576
39.2641
36.8643
34.2516
31.4266
28.3954
25.1717
21.7745
18.2282
14.5609
10.8023
6.98345
3.13666
-0.705505
-4.50973
-8.24555
-11.8832
-15.3952
-18.757
-21.9465
-24.9441
-27.733
-30.299
-32.6308
-34.72
-36.5606
-38.149
-39.4847
-40.5701
-41.4092
-42.0089
-42.378
-42.5272
-42.469
-42.2168
-41.7853
-41.1899
-40.4463
-39.5704
-38.5777
-37.4837
-36.3029
-35.0493
-33.736
-32.3751
-30.9778
-29.5537
-28.1129
-26.6616
-25.2094
-23.9509
-22.8159
-21.6713
-20.3989
-19.2566
-17.7014
-16.897
-14.5065
-15.1283
-10.1282
-15.2886
-2.98385
-20.2829
64.2281
64.8025
65.4677
66.1082
66.8279
67.6147
68.4587
69.3484
70.2703
71.2088
72.1476
73.0688
73.9551
74.7888
75.553
76.2311
76.8085
77.2719
77.6108
77.8176
77.8877
77.8194
77.6146
77.2787
76.82
76.2484
75.5763
74.8175
73.986
73.0958
72.1605
71.1926
70.2027
69.2002
68.1924
67.1848
66.1808
65.1826
64.1904
63.2034
62.2197
61.2364
60.2502
59.2573
58.2535
57.2352
56.1984
55.1398
54.0563
52.9459
51.8068
50.6383
49.4403
48.2136
46.9596
45.6804
44.3787
43.0579
41.7214
40.3735
39.0183
37.6605
36.3047
34.9555
33.618
32.2955
30.9971
29.9006
28.9524
27.9753
26.9715
25.9524
24.9058
23.9452
22.7145
22.4154
19.7011
23.4143
12.4859
33.5339
64.4401
63.9192
63.3606
62.7634
62.0737
61.2455
60.2436
59.0356
57.6032
55.9509
54.1068
52.1141
50.0147
47.8355
45.5906
43.2862
40.928
38.5204
36.0656
33.564
31.0147
28.4146
25.7603
23.0481
20.2755
17.4406
14.5451
11.5915
8.58649
5.53864
2.46054
-0.632194
-3.7219
-6.78889
-9.81145
-12.7679
-15.636
-18.3945
-21.0227
-23.5017
-25.8146
-27.9468
-29.886
-31.622
-33.1477
-34.4586
-35.5525
-36.43
-37.0941
-37.55
-37.8051
-37.868
-37.7497
-37.4617
-37.0169
-36.4287
-35.7109
-34.8773
-33.9417
-32.9173
-31.8171
-30.6531
-29.4372
-28.1793
-26.8901
-25.5771
-24.2497
-23.0906
-22.0365
-20.972
-19.7744
-18.7062
-17.2244
-16.4741
-14.1823
-14.7865
-10.0028
-14.9336
-3.14206
-19.8066
64.866
65.2533
65.5935
65.8914
66.1604
66.3876
66.5784
66.7352
66.8613
66.9599
67.0353
67.091
67.1307
67.1581
67.1758
67.1858
67.1892
67.1858
67.1738
67.1509
67.1128
67.055
66.972
66.8581
66.7077
66.5158
66.278
65.9911
65.6535
65.2645
64.8253
64.3381
63.806
63.2329
62.6231
61.981
61.3105
60.6151
59.8976
59.16
58.4035
57.6285
56.8345
56.0204
55.1849
54.326
53.4419
52.5304
51.5897
50.6183
49.6151
48.5793
47.511
46.4106
45.2795
44.1192
42.9323
41.7216
40.4905
39.2426
37.9821
36.7134
35.4411
34.1696
32.9044
31.6487
30.4122
29.3644
28.4565
27.5192
26.5543
25.5737
24.5637
23.6383
22.4453
22.1576
19.5416
23.0997
12.5889
32.9241
56.3028
55.7917
55.2739
54.7758
54.2712
53.7317
53.1349
52.4584
51.6764
50.7652
49.7105
48.5112
47.1763
45.7158
44.1344
42.4325
40.6092
38.6664
36.6083
34.4412
32.1726
29.8113
27.3663
24.8474
22.2636
19.6243
16.9382
14.2138
11.4599
8.6848
5.89706
3.10667
0.323281
-2.44184
-5.17636
-7.86679
-10.4988
-13.0571
-15.5258
-17.8892
-20.132
-22.2395
-24.1983
-25.996
-27.6227
-29.0699
-30.3313
-31.4034
-32.2842
-32.9743
-33.4766
-33.7957
-33.938
-33.9118
-33.7266
-33.3928
-32.9219
-32.3258
-31.6166
-30.8066
-29.9079
-28.9323
-27.8912
-26.7949
-25.6543
-24.4776
-23.2742
-22.2138
-21.2401
-20.2554
-19.1329
-18.1394
-16.7293
-16.0403
-13.8324
-14.4518
-9.82341
-14.6298
-3.18296
-19.4533
56.6936
57.0153
57.3473
57.6845
58.0186
58.3459
58.6653
58.9724
59.2639
59.5359
59.785
60.0079
60.2019
60.3645
60.4941
60.5896
60.6508
60.6782
60.673
60.6368
60.5716
60.48
60.3642
60.2261
60.0677
59.8901
59.6938
59.4787
59.2442
58.9893
58.7124
58.4122
58.0872
57.7359
57.3575
56.9513
56.5169
56.0541
55.563
55.0438
54.4965
53.9211
53.317
52.684
52.0212
51.3276
50.6021
49.8436
49.0509
48.2231
47.3594
46.4594
45.5231
44.5512
43.5445
42.5048
41.434
40.3349
39.2105
38.0644
36.9003
35.7226
34.5356
33.344
32.153
30.9661
29.7933
28.7956
27.9288
27.0323
26.1073
25.1662
24.1939
23.3042
22.1491
21.8793
19.3391
22.8059
12.5645
32.4249
44.6172
44.1502
43.6718
43.2126
42.7535
42.2824
41.7872
41.2534
40.6667
40.012
39.2773
38.4573
37.5549
36.5775
35.5313
34.4179
33.2338
31.9726
30.6285
29.1962
27.6724
26.0544
24.3411
22.5328
20.6318
18.6418
16.5685
14.4187
12.2013
9.92577
7.60265
5.24349
2.86014
0.46476
-1.92958
-4.31004
-6.66303
-8.97508
-11.232
-13.42
-15.5249
-17.5332
-19.4317
-21.2077
-22.85
-24.3483
-25.694
-26.8801
-27.9015
-28.755
-29.4397
-29.956
-30.307
-30.4967
-30.5314
-30.4185
-30.1665
-29.7849
-29.2838
-28.6739
-27.966
-27.1709
-26.2994
-25.3616
-24.3681
-23.3278
-22.2492
-21.289
-20.3981
-19.4957
-18.4518
-17.5357
-16.2013
-15.5755
-13.4567
-14.0906
-9.62585
-14.298
-3.21727
-19.0579
44.9504
45.2123
45.4988
45.7948
46.1012
46.4194
46.7489
47.0889
47.4387
47.7969
48.1622
48.5325
48.9056
49.2786
49.6486
50.0124
50.366
50.7058
51.0281
51.3294
51.6062
51.8556
52.0751
52.2629
52.4175
52.5384
52.6252
52.6783
52.6982
52.6855
52.6412
52.5658
52.4599
52.3238
52.1576
51.9613
51.7344
51.4765
51.1871
50.8655
50.5113
50.1236
49.7017
49.245
48.7528
48.224
47.658
47.0539
46.4111
45.7287
45.0064
44.244
43.4417
42.5999
41.7197
40.8023
39.8499
38.8647
37.8496
36.8079
35.7432
34.6596
33.5614
32.4531
31.34
30.2256
29.1201
28.1756
27.3529
26.5002
25.6181
24.7189
23.7874
22.9353
21.8229
21.5679
19.1148
22.4684
12.531
31.8573
37.0829
36.6997
36.2999
35.9068
35.5082
35.1012
34.6828
34.2416
33.764
33.2369
32.6469
31.9835
31.2434
30.4317
29.5569
28.6276
27.6481
26.6193
25.5383
24.4023
23.2091
21.9567
20.6428
19.2655
17.8228
16.3137
14.7374
13.0942
11.3856
9.61437
7.78448
5.90185
3.97319
2.00702
0.0129464
-1.99823
-4.01493
-6.02474
-8.0147
-9.97141
-11.8815
-13.7316
-15.5084
-17.199
-18.7914
-20.2743
-21.6372
-22.8713
-23.9688
-24.9239
-25.7323
-26.3916
-26.901
-27.2615
-27.4759
-27.5485
-27.4849
-27.2919
-26.9773
-26.5498
-26.0186
-25.393
-24.683
-23.8978
-23.0475
-22.1411
-21.1864
-20.3267
-19.5193
-18.7003
-17.737
-16.8994
-15.6445
-15.0812
-13.0591
-13.7008
-9.41558
-13.9323
-3.24813
-18.6125
37.3693
37.6128
37.8749
38.1427
38.4197
38.7053
38.9993
39.3016
39.6121
39.9304
40.2566
40.5903
40.931
41.2782
41.6315
41.9901
42.3529
42.7184
43.0853
43.4518
43.8155
44.1737
44.5238
44.8627
45.1873
45.4943
45.7805
46.0431
46.2795
46.4871
46.6639
46.8085
46.9196
46.9964
47.0382
47.0446
47.0151
46.9496
46.8476
46.7088
46.5329
46.3191
46.0669
45.7758
45.4448
45.0734
44.6608
44.2065
43.7096
43.1697
42.5865
41.9599
41.2901
40.5776
39.8231
39.028
38.194
37.3234
36.4185
35.4825
34.5188
33.5313
32.5241
31.5017
30.4693
29.4303
28.395
27.5065
26.7304
25.9237
25.087
24.2323
23.3444
22.5311
21.4662
21.2214
18.8701
22.0835
12.4914
31.2359
32.0914
31.7726
31.4359
31.0985
30.7527
30.399
30.0408
29.6747
29.2914
28.8799
28.4291
27.9268
27.3621
26.7305
26.0345
25.2802
24.4739
23.6195
22.7178
21.7668
20.7648
19.7105
18.6034
17.4431
16.2298
14.9632
13.6438
12.272
10.8488
9.37549
7.85398
6.28685
4.67747
3.02994
1.34979
-0.356778
-2.08211
-3.81784
-5.5542
-7.28089
-8.98672
-10.6602
-12.2895
-13.8624
-15.3673
-16.7926
-18.1275
-19.3619
-20.4868
-21.4944
-22.3784
-23.1337
-23.7572
-24.2467
-24.6025
-24.8257
-24.9193
-24.8875
-24.7358
-24.4706
-24.0991
-23.6292
-23.0694
-22.4281
-21.7144
-20.9371
-20.1031
-19.342
-18.6174
-17.8807
-16.9983
-16.2385
-15.065
-14.5633
-12.6414
-13.2891
-9.18609
-13.5492
-3.25126
-18.156
32.3404
32.5621
32.7981
33.0409
33.2931
33.5538
33.8229
34.1005
34.386
34.6794
34.9803
35.2881
35.6025
35.9228
36.2486
36.5791
36.9137
37.2517
37.5924
37.9349
38.2784
38.6217
38.9637
39.3033
39.6388
39.9686
40.2907
40.6031
40.9034
41.1891
41.4576
41.7063
41.9326
42.134
42.3081
42.4528
42.5662
42.6465
42.6922
42.702
42.6746
42.6088
42.5038
42.3584
42.1718
41.9429
41.6711
41.3554
40.9953
40.5899
40.1392
39.6427
39.1006
38.5132
37.8812
37.2056
36.488
35.7302
34.9345
34.1037
33.2411
32.3501
31.4347
30.4993
29.549
28.5871
27.624
26.7932
26.0651
25.3061
24.5165
23.7077
22.8654
22.0918
21.0779
20.8404
18.5989
21.6636
12.4191
30.6063
27.8776
27.6074
27.3205
27.0297
26.728
26.4157
26.0976
25.7762
25.4489
25.109
24.7478
24.3567
23.9253
23.4439
22.9074
22.3171
21.6774
20.9929
20.267
19.5004
18.6911
17.8365
16.9349
15.9851
14.9863
13.9381
12.8402
11.693
10.4972
9.25402
7.96498
6.63258
5.25936
3.84873
2.40466
0.931858
-0.564414
-2.07786
-3.60165
-5.12789
-6.64827
-8.15358
-9.63417
-11.0799
-12.4802
-13.8248
-15.1032
-16.3056
-17.4224
-18.4452
-19.3663
-20.1791
-20.8785
-21.4605
-21.9227
-22.2642
-22.4853
-22.588
-22.5753
-22.4515
-22.2219
-21.8926
-21.4706
-20.9631
-20.3779
-19.7235
-19.0056
-18.3402
-17.6965
-17.0405
-16.2385
-15.5556
-14.4644
-14.0234
-12.2032
-12.8577
-8.93392
-13.1531
-3.22138
-17.7
28.0917
28.2848
28.4903
28.7035
28.9259
29.1572
29.3977
29.6472
29.906
30.1739
30.4509
30.7367
31.0312
31.334
31.6447
31.9627
32.2874
32.6182
32.9543
33.2946
33.6382
33.9841
34.3312
34.6781
35.0237
35.3666
35.7055
36.0389
36.3652
36.6828
36.9898
37.2844
37.5646
37.8281
38.0727
38.2962
38.4961
38.6702
38.8161
38.9316
39.0146
39.0633
39.0756
39.05
38.9847
38.8785
38.7298
38.5376
38.3007
38.0184
37.6899
37.3148
36.8927
36.424
35.9088
35.3481
34.7429
34.0948
33.4059
32.6785
31.9156
31.1205
30.2968
29.4488
28.5812
27.6974
26.8077
26.0359
25.3569
24.6468
23.9057
23.1442
22.3491
21.6159
20.6558
20.4238
18.2972
21.2119
12.3079
29.974
24.3053
24.0759
23.8318
23.5829
23.3225
23.0491
22.7663
22.4777
22.1853
21.8879
21.5807
21.2568
20.9088
20.5282
20.1058
19.6367
19.1211
18.5628
17.966
17.3339
16.6678
15.9665
15.2277
14.4495
13.6306
12.7702
11.8673
10.9213
9.93206
8.89936
7.82383
6.70654
5.54898
4.3532
3.12214
1.85907
0.56816
-0.745916
-2.07759
-3.4208
-4.76871
-6.11401
-7.44876
-8.76427
-10.0518
-11.3021
-12.5058
-13.6537
-14.7368
-15.7462
-16.674
-17.5128
-18.2563
-18.8991
-19.4372
-19.8675
-20.1887
-20.4004
-20.5036
-20.5006
-20.3948
-20.1905
-19.893
-19.5083
-19.0427
-18.5042
-17.8969
-17.3236
-16.7585
-16.1811
-15.4586
-14.851
-13.8426
-13.4613
-11.744
-12.4055
-8.65915
-12.7413
-3.16402
-17.2381
24.4893
24.6575
24.8365
25.0228
25.2176
25.4207
25.6324
25.853
26.0824
26.3208
26.5684
26.8251
27.0911
27.3662
27.6503
27.9433
28.2449
28.5549
28.8726
29.1978
29.5296
29.8673
30.2101
30.5569
30.9065
31.2578
31.6092
31.9594
32.3068
32.6497
32.9863
33.3148
33.6335
33.9403
34.2332
34.5101
34.7689
35.0073
35.2231
35.414
35.5777
35.712
35.8146
35.8833
35.9161
35.9109
35.8661
35.7797
35.6506
35.4771
35.2585
34.9935
34.6819
34.3232
33.9175
33.4651
32.9669
32.424
31.8381
31.2111
30.5457
29.8448
29.1118
28.3507
27.5659
26.7607
25.9452
25.2333
24.6044
23.9443
23.2527
22.5397
21.7933
21.1013
20.1977
19.9699
17.9628
20.7257
12.1627
29.326
21.3894
21.1944
20.9867
20.7738
20.5503
20.3142
20.0671
19.8108
19.5478
19.2805
19.0089
18.7298
18.4374
18.1256
17.7868
17.4129
16.9982
16.5423
16.048
15.519
14.9584
14.3682
13.7477
13.095
12.4084
11.687
10.9299
10.1366
9.30652
8.43937
7.53496
6.59369
5.61602
4.60298
3.55608
2.47737
1.3694
0.235472
-0.920543
-2.09404
-3.27985
-4.47221
-5.66451
-6.84975
-8.0204
-9.16864
-10.2861
-11.3646
-12.3954
-13.3705
-14.2817
-15.1216
-15.883
-16.56
-17.1471
-17.6404
-18.0364
-18.3333
-18.5305
-18.6282
-18.6281
-18.5328
-18.346
-18.0722
-17.7163
-17.2855
-16.7824
-16.2967
-15.8072
-15.3056
-14.6609
-14.1267
-13.2008
-12.8778
-11.2642
-11.9323
-8.36248
-12.3116
-3.0829
-16.7648
21.5481
21.6955
21.8522
22.0156
22.1866
22.3653
22.5519
22.7466
22.9495
23.1609
23.3809
23.6096
23.8471
24.0935
24.3487
24.6129
24.8859
25.1676
25.4578
25.7563
26.0627
26.3766
26.6977
27.0251
27.3583
27.6963
28.0381
28.3827
28.7288
29.0751
29.4198
29.7614
30.0982
30.4281
30.7492
31.0595
31.3566
31.6385
31.9027
32.1471
32.3693
32.567
32.7376
32.8789
32.9886
33.0645
33.1043
33.1061
33.068
32.9883
32.8654
32.6982
32.4855
32.2267
31.9212
31.5693
31.171
30.7273
30.2392
29.7085
29.1371
28.5278
27.8835
27.2078
26.505
25.7782
25.037
24.3855
23.8072
23.1978
22.5568
21.8932
21.1967
20.5466
19.7015
19.4773
17.5939
20.203
11.9867
28.6554
18.9701
18.8035
18.6259
18.4434
18.2513
18.0479
17.8341
17.6104
17.3772
17.1367
16.8914
16.6423
16.3875
16.1225
15.8418
15.5393
15.2074
14.8401
14.4361
13.9974
13.5271
13.0282
12.5028
11.9508
11.3705
10.7603
10.1192
9.44669
8.74219
8.00535
7.23584
6.43379
5.59931
4.73296
3.8356
2.90851
1.9533
0.972149
-0.0323017
-1.05676
-2.09753
-3.15013
-4.20965
-5.27042
-6.32644
-7.37107
-8.39732
-9.39781
-10.365
-11.2912
-12.169
-12.9908
-13.7496
-14.4389
-15.0528
-15.5861
-16.0347
-16.3953
-16.6658
-16.8449
-16.9328
-16.9305
-16.84
-16.6646
-16.4077
-16.0755
-15.6692
-15.2659
-14.8481
-14.4188
-13.8494
-13.386
-12.5416
-12.2748
-10.7649
-11.4389
-8.04468
-11.8643
-2.97897
-16.2799
19.1074
19.2363
19.3732
19.5163
19.6662
19.8232
19.9873
20.1589
20.3381
20.5251
20.7202
20.9234
21.135
21.3551
21.5837
21.821
22.0669
22.3214
22.5845
22.8561
23.136
23.4239
23.7196
24.0227
24.3326
24.6489
24.9708
25.2975
25.6283
25.962
26.2975
26.6336
26.9688
27.3014
27.6299
27.9522
28.2665
28.5706
28.8623
29.1393
29.3993
29.6398
29.8584
30.0525
30.2199
30.358
30.4646
30.5372
30.5738
30.5722
30.5307
30.4475
30.3214
30.151
29.9356
29.6746
29.3681
29.0161
28.6196
28.1795
27.6976
27.1759
26.6173
26.0247
25.4022
24.7524
24.0849
23.4936
22.9661
22.4077
21.8177
21.204
20.5583
19.9508
19.1657
18.9448
17.1889
19.6428
11.7799
27.9587
16.9083
16.7653
16.613
16.4562
16.291
16.1158
15.931
15.7371
15.5339
15.3213
15.1009
14.8751
14.6456
14.4118
14.1701
13.9159
13.6439
13.3476
13.0209
12.6614
12.2705
11.8507
11.4049
10.9353
10.4423
9.92455
9.38043
8.80885
8.20936
7.58144
6.92478
6.23912
5.52443
4.78083
4.00886
3.2092
2.38299
1.53163
0.65707
-0.238405
-1.15196
-2.08041
-3.01988
-3.96606
-4.91406
-5.8586
-6.79375
-7.71338
-8.61087
-9.4795
-10.3123
-11.1024
-11.8429
-12.5274
-13.1497
-13.7042
-14.1861
-14.5911
-14.9161
-15.1587
-15.3177
-15.3926
-15.3843
-15.2946
-15.1254
-14.8821
-14.5643
-14.2372
-13.8868
-13.5255
-13.0281
-12.6321
-11.8674
-11.6543
-10.2475
-10.9263
-7.70644
-11.3996
-2.85461
-15.7838
17.0271
17.1397
17.2591
17.3842
17.5154
17.653
17.7971
17.948
18.1059
18.2709
18.4433
18.6234
18.8112
19.0069
19.2108
19.4228
19.6432
19.872
20.1092
20.3549
20.6089
20.8712
21.1415
21.4197
21.7055
21.9984
22.298
22.6037
22.9149
23.2307
23.5504
23.8728
24.1969
24.5214
24.845
25.166
25.4828
25.7935
26.0962
26.3889
26.6692
26.935
27.1839
27.4134
27.621
27.8043
27.9607
28.0878
28.1832
28.2447
28.27
28.2573
28.2047
28.1108
27.9742
27.7941
27.5699
27.3014
26.9888
26.6329
26.2346
25.7959
25.3188
24.806
24.261
23.6864
23.0911
22.5591
22.0819
21.5742
21.0352
20.4717
19.8772
19.3127
18.5887
18.3714
16.7459
19.0442
11.5424
27.2319
15.1372
15.0142
14.8831
14.748
14.6057
14.4546
14.2949
14.1267
13.9501
13.7648
13.5706
13.3683
13.1599
12.9475
12.7316
12.5096
12.2778
12.0316
11.7652
11.4728
11.1511
10.8008
10.424
10.0232
9.60093
9.15792
8.69321
8.20522
7.69294
7.15584
6.59351
6.00574
5.39219
4.75281
4.08774
3.39736
2.68224
1.94335
1.18192
0.39964
-0.401534
-1.21913
-2.0503
-2.8916
-3.73926
-4.58896
-5.43594
-6.275
-7.10059
-7.9068
-8.68754
-9.43649
-10.1474
-10.8139
-11.4301
-11.9902
-12.489
-12.9219
-13.2848
-13.5745
-13.7888
-13.9261
-13.986
-13.9692
-13.8763
-13.7118
-13.4737
-13.2163
-12.9281
-12.6301
-12.2008
-11.8682
-11.1807
-11.0184
-9.71313
-10.3952
-7.34862
-10.9171
-2.71219
-15.2734
15.2401
15.3383
15.4425
15.5517
15.6665
15.7869
15.9132
16.0456
16.1843
16.3295
16.4815
16.6404
16.8064
16.9798
17.1606
17.3492
17.5455
17.7498
17.9622
18.1826
18.4112
18.6479
18.8928
19.1456
19.4062
19.6744
19.9499
20.2323
20.5211
20.8158
21.1156
21.4199
21.7277
22.038
22.3497
22.6615
22.972
23.2796
23.5827
23.8794
24.1678
24.4457
24.7111
24.9616
25.1949
25.4085
25.6
25.7668
25.9065
26.0167
26.0951
26.1395
26.1478
26.1181
26.049
25.939
25.7873
25.593
25.3562
25.0769
24.7558
24.3942
23.9936
23.5564
23.0854
22.5831
22.0577
21.5837
21.1557
20.698
20.2095
19.696
19.1527
18.6315
17.9691
17.7559
16.2631
18.4053
11.2754
26.4668
13.6023
13.4963
13.3832
13.2665
13.1437
13.0132
12.8752
12.7296
12.576
12.4146
12.2453
12.0677
11.882
11.6895
11.4926
11.2923
11.0875
10.875
10.6509
10.4103
10.1474
9.85849
9.54335
9.20365
8.84177
8.46011
8.05994
7.64061
7.20077
6.73929
6.25571
5.74974
5.2211
4.66953
4.09502
3.49762
2.87768
2.2357
1.57253
0.889224
0.187246
-0.531713
-1.26544
-2.01139
-2.76657
-3.52761
-4.29062
-5.05137
-5.80516
-6.54703
-7.27163
-7.97343
-8.64666
-9.28557
-9.88444
-10.4377
-10.94
-11.3865
-11.7728
-12.0951
-12.3503
-12.5361
-12.651
-12.6948
-12.6668
-12.5707
-12.4033
-12.2085
-11.977
-11.737
-11.3713
-11.0977
-10.4842
-10.3689
-9.16386
-9.84609
-6.97338
-10.415
-2.55624
-14.744
13.6916
13.7773
13.8681
13.9635
14.0638
14.1692
14.2798
14.396
14.5177
14.6454
14.7791
14.9191
15.0656
15.2188
15.3789
15.546
15.7203
15.9021
16.0913
16.2882
16.4928
16.7052
16.9254
17.1533
17.3891
17.6324
17.8831
18.1411
18.406
18.6774
18.9548
19.2376
19.5253
19.817
20.1117
20.4086
20.7064
21.0038
21.2994
21.5916
21.8788
22.1591
22.4304
22.6908
22.9381
23.1699
23.3839
23.5778
23.749
23.8951
24.0138
24.1028
24.1597
24.1826
24.1695
24.1189
24.0294
23.9
23.7301
23.5194
23.2682
22.9771
22.6472
22.2805
21.8793
21.4457
20.9871
20.569
20.1887
19.7798
19.3408
18.8766
18.3839
17.906
17.3053
17.0972
15.7394
17.7233
10.9821
25.6512
12.2631
12.1714
12.0735
11.9724
11.8659
11.7528
11.6332
11.5068
11.3734
11.2327
11.0846
10.9292
10.7662
10.5954
10.4172
10.234
10.0473
9.8569
9.66049
9.45467
9.23527
8.99721
8.73645
8.45206
8.14519
7.81794
7.47259
7.11068
6.73178
6.3345
5.91772
5.48107
5.02432
4.54731
4.04985
3.53188
2.99343
2.43484
1.85658
1.25943
0.644318
0.0125163
-0.634425
-1.2945
-1.9655
-2.64472
-3.32912
-4.01521
-4.69918
-5.37681
-6.0436
-6.69468
-7.32504
-7.92942
-8.50257
-9.0392
-9.53417
-9.98259
-10.3799
-10.7219
-11.0052
-11.2267
-11.3841
-11.4766
-11.5025
-11.4644
-11.3584
-11.2187
-11.0382
-10.8504
-10.5435
-10.3238
-9.78067
-9.70795
-8.60189
-9.27889
-6.5839
-9.89069
-2.3916
-14.1867
12.3406
12.4153
12.4946
12.5778
12.6655
12.7576
12.8545
12.9562
13.063
13.1751
13.2926
13.4157
13.5447
13.6797
13.8209
13.9686
14.1229
14.284
14.4519
14.627
14.8093
14.9989
15.1958
15.4002
15.6121
15.8313
16.0578
16.2916
16.5323
16.7799
17.0338
17.2937
17.5591
17.8295
18.1042
18.3823
18.6629
18.9449
19.2273
19.5087
19.7876
20.0624
20.3315
20.5929
20.8447
21.0849
21.3111
21.5212
21.7128
21.8836
22.0312
22.1532
22.2474
22.3116
22.3437
22.3419
22.3046
22.2304
22.1184
21.9678
21.7786
21.5508
21.2853
20.9833
20.6469
20.2775
19.8822
19.5171
19.1826
18.8206
18.4296
18.0134
17.5705
17.1357
16.596
16.3938
15.1741
16.9926
10.669
24.769
11.0714
10.992
10.9072
10.8194
10.727
10.6289
10.5251
10.4155
10.2996
10.1773
10.0481
9.91218
9.76949
9.61981
9.46262
9.29792
9.1273
8.95292
8.77555
8.59359
8.40414
8.20354
7.987
7.7502
7.49208
7.21399
6.91782
6.60544
6.27836
5.93631
5.57777
5.20142
4.80687
4.39407
3.96304
3.5136
3.0457
2.5594
2.05503
1.53305
0.994171
0.439235
-0.130554
-0.713763
-1.30862
-1.9131
-2.52473
-3.14078
-3.75806
-4.37319
-4.9823
-5.58128
-6.16573
-6.73101
-7.2724
-7.7851
-8.26421
-8.705
-9.10291
-9.45379
-9.75375
-9.9995
-10.1882
-10.3183
-10.3875
-10.3974
-10.3434
-10.2515
-10.116
-9.97435
-9.72094
-9.54926
-9.07364
-9.03626
-8.03135
-8.69145
-6.18739
-9.33423
-2.22997
-13.5867
11.1387
11.204
11.2732
11.346
11.4226
11.5033
11.5882
11.6774
11.7712
11.8696
11.9729
12.0813
12.1949
12.314
12.4387
12.5692
12.7057
12.8483
12.9973
13.1528
13.3148
13.4837
13.6594
13.842
14.0317
14.2284
14.4321
14.6427
14.8602
15.0844
15.3151
15.552
15.7948
16.0429
16.296
16.5534
16.8143
17.078
17.3435
17.6096
17.8753
18.1392
18.3998
18.6554
18.9045
19.145
19.375
19.5925
19.7953
19.981
20.1476
20.2926
20.4139
20.5092
20.5764
20.6133
20.6185
20.5901
20.5268
20.4278
20.2925
20.1206
19.9125
19.6691
19.3917
19.0817
18.7451
18.43
18.1387
17.8214
17.4762
17.1064
16.7117
16.3195
15.8401
15.6432
14.5691
16.2027
10.3538
23.7904
10.0343
9.96575
9.89244
9.81652
9.73654
9.65166
9.56179
9.46686
9.36654
9.2606
9.14881
9.03113
8.90751
8.77762
8.63988
8.49095
8.32681
8.14598
7.95144
7.74946
7.54658
7.34885
7.16096
6.983
6.80709
6.61978
6.4069
6.1592
5.87704
5.56996
5.24863
4.9177
4.5753
4.21801
3.8437
3.45216
3.04386
2.61929
2.1786
1.72199
1.24978
0.762577
0.261192
-0.253225
-0.779452
-1.31581
-1.86048
-2.41124
-2.96551
-3.52057
-4.07319
-4.61982
-5.15679
-5.68007
-6.18548
-6.66864
-7.12513
-7.55051
-7.94037
-8.29067
-8.59741
-8.85717
-9.06674
-9.22399
-9.3261
-9.37429
-9.36316
-9.31133
-9.21476
-9.11269
-8.90804
-8.77662
-8.36752
-8.35359
-7.45833
-8.07829
-5.79385
-8.73607
-2.08898
-12.9284
10.0926
10.1491
10.2091
10.2723
10.3389
10.4091
10.4829
10.5606
10.6423
10.7281
10.8183
10.913
11.0123
11.1165
11.2258
11.3402
11.46
11.5853
11.7164
11.8533
11.9963
12.1455
12.3009
12.4628
12.6312
12.8062
12.9878
13.1759
13.3706
13.5719
13.7795
13.9933
14.213
14.4384
14.669
14.9044
15.1439
15.3872
15.6332
15.8812
16.1301
16.3789
16.6263
16.8709
17.1113
17.3459
17.5728
17.7902
17.9962
18.1887
18.3656
18.5247
18.6638
18.7807
18.8734
18.9397
18.9777
18.9859
18.9624
18.9063
18.8166
18.6927
18.5346
18.3428
18.1183
17.8618
17.5789
17.3099
17.059
16.7834
16.4815
16.1559
15.8073
15.4564
15.0367
14.841
13.9289
15.3381
10.0591
22.6931
8.77959
8.72297
8.66216
8.59895
8.53237
8.46172
8.3869
8.30778
8.22417
8.13583
8.04243
7.94361
7.83909
7.72858
7.61221
7.49063
7.36437
7.23322
7.09627
6.9535
6.80608
6.65492
6.49882
6.3356
6.16298
5.97847
5.77977
5.56641
5.33871
5.09594
4.83724
4.56362
4.27661
3.97702
3.66431
3.33782
2.99699
2.64171
2.27194
1.88792
1.48982
1.07798
0.652842
0.21514
-0.234356
-0.694439
-1.16384
-1.64094
-2.12387
-2.61049
-3.09834
-3.58462
-4.06634
-4.54021
-5.00266
-5.44987
-5.87799
-6.28296
-6.66071
-7.00723
-7.31862
-7.59125
-7.82168
-8.00725
-8.14473
-8.23419
-8.27068
-8.26246
-8.21121
-8.1508
-8.00636
-7.91235
-7.59274
-7.58452
-6.84603
-7.37731
-5.40081
-8.04542
-1.9932
-12.192
8.82797
8.87504
8.92499
8.97765
9.03327
9.09189
9.15368
9.21883
9.2874
9.35959
9.43554
9.51533
9.59915
9.68722
9.77962
9.87648
9.97809
10.0845
10.196
10.3126
10.4345
10.562
10.695
10.8338
10.9785
11.1291
11.2857
11.4485
11.6173
11.7924
11.9735
12.1605
12.3535
12.5523
12.7564
12.9657
13.1798
13.3983
13.6206
13.8461
14.0741
14.3035
14.5336
14.7634
14.9914
15.2165
15.4372
15.6518
15.8588
16.0562
16.2421
16.4148
16.5718
16.7113
16.8314
16.9297
17.0043
17.0534
17.0753
17.0684
17.0316
16.9639
16.8648
16.7344
16.573
16.3813
16.1632
15.9506
15.7491
15.5251
15.277
15.0067
14.716
14.4172
14.0762
13.8772
13.1922
14.2788
9.79621
21.3484
7.49014
7.44626
7.39904
7.34981
7.29792
7.24283
7.18446
7.12272
7.05747
6.9885
6.91556
6.83831
6.75673
6.67093
6.58151
6.4899
6.39772
6.30631
6.21507
6.12072
6.01819
5.90322
5.7737
5.62987
5.47308
5.30608
5.1323
4.95382
4.77031
4.57941
4.37749
4.16174
3.93187
3.68976
3.43689
3.17337
2.89835
2.61117
2.31148
1.99936
1.6748
1.33803
0.989165
0.628588
0.256748
-0.125692
-0.517867
-0.918769
-1.32713
-1.74139
-2.15984
-2.58049
-3.00097
-3.41873
-3.83098
-4.23459
-4.62628
-5.00255
-5.35977
-5.69428
-6.00229
-6.28027
-6.52466
-6.73249
-6.90013
-7.02692
-7.10764
-7.14263
-7.13418
-7.11901
-7.02927
-6.98609
-6.7375
-6.77503
-6.13723
-6.68303
-4.87203
-7.44641
-1.70801
-11.7211
7.52779
7.56462
7.60371
7.64502
7.6887
7.73482
7.78354
7.835
7.88925
7.94651
8.00683
8.07033
8.13717
8.20755
8.28149
8.35916
8.44081
8.5265
8.61647
8.71078
8.80959
8.91317
9.02157
9.13487
9.2533
9.37697
9.50603
9.64054
9.78055
9.92618
10.0775
10.2343
10.3968
10.565
10.7386
10.9175
11.1015
11.2904
11.4838
11.6814
11.8825
12.0867
12.2934
12.5016
12.7106
12.9193
13.1266
13.3311
13.5317
13.7267
13.9144
14.0935
14.2618
14.4175
14.5588
14.6837
14.7902
14.8764
14.9404
14.9805
14.9954
14.9838
14.9448
14.8777
14.7826
14.6596
14.5119
14.361
14.2142
14.0478
13.8603
13.6532
13.4287
13.1946
12.9355
12.771
12.2603
13.2278
9.16693
20.484
6.39823
6.36377
6.32659
6.28773
6.24673
6.20318
6.15696
6.10804
6.05632
6.0016
5.9437
5.88243
5.81766
5.74918
5.67673
5.60024
5.51949
5.43448
5.34535
5.25214
5.15434
5.05077
4.94053
4.82432
4.70408
4.58166
4.4568
4.32751
4.19104
4.04459
3.8865
3.71651
3.53466
3.3412
3.13698
2.92309
2.69997
2.46722
2.22419
1.97048
1.70593
1.43069
1.1448
0.848482
0.541949
0.225577
-0.100096
-0.434426
-0.776528
-1.12537
-1.47968
-1.83807
-2.19875
-2.5598
-2.91905
-3.27404
-3.62208
-3.96034
-4.28572
-4.59503
-4.88491
-5.15214
-5.3933
-5.60546
-5.78502
-5.93092
-6.03784
-6.10104
-6.1224
-6.1399
-6.0916
-6.08849
-5.89695
-5.97534
-5.41948
-5.9905
-4.31111
-6.86186
-1.36671
-11.2782
6.42795
6.45709
6.48806
6.52084
6.55554
6.59228
6.63114
6.67218
6.7156
6.76145
6.8098
6.86078
6.91456
6.97122
7.03082
7.09358
7.15957
7.22895
7.3019
7.37847
7.45875
7.54304
7.63139
7.72393
7.82085
7.92217
8.0281
8.13876
8.25419
8.3745
8.4998
8.63006
8.76543
8.9059
9.05135
9.20178
9.35713
9.5172
9.68183
9.85081
10.0238
10.2004
10.3802
10.5626
10.7471
10.9329
11.119
11.3046
11.4887
11.67
11.8472
12.019
12.1839
12.3401
12.4862
12.6202
12.7405
12.8453
12.9326
13.001
13.0489
13.0749
13.0778
13.0569
13.0115
12.9418
12.8501
12.7496
12.6483
12.5308
12.3956
12.2441
12.0786
11.9047
11.7201
11.5958
11.2407
12.1452
8.43305
19.6374
5.39812
5.37121
5.34204
5.3114
5.279
5.24456
5.20798
5.1692
5.12815
5.08469
5.03866
4.9899
4.93834
4.88377
4.82598
4.7649
4.70033
4.63214
4.56023
4.48462
4.40545
4.32275
4.236
4.14412
4.04627
3.9433
3.83711
3.72891
3.61814
3.50279
3.38051
3.24929
3.10808
2.95658
2.79469
2.62278
2.44192
2.25306
2.05628
1.85105
1.63679
1.4133
1.18059
0.9388
0.688085
0.428653
0.160814
-0.115033
-0.398296
-0.688292
-0.984083
-1.2847
-1.58885
-1.89504
-2.20169
-2.50683
-2.80838
-3.10408
-3.3914
-3.66766
-3.92999
-4.17561
-4.40147
-4.60491
-4.78252
-4.93318
-5.05167
-5.13038
-5.17046
-5.20933
-5.19113
-5.21681
-5.07189
-5.18031
-4.6996
-5.28353
-3.73796
-6.24501
-1.0156
-10.7454
5.4214
5.44424
5.46865
5.49449
5.52195
5.55109
5.58196
5.6146
5.6492
5.68581
5.72449
5.76535
5.80852
5.85406
5.90205
5.95267
6.00596
6.06205
6.12108
6.18313
6.24833
6.31683
6.38875
6.4642
6.54331
6.62617
6.71291
6.80368
6.89852
6.99756
7.10092
7.20859
7.32071
7.43729
7.55828
7.68377
7.81368
7.94794
8.08646
8.22912
8.37571
8.526
8.67963
8.83629
8.99553
9.15687
9.31959
9.48302
9.64633
9.80873
9.96906
10.1263
10.2793
10.4266
10.5669
10.6987
10.8205
10.9307
11.0278
11.1101
11.1764
11.2251
11.2552
11.2656
11.2557
11.2253
11.1763
11.1154
11.0506
10.9731
10.8817
10.7777
10.6634
10.5436
10.4255
10.3413
10.1314
10.9748
7.63883
18.5662
4.46688
4.44645
4.4242
4.40066
4.37568
4.34913
4.32089
4.29088
4.25907
4.22535
4.18958
4.15165
4.11147
4.06891
4.02381
3.97609
3.92561
3.8722
3.81576
3.75618
3.69338
3.6274
3.55838
3.48617
3.41005
3.32896
3.24244
3.15153
3.05824
2.96352
2.8665
2.76529
2.65776
2.54234
2.41818
2.28496
2.14276
1.99237
1.83494
1.67103
1.50038
1.32242
1.13677
0.94336
0.742279
0.533677
0.317736
0.0946766
-0.135144
-0.371254
-0.613041
-0.859783
-1.11058
-1.36433
-1.61985
-1.87566
-2.13014
-2.38151
-2.62776
-2.86674
-3.09607
-3.3134
-3.51614
-3.70199
-3.86788
-4.01281
-4.13184
-4.21615
-4.26608
-4.31709
-4.31925
-4.36422
-4.25603
-4.38528
-3.97022
-4.55834
-3.13998
-5.59003
-0.635013
-10.1257
4.4845
4.50182
4.52041
4.54016
4.56119
4.58355
4.60732
4.63252
4.65925
4.68762
4.7177
4.74954
4.78322
4.81882
4.85644
4.89618
4.93809
4.98227
5.02883
5.0779
5.12959
5.18393
5.24108
5.30114
5.36423
5.43045
5.49985
5.57262
5.64881
5.72857
5.81192
5.89896
5.9898
6.08447
6.18295
6.28534
6.39165
6.50184
6.61586
6.73365
6.85505
6.98002
7.10827
7.2396
7.37366
7.51013
7.64858
7.78846
7.9291
8.06995
8.21014
8.34886
8.48522
8.61803
8.74629
8.86882
8.98422
9.09134
9.18875
9.27513
9.34922
9.40975
9.45556
9.48587
9.49986
9.49732
9.4795
9.44871
9.41236
9.36681
9.31093
9.24618
9.17479
9.10169
9.04012
8.993
8.91054
9.69137
6.72733
17.292
3.61303
3.59806
3.58162
3.56407
3.5454
3.52551
3.50429
3.48169
3.45769
3.43217
3.40505
3.37623
3.34564
3.31318
3.27876
3.24231
3.20366
3.1627
3.11933
3.07346
3.02495
2.97373
2.91982
2.86328
2.80414
2.74219
2.67659
2.60623
2.53108
2.45252
2.37238
2.29116
2.20776
2.12047
2.0275
1.92752
1.81987
1.70434
1.58145
1.45229
1.31777
1.17804
1.03265
0.881177
0.723488
0.559652
0.389831
0.214146
0.032775
-0.153998
-0.345823
-0.542165
-0.742447
-0.945889
-1.15163
-1.35862
-1.56564
-1.77134
-1.9742
-2.17254
-2.36449
-2.54814
-2.72138
-2.88234
-3.02838
-3.15875
-3.26899
-3.35041
-3.40232
-3.4573
-3.47091
-3.5265
-3.44517
-3.58682
-3.22662
-3.81175
-2.50652
-4.89124
-0.202687
-9.40951
3.62585
3.63842
3.65197
3.66645
3.68192
3.69844
3.71604
3.73476
3.75469
3.77589
3.79839
3.82228
3.8476
3.87442
3.90283
3.93287
3.96461
3.9981
4.03349
4.07082
4.11018
4.15165
4.19534
4.2413
4.28969
4.34052
4.39388
4.44992
4.5087
4.57033
4.63484
4.70232
4.7729
4.8466
4.9234
5.00346
5.08677
5.17332
5.26313
5.3562
5.45238
5.55173
5.65409
5.75926
5.86708
5.97732
6.08972
6.20386
6.31931
6.43565
6.55219
6.66838
6.78356
6.89677
7.00723
7.11408
7.21619
7.31257
7.40208
7.48376
7.55644
7.61905
7.67067
7.71052
7.73788
7.75258
7.75547
7.74582
7.73008
7.70807
7.67904
7.64464
7.60687
7.57148
7.55435
7.53741
7.56044
8.27635
5.65368
15.8113
2.70656
2.69633
2.68493
2.6726
2.65948
2.64549
2.6305
2.61446
2.59735
2.57912
2.55969
2.539
2.51698
2.49359
2.46876
2.44241
2.41444
2.38476
2.35331
2.31999
2.28468
2.24731
2.20783
2.16621
2.12253
2.07685
2.02918
1.97911
1.92567
1.86798
1.80646
1.7428
1.67855
1.61385
1.5477
1.47865
1.40536
1.32676
1.24221
1.15164
1.05579
0.95558
0.851297
0.742401
0.628229
0.50851
0.383372
0.253086
0.117929
-0.0218745
-0.16606
-0.314265
-0.46603
-0.620791
-0.777895
-0.936569
-1.09591
-1.25491
-1.41244
-1.56727
-1.71801
-1.8632
-2.00124
-2.13074
-2.24958
-2.35728
-2.45007
-2.52065
-2.5672
-2.61844
-2.63512
-2.69277
-2.62887
-2.77414
-2.4577
-3.03081
-1.82616
-4.12454
0.288103
-8.49401
2.71529
2.72385
2.73318
2.74323
2.75404
2.76568
2.77815
2.79149
2.80577
2.82103
2.8373
2.85465
2.87315
2.89281
2.91372
2.93588
2.95935
2.98423
3.01057
3.03842
3.06782
3.0989
3.13173
3.16634
3.20284
3.24128
3.28172
3.32427
3.36898
3.41592
3.46514
3.51669
3.57068
3.6271
3.68597
3.74742
3.81141
3.87795
3.94703
4.01871
4.09287
4.16951
4.24854
4.32984
4.41333
4.49882
4.58614
4.67504
4.7652
4.85631
4.94792
5.03967
5.13102
5.22137
5.31013
5.39665
5.48012
5.55986
5.63495
5.70473
5.76825
5.82468
5.87347
5.91381
5.94514
5.96744
5.98125
5.98412
5.98161
5.97531
5.96481
5.95176
5.9376
5.92868
5.94029
5.93878
6.03659
6.68067
4.34115
13.9771
2.00122
1.9954
1.98866
1.98115
1.97308
1.96439
1.95501
1.94486
1.93391
1.92211
1.9095
1.89599
1.88151
1.86602
1.8495
1.83184
1.81302
1.79298
1.77165
1.74892
1.72475
1.69907
1.67179
1.64283
1.6122
1.57991
1.54604
1.5107
1.47372
1.4344
1.39165
1.34497
1.29535
1.24462
1.19371
1.14191
1.08757
1.02905
0.965393
0.89651
0.822874
0.745355
0.665208
0.583369
0.499882
0.414127
0.325461
0.233644
0.138754
0.0409686
-0.0595446
-0.162626
-0.268063
-0.375571
-0.484773
-0.595239
-0.706401
-0.817614
-0.928145
-1.0372
-1.14381
-1.24701
-1.34568
-1.43894
-1.52515
-1.60424
-1.6731
-1.72701
-1.76244
-1.80378
-1.81639
-1.86911
-1.81381
-1.95558
-1.671
-2.22381
-1.1063
-3.28103
0.819024
-7.25812
2.00588
2.01032
2.01532
2.02079
2.02678
2.03329
2.04034
2.04798
2.05625
2.06515
2.0747
2.08494
2.09595
2.10772
2.12029
2.13366
2.14788
2.16302
2.17906
2.19605
2.21402
2.23306
2.25323
2.27452
2.297
2.32075
2.34582
2.37224
2.40008
2.42941
2.46024
2.49266
2.5267
2.56239
2.59978
2.63895
2.67995
2.72273
2.76732
2.81381
2.86213
2.91227
2.96421
3.01795
3.07338
3.13042
3.18896
3.24887
3.30995
3.37195
3.43465
3.49775
3.56086
3.62365
3.68572
3.74654
3.80559
3.86244
3.91648
3.96723
4.01406
4.05641
4.09396
4.1261
4.1525
4.17323
4.18866
4.19659
4.19964
4.20033
4.19865
4.19631
4.19435
4.20036
4.22735
4.2291
4.36778
4.93437
2.81933
11.6277
0.809544
0.806833
0.803256
0.798855
0.793971
0.788632
0.782771
0.776294
0.769189
0.761407
0.752968
0.743811
0.733885
0.723136
0.711555
0.69905
0.685574
0.671076
0.655474
0.638669
0.620585
0.601128
0.580172
0.557596
0.533258
0.507036
0.478739
0.448128
0.414682
0.37782
0.337043
0.292593
0.246883
0.206298
0.180903
0.18093
0.211582
0.2698
0.343912
0.416034
0.467739
0.487207
0.473464
0.434907
0.383185
0.327094
0.270335
0.213054
0.154372
0.0938981
0.0318759
-0.0312217
-0.095026
-0.159258
-0.223675
-0.288023
-0.352021
-0.415351
-0.477678
-0.538653
-0.597844
-0.65483
-0.70909
-0.760289
-0.807453
-0.850934
-0.888391
-0.918524
-0.93678
-0.961929
-0.963922
-1.00458
-0.951475
-1.07836
-0.827563
-1.3201
-0.355187
-2.19334
1.19202
-5.07547
0.811666
0.813846
0.816508
0.819604
0.823157
0.827179
0.831645
0.836644
0.84218
0.848261
0.854884
0.86211
0.86998
0.878513
0.887704
0.897594
0.908207
0.919598
0.931709
0.944601
0.95831
0.972859
0.988252
1.00452
1.02169
1.0398
1.05886
1.0789
1.09991
1.12195
1.14499
1.16906
1.19412
1.22018
1.24722
1.27526
1.30427
1.33418
1.36501
1.39673
1.42923
1.46252
1.49657
1.53132
1.56669
1.60266
1.6391
1.67596
1.71314
1.7505
1.78796
1.82534
1.8625
1.89926
1.93546
1.97086
2.00524
2.03847
2.07019
2.10017
2.12807
2.15365
2.17674
2.19693
2.21409
2.22829
2.23989
2.2465
2.25119
2.2558
2.26048
2.26581
2.27021
2.27787
2.29581
2.26337
2.35549
2.81953
0.927069
7.97289
0.760975
0.76493
0.768597
0.771743
0.774704
0.777633
0.7805
0.783238
0.785854
0.788361
0.79079
0.793132
0.795409
0.797615
0.799796
0.801941
0.804097
0.806281
0.808554
0.810942
0.813537
0.816379
0.819613
0.823266
0.827389
0.831851
0.83661
0.841988
0.849554
0.862717
0.887011
0.927821
0.986063
1.05276
1.10698
1.12035
1.06734
0.936654
0.73873
0.505793
0.282338
0.108065
0.00170106
-0.0438168
-0.0518058
-0.0461529
-0.0409476
-0.0399192
-0.0416581
-0.0443916
-0.0476971
-0.0520249
-0.0578623
-0.06539
-0.0745645
-0.0852502
-0.0972993
-0.110498
-0.124619
-0.139394
-0.154552
-0.169822
-0.184899
-0.199679
-0.213624
-0.227342
-0.239443
-0.25162
-0.25627
-0.267126
-0.261914
-0.287361
-0.246361
-0.335631
-0.166054
-0.487554
0.108877
-0.941965
0.965406
-2.19071
0.756883
0.752773
0.748766
0.744825
0.740964
0.737174
0.733428
0.729737
0.7261
0.722502
0.71894
0.715406
0.71192
0.708462
0.705038
0.701634
0.698256
0.694901
0.691543
0.688183
0.684835
0.681466
0.678084
0.674692
0.671303
0.667909
0.664545
0.661197
0.657896
0.654661
0.651511
0.648457
0.645517
0.64272
0.6401
0.637661
0.635442
0.633451
0.631755
0.630339
0.629222
0.628424
0.627991
0.627902
0.628185
0.628852
0.629892
0.631306
0.633087
0.63524
0.637752
0.640552
0.643598
0.646781
0.650013
0.65315
0.6561
0.658831
0.661201
0.663195
0.66479
0.666014
0.666915
0.667493
0.667961
0.668307
0.66902
0.6726
0.670871
0.666125
0.658755
0.650587
0.64362
0.647018
0.672212
0.679923
0.761995
1.0121
0.019256
3.3429
)
;

boundaryField
{
    inlet
    {
        type            freestreamPressure;
        freestreamValue uniform 0;
        supersonic      false;
        value           nonuniform List<scalar> 
134
(
1.60286
-0.122151
-1.91436
-3.45854
-4.56123
-5.21625
-5.29346
-4.78386
-3.69826
-1.72664
-0.318649
-0.513998
-0.857981
-1.18209
-1.50994
-1.85344
-2.21588
-2.59924
-3.00906
-3.45517
3.29377
-3.95103
-4.50346
-5.08686
-5.63546
-6.03232
-6.22545
-6.56538
-6.57457
-6.70451
-8.00357
-7.36018
-7.3879
-7.531
-7.6374
-7.69024
-7.74099
-7.8723
-8.20224
-8.60185
4.89225
6.54561
7.95813
8.75336
8.65759
7.19721
3.88519
-9.48427
-9.27849
-8.95569
-8.7459
-8.59051
-8.41659
-8.22055
-8.01962
-7.81891
-7.61558
-7.40719
-7.19363
-6.97503
-6.75008
-6.51662
-6.27075
-6.0059
-5.71518
-5.3897
-5.18157
-4.98566
-4.74987
-4.47551
-4.15834
-3.75295
-3.20588
-2.24097
-0.96669
1.34313
2.9741
4.78341
6.57231
8.31195
9.96156
11.3621
12.4336
13.2013
13.6901
13.9659
14.1023
14.1635
14.2015
14.2922
14.5569
15.0424
15.5712
16.0058
16.3628
16.6722
16.9398
17.1562
17.3165
17.4236
17.487
17.5287
17.5939
17.7965
18.3091
19.4159
19.8866
19.4231
18.8877
18.5447
18.2638
17.9444
17.5945
17.2401
16.8841
16.5193
16.1418
15.7497
15.3406
14.9101
14.4512
13.9549
13.4044
12.7871
12.0303
11.5446
11.0692
10.4674
9.75141
8.91913
7.88737
6.5646
4.50344
1.88975
)
;
    }
    outlet
    {
        type            freestreamPressure;
        freestreamValue uniform 0;
        supersonic      false;
        value           nonuniform List<scalar> 
160
(
0.00222063
0.00220897
0.00223179
0.00219726
0.00224214
0.00218585
0.00225099
0.00217464
0.00225927
0.00216365
0.00226744
0.00215288
0.00227539
0.00214224
0.00228294
0.00213177
0.00229011
0.00212147
0.00229693
0.00211128
0.00230349
0.00210122
0.00230977
0.00209126
0.00231582
0.00208146
0.00232163
0.00207176
0.00232732
0.00206217
0.00233287
0.00205267
0.00233841
0.00204327
0.00234398
0.00203397
0.00234975
0.00202469
0.0023558
0.00201544
0.00236239
0.00200626
0.00236962
0.00199706
0.00237793
0.00198786
0.00238744
0.00197867
0.00239834
0.00196955
0.00241028
0.00196045
0.00242304
0.0019515
0.00243718
0.00194266
0.0024566
0.00193401
0.00249039
0.00192563
0.00255404
0.00191757
0.00266335
0.00190987
0.00282255
0.00190259
0.0030089
0.00189582
0.00316617
0.00188967
0.00321493
0.00188417
0.00307877
0.00187942
0.00271716
0.00187548
0.00215235
0.00187255
0.00147625
0.0018706
0.000823164
0.0018697
0.000314098
0.00186993
4.95511e-06
0.00187144
-0.000126393
0.00187419
-0.000149102
0.00187829
-0.000132679
0.00188381
-0.00011767
0.00189073
-0.000114711
0.00189909
-0.000119716
0.00190891
-0.000127582
0.00192023
-0.000137098
0.00193307
-0.000149565
0.00194725
-0.000166393
0.00196268
-0.000188113
0.00197911
-0.000214614
0.00199628
-0.000245526
0.00201384
-0.00028045
0.00203153
-0.000318799
0.00204932
-0.000359956
0.00206681
-0.000403186
0.00208399
-0.00044775
0.00210084
-0.000492915
0.00211751
-0.000537843
0.00213419
-0.000582278
0.00215093
-0.000624716
0.00216848
-0.000666929
0.0021869
-0.000705003
0.00220786
-0.000743304
0.00223681
-0.000759719
0.00224664
-0.000794376
0.0022482
-0.000783132
0.00224263
-0.00086123
0.0022362
-0.000745943
0.00223596
-0.00101294
0.00227418
-0.000513603
0.00239341
-0.00146987
0.0024592
0.000351756
0.00279857
-0.00274762
0.00378597
0.00346271
7.60284e-05
-0.00553678
0.0121594
)
;
    }
    walls
    {
        type            zeroGradient;
    }
    frontAndBack
    {
        type            empty;
    }
}


// ************************************************************************* //
