# Force coefficients
# liftDir     : (0.000000e+00 1.000000e+00 0.000000e+00)
# dragDir     : (1.000000e+00 0.000000e+00 0.000000e+00)
# pitchAxis   : (0.000000e+00 0.000000e+00 1.000000e+00)
# magUInf     : 4.000000e+01
# lRef        : 1.000000e+00
# Aref        : 1.000000e+00
# CofR        : (0.000000e+00 0.000000e+00 0.000000e+00)
# Time        	Cm            	Cd            	Cl            	Cl(f)         	Cl(r)         
0             	-1.369867e-05	3.123520e-05	1.087654e-05	-8.260399e-06	1.913694e-05
1             	-2.348791e+01	2.746336e+00	1.322446e+01	-1.687568e+01	3.010014e+01
2             	-1.829608e+01	1.855450e+00	9.109602e+00	-1.374128e+01	2.285088e+01
3             	-9.954134e+00	-2.023764e-01	-4.973030e-01	-1.020279e+01	9.705482e+00
4             	-5.213083e+00	-1.416520e+00	-5.254639e+00	-7.840403e+00	2.585764e+00
5             	-1.049916e+00	-1.099431e+00	-2.901782e+00	-2.500807e+00	-4.009749e-01
6             	-5.309654e-01	-6.523913e-03	2.100860e+00	5.194645e-01	1.581395e+00
7             	-5.819363e+00	7.402133e-01	4.711788e+00	-3.463470e+00	8.175257e+00
8             	-1.370515e+01	7.281589e-01	4.048966e+00	-1.168066e+01	1.572963e+01
9             	-1.800268e+01	1.748197e-01	1.686857e+00	-1.715925e+01	1.884610e+01
10            	-1.514310e+01	-3.374111e-01	1.105805e-01	-1.508781e+01	1.519839e+01
11            	-8.125661e+00	-4.698948e-01	2.320440e-01	-8.009639e+00	8.241683e+00
12            	-3.540837e+00	-2.216304e-01	1.500165e+00	-2.790754e+00	4.290919e+00
13            	-4.971226e+00	1.050997e-01	2.581013e+00	-3.680720e+00	6.261732e+00
14            	-1.016373e+01	2.397464e-01	2.823736e+00	-8.751860e+00	1.157560e+01
15            	-1.440833e+01	1.480170e-01	2.338750e+00	-1.323895e+01	1.557770e+01
16            	-1.483466e+01	-6.289053e-02	1.676136e+00	-1.399659e+01	1.567273e+01
17            	-1.206583e+01	-2.162914e-01	1.349701e+00	-1.139098e+01	1.274068e+01
18            	-9.040997e+00	-2.283961e-01	1.513359e+00	-8.284317e+00	9.797677e+00
19            	-8.191605e+00	-1.249620e-01	1.958661e+00	-7.212275e+00	9.170936e+00
20            	-9.607827e+00	-2.118945e-02	2.292951e+00	-8.461352e+00	1.075430e+01
21            	-1.162111e+01	1.356245e-02	2.336001e+00	-1.045311e+01	1.278911e+01
22            	-1.250370e+01	-3.489547e-02	2.133806e+00	-1.143680e+01	1.357061e+01
23            	-1.186282e+01	-1.146668e-01	1.930364e+00	-1.089764e+01	1.282801e+01
24            	-1.055067e+01	-1.678102e-01	1.873764e+00	-9.613790e+00	1.148755e+01
25            	-9.509908e+00	-1.743358e-01	1.965646e+00	-8.527085e+00	1.049273e+01
26            	-9.377712e+00	-1.402210e-01	2.135131e+00	-8.310147e+00	1.044528e+01
27            	-9.961928e+00	-1.013984e-01	2.249388e+00	-8.837234e+00	1.108662e+01
28            	-1.057773e+01	-8.589211e-02	2.263160e+00	-9.446147e+00	1.170931e+01
29            	-1.068876e+01	-1.021741e-01	2.183069e+00	-9.597222e+00	1.178029e+01
30            	-1.007849e+01	-1.374319e-01	2.080582e+00	-9.038195e+00	1.111878e+01
31            	-9.346969e+00	-1.623518e-01	2.059143e+00	-8.317398e+00	1.037654e+01
32            	-8.812677e+00	-1.680283e-01	2.093519e+00	-7.765917e+00	9.859436e+00
33            	-8.615781e+00	-1.546719e-01	2.155580e+00	-7.537991e+00	9.693572e+00
34            	-9.077311e+00	-1.425620e-01	2.185705e+00	-7.984459e+00	1.017016e+01
35            	-9.614891e+00	-1.386789e-01	2.156147e+00	-8.536817e+00	1.069296e+01
36            	-9.840507e+00	-1.442874e-01	2.066002e+00	-8.807506e+00	1.087351e+01
37            	-9.844882e+00	-1.615223e-01	1.965957e+00	-8.861903e+00	1.082786e+01
38            	-9.691382e+00	-1.778337e-01	1.899952e+00	-8.741405e+00	1.064136e+01
39            	-9.714271e+00	-1.855806e-01	1.875613e+00	-8.776465e+00	1.065208e+01
40            	-1.007733e+01	-1.866219e-01	1.860121e+00	-9.147272e+00	1.100739e+01
41            	-1.073220e+01	-1.855502e-01	1.824097e+00	-9.820147e+00	1.164424e+01
42            	-1.151571e+01	-1.877041e-01	1.738986e+00	-1.064621e+01	1.238520e+01
43            	-1.227229e+01	-1.972113e-01	1.628905e+00	-1.145783e+01	1.308674e+01
44            	-1.290417e+01	-2.104620e-01	1.522462e+00	-1.214294e+01	1.366540e+01
45            	-1.342513e+01	-2.215823e-01	1.442002e+00	-1.270413e+01	1.414613e+01
46            	-1.392042e+01	-2.275251e-01	1.391543e+00	-1.322465e+01	1.461619e+01
47            	-1.445810e+01	-2.298671e-01	1.351559e+00	-1.378232e+01	1.513387e+01
48            	-1.502137e+01	-2.318975e-01	1.302034e+00	-1.437036e+01	1.567239e+01
49            	-1.554877e+01	-2.356394e-01	1.239069e+00	-1.492924e+01	1.616831e+01
50            	-1.596234e+01	-2.404563e-01	1.177955e+00	-1.537336e+01	1.655131e+01
51            	-1.620453e+01	-2.438583e-01	1.142352e+00	-1.563336e+01	1.677571e+01
52            	-1.634211e+01	-2.450734e-01	1.131477e+00	-1.577637e+01	1.690784e+01
53            	-1.645592e+01	-2.447752e-01	1.133095e+00	-1.588938e+01	1.702247e+01
54            	-1.655958e+01	-2.436556e-01	1.138188e+00	-1.599049e+01	1.712868e+01
55            	-1.662001e+01	-2.423123e-01	1.145227e+00	-1.604740e+01	1.719262e+01
56            	-1.658467e+01	-2.404978e-01	1.156521e+00	-1.600641e+01	1.716293e+01
57            	-1.648635e+01	-2.393022e-01	1.184300e+00	-1.589420e+01	1.707850e+01
58            	-1.631915e+01	-2.379789e-01	1.224859e+00	-1.570672e+01	1.693157e+01
59            	-1.608266e+01	-2.358872e-01	1.276915e+00	-1.544421e+01	1.672112e+01
60            	-1.577281e+01	-2.325920e-01	1.336322e+00	-1.510465e+01	1.644097e+01
61            	-1.539357e+01	-2.282252e-01	1.399460e+00	-1.469384e+01	1.609330e+01
62            	-1.496041e+01	-2.234463e-01	1.471795e+00	-1.422451e+01	1.569630e+01
63            	-1.449685e+01	-2.187175e-01	1.544282e+00	-1.372471e+01	1.526899e+01
64            	-1.403211e+01	-2.145933e-01	1.614461e+00	-1.322488e+01	1.483934e+01
65            	-1.358603e+01	-2.107963e-01	1.677994e+00	-1.274703e+01	1.442503e+01
66            	-1.312402e+01	-2.068410e-01	1.742388e+00	-1.225283e+01	1.399522e+01
67            	-1.263446e+01	-2.024430e-01	1.810211e+00	-1.172935e+01	1.353956e+01
68            	-1.209374e+01	-1.974688e-01	1.890753e+00	-1.114836e+01	1.303911e+01
69            	-1.148398e+01	-1.913796e-01	1.973065e+00	-1.049745e+01	1.247052e+01
70            	-1.102837e+01	-1.873812e-01	2.026997e+00	-1.001487e+01	1.204187e+01
71            	-1.064552e+01	-1.843985e-01	2.072162e+00	-9.609435e+00	1.168160e+01
72            	-1.029420e+01	-1.816332e-01	2.115315e+00	-9.236547e+00	1.135186e+01
73            	-9.968958e+00	-1.789950e-01	2.156668e+00	-8.890624e+00	1.104729e+01
74            	-9.673719e+00	-1.766225e-01	2.193382e+00	-8.577028e+00	1.077041e+01
75            	-9.443296e+00	-1.751398e-01	2.220204e+00	-8.333194e+00	1.055340e+01
76            	-9.295369e+00	-1.748268e-01	2.235642e+00	-8.177548e+00	1.041319e+01
77            	-9.236587e+00	-1.757395e-01	2.239122e+00	-8.117026e+00	1.035615e+01
78            	-9.263645e+00	-1.777086e-01	2.231531e+00	-8.147879e+00	1.037941e+01
79            	-9.375467e+00	-1.805251e-01	2.213711e+00	-8.268612e+00	1.048232e+01
80            	-9.553570e+00	-1.840908e-01	2.187228e+00	-8.459956e+00	1.064718e+01
81            	-9.780404e+00	-1.881871e-01	2.148105e+00	-8.706351e+00	1.085446e+01
82            	-1.006878e+01	-1.927641e-01	2.103104e+00	-9.017230e+00	1.112033e+01
83            	-1.041347e+01	-1.977747e-01	2.053669e+00	-9.386637e+00	1.144031e+01
84            	-1.081097e+01	-2.032504e-01	1.999616e+00	-9.811162e+00	1.181078e+01
85            	-1.125938e+01	-2.092246e-01	1.940495e+00	-1.028913e+01	1.222963e+01
86            	-1.175470e+01	-2.156919e-01	1.876011e+00	-1.081670e+01	1.269271e+01
87            	-1.228286e+01	-2.224591e-01	1.806904e+00	-1.137941e+01	1.318631e+01
88            	-1.286802e+01	-2.296958e-01	1.730644e+00	-1.200270e+01	1.373334e+01
89            	-1.339656e+01	-2.363895e-01	1.661390e+00	-1.256587e+01	1.422726e+01
90            	-1.392930e+01	-2.429431e-01	1.590157e+00	-1.313422e+01	1.472438e+01
91            	-1.438464e+01	-2.484605e-01	1.536176e+00	-1.361655e+01	1.515272e+01
92            	-1.480644e+01	-2.535303e-01	1.490160e+00	-1.406136e+01	1.555152e+01
93            	-1.520937e+01	-2.584803e-01	1.447169e+00	-1.448578e+01	1.593295e+01
94            	-1.558594e+01	-2.632463e-01	1.406953e+00	-1.488247e+01	1.628942e+01
95            	-1.591389e+01	-2.675498e-01	1.371056e+00	-1.522836e+01	1.659942e+01
96            	-1.617930e+01	-2.711702e-01	1.342079e+00	-1.550826e+01	1.685033e+01
97            	-1.637821e+01	-2.740326e-01	1.322149e+00	-1.571714e+01	1.703929e+01
98            	-1.651843e+01	-2.762652e-01	1.311316e+00	-1.586278e+01	1.717409e+01
99            	-1.661197e+01	-2.780518e-01	1.308793e+00	-1.595757e+01	1.726636e+01
100           	-1.666677e+01	-2.794869e-01	1.313306e+00	-1.601011e+01	1.732342e+01
101           	-1.668493e+01	-2.805846e-01	1.323714e+00	-1.602307e+01	1.734679e+01
102           	-1.666363e+01	-2.813326e-01	1.339449e+00	-1.599391e+01	1.733336e+01
103           	-1.659842e+01	-2.816718e-01	1.360142e+00	-1.591835e+01	1.727849e+01
104           	-1.647516e+01	-2.815480e-01	1.387304e+00	-1.578151e+01	1.716881e+01
105           	-1.631372e+01	-2.808886e-01	1.419826e+00	-1.560381e+01	1.702363e+01
106           	-1.613053e+01	-2.798968e-01	1.456925e+00	-1.540207e+01	1.685899e+01
107           	-1.593348e+01	-2.789217e-01	1.496555e+00	-1.518520e+01	1.668176e+01
108           	-1.574272e+01	-2.781766e-01	1.537818e+00	-1.497381e+01	1.651162e+01
109           	-1.557729e+01	-2.777893e-01	1.577780e+00	-1.478840e+01	1.636618e+01
110           	-1.545628e+01	-2.779732e-01	1.611592e+00	-1.465049e+01	1.626208e+01
111           	-1.536290e+01	-2.784058e-01	1.642421e+00	-1.454169e+01	1.618411e+01
112           	-1.528757e+01	-2.790008e-01	1.671496e+00	-1.445182e+01	1.612332e+01
113           	-1.522895e+01	-2.797566e-01	1.698172e+00	-1.437986e+01	1.607803e+01
114           	-1.519520e+01	-2.806988e-01	1.721464e+00	-1.433447e+01	1.605593e+01
115           	-1.519309e+01	-2.818994e-01	1.740527e+00	-1.432282e+01	1.606335e+01
116           	-1.522858e+01	-2.834615e-01	1.754532e+00	-1.435132e+01	1.610585e+01
117           	-1.529991e+01	-2.853819e-01	1.763336e+00	-1.441824e+01	1.618158e+01
118           	-1.540394e+01	-2.876308e-01	1.767372e+00	-1.452026e+01	1.628763e+01
119           	-1.553558e+01	-2.901567e-01	1.767419e+00	-1.465187e+01	1.641929e+01
120           	-1.569250e+01	-2.929454e-01	1.764015e+00	-1.481049e+01	1.657450e+01
121           	-1.587526e+01	-2.960240e-01	1.757006e+00	-1.499676e+01	1.675377e+01
122           	-1.606722e+01	-2.991500e-01	1.749151e+00	-1.519265e+01	1.694180e+01
123           	-1.626356e+01	-3.023522e-01	1.740115e+00	-1.539350e+01	1.713362e+01
124           	-1.646496e+01	-3.056836e-01	1.729951e+00	-1.559999e+01	1.732994e+01
125           	-1.666752e+01	-3.090989e-01	1.719541e+00	-1.580775e+01	1.752729e+01
126           	-1.686477e+01	-3.124992e-01	1.709996e+00	-1.600977e+01	1.771977e+01
127           	-1.705036e+01	-3.157945e-01	1.702292e+00	-1.619921e+01	1.790151e+01
128           	-1.721975e+01	-3.189284e-01	1.697007e+00	-1.637124e+01	1.806825e+01
129           	-1.737108e+01	-3.218837e-01	1.694443e+00	-1.652386e+01	1.821830e+01
130           	-1.750399e+01	-3.246692e-01	1.694499e+00	-1.665674e+01	1.835124e+01
131           	-1.761862e+01	-3.272862e-01	1.697234e+00	-1.677000e+01	1.846723e+01
132           	-1.771555e+01	-3.297492e-01	1.702545e+00	-1.686427e+01	1.856682e+01
133           	-1.779560e+01	-3.320566e-01	1.710604e+00	-1.694030e+01	1.865090e+01
134           	-1.786061e+01	-3.342355e-01	1.721186e+00	-1.700002e+01	1.872120e+01
135           	-1.791197e+01	-3.362936e-01	1.734354e+00	-1.704479e+01	1.877915e+01
136           	-1.795172e+01	-3.382638e-01	1.749620e+00	-1.707691e+01	1.882653e+01
137           	-1.797859e+01	-3.401118e-01	1.767903e+00	-1.709464e+01	1.886254e+01
138           	-1.799924e+01	-3.419132e-01	1.787009e+00	-1.710573e+01	1.889274e+01
139           	-1.801707e+01	-3.436986e-01	1.806736e+00	-1.711370e+01	1.892043e+01
140           	-1.803666e+01	-3.455459e-01	1.826563e+00	-1.712338e+01	1.894994e+01
141           	-1.805759e+01	-3.474233e-01	1.847036e+00	-1.713407e+01	1.898111e+01
142           	-1.807945e+01	-3.493426e-01	1.868123e+00	-1.714539e+01	1.901351e+01
143           	-1.811142e+01	-3.513366e-01	1.888081e+00	-1.716738e+01	1.905546e+01
144           	-1.814974e+01	-3.534248e-01	1.907597e+00	-1.719594e+01	1.910354e+01
145           	-1.819277e+01	-3.555707e-01	1.926831e+00	-1.722935e+01	1.915618e+01
146           	-1.824469e+01	-3.578335e-01	1.944937e+00	-1.727222e+01	1.921716e+01
147           	-1.830360e+01	-3.601721e-01	1.962223e+00	-1.732248e+01	1.928471e+01
148           	-1.837327e+01	-3.626322e-01	1.977793e+00	-1.738437e+01	1.936217e+01
149           	-1.844794e+01	-3.651653e-01	1.992957e+00	-1.745146e+01	1.944442e+01
150           	-1.852785e+01	-3.678406e-01	2.007948e+00	-1.752388e+01	1.953183e+01
151           	-1.861130e+01	-3.705529e-01	2.021901e+00	-1.760035e+01	1.962225e+01
152           	-1.869883e+01	-3.733421e-01	2.034878e+00	-1.768139e+01	1.971627e+01
153           	-1.878669e+01	-3.761766e-01	2.047608e+00	-1.776289e+01	1.981050e+01
154           	-1.887497e+01	-3.790821e-01	2.060095e+00	-1.784492e+01	1.990502e+01
155           	-1.895991e+01	-3.820048e-01	2.072848e+00	-1.792349e+01	1.999633e+01
156           	-1.904237e+01	-3.849556e-01	2.085542e+00	-1.799960e+01	2.008514e+01
157           	-1.911962e+01	-3.878806e-01	2.098541e+00	-1.807035e+01	2.016889e+01
158           	-1.919379e+01	-3.908140e-01	2.111537e+00	-1.813803e+01	2.024956e+01
159           	-1.926186e+01	-3.937279e-01	2.125536e+00	-1.819909e+01	2.032463e+01
160           	-1.932729e+01	-3.966589e-01	2.139214e+00	-1.825768e+01	2.039690e+01
161           	-1.938759e+01	-3.995586e-01	2.153099e+00	-1.831104e+01	2.046414e+01
162           	-1.944613e+01	-4.024743e-01	2.166901e+00	-1.836268e+01	2.052958e+01
163           	-1.949920e+01	-4.053569e-01	2.181419e+00	-1.840849e+01	2.058991e+01
164           	-1.955373e+01	-4.082585e-01	2.195237e+00	-1.845611e+01	2.065135e+01
165           	-1.960397e+01	-4.111438e-01	2.209710e+00	-1.849912e+01	2.070883e+01
166           	-1.965699e+01	-4.140574e-01	2.223190e+00	-1.854540e+01	2.076859e+01
167           	-1.970669e+01	-4.169487e-01	2.236998e+00	-1.858819e+01	2.082519e+01
168           	-1.975984e+01	-4.198599e-01	2.249725e+00	-1.863498e+01	2.088470e+01
169           	-1.981138e+01	-4.227425e-01	2.262374e+00	-1.868020e+01	2.094257e+01
170           	-1.986545e+01	-4.256456e-01	2.274106e+00	-1.872839e+01	2.100250e+01
171           	-1.991668e+01	-4.285162e-01	2.286229e+00	-1.877356e+01	2.105979e+01
172           	-1.996986e+01	-4.313974e-01	2.297591e+00	-1.882107e+01	2.111866e+01
173           	-2.002280e+01	-4.342354e-01	2.308158e+00	-1.886872e+01	2.117688e+01
174           	-2.007667e+01	-4.370768e-01	2.318177e+00	-1.891758e+01	2.123576e+01
175           	-2.012806e+01	-4.398777e-01	2.328164e+00	-1.896398e+01	2.129215e+01
176           	-2.017883e+01	-4.426772e-01	2.337998e+00	-1.900983e+01	2.134783e+01
177           	-2.022700e+01	-4.454043e-01	2.347477e+00	-1.905326e+01	2.140074e+01
178           	-2.027613e+01	-4.480992e-01	2.355956e+00	-1.909815e+01	2.145410e+01
179           	-2.032254e+01	-4.507429e-01	2.364377e+00	-1.914035e+01	2.150473e+01
180           	-2.036770e+01	-4.533803e-01	2.372809e+00	-1.918129e+01	2.155410e+01
181           	-2.040946e+01	-4.559425e-01	2.381115e+00	-1.921890e+01	2.160002e+01
182           	-2.045155e+01	-4.584637e-01	2.388534e+00	-1.925728e+01	2.164581e+01
183           	-2.049107e+01	-4.609160e-01	2.395798e+00	-1.929317e+01	2.168896e+01
184           	-2.052976e+01	-4.633407e-01	2.402940e+00	-1.932829e+01	2.173123e+01
185           	-2.056645e+01	-4.656900e-01	2.409640e+00	-1.936163e+01	2.177127e+01
186           	-2.060294e+01	-4.680031e-01	2.415858e+00	-1.939501e+01	2.181087e+01
187           	-2.063709e+01	-4.702478e-01	2.421884e+00	-1.942615e+01	2.184803e+01
188           	-2.067105e+01	-4.724533e-01	2.427467e+00	-1.945732e+01	2.188478e+01
189           	-2.070279e+01	-4.745854e-01	2.432822e+00	-1.948638e+01	2.191920e+01
190           	-2.073436e+01	-4.766717e-01	2.437705e+00	-1.951550e+01	2.195321e+01
191           	-2.076377e+01	-4.786830e-01	2.442345e+00	-1.954259e+01	2.198494e+01
192           	-2.079292e+01	-4.806483e-01	2.446558e+00	-1.956964e+01	2.201620e+01
193           	-2.081984e+01	-4.825393e-01	2.450572e+00	-1.959455e+01	2.204512e+01
194           	-2.084637e+01	-4.843831e-01	2.454209e+00	-1.961927e+01	2.207348e+01
195           	-2.087075e+01	-4.861538e-01	2.457680e+00	-1.964191e+01	2.209959e+01
196           	-2.089470e+01	-4.878769e-01	2.460800e+00	-1.966430e+01	2.212510e+01
197           	-2.091624e+01	-4.895242e-01	2.463848e+00	-1.968431e+01	2.214816e+01
198           	-2.093777e+01	-4.911225e-01	2.466398e+00	-1.970457e+01	2.217097e+01
199           	-2.095729e+01	-4.926456e-01	2.468797e+00	-1.972289e+01	2.219169e+01
200           	-2.097575e+01	-4.941139e-01	2.470998e+00	-1.974025e+01	2.221125e+01
201           	-2.099256e+01	-4.955123e-01	2.472985e+00	-1.975607e+01	2.222906e+01
202           	-2.100834e+01	-4.968536e-01	2.474716e+00	-1.977098e+01	2.224570e+01
203           	-2.102268e+01	-4.981237e-01	2.476231e+00	-1.978456e+01	2.226079e+01
204           	-2.103612e+01	-4.993348e-01	2.477479e+00	-1.979738e+01	2.227485e+01
205           	-2.104779e+01	-5.004720e-01	2.478627e+00	-1.980848e+01	2.228711e+01
206           	-2.105842e+01	-5.015506e-01	2.479549e+00	-1.981865e+01	2.229820e+01
207           	-2.106764e+01	-5.025602e-01	2.480349e+00	-1.982747e+01	2.230782e+01
208           	-2.107603e+01	-5.035141e-01	2.480894e+00	-1.983558e+01	2.231647e+01
209           	-2.108325e+01	-5.044024e-01	2.481301e+00	-1.984260e+01	2.232390e+01
210           	-2.108923e+01	-5.052274e-01	2.481494e+00	-1.984849e+01	2.232998e+01
211           	-2.109452e+01	-5.059972e-01	2.481587e+00	-1.985373e+01	2.233531e+01
212           	-2.109902e+01	-5.067139e-01	2.481491e+00	-1.985827e+01	2.233977e+01
213           	-2.110192e+01	-5.073598e-01	2.481281e+00	-1.986128e+01	2.234256e+01
214           	-2.110459e+01	-5.079621e-01	2.480906e+00	-1.986414e+01	2.234504e+01
215           	-2.110627e+01	-5.085059e-01	2.480404e+00	-1.986607e+01	2.234648e+01
216           	-2.110729e+01	-5.089970e-01	2.479725e+00	-1.986743e+01	2.234715e+01
217           	-2.110739e+01	-5.094306e-01	2.478932e+00	-1.986793e+01	2.234686e+01
218           	-2.110695e+01	-5.098156e-01	2.477993e+00	-1.986795e+01	2.234595e+01
219           	-2.110590e+01	-5.101506e-01	2.476959e+00	-1.986742e+01	2.234438e+01
220           	-2.110451e+01	-5.104436e-01	2.475779e+00	-1.986662e+01	2.234240e+01
221           	-2.110274e+01	-5.106917e-01	2.474494e+00	-1.986549e+01	2.233999e+01
222           	-2.110066e+01	-5.108999e-01	2.473051e+00	-1.986413e+01	2.233718e+01
223           	-2.109825e+01	-5.110644e-01	2.471516e+00	-1.986249e+01	2.233400e+01
224           	-2.109554e+01	-5.111912e-01	2.469846e+00	-1.986061e+01	2.233046e+01
225           	-2.109265e+01	-5.112788e-01	2.468107e+00	-1.985859e+01	2.232670e+01
226           	-2.108945e+01	-5.113273e-01	2.466173e+00	-1.985637e+01	2.232254e+01
227           	-2.108650e+01	-5.113537e-01	2.464299e+00	-1.985435e+01	2.231865e+01
228           	-2.108345e+01	-5.113520e-01	2.462292e+00	-1.985231e+01	2.231460e+01
229           	-2.108029e+01	-5.113096e-01	2.460105e+00	-1.985024e+01	2.231035e+01
230           	-2.107710e+01	-5.112474e-01	2.457925e+00	-1.984813e+01	2.230606e+01
231           	-2.107389e+01	-5.111500e-01	2.455616e+00	-1.984608e+01	2.230170e+01
232           	-2.107066e+01	-5.110365e-01	2.453348e+00	-1.984398e+01	2.229733e+01
233           	-2.106756e+01	-5.108972e-01	2.451031e+00	-1.984204e+01	2.229307e+01
234           	-2.106458e+01	-5.107326e-01	2.448494e+00	-1.984033e+01	2.228883e+01
235           	-2.106174e+01	-5.105528e-01	2.446093e+00	-1.983869e+01	2.228478e+01
236           	-2.105898e+01	-5.103561e-01	2.443626e+00	-1.983716e+01	2.228079e+01
237           	-2.105664e+01	-5.101373e-01	2.441024e+00	-1.983613e+01	2.227716e+01
238           	-2.105149e+01	-5.098633e-01	2.438861e+00	-1.983206e+01	2.227092e+01
239           	-2.104666e+01	-5.095829e-01	2.436775e+00	-1.982827e+01	2.226504e+01
240           	-2.104387e+01	-5.093345e-01	2.434513e+00	-1.982661e+01	2.226112e+01
241           	-2.104325e+01	-5.091121e-01	2.432087e+00	-1.982720e+01	2.225929e+01
242           	-2.104338e+01	-5.088897e-01	2.429520e+00	-1.982862e+01	2.225814e+01
243           	-2.104357e+01	-5.086404e-01	2.426858e+00	-1.983014e+01	2.225700e+01
244           	-2.104235e+01	-5.083573e-01	2.424454e+00	-1.983012e+01	2.225457e+01
245           	-2.104081e+01	-5.080554e-01	2.422186e+00	-1.982971e+01	2.225190e+01
246           	-2.103956e+01	-5.077570e-01	2.419924e+00	-1.982960e+01	2.224952e+01
247           	-2.103919e+01	-5.074685e-01	2.417680e+00	-1.983035e+01	2.224803e+01
248           	-2.103940e+01	-5.071875e-01	2.415405e+00	-1.983170e+01	2.224710e+01
249           	-2.104220e+01	-5.069137e-01	2.413269e+00	-1.983557e+01	2.224884e+01
250           	-2.104303e+01	-5.066154e-01	2.411017e+00	-1.983752e+01	2.224854e+01
251           	-2.104282e+01	-5.063015e-01	2.408796e+00	-1.983842e+01	2.224722e+01
252           	-2.104265e+01	-5.059933e-01	2.406703e+00	-1.983930e+01	2.224600e+01
253           	-2.104517e+01	-5.057002e-01	2.405068e+00	-1.984264e+01	2.224771e+01
254           	-2.104712e+01	-5.054204e-01	2.403254e+00	-1.984550e+01	2.224875e+01
255           	-2.104899e+01	-5.051459e-01	2.401319e+00	-1.984833e+01	2.224964e+01
256           	-2.105091e+01	-5.048727e-01	2.399403e+00	-1.985121e+01	2.225061e+01
257           	-2.105326e+01	-5.045976e-01	2.397738e+00	-1.985439e+01	2.225213e+01
258           	-2.105574e+01	-5.043281e-01	2.396272e+00	-1.985761e+01	2.225388e+01
259           	-2.105866e+01	-5.040675e-01	2.394962e+00	-1.986118e+01	2.225614e+01
260           	-2.106181e+01	-5.038198e-01	2.393655e+00	-1.986498e+01	2.225864e+01
261           	-2.106545e+01	-5.035809e-01	2.392396e+00	-1.986925e+01	2.226165e+01
262           	-2.106920e+01	-5.033514e-01	2.391177e+00	-1.987361e+01	2.226478e+01
263           	-2.107322e+01	-5.031287e-01	2.390116e+00	-1.987817e+01	2.226828e+01
264           	-2.107725e+01	-5.029171e-01	2.389178e+00	-1.988266e+01	2.227184e+01
265           	-2.108160e+01	-5.027157e-01	2.388406e+00	-1.988740e+01	2.227580e+01
266           	-2.108608e+01	-5.025278e-01	2.387710e+00	-1.989223e+01	2.227994e+01
267           	-2.109097e+01	-5.023510e-01	2.387132e+00	-1.989741e+01	2.228454e+01
268           	-2.109597e+01	-5.021876e-01	2.386620e+00	-1.990266e+01	2.228928e+01
269           	-2.110035e+01	-5.019719e-01	2.386887e+00	-1.990690e+01	2.229379e+01
270           	-2.110589e+01	-5.017899e-01	2.387262e+00	-1.991226e+01	2.229952e+01
271           	-2.111377e+01	-5.017277e-01	2.386782e+00	-1.992037e+01	2.230716e+01
272           	-2.112121e+01	-5.016556e-01	2.386626e+00	-1.992789e+01	2.231452e+01
273           	-2.112790e+01	-5.015596e-01	2.386944e+00	-1.993443e+01	2.232137e+01
274           	-2.113427e+01	-5.014661e-01	2.387501e+00	-1.994052e+01	2.232802e+01
275           	-2.114141e+01	-5.014010e-01	2.388123e+00	-1.994735e+01	2.233547e+01
276           	-2.114945e+01	-5.013763e-01	2.388689e+00	-1.995510e+01	2.234379e+01
277           	-2.115808e+01	-5.013806e-01	2.389300e+00	-1.996343e+01	2.235273e+01
278           	-2.116657e+01	-5.014008e-01	2.390021e+00	-1.997156e+01	2.236158e+01
279           	-2.117476e+01	-5.014264e-01	2.390938e+00	-1.997930e+01	2.237023e+01
280           	-2.118275e+01	-5.014608e-01	2.392018e+00	-1.998674e+01	2.237876e+01
281           	-2.119091e+01	-5.015096e-01	2.393245e+00	-1.999428e+01	2.238753e+01
282           	-2.119948e+01	-5.015676e-01	2.394407e+00	-2.000228e+01	2.239669e+01
283           	-2.120834e+01	-5.016733e-01	2.395818e+00	-2.001043e+01	2.240625e+01
284           	-2.121726e+01	-5.018061e-01	2.397405e+00	-2.001856e+01	2.241596e+01
285           	-2.122591e+01	-5.019405e-01	2.399080e+00	-2.002637e+01	2.242545e+01
286           	-2.123426e+01	-5.020736e-01	2.400800e+00	-2.003386e+01	2.243466e+01
287           	-2.124264e+01	-5.022188e-01	2.402589e+00	-2.004134e+01	2.244393e+01
288           	-2.125136e+01	-5.023893e-01	2.404478e+00	-2.004912e+01	2.245360e+01
289           	-2.126038e+01	-5.025867e-01	2.406480e+00	-2.005714e+01	2.246362e+01
290           	-2.126942e+01	-5.028042e-01	2.408577e+00	-2.006513e+01	2.247371e+01
291           	-2.127826e+01	-5.030340e-01	2.410748e+00	-2.007288e+01	2.248363e+01
292           	-2.128695e+01	-5.032745e-01	2.412977e+00	-2.008047e+01	2.249344e+01
293           	-2.129570e+01	-5.035278e-01	2.415268e+00	-2.008806e+01	2.250333e+01
294           	-2.130468e+01	-5.037984e-01	2.417617e+00	-2.009587e+01	2.251349e+01
295           	-2.131388e+01	-5.040880e-01	2.420023e+00	-2.010387e+01	2.252389e+01
296           	-2.132322e+01	-5.043960e-01	2.422470e+00	-2.011198e+01	2.253445e+01
297           	-2.133255e+01	-5.047192e-01	2.424953e+00	-2.012007e+01	2.254502e+01
298           	-2.134187e+01	-5.050559e-01	2.427463e+00	-2.012813e+01	2.255560e+01
299           	-2.135120e+01	-5.054047e-01	2.430006e+00	-2.013619e+01	2.256620e+01
300           	-2.136064e+01	-5.057667e-01	2.432571e+00	-2.014436e+01	2.257693e+01
301           	-2.137022e+01	-5.061425e-01	2.435160e+00	-2.015264e+01	2.258780e+01
302           	-2.137992e+01	-5.065328e-01	2.437755e+00	-2.016104e+01	2.259880e+01
303           	-2.138969e+01	-5.069363e-01	2.440359e+00	-2.016951e+01	2.260987e+01
304           	-2.139948e+01	-5.073520e-01	2.442956e+00	-2.017800e+01	2.262096e+01
305           	-2.140928e+01	-5.077781e-01	2.445560e+00	-2.018650e+01	2.263206e+01
306           	-2.141907e+01	-5.082144e-01	2.448155e+00	-2.019499e+01	2.264315e+01
307           	-2.142889e+01	-5.086601e-01	2.450755e+00	-2.020351e+01	2.265426e+01
308           	-2.143866e+01	-5.091153e-01	2.453336e+00	-2.021200e+01	2.266533e+01
309           	-2.144847e+01	-5.095787e-01	2.455918e+00	-2.022051e+01	2.267643e+01
310           	-2.145817e+01	-5.100503e-01	2.458472e+00	-2.022893e+01	2.268740e+01
311           	-2.146789e+01	-5.105288e-01	2.461024e+00	-2.023738e+01	2.269841e+01
312           	-2.147745e+01	-5.110143e-01	2.463537e+00	-2.024568e+01	2.270922e+01
313           	-2.148707e+01	-5.115054e-01	2.466049e+00	-2.025405e+01	2.272010e+01
314           	-2.149655e+01	-5.119957e-01	2.468412e+00	-2.026234e+01	2.273076e+01
315           	-2.150613e+01	-5.124979e-01	2.470876e+00	-2.027069e+01	2.274157e+01
316           	-2.151528e+01	-5.130071e-01	2.473331e+00	-2.027862e+01	2.275195e+01
317           	-2.152451e+01	-5.135168e-01	2.475775e+00	-2.028662e+01	2.276240e+01
318           	-2.153329e+01	-5.140251e-01	2.478106e+00	-2.029424e+01	2.277235e+01
319           	-2.154233e+01	-5.145326e-01	2.480414e+00	-2.030212e+01	2.278254e+01
320           	-2.155100e+01	-5.150319e-01	2.482482e+00	-2.030975e+01	2.279224e+01
321           	-2.155987e+01	-5.155538e-01	2.484852e+00	-2.031745e+01	2.280230e+01
322           	-2.156805e+01	-5.160736e-01	2.487115e+00	-2.032449e+01	2.281161e+01
323           	-2.157824e+01	-5.165918e-01	2.489116e+00	-2.033368e+01	2.282280e+01
324           	-2.158781e+01	-5.171058e-01	2.491025e+00	-2.034230e+01	2.283333e+01
325           	-2.159665e+01	-5.176022e-01	2.492986e+00	-2.035015e+01	2.284314e+01
326           	-2.160370e+01	-5.180775e-01	2.494882e+00	-2.035626e+01	2.285114e+01
327           	-2.161029e+01	-5.185425e-01	2.496950e+00	-2.036182e+01	2.285877e+01
328           	-2.161687e+01	-5.190045e-01	2.498685e+00	-2.036753e+01	2.286621e+01
329           	-2.162422e+01	-5.194851e-01	2.500590e+00	-2.037392e+01	2.287451e+01
330           	-2.163156e+01	-5.199642e-01	2.502220e+00	-2.038045e+01	2.288267e+01
331           	-2.163921e+01	-5.204424e-01	2.503905e+00	-2.038725e+01	2.289116e+01
332           	-2.164582e+01	-5.209106e-01	2.505511e+00	-2.039306e+01	2.289857e+01
333           	-2.165198e+01	-5.213649e-01	2.507258e+00	-2.039835e+01	2.290561e+01
334           	-2.165762e+01	-5.218003e-01	2.508661e+00	-2.040329e+01	2.291195e+01
335           	-2.166370e+01	-5.222323e-01	2.510090e+00	-2.040866e+01	2.291875e+01
336           	-2.166935e+01	-5.226667e-01	2.511449e+00	-2.041362e+01	2.292507e+01
337           	-2.167503e+01	-5.231010e-01	2.512980e+00	-2.041854e+01	2.293152e+01
338           	-2.168021e+01	-5.235198e-01	2.514197e+00	-2.042311e+01	2.293731e+01
339           	-2.168548e+01	-5.239267e-01	2.515418e+00	-2.042777e+01	2.294319e+01
340           	-2.169000e+01	-5.243233e-01	2.516534e+00	-2.043173e+01	2.294826e+01
341           	-2.169438e+01	-5.247100e-01	2.517807e+00	-2.043548e+01	2.295329e+01
342           	-2.169848e+01	-5.250851e-01	2.518802e+00	-2.043908e+01	2.295788e+01
343           	-2.170286e+01	-5.254523e-01	2.519816e+00	-2.044295e+01	2.296277e+01
344           	-2.170664e+01	-5.258130e-01	2.520719e+00	-2.044628e+01	2.296700e+01
345           	-2.171027e+01	-5.261631e-01	2.521746e+00	-2.044939e+01	2.297114e+01
346           	-2.171354e+01	-5.265002e-01	2.522508e+00	-2.045228e+01	2.297479e+01
347           	-2.171694e+01	-5.268246e-01	2.523285e+00	-2.045530e+01	2.297859e+01
348           	-2.171948e+01	-5.271548e-01	2.523734e+00	-2.045762e+01	2.298135e+01
349           	-2.172217e+01	-5.274803e-01	2.524208e+00	-2.046007e+01	2.298427e+01
350           	-2.172410e+01	-5.277898e-01	2.524763e+00	-2.046172e+01	2.298648e+01
351           	-2.172581e+01	-5.280670e-01	2.525483e+00	-2.046307e+01	2.298855e+01
352           	-2.172757e+01	-5.283257e-01	2.525949e+00	-2.046459e+01	2.299054e+01
353           	-2.172926e+01	-5.285700e-01	2.526419e+00	-2.046605e+01	2.299247e+01
354           	-2.173075e+01	-5.288145e-01	2.526681e+00	-2.046741e+01	2.299409e+01
355           	-2.173203e+01	-5.290497e-01	2.526992e+00	-2.046853e+01	2.299552e+01
356           	-2.173297e+01	-5.292786e-01	2.527187e+00	-2.046937e+01	2.299656e+01
357           	-2.173365e+01	-5.294864e-01	2.527443e+00	-2.046993e+01	2.299737e+01
358           	-2.173417e+01	-5.296803e-01	2.527570e+00	-2.047038e+01	2.299795e+01
359           	-2.173462e+01	-5.298533e-01	2.527718e+00	-2.047076e+01	2.299848e+01
360           	-2.173498e+01	-5.300216e-01	2.527734e+00	-2.047111e+01	2.299884e+01
361           	-2.173522e+01	-5.301761e-01	2.527762e+00	-2.047134e+01	2.299910e+01
362           	-2.173525e+01	-5.303290e-01	2.527684e+00	-2.047141e+01	2.299909e+01
363           	-2.173515e+01	-5.304651e-01	2.527617e+00	-2.047134e+01	2.299895e+01
364           	-2.173468e+01	-5.305906e-01	2.527446e+00	-2.047096e+01	2.299841e+01
365           	-2.173443e+01	-5.306990e-01	2.527324e+00	-2.047077e+01	2.299809e+01
366           	-2.173391e+01	-5.307998e-01	2.527088e+00	-2.047037e+01	2.299746e+01
367           	-2.173359e+01	-5.308895e-01	2.526879e+00	-2.047015e+01	2.299703e+01
368           	-2.173289e+01	-5.309744e-01	2.526549e+00	-2.046962e+01	2.299617e+01
369           	-2.173227e+01	-5.310467e-01	2.526250e+00	-2.046915e+01	2.299540e+01
370           	-2.173123e+01	-5.311100e-01	2.525852e+00	-2.046831e+01	2.299416e+01
371           	-2.173033e+01	-5.311585e-01	2.525500e+00	-2.046758e+01	2.299308e+01
372           	-2.172912e+01	-5.311988e-01	2.525057e+00	-2.046659e+01	2.299165e+01
373           	-2.172811e+01	-5.312277e-01	2.524653e+00	-2.046578e+01	2.299044e+01
374           	-2.172679e+01	-5.312513e-01	2.524155e+00	-2.046472e+01	2.298887e+01
375           	-2.172562e+01	-5.312648e-01	2.523689e+00	-2.046378e+01	2.298747e+01
376           	-2.172409e+01	-5.312717e-01	2.523138e+00	-2.046252e+01	2.298566e+01
377           	-2.172271e+01	-5.312671e-01	2.522629e+00	-2.046140e+01	2.298403e+01
378           	-2.172101e+01	-5.312553e-01	2.522046e+00	-2.045999e+01	2.298204e+01
379           	-2.171952e+01	-5.312332e-01	2.521505e+00	-2.045877e+01	2.298027e+01
380           	-2.171775e+01	-5.312056e-01	2.520891e+00	-2.045730e+01	2.297819e+01
381           	-2.171617e+01	-5.311695e-01	2.520315e+00	-2.045602e+01	2.297633e+01
382           	-2.171431e+01	-5.311285e-01	2.519669e+00	-2.045447e+01	2.297414e+01
383           	-2.171262e+01	-5.310791e-01	2.519063e+00	-2.045309e+01	2.297216e+01
384           	-2.171066e+01	-5.310244e-01	2.518397e+00	-2.045146e+01	2.296986e+01
385           	-2.170891e+01	-5.309616e-01	2.517775e+00	-2.045002e+01	2.296779e+01
386           	-2.170691e+01	-5.308944e-01	2.517095e+00	-2.044836e+01	2.296546e+01
387           	-2.170515e+01	-5.308205e-01	2.516457e+00	-2.044692e+01	2.296337e+01
388           	-2.170315e+01	-5.307432e-01	2.515763e+00	-2.044527e+01	2.296103e+01
389           	-2.170139e+01	-5.306600e-01	2.515111e+00	-2.044383e+01	2.295894e+01
390           	-2.169940e+01	-5.305736e-01	2.514410e+00	-2.044219e+01	2.295660e+01
391           	-2.169764e+01	-5.304816e-01	2.513753e+00	-2.044076e+01	2.295451e+01
392           	-2.169567e+01	-5.303869e-01	2.513052e+00	-2.043914e+01	2.295220e+01
393           	-2.169395e+01	-5.302875e-01	2.512396e+00	-2.043776e+01	2.295015e+01
394           	-2.169205e+01	-5.301861e-01	2.511697e+00	-2.043620e+01	2.294790e+01
395           	-2.169040e+01	-5.300811e-01	2.511045e+00	-2.043488e+01	2.294593e+01
396           	-2.168858e+01	-5.299748e-01	2.510353e+00	-2.043340e+01	2.294375e+01
397           	-2.168701e+01	-5.298652e-01	2.509709e+00	-2.043215e+01	2.294186e+01
398           	-2.168526e+01	-5.297547e-01	2.509030e+00	-2.043075e+01	2.293978e+01
399           	-2.168379e+01	-5.296416e-01	2.508401e+00	-2.042959e+01	2.293799e+01
400           	-2.168215e+01	-5.295281e-01	2.507739e+00	-2.042828e+01	2.293602e+01
401           	-2.168019e+01	-5.294088e-01	2.507194e+00	-2.042660e+01	2.293379e+01
402           	-2.167808e+01	-5.292859e-01	2.506555e+00	-2.042481e+01	2.293136e+01
403           	-2.167718e+01	-5.291784e-01	2.506019e+00	-2.042417e+01	2.293019e+01
404           	-2.167610e+01	-5.290706e-01	2.505349e+00	-2.042343e+01	2.292878e+01
405           	-2.167488e+01	-5.289591e-01	2.504791e+00	-2.042249e+01	2.292728e+01
406           	-2.167335e+01	-5.288456e-01	2.504219e+00	-2.042124e+01	2.292546e+01
407           	-2.167208e+01	-5.287324e-01	2.503753e+00	-2.042020e+01	2.292396e+01
408           	-2.167084e+01	-5.286190e-01	2.503188e+00	-2.041925e+01	2.292244e+01
409           	-2.167003e+01	-5.285087e-01	2.502679e+00	-2.041869e+01	2.292137e+01
410           	-2.166907e+01	-5.284020e-01	2.502150e+00	-2.041799e+01	2.292014e+01
411           	-2.166826e+01	-5.282956e-01	2.501733e+00	-2.041739e+01	2.291913e+01
412           	-2.166741e+01	-5.281889e-01	2.501203e+00	-2.041681e+01	2.291801e+01
413           	-2.166668e+01	-5.280822e-01	2.500783e+00	-2.041629e+01	2.291707e+01
414           	-2.166577e+01	-5.279780e-01	2.500345e+00	-2.041559e+01	2.291594e+01
415           	-2.166513e+01	-5.278758e-01	2.500007e+00	-2.041513e+01	2.291514e+01
416           	-2.166458e+01	-5.277765e-01	2.499558e+00	-2.041480e+01	2.291436e+01
417           	-2.166424e+01	-5.276789e-01	2.499207e+00	-2.041463e+01	2.291384e+01
418           	-2.166369e+01	-5.275847e-01	2.498835e+00	-2.041427e+01	2.291311e+01
419           	-2.166336e+01	-5.274918e-01	2.498564e+00	-2.041408e+01	2.291264e+01
420           	-2.166305e+01	-5.274025e-01	2.498200e+00	-2.041395e+01	2.291215e+01
421           	-2.166294e+01	-5.273147e-01	2.497934e+00	-2.041398e+01	2.291191e+01
422           	-2.166262e+01	-5.272308e-01	2.497649e+00	-2.041380e+01	2.291145e+01
423           	-2.166257e+01	-5.271487e-01	2.497455e+00	-2.041384e+01	2.291130e+01
424           	-2.166254e+01	-5.270716e-01	2.497184e+00	-2.041395e+01	2.291113e+01
425           	-2.166272e+01	-5.269959e-01	2.497001e+00	-2.041422e+01	2.291122e+01
426           	-2.166255e+01	-5.269231e-01	2.496824e+00	-2.041414e+01	2.291096e+01
427           	-2.166297e+01	-5.268567e-01	2.496660e+00	-2.041464e+01	2.291130e+01
428           	-2.166301e+01	-5.267915e-01	2.496497e+00	-2.041476e+01	2.291126e+01
429           	-2.166329e+01	-5.267275e-01	2.496419e+00	-2.041508e+01	2.291150e+01
430           	-2.166328e+01	-5.266576e-01	2.496425e+00	-2.041507e+01	2.291150e+01
431           	-2.166386e+01	-5.265931e-01	2.496494e+00	-2.041561e+01	2.291211e+01
432           	-2.166437e+01	-5.265413e-01	2.496469e+00	-2.041613e+01	2.291260e+01
433           	-2.166543e+01	-5.265011e-01	2.496443e+00	-2.041720e+01	2.291365e+01
434           	-2.166616e+01	-5.264677e-01	2.496376e+00	-2.041797e+01	2.291435e+01
435           	-2.166714e+01	-5.264337e-01	2.496405e+00	-2.041894e+01	2.291534e+01
436           	-2.166755e+01	-5.263960e-01	2.496449e+00	-2.041932e+01	2.291577e+01
437           	-2.166851e+01	-5.263631e-01	2.496581e+00	-2.042022e+01	2.291680e+01
438           	-2.166914e+01	-5.263327e-01	2.496676e+00	-2.042080e+01	2.291748e+01
439           	-2.167049e+01	-5.263154e-01	2.496829e+00	-2.042207e+01	2.291890e+01
440           	-2.167138e+01	-5.263005e-01	2.496930e+00	-2.042292e+01	2.291985e+01
441           	-2.167262e+01	-5.262891e-01	2.497096e+00	-2.042407e+01	2.292117e+01
442           	-2.167334e+01	-5.262771e-01	2.497232e+00	-2.042473e+01	2.292196e+01
443           	-2.167465e+01	-5.262735e-01	2.497470e+00	-2.042591e+01	2.292338e+01
444           	-2.167553e+01	-5.262661e-01	2.497640e+00	-2.042671e+01	2.292435e+01
445           	-2.167690e+01	-5.262691e-01	2.497905e+00	-2.042794e+01	2.292585e+01
446           	-2.167793e+01	-5.262793e-01	2.498147e+00	-2.042886e+01	2.292700e+01
447           	-2.167931e+01	-5.262907e-01	2.498450e+00	-2.043009e+01	2.292854e+01
448           	-2.168023e+01	-5.263021e-01	2.498701e+00	-2.043088e+01	2.292958e+01
449           	-2.168154e+01	-5.263152e-01	2.499013e+00	-2.043204e+01	2.293105e+01
450           	-2.168255e+01	-5.263331e-01	2.499292e+00	-2.043291e+01	2.293220e+01
451           	-2.168406e+01	-5.263562e-01	2.499643e+00	-2.043423e+01	2.293388e+01
452           	-2.168519e+01	-5.263841e-01	2.499956e+00	-2.043521e+01	2.293516e+01
453           	-2.168669e+01	-5.264149e-01	2.500327e+00	-2.043653e+01	2.293686e+01
454           	-2.168777e+01	-5.264481e-01	2.500651e+00	-2.043744e+01	2.293809e+01
455           	-2.168926e+01	-5.264835e-01	2.501035e+00	-2.043874e+01	2.293978e+01
456           	-2.169040e+01	-5.265221e-01	2.501377e+00	-2.043971e+01	2.294109e+01
457           	-2.169199e+01	-5.265638e-01	2.501783e+00	-2.044110e+01	2.294288e+01
458           	-2.169322e+01	-5.266094e-01	2.502141e+00	-2.044215e+01	2.294429e+01
459           	-2.169485e+01	-5.266579e-01	2.502556e+00	-2.044357e+01	2.294613e+01
460           	-2.169607e+01	-5.267093e-01	2.502920e+00	-2.044461e+01	2.294753e+01
461           	-2.169770e+01	-5.267628e-01	2.503341e+00	-2.044603e+01	2.294937e+01
462           	-2.169894e+01	-5.268188e-01	2.503714e+00	-2.044708e+01	2.295080e+01
463           	-2.170060e+01	-5.268768e-01	2.504145e+00	-2.044853e+01	2.295268e+01
464           	-2.170188e+01	-5.269375e-01	2.504525e+00	-2.044962e+01	2.295414e+01
465           	-2.170357e+01	-5.270003e-01	2.504960e+00	-2.045109e+01	2.295605e+01
466           	-2.170485e+01	-5.270656e-01	2.505340e+00	-2.045218e+01	2.295752e+01
467           	-2.170653e+01	-5.271324e-01	2.505774e+00	-2.045365e+01	2.295942e+01
468           	-2.170779e+01	-5.271990e-01	2.506128e+00	-2.045472e+01	2.296085e+01
469           	-2.170947e+01	-5.272708e-01	2.506585e+00	-2.045618e+01	2.296277e+01
470           	-2.171074e+01	-5.273442e-01	2.506983e+00	-2.045725e+01	2.296424e+01
471           	-2.171239e+01	-5.274171e-01	2.507418e+00	-2.045868e+01	2.296610e+01
472           	-2.171362e+01	-5.274887e-01	2.507756e+00	-2.045974e+01	2.296750e+01
473           	-2.171527e+01	-5.275649e-01	2.508193e+00	-2.046117e+01	2.296937e+01
474           	-2.171650e+01	-5.276407e-01	2.508551e+00	-2.046222e+01	2.297077e+01
475           	-2.171809e+01	-5.277198e-01	2.508998e+00	-2.046359e+01	2.297259e+01
476           	-2.171926e+01	-5.277971e-01	2.509346e+00	-2.046459e+01	2.297393e+01
477           	-2.172080e+01	-5.278765e-01	2.509773e+00	-2.046591e+01	2.297568e+01
478           	-2.172193e+01	-5.279540e-01	2.510102e+00	-2.046688e+01	2.297698e+01
479           	-2.172344e+01	-5.280338e-01	2.510516e+00	-2.046818e+01	2.297870e+01
480           	-2.172453e+01	-5.281123e-01	2.510838e+00	-2.046911e+01	2.297995e+01
481           	-2.172630e+01	-5.281946e-01	2.511207e+00	-2.047070e+01	2.298191e+01
482           	-2.172762e+01	-5.282771e-01	2.511521e+00	-2.047186e+01	2.298338e+01
483           	-2.172912e+01	-5.283554e-01	2.511880e+00	-2.047318e+01	2.298506e+01
484           	-2.172997e+01	-5.284295e-01	2.512174e+00	-2.047388e+01	2.298606e+01
485           	-2.173108e+01	-5.285011e-01	2.512548e+00	-2.047481e+01	2.298736e+01
486           	-2.173189e+01	-5.285733e-01	2.512819e+00	-2.047549e+01	2.298830e+01
487           	-2.173320e+01	-5.286480e-01	2.513148e+00	-2.047663e+01	2.298978e+01
488           	-2.173413e+01	-5.287252e-01	2.513424e+00	-2.047742e+01	2.299084e+01
489           	-2.173541e+01	-5.288018e-01	2.513755e+00	-2.047853e+01	2.299228e+01
490           	-2.173617e+01	-5.288760e-01	2.514011e+00	-2.047916e+01	2.299317e+01
491           	-2.173726e+01	-5.289470e-01	2.514313e+00	-2.048010e+01	2.299441e+01
492           	-2.173790e+01	-5.290164e-01	2.514541e+00	-2.048063e+01	2.299517e+01
493           	-2.173895e+01	-5.290852e-01	2.514827e+00	-2.048153e+01	2.299636e+01
494           	-2.173959e+01	-5.291544e-01	2.515044e+00	-2.048207e+01	2.299711e+01
495           	-2.174060e+01	-5.292233e-01	2.515318e+00	-2.048295e+01	2.299826e+01
496           	-2.174117e+01	-5.292910e-01	2.515514e+00	-2.048341e+01	2.299892e+01
497           	-2.174206e+01	-5.293567e-01	2.515764e+00	-2.048418e+01	2.299994e+01
498           	-2.174251e+01	-5.294201e-01	2.515937e+00	-2.048455e+01	2.300048e+01
499           	-2.174332e+01	-5.294817e-01	2.516168e+00	-2.048523e+01	2.300140e+01
500           	-2.174372e+01	-5.295419e-01	2.516325e+00	-2.048555e+01	2.300188e+01
