/*--------------------------------*- C++ -*----------------------------------*\
  =========                 |
  \\      /  F ield         | OpenFOAM: The Open Source CFD Toolbox
   \\    /   O peration     | Website:  https://openfoam.org
    \\  /    A nd           | Version:  12
     \\/     M anipulation  |
\*---------------------------------------------------------------------------*/
FoamFile
{
    format      ascii;
    class       volScalarField;
    location    "450";
    object      nuTilda;
}
// * * * * * * * * * * * * * * * * * * * * * * * * * * * * * * * * * * * * * //

dimensions      [0 2 -1 0 0 0 0];

internalField   nonuniform List<scalar> 
10720
(
0.145369
0.152659
0.161377
0.171958
0.184243
0.1988
0.2157
0.234516
0.254854
0.27577
0.29564
0.312519
0.324562
0.330882
0.331707
0.328107
0.32141
0.312752
0.302769
0.291828
0.279901
0.266984
0.253156
0.238912
0.225454
0.213851
0.203954
0.194409
0.186032
0.171441
0.155564
0.143995
0.122933
0.113776
0.100976
0.0648927
0.0570364
0.0867741
0.0890953
0.138623
0.132218
0.125228
0.118168
0.110635
0.102658
0.0941535
0.0849951
0.074997
0.063684
0.050499
0.0358034
0.0340137
0.0399144
0.0493858
0.057821
0.0656648
0.0735221
0.0816154
0.0899264
0.0983217
0.106665
0.114826
0.122681
0.129918
0.136196
0.141494
0.145939
0.149683
0.152849
0.155513
0.15772
0.159527
0.160985
0.162093
0.162926
0.163191
0.163785
0.160748
0.110583
0.110336
0.110107
0.110641
0.111638
0.112977
0.115112
0.118376
0.123375
0.130427
0.13971
0.151371
0.165021
0.180195
0.196503
0.213438
0.23075
0.248086
0.265143
0.281428
0.296501
0.309736
0.320596
0.328738
0.334049
0.336431
0.33577
0.332244
0.326806
0.318687
0.308225
0.297
0.287252
0.273898
0.263305
0.233242
0.209585
0.287328
0.27606
0.110796
0.110876
0.110984
0.110826
0.110464
0.109819
0.10876
0.107209
0.105193
0.102824
0.100103
0.0970539
0.0931428
0.0886758
0.0842421
0.080144
0.0764137
0.0730649
0.0701758
0.0677913
0.0659558
0.064688
0.0639874
0.0638141
0.0641367
0.0648981
0.0659972
0.0673246
0.0687862
0.0703004
0.0718086
0.0734811
0.0760704
0.0796129
0.0834916
0.0872638
0.0905616
0.0944973
0.10275
0.128642
0.128513
0.128332
0.128409
0.128624
0.128829
0.129022
0.129247
0.129596
0.129922
0.130212
0.130676
0.13167
0.133544
0.136631
0.141182
0.14741
0.155039
0.161439
0.172815
0.189326
0.209931
0.233875
0.259782
0.285788
0.310583
0.333135
0.352391
0.367913
0.379461
0.387048
0.391212
0.393979
0.393708
0.395581
0.381524
0.380637
0.524818
0.53926
0.12876
0.128723
0.128746
0.128574
0.128303
0.127891
0.127278
0.126401
0.125247
0.123831
0.122131
0.120183
0.118007
0.115549
0.112915
0.11015
0.107277
0.104318
0.101325
0.0983226
0.0953492
0.0924146
0.0895239
0.0865856
0.0835673
0.0805451
0.0775719
0.0747033
0.0719877
0.0694613
0.0671912
0.0650254
0.0642258
0.0653103
0.0674752
0.0701559
0.0734958
0.0764047
0.0832671
0.132955
0.132882
0.132736
0.132595
0.132588
0.132647
0.132724
0.132806
0.132889
0.132975
0.13302
0.132947
0.132549
0.131496
0.130131
0.129639
0.129803
0.13073
0.132246
0.134832
0.139314
0.146877
0.156549
0.17002
0.190801
0.217422
0.248975
0.283892
0.320108
0.355376
0.387793
0.416226
0.441176
0.461978
0.483361
0.490889
0.508698
0.701945
0.826471
0.133014
0.133023
0.133028
0.132963
0.132836
0.132638
0.132339
0.131917
0.131364
0.130677
0.129844
0.128861
0.127705
0.126382
0.124913
0.123305
0.121567
0.119704
0.117735
0.115669
0.113528
0.111314
0.109025
0.106587
0.103938
0.101114
0.0981358
0.0950341
0.0918374
0.0885761
0.0852891
0.0819976
0.078791
0.0758163
0.073247
0.0708889
0.0704377
0.0712859
0.072025
0.135323
0.13527
0.135175
0.135041
0.134875
0.134686
0.134608
0.134587
0.134577
0.134573
0.134576
0.134575
0.134535
0.134403
0.134105
0.133659
0.133104
0.132517
0.132012
0.13168
0.131657
0.132405
0.134287
0.13785
0.144354
0.155468
0.169035
0.19365
0.228756
0.273182
0.324128
0.377647
0.43063
0.480319
0.529267
0.565987
0.606172
0.832841
1.10763
0.135367
0.13537
0.135374
0.135326
0.135245
0.135114
0.134926
0.134667
0.134331
0.133917
0.133422
0.132836
0.132158
0.131384
0.13052
0.129559
0.128506
0.127358
0.126121
0.124796
0.123387
0.121891
0.120301
0.118562
0.116622
0.114488
0.112162
0.109651
0.106962
0.10411
0.101112
0.09799
0.0947721
0.0914977
0.0882244
0.0849757
0.081798
0.0794941
0.0736501
0.136632
0.13659
0.136523
0.136426
0.13631
0.136164
0.135986
0.13578
0.135537
0.135313
0.135163
0.135054
0.134937
0.134762
0.134439
0.134016
0.133527
0.132961
0.132297
0.131549
0.130642
0.13025
0.130199
0.130612
0.131737
0.134473
0.138842
0.147404
0.162207
0.189222
0.233036
0.294149
0.368673
0.449439
0.532656
0.606741
0.676443
0.923474
1.29959
0.136659
0.136665
0.136669
0.136636
0.13658
0.13649
0.136361
0.136188
0.135967
0.135697
0.135373
0.134994
0.134561
0.13407
0.133519
0.132905
0.132227
0.131485
0.13068
0.129808
0.128872
0.127865
0.126778
0.125573
0.12421
0.122686
0.120992
0.119124
0.117075
0.114845
0.112434
0.10985
0.107104
0.104216
0.101203
0.0981107
0.0947883
0.0921765
0.0847536
0.137473
0.137442
0.137389
0.137315
0.137228
0.137119
0.136988
0.136838
0.136663
0.136466
0.136239
0.136022
0.135846
0.135643
0.135343
0.134963
0.134523
0.134022
0.133444
0.132781
0.131976
0.131107
0.130179
0.129595
0.129413
0.129665
0.130564
0.132657
0.136855
0.146438
0.165334
0.206161
0.276849
0.375749
0.492797
0.610564
0.7185
0.980211
1.42066
0.137498
0.137499
0.1375
0.137474
0.137432
0.137363
0.137267
0.137143
0.136986
0.136797
0.136569
0.136308
0.136013
0.13568
0.135307
0.134893
0.134434
0.133929
0.133379
0.132781
0.132134
0.131434
0.130673
0.129824
0.128858
0.127769
0.126548
0.125186
0.123672
0.121997
0.120154
0.118139
0.11595
0.113593
0.111071
0.108421
0.105468
0.103073
0.0963381
0.138043
0.138017
0.137975
0.137917
0.137848
0.137762
0.13766
0.137543
0.137407
0.137253
0.13708
0.136884
0.136665
0.136419
0.136143
0.13583
0.135473
0.135066
0.134603
0.134074
0.133458
0.132727
0.131854
0.130901
0.129971
0.129057
0.128773
0.128991
0.129817
0.132183
0.137688
0.153234
0.193999
0.280495
0.414696
0.574962
0.729086
1.00609
1.48495
0.138061
0.138064
0.138064
0.138044
0.138011
0.137957
0.137883
0.13779
0.137673
0.137531
0.137364
0.137175
0.136963
0.136726
0.136462
0.136169
0.135845
0.135489
0.135099
0.134673
0.134211
0.133707
0.133157
0.13254
0.131838
0.131043
0.130149
0.129146
0.128024
0.126773
0.125382
0.123843
0.122149
0.120296
0.118277
0.116116
0.113653
0.111595
0.105979
0.138453
0.138431
0.138396
0.138349
0.138295
0.138227
0.138147
0.138056
0.137951
0.137832
0.137698
0.137547
0.137378
0.137188
0.136972
0.136725
0.13644
0.136114
0.135737
0.135304
0.134806
0.134227
0.133545
0.132731
0.131808
0.13076
0.129728
0.128745
0.128372
0.128592
0.129679
0.13336
0.147357
0.196792
0.315588
0.501754
0.704323
1.00141
1.50081
0.138468
0.13847
0.13847
0.138454
0.138429
0.138385
0.138325
0.138252
0.138161
0.138051
0.137924
0.137782
0.137624
0.137448
0.137253
0.137039
0.136802
0.136542
0.136258
0.135946
0.135606
0.135234
0.134825
0.134365
0.133841
0.133247
0.132577
0.131824
0.130979
0.130033
0.128977
0.127801
0.126496
0.125056
0.123468
0.121749
0.119758
0.11805
0.113534
0.138758
0.138739
0.13871
0.138672
0.138627
0.138572
0.138507
0.138433
0.138349
0.138253
0.138145
0.138024
0.137887
0.137733
0.137558
0.137362
0.137139
0.136885
0.136593
0.136256
0.135865
0.13541
0.134881
0.134261
0.133539
0.132688
0.131696
0.130548
0.129415
0.128349
0.128027
0.128378
0.130737
0.147287
0.22278
0.401978
0.642507
0.96457
1.47334
0.138771
0.138774
0.138775
0.138762
0.138742
0.138705
0.138656
0.138596
0.138524
0.138437
0.138337
0.138226
0.138104
0.13797
0.137822
0.137661
0.137483
0.137288
0.137074
0.13684
0.136584
0.136303
0.135992
0.135643
0.135243
0.13479
0.134278
0.133701
0.133052
0.132325
0.131511
0.130603
0.12959
0.128467
0.127222
0.125862
0.124273
0.12288
0.119315
0.138994
0.138977
0.138953
0.138921
0.138884
0.138839
0.138786
0.138727
0.138659
0.138583
0.138497
0.138401
0.138293
0.138171
0.138034
0.137878
0.1377
0.137496
0.137262
0.136993
0.13668
0.136318
0.135899
0.135416
0.134862
0.13422
0.133455
0.132519
0.131406
0.130108
0.128798
0.128002
0.127573
0.128876
0.158291
0.295906
0.547924
0.893774
1.40579
0.139006
0.139009
0.13901
0.139
0.138984
0.138954
0.138912
0.138862
0.138802
0.138732
0.138652
0.138563
0.138467
0.138361
0.138247
0.138122
0.137985
0.137835
0.137671
0.137492
0.137295
0.137078
0.136838
0.136567
0.136257
0.135905
0.135506
0.135057
0.134551
0.133983
0.133346
0.132634
0.131839
0.130956
0.129972
0.128892
0.127626
0.126494
0.123698
0.13918
0.139166
0.139145
0.139118
0.139088
0.13905
0.139007
0.138959
0.138903
0.138841
0.138771
0.138692
0.138603
0.138503
0.138391
0.138263
0.138119
0.137955
0.137767
0.137551
0.1373
0.137011
0.136675
0.136289
0.135851
0.135351
0.134768
0.134069
0.133205
0.132115
0.130758
0.129301
0.128122
0.126295
0.128244
0.206364
0.433214
0.789734
1.30044
0.139191
0.139194
0.139196
0.139189
0.139176
0.139151
0.139115
0.139073
0.139023
0.138964
0.138898
0.138826
0.138748
0.138664
0.138573
0.138474
0.138367
0.13825
0.138122
0.137981
0.137827
0.137658
0.137469
0.137255
0.137011
0.136733
0.136419
0.136063
0.135663
0.135213
0.134708
0.134142
0.133511
0.132807
0.132022
0.131158
0.130144
0.12922
0.127025
0.139332
0.139319
0.139301
0.139279
0.139254
0.139223
0.139188
0.139148
0.139103
0.139052
0.138994
0.138929
0.138856
0.138774
0.138682
0.138577
0.138458
0.138323
0.138168
0.13799
0.137785
0.137548
0.137276
0.136963
0.136608
0.136206
0.135742
0.135201
0.134551
0.133736
0.132669
0.13125
0.129759
0.128347
0.121721
0.147689
0.317468
0.658735
1.16026
0.139341
0.139344
0.139346
0.139342
0.139332
0.13931
0.13928
0.139243
0.1392
0.139151
0.139096
0.139036
0.138971
0.138903
0.138829
0.13875
0.138664
0.138571
0.138469
0.138358
0.138236
0.138101
0.137951
0.13778
0.137585
0.137363
0.137112
0.136827
0.136507
0.136146
0.13574
0.135286
0.134778
0.134211
0.133579
0.132881
0.132061
0.131303
0.129571
0.139457
0.139446
0.139431
0.139413
0.139393
0.139368
0.139339
0.139306
0.139269
0.139226
0.139178
0.139124
0.139063
0.138995
0.138917
0.13883
0.13873
0.138617
0.138488
0.138341
0.138171
0.137975
0.137751
0.137494
0.137203
0.136873
0.136494
0.136055
0.13554
0.134919
0.134134
0.133054
0.131514
0.130557
0.12524
0.121331
0.220327
0.513982
0.991248
0.139465
0.139468
0.13947
0.139467
0.13946
0.139442
0.139415
0.139383
0.139346
0.139304
0.139257
0.139206
0.139153
0.139096
0.139035
0.138971
0.138901
0.138826
0.138744
0.138655
0.138557
0.138448
0.138327
0.138189
0.138032
0.137852
0.137649
0.137419
0.137159
0.136867
0.136538
0.136169
0.135756
0.135295
0.13478
0.134212
0.133544
0.132916
0.13154
0.139561
0.139552
0.139541
0.139527
0.139511
0.139491
0.139467
0.13944
0.139409
0.139373
0.139332
0.139286
0.139235
0.139177
0.139111
0.139038
0.138954
0.138859
0.13875
0.138626
0.138484
0.13832
0.138133
0.13792
0.137679
0.137407
0.137093
0.13673
0.136305
0.135802
0.135199
0.13447
0.133191
0.132183
0.129884
0.117123
0.154231
0.373648
0.804496
0.139569
0.139571
0.139573
0.139572
0.139567
0.139552
0.139529
0.1395
0.139468
0.139431
0.13939
0.139347
0.139302
0.139254
0.139204
0.13915
0.139093
0.139031
0.138965
0.138892
0.138812
0.138724
0.138626
0.138513
0.138385
0.138238
0.138072
0.137884
0.137672
0.137433
0.137164
0.136862
0.136524
0.136146
0.135723
0.135255
0.134707
0.134184
0.133081
0.139651
0.139644
0.139635
0.139625
0.139613
0.139597
0.139577
0.139554
0.139528
0.139497
0.139462
0.139422
0.139378
0.139328
0.139272
0.139209
0.139138
0.139057
0.138965
0.13886
0.13874
0.138603
0.138445
0.138267
0.138066
0.137839
0.137577
0.137274
0.13692
0.136502
0.135997
0.135455
0.134671
0.133409
0.133019
0.122945
0.121298
0.256008
0.616604
0.139657
0.139659
0.139661
0.13966
0.139658
0.139645
0.139624
0.139599
0.13957
0.139538
0.139502
0.139465
0.139426
0.139386
0.139343
0.139298
0.139251
0.1392
0.139145
0.139085
0.13902
0.138947
0.138866
0.138774
0.138668
0.138547
0.13841
0.138256
0.138081
0.137884
0.137662
0.137413
0.137134
0.136822
0.136472
0.136084
0.135631
0.135192
0.134301
0.139729
0.139724
0.139718
0.139711
0.139701
0.139688
0.139672
0.139652
0.139628
0.139601
0.13957
0.139536
0.139497
0.139454
0.139405
0.139351
0.13929
0.13922
0.139142
0.139053
0.138951
0.138834
0.138702
0.138551
0.138383
0.138192
0.137973
0.137719
0.137423
0.137073
0.136648
0.136166
0.135683
0.134641
0.134511
0.130035
0.113574
0.173091
0.446992
0.139733
0.139734
0.139735
0.139735
0.139735
0.139724
0.139706
0.139684
0.139658
0.139629
0.139597
0.139565
0.139531
0.139496
0.13946
0.139422
0.139382
0.13934
0.139294
0.139244
0.13919
0.13913
0.139063
0.138986
0.138898
0.138798
0.138685
0.138556
0.138411
0.138248
0.138064
0.137857
0.137625
0.137365
0.137074
0.136751
0.136374
0.136004
0.135279
0.139797
0.139795
0.139791
0.139787
0.139779
0.139768
0.139753
0.139735
0.139713
0.139688
0.139661
0.13963
0.139596
0.139558
0.139516
0.139469
0.139416
0.139356
0.139288
0.139212
0.139125
0.139026
0.138913
0.138786
0.138644
0.138483
0.138299
0.138085
0.137836
0.137543
0.137191
0.136764
0.136361
0.135673
0.135089
0.134523
0.119153
0.126731
0.311852
0.139799
0.139799
0.1398
0.1398
0.139801
0.139793
0.139777
0.139756
0.139733
0.139707
0.139679
0.13965
0.139621
0.13959
0.139559
0.139527
0.139493
0.139457
0.139419
0.139377
0.139332
0.139282
0.139226
0.139162
0.139088
0.139004
0.13891
0.138802
0.138681
0.138545
0.138391
0.138218
0.138024
0.137807
0.137563
0.137293
0.136977
0.136663
0.136069
0.139858
0.139858
0.139856
0.139853
0.139846
0.139836
0.139821
0.139804
0.139784
0.139762
0.139737
0.13971
0.139679
0.139646
0.139609
0.139568
0.139521
0.13947
0.139411
0.139345
0.13927
0.139185
0.139089
0.138981
0.13886
0.138724
0.138568
0.138388
0.138178
0.137931
0.137642
0.137293
0.136903
0.136453
0.135649
0.136379
0.128081
0.110081
0.218164
0.139858
0.139856
0.139856
0.139857
0.139859
0.139852
0.139838
0.139819
0.139798
0.139774
0.139749
0.139724
0.139698
0.139671
0.139644
0.139616
0.139587
0.139557
0.139524
0.139489
0.139451
0.139409
0.139362
0.139308
0.139246
0.139175
0.139096
0.139006
0.138904
0.138789
0.13866
0.138515
0.138352
0.138169
0.137964
0.137736
0.137471
0.137203
0.136714
0.139912
0.139914
0.139914
0.139911
0.139904
0.139893
0.13988
0.139864
0.139845
0.139824
0.139802
0.139777
0.139751
0.139721
0.139688
0.139652
0.139612
0.139566
0.139515
0.139458
0.139393
0.139319
0.139236
0.139144
0.13904
0.138924
0.138792
0.138639
0.138462
0.138255
0.138017
0.137743
0.137396
0.137048
0.136294
0.136649
0.134886
0.111364
0.162661
0.13991
0.139907
0.139906
0.139906
0.139909
0.139905
0.139892
0.139874
0.139855
0.139833
0.13981
0.139787
0.139764
0.139741
0.139717
0.139693
0.139668
0.139642
0.139614
0.139584
0.139552
0.139516
0.139476
0.139431
0.139378
0.139319
0.139251
0.139175
0.139089
0.138992
0.138883
0.13876
0.138623
0.138468
0.138295
0.138102
0.137878
0.137649
0.137244
0.139962
0.139965
0.139965
0.139961
0.139954
0.139943
0.139929
0.139914
0.139897
0.139878
0.139858
0.139836
0.139813
0.139787
0.139758
0.139726
0.139691
0.139651
0.139606
0.139556
0.139499
0.139435
0.139363
0.139282
0.139193
0.139094
0.13898
0.13885
0.138699
0.138525
0.138331
0.138112
0.137833
0.137525
0.136972
0.136514
0.138124
0.119704
0.135977
0.139957
0.139952
0.139949
0.13995
0.139954
0.13995
0.139939
0.139923
0.139904
0.139884
0.139864
0.139843
0.139822
0.139801
0.139781
0.13976
0.139738
0.139715
0.139691
0.139666
0.139638
0.139607
0.139573
0.139535
0.13949
0.139439
0.139382
0.139317
0.139244
0.139162
0.139069
0.138965
0.138848
0.138718
0.138571
0.138407
0.138216
0.13802
0.137683
0.140006
0.14001
0.140009
0.140005
0.139996
0.139985
0.139972
0.139958
0.139942
0.139926
0.139908
0.139889
0.139868
0.139846
0.139821
0.139793
0.139762
0.139727
0.139687
0.139643
0.139592
0.139536
0.139473
0.139403
0.139325
0.139239
0.13914
0.139028
0.138899
0.138754
0.138595
0.138416
0.138198
0.137924
0.137578
0.136675
0.138947
0.128216
0.127744
0.14
0.139993
0.139989
0.139988
0.139993
0.139991
0.139981
0.139965
0.139948
0.13993
0.13991
0.139891
0.139873
0.139854
0.139836
0.139817
0.139798
0.139779
0.139758
0.139736
0.139712
0.139686
0.139657
0.139623
0.139585
0.139542
0.139493
0.139437
0.139375
0.139305
0.139226
0.139138
0.139038
0.138926
0.138801
0.138661
0.138499
0.138331
0.138048
0.140046
0.14005
0.140047
0.140042
0.140033
0.140022
0.140009
0.139997
0.139983
0.139969
0.139954
0.139938
0.13992
0.1399
0.139878
0.139854
0.139827
0.139796
0.139761
0.139721
0.139677
0.139627
0.139571
0.139509
0.139441
0.139365
0.139279
0.139182
0.13907
0.13895
0.138819
0.138671
0.138499
0.138262
0.138053
0.137128
0.138608
0.134032
0.128378
0.140039
0.140031
0.140024
0.140023
0.140028
0.140027
0.140018
0.140003
0.139987
0.139969
0.139952
0.139934
0.139918
0.139901
0.139885
0.139868
0.139851
0.139834
0.139816
0.139797
0.139776
0.139754
0.139728
0.1397
0.139667
0.139629
0.139587
0.139539
0.139486
0.139426
0.139359
0.139283
0.139198
0.139103
0.138996
0.138876
0.138738
0.138592
0.138355
0.140082
0.140084
0.14008
0.140073
0.140064
0.140054
0.140043
0.140032
0.140021
0.140009
0.139997
0.139983
0.139968
0.139951
0.139932
0.139911
0.139887
0.139859
0.139828
0.139793
0.139754
0.139709
0.13966
0.139605
0.139544
0.139478
0.139402
0.139316
0.13922
0.139119
0.13901
0.138886
0.138747
0.138547
0.138402
0.137699
0.138155
0.136969
0.131662
0.140075
0.140065
0.140056
0.140054
0.14006
0.14006
0.140051
0.140037
0.140021
0.140005
0.139988
0.139972
0.139957
0.139942
0.139927
0.139913
0.139898
0.139883
0.139867
0.13985
0.139832
0.139812
0.13979
0.139765
0.139737
0.139704
0.139668
0.139627
0.139581
0.13953
0.139472
0.139407
0.139334
0.139252
0.139161
0.139058
0.13894
0.138814
0.138614
0.140114
0.140114
0.140109
0.140101
0.140092
0.140083
0.140074
0.140066
0.140057
0.140048
0.140038
0.140026
0.140014
0.139999
0.139983
0.139964
0.139943
0.139919
0.139891
0.13986
0.139825
0.139785
0.139741
0.139692
0.139638
0.139579
0.139512
0.139436
0.139354
0.139268
0.139176
0.139072
0.138955
0.138791
0.138662
0.138218
0.13805
0.138081
0.134677
0.140108
0.140096
0.140085
0.140081
0.140088
0.140089
0.14008
0.140066
0.140051
0.140036
0.14002
0.140006
0.139992
0.139978
0.139965
0.139952
0.139939
0.139925
0.139911
0.139896
0.13988
0.139863
0.139844
0.139822
0.139797
0.139769
0.139737
0.139702
0.139662
0.139618
0.139569
0.139513
0.139451
0.139381
0.139302
0.139214
0.139113
0.139004
0.138835
0.140142
0.14014
0.140133
0.140126
0.140118
0.14011
0.140104
0.140098
0.140092
0.140085
0.140077
0.140068
0.140057
0.140045
0.14003
0.140014
0.139995
0.139974
0.13995
0.139922
0.13989
0.139855
0.139815
0.139772
0.139724
0.139671
0.139612
0.139544
0.139473
0.1394
0.139322
0.139233
0.139134
0.139
0.138872
0.138614
0.138229
0.138384
0.136622
0.140137
0.140125
0.140111
0.140106
0.140113
0.140115
0.140106
0.140093
0.140078
0.140064
0.140049
0.140036
0.140023
0.14001
0.139999
0.139987
0.139975
0.139963
0.13995
0.139937
0.139923
0.139908
0.139891
0.139871
0.13985
0.139825
0.139798
0.139767
0.139733
0.139695
0.139652
0.139605
0.139552
0.139492
0.139425
0.13935
0.139263
0.139169
0.139026
0.140166
0.140163
0.140155
0.140148
0.140141
0.140136
0.140133
0.140129
0.140125
0.14012
0.140114
0.140107
0.140098
0.140087
0.140075
0.140061
0.140045
0.140026
0.140004
0.139979
0.139951
0.139919
0.139884
0.139845
0.139802
0.139755
0.139702
0.139643
0.139582
0.139519
0.139452
0.139376
0.13929
0.139181
0.139056
0.138895
0.138531
0.138483
0.137659
0.140164
0.140152
0.140136
0.140129
0.140136
0.140138
0.14013
0.140117
0.140102
0.140088
0.140075
0.140062
0.14005
0.140039
0.140028
0.140017
0.140007
0.139996
0.139984
0.139973
0.13996
0.139946
0.139932
0.139915
0.139896
0.139874
0.13985
0.139824
0.139794
0.139762
0.139726
0.139686
0.139641
0.13959
0.139533
0.139469
0.139395
0.139314
0.139192
0.140187
0.140182
0.140174
0.140168
0.140164
0.140162
0.140161
0.14016
0.140157
0.140154
0.14015
0.140144
0.140137
0.140128
0.140118
0.140105
0.140091
0.140074
0.140055
0.140033
0.140007
0.139979
0.139947
0.139913
0.139875
0.139833
0.139785
0.139734
0.139682
0.139628
0.139569
0.139503
0.139428
0.139337
0.139223
0.1391
0.138833
0.138625
0.138187
0.140187
0.140177
0.140159
0.140149
0.140157
0.140159
0.140151
0.140138
0.140124
0.14011
0.140098
0.140086
0.140075
0.140064
0.140054
0.140044
0.140035
0.140025
0.140014
0.140004
0.139993
0.139981
0.139968
0.139953
0.139936
0.139917
0.139897
0.139874
0.13985
0.139823
0.139793
0.139759
0.139721
0.139678
0.13963
0.139575
0.139511
0.139441
0.139338
0.140205
0.140199
0.140192
0.140188
0.140187
0.140187
0.140188
0.140189
0.140188
0.140186
0.140183
0.140179
0.140174
0.140166
0.140158
0.140147
0.140134
0.140119
0.140102
0.140082
0.14006
0.140034
0.140006
0.139975
0.139941
0.139904
0.139862
0.139818
0.139774
0.139727
0.139676
0.139618
0.139552
0.139474
0.139375
0.139265
0.139082
0.138835
0.13851
0.140207
0.1402
0.14018
0.140168
0.140176
0.140179
0.14017
0.140157
0.140143
0.14013
0.140118
0.140107
0.140097
0.140087
0.140077
0.140068
0.140059
0.14005
0.140041
0.140031
0.140022
0.140011
0.139999
0.139986
0.139972
0.139956
0.139939
0.139921
0.139901
0.139878
0.139854
0.139826
0.139794
0.139758
0.139716
0.139669
0.139615
0.139554
0.139466
0.14022
0.140215
0.140208
0.140207
0.140209
0.140212
0.140214
0.140216
0.140217
0.140217
0.140216
0.140213
0.140209
0.140203
0.140195
0.140186
0.140174
0.140161
0.140146
0.140128
0.140108
0.140085
0.14006
0.140032
0.140002
0.139969
0.139933
0.139897
0.139859
0.139818
0.139774
0.139723
0.139664
0.139596
0.139512
0.13941
0.139277
0.139057
0.138769
0.140224
0.14022
0.140199
0.140185
0.140193
0.140196
0.140187
0.140173
0.14016
0.140148
0.140136
0.140126
0.140116
0.140107
0.140098
0.140089
0.140081
0.140073
0.140064
0.140056
0.140047
0.140038
0.140027
0.140016
0.140004
0.139992
0.139979
0.139964
0.139949
0.139931
0.13991
0.139887
0.13986
0.139829
0.139794
0.139754
0.139708
0.139653
0.139583
0.140234
0.140229
0.140224
0.140227
0.140231
0.140235
0.140239
0.140243
0.140245
0.140247
0.140246
0.140244
0.140241
0.140236
0.140229
0.140221
0.140212
0.1402
0.140186
0.140171
0.140153
0.140132
0.14011
0.140085
0.140058
0.140029
0.14
0.13997
0.139938
0.139902
0.139863
0.139819
0.139767
0.139707
0.139634
0.139542
0.139435
0.139257
0.139002
0.140238
0.140238
0.140217
0.1402
0.140209
0.140212
0.140202
0.140188
0.140175
0.140163
0.140152
0.140142
0.140133
0.140124
0.140116
0.140108
0.1401
0.140093
0.140085
0.140078
0.14007
0.140062
0.140053
0.140045
0.140036
0.140027
0.140017
0.140006
0.139994
0.139979
0.139962
0.139942
0.13992
0.139894
0.139864
0.139829
0.13979
0.13974
0.139696
0.140247
0.140242
0.140239
0.140246
0.140252
0.140256
0.140263
0.140267
0.14027
0.140273
0.140273
0.140272
0.14027
0.140266
0.140261
0.140254
0.140246
0.140237
0.140225
0.140212
0.140196
0.140179
0.140159
0.140137
0.140115
0.140091
0.140066
0.14004
0.140012
0.13998
0.139945
0.139906
0.13986
0.139807
0.139744
0.139663
0.13957
0.139427
0.139212
0.14025
0.140251
0.140233
0.140215
0.140223
0.140226
0.140216
0.140201
0.140189
0.140177
0.140167
0.140157
0.140148
0.140139
0.140131
0.140124
0.140117
0.140111
0.140104
0.140097
0.140091
0.140084
0.140078
0.140073
0.140068
0.140062
0.140054
0.140046
0.140035
0.140023
0.140009
0.139993
0.139974
0.139952
0.139927
0.139897
0.139865
0.139818
0.139792
0.140259
0.140254
0.140253
0.140265
0.14027
0.140275
0.140281
0.140285
0.140288
0.14029
0.140291
0.140291
0.140291
0.140289
0.140287
0.140284
0.140279
0.140273
0.140266
0.140257
0.140246
0.140233
0.140218
0.1402
0.140181
0.140161
0.140138
0.140114
0.140087
0.140057
0.140024
0.139988
0.139947
0.139899
0.139843
0.139772
0.13969
0.139571
0.139396
0.140261
0.140259
0.140246
0.140227
0.140235
0.140238
0.140227
0.140213
0.140201
0.14019
0.140179
0.140169
0.140161
0.140153
0.140145
0.140139
0.140132
0.140127
0.140121
0.140115
0.14011
0.140105
0.140102
0.140101
0.140098
0.140094
0.140088
0.140081
0.140073
0.140063
0.140052
0.140039
0.140024
0.140006
0.139984
0.139959
0.139931
0.13989
0.139873
0.140269
0.140265
0.140268
0.140278
0.140283
0.140288
0.140293
0.140296
0.140299
0.140301
0.140303
0.140304
0.140305
0.140305
0.140304
0.140303
0.1403
0.140298
0.140294
0.140289
0.140283
0.140275
0.140266
0.140255
0.140241
0.140226
0.140208
0.140187
0.140163
0.140135
0.140104
0.140069
0.14003
0.139985
0.139935
0.139872
0.1398
0.139696
0.139554
0.140268
0.140265
0.140254
0.140239
0.140246
0.140246
0.140237
0.140223
0.140211
0.1402
0.14019
0.14018
0.140172
0.140164
0.140158
0.140152
0.140146
0.140141
0.140136
0.140132
0.140128
0.140126
0.140126
0.140126
0.140125
0.140121
0.140116
0.14011
0.140104
0.140097
0.140089
0.14008
0.140068
0.140054
0.140036
0.140015
0.139991
0.139955
0.139944
0.140276
0.140275
0.140279
0.140287
0.140292
0.140296
0.1403
0.140304
0.140307
0.14031
0.140312
0.140313
0.140315
0.140315
0.140316
0.140315
0.140315
0.140313
0.140311
0.140309
0.140306
0.140301
0.140296
0.14029
0.140282
0.140273
0.140261
0.140247
0.140229
0.140207
0.14018
0.140149
0.140112
0.14007
0.140023
0.139965
0.1399
0.139809
0.139691
0.140273
0.140269
0.14026
0.140249
0.140252
0.14025
0.140243
0.140231
0.14022
0.14021
0.140199
0.14019
0.140182
0.140175
0.140169
0.140163
0.140159
0.140154
0.140151
0.140148
0.140146
0.140145
0.140146
0.140146
0.140144
0.140141
0.140136
0.140132
0.140127
0.140123
0.140117
0.140111
0.140103
0.140093
0.140081
0.140063
0.140045
0.140013
0.140007
0.14028
0.140282
0.140286
0.140293
0.140297
0.140302
0.140306
0.14031
0.140313
0.140316
0.140318
0.14032
0.140322
0.140323
0.140324
0.140325
0.140325
0.140325
0.140324
0.140323
0.140321
0.140319
0.140316
0.140312
0.140308
0.140302
0.140296
0.140287
0.140276
0.140262
0.140243
0.140219
0.140189
0.140152
0.140108
0.140055
0.139995
0.139912
0.139812
0.140276
0.140271
0.140263
0.140254
0.140255
0.140253
0.140245
0.140235
0.140226
0.140216
0.140206
0.140197
0.14019
0.140184
0.140178
0.140174
0.14017
0.140166
0.140164
0.140162
0.14016
0.140159
0.140159
0.140159
0.140157
0.140154
0.14015
0.140146
0.140143
0.14014
0.140136
0.140132
0.140127
0.140121
0.140114
0.1401
0.140091
0.140064
0.140061
0.140283
0.140286
0.140291
0.140297
0.140301
0.140306
0.14031
0.140314
0.140318
0.140321
0.140324
0.140326
0.140328
0.14033
0.140331
0.140333
0.140333
0.140334
0.140334
0.140333
0.140333
0.140331
0.14033
0.140327
0.140325
0.140322
0.140318
0.140313
0.140307
0.140298
0.140287
0.140272
0.140251
0.140223
0.140187
0.140141
0.140086
0.14001
0.139922
0.140278
0.140273
0.140265
0.140257
0.140257
0.140254
0.140247
0.140237
0.140228
0.140219
0.14021
0.140202
0.140196
0.14019
0.140185
0.140181
0.140178
0.140175
0.140173
0.140171
0.140169
0.140168
0.140167
0.140166
0.140164
0.140161
0.140159
0.140156
0.140153
0.140151
0.140148
0.140145
0.140142
0.140138
0.140134
0.140126
0.140123
0.140098
0.140098
0.140285
0.140289
0.140294
0.1403
0.140305
0.140309
0.140314
0.140318
0.140322
0.140325
0.140329
0.140331
0.140334
0.140336
0.140337
0.140339
0.14034
0.140341
0.140342
0.140342
0.140342
0.140341
0.140341
0.140339
0.140338
0.140336
0.140333
0.14033
0.140327
0.140322
0.140316
0.140307
0.140295
0.140277
0.140252
0.140217
0.140171
0.140103
0.140025
0.14028
0.140275
0.140267
0.140259
0.140258
0.140254
0.140246
0.140237
0.140228
0.140219
0.14021
0.140203
0.140198
0.140193
0.140188
0.140185
0.140182
0.140179
0.140177
0.140175
0.140173
0.140172
0.140171
0.14017
0.140168
0.140166
0.140164
0.140162
0.14016
0.140158
0.140156
0.140154
0.140152
0.14015
0.140147
0.140142
0.140142
0.140121
0.140122
0.140287
0.140291
0.140296
0.140302
0.140307
0.140312
0.140317
0.140321
0.140325
0.140329
0.140332
0.140335
0.140338
0.140341
0.140343
0.140345
0.140346
0.140347
0.140349
0.140349
0.14035
0.14035
0.14035
0.140349
0.140349
0.140348
0.140346
0.140344
0.140342
0.140339
0.140335
0.14033
0.140324
0.140314
0.140299
0.140276
0.140243
0.140188
0.140121
0.140281
0.140276
0.140267
0.14026
0.140258
0.140254
0.140246
0.140236
0.140226
0.140217
0.140209
0.140203
0.140197
0.140192
0.140189
0.140186
0.140183
0.140181
0.140178
0.140177
0.140175
0.140174
0.140173
0.140171
0.14017
0.140168
0.140167
0.140165
0.140164
0.140162
0.140161
0.14016
0.140159
0.140157
0.140156
0.140153
0.140155
0.140135
0.140138
0.140288
0.140292
0.140298
0.140304
0.140309
0.140315
0.14032
0.140324
0.140328
0.140332
0.140336
0.140339
0.140342
0.140345
0.140347
0.140349
0.140351
0.140353
0.140355
0.140356
0.140357
0.140357
0.140358
0.140358
0.140358
0.140357
0.140357
0.140356
0.140354
0.140352
0.14035
0.140347
0.140343
0.140338
0.14033
0.140317
0.140298
0.140258
0.140206
0.140282
0.140276
0.140268
0.14026
0.140258
0.140253
0.140244
0.140234
0.140224
0.140215
0.140207
0.1402
0.140195
0.140191
0.140187
0.140184
0.140182
0.14018
0.140178
0.140176
0.140175
0.140174
0.140173
0.140172
0.14017
0.140169
0.140168
0.140167
0.140166
0.140165
0.140164
0.140163
0.140163
0.140162
0.140162
0.14016
0.140162
0.140148
0.140152
0.140288
0.140294
0.140299
0.140306
0.140311
0.140316
0.140322
0.140326
0.140331
0.140335
0.140339
0.140342
0.140345
0.140348
0.140351
0.140354
0.140356
0.140358
0.14036
0.140361
0.140363
0.140364
0.140365
0.140365
0.140366
0.140366
0.140366
0.140365
0.140365
0.140364
0.140362
0.14036
0.140358
0.140355
0.140351
0.140344
0.140335
0.14031
0.140277
0.140282
0.140276
0.140268
0.14026
0.140257
0.140251
0.140242
0.140231
0.140221
0.140211
0.140203
0.140197
0.140192
0.140188
0.140185
0.140182
0.14018
0.140178
0.140176
0.140175
0.140174
0.140173
0.140172
0.140171
0.14017
0.140169
0.140168
0.140167
0.140167
0.140166
0.140166
0.140165
0.140165
0.140165
0.140165
0.140164
0.140166
0.140158
0.140164
0.140289
0.140294
0.1403
0.140307
0.140312
0.140318
0.140323
0.140328
0.140333
0.140337
0.140341
0.140345
0.140349
0.140352
0.140355
0.140357
0.14036
0.140362
0.140365
0.140366
0.140368
0.14037
0.140371
0.140372
0.140373
0.140374
0.140374
0.140374
0.140374
0.140374
0.140373
0.140372
0.140371
0.140369
0.140367
0.140363
0.140359
0.140345
0.140328
0.140282
0.140276
0.140267
0.140259
0.140256
0.140249
0.140239
0.140228
0.140217
0.140207
0.140199
0.140193
0.140188
0.140184
0.140181
0.140179
0.140177
0.140176
0.140174
0.140173
0.140172
0.140171
0.14017
0.140169
0.140169
0.140168
0.140167
0.140167
0.140166
0.140166
0.140166
0.140166
0.140166
0.140166
0.140167
0.140167
0.140168
0.140164
0.14017
0.140289
0.140294
0.140301
0.140307
0.140313
0.140319
0.140325
0.14033
0.140335
0.140339
0.140344
0.140348
0.140351
0.140355
0.140358
0.140361
0.140364
0.140366
0.140369
0.140371
0.140373
0.140375
0.140377
0.140378
0.140379
0.14038
0.140381
0.140382
0.140382
0.140382
0.140382
0.140382
0.140382
0.140381
0.14038
0.140377
0.140377
0.140368
0.140363
0.140282
0.140275
0.140266
0.140258
0.140255
0.140247
0.140236
0.140224
0.140213
0.140203
0.140195
0.140189
0.140184
0.140181
0.140178
0.140176
0.140174
0.140173
0.140171
0.14017
0.140169
0.140169
0.140168
0.140167
0.140167
0.140166
0.140166
0.140166
0.140166
0.140165
0.140166
0.140166
0.140166
0.140166
0.140167
0.140167
0.140169
0.140166
0.140173
0.140288
0.140294
0.140301
0.140308
0.140314
0.14032
0.140326
0.140331
0.140336
0.140341
0.140346
0.14035
0.140354
0.140357
0.140361
0.140364
0.140367
0.14037
0.140373
0.140375
0.140378
0.14038
0.140382
0.140384
0.140385
0.140386
0.140388
0.140389
0.14039
0.14039
0.140391
0.140391
0.140391
0.140391
0.140391
0.14039
0.14039
0.140384
0.140386
0.140282
0.140275
0.140265
0.140257
0.140253
0.140245
0.140233
0.14022
0.140208
0.140198
0.14019
0.140184
0.14018
0.140176
0.140174
0.140172
0.14017
0.140169
0.140168
0.140167
0.140167
0.140166
0.140166
0.140165
0.140165
0.140164
0.140164
0.140164
0.140164
0.140164
0.140164
0.140164
0.140164
0.140165
0.140166
0.140166
0.140168
0.140166
0.140173
0.140288
0.140294
0.140301
0.140308
0.140314
0.140321
0.140327
0.140332
0.140338
0.140342
0.140347
0.140351
0.140355
0.140359
0.140363
0.140366
0.14037
0.140373
0.140376
0.140379
0.140382
0.140384
0.140386
0.140388
0.14039
0.140392
0.140393
0.140395
0.140396
0.140397
0.140398
0.140399
0.1404
0.140401
0.140401
0.140401
0.140402
0.140398
0.140403
0.140281
0.140273
0.140264
0.140255
0.14025
0.140242
0.140229
0.140215
0.140203
0.140193
0.140185
0.140179
0.140175
0.140172
0.14017
0.140168
0.140167
0.140166
0.140165
0.140164
0.140163
0.140163
0.140162
0.140162
0.140162
0.140161
0.140161
0.140161
0.140161
0.140161
0.140161
0.140161
0.140161
0.140162
0.140163
0.140163
0.140165
0.140163
0.14017
0.140287
0.140294
0.140301
0.140308
0.140314
0.140321
0.140327
0.140333
0.140338
0.140344
0.140348
0.140353
0.140357
0.140361
0.140365
0.140369
0.140372
0.140376
0.140379
0.140382
0.140385
0.140388
0.140391
0.140393
0.140395
0.140397
0.140399
0.140401
0.140402
0.140404
0.140405
0.140407
0.140408
0.140409
0.14041
0.140411
0.140413
0.14041
0.140416
0.14028
0.140272
0.140263
0.140254
0.140248
0.140238
0.140224
0.14021
0.140197
0.140187
0.14018
0.140174
0.14017
0.140168
0.140166
0.140164
0.140163
0.140162
0.140161
0.14016
0.14016
0.140159
0.140159
0.140158
0.140158
0.140157
0.140157
0.140157
0.140157
0.140156
0.140156
0.140156
0.140157
0.140157
0.140158
0.140158
0.14016
0.140158
0.140165
0.140286
0.140293
0.1403
0.140308
0.140314
0.140321
0.140327
0.140333
0.140339
0.140344
0.140349
0.140354
0.140359
0.140363
0.140367
0.140371
0.140375
0.140378
0.140382
0.140385
0.140388
0.140392
0.140394
0.140397
0.140399
0.140402
0.140404
0.140406
0.140408
0.14041
0.140412
0.140413
0.140415
0.140417
0.140419
0.14042
0.140422
0.14042
0.140428
0.140279
0.140271
0.140261
0.140251
0.140245
0.140235
0.14022
0.140205
0.140192
0.140182
0.140174
0.140169
0.140166
0.140163
0.140161
0.14016
0.140159
0.140158
0.140157
0.140156
0.140155
0.140155
0.140154
0.140154
0.140153
0.140152
0.140152
0.140151
0.140151
0.14015
0.14015
0.14015
0.14015
0.14015
0.14015
0.14015
0.140152
0.14015
0.140157
0.140285
0.140292
0.140299
0.140307
0.140314
0.140321
0.140327
0.140333
0.140339
0.140345
0.14035
0.140355
0.140359
0.140364
0.140368
0.140372
0.140376
0.14038
0.140384
0.140388
0.140391
0.140395
0.140398
0.140401
0.140403
0.140406
0.140408
0.140411
0.140413
0.140415
0.140417
0.14042
0.140422
0.140424
0.140426
0.140428
0.140431
0.14043
0.140438
0.140277
0.140269
0.140259
0.140249
0.140242
0.14023
0.140215
0.140199
0.140186
0.140176
0.140169
0.140164
0.140161
0.140158
0.140156
0.140155
0.140154
0.140153
0.140152
0.140151
0.14015
0.140149
0.140149
0.140148
0.140147
0.140146
0.140145
0.140144
0.140143
0.140142
0.140142
0.140141
0.14014
0.14014
0.14014
0.14014
0.140141
0.140139
0.140145
0.140283
0.140291
0.140298
0.140306
0.140313
0.14032
0.140327
0.140333
0.140339
0.140345
0.14035
0.140355
0.14036
0.140365
0.140369
0.140373
0.140378
0.140382
0.140386
0.14039
0.140394
0.140397
0.140401
0.140404
0.140407
0.14041
0.140412
0.140415
0.140418
0.14042
0.140423
0.140425
0.140428
0.14043
0.140433
0.140435
0.140439
0.140438
0.140448
0.140275
0.140267
0.140256
0.140246
0.140239
0.140226
0.140209
0.140193
0.14018
0.14017
0.140163
0.140159
0.140155
0.140153
0.140151
0.14015
0.140148
0.140147
0.140146
0.140145
0.140144
0.140143
0.140141
0.14014
0.140139
0.140137
0.140136
0.140134
0.140133
0.140132
0.140131
0.14013
0.140129
0.140128
0.140127
0.140126
0.140127
0.140125
0.14013
0.140282
0.140289
0.140297
0.140305
0.140312
0.140319
0.140326
0.140333
0.140339
0.140345
0.14035
0.140355
0.14036
0.140365
0.140369
0.140374
0.140378
0.140383
0.140387
0.140391
0.140395
0.140399
0.140403
0.140407
0.14041
0.140413
0.140416
0.140419
0.140422
0.140425
0.140428
0.14043
0.140433
0.140436
0.140439
0.140442
0.140446
0.140447
0.140455
0.140274
0.140265
0.140254
0.140243
0.140235
0.140221
0.140203
0.140187
0.140174
0.140164
0.140158
0.140153
0.14015
0.140147
0.140145
0.140143
0.140142
0.14014
0.140139
0.140137
0.140136
0.140134
0.140133
0.140131
0.140129
0.140127
0.140125
0.140123
0.140121
0.140119
0.140117
0.140115
0.140114
0.140112
0.140111
0.14011
0.14011
0.140107
0.140111
0.14028
0.140287
0.140295
0.140303
0.140311
0.140318
0.140325
0.140332
0.140338
0.140344
0.140349
0.140355
0.14036
0.140365
0.140369
0.140374
0.140379
0.140383
0.140388
0.140392
0.140397
0.140401
0.140405
0.140409
0.140412
0.140415
0.140419
0.140422
0.140425
0.140428
0.140432
0.140435
0.140438
0.140442
0.140445
0.140448
0.140453
0.140454
0.140462
0.140271
0.140262
0.140251
0.14024
0.140232
0.140216
0.140197
0.14018
0.140168
0.140158
0.140152
0.140147
0.140144
0.140141
0.140138
0.140136
0.140134
0.140132
0.14013
0.140128
0.140126
0.140124
0.140122
0.140119
0.140116
0.140114
0.140111
0.140108
0.140106
0.140103
0.140101
0.140098
0.140096
0.140094
0.140092
0.14009
0.140088
0.140085
0.140087
0.140277
0.140285
0.140293
0.140302
0.140309
0.140317
0.140324
0.14033
0.140337
0.140343
0.140348
0.140354
0.140359
0.140364
0.140369
0.140373
0.140378
0.140383
0.140388
0.140392
0.140397
0.140402
0.140406
0.14041
0.140414
0.140417
0.140421
0.140425
0.140428
0.140432
0.140435
0.140439
0.140443
0.140446
0.14045
0.140454
0.140459
0.140461
0.140469
0.140269
0.14026
0.140248
0.140237
0.140227
0.140211
0.140191
0.140174
0.140161
0.140152
0.140146
0.140141
0.140137
0.140133
0.14013
0.140127
0.140124
0.140121
0.140119
0.140116
0.140114
0.140111
0.140108
0.140105
0.140102
0.140098
0.140095
0.140091
0.140088
0.140085
0.140081
0.140078
0.140075
0.140071
0.140068
0.140065
0.140062
0.140056
0.140057
0.140275
0.140283
0.140291
0.1403
0.140307
0.140315
0.140322
0.140329
0.140335
0.140341
0.140346
0.140352
0.140357
0.140362
0.140367
0.140372
0.140377
0.140382
0.140387
0.140392
0.140397
0.140402
0.140406
0.140411
0.140415
0.140419
0.140423
0.140426
0.14043
0.140434
0.140438
0.140442
0.140446
0.14045
0.140455
0.140459
0.140464
0.140467
0.140475
0.140266
0.140257
0.140245
0.140233
0.140223
0.140205
0.140185
0.140167
0.140155
0.140146
0.140139
0.140134
0.140129
0.140124
0.14012
0.140116
0.140112
0.140109
0.140106
0.140103
0.1401
0.140097
0.140093
0.140089
0.140085
0.140081
0.140076
0.140072
0.140067
0.140063
0.140058
0.140054
0.140049
0.140044
0.140039
0.140034
0.140031
0.140022
0.140021
0.140272
0.14028
0.140289
0.140297
0.140305
0.140312
0.14032
0.140326
0.140332
0.140338
0.140344
0.140349
0.140354
0.14036
0.140365
0.14037
0.140375
0.14038
0.140385
0.14039
0.140396
0.140401
0.140406
0.14041
0.140415
0.140419
0.140423
0.140427
0.140432
0.140436
0.14044
0.140445
0.140449
0.140454
0.140459
0.140463
0.140469
0.140473
0.140481
0.140263
0.140254
0.140242
0.140229
0.140218
0.140199
0.140178
0.140161
0.140149
0.14014
0.140132
0.140125
0.140119
0.140113
0.140108
0.140103
0.140099
0.140095
0.140091
0.140088
0.140084
0.14008
0.140076
0.140071
0.140066
0.140061
0.140055
0.14005
0.140044
0.140039
0.140033
0.140028
0.140022
0.140017
0.140012
0.140007
0.140003
0.139998
0.139997
0.140269
0.140277
0.140286
0.140294
0.140302
0.14031
0.140317
0.140323
0.140329
0.140335
0.140341
0.140346
0.140351
0.140356
0.140361
0.140366
0.140372
0.140377
0.140382
0.140388
0.140393
0.140399
0.140404
0.140409
0.140414
0.140418
0.140423
0.140428
0.140432
0.140437
0.140442
0.140447
0.140451
0.140456
0.140462
0.140467
0.140473
0.140477
0.140486
0.14026
0.14025
0.140238
0.140225
0.140213
0.140193
0.140171
0.140154
0.140142
0.140132
0.140124
0.140116
0.140108
0.140101
0.140095
0.140089
0.140084
0.140079
0.140075
0.140071
0.140067
0.140062
0.140057
0.140052
0.140046
0.14004
0.140035
0.140029
0.140024
0.140021
0.140018
0.140015
0.140014
0.140013
0.140012
0.140012
0.140011
0.140012
0.140013
0.140265
0.140274
0.140282
0.140291
0.140299
0.140306
0.140313
0.140319
0.140325
0.140331
0.140336
0.140342
0.140347
0.140352
0.140357
0.140362
0.140367
0.140373
0.140378
0.140384
0.14039
0.140396
0.140401
0.140407
0.140412
0.140417
0.140422
0.140427
0.140432
0.140437
0.140442
0.140447
0.140453
0.140458
0.140464
0.140469
0.140476
0.140481
0.14049
0.140256
0.140246
0.140234
0.140221
0.140208
0.140186
0.140164
0.140147
0.140135
0.140125
0.140114
0.140104
0.140095
0.140087
0.14008
0.140074
0.140068
0.140063
0.140058
0.140054
0.140049
0.140044
0.14004
0.140035
0.14003
0.140027
0.140026
0.140025
0.140026
0.140027
0.140029
0.140031
0.140034
0.140037
0.14004
0.140043
0.140045
0.140049
0.140049
0.140262
0.14027
0.140279
0.140287
0.140295
0.140302
0.140309
0.140315
0.140321
0.140326
0.140331
0.140336
0.140341
0.140346
0.140351
0.140357
0.140362
0.140368
0.140373
0.140379
0.140385
0.140391
0.140397
0.140403
0.140408
0.140414
0.140419
0.140424
0.14043
0.140435
0.140441
0.140447
0.140452
0.140458
0.140465
0.140471
0.140478
0.140484
0.140493
0.140252
0.140242
0.140229
0.140216
0.140202
0.140179
0.140157
0.14014
0.140128
0.140116
0.140104
0.140092
0.140082
0.140073
0.140065
0.140058
0.140052
0.140047
0.140043
0.140039
0.140035
0.140033
0.140032
0.140031
0.140033
0.140035
0.140039
0.140043
0.140047
0.140051
0.140055
0.140059
0.140062
0.140065
0.140069
0.140072
0.140074
0.140079
0.140077
0.140257
0.140266
0.140275
0.140283
0.140291
0.140298
0.140304
0.14031
0.140315
0.14032
0.140325
0.14033
0.140335
0.14034
0.140345
0.14035
0.140355
0.140361
0.140367
0.140373
0.140379
0.140386
0.140392
0.140398
0.140404
0.140409
0.140415
0.140421
0.140426
0.140432
0.140438
0.140445
0.140451
0.140458
0.140464
0.140471
0.140479
0.140486
0.140496
0.140248
0.140238
0.140225
0.140211
0.140196
0.140172
0.14015
0.140133
0.14012
0.140106
0.140092
0.140079
0.140068
0.140058
0.140051
0.140045
0.14004
0.140037
0.140036
0.140035
0.140036
0.140039
0.140042
0.140046
0.140051
0.140056
0.14006
0.140065
0.140069
0.140073
0.140077
0.140081
0.140085
0.140088
0.140092
0.140096
0.140099
0.140103
0.140104
0.140253
0.140261
0.14027
0.140278
0.140286
0.140292
0.140298
0.140304
0.140309
0.140313
0.140318
0.140322
0.140327
0.140332
0.140336
0.140342
0.140347
0.140353
0.140359
0.140365
0.140372
0.140378
0.140385
0.140391
0.140397
0.140403
0.140409
0.140415
0.140422
0.140428
0.140435
0.140441
0.140448
0.140455
0.140462
0.14047
0.140478
0.140486
0.140496
0.140244
0.140233
0.14022
0.140206
0.14019
0.140165
0.140142
0.140126
0.140111
0.140095
0.140079
0.140065
0.140054
0.140046
0.140041
0.140038
0.140039
0.140041
0.140044
0.140047
0.140051
0.140055
0.14006
0.140065
0.14007
0.140075
0.14008
0.140085
0.14009
0.140095
0.1401
0.140104
0.140109
0.140113
0.140118
0.140122
0.140127
0.140132
0.140134
0.140248
0.140256
0.140265
0.140273
0.14028
0.140286
0.140292
0.140296
0.140301
0.140305
0.140309
0.140313
0.140318
0.140322
0.140327
0.140332
0.140337
0.140343
0.140349
0.140356
0.140363
0.14037
0.140377
0.140383
0.14039
0.140396
0.140402
0.140409
0.140415
0.140422
0.140429
0.140436
0.140443
0.140451
0.140459
0.140467
0.140476
0.140485
0.140496
0.140239
0.140228
0.140215
0.1402
0.140183
0.140157
0.140135
0.140118
0.140101
0.140083
0.140066
0.140053
0.140045
0.140041
0.140042
0.140045
0.14005
0.140054
0.140059
0.140063
0.140068
0.140072
0.140078
0.140083
0.14009
0.140096
0.140102
0.140108
0.140114
0.14012
0.140126
0.140132
0.140137
0.140143
0.140148
0.140154
0.140159
0.140165
0.140168
0.140242
0.140251
0.140259
0.140267
0.140273
0.140279
0.140284
0.140288
0.140292
0.140296
0.140299
0.140303
0.140307
0.140311
0.140316
0.140321
0.140326
0.140332
0.140338
0.140345
0.140352
0.140359
0.140366
0.140373
0.14038
0.140387
0.140393
0.1404
0.140407
0.140414
0.140422
0.140429
0.140437
0.140445
0.140454
0.140462
0.140472
0.140482
0.140493
0.140233
0.140223
0.140209
0.140194
0.140176
0.14015
0.140128
0.140109
0.14009
0.14007
0.140054
0.140045
0.140042
0.140046
0.140052
0.140058
0.140064
0.14007
0.140075
0.140081
0.140086
0.140092
0.140098
0.140106
0.140113
0.140121
0.140128
0.140136
0.140143
0.14015
0.140157
0.140164
0.14017
0.140176
0.140183
0.140189
0.140195
0.140202
0.140206
0.140236
0.140245
0.140253
0.14026
0.140266
0.140271
0.140275
0.140279
0.140282
0.140285
0.140288
0.140291
0.140295
0.140299
0.140303
0.140308
0.140313
0.140319
0.140325
0.140331
0.140339
0.140346
0.140354
0.140361
0.140368
0.140375
0.140383
0.14039
0.140397
0.140405
0.140413
0.140421
0.140429
0.140438
0.140447
0.140456
0.140466
0.140477
0.140489
0.140227
0.140217
0.140203
0.140188
0.140169
0.140142
0.14012
0.1401
0.140078
0.140059
0.140046
0.140043
0.140049
0.140057
0.140065
0.140074
0.140081
0.140088
0.140095
0.140102
0.140109
0.140116
0.140123
0.140132
0.140141
0.14015
0.140159
0.140167
0.140175
0.140183
0.140191
0.140198
0.140205
0.140212
0.140219
0.140226
0.140232
0.14024
0.140244
0.14023
0.140238
0.140246
0.140253
0.140258
0.140262
0.140265
0.140268
0.140271
0.140273
0.140275
0.140278
0.140281
0.140284
0.140288
0.140292
0.140297
0.140302
0.140308
0.140315
0.140322
0.14033
0.140338
0.140346
0.140353
0.140361
0.140368
0.140376
0.140384
0.140393
0.140401
0.14041
0.140419
0.140428
0.140438
0.140448
0.140459
0.14047
0.140483
0.140221
0.14021
0.140197
0.140181
0.140162
0.140134
0.140112
0.14009
0.140067
0.14005
0.140043
0.140049
0.14006
0.140071
0.140082
0.140092
0.140102
0.140111
0.140119
0.140127
0.140135
0.140143
0.140152
0.140161
0.140171
0.140181
0.140191
0.1402
0.140208
0.140217
0.140225
0.140232
0.14024
0.140247
0.140254
0.140261
0.140268
0.140276
0.140281
0.140223
0.140231
0.140238
0.140244
0.140249
0.140252
0.140254
0.140256
0.140258
0.140259
0.140261
0.140263
0.140265
0.140268
0.140271
0.140274
0.140278
0.140283
0.140288
0.140295
0.140302
0.14031
0.140318
0.140326
0.140334
0.140342
0.14035
0.140358
0.140367
0.140376
0.140386
0.140395
0.140405
0.140415
0.140426
0.140437
0.140448
0.140461
0.140474
0.140214
0.140204
0.14019
0.140174
0.140154
0.140126
0.140104
0.140079
0.140056
0.140044
0.140048
0.14006
0.140074
0.140089
0.140102
0.140115
0.140126
0.140136
0.140146
0.140155
0.140164
0.140173
0.140182
0.140192
0.140203
0.140213
0.140223
0.140232
0.14024
0.140249
0.140257
0.140264
0.140272
0.140279
0.140286
0.140293
0.1403
0.140307
0.140313
0.140215
0.140223
0.140229
0.140235
0.140238
0.140241
0.140242
0.140243
0.140243
0.140244
0.140245
0.140246
0.140247
0.140248
0.14025
0.140253
0.140256
0.140261
0.140266
0.140272
0.140279
0.140286
0.140294
0.140302
0.14031
0.140319
0.140327
0.140336
0.140345
0.140355
0.140365
0.140376
0.140387
0.140398
0.140409
0.140421
0.140435
0.140448
0.140463
0.140207
0.140196
0.140183
0.140167
0.140146
0.140117
0.140095
0.140068
0.140048
0.140044
0.140056
0.140073
0.140092
0.14011
0.140126
0.14014
0.140153
0.140164
0.140174
0.140184
0.140193
0.140202
0.140212
0.140222
0.140232
0.140242
0.140252
0.140261
0.140269
0.140277
0.140285
0.140292
0.140299
0.140306
0.140313
0.14032
0.140327
0.140335
0.140341
0.140207
0.140214
0.14022
0.140224
0.140227
0.140228
0.140229
0.140229
0.140228
0.140228
0.140227
0.140227
0.140227
0.140227
0.140228
0.14023
0.140233
0.140237
0.140242
0.140248
0.140254
0.140262
0.140269
0.140277
0.140285
0.140293
0.140302
0.14031
0.14032
0.14033
0.14034
0.140351
0.140362
0.140374
0.140387
0.1404
0.140415
0.14043
0.140447
0.140198
0.140189
0.140175
0.140159
0.140137
0.140109
0.140085
0.140058
0.140043
0.140049
0.140067
0.14009
0.140112
0.140133
0.140152
0.140167
0.140181
0.140192
0.140202
0.140212
0.140221
0.14023
0.140239
0.140249
0.140259
0.140268
0.140277
0.140286
0.140294
0.140302
0.14031
0.140317
0.140324
0.140331
0.140338
0.140345
0.140353
0.140361
0.140367
0.140197
0.140204
0.140209
0.140213
0.140215
0.140215
0.140214
0.140213
0.140211
0.14021
0.140208
0.140206
0.140205
0.140205
0.140205
0.140207
0.14021
0.140213
0.140218
0.140223
0.14023
0.140237
0.140245
0.140252
0.14026
0.140268
0.140276
0.140285
0.140294
0.140304
0.140314
0.140325
0.140336
0.140348
0.140361
0.140375
0.14039
0.140407
0.140425
0.14019
0.14018
0.140167
0.14015
0.140129
0.1401
0.140075
0.140048
0.140042
0.140057
0.140082
0.140109
0.140136
0.140158
0.140178
0.140193
0.140207
0.140218
0.140228
0.140237
0.140246
0.140254
0.140263
0.140273
0.140282
0.140292
0.140301
0.14031
0.140318
0.140327
0.140335
0.140343
0.140351
0.140359
0.140367
0.140375
0.140383
0.140392
0.140399
0.140189
0.140195
0.1402
0.140202
0.140203
0.140201
0.140199
0.140196
0.140193
0.140188
0.140185
0.140183
0.140182
0.140182
0.140183
0.140184
0.140187
0.14019
0.140195
0.1402
0.140207
0.140214
0.140222
0.14023
0.140237
0.140245
0.140253
0.140262
0.140271
0.140281
0.140291
0.140302
0.140313
0.140325
0.140337
0.140351
0.140366
0.140384
0.140402
0.140182
0.140172
0.140159
0.140143
0.14012
0.140092
0.140065
0.140041
0.140045
0.140068
0.140099
0.14013
0.140157
0.140181
0.140199
0.140215
0.140228
0.140238
0.140248
0.140256
0.140265
0.140273
0.140282
0.140291
0.140302
0.140312
0.140322
0.140332
0.140342
0.140352
0.140361
0.140371
0.140381
0.14039
0.1404
0.14041
0.14042
0.140431
0.14044
0.140182
0.140187
0.140191
0.140192
0.140191
0.140188
0.140184
0.140178
0.140173
0.140162
0.140158
0.140156
0.140156
0.140157
0.140158
0.14016
0.140163
0.140166
0.140171
0.140177
0.140183
0.140191
0.140199
0.140207
0.140215
0.140223
0.140232
0.140241
0.14025
0.14026
0.14027
0.14028
0.140291
0.140303
0.140315
0.140329
0.140344
0.140361
0.140379
0.140175
0.140165
0.140152
0.140136
0.140113
0.140084
0.140054
0.140037
0.140052
0.140082
0.140117
0.140149
0.140177
0.140199
0.140217
0.140231
0.140243
0.140254
0.140263
0.140272
0.14028
0.140289
0.140298
0.140309
0.140321
0.140332
0.140344
0.140356
0.140368
0.14038
0.140391
0.140403
0.140415
0.140426
0.140438
0.14045
0.140462
0.140476
0.140487
0.140173
0.140178
0.140181
0.140181
0.140179
0.140174
0.140167
0.140158
0.140151
0.140134
0.140128
0.140127
0.140128
0.140129
0.140131
0.140133
0.140136
0.14014
0.140145
0.140151
0.140157
0.140165
0.140173
0.140181
0.140189
0.140198
0.140206
0.140215
0.140225
0.140235
0.140245
0.140255
0.140266
0.140278
0.14029
0.140303
0.140318
0.140334
0.140353
0.140167
0.140158
0.140145
0.140128
0.140105
0.140075
0.140043
0.140039
0.140062
0.140099
0.140136
0.140169
0.140195
0.140216
0.140233
0.140247
0.140259
0.14027
0.14028
0.140289
0.140298
0.140308
0.140319
0.140332
0.140345
0.140359
0.140373
0.140387
0.140401
0.140415
0.140429
0.140442
0.140455
0.140468
0.140482
0.140495
0.140509
0.140524
0.140537
0.140164
0.140168
0.14017
0.140169
0.140165
0.140158
0.140149
0.140137
0.140127
0.140104
0.140097
0.140097
0.140098
0.1401
0.140102
0.140105
0.140109
0.140113
0.140118
0.140123
0.14013
0.140137
0.140145
0.140153
0.140161
0.140169
0.140177
0.140186
0.140196
0.140205
0.140216
0.140226
0.140237
0.140249
0.140261
0.140274
0.140289
0.140305
0.140322
0.140158
0.140149
0.140137
0.14012
0.140097
0.140066
0.140033
0.140042
0.140074
0.140117
0.140155
0.140187
0.140212
0.140232
0.140249
0.140264
0.140277
0.140289
0.1403
0.140311
0.140322
0.140333
0.140346
0.140361
0.140377
0.140393
0.140409
0.140424
0.14044
0.140454
0.140469
0.140482
0.140496
0.140509
0.140522
0.140535
0.140549
0.140563
0.140576
0.140154
0.140157
0.140158
0.140155
0.140149
0.140141
0.14013
0.140115
0.140101
0.140075
0.140068
0.140068
0.14007
0.140072
0.140075
0.140078
0.140081
0.140085
0.14009
0.140095
0.140101
0.140108
0.140115
0.140123
0.14013
0.140138
0.140146
0.140154
0.140163
0.140173
0.140183
0.140193
0.140204
0.140216
0.140228
0.140241
0.140255
0.140271
0.140289
0.140148
0.14014
0.140128
0.140111
0.140088
0.140056
0.140024
0.140047
0.140089
0.140135
0.140173
0.140203
0.140228
0.140249
0.140268
0.140284
0.140299
0.140313
0.140326
0.140339
0.140351
0.140365
0.140379
0.140395
0.140412
0.140428
0.140443
0.140457
0.140471
0.140484
0.140495
0.140506
0.140517
0.140527
0.140536
0.140545
0.140554
0.140564
0.140574
0.140142
0.140145
0.140144
0.14014
0.140133
0.140122
0.140109
0.140092
0.140075
0.140049
0.140042
0.140043
0.140044
0.140047
0.140049
0.140052
0.140055
0.140058
0.140062
0.140067
0.140073
0.140079
0.140086
0.140092
0.140099
0.140106
0.140113
0.140121
0.140129
0.140138
0.140147
0.140156
0.140167
0.140178
0.140189
0.140202
0.140216
0.140232
0.140249
0.140137
0.14013
0.140118
0.140101
0.140078
0.140046
0.140017
0.140054
0.140103
0.140151
0.140188
0.140218
0.140245
0.140269
0.14029
0.140309
0.140326
0.140342
0.140356
0.140369
0.140382
0.140395
0.140408
0.140422
0.140435
0.140447
0.140457
0.140466
0.140474
0.14048
0.140485
0.140489
0.140493
0.140495
0.140498
0.140499
0.140501
0.140502
0.140504
0.140129
0.140131
0.140129
0.140123
0.140115
0.140103
0.140088
0.140069
0.140049
0.140031
0.140027
0.140026
0.140026
0.140027
0.140028
0.140029
0.14003
0.140033
0.140035
0.140039
0.140043
0.140048
0.140053
0.140059
0.140065
0.140071
0.140078
0.140085
0.140093
0.140101
0.140109
0.140118
0.140128
0.140138
0.140149
0.14016
0.140174
0.140189
0.140206
0.140125
0.140118
0.140107
0.14009
0.140068
0.140036
0.140013
0.140063
0.140116
0.140164
0.140202
0.140235
0.140265
0.140292
0.140316
0.140336
0.140352
0.140366
0.140378
0.140389
0.140398
0.140406
0.140413
0.140419
0.140424
0.140427
0.140428
0.140428
0.140426
0.140424
0.140421
0.140417
0.140414
0.14041
0.140407
0.140403
0.1404
0.140397
0.140396
0.140114
0.140115
0.140112
0.140106
0.140096
0.140083
0.140067
0.140047
0.140027
0.140024
0.140025
0.140027
0.140029
0.14003
0.140031
0.140032
0.140032
0.140032
0.140031
0.140031
0.140031
0.140031
0.140032
0.140034
0.140037
0.14004
0.140044
0.140049
0.140055
0.14006
0.140067
0.140074
0.140083
0.140091
0.140101
0.140111
0.140123
0.140137
0.140152
0.140111
0.140105
0.140094
0.140079
0.140058
0.140027
0.140012
0.14007
0.140124
0.140174
0.140216
0.140253
0.140286
0.140312
0.140333
0.140347
0.140358
0.140365
0.14037
0.140372
0.140374
0.140373
0.140372
0.140368
0.140363
0.140358
0.140352
0.140346
0.14034
0.140336
0.140333
0.140332
0.140332
0.140335
0.140339
0.140346
0.140356
0.14037
0.140385
0.140098
0.140098
0.140094
0.140087
0.140077
0.140063
0.140046
0.140028
0.140013
0.140025
0.140032
0.140037
0.140042
0.140045
0.140047
0.140049
0.14005
0.14005
0.140049
0.140048
0.140047
0.140045
0.140042
0.14004
0.140039
0.140037
0.140036
0.140036
0.140037
0.140038
0.14004
0.140043
0.140047
0.140052
0.140059
0.140066
0.140075
0.140086
0.1401
0.140095
0.14009
0.140081
0.140067
0.140047
0.140018
0.140015
0.140074
0.140128
0.140183
0.140229
0.140266
0.140293
0.140309
0.140317
0.14032
0.140319
0.140316
0.140313
0.140308
0.140303
0.140298
0.140292
0.140287
0.140284
0.140284
0.140287
0.140294
0.140303
0.140317
0.140336
0.140359
0.140386
0.140417
0.140452
0.14049
0.140534
0.140585
0.140633
0.14008
0.140079
0.140075
0.140067
0.140057
0.140044
0.140028
0.140013
0.140008
0.14003
0.140041
0.14005
0.140057
0.140063
0.140067
0.140071
0.140073
0.140074
0.140075
0.140074
0.140073
0.140071
0.140069
0.140066
0.140064
0.140061
0.140058
0.140056
0.140053
0.140051
0.140049
0.140048
0.140047
0.140047
0.140048
0.140049
0.140052
0.140056
0.140063
0.140078
0.140074
0.140066
0.140054
0.140036
0.14001
0.140018
0.140072
0.140128
0.140188
0.14023
0.140253
0.140261
0.140259
0.140253
0.140246
0.140241
0.140237
0.140235
0.140236
0.140239
0.140245
0.140254
0.14027
0.140295
0.140326
0.140363
0.140404
0.140447
0.140492
0.140539
0.140586
0.140633
0.14068
0.140727
0.140774
0.140824
0.140877
0.140925
0.14006
0.140059
0.140054
0.140048
0.140039
0.140027
0.140013
0.140006
0.140012
0.140031
0.140045
0.140057
0.140069
0.140079
0.140087
0.140093
0.140099
0.140103
0.140107
0.140109
0.14011
0.14011
0.14011
0.140108
0.140106
0.140102
0.140099
0.140094
0.140088
0.140085
0.140079
0.140074
0.140069
0.140065
0.140061
0.140058
0.140055
0.140054
0.140054
0.140059
0.140056
0.140049
0.140039
0.140026
0.140005
0.140019
0.140062
0.140123
0.140174
0.140194
0.140191
0.140183
0.140179
0.14018
0.140187
0.140201
0.140221
0.140244
0.14027
0.140299
0.140333
0.140371
0.140417
0.140466
0.140517
0.140565
0.140611
0.140655
0.140695
0.140732
0.140767
0.140798
0.140827
0.140853
0.140877
0.1409
0.140921
0.14094
0.140037
0.140036
0.140033
0.140028
0.140021
0.140013
0.140004
0.140005
0.140014
0.140024
0.140038
0.140053
0.140069
0.140081
0.140091
0.140098
0.140104
0.140109
0.140113
0.140117
0.140121
0.140125
0.140129
0.140133
0.140137
0.140141
0.140145
0.14015
0.140154
0.140156
0.140159
0.140163
0.140166
0.14017
0.140173
0.140176
0.140179
0.140182
0.140186
0.140037
0.140035
0.140031
0.140024
0.140015
0.140002
0.140017
0.140043
0.140099
0.140115
0.140111
0.140104
0.140121
0.140156
0.140199
0.140243
0.140284
0.140323
0.140358
0.140391
0.140423
0.140453
0.140484
0.140516
0.140545
0.140569
0.140589
0.140606
0.140618
0.140627
0.140634
0.140638
0.140639
0.140639
0.140636
0.140632
0.140625
0.140615
0.140604
0.140013
0.140012
0.140011
0.140009
0.140006
0.140003
0.140001
0.140003
0.140007
0.140009
0.140022
0.140043
0.14007
0.140095
0.14012
0.140142
0.140162
0.140179
0.140194
0.140207
0.140217
0.140226
0.140233
0.140238
0.140242
0.140244
0.140246
0.140246
0.140245
0.140245
0.140244
0.140241
0.140238
0.140236
0.140235
0.140236
0.140238
0.140242
0.140243
0.140013
0.140012
0.140011
0.140008
0.140005
0.14
0.140007
0.140015
0.140039
0.140022
0.140041
0.140079
0.14012
0.140157
0.140188
0.140212
0.140232
0.140246
0.140257
0.140265
0.140269
0.140272
0.140271
0.140269
0.140264
0.140259
0.140253
0.140246
0.140239
0.140232
0.140224
0.140216
0.140208
0.140199
0.14019
0.14018
0.14017
0.140159
0.14015
0.436919
0.826802
1.16513
1.42019
1.59873
1.7145
1.78782
1.84593
1.90417
1.93038
1.90682
1.82447
1.68078
1.47931
1.23055
0.954255
0.681012
0.448567
0.286377
0.193912
0.148012
0.129378
0.12624
0.129262
0.133053
0.135759
0.137259
0.137991
0.138383
0.138663
0.138906
0.139126
0.139322
0.139491
0.139637
0.139765
0.13988
0.139986
0.140086
0.140178
0.140256
0.140315
0.140357
0.140383
0.140401
0.140414
0.140422
0.140432
0.140442
0.140454
0.140463
0.140471
0.140478
0.140484
0.14049
0.140494
0.140498
0.140501
0.140502
0.140502
0.140501
0.140497
0.140491
0.140483
0.140472
0.140457
0.140436
0.140414
0.140391
0.140364
0.140333
0.140299
0.140259
0.140215
0.140162
0.140107
0.140066
0.140053
0.140188
0.140244
0.153284
0.0828851
0.0816123
0.082831
0.0899865
0.0991405
0.107284
0.113947
0.119206
0.123308
0.126499
0.128992
0.130954
0.132516
0.13377
0.134787
0.13562
0.136306
0.136876
0.137353
0.137753
0.138091
0.138379
0.138626
0.138838
0.139024
0.139187
0.139331
0.139461
0.139584
0.139697
0.139792
0.139873
0.139944
0.140006
0.140056
0.14009
0.140113
0.140129
0.140144
0.140155
0.140162
0.140165
0.140165
0.140163
0.140157
0.140149
0.140137
0.140122
0.140105
0.140082
0.140051
0.140017
0.139999
0.14002
0.140055
0.140082
0.14011
0.140141
0.140176
0.140214
0.140253
0.140289
0.140321
0.140348
0.140375
0.140409
0.140452
0.1405
0.140551
0.140588
0.140578
0.140501
0.140393
0.140403
0.140675
0.14096
0.140949
0.140594
0.140146
0.312618
0.663986
1.02156
1.32444
1.56357
1.74211
1.86523
1.94035
1.97861
1.99662
2.01587
2.00489
1.94038
1.80787
1.602
1.32873
1.00896
0.68295
0.408869
0.236025
0.159455
0.134083
0.12761
0.128023
0.131224
0.134594
0.136759
0.137836
0.138295
0.138549
0.13879
0.139023
0.139234
0.139424
0.139585
0.139722
0.139843
0.139954
0.140057
0.140153
0.140237
0.140303
0.14035
0.14038
0.1404
0.140414
0.140422
0.140432
0.140443
0.140456
0.140466
0.140474
0.140481
0.140488
0.140494
0.140499
0.140503
0.140506
0.140508
0.140508
0.140506
0.140503
0.140497
0.140489
0.140479
0.140464
0.140444
0.140422
0.140399
0.140372
0.140341
0.140306
0.140266
0.140222
0.140168
0.140112
0.140069
0.140053
0.14019
0.140245
0.107413
0.0865808
0.094161
0.0999456
0.106718
0.112693
0.117662
0.121702
0.124944
0.127543
0.129631
0.131318
0.132693
0.133821
0.134755
0.135533
0.136186
0.136736
0.137202
0.1376
0.13794
0.138233
0.138486
0.138707
0.138901
0.139072
0.139225
0.139363
0.139491
0.13961
0.139716
0.139805
0.139882
0.13995
0.140008
0.140051
0.140081
0.140103
0.140122
0.14014
0.140152
0.140159
0.140163
0.140163
0.14016
0.140154
0.140145
0.140133
0.140118
0.140099
0.140074
0.14004
0.140009
0.140001
0.140027
0.140061
0.140087
0.140116
0.140148
0.140184
0.140222
0.140261
0.140297
0.140328
0.140355
0.140382
0.140417
0.140462
0.140512
0.140563
0.140596
0.14058
0.140496
0.140391
0.140421
0.140709
0.140985
0.140953
0.140584
0.140143
0.153301
0.360932
0.672403
0.995818
1.28814
1.53575
1.73365
1.88003
1.97622
2.02781
2.04499
2.04232
2.03288
1.98913
1.88615
1.70724
1.44721
1.11795
0.757037
0.433141
0.22036
0.134436
0.121805
0.127288
0.131237
0.133504
0.135563
0.137222
0.138148
0.138493
0.138687
0.138914
0.139147
0.139358
0.139533
0.139679
0.139807
0.139922
0.140029
0.140129
0.140218
0.14029
0.140343
0.140378
0.140401
0.140416
0.140425
0.140434
0.140445
0.140458
0.140469
0.140478
0.140485
0.140492
0.140498
0.140504
0.140508
0.140511
0.140514
0.140514
0.140513
0.14051
0.140504
0.140497
0.140486
0.140472
0.140452
0.14043
0.140407
0.14038
0.140348
0.140314
0.140274
0.140229
0.140175
0.140117
0.140072
0.140053
0.140192
0.140248
0.0966524
0.103556
0.109514
0.114373
0.118633
0.122068
0.124905
0.127249
0.129185
0.130791
0.132129
0.13325
0.134193
0.134992
0.135672
0.136253
0.136752
0.137182
0.137554
0.137877
0.13816
0.138407
0.138625
0.138818
0.13899
0.139145
0.139286
0.139416
0.139536
0.139646
0.139742
0.139824
0.139896
0.13996
0.140013
0.140053
0.140081
0.140104
0.140125
0.140143
0.140154
0.14016
0.140163
0.140162
0.140159
0.140153
0.140143
0.14013
0.140113
0.140093
0.140065
0.14003
0.140002
0.140003
0.140034
0.140067
0.140093
0.140123
0.140156
0.140192
0.140231
0.14027
0.140305
0.140335
0.140362
0.140389
0.140427
0.140474
0.140525
0.140575
0.140604
0.14058
0.140489
0.140389
0.140443
0.140745
0.14101
0.140956
0.140574
0.140139
0.10841
0.156084
0.324709
0.595521
0.897508
1.18616
1.44294
1.65919
1.82975
1.95208
2.02689
2.0598
2.06135
2.0473
2.01658
1.94215
1.79953
1.57303
1.26207
0.892231
0.527311
0.25576
0.128158
0.10796
0.122608
0.133278
0.136154
0.136679
0.137436
0.138176
0.138604
0.138852
0.139058
0.13927
0.139467
0.139631
0.139767
0.139887
0.139998
0.140102
0.140196
0.140275
0.140335
0.140375
0.140401
0.140418
0.140429
0.140438
0.140448
0.140461
0.140473
0.140482
0.14049
0.140497
0.140503
0.140509
0.140514
0.140517
0.14052
0.140521
0.14052
0.140517
0.140511
0.140504
0.140494
0.14048
0.140461
0.140439
0.140416
0.140388
0.140357
0.140321
0.140281
0.140236
0.140182
0.140123
0.140075
0.140053
0.140194
0.140252
0.111627
0.117471
0.120783
0.123646
0.125976
0.127888
0.129508
0.130888
0.132068
0.13308
0.133953
0.134706
0.13536
0.13593
0.136428
0.136863
0.137246
0.137582
0.137878
0.138141
0.138374
0.138582
0.138768
0.138936
0.139089
0.139228
0.139358
0.139478
0.13959
0.13969
0.139777
0.139855
0.139923
0.139981
0.140028
0.140063
0.140089
0.140112
0.140132
0.140148
0.140157
0.140162
0.140164
0.140163
0.140158
0.140151
0.14014
0.140126
0.140109
0.140086
0.140055
0.140019
0.139997
0.140006
0.140041
0.140073
0.1401
0.14013
0.140164
0.140201
0.140241
0.140279
0.140314
0.140343
0.140369
0.140398
0.140437
0.140487
0.140539
0.140588
0.140612
0.14058
0.140482
0.140389
0.140468
0.140784
0.141035
0.140958
0.140563
0.140135
0.118156
0.112605
0.139833
0.259065
0.483979
0.763677
1.04875
1.3139
1.54698
1.7406
1.88977
1.99212
2.04889
2.06627
2.05446
2.03117
1.97996
1.87324
1.6877
1.41149
1.05558
0.669313
0.340965
0.15048
0.0979931
0.112165
0.131395
0.1383
0.138425
0.137869
0.138101
0.138628
0.138992
0.139209
0.13939
0.139564
0.139718
0.139848
0.139964
0.140072
0.140171
0.140257
0.140324
0.140371
0.140401
0.140421
0.140433
0.140442
0.140452
0.140465
0.140477
0.140487
0.140495
0.140502
0.140509
0.140515
0.14052
0.140524
0.140526
0.140527
0.140527
0.140524
0.140519
0.140512
0.140502
0.140489
0.140469
0.140448
0.140425
0.140397
0.140365
0.14033
0.140289
0.140243
0.14019
0.140129
0.140078
0.140053
0.140196
0.140257
0.123512
0.125857
0.127589
0.129108
0.130371
0.131468
0.132433
0.133283
0.134035
0.134699
0.135288
0.135811
0.136276
0.13669
0.13706
0.13739
0.137685
0.137949
0.138186
0.138399
0.138592
0.138767
0.138926
0.139072
0.139207
0.139333
0.13945
0.13956
0.13966
0.139748
0.139827
0.139897
0.139957
0.140007
0.140047
0.140077
0.140101
0.140123
0.140141
0.140153
0.140161
0.140165
0.140165
0.140163
0.140158
0.140149
0.140137
0.140123
0.140104
0.140078
0.140045
0.140009
0.139993
0.140011
0.140049
0.14008
0.140107
0.140138
0.140173
0.140211
0.140251
0.140289
0.140322
0.140351
0.140377
0.140407
0.140449
0.140501
0.140554
0.140601
0.140619
0.140578
0.140475
0.140392
0.140498
0.140825
0.14106
0.140958
0.140551
0.14013
0.127934
0.122991
0.115189
0.123741
0.193817
0.362032
0.608762
0.885514
1.15731
1.4061
1.62188
1.79775
1.92906
2.01395
2.05485
2.05963
2.03925
2.00359
1.92733
1.78254
1.54854
1.22267
0.836591
0.466884
0.208322
0.101934
0.0993314
0.124143
0.138285
0.140373
0.138865
0.138208
0.138567
0.139057
0.139343
0.139509
0.139655
0.139796
0.139923
0.140038
0.140142
0.140234
0.14031
0.140364
0.1404
0.140423
0.140437
0.140447
0.140456
0.140468
0.140481
0.140491
0.1405
0.140508
0.140515
0.140521
0.140526
0.14053
0.140533
0.140535
0.140534
0.140532
0.140527
0.14052
0.140511
0.140497
0.140479
0.140458
0.140435
0.140407
0.140375
0.140339
0.140298
0.140252
0.140198
0.140136
0.140082
0.140054
0.140198
0.140262
0.129601
0.130602
0.13153
0.132354
0.13309
0.133759
0.134367
0.134918
0.135418
0.135871
0.136282
0.136655
0.136993
0.137301
0.13758
0.137834
0.138064
0.138274
0.138465
0.13864
0.1388
0.138948
0.139085
0.139213
0.139332
0.139445
0.13955
0.139647
0.139734
0.139811
0.139881
0.139941
0.139993
0.140034
0.140066
0.140093
0.140115
0.140134
0.140149
0.140159
0.140165
0.140167
0.140167
0.140163
0.140157
0.140147
0.140134
0.140118
0.140097
0.140069
0.140033
0.139999
0.139992
0.140018
0.140057
0.140087
0.140115
0.140147
0.140183
0.140221
0.140261
0.140298
0.140331
0.140359
0.140385
0.140416
0.140462
0.140517
0.14057
0.140615
0.140626
0.140574
0.140467
0.140396
0.140532
0.140868
0.141085
0.140956
0.140539
0.140124
0.132291
0.131156
0.127186
0.118939
0.115289
0.145863
0.251998
0.44837
0.703954
0.976876
1.23943
1.47651
1.67884
1.83989
1.9555
2.02477
2.05165
2.04512
2.01888
1.96553
1.85678
1.66588
1.37898
1.01066
0.619847
0.301489
0.129117
0.0910442
0.112621
0.134615
0.141518
0.140378
0.138709
0.138537
0.139036
0.139431
0.139623
0.139746
0.139871
0.139994
0.140107
0.140207
0.140291
0.140354
0.140397
0.140424
0.140441
0.140452
0.140461
0.140472
0.140485
0.140496
0.140505
0.140513
0.140521
0.140527
0.140533
0.140537
0.14054
0.140542
0.140542
0.14054
0.140535
0.140529
0.140519
0.140507
0.140489
0.140468
0.140445
0.140417
0.140385
0.140348
0.140307
0.14026
0.140206
0.140144
0.140087
0.140055
0.140201
0.140268
0.13282
0.133381
0.133915
0.134411
0.134875
0.135308
0.13571
0.136083
0.136427
0.136746
0.137041
0.137313
0.137564
0.137796
0.13801
0.138207
0.13839
0.138558
0.138714
0.138859
0.138994
0.13912
0.139239
0.139351
0.139457
0.139556
0.139648
0.139731
0.139806
0.139873
0.139933
0.139984
0.140025
0.140059
0.140086
0.140109
0.140129
0.140145
0.140157
0.140164
0.140168
0.14017
0.140168
0.140163
0.140156
0.140145
0.140131
0.140113
0.140089
0.140058
0.14002
0.139991
0.139994
0.140028
0.140065
0.140094
0.140123
0.140156
0.140193
0.140232
0.140272
0.140309
0.140341
0.140368
0.140394
0.140427
0.140475
0.140533
0.140587
0.140628
0.140631
0.140569
0.140458
0.140403
0.140571
0.140914
0.141109
0.140953
0.140525
0.140117
0.134462
0.134181
0.133544
0.130871
0.123876
0.114867
0.119899
0.172104
0.304702
0.518249
0.778838
1.04941
1.30578
1.53398
1.72503
1.87266
1.97344
2.02778
2.04141
2.02258
1.98641
1.90856
1.75892
1.51516
1.17715
0.784811
0.42298
0.183688
0.0946827
0.100158
0.126892
0.14071
0.141924
0.139689
0.138694
0.138975
0.139458
0.139717
0.139839
0.139946
0.140062
0.140173
0.140267
0.140339
0.140391
0.140424
0.140444
0.140456
0.140466
0.140477
0.140489
0.140501
0.140511
0.140519
0.140527
0.140534
0.140539
0.140544
0.140548
0.14055
0.14055
0.140548
0.140544
0.140538
0.140529
0.140516
0.140499
0.140479
0.140456
0.140428
0.140395
0.140358
0.140317
0.140269
0.140215
0.140152
0.140092
0.140056
0.140203
0.140276
0.134787
0.135145
0.135483
0.135808
0.136116
0.136409
0.136685
0.136944
0.137189
0.137418
0.137634
0.137836
0.138026
0.138204
0.13837
0.138526
0.138672
0.138809
0.138938
0.139059
0.139174
0.139283
0.139386
0.139484
0.139576
0.139662
0.13974
0.139811
0.139875
0.139931
0.13998
0.140021
0.140055
0.140082
0.140106
0.140126
0.140142
0.140155
0.140164
0.14017
0.140172
0.140172
0.140169
0.140163
0.140154
0.140142
0.140126
0.140106
0.140079
0.140045
0.140008
0.139985
0.139999
0.140038
0.140074
0.140103
0.140132
0.140167
0.140204
0.140244
0.140283
0.140319
0.14035
0.140377
0.140404
0.140439
0.14049
0.140551
0.140604
0.140641
0.140635
0.140563
0.140451
0.140414
0.140615
0.14096
0.141131
0.140948
0.14051
0.140109
0.135884
0.135665
0.135516
0.135267
0.133825
0.128933
0.119564
0.112065
0.127257
0.198234
0.35065
0.576624
0.841656
1.11149
1.36356
1.58426
1.7647
1.89896
1.98448
2.02353
2.02475
1.9996
1.9446
1.83063
1.62935
1.32853
0.950113
0.563119
0.264741
0.115968
0.0914555
0.116159
0.137136
0.142778
0.141011
0.139161
0.138959
0.139429
0.139779
0.139929
0.140024
0.140128
0.140233
0.14032
0.140381
0.140422
0.140447
0.140461
0.140471
0.140482
0.140494
0.140506
0.140517
0.140526
0.140533
0.14054
0.140546
0.140552
0.140555
0.140558
0.140559
0.140557
0.140553
0.140547
0.140538
0.140526
0.140509
0.14049
0.140468
0.14044
0.140407
0.140369
0.140327
0.140279
0.140225
0.14016
0.140098
0.140058
0.140205
0.140283
0.136117
0.136357
0.136585
0.136806
0.137018
0.137221
0.137416
0.137602
0.137779
0.137948
0.138109
0.138262
0.138408
0.138546
0.138677
0.138802
0.138921
0.139033
0.139141
0.139244
0.139342
0.139436
0.139525
0.139609
0.139687
0.139759
0.139824
0.139884
0.139936
0.139983
0.140022
0.140055
0.140082
0.140105
0.140124
0.140141
0.140155
0.140165
0.140171
0.140175
0.140175
0.140174
0.140169
0.140162
0.140151
0.140138
0.14012
0.140098
0.140068
0.14003
0.139995
0.139984
0.140009
0.140049
0.140083
0.140112
0.140143
0.140178
0.140217
0.140257
0.140295
0.14033
0.14036
0.140386
0.140414
0.140452
0.140507
0.14057
0.140622
0.140653
0.140637
0.140555
0.140443
0.14043
0.140664
0.141009
0.141152
0.14094
0.140494
0.140099
0.136908
0.136733
0.136564
0.136473
0.13645
0.13591
0.133155
0.125987
0.115154
0.110528
0.136005
0.223533
0.392347
0.629086
0.898952
1.16912
1.41764
1.63093
1.80019
1.92028
1.99028
2.01483
2.00128
1.96434
1.88109
1.72012
1.45991
1.10669
0.71175
0.367399
0.157478
0.0911691
0.104624
0.130643
0.142223
0.142341
0.139961
0.139076
0.139374
0.1398
0.140008
0.140104
0.140194
0.140289
0.140365
0.140417
0.140448
0.140466
0.140477
0.140487
0.140499
0.140511
0.140522
0.140532
0.14054
0.140547
0.140554
0.140559
0.140564
0.140566
0.140567
0.140566
0.140563
0.140557
0.140549
0.140537
0.140521
0.140502
0.14048
0.140452
0.140419
0.14038
0.140338
0.14029
0.140235
0.14017
0.140104
0.140061
0.140208
0.140292
0.137069
0.137233
0.137391
0.137545
0.137695
0.13784
0.137981
0.138117
0.138248
0.138375
0.138498
0.138616
0.138729
0.138839
0.138944
0.139045
0.139143
0.139237
0.139327
0.139414
0.139497
0.139577
0.139652
0.139722
0.139787
0.139846
0.1399
0.139948
0.139991
0.140027
0.140058
0.140084
0.140106
0.140125
0.140142
0.140155
0.140166
0.140173
0.140177
0.140179
0.140178
0.140175
0.140169
0.14016
0.140148
0.140133
0.140113
0.140087
0.140054
0.140015
0.139985
0.139987
0.14002
0.14006
0.140092
0.140121
0.140154
0.14019
0.14023
0.14027
0.140308
0.140342
0.140371
0.140396
0.140425
0.140466
0.140525
0.14059
0.14064
0.140665
0.140637
0.140545
0.140437
0.140452
0.140717
0.141058
0.141172
0.140931
0.140477
0.140088
0.137661
0.137539
0.137399
0.137258
0.137179
0.137232
0.13721
0.136078
0.131752
0.122487
0.110945
0.110088
0.14598
0.249089
0.433139
0.680489
0.955707
1.22656
1.47127
1.67624
1.83292
1.93712
1.98983
1.99917
1.97549
1.91604
1.79057
1.57078
1.24964
0.860756
0.485252
0.218806
0.102864
0.0950859
0.121807
0.139772
0.143252
0.141025
0.139404
0.139345
0.139784
0.140067
0.140182
0.14026
0.140339
0.140405
0.140447
0.14047
0.140483
0.140493
0.140504
0.140516
0.140528
0.140538
0.140547
0.140555
0.140561
0.140567
0.140572
0.140575
0.140577
0.140576
0.140573
0.140567
0.140559
0.140548
0.140532
0.140514
0.140493
0.140465
0.140431
0.140392
0.140349
0.140301
0.140245
0.14018
0.140111
0.140064
0.14021
0.140301
0.137772
0.137888
0.138
0.13811
0.138218
0.138325
0.138429
0.138531
0.13863
0.138728
0.138823
0.138915
0.139006
0.139093
0.139179
0.139262
0.139343
0.139421
0.139497
0.139569
0.139639
0.139705
0.139766
0.139823
0.139876
0.139923
0.139966
0.140004
0.140037
0.140065
0.14009
0.140111
0.140129
0.140144
0.140158
0.140168
0.140175
0.14018
0.140182
0.140182
0.14018
0.140175
0.140168
0.140157
0.140144
0.140126
0.140104
0.140075
0.140038
0.140001
0.13998
0.139994
0.140034
0.140072
0.140103
0.140132
0.140166
0.140204
0.140243
0.140283
0.140321
0.140354
0.140381
0.140407
0.140438
0.140482
0.140545
0.140611
0.140659
0.140675
0.140635
0.140534
0.140434
0.140481
0.140776
0.141108
0.141189
0.140919
0.140458
0.140075
0.138229
0.138143
0.138045
0.137932
0.13781
0.137722
0.137762
0.137935
0.137767
0.135811
0.129785
0.118638
0.107029
0.110817
0.157818
0.276829
0.476398
0.734831
1.01566
1.28677
1.52638
1.72089
1.86258
1.94907
1.98435
1.97526
1.93551
1.84126
1.66047
1.37539
1.00344
0.611275
0.297005
0.128429
0.0903515
0.111835
0.13526
0.14332
0.142167
0.139963
0.139395
0.139749
0.140103
0.140254
0.140323
0.140384
0.140438
0.140471
0.140489
0.140499
0.14051
0.140522
0.140534
0.140545
0.140554
0.140562
0.140569
0.140576
0.140581
0.140584
0.140586
0.140586
0.140584
0.140578
0.140571
0.14056
0.140544
0.140527
0.140506
0.140479
0.140445
0.140405
0.140362
0.140312
0.140257
0.140191
0.140119
0.140068
0.140212
0.14031
0.138308
0.138392
0.138473
0.138554
0.138635
0.138715
0.138794
0.138872
0.138949
0.139025
0.1391
0.139174
0.139247
0.139318
0.139388
0.139456
0.139523
0.139587
0.139649
0.139708
0.139764
0.139817
0.139866
0.139911
0.139952
0.139989
0.140022
0.140051
0.140077
0.140099
0.140118
0.140135
0.140149
0.140162
0.140171
0.140179
0.140184
0.140186
0.140187
0.140185
0.140181
0.140175
0.140165
0.140153
0.140138
0.140118
0.140092
0.140059
0.140021
0.139988
0.139979
0.140007
0.140048
0.140084
0.140114
0.140144
0.140179
0.140218
0.140258
0.140298
0.140334
0.140366
0.140392
0.140418
0.140451
0.140499
0.140567
0.140634
0.140677
0.140683
0.14063
0.140521
0.140434
0.140519
0.14084
0.141158
0.141203
0.140904
0.140436
0.14006
0.13867
0.138608
0.138538
0.138458
0.138366
0.13826
0.138164
0.138155
0.138327
0.138571
0.138113
0.135131
0.127311
0.114485
0.103492
0.113124
0.172723
0.309065
0.525265
0.795361
1.0815
1.35147
1.5836
1.76474
1.88832
1.9541
1.97
1.94607
1.87728
1.73182
1.48376
1.13613
0.739695
0.388244
0.168105
0.0927185
0.102266
0.128911
0.142235
0.143159
0.140722
0.139562
0.139715
0.140114
0.140319
0.140388
0.14043
0.140467
0.140492
0.140506
0.140516
0.140528
0.14054
0.140552
0.140562
0.14057
0.140578
0.140584
0.14059
0.140594
0.140596
0.140597
0.140595
0.14059
0.140582
0.140572
0.140557
0.14054
0.14052
0.140494
0.14046
0.140419
0.140375
0.140325
0.140269
0.140202
0.140128
0.140072
0.140214
0.14032
0.138729
0.138792
0.138853
0.138914
0.138976
0.139037
0.139099
0.13916
0.139221
0.139281
0.139341
0.1394
0.139459
0.139516
0.139573
0.139628
0.139682
0.139733
0.139782
0.139829
0.139872
0.139913
0.139951
0.139985
0.140016
0.140044
0.140069
0.140091
0.14011
0.140128
0.140143
0.140156
0.140167
0.140176
0.140183
0.140188
0.140191
0.140191
0.14019
0.140187
0.140181
0.140173
0.140162
0.140148
0.14013
0.140108
0.140078
0.140042
0.140004
0.139979
0.139986
0.140022
0.140062
0.140096
0.140126
0.140158
0.140194
0.140233
0.140274
0.140313
0.140348
0.140378
0.140404
0.140431
0.140467
0.140519
0.140591
0.140657
0.140694
0.140689
0.140622
0.140508
0.140438
0.140565
0.140908
0.141207
0.141214
0.140887
0.140412
0.140047
0.139025
0.138978
0.138925
0.138867
0.138801
0.138725
0.138635
0.138539
0.138484
0.138573
0.138878
0.13913
0.138229
0.134011
0.124277
0.110008
0.100537
0.117783
0.192452
0.348407
0.582671
0.864647
1.15492
1.42124
1.64229
1.80603
1.90815
1.95219
1.94394
1.89737
1.78432
1.5734
1.25532
0.865171
0.487846
0.22055
0.103576
0.0946663
0.121272
0.139844
0.143782
0.141621
0.139875
0.1397
0.140085
0.140347
0.140436
0.14047
0.140496
0.140513
0.140524
0.140534
0.140546
0.140559
0.140569
0.140578
0.140586
0.140593
0.140599
0.140604
0.140607
0.140608
0.140606
0.140602
0.140595
0.140585
0.140571
0.140554
0.140535
0.140509
0.140475
0.140435
0.140389
0.140338
0.140282
0.140215
0.140138
0.140078
0.140217
0.14033
0.139071
0.139119
0.139166
0.139214
0.139262
0.13931
0.139358
0.139406
0.139454
0.139502
0.13955
0.139597
0.139643
0.139689
0.139733
0.139776
0.139818
0.139857
0.139895
0.13993
0.139963
0.139993
0.140021
0.140046
0.140069
0.14009
0.140108
0.140125
0.14014
0.140153
0.140164
0.140174
0.140182
0.140189
0.140193
0.140196
0.140196
0.140195
0.140192
0.140187
0.14018
0.140169
0.140157
0.140141
0.14012
0.140094
0.14006
0.140023
0.139989
0.139976
0.139998
0.140039
0.140077
0.140108
0.140139
0.140172
0.14021
0.14025
0.14029
0.140329
0.140362
0.140391
0.140416
0.140444
0.140484
0.140541
0.140616
0.140681
0.14071
0.140692
0.140611
0.140495
0.140449
0.140622
0.140981
0.141255
0.141221
0.140866
0.140387
0.140037
0.139319
0.139282
0.139241
0.139196
0.139146
0.139091
0.139028
0.138953
0.138864
0.138782
0.138783
0.138989
0.139419
0.139598
0.138065
0.132354
0.120567
0.105209
0.0986233
0.126075
0.219175
0.397581
0.6512
0.944468
1.2365
1.49537
1.7008
1.84254
1.9187
1.93752
1.90934
1.82335
1.64689
1.36052
0.984412
0.591593
0.283493
0.12343
0.0903625
0.112979
0.136052
0.143776
0.142565
0.140415
0.139842
0.14012
0.140384
0.14047
0.140492
0.140513
0.140532
0.140544
0.140554
0.140565
0.140577
0.140587
0.140595
0.140603
0.140609
0.140614
0.140618
0.140619
0.140618
0.140614
0.140608
0.140598
0.140584
0.140569
0.14055
0.140525
0.140492
0.140451
0.140404
0.140353
0.140295
0.140228
0.140149
0.140084
0.140219
0.14034
0.139355
0.139392
0.139429
0.139467
0.139504
0.139542
0.139579
0.139617
0.139654
0.139691
0.139728
0.139764
0.1398
0.139834
0.139868
0.1399
0.13993
0.139959
0.139986
0.140012
0.140035
0.140057
0.140077
0.140096
0.140112
0.140128
0.140141
0.140154
0.140165
0.140175
0.140183
0.14019
0.140195
0.140199
0.140201
0.140202
0.140201
0.140198
0.140193
0.140186
0.140177
0.140165
0.14015
0.140131
0.140107
0.140076
0.14004
0.140003
0.139978
0.139982
0.140016
0.140056
0.140092
0.140122
0.140153
0.140189
0.140227
0.140268
0.140308
0.140345
0.140377
0.140404
0.140429
0.14046
0.140503
0.140566
0.140643
0.140705
0.140724
0.140691
0.140597
0.140483
0.140467
0.140688
0.141057
0.141301
0.141224
0.140842
0.14036
0.140032
0.139565
0.139536
0.139504
0.139469
0.13943
0.139387
0.13934
0.139287
0.139224
0.139147
0.139059
0.139001
0.139078
0.139418
0.139953
0.139943
0.137524
0.130004
0.116048
0.100234
0.0985834
0.139835
0.255557
0.459384
0.732973
1.0357
1.3256
1.57162
1.75542
1.87007
1.91927
1.90987
1.84839
1.70443
1.45114
1.0951
0.696119
0.354765
0.152442
0.0908675
0.105265
0.131207
0.142792
0.142941
0.140636
0.139824
0.140132
0.140478
0.140557
0.14053
0.140523
0.140542
0.140562
0.140575
0.140585
0.140595
0.140604
0.140612
0.140619
0.140625
0.140629
0.140631
0.140631
0.140627
0.140621
0.140612
0.140599
0.140584
0.140566
0.140542
0.140509
0.140468
0.140421
0.140368
0.14031
0.140243
0.140161
0.140092
0.140221
0.14035
0.139593
0.139622
0.139651
0.139679
0.139708
0.139736
0.139765
0.139793
0.139821
0.139848
0.139875
0.139902
0.139927
0.139952
0.139976
0.139998
0.14002
0.14004
0.140059
0.140077
0.140093
0.140109
0.140123
0.140136
0.140148
0.140159
0.140169
0.140178
0.140186
0.140193
0.140199
0.140203
0.140206
0.140207
0.140208
0.140206
0.140203
0.140199
0.140192
0.140183
0.140172
0.140158
0.14014
0.140118
0.14009
0.140056
0.140019
0.139987
0.139975
0.139996
0.140035
0.140074
0.140107
0.140137
0.14017
0.140206
0.140246
0.140287
0.140326
0.140361
0.140392
0.140418
0.140444
0.140477
0.140525
0.140593
0.140672
0.140728
0.140735
0.140686
0.140581
0.140475
0.140496
0.140764
0.141135
0.141344
0.141223
0.140814
0.140331
0.140031
0.139768
0.139746
0.139722
0.139695
0.139665
0.139631
0.139595
0.139554
0.139509
0.139457
0.139393
0.139312
0.139229
0.139207
0.139381
0.139872
0.14047
0.140101
0.136457
0.12674
0.110608
0.0954666
0.101757
0.16151
0.304632
0.536596
0.829957
1.13933
1.42223
1.64924
1.80532
1.88757
1.9028
1.86229
1.74694
1.52585
1.19358
0.796156
0.429259
0.187492
0.0953682
0.099115
0.12749
0.143371
0.144697
0.141404
0.139633
0.139782
0.140373
0.140632
0.140618
0.140563
0.140555
0.140574
0.140593
0.140606
0.140614
0.140622
0.140629
0.140636
0.14064
0.140643
0.140643
0.140641
0.140635
0.140627
0.140614
0.1406
0.140583
0.14056
0.140528
0.140486
0.140438
0.140385
0.140326
0.140258
0.140175
0.140101
0.140223
0.14036
0.139789
0.139811
0.139832
0.139853
0.139874
0.139894
0.139914
0.139934
0.139954
0.139973
0.139992
0.14001
0.140027
0.140044
0.14006
0.140075
0.140089
0.140103
0.140116
0.140128
0.140139
0.14015
0.14016
0.140169
0.140178
0.140185
0.140192
0.140199
0.140204
0.140208
0.140211
0.140213
0.140214
0.140214
0.140212
0.140209
0.140204
0.140197
0.140189
0.140178
0.140164
0.140148
0.140127
0.140101
0.140069
0.140033
0.139998
0.139977
0.139983
0.140016
0.140055
0.140091
0.140122
0.140153
0.140188
0.140226
0.140266
0.140307
0.140345
0.140378
0.140407
0.140432
0.140459
0.140496
0.14055
0.140623
0.140702
0.14075
0.140742
0.140676
0.140562
0.140471
0.14054
0.140849
0.141215
0.141382
0.141216
0.140782
0.140303
0.140035
0.139932
0.139916
0.139898
0.139879
0.139857
0.139832
0.139805
0.139774
0.13974
0.139702
0.139659
0.139608
0.139541
0.139457
0.139383
0.139414
0.13971
0.140352
0.140927
0.139957
0.134716
0.122574
0.104797
0.0923855
0.110317
0.192454
0.363994
0.621197
0.929477
1.24107
1.51375
1.71963
1.84629
1.89638
1.8771
1.78701
1.59656
1.29061
0.90065
0.512969
0.22945
0.0977068
0.0831321
0.113786
0.139164
0.14664
0.14418
0.140837
0.139717
0.140023
0.140482
0.140648
0.14063
0.140594
0.140592
0.140608
0.140624
0.140633
0.140641
0.140647
0.140652
0.140656
0.140657
0.140655
0.14065
0.140642
0.14063
0.140616
0.140601
0.140578
0.140547
0.140506
0.140457
0.140403
0.140343
0.140274
0.140189
0.140111
0.140226
0.14037
0.139946
0.139961
0.139975
0.13999
0.140003
0.140017
0.14003
0.140043
0.140056
0.140068
0.14008
0.140092
0.140103
0.140113
0.140124
0.140134
0.140143
0.140152
0.14016
0.140168
0.140176
0.140183
0.14019
0.140196
0.140202
0.140207
0.140211
0.140215
0.140218
0.14022
0.140221
0.140221
0.14022
0.140218
0.140214
0.140209
0.140203
0.140194
0.140183
0.14017
0.140154
0.140135
0.14011
0.140079
0.140044
0.140008
0.139982
0.139977
0.14
0.140038
0.140076
0.140109
0.140139
0.140172
0.140208
0.140247
0.140288
0.140327
0.140364
0.140396
0.140422
0.140447
0.140476
0.140518
0.140578
0.140656
0.140732
0.140768
0.140744
0.140661
0.140542
0.140475
0.140599
0.140943
0.141295
0.141416
0.141203
0.140746
0.140275
0.140043
0.140075
0.140066
0.140055
0.140043
0.14003
0.140014
0.139997
0.139977
0.139955
0.13993
0.139902
0.13987
0.139833
0.139786
0.139725
0.139652
0.1396
0.139664
0.139973
0.140528
0.140819
0.139385
0.133866
0.122536
0.107925
0.101625
0.126458
0.210841
0.375067
0.617118
0.909797
1.21111
1.47962
1.68484
1.81105
1.85307
1.81484
1.68563
1.4467
1.10791
0.726898
0.393068
0.178083
0.0926247
0.0919351
0.1188
0.138924
0.145186
0.14375
0.141214
0.140122
0.140175
0.140488
0.140644
0.140654
0.140632
0.14063
0.140642
0.140654
0.140662
0.140667
0.140671
0.140673
0.140673
0.140668
0.140661
0.14065
0.140636
0.140621
0.1406
0.14057
0.140529
0.14048
0.140424
0.140362
0.140293
0.140206
0.140124
0.140229
0.140381
0.140083
0.140092
0.1401
0.140108
0.140115
0.140123
0.14013
0.140137
0.140144
0.140151
0.140157
0.140163
0.140169
0.140175
0.140181
0.140187
0.140192
0.140197
0.140202
0.140207
0.140211
0.140215
0.140219
0.140222
0.140225
0.140227
0.140229
0.14023
0.14023
0.14023
0.140229
0.140227
0.140223
0.140219
0.140213
0.140205
0.140196
0.140185
0.140171
0.140155
0.140134
0.140109
0.140079
0.140045
0.140011
0.139986
0.139978
0.139995
0.140029
0.140067
0.140101
0.140132
0.140163
0.140198
0.140235
0.140275
0.140316
0.140354
0.140388
0.140417
0.140442
0.140467
0.1405
0.140549
0.140617
0.140697
0.140766
0.140785
0.140738
0.140638
0.140522
0.140494
0.140687
0.141059
0.141382
0.141445
0.141181
0.140703
0.140246
0.140057
0.140185
0.140181
0.140176
0.14017
0.140164
0.140156
0.140147
0.140137
0.140126
0.140112
0.140097
0.140079
0.14006
0.140037
0.140009
0.139972
0.139916
0.139842
0.139785
0.13985
0.140207
0.140924
0.141568
0.14068
0.135691
0.124327
0.108054
0.0965536
0.109874
0.174469
0.312901
0.530603
0.808984
1.10997
1.38978
1.61155
1.75392
1.80416
1.76229
1.61661
1.35763
1.01097
0.64465
0.342775
0.159877
0.0932386
0.0974267
0.122371
0.139901
0.144978
0.143423
0.141099
0.140174
0.140275
0.140563
0.140685
0.140681
0.140663
0.140665
0.140677
0.140686
0.140691
0.140693
0.140693
0.14069
0.140683
0.140672
0.14066
0.140645
0.140625
0.140597
0.140557
0.140507
0.140449
0.140385
0.140315
0.140225
0.140139
0.140233
0.140392
0.140189
0.140193
0.140196
0.1402
0.140203
0.140206
0.140209
0.140212
0.140215
0.140217
0.14022
0.140223
0.140225
0.140228
0.14023
0.140232
0.140234
0.140236
0.140238
0.14024
0.140241
0.140243
0.140243
0.140244
0.140244
0.140244
0.140243
0.140242
0.140239
0.140236
0.140232
0.140227
0.140221
0.140214
0.140205
0.140194
0.140181
0.140166
0.140148
0.140125
0.140099
0.140068
0.140036
0.140006
0.139985
0.139981
0.139998
0.14003
0.140066
0.140101
0.140132
0.140163
0.140196
0.140232
0.140271
0.140311
0.14035
0.140385
0.140416
0.140442
0.140466
0.140494
0.140533
0.140591
0.140667
0.140747
0.140801
0.140793
0.14072
0.140605
0.140506
0.140541
0.14081
0.141196
0.141473
0.141467
0.141147
0.14065
0.140217
0.140075
0.14025
0.140248
0.140246
0.140244
0.140241
0.140237
0.140233
0.140228
0.140223
0.140217
0.14021
0.140201
0.140191
0.14018
0.140167
0.140152
0.140131
0.1401
0.140049
0.139983
0.139952
0.140084
0.14056
0.141414
0.142073
0.140837
0.134914
0.121954
0.103265
0.0876977
0.093859
0.147392
0.272445
0.478514
0.75114
1.05392
1.34128
1.57172
1.71796
1.76104
1.70082
1.52569
1.23929
0.88413
0.536516
0.273129
0.130564
0.0909917
0.105333
0.129381
0.142712
0.144872
0.142564
0.140641
0.140189
0.140441
0.140671
0.140721
0.140698
0.140688
0.140696
0.140707
0.140713
0.140714
0.140712
0.140706
0.140696
0.140684
0.14067
0.140651
0.140624
0.140586
0.140535
0.140476
0.14041
0.140338
0.140246
0.140157
0.140238
0.140402
0.140252
0.140253
0.140255
0.140256
0.140257
0.140258
0.140259
0.140259
0.14026
0.140261
0.140261
0.140262
0.140262
0.140263
0.140263
0.140263
0.140263
0.140263
0.140263
0.140262
0.140261
0.14026
0.140259
0.140257
0.140255
0.140252
0.140249
0.140245
0.140241
0.140235
0.140228
0.14022
0.140211
0.140201
0.140188
0.140173
0.140156
0.140135
0.140111
0.140083
0.140054
0.140024
0.139999
0.139984
0.139985
0.140004
0.140035
0.14007
0.140104
0.140135
0.140165
0.140197
0.140233
0.140271
0.14031
0.140349
0.140385
0.140416
0.140443
0.140467
0.140492
0.140525
0.140574
0.140642
0.140723
0.140797
0.140828
0.140789
0.140691
0.140572
0.140509
0.140624
0.140955
0.141335
0.141554
0.141474
0.141103
0.140592
0.140189
0.140097
0.140288
0.140287
0.140286
0.140285
0.140284
0.140282
0.140281
0.140279
0.140276
0.140273
0.14027
0.140266
0.140262
0.140256
0.14025
0.140243
0.140236
0.140226
0.140212
0.140186
0.140143
0.140089
0.140081
0.140251
0.140771
0.14162
0.142124
0.14048
0.133894
0.120026
0.0999673
0.0819587
0.0839624
0.131782
0.250952
0.453337
0.726309
1.03307
1.32466
1.55404
1.68989
1.71177
1.61994
1.40742
1.09334
0.736
0.416831
0.201361
0.105034
0.0937906
0.116353
0.136955
0.144719
0.143973
0.141467
0.140298
0.140333
0.140634
0.140764
0.140757
0.140731
0.140727
0.140732
0.140735
0.140734
0.14073
0.140721
0.140709
0.140696
0.140678
0.140653
0.140616
0.140566
0.140505
0.140437
0.140363
0.140269
0.140176
0.140243
0.140411
0.140289
0.140289
0.14029
0.14029
0.14029
0.14029
0.140289
0.140289
0.140289
0.140288
0.140287
0.140286
0.140285
0.140284
0.140283
0.140282
0.14028
0.140278
0.140276
0.140274
0.140271
0.140268
0.140265
0.140261
0.140257
0.140252
0.140246
0.14024
0.140232
0.140224
0.140214
0.140203
0.14019
0.140175
0.140158
0.140138
0.140116
0.14009
0.140063
0.140036
0.140011
0.139993
0.139985
0.139992
0.140013
0.140044
0.140078
0.14011
0.140141
0.140171
0.140203
0.140237
0.140274
0.140313
0.140351
0.140387
0.140419
0.140447
0.140471
0.140495
0.140523
0.140564
0.140623
0.1407
0.140782
0.140842
0.140842
0.140768
0.140651
0.140543
0.140538
0.140744
0.141118
0.141473
0.141621
0.141467
0.141047
0.140531
0.140174
0.140122
0.140309
0.140309
0.140309
0.140308
0.140308
0.140307
0.140307
0.140306
0.140305
0.140303
0.140302
0.1403
0.140298
0.140296
0.140293
0.14029
0.140287
0.140283
0.140278
0.140273
0.140263
0.140241
0.1402
0.140148
0.14015
0.140354
0.140936
0.141844
0.142332
0.140515
0.133526
0.118935
0.0976736
0.0779233
0.0780174
0.124811
0.245254
0.452082
0.731663
1.04358
1.33386
1.5514
1.66253
1.65183
1.51672
1.26081
0.921845
0.573728
0.297936
0.14092
0.0923588
0.104135
0.128709
0.142715
0.144945
0.142522
0.140601
0.140209
0.140476
0.140695
0.14075
0.140749
0.140752
0.140759
0.140759
0.140755
0.140746
0.140736
0.140723
0.140706
0.140682
0.140648
0.140599
0.140536
0.140466
0.14039
0.140294
0.140197
0.14025
0.14042
0.140309
0.14031
0.140309
0.140309
0.140308
0.140307
0.140306
0.140305
0.140304
0.140302
0.140301
0.140299
0.140297
0.140294
0.140292
0.140289
0.140286
0.140283
0.140279
0.140275
0.14027
0.140266
0.14026
0.140254
0.140247
0.14024
0.140231
0.140222
0.140211
0.140199
0.140186
0.140171
0.140153
0.140134
0.140112
0.140089
0.140064
0.14004
0.140017
0.139999
0.139989
0.13999
0.140004
0.140028
0.140058
0.14009
0.140122
0.140151
0.140181
0.140212
0.140246
0.140282
0.14032
0.140357
0.140393
0.140425
0.140453
0.140478
0.1405
0.140526
0.140561
0.140612
0.140682
0.140765
0.140841
0.140878
0.140839
0.14073
0.140608
0.140534
0.14061
0.140902
0.141294
0.141603
0.141672
0.141442
0.140979
0.140471
0.140176
0.14015
0.140317
0.140318
0.140318
0.140318
0.140318
0.140318
0.140318
0.140318
0.140318
0.140318
0.140317
0.140317
0.140316
0.140315
0.140314
0.140313
0.140312
0.14031
0.140308
0.140306
0.140305
0.140302
0.140294
0.140272
0.140229
0.140179
0.140204
0.140472
0.141167
0.142205
0.142752
0.140791
0.133297
0.117706
0.0950627
0.0742007
0.0748772
0.125859
0.255331
0.47483
0.766184
1.08236
1.3633
1.55685
1.62837
1.57091
1.38198
1.08128
0.728558
0.409804
0.195525
0.10267
0.0949862
0.118878
0.138647
0.145108
0.143835
0.141531
0.140639
0.140675
0.140808
0.140809
0.140773
0.140766
0.140777
0.140781
0.140774
0.140764
0.140751
0.140735
0.140713
0.14068
0.140633
0.140571
0.140498
0.140419
0.140321
0.140221
0.140258
0.140428
0.140317
0.140317
0.140316
0.140315
0.140314
0.140313
0.140311
0.140309
0.140307
0.140305
0.140302
0.140299
0.140296
0.140292
0.140288
0.140284
0.140279
0.140274
0.140269
0.140263
0.140256
0.140249
0.140241
0.140233
0.140223
0.140213
0.140201
0.140188
0.140174
0.140158
0.140141
0.140122
0.140101
0.14008
0.140058
0.140036
0.140017
0.140002
0.139993
0.139992
0.140002
0.140021
0.140047
0.140077
0.140108
0.140137
0.140166
0.140195
0.140226
0.140259
0.140294
0.140331
0.140368
0.140403
0.140435
0.140463
0.140487
0.140509
0.140532
0.140563
0.140608
0.140671
0.140751
0.140834
0.140895
0.140897
0.140815
0.140681
0.140571
0.140558
0.140736
0.141091
0.141474
0.141718
0.141701
0.141398
0.1409
0.140414
0.140195
0.140178
0.140311
0.140312
0.140313
0.140314
0.140315
0.140315
0.140316
0.140317
0.140318
0.140319
0.140319
0.14032
0.140321
0.140321
0.140321
0.140322
0.140322
0.140322
0.140321
0.140321
0.140321
0.140321
0.140321
0.14032
0.140313
0.140289
0.140244
0.140201
0.140259
0.140612
0.141449
0.142645
0.143245
0.141008
0.132665
0.115585
0.0913091
0.0702339
0.0747325
0.136291
0.283449
0.523472
0.829384
1.14517
1.40506
1.5586
1.57704
1.45833
1.20868
0.871503
0.528521
0.265923
0.12682
0.0925408
0.109669
0.132351
0.142518
0.142788
0.140713
0.13997
0.140356
0.140792
0.140902
0.140848
0.140803
0.140796
0.140797
0.140792
0.140781
0.140765
0.140744
0.140713
0.140668
0.140606
0.140531
0.140449
0.140349
0.140246
0.140269
0.140436
0.14031
0.14031
0.140308
0.140307
0.140305
0.140303
0.1403
0.140298
0.140294
0.140291
0.140287
0.140283
0.140278
0.140273
0.140268
0.140262
0.140255
0.140248
0.140241
0.140232
0.140223
0.140214
0.140203
0.140192
0.140179
0.140166
0.140151
0.140135
0.140118
0.1401
0.140082
0.140063
0.140044
0.140027
0.140012
0.140001
0.139995
0.139996
0.140006
0.140022
0.140045
0.140072
0.140101
0.14013
0.140158
0.140186
0.140215
0.140245
0.140278
0.140312
0.140348
0.140383
0.140416
0.140447
0.140474
0.140498
0.140519
0.140542
0.14057
0.14061
0.140668
0.140743
0.140828
0.140902
0.140935
0.140894
0.14077
0.140625
0.140557
0.140636
0.140913
0.141302
0.141651
0.141815
0.141708
0.141334
0.140812
0.140364
0.14023
0.140206
0.140288
0.140289
0.140291
0.140293
0.140295
0.140297
0.140298
0.1403
0.140302
0.140304
0.140306
0.140308
0.14031
0.140312
0.140314
0.140316
0.140317
0.140319
0.140321
0.140322
0.140323
0.140324
0.140326
0.140327
0.140329
0.14033
0.140323
0.140296
0.140247
0.140211
0.14031
0.140765
0.141772
0.14314
0.143718
0.140932
0.131192
0.111947
0.0858931
0.0662153
0.079288
0.159684
0.334123
0.600992
0.920168
1.22481
1.4468
1.5391
1.48747
1.29257
0.983519
0.633297
0.336256
0.157691
0.0985078
0.109228
0.135127
0.14837
0.148073
0.14341
0.140518
0.140068
0.140521
0.140837
0.140888
0.140852
0.140828
0.14082
0.140813
0.140799
0.14078
0.140751
0.140709
0.140649
0.140572
0.140487
0.140385
0.140278
0.140277
0.140447
0.140287
0.140285
0.140283
0.140281
0.140278
0.140275
0.140272
0.140268
0.140264
0.140259
0.140254
0.140249
0.140243
0.140236
0.140229
0.140221
0.140213
0.140204
0.140194
0.140184
0.140173
0.140161
0.140149
0.140135
0.140121
0.140106
0.140091
0.140075
0.14006
0.140045
0.14003
0.140018
0.140008
0.140002
0.140001
0.140004
0.140015
0.140032
0.140053
0.140077
0.140104
0.140131
0.140159
0.140185
0.140213
0.140241
0.14027
0.140302
0.140336
0.14037
0.140403
0.140436
0.140465
0.140491
0.140514
0.140535
0.140557
0.140584
0.140621
0.140673
0.140742
0.140825
0.140905
0.140957
0.140951
0.140866
0.140716
0.140593
0.140602
0.140793
0.14114
0.141526
0.141811
0.141881
0.14168
0.141245
0.140715
0.140326
0.140284
0.140237
0.140242
0.140244
0.140247
0.14025
0.140253
0.140257
0.14026
0.140263
0.140267
0.140271
0.140274
0.140278
0.140282
0.140286
0.14029
0.140295
0.140299
0.140303
0.140307
0.140311
0.140315
0.140318
0.140322
0.140325
0.140328
0.140332
0.140337
0.140338
0.14033
0.140298
0.140242
0.140213
0.140362
0.140947
0.142163
0.143709
0.14413
0.140361
0.128428
0.106155
0.0783034
0.0624534
0.0904192
0.199516
0.41195
0.713288
1.04821
1.33855
1.51561
1.53688
1.397
1.11266
0.747534
0.402261
0.165907
0.066383
0.0661279
0.102965
0.133254
0.144936
0.144865
0.142124
0.140697
0.140559
0.140761
0.140863
0.140866
0.140848
0.140834
0.140821
0.140803
0.140776
0.140737
0.140679
0.140601
0.140514
0.140407
0.140302
0.1403
0.140449
0.14024
0.140237
0.140234
0.140231
0.140227
0.140223
0.140219
0.140213
0.140208
0.140202
0.140195
0.140188
0.14018
0.140172
0.140163
0.140154
0.140144
0.140134
0.140123
0.140111
0.140099
0.140087
0.140075
0.140062
0.140049
0.140037
0.140026
0.140016
0.140007
0.140002
0.139999
0.139999
0.140002
0.14001
0.140023
0.14004
0.14006
0.140084
0.140108
0.140134
0.140159
0.140185
0.140211
0.140237
0.140265
0.140295
0.140327
0.140359
0.140392
0.140424
0.140455
0.140482
0.140506
0.140527
0.140545
0.140565
0.140588
0.140622
0.140672
0.140739
0.140823
0.140912
0.140983
0.141005
0.140949
0.140811
0.140639
0.140561
0.140676
0.140971
0.141363
0.14173
0.141949
0.141931
0.141647
0.141158
0.140625
0.140304
0.140339
0.140254
0.140139
0.140142
0.140145
0.140148
0.140151
0.140155
0.140159
0.140163
0.140167
0.140172
0.140177
0.140182
0.140187
0.140193
0.140199
0.140206
0.140212
0.140219
0.140227
0.140234
0.140242
0.14025
0.140258
0.140266
0.140275
0.140283
0.140292
0.140301
0.140311
0.140319
0.140314
0.140284
0.140225
0.140187
0.140329
0.14092
0.142188
0.143873
0.144571
0.141253
0.129961
0.108601
0.0820998
0.0677548
0.0953853
0.197218
0.389297
0.655301
0.946461
1.19755
1.34907
1.36082
1.22512
0.968484
0.661453
0.390621
0.21365
0.134877
0.120013
0.129056
0.13832
0.141779
0.141759
0.141115
0.140848
0.140851
0.140893
0.140903
0.140895
0.140881
0.140864
0.14084
0.140805
0.140751
0.140677
0.140584
0.140476
0.140356
0.140306
0.140482
0.140137
0.140135
0.140132
0.140129
0.140126
0.140122
0.140118
0.140114
0.140109
0.140104
0.140099
0.140093
0.140087
0.140082
0.140075
0.140069
0.140063
0.140057
0.140051
0.140046
0.140041
0.140036
0.140032
0.140029
0.140027
0.140027
0.140029
0.140033
0.140039
0.140047
0.140058
0.140072
0.140088
0.140107
0.140128
0.14015
0.140172
0.140196
0.140219
0.140243
0.140267
0.140292
0.140318
0.140345
0.140373
0.140402
0.140431
0.140459
0.140486
0.140511
0.140534
0.140555
0.140575
0.140595
0.140619
0.140649
0.14069
0.140745
0.140814
0.140893
0.14097
0.141026
0.141036
0.14098
0.140859
0.140718
0.140658
0.140776
0.141053
0.141415
0.141771
0.142021
0.142076
0.141892
0.141484
0.140955
0.140503
0.140363
0.140457
0.140311
)
;

boundaryField
{
    inlet
    {
        type            freestream;
        freestreamValue uniform 0.14;
        value           nonuniform List<scalar> 
134
(
0.14
0.14
0.14
0.14
0.14
0.14
0.14
0.14
0.14
0.14
0.140022
0.140043
0.14007
0.140095
0.14012
0.140142
0.140162
0.140179
0.140194
0.140207
0.14
0.140217
0.140226
0.140233
0.140238
0.140242
0.140244
0.140246
0.140246
0.140245
0.140245
0.140244
0.140241
0.140238
0.140236
0.140235
0.140236
0.140238
0.140242
0.140243
0.14
0.14
0.14
0.14
0.14
0.14
0.14
0.140244
0.140245
0.140248
0.140252
0.140257
0.140262
0.140268
0.140276
0.140283
0.140292
0.140301
0.14031
0.14032
0.14033
0.14034
0.14035
0.14036
0.14037
0.140381
0.140392
0.140402
0.140411
0.14042
0.140428
0.140436
0.140447
0.140449
0.140482
0.14
0.14
0.14
0.14
0.14
0.14
0.14
0.14
0.14
0.14
0.14
0.14
0.14
0.14
0.14
0.14
0.14
0.14
0.14
0.14
0.14
0.14
0.14
0.14
0.14
0.14
0.14
0.14
0.14
0.14
0.14
0.14
0.14
0.14
0.14
0.14
0.14
0.14
0.14
0.14
0.14
0.14
0.14
0.14
0.14
0.14
0.14
0.14
0.14
0.14
0.14
0.14
0.14
0.14
0.14
0.14
0.14
0.14
0.14
)
;
    }
    outlet
    {
        type            freestream;
        freestreamValue uniform 0.14;
        value           nonuniform List<scalar> 
160
(
0.140139
0.140137
0.140142
0.140135
0.140145
0.140132
0.140148
0.140129
0.140151
0.140126
0.140155
0.140122
0.140159
0.140118
0.140163
0.140114
0.140167
0.140109
0.140172
0.140104
0.140177
0.140099
0.140182
0.140093
0.140187
0.140087
0.140193
0.140082
0.140199
0.140075
0.140206
0.140069
0.140212
0.140063
0.140219
0.140057
0.140227
0.140051
0.140234
0.140046
0.140242
0.140041
0.14025
0.140036
0.140258
0.140032
0.140266
0.140029
0.140275
0.140027
0.140283
0.140027
0.140292
0.140029
0.140301
0.140033
0.140311
0.140039
0.140319
0.140047
0.140314
0.140058
0.140284
0.140072
0.140225
0.140088
0.140187
0.140107
0.140329
0.140128
0.14092
0.14015
0.142188
0.140172
0.143873
0.140196
0.144571
0.140219
0.141253
0.140243
0.129961
0.140267
0.108601
0.140292
0.0820998
0.140318
0.0677548
0.140345
0.0953853
0.140373
0.197218
0.140402
0.389297
0.140431
0.655301
0.140459
0.946461
0.140486
1.19755
0.140511
1.34907
0.140534
1.36082
0.140555
1.22512
0.140575
0.968484
0.140595
0.661453
0.140619
0.390621
0.140649
0.21365
0.14069
0.134877
0.140745
0.120013
0.140814
0.129056
0.140893
0.13832
0.14097
0.141779
0.141026
0.141759
0.141036
0.141115
0.14098
0.140848
0.140859
0.140851
0.140718
0.140893
0.140658
0.140903
0.140776
0.140895
0.141053
0.140881
0.141415
0.140864
0.141771
0.14084
0.142021
0.140805
0.142076
0.140751
0.141892
0.140677
0.141484
0.140584
0.140955
0.140476
0.140503
0.140356
0.140363
0.140306
0.140457
0.140482
0.140311
)
;
    }
    walls
    {
        type            fixedValue;
        value           nonuniform List<scalar> 
78
(
0.123574
0.129374
0.136264
0.144224
0.15373
0.164976
0.178185
0.193006
0.209209
0.22561
0.241265
0.255193
0.266416
0.274226
0.278266
0.278729
0.27599
0.27056
0.262615
0.252328
0.239406
0.223632
0.204506
0.181772
0.156405
0.126164
0.101103
0.0819959
0.055332
0.0755036
0.127427
0.164601
0.0964452
0.195467
0.20548
0.180737
0.154211
0.117394
0.0987019
0.118115
0.112399
0.10619
0.0991002
0.0912795
0.0822974
0.0717316
0.0587009
0.0432684
0.0406976
0.0439699
0.0544886
0.0630444
0.0705156
0.077761
0.0850829
0.0925309
0.100099
0.107789
0.11561
0.123499
0.13131
0.138827
0.145822
0.151899
0.156744
0.160485
0.163403
0.165824
0.168027
0.17006
0.171925
0.173614
0.17508
0.176207
0.177034
0.177124
0.1775
0.174255
)
;
    }
    frontAndBack
    {
        type            empty;
    }
}


// ************************************************************************* //
