/*--------------------------------*- C++ -*----------------------------------*\
  =========                 |
  \\      /  F ield         | OpenFOAM: The Open Source CFD Toolbox
   \\    /   O peration     | Website:  https://openfoam.org
    \\  /    A nd           | Version:  12
     \\/     M anipulation  |
\*---------------------------------------------------------------------------*/
FoamFile
{
    format      ascii;
    class       volScalarField;
    location    "281";
    object      nuTilda;
}
// * * * * * * * * * * * * * * * * * * * * * * * * * * * * * * * * * * * * * //

dimensions      [0 2 -1 0 0 0 0];

internalField   nonuniform List<scalar> 
10720
(
0.0830384
0.0883136
0.0936651
0.0993161
0.105462
0.112315
0.120122
0.12899
0.13913
0.150577
0.163215
0.176837
0.190925
0.204811
0.217761
0.228992
0.238048
0.244608
0.248646
0.250361
0.249996
0.247779
0.243968
0.238886
0.23315
0.227465
0.221999
0.216503
0.210775
0.204761
0.198446
0.191805
0.18481
0.177451
0.169538
0.16094
0.150587
0.138984
0.109445
0.0775346
0.0706758
0.0617867
0.0511981
0.0502243
0.0528421
0.0636849
0.0729485
0.0808513
0.0884073
0.0963245
0.104893
0.114087
0.123605
0.132854
0.141306
0.148545
0.154475
0.159231
0.163139
0.166515
0.169636
0.172667
0.175652
0.178257
0.180094
0.181118
0.181421
0.181153
0.180363
0.179054
0.177209
0.174827
0.171925
0.168457
0.164409
0.159042
0.152932
0.134445
0.112373
0.111834
0.110997
0.109878
0.108677
0.107303
0.105798
0.104269
0.102747
0.101337
0.100153
0.0992612
0.0992053
0.100586
0.103323
0.107216
0.112078
0.117961
0.1251
0.133345
0.142553
0.152184
0.16174
0.17045
0.177399
0.182161
0.184746
0.185453
0.184694
0.18284
0.180189
0.176951
0.173265
0.169244
0.164994
0.160746
0.156519
0.154227
0.148183
0.112958
0.113222
0.113707
0.113614
0.112761
0.111552
0.109384
0.10667
0.103696
0.100488
0.0971423
0.0938354
0.0907236
0.0879153
0.0855436
0.0836627
0.0822712
0.0813384
0.0807875
0.0805449
0.0805481
0.0807706
0.081193
0.0818667
0.0827963
0.0838858
0.0851099
0.087377
0.0913914
0.0965301
0.101871
0.106744
0.110802
0.113935
0.116206
0.117931
0.119095
0.12238
0.123536
0.127685
0.127605
0.127381
0.127004
0.126561
0.125969
0.125225
0.124364
0.123342
0.122173
0.120866
0.119407
0.117809
0.116092
0.114281
0.112454
0.110599
0.108813
0.107249
0.106335
0.106485
0.107786
0.109678
0.111628
0.113852
0.116216
0.119395
0.126426
0.134459
0.142041
0.148615
0.153994
0.158186
0.161302
0.163512
0.165022
0.166011
0.166706
0.167508
0.127731
0.127639
0.127553
0.127305
0.126998
0.126529
0.125843
0.124885
0.123666
0.12214
0.120305
0.118205
0.115871
0.113311
0.110597
0.107759
0.104847
0.101902
0.0989699
0.096068
0.093225
0.0904469
0.0877722
0.0851454
0.082544
0.0800312
0.0776605
0.0754649
0.0736574
0.0724079
0.072403
0.0744749
0.078115
0.0826228
0.0875384
0.0925908
0.0974503
0.102691
0.109129
0.13255
0.132484
0.132351
0.13215
0.131904
0.131588
0.131196
0.130741
0.130201
0.12958
0.128874
0.128072
0.127166
0.126151
0.125008
0.123733
0.122303
0.120719
0.118949
0.116914
0.114585
0.112072
0.109475
0.107056
0.104999
0.103342
0.102063
0.101643
0.102393
0.104146
0.1096
0.117103
0.125428
0.13397
0.142362
0.150458
0.158266
0.166012
0.174259
0.132591
0.132562
0.132545
0.132413
0.132235
0.131964
0.131565
0.131028
0.13036
0.129542
0.128562
0.127427
0.126137
0.12468
0.123074
0.121322
0.119435
0.117428
0.115321
0.113124
0.110854
0.108516
0.106103
0.103546
0.100783
0.0978542
0.094788
0.0916112
0.0883365
0.085013
0.0817468
0.0787755
0.0763468
0.0747818
0.0755819
0.0780357
0.0817405
0.086818
0.0955224
0.134954
0.134911
0.134829
0.134705
0.134553
0.134356
0.134114
0.133834
0.133502
0.133119
0.132684
0.132187
0.131624
0.13099
0.130272
0.129461
0.12854
0.127496
0.126306
0.124942
0.12334
0.121452
0.119233
0.116728
0.114087
0.111409
0.108709
0.106076
0.103862
0.101747
0.10025
0.100034
0.101216
0.10636
0.114141
0.123997
0.135584
0.149847
0.16805
0.134974
0.134952
0.134936
0.134844
0.134731
0.134562
0.134313
0.133982
0.133571
0.133072
0.132478
0.131795
0.131019
0.130141
0.129167
0.128092
0.126917
0.125643
0.124276
0.122813
0.121261
0.119615
0.117863
0.115947
0.113808
0.111455
0.108887
0.106112
0.103128
0.09995
0.0965964
0.0930963
0.0895077
0.0858962
0.0825954
0.0797824
0.0784264
0.0792279
0.0851381
0.136311
0.136278
0.136221
0.136137
0.136033
0.135901
0.13574
0.135551
0.135329
0.135072
0.13478
0.134446
0.134068
0.133641
0.133155
0.132606
0.13198
0.131268
0.13045
0.129514
0.128429
0.127169
0.125697
0.123985
0.122059
0.119932
0.117595
0.115061
0.112389
0.109601
0.106707
0.103903
0.101315
0.0997794
0.0997409
0.103705
0.111802
0.125786
0.151036
0.136326
0.13631
0.136298
0.136231
0.136151
0.136033
0.135862
0.135635
0.135357
0.135024
0.134631
0.134181
0.133674
0.1331
0.132465
0.131762
0.130991
0.13015
0.129241
0.128259
0.127205
0.126071
0.124846
0.123486
0.121945
0.120216
0.118286
0.116149
0.113795
0.111217
0.108408
0.105369
0.102101
0.0986034
0.0948998
0.0909493
0.0870283
0.0826339
0.0820329
0.13717
0.137143
0.137101
0.13704
0.136964
0.136869
0.136754
0.136619
0.13646
0.136278
0.136072
0.135836
0.13557
0.135269
0.134926
0.134539
0.134096
0.133592
0.133012
0.132347
0.131576
0.130682
0.129646
0.128455
0.127115
0.125614
0.12392
0.122012
0.119869
0.11749
0.114864
0.112004
0.108929
0.105757
0.102645
0.100494
0.100312
0.10626
0.129879
0.137181
0.13717
0.137161
0.137109
0.13705
0.136963
0.136837
0.136672
0.136472
0.136234
0.135957
0.135643
0.13529
0.134894
0.134457
0.133974
0.133444
0.132865
0.132238
0.131557
0.130822
0.130026
0.129159
0.128189
0.12708
0.125824
0.124406
0.122813
0.12103
0.11904
0.116829
0.114383
0.111687
0.108725
0.105477
0.101847
0.0978319
0.0926254
0.0858635
0.137755
0.137732
0.1377
0.137653
0.137596
0.137525
0.137438
0.137337
0.13722
0.137085
0.136932
0.136758
0.136561
0.136337
0.136084
0.135796
0.135467
0.135092
0.13466
0.134164
0.133589
0.132925
0.132162
0.131291
0.130315
0.129227
0.128
0.12661
0.125029
0.123226
0.121176
0.118853
0.116233
0.113292
0.110009
0.1064
0.102907
0.0995447
0.113161
0.137765
0.137758
0.137751
0.137709
0.137662
0.137596
0.137499
0.137373
0.137222
0.137045
0.13684
0.13661
0.136353
0.136066
0.135751
0.135403
0.135022
0.134606
0.134155
0.133664
0.133132
0.132554
0.131921
0.13121
0.130396
0.12947
0.12842
0.127232
0.125891
0.124381
0.122683
0.120777
0.11864
0.116248
0.113567
0.110516
0.106967
0.102617
0.0939025
0.138176
0.138156
0.13813
0.138093
0.138048
0.137992
0.137925
0.137847
0.137756
0.137653
0.137535
0.137402
0.137252
0.137083
0.136891
0.136673
0.136425
0.136143
0.135818
0.135445
0.135013
0.134514
0.133936
0.133276
0.132535
0.13171
0.130782
0.129733
0.128543
0.127184
0.125626
0.123836
0.121775
0.119394
0.116644
0.113346
0.109625
0.103897
0.105954
0.138185
0.13818
0.138175
0.138141
0.138104
0.13805
0.137974
0.137874
0.137756
0.137619
0.137462
0.137288
0.137094
0.136879
0.136644
0.136385
0.136102
0.135794
0.135459
0.135094
0.134698
0.134266
0.133792
0.133258
0.132647
0.13195
0.131159
0.130261
0.129243
0.12809
0.126785
0.125308
0.123636
0.121741
0.119584
0.117103
0.114097
0.11066
0.102417
0.138491
0.138474
0.138453
0.138422
0.138386
0.138341
0.138287
0.138225
0.138153
0.138072
0.13798
0.137876
0.137759
0.137626
0.137476
0.137306
0.137112
0.136891
0.136638
0.136347
0.136011
0.135625
0.135181
0.134674
0.134105
0.13347
0.132753
0.131943
0.131022
0.129973
0.128772
0.127389
0.125788
0.123918
0.121728
0.119038
0.115893
0.110646
0.105936
0.1385
0.138498
0.138494
0.138466
0.138434
0.138391
0.138328
0.138248
0.138153
0.138044
0.137921
0.137784
0.137634
0.137468
0.137287
0.13709
0.136874
0.136639
0.136384
0.136106
0.135804
0.135473
0.135109
0.134698
0.134228
0.133692
0.133083
0.132392
0.131606
0.130715
0.129702
0.128552
0.127242
0.125748
0.124029
0.122039
0.11956
0.116824
0.109805
0.138735
0.13872
0.138702
0.138676
0.138646
0.138609
0.138565
0.138515
0.138457
0.138391
0.138317
0.138234
0.138141
0.138035
0.137916
0.137781
0.137627
0.137452
0.137252
0.137022
0.136758
0.136453
0.136104
0.135705
0.135258
0.134759
0.134196
0.133559
0.132835
0.132008
0.131062
0.129974
0.128715
0.127243
0.125508
0.12337
0.120783
0.116853
0.109888
0.138744
0.138743
0.138741
0.138717
0.138691
0.138655
0.138602
0.138535
0.138458
0.138369
0.13827
0.13816
0.138041
0.13791
0.137768
0.137614
0.137447
0.137264
0.137066
0.136849
0.136613
0.136355
0.13607
0.135748
0.13538
0.134961
0.134484
0.133942
0.133326
0.132626
0.13183
0.130924
0.129889
0.128703
0.127332
0.125738
0.123722
0.121525
0.115772
0.138929
0.138915
0.1389
0.138878
0.138852
0.138822
0.138785
0.138744
0.138696
0.138642
0.138582
0.138514
0.138438
0.138353
0.138256
0.138147
0.138022
0.137881
0.137719
0.137534
0.137321
0.137076
0.136797
0.136479
0.136123
0.135726
0.135277
0.134769
0.134191
0.133532
0.132776
0.131906
0.1309
0.129724
0.128337
0.12664
0.124498
0.12168
0.114874
0.138938
0.138939
0.138937
0.138917
0.138894
0.138864
0.138819
0.138763
0.138698
0.138624
0.138543
0.138453
0.138356
0.138251
0.138138
0.138015
0.137883
0.137738
0.137581
0.13741
0.137224
0.137018
0.136791
0.136535
0.136242
0.135908
0.135528
0.135097
0.134608
0.134051
0.133416
0.132693
0.131867
0.130918
0.129817
0.128534
0.126898
0.125126
0.120478
0.139086
0.139074
0.13906
0.139041
0.13902
0.138994
0.138963
0.138928
0.138889
0.138844
0.138794
0.138738
0.138675
0.138605
0.138525
0.138435
0.138333
0.138217
0.138085
0.137934
0.13776
0.137561
0.137334
0.137077
0.136789
0.136468
0.136106
0.135695
0.135229
0.134696
0.134085
0.133382
0.132568
0.131617
0.130492
0.129131
0.127356
0.125269
0.119478
0.139095
0.139097
0.139096
0.139079
0.139059
0.139033
0.138995
0.138946
0.138891
0.138829
0.138761
0.138687
0.138607
0.138521
0.138429
0.13833
0.138222
0.138107
0.137981
0.137844
0.137694
0.137529
0.137346
0.137139
0.136902
0.136633
0.136327
0.135979
0.135585
0.135136
0.134624
0.134041
0.133374
0.132607
0.131715
0.130675
0.129344
0.127906
0.124171
0.139215
0.139204
0.139192
0.139176
0.139157
0.139135
0.139109
0.13908
0.139047
0.139009
0.138967
0.13892
0.138868
0.138809
0.138743
0.138668
0.138583
0.138487
0.138377
0.138252
0.138108
0.137944
0.137758
0.137547
0.137311
0.137049
0.136753
0.136417
0.136036
0.135601
0.135103
0.134529
0.133864
0.133087
0.132165
0.131059
0.129591
0.127962
0.123284
0.139224
0.139227
0.139227
0.139213
0.139195
0.139172
0.139139
0.139097
0.13905
0.138997
0.138939
0.138876
0.13881
0.138738
0.138662
0.138581
0.138493
0.138399
0.138297
0.138186
0.138064
0.13793
0.137781
0.137612
0.137419
0.137199
0.136949
0.136666
0.136344
0.135978
0.135561
0.135085
0.134541
0.133915
0.133187
0.132337
0.131247
0.130073
0.127072
0.139323
0.139313
0.139303
0.139288
0.139273
0.139254
0.139231
0.139207
0.139178
0.139147
0.139111
0.139071
0.139027
0.138977
0.138921
0.138858
0.138787
0.138706
0.138614
0.138509
0.138389
0.138253
0.138097
0.137923
0.137728
0.137511
0.137267
0.13699
0.136676
0.136317
0.135907
0.135434
0.134886
0.134245
0.133485
0.132576
0.131361
0.130038
0.12631
0.139333
0.139337
0.139337
0.139325
0.139309
0.139289
0.139259
0.139223
0.139181
0.139136
0.139086
0.139032
0.138976
0.138916
0.138852
0.138785
0.138713
0.138635
0.138551
0.13846
0.13836
0.13825
0.138127
0.137988
0.137829
0.137648
0.137442
0.137208
0.136943
0.136642
0.136299
0.135908
0.13546
0.134945
0.134345
0.133645
0.132747
0.13178
0.129364
0.139415
0.139406
0.139396
0.139384
0.139371
0.139354
0.139335
0.139314
0.13929
0.139263
0.139232
0.139198
0.13916
0.139117
0.13907
0.139016
0.138956
0.138887
0.138809
0.13872
0.138619
0.138504
0.138374
0.138228
0.138066
0.137885
0.137681
0.137451
0.137189
0.136891
0.13655
0.136157
0.135702
0.135171
0.13454
0.133785
0.132778
0.131679
0.128701
0.139424
0.139429
0.13943
0.139419
0.139406
0.139388
0.139361
0.139329
0.139292
0.139252
0.139209
0.139163
0.139115
0.139064
0.13901
0.138953
0.138893
0.138828
0.138759
0.138683
0.1386
0.138509
0.138408
0.138292
0.13816
0.138009
0.137838
0.137644
0.137424
0.137174
0.136889
0.136564
0.136193
0.135765
0.135268
0.134687
0.133943
0.133141
0.131188
0.139493
0.139485
0.139477
0.139466
0.139454
0.13944
0.139424
0.139406
0.139385
0.139361
0.139335
0.139305
0.139273
0.139236
0.139195
0.139149
0.139097
0.139038
0.138972
0.138896
0.13881
0.138713
0.138603
0.138479
0.138343
0.138191
0.13802
0.137827
0.137607
0.137358
0.137072
0.136743
0.136362
0.135918
0.135391
0.134761
0.133923
0.133001
0.130603
0.139503
0.139508
0.13951
0.139501
0.139489
0.139472
0.139448
0.139419
0.139387
0.139351
0.139313
0.139273
0.139232
0.139188
0.139142
0.139094
0.139043
0.138989
0.138931
0.138868
0.138799
0.138722
0.138637
0.138541
0.13843
0.138304
0.138161
0.137999
0.137814
0.137605
0.137366
0.137095
0.136784
0.136427
0.136012
0.135526
0.134907
0.134238
0.132651
0.139561
0.139554
0.139546
0.139537
0.139527
0.139515
0.139501
0.139485
0.139467
0.139446
0.139423
0.139398
0.139369
0.139337
0.139302
0.139262
0.139217
0.139166
0.139109
0.139044
0.138971
0.138887
0.138794
0.138689
0.138573
0.138444
0.1383
0.138137
0.137951
0.137741
0.1375
0.137223
0.136902
0.136529
0.136085
0.135556
0.134855
0.134079
0.132134
0.13957
0.139577
0.139579
0.139571
0.13956
0.139545
0.139523
0.139497
0.139467
0.139436
0.139402
0.139367
0.139331
0.139293
0.139254
0.139213
0.13917
0.139124
0.139075
0.139022
0.138964
0.1389
0.138828
0.138746
0.138653
0.138547
0.138427
0.13829
0.138135
0.137958
0.137758
0.137529
0.137268
0.136968
0.136618
0.13621
0.135691
0.135129
0.133834
0.13962
0.139614
0.139607
0.139599
0.13959
0.13958
0.139568
0.139554
0.139538
0.13952
0.1395
0.139477
0.139452
0.139424
0.139393
0.139359
0.13932
0.139276
0.139227
0.139171
0.139107
0.139036
0.138955
0.138866
0.138767
0.138657
0.138534
0.138395
0.138238
0.138059
0.137854
0.13762
0.137348
0.137032
0.136657
0.13621
0.135621
0.134965
0.133377
0.139629
0.139637
0.13964
0.139632
0.139622
0.139608
0.139588
0.139564
0.139538
0.139509
0.139479
0.139449
0.139417
0.139384
0.13935
0.139315
0.139278
0.139239
0.139197
0.139152
0.139103
0.139049
0.138988
0.138919
0.13884
0.13875
0.138648
0.138532
0.138401
0.138251
0.138081
0.137888
0.137667
0.137413
0.137117
0.136772
0.136335
0.135861
0.134799
0.139672
0.139666
0.13966
0.139654
0.139646
0.139637
0.139626
0.139614
0.1396
0.139584
0.139566
0.139546
0.139525
0.1395
0.139473
0.139443
0.139409
0.139371
0.139328
0.13928
0.139225
0.139163
0.139094
0.139016
0.138932
0.138837
0.138732
0.138613
0.138478
0.138326
0.138151
0.137951
0.13772
0.137451
0.137133
0.136753
0.136256
0.135699
0.134401
0.139681
0.139689
0.139692
0.139686
0.139676
0.139663
0.139645
0.139623
0.139599
0.139573
0.139547
0.139519
0.139492
0.139463
0.139433
0.139403
0.139371
0.139337
0.139302
0.139263
0.139221
0.139175
0.139123
0.139064
0.138997
0.13892
0.138834
0.138735
0.138623
0.138496
0.138351
0.138187
0.137998
0.137782
0.137531
0.137239
0.136869
0.136467
0.135592
0.139718
0.139713
0.139708
0.139702
0.139696
0.139687
0.139678
0.139667
0.139654
0.13964
0.139625
0.139608
0.139589
0.139568
0.139544
0.139518
0.139488
0.139455
0.139417
0.139375
0.139327
0.139273
0.139213
0.139146
0.139073
0.138992
0.138901
0.138799
0.138683
0.138552
0.138402
0.138231
0.138033
0.137803
0.137531
0.137207
0.136786
0.136308
0.135269
0.139727
0.139735
0.139739
0.139733
0.139724
0.139712
0.139695
0.139674
0.139652
0.139629
0.139606
0.139581
0.139557
0.139531
0.139505
0.139479
0.139451
0.139423
0.139392
0.139359
0.139323
0.139284
0.139239
0.139189
0.139131
0.139065
0.138991
0.138907
0.138811
0.138703
0.138579
0.138438
0.138277
0.138092
0.137878
0.137628
0.137314
0.136972
0.136248
0.139759
0.139755
0.13975
0.139745
0.13974
0.139732
0.139724
0.139714
0.139703
0.139691
0.139677
0.139662
0.139645
0.139627
0.139606
0.139583
0.139557
0.139528
0.139495
0.139458
0.139416
0.139369
0.139317
0.139259
0.139195
0.139125
0.139046
0.138958
0.138858
0.138745
0.138616
0.138468
0.138298
0.1381
0.137867
0.137589
0.137232
0.136816
0.135998
0.139767
0.139776
0.139781
0.139775
0.139767
0.139755
0.139739
0.13972
0.1397
0.139679
0.139658
0.139636
0.139614
0.139592
0.139569
0.139546
0.139522
0.139497
0.13947
0.139442
0.139411
0.139377
0.139339
0.139295
0.139246
0.139189
0.139125
0.139053
0.138971
0.138878
0.138772
0.138651
0.138512
0.138354
0.13817
0.137956
0.137688
0.137396
0.136795
0.139796
0.139792
0.139788
0.139784
0.139779
0.139772
0.139765
0.139756
0.139746
0.139736
0.139724
0.139711
0.139696
0.13968
0.139662
0.139642
0.139619
0.139593
0.139564
0.139531
0.139494
0.139453
0.139407
0.139356
0.139301
0.13924
0.139172
0.139095
0.139008
0.13891
0.138799
0.138671
0.138525
0.138354
0.138154
0.137914
0.13761
0.137246
0.1366
0.139803
0.139813
0.139818
0.139813
0.139805
0.139793
0.139778
0.13976
0.139742
0.139723
0.139704
0.139685
0.139665
0.139645
0.139625
0.139605
0.139584
0.139562
0.139539
0.139514
0.139488
0.139458
0.139425
0.139388
0.139344
0.139296
0.139241
0.139178
0.139108
0.139027
0.138936
0.138832
0.138713
0.138576
0.138418
0.138234
0.138005
0.137754
0.137253
0.139829
0.139825
0.139822
0.139818
0.139814
0.139808
0.139801
0.139794
0.139786
0.139777
0.139766
0.139755
0.139742
0.139728
0.139712
0.139694
0.139673
0.13965
0.139625
0.139596
0.139563
0.139527
0.139487
0.139442
0.139394
0.139341
0.139281
0.139214
0.139139
0.139054
0.138957
0.138846
0.138719
0.138572
0.138399
0.138192
0.137933
0.137613
0.137097
0.139836
0.139845
0.139851
0.139846
0.139838
0.139827
0.139813
0.139797
0.13978
0.139763
0.139745
0.139728
0.13971
0.139693
0.139675
0.139657
0.139639
0.139619
0.139599
0.139578
0.139555
0.139529
0.1395
0.139468
0.13943
0.139388
0.13934
0.139286
0.139225
0.139156
0.139077
0.138987
0.138884
0.138766
0.13863
0.138471
0.138274
0.138059
0.137638
0.139859
0.139856
0.139852
0.13985
0.139846
0.13984
0.139835
0.139828
0.139821
0.139814
0.139805
0.139795
0.139783
0.139771
0.139756
0.13974
0.139722
0.139702
0.139679
0.139653
0.139624
0.139592
0.139557
0.139518
0.139475
0.139429
0.139377
0.139318
0.139252
0.139178
0.139094
0.138998
0.138887
0.138759
0.138609
0.13843
0.138209
0.137929
0.137511
0.139865
0.139875
0.139881
0.139876
0.139868
0.139858
0.139844
0.139829
0.139814
0.139798
0.139783
0.139767
0.139751
0.139735
0.139719
0.139703
0.139687
0.13967
0.139653
0.139634
0.139614
0.139591
0.139566
0.139538
0.139505
0.139468
0.139427
0.13938
0.139327
0.139267
0.139198
0.139121
0.139032
0.138929
0.138811
0.138674
0.138504
0.138318
0.137965
0.139886
0.139883
0.13988
0.139878
0.139874
0.139869
0.139865
0.13986
0.139854
0.139847
0.13984
0.139831
0.139821
0.139809
0.139796
0.139782
0.139766
0.139748
0.139727
0.139704
0.139679
0.13965
0.139619
0.139584
0.139547
0.139506
0.13946
0.139409
0.139352
0.139287
0.139213
0.139129
0.139033
0.138922
0.138792
0.138635
0.138448
0.138203
0.13786
0.139891
0.139902
0.139908
0.139904
0.139895
0.139885
0.139872
0.139859
0.139845
0.139831
0.139816
0.139802
0.139787
0.139773
0.139759
0.139745
0.13973
0.139716
0.1397
0.139683
0.139666
0.139646
0.139624
0.139599
0.13957
0.139538
0.139502
0.139461
0.139415
0.139362
0.139303
0.139236
0.139158
0.13907
0.138967
0.138848
0.138702
0.138541
0.138243
0.139911
0.139908
0.139905
0.139903
0.1399
0.139896
0.139892
0.139888
0.139884
0.139878
0.139871
0.139864
0.139854
0.139844
0.139833
0.13982
0.139805
0.139789
0.139771
0.13975
0.139727
0.139702
0.139674
0.139644
0.139611
0.139575
0.139535
0.139489
0.139439
0.139382
0.139317
0.139244
0.13916
0.139063
0.13895
0.138813
0.13866
0.138445
0.13816
0.139915
0.139926
0.139932
0.139928
0.13992
0.13991
0.139898
0.139885
0.139873
0.13986
0.139847
0.139833
0.13982
0.139807
0.139795
0.139782
0.139769
0.139756
0.139742
0.139727
0.139711
0.139694
0.139675
0.139653
0.139627
0.139599
0.139567
0.139532
0.139491
0.139446
0.139394
0.139335
0.139268
0.139191
0.139102
0.138998
0.138872
0.138732
0.13848
0.139933
0.139931
0.139928
0.139926
0.139923
0.139921
0.139918
0.139915
0.139911
0.139906
0.1399
0.139893
0.139885
0.139876
0.139865
0.139854
0.139841
0.139826
0.13981
0.139792
0.139771
0.139749
0.139724
0.139697
0.139668
0.139636
0.1396
0.139561
0.139516
0.139466
0.139409
0.139345
0.139271
0.139186
0.139088
0.138967
0.138845
0.138659
0.13842
0.139937
0.139948
0.139955
0.13995
0.139942
0.139932
0.139921
0.13991
0.139898
0.139886
0.139874
0.139862
0.13985
0.139838
0.139826
0.139815
0.139803
0.139791
0.139779
0.139766
0.139752
0.139737
0.139719
0.1397
0.139678
0.139653
0.139625
0.139593
0.139558
0.139518
0.139473
0.139422
0.139364
0.139296
0.139218
0.139128
0.139018
0.138897
0.138683
0.139953
0.139952
0.139949
0.139947
0.139945
0.139943
0.139942
0.13994
0.139936
0.139932
0.139926
0.13992
0.139913
0.139904
0.139895
0.139885
0.139873
0.13986
0.139846
0.139829
0.139811
0.139791
0.139769
0.139745
0.139719
0.139691
0.13966
0.139624
0.139585
0.139541
0.139491
0.139434
0.139369
0.139295
0.139209
0.139102
0.139005
0.138845
0.138645
0.139957
0.139968
0.139975
0.13997
0.139961
0.139952
0.139942
0.139932
0.139921
0.13991
0.139899
0.139887
0.139876
0.139865
0.139855
0.139844
0.139834
0.139823
0.139812
0.1398
0.139788
0.139774
0.139759
0.139742
0.139722
0.1397
0.139675
0.139648
0.139617
0.139582
0.139542
0.139498
0.139447
0.139388
0.13932
0.139241
0.139146
0.13904
0.138858
0.139972
0.139971
0.139968
0.139967
0.139965
0.139964
0.139964
0.139962
0.139959
0.139955
0.13995
0.139945
0.139938
0.139931
0.139923
0.139914
0.139903
0.139892
0.139879
0.139864
0.139848
0.13983
0.13981
0.139789
0.139766
0.139741
0.139713
0.139682
0.139647
0.139608
0.139564
0.139513
0.139457
0.139391
0.139316
0.139223
0.139143
0.139006
0.13884
0.139975
0.139986
0.139993
0.139988
0.139979
0.13997
0.139961
0.139952
0.139942
0.139932
0.139921
0.13991
0.1399
0.13989
0.13988
0.139871
0.139861
0.139851
0.139841
0.139831
0.13982
0.139808
0.139794
0.139779
0.139761
0.139742
0.13972
0.139696
0.139668
0.139638
0.139603
0.139564
0.139519
0.139468
0.139409
0.13934
0.139257
0.139165
0.139009
0.139989
0.139988
0.139986
0.139984
0.139984
0.139984
0.139984
0.139983
0.13998
0.139977
0.139972
0.139967
0.139962
0.139955
0.139948
0.13994
0.139931
0.139921
0.139909
0.139896
0.139882
0.139866
0.139848
0.139829
0.139808
0.139786
0.139761
0.139734
0.139703
0.139668
0.139629
0.139584
0.139534
0.139476
0.139412
0.139332
0.139267
0.139147
0.139009
0.139991
0.140003
0.14001
0.140005
0.139995
0.139987
0.139979
0.13997
0.139961
0.139951
0.139941
0.139931
0.139921
0.139912
0.139903
0.139894
0.139885
0.139876
0.139868
0.139858
0.139848
0.139837
0.139825
0.139812
0.139796
0.139779
0.139759
0.139738
0.139714
0.139687
0.139657
0.139622
0.139583
0.139539
0.139487
0.139426
0.139354
0.139273
0.139139
0.140005
0.140004
0.140001
0.140001
0.140001
0.140003
0.140003
0.140002
0.139999
0.139996
0.139993
0.139989
0.139984
0.139978
0.139972
0.139965
0.139957
0.139948
0.139937
0.139926
0.139913
0.139898
0.139882
0.139865
0.139847
0.139827
0.139805
0.13978
0.139753
0.139722
0.139687
0.139648
0.139604
0.139552
0.139498
0.139433
0.139378
0.139272
0.139156
0.140007
0.140018
0.140026
0.140019
0.14001
0.140002
0.139995
0.139987
0.139978
0.139969
0.139959
0.139949
0.13994
0.139931
0.139923
0.139915
0.139907
0.139899
0.139891
0.139883
0.139874
0.139864
0.139853
0.139841
0.139827
0.139812
0.139795
0.139776
0.139755
0.139731
0.139704
0.139674
0.13964
0.139601
0.139555
0.139503
0.139439
0.139368
0.139253
0.14002
0.140019
0.140016
0.140016
0.140018
0.14002
0.14002
0.140019
0.140017
0.140015
0.140012
0.140009
0.140005
0.14
0.139994
0.139988
0.139981
0.139973
0.139963
0.139953
0.139941
0.139928
0.139914
0.139899
0.139882
0.139865
0.139845
0.139823
0.139798
0.139771
0.13974
0.139705
0.139666
0.139621
0.139575
0.139523
0.139477
0.139385
0.139286
0.14002
0.140032
0.14004
0.140033
0.140023
0.140017
0.14001
0.140002
0.139994
0.139984
0.139975
0.139966
0.139957
0.139949
0.139941
0.139934
0.139927
0.13992
0.139912
0.139905
0.139897
0.139888
0.139879
0.139868
0.139856
0.139842
0.139827
0.13981
0.139791
0.13977
0.139747
0.13972
0.13969
0.139656
0.139616
0.13957
0.139514
0.139452
0.139352
0.140033
0.140032
0.140029
0.14003
0.140034
0.140035
0.140036
0.140035
0.140034
0.140032
0.14003
0.140027
0.140024
0.14002
0.140015
0.140009
0.140003
0.139995
0.139987
0.139978
0.139967
0.139955
0.139942
0.139929
0.139914
0.139898
0.139881
0.139861
0.13984
0.139815
0.139788
0.139757
0.139722
0.139683
0.139646
0.139602
0.139565
0.139485
0.139401
0.140033
0.140045
0.140053
0.140045
0.140036
0.14003
0.140024
0.140016
0.140007
0.139998
0.139989
0.13998
0.139972
0.139965
0.139958
0.139951
0.139945
0.139938
0.139932
0.139925
0.139918
0.13991
0.139902
0.139892
0.139881
0.139869
0.139856
0.139841
0.139824
0.139806
0.139785
0.139762
0.139735
0.139705
0.13967
0.139629
0.13958
0.139526
0.139439
0.140046
0.140044
0.140041
0.140044
0.140048
0.14005
0.14005
0.14005
0.140049
0.140049
0.140047
0.140045
0.140042
0.140039
0.140034
0.140029
0.140023
0.140017
0.140009
0.14
0.139991
0.13998
0.139969
0.139957
0.139944
0.139929
0.139914
0.139896
0.139877
0.139855
0.139831
0.139803
0.139773
0.139741
0.13971
0.139674
0.139643
0.139573
0.139503
0.140045
0.140057
0.140065
0.140055
0.140047
0.140042
0.140036
0.140028
0.14002
0.140011
0.140002
0.139994
0.139986
0.139979
0.139973
0.139967
0.139961
0.139955
0.13995
0.139944
0.139937
0.139931
0.139923
0.139914
0.139905
0.139894
0.139882
0.139869
0.139854
0.139838
0.139819
0.139799
0.139775
0.139748
0.139718
0.139682
0.139639
0.139592
0.139516
0.140057
0.140055
0.140053
0.140058
0.140062
0.140063
0.140063
0.140064
0.140064
0.140064
0.140063
0.140061
0.140059
0.140056
0.140052
0.140047
0.140042
0.140036
0.140029
0.140022
0.140013
0.140003
0.139993
0.139982
0.139971
0.139958
0.139944
0.139928
0.139911
0.139892
0.13987
0.139846
0.13982
0.139793
0.139768
0.139737
0.139711
0.139652
0.139593
0.140056
0.140068
0.140076
0.140065
0.140058
0.140053
0.140048
0.140039
0.14003
0.140022
0.140013
0.140006
0.139999
0.139993
0.139987
0.139982
0.139976
0.139971
0.139966
0.139961
0.139955
0.139949
0.139942
0.139935
0.139926
0.139916
0.139906
0.139894
0.139881
0.139866
0.13985
0.139832
0.139811
0.139788
0.139761
0.13973
0.139692
0.13965
0.139584
0.140068
0.140065
0.140063
0.14007
0.140074
0.140074
0.140076
0.140078
0.140078
0.140079
0.140078
0.140077
0.140075
0.140072
0.140068
0.140064
0.14006
0.140054
0.140048
0.140041
0.140034
0.140025
0.140016
0.140006
0.139996
0.139984
0.139972
0.139958
0.139942
0.139925
0.139906
0.139884
0.139863
0.139842
0.13982
0.139795
0.139773
0.139722
0.139673
0.140066
0.140078
0.140085
0.140074
0.140067
0.140064
0.140058
0.140049
0.14004
0.140032
0.140024
0.140017
0.140011
0.140005
0.14
0.139995
0.139991
0.139986
0.139982
0.139977
0.139972
0.139966
0.13996
0.139953
0.139946
0.139937
0.139927
0.139917
0.139905
0.139893
0.139878
0.139862
0.139844
0.139823
0.139799
0.139772
0.139739
0.139702
0.139645
0.140078
0.140075
0.140073
0.140082
0.140085
0.140085
0.140088
0.14009
0.140091
0.140092
0.140092
0.14009
0.140089
0.140086
0.140084
0.14008
0.140076
0.140072
0.140067
0.140061
0.140054
0.140047
0.140038
0.14003
0.14002
0.14001
0.139999
0.139986
0.139972
0.139956
0.139939
0.139922
0.139905
0.139887
0.139869
0.139847
0.139827
0.139785
0.139744
0.140075
0.140087
0.140093
0.140081
0.140076
0.140073
0.140066
0.140057
0.140049
0.140041
0.140034
0.140028
0.140022
0.140017
0.140012
0.140008
0.140004
0.14
0.139996
0.139991
0.139987
0.139982
0.139977
0.139971
0.139964
0.139957
0.139949
0.13994
0.13993
0.139918
0.139906
0.139892
0.139875
0.139857
0.139836
0.139811
0.139782
0.13975
0.1397
0.140086
0.140083
0.140083
0.140093
0.140094
0.140095
0.140099
0.140101
0.140102
0.140103
0.140103
0.140102
0.140101
0.1401
0.140098
0.140095
0.140092
0.140089
0.140084
0.14008
0.140075
0.140069
0.140063
0.140056
0.140048
0.140039
0.140028
0.140017
0.140004
0.13999
0.139976
0.139961
0.139946
0.13993
0.139914
0.139894
0.139877
0.139842
0.139807
0.140083
0.140094
0.140098
0.140088
0.140085
0.140082
0.140074
0.140065
0.140057
0.140049
0.140043
0.140038
0.140033
0.140028
0.140024
0.14002
0.140016
0.140012
0.140009
0.140005
0.140001
0.139997
0.139993
0.139989
0.139984
0.139979
0.139972
0.139965
0.139957
0.139947
0.139936
0.139924
0.139909
0.139892
0.139873
0.139851
0.139824
0.139795
0.13975
0.140094
0.14009
0.140092
0.1401
0.140102
0.140103
0.140106
0.140108
0.140109
0.14011
0.14011
0.14011
0.14011
0.14011
0.140109
0.140107
0.140106
0.140104
0.140101
0.140098
0.140095
0.140092
0.140088
0.140084
0.140079
0.140072
0.140064
0.140055
0.140045
0.140033
0.140021
0.140007
0.139993
0.139977
0.139961
0.139942
0.139925
0.139894
0.139864
0.140091
0.140099
0.140101
0.140094
0.140091
0.140088
0.14008
0.140072
0.140064
0.140057
0.140052
0.140047
0.140043
0.140038
0.140035
0.140031
0.140028
0.140025
0.140021
0.140019
0.140016
0.140013
0.140012
0.14001
0.140007
0.140003
0.139999
0.139994
0.139987
0.13998
0.139971
0.13996
0.139948
0.139932
0.139915
0.139894
0.139869
0.139842
0.139801
0.1401
0.140097
0.1401
0.140106
0.140107
0.140109
0.140111
0.140112
0.140114
0.140115
0.140115
0.140116
0.140116
0.140116
0.140116
0.140115
0.140114
0.140113
0.140112
0.140111
0.140109
0.140107
0.140105
0.140103
0.1401
0.140096
0.140092
0.140086
0.14008
0.140072
0.140063
0.140053
0.14004
0.140027
0.140011
0.139993
0.139975
0.139946
0.139918
0.140097
0.140102
0.140103
0.140098
0.140095
0.140092
0.140086
0.140077
0.140071
0.140065
0.14006
0.140056
0.140052
0.140048
0.140045
0.140042
0.140039
0.140037
0.140035
0.140033
0.140032
0.140032
0.140032
0.140031
0.14003
0.140028
0.140025
0.140022
0.140017
0.140012
0.140006
0.139998
0.139988
0.139975
0.13996
0.139941
0.139918
0.139892
0.139854
0.140104
0.140103
0.140105
0.140109
0.14011
0.140112
0.140114
0.140116
0.140117
0.140118
0.140119
0.140119
0.14012
0.14012
0.14012
0.14012
0.14012
0.140119
0.140119
0.140118
0.140117
0.140116
0.140115
0.140114
0.140112
0.14011
0.140108
0.140105
0.140101
0.140097
0.140092
0.140085
0.140078
0.140068
0.140057
0.140041
0.140025
0.139999
0.139972
0.140101
0.140104
0.140104
0.1401
0.140097
0.140094
0.14009
0.140083
0.140077
0.140072
0.140068
0.140064
0.14006
0.140057
0.140055
0.140053
0.140051
0.14005
0.14005
0.140049
0.140049
0.140049
0.140049
0.140049
0.140048
0.140047
0.140045
0.140042
0.140039
0.140036
0.140032
0.140027
0.14002
0.140011
0.139999
0.139984
0.139964
0.139942
0.139907
0.140106
0.140106
0.140107
0.140111
0.140113
0.140114
0.140116
0.140118
0.140119
0.14012
0.140121
0.140122
0.140122
0.140123
0.140123
0.140123
0.140124
0.140124
0.140123
0.140123
0.140123
0.140122
0.140122
0.140121
0.14012
0.140119
0.140118
0.140116
0.140114
0.140111
0.140109
0.140105
0.140101
0.140096
0.140089
0.140079
0.140068
0.140048
0.140025
0.140103
0.140105
0.140105
0.140102
0.140099
0.140096
0.140092
0.140087
0.140082
0.140078
0.140074
0.140071
0.140068
0.140066
0.140065
0.140064
0.140063
0.140062
0.140062
0.140061
0.140061
0.140061
0.14006
0.14006
0.140059
0.140058
0.140056
0.140055
0.140052
0.14005
0.140047
0.140044
0.14004
0.140035
0.140027
0.140017
0.140002
0.139984
0.139956
0.140107
0.140108
0.140109
0.140112
0.140114
0.140116
0.140118
0.140119
0.140121
0.140122
0.140123
0.140124
0.140124
0.140125
0.140126
0.140126
0.140126
0.140126
0.140127
0.140127
0.140127
0.140127
0.140126
0.140126
0.140126
0.140125
0.140124
0.140123
0.140122
0.140121
0.140119
0.140117
0.140115
0.140112
0.140109
0.140104
0.140098
0.140085
0.14007
0.140105
0.140106
0.140105
0.140102
0.140099
0.140096
0.140092
0.140088
0.140085
0.140082
0.140079
0.140076
0.140074
0.140073
0.140071
0.14007
0.14007
0.140069
0.140068
0.140068
0.140067
0.140067
0.140066
0.140066
0.140065
0.140064
0.140063
0.140061
0.14006
0.140058
0.140056
0.140054
0.140051
0.140048
0.140044
0.140038
0.140029
0.140017
0.139998
0.140108
0.140109
0.14011
0.140113
0.140115
0.140117
0.140119
0.14012
0.140122
0.140123
0.140124
0.140125
0.140126
0.140126
0.140127
0.140128
0.140128
0.140129
0.140129
0.140129
0.14013
0.14013
0.14013
0.14013
0.14013
0.14013
0.140129
0.140129
0.140128
0.140128
0.140127
0.140125
0.140124
0.140123
0.140121
0.140118
0.140116
0.140109
0.140102
0.140106
0.140106
0.140105
0.140102
0.140099
0.140096
0.140093
0.140089
0.140086
0.140083
0.140081
0.140079
0.140077
0.140076
0.140074
0.140073
0.140073
0.140072
0.140071
0.140071
0.14007
0.14007
0.140069
0.140069
0.140068
0.140067
0.140066
0.140065
0.140064
0.140063
0.140061
0.14006
0.140058
0.140056
0.140053
0.14005
0.140044
0.140038
0.140027
0.140108
0.140109
0.140111
0.140114
0.140116
0.140118
0.140119
0.140121
0.140122
0.140124
0.140125
0.140126
0.140127
0.140127
0.140128
0.140129
0.140129
0.14013
0.140131
0.140131
0.140132
0.140132
0.140132
0.140133
0.140133
0.140133
0.140133
0.140133
0.140133
0.140132
0.140132
0.140132
0.140131
0.14013
0.140129
0.140128
0.140127
0.140123
0.140122
0.140106
0.140106
0.140105
0.140102
0.140099
0.140096
0.140092
0.140089
0.140086
0.140084
0.140081
0.140079
0.140078
0.140076
0.140075
0.140074
0.140073
0.140073
0.140072
0.140072
0.140071
0.140071
0.14007
0.140069
0.140069
0.140068
0.140067
0.140067
0.140066
0.140065
0.140064
0.140063
0.140062
0.14006
0.140058
0.140056
0.140053
0.140049
0.140044
0.140108
0.140109
0.140111
0.140114
0.140116
0.140118
0.14012
0.140121
0.140123
0.140124
0.140125
0.140126
0.140127
0.140128
0.140129
0.140129
0.14013
0.140131
0.140132
0.140132
0.140133
0.140133
0.140134
0.140135
0.140135
0.140135
0.140136
0.140136
0.140136
0.140136
0.140136
0.140136
0.140136
0.140136
0.140136
0.140135
0.140135
0.140132
0.140134
0.140106
0.140106
0.140105
0.140101
0.140098
0.140095
0.140092
0.140088
0.140086
0.140083
0.140081
0.140079
0.140077
0.140076
0.140075
0.140074
0.140073
0.140072
0.140072
0.140071
0.140071
0.14007
0.14007
0.140069
0.140068
0.140068
0.140067
0.140067
0.140066
0.140065
0.140065
0.140064
0.140063
0.140062
0.140061
0.14006
0.140058
0.140056
0.140053
0.140108
0.140109
0.140111
0.140114
0.140116
0.140118
0.14012
0.140121
0.140123
0.140124
0.140125
0.140126
0.140127
0.140128
0.140129
0.14013
0.14013
0.140131
0.140132
0.140133
0.140134
0.140134
0.140135
0.140136
0.140136
0.140137
0.140137
0.140138
0.140138
0.140139
0.140139
0.140139
0.14014
0.14014
0.14014
0.14014
0.140141
0.140139
0.140142
0.140106
0.140105
0.140104
0.140101
0.140097
0.140094
0.140091
0.140087
0.140084
0.140082
0.140079
0.140077
0.140076
0.140074
0.140073
0.140072
0.140071
0.140071
0.14007
0.14007
0.140069
0.140069
0.140068
0.140068
0.140067
0.140067
0.140066
0.140066
0.140065
0.140065
0.140064
0.140064
0.140063
0.140063
0.140062
0.140061
0.14006
0.140059
0.140057
0.140107
0.140109
0.140111
0.140114
0.140116
0.140118
0.140119
0.140121
0.140122
0.140124
0.140125
0.140126
0.140127
0.140128
0.140129
0.140129
0.14013
0.140131
0.140132
0.140133
0.140134
0.140135
0.140136
0.140136
0.140137
0.140138
0.140139
0.140139
0.14014
0.140141
0.140141
0.140142
0.140142
0.140143
0.140144
0.140144
0.140146
0.140144
0.140147
0.140105
0.140104
0.140103
0.140099
0.140096
0.140093
0.140089
0.140086
0.140083
0.14008
0.140078
0.140075
0.140074
0.140072
0.140071
0.14007
0.140069
0.140069
0.140068
0.140067
0.140067
0.140066
0.140066
0.140066
0.140065
0.140065
0.140064
0.140064
0.140063
0.140063
0.140063
0.140062
0.140062
0.140062
0.140062
0.140061
0.140061
0.14006
0.140059
0.140107
0.140108
0.14011
0.140113
0.140115
0.140117
0.140119
0.14012
0.140122
0.140123
0.140124
0.140125
0.140126
0.140127
0.140128
0.140129
0.14013
0.140131
0.140132
0.140133
0.140133
0.140134
0.140135
0.140136
0.140137
0.140138
0.140139
0.14014
0.140141
0.140142
0.140143
0.140143
0.140144
0.140145
0.140146
0.140147
0.140149
0.140148
0.140152
0.140104
0.140104
0.140102
0.140098
0.140095
0.140091
0.140088
0.140084
0.140081
0.140078
0.140075
0.140073
0.140071
0.14007
0.140068
0.140067
0.140067
0.140066
0.140065
0.140065
0.140064
0.140064
0.140063
0.140063
0.140063
0.140062
0.140062
0.140061
0.140061
0.140061
0.140061
0.140061
0.140061
0.14006
0.14006
0.14006
0.14006
0.14006
0.14006
0.140106
0.140108
0.14011
0.140112
0.140115
0.140116
0.140118
0.14012
0.140121
0.140122
0.140123
0.140124
0.140125
0.140126
0.140127
0.140128
0.140129
0.14013
0.140131
0.140132
0.140133
0.140134
0.140135
0.140136
0.140137
0.140138
0.140139
0.14014
0.140141
0.140142
0.140143
0.140144
0.140145
0.140147
0.140148
0.140149
0.140151
0.140151
0.140156
0.140103
0.140102
0.1401
0.140097
0.140093
0.140089
0.140086
0.140082
0.140078
0.140075
0.140072
0.14007
0.140068
0.140066
0.140065
0.140064
0.140063
0.140063
0.140062
0.140062
0.140061
0.140061
0.14006
0.14006
0.14006
0.140059
0.140059
0.140059
0.140059
0.140058
0.140058
0.140058
0.140058
0.140058
0.140059
0.140059
0.140059
0.140059
0.140059
0.140105
0.140107
0.140109
0.140112
0.140114
0.140116
0.140117
0.140119
0.14012
0.140121
0.140122
0.140123
0.140124
0.140125
0.140126
0.140126
0.140127
0.140128
0.140129
0.140131
0.140132
0.140133
0.140134
0.140135
0.140136
0.140137
0.140138
0.14014
0.140141
0.140142
0.140143
0.140144
0.140146
0.140147
0.140149
0.14015
0.140152
0.140153
0.140158
0.140102
0.140101
0.140099
0.140095
0.140091
0.140088
0.140084
0.14008
0.140076
0.140072
0.140069
0.140066
0.140064
0.140063
0.140062
0.140061
0.14006
0.140059
0.140059
0.140058
0.140058
0.140057
0.140057
0.140057
0.140056
0.140056
0.140056
0.140056
0.140056
0.140056
0.140056
0.140056
0.140056
0.140056
0.140056
0.140057
0.140057
0.140057
0.140058
0.140103
0.140105
0.140108
0.140111
0.140113
0.140114
0.140116
0.140117
0.140119
0.14012
0.14012
0.140121
0.140122
0.140123
0.140124
0.140125
0.140126
0.140127
0.140128
0.140129
0.14013
0.140131
0.140133
0.140134
0.140135
0.140136
0.140137
0.140139
0.14014
0.140141
0.140143
0.140144
0.140146
0.140147
0.140149
0.140151
0.140153
0.140154
0.140159
0.140101
0.1401
0.140097
0.140093
0.140089
0.140085
0.140081
0.140077
0.140072
0.140069
0.140065
0.140063
0.140061
0.140059
0.140058
0.140057
0.140056
0.140056
0.140055
0.140055
0.140054
0.140054
0.140054
0.140053
0.140053
0.140053
0.140053
0.140053
0.140052
0.140052
0.140053
0.140053
0.140053
0.140053
0.140054
0.140054
0.140054
0.140055
0.140056
0.140102
0.140104
0.140107
0.140109
0.140111
0.140113
0.140115
0.140116
0.140117
0.140118
0.140119
0.140119
0.14012
0.140121
0.140122
0.140123
0.140124
0.140125
0.140126
0.140127
0.140128
0.140129
0.140131
0.140132
0.140133
0.140135
0.140136
0.140137
0.140139
0.14014
0.140141
0.140143
0.140145
0.140146
0.140148
0.14015
0.140153
0.140154
0.140159
0.1401
0.140098
0.140096
0.140091
0.140087
0.140083
0.140079
0.140074
0.140069
0.140065
0.140061
0.140059
0.140057
0.140055
0.140054
0.140053
0.140052
0.140052
0.140051
0.140051
0.140051
0.14005
0.14005
0.140049
0.140049
0.140049
0.140049
0.140049
0.140049
0.140049
0.140049
0.140049
0.140049
0.14005
0.14005
0.140051
0.140051
0.140052
0.140053
0.140101
0.140103
0.140105
0.140108
0.14011
0.140112
0.140113
0.140114
0.140115
0.140116
0.140117
0.140117
0.140118
0.140119
0.140119
0.14012
0.140121
0.140122
0.140123
0.140124
0.140126
0.140127
0.140128
0.14013
0.140131
0.140132
0.140134
0.140135
0.140137
0.140138
0.14014
0.140141
0.140143
0.140145
0.140147
0.140149
0.140152
0.140154
0.140158
0.140098
0.140096
0.140094
0.140089
0.140085
0.140081
0.140076
0.14007
0.140065
0.140061
0.140057
0.140055
0.140053
0.140051
0.14005
0.140049
0.140048
0.140048
0.140047
0.140047
0.140046
0.140046
0.140045
0.140045
0.140045
0.140044
0.140044
0.140044
0.140044
0.140044
0.140044
0.140044
0.140045
0.140045
0.140046
0.140046
0.140047
0.140048
0.140049
0.140099
0.140101
0.140104
0.140106
0.140108
0.14011
0.140111
0.140112
0.140113
0.140113
0.140114
0.140115
0.140115
0.140116
0.140117
0.140117
0.140118
0.140119
0.14012
0.140122
0.140123
0.140124
0.140126
0.140127
0.140128
0.14013
0.140131
0.140133
0.140134
0.140136
0.140138
0.140139
0.140141
0.140143
0.140145
0.140148
0.140151
0.140153
0.140157
0.140096
0.140095
0.140091
0.140087
0.140083
0.140078
0.140072
0.140066
0.140061
0.140057
0.140053
0.14005
0.140048
0.140047
0.140046
0.140045
0.140044
0.140043
0.140042
0.140042
0.140041
0.140041
0.14004
0.14004
0.140039
0.140039
0.140038
0.140038
0.140038
0.140038
0.140038
0.140038
0.140038
0.140039
0.140039
0.14004
0.140041
0.140042
0.140044
0.140097
0.1401
0.140102
0.140105
0.140106
0.140108
0.140109
0.14011
0.14011
0.140111
0.140111
0.140112
0.140112
0.140113
0.140114
0.140114
0.140115
0.140116
0.140117
0.140118
0.14012
0.140121
0.140122
0.140124
0.140125
0.140127
0.140128
0.14013
0.140131
0.140133
0.140135
0.140137
0.140139
0.140141
0.140143
0.140146
0.140148
0.140151
0.140155
0.140094
0.140093
0.140089
0.140084
0.14008
0.140075
0.140069
0.140063
0.140057
0.140052
0.140049
0.140046
0.140044
0.140042
0.140041
0.140039
0.140038
0.140037
0.140037
0.140036
0.140035
0.140034
0.140034
0.140033
0.140032
0.140031
0.140031
0.14003
0.14003
0.14003
0.14003
0.14003
0.14003
0.14003
0.140031
0.140031
0.140032
0.140033
0.140036
0.140095
0.140098
0.1401
0.140103
0.140104
0.140106
0.140106
0.140107
0.140108
0.140108
0.140108
0.140109
0.140109
0.140109
0.14011
0.140111
0.140111
0.140112
0.140113
0.140114
0.140116
0.140117
0.140119
0.14012
0.140121
0.140123
0.140124
0.140126
0.140128
0.14013
0.140132
0.140134
0.140136
0.140138
0.14014
0.140143
0.140146
0.140148
0.140153
0.140092
0.14009
0.140087
0.140082
0.140077
0.140072
0.140065
0.140058
0.140053
0.140048
0.140044
0.140041
0.140039
0.140037
0.140035
0.140033
0.140032
0.140031
0.14003
0.140029
0.140027
0.140026
0.140025
0.140024
0.140023
0.140022
0.14002
0.140019
0.140019
0.140018
0.140018
0.140017
0.140017
0.140018
0.140018
0.140019
0.14002
0.140021
0.140024
0.140093
0.140096
0.140098
0.1401
0.140102
0.140103
0.140104
0.140104
0.140105
0.140105
0.140105
0.140105
0.140105
0.140106
0.140106
0.140107
0.140107
0.140108
0.140109
0.14011
0.140111
0.140112
0.140114
0.140115
0.140117
0.140118
0.14012
0.140121
0.140123
0.140125
0.140127
0.140129
0.140132
0.140134
0.140136
0.140139
0.140142
0.140145
0.14015
0.14009
0.140088
0.140084
0.140079
0.140074
0.140068
0.140061
0.140054
0.140048
0.140043
0.140039
0.140036
0.140033
0.14003
0.140028
0.140026
0.140024
0.140022
0.140021
0.140019
0.140017
0.140016
0.140014
0.140012
0.14001
0.140008
0.140006
0.140004
0.140003
0.140001
0.14
0.14
0.139999
0.139999
0.139999
0.14
0.140001
0.140002
0.140006
0.140091
0.140093
0.140096
0.140098
0.140099
0.1401
0.140101
0.140101
0.140101
0.140101
0.140101
0.140101
0.140101
0.140101
0.140102
0.140102
0.140102
0.140103
0.140104
0.140104
0.140105
0.140107
0.140108
0.140109
0.140111
0.140112
0.140114
0.140116
0.140117
0.140119
0.140122
0.140124
0.140126
0.140129
0.140131
0.140134
0.140138
0.140141
0.140146
0.140088
0.140086
0.140082
0.140076
0.140071
0.140065
0.140057
0.14005
0.140044
0.140038
0.140034
0.14003
0.140026
0.140023
0.140019
0.140017
0.140014
0.140011
0.140009
0.140007
0.140004
0.140002
0.14
0.139997
0.139994
0.139991
0.139989
0.139987
0.139985
0.139983
0.139981
0.139979
0.139978
0.139976
0.139975
0.139975
0.139974
0.139974
0.139977
0.140088
0.140091
0.140093
0.140096
0.140097
0.140097
0.140098
0.140098
0.140098
0.140097
0.140097
0.140097
0.140097
0.140097
0.140097
0.140097
0.140097
0.140097
0.140097
0.140098
0.140099
0.1401
0.140101
0.140102
0.140103
0.140105
0.140107
0.140108
0.14011
0.140112
0.140114
0.140117
0.140119
0.140122
0.140125
0.140128
0.140132
0.140135
0.14014
0.140085
0.140083
0.140079
0.140073
0.140068
0.140061
0.140053
0.140045
0.140039
0.140033
0.140028
0.140023
0.140018
0.140014
0.140009
0.140006
0.140002
0.139999
0.139997
0.139995
0.139993
0.139991
0.139989
0.139987
0.139985
0.139984
0.139982
0.139981
0.139979
0.139978
0.139976
0.139974
0.139973
0.139971
0.139969
0.139967
0.139966
0.139963
0.139963
0.140086
0.140088
0.140091
0.140093
0.140094
0.140094
0.140094
0.140094
0.140094
0.140093
0.140093
0.140092
0.140092
0.140091
0.140091
0.14009
0.14009
0.14009
0.14009
0.14009
0.140091
0.140092
0.140093
0.140094
0.140095
0.140097
0.140098
0.1401
0.140102
0.140104
0.140106
0.140108
0.140111
0.140113
0.140116
0.14012
0.140124
0.140127
0.140133
0.140083
0.14008
0.140076
0.14007
0.140065
0.140057
0.140048
0.140041
0.140034
0.140027
0.140021
0.140015
0.140009
0.140004
0.14
0.139997
0.139995
0.139993
0.139992
0.139991
0.13999
0.13999
0.139989
0.139989
0.139988
0.139987
0.139987
0.139986
0.139985
0.139984
0.139983
0.139982
0.13998
0.139978
0.139976
0.139974
0.139971
0.139968
0.139965
0.140083
0.140086
0.140088
0.14009
0.140091
0.140091
0.14009
0.14009
0.140089
0.140089
0.140088
0.140087
0.140086
0.140085
0.140084
0.140083
0.140083
0.140082
0.140082
0.140082
0.140083
0.140083
0.140084
0.140086
0.140087
0.140088
0.140089
0.140091
0.140093
0.140095
0.140097
0.140099
0.140102
0.140104
0.140107
0.14011
0.140114
0.140118
0.140123
0.14008
0.140077
0.140073
0.140067
0.140061
0.140053
0.140044
0.140036
0.140029
0.140021
0.140014
0.140007
0.140002
0.139999
0.139997
0.139996
0.139996
0.139996
0.139996
0.139997
0.139997
0.139997
0.139998
0.139998
0.139999
0.139999
0.14
0.14
0.14
0.14
0.14
0.139999
0.139998
0.139997
0.139996
0.139994
0.139991
0.139988
0.139983
0.14008
0.140083
0.140085
0.140086
0.140087
0.140087
0.140086
0.140086
0.140085
0.140084
0.140082
0.140081
0.14008
0.140078
0.140077
0.140076
0.140075
0.140074
0.140074
0.140074
0.140074
0.140075
0.140076
0.140077
0.140078
0.140079
0.140081
0.140082
0.140084
0.140086
0.140088
0.14009
0.140092
0.140095
0.140097
0.1401
0.140104
0.140108
0.140113
0.140077
0.140074
0.14007
0.140064
0.140058
0.140048
0.140039
0.140031
0.140023
0.140015
0.140008
0.140003
0.140001
0.140001
0.140002
0.140003
0.140004
0.140005
0.140007
0.140008
0.14001
0.140011
0.140012
0.140014
0.140015
0.140016
0.140017
0.140018
0.140019
0.140019
0.140019
0.14002
0.140019
0.140019
0.140018
0.140017
0.140016
0.140014
0.14001
0.140077
0.140079
0.140082
0.140083
0.140083
0.140083
0.140082
0.140081
0.14008
0.140078
0.140077
0.140075
0.140073
0.140071
0.140069
0.140068
0.140067
0.140066
0.140066
0.140066
0.140066
0.140066
0.140067
0.140068
0.140069
0.14007
0.140071
0.140073
0.140074
0.140076
0.140078
0.14008
0.140082
0.140085
0.140088
0.14009
0.140094
0.140098
0.140102
0.140074
0.140071
0.140066
0.14006
0.140054
0.140044
0.140035
0.140026
0.140018
0.14001
0.140005
0.140004
0.140006
0.140008
0.140011
0.140013
0.140015
0.140017
0.140019
0.14002
0.140021
0.140023
0.140024
0.140026
0.140027
0.140028
0.14003
0.140031
0.140031
0.140032
0.140033
0.140033
0.140033
0.140034
0.140034
0.140033
0.140033
0.140032
0.140031
0.140074
0.140076
0.140078
0.140079
0.140079
0.140079
0.140078
0.140076
0.140074
0.140072
0.14007
0.140068
0.140065
0.140063
0.140061
0.14006
0.140059
0.140058
0.140057
0.140057
0.140057
0.140057
0.140057
0.140058
0.140059
0.14006
0.140061
0.140063
0.140064
0.140066
0.140068
0.14007
0.140072
0.140074
0.140077
0.14008
0.140083
0.140087
0.140091
0.140071
0.140068
0.140063
0.140057
0.14005
0.140039
0.14003
0.140021
0.140013
0.140007
0.140007
0.14001
0.140013
0.140017
0.14002
0.140022
0.140025
0.140027
0.140028
0.14003
0.140032
0.140033
0.140035
0.140037
0.140038
0.14004
0.140042
0.140043
0.140044
0.140045
0.140046
0.140047
0.140047
0.140048
0.140048
0.140048
0.140048
0.140048
0.140047
0.14007
0.140072
0.140074
0.140075
0.140075
0.140074
0.140073
0.140071
0.140069
0.140066
0.140063
0.14006
0.140058
0.140055
0.140053
0.140051
0.14005
0.140049
0.140048
0.140047
0.140047
0.140047
0.140047
0.140048
0.140049
0.14005
0.140051
0.140052
0.140054
0.140055
0.140057
0.140059
0.140062
0.140064
0.140066
0.140069
0.140072
0.140076
0.14008
0.140067
0.140064
0.140059
0.140053
0.140045
0.140035
0.140025
0.140016
0.14001
0.140009
0.140012
0.140017
0.140021
0.140025
0.140028
0.140031
0.140034
0.140037
0.140039
0.140041
0.140043
0.140045
0.140047
0.140049
0.140051
0.140053
0.140055
0.140057
0.140058
0.14006
0.140061
0.140062
0.140063
0.140063
0.140064
0.140064
0.140064
0.140064
0.140063
0.140067
0.140069
0.140071
0.140071
0.140071
0.140069
0.140068
0.140065
0.140063
0.140059
0.140056
0.140053
0.14005
0.140047
0.140045
0.140043
0.140041
0.14004
0.140039
0.140038
0.140037
0.140037
0.140038
0.140038
0.140039
0.14004
0.140041
0.140042
0.140043
0.140045
0.140047
0.140049
0.140051
0.140053
0.140056
0.140059
0.140062
0.140066
0.14007
0.140064
0.140061
0.140056
0.140049
0.140041
0.14003
0.14002
0.140013
0.140011
0.140013
0.140017
0.140023
0.140028
0.140033
0.140037
0.140041
0.140044
0.140047
0.140049
0.140051
0.140054
0.140056
0.140058
0.140061
0.140063
0.140066
0.140068
0.14007
0.140072
0.140073
0.140075
0.140076
0.140077
0.140078
0.140079
0.140079
0.14008
0.14008
0.140079
0.140064
0.140066
0.140067
0.140068
0.140067
0.140065
0.140063
0.140059
0.140056
0.140051
0.140047
0.140044
0.140041
0.140039
0.140037
0.140035
0.140033
0.140032
0.140031
0.14003
0.140029
0.140029
0.140029
0.140029
0.14003
0.14003
0.140031
0.140032
0.140034
0.140035
0.140037
0.140038
0.14004
0.140043
0.140045
0.140048
0.140051
0.140055
0.140059
0.140061
0.140058
0.140053
0.140046
0.140038
0.140026
0.140016
0.140012
0.140013
0.140017
0.140023
0.140029
0.140035
0.140041
0.140045
0.140049
0.140053
0.140056
0.140058
0.140061
0.140063
0.140066
0.140068
0.140071
0.140074
0.140076
0.140079
0.140081
0.140083
0.140085
0.140086
0.140088
0.140089
0.140091
0.140092
0.140093
0.140094
0.140094
0.140094
0.140061
0.140063
0.140064
0.140064
0.140063
0.14006
0.140057
0.140053
0.140049
0.140041
0.140037
0.140034
0.140032
0.14003
0.140028
0.140026
0.140025
0.140023
0.140022
0.140021
0.140021
0.14002
0.14002
0.14002
0.140021
0.140021
0.140022
0.140023
0.140024
0.140025
0.140026
0.140028
0.140029
0.140031
0.140033
0.140036
0.140039
0.140042
0.140046
0.140058
0.140055
0.140049
0.140043
0.140034
0.140022
0.140011
0.140011
0.140015
0.140022
0.14003
0.140037
0.140044
0.14005
0.140055
0.140059
0.140062
0.140066
0.140068
0.140071
0.140073
0.140076
0.140078
0.140081
0.140084
0.140087
0.140089
0.140092
0.140094
0.140096
0.140098
0.140099
0.140101
0.140103
0.140104
0.140105
0.140107
0.140108
0.140109
0.140057
0.140059
0.14006
0.14006
0.140058
0.140055
0.140052
0.140046
0.140041
0.140032
0.140028
0.140025
0.140023
0.140021
0.14002
0.140018
0.140017
0.140015
0.140014
0.140013
0.140012
0.140011
0.140011
0.140011
0.140011
0.140011
0.140012
0.140012
0.140013
0.140014
0.140015
0.140016
0.140018
0.140019
0.140021
0.140023
0.140026
0.140029
0.140032
0.140055
0.140051
0.140046
0.140039
0.14003
0.140018
0.140007
0.140013
0.14002
0.140029
0.140038
0.140046
0.140053
0.140059
0.140064
0.140069
0.140072
0.140075
0.140078
0.140081
0.140083
0.140086
0.140088
0.140091
0.140094
0.140097
0.140099
0.140102
0.140104
0.140106
0.140108
0.14011
0.140112
0.140114
0.140116
0.140117
0.140119
0.140121
0.140122
0.140054
0.140055
0.140056
0.140055
0.140053
0.14005
0.140045
0.140039
0.140033
0.140023
0.140019
0.140017
0.140015
0.140014
0.140012
0.140011
0.14001
0.140009
0.140007
0.140006
0.140005
0.140004
0.140003
0.140003
0.140002
0.140001
0.140001
0.14
0.14
0.14
0.14
0.14
0.140001
0.140002
0.140004
0.140006
0.140008
0.14001
0.140014
0.140051
0.140048
0.140042
0.140035
0.140025
0.140014
0.140005
0.140015
0.140025
0.140037
0.140047
0.140055
0.140063
0.140069
0.140074
0.140078
0.140082
0.140085
0.140087
0.14009
0.140092
0.140094
0.140097
0.1401
0.140102
0.140105
0.140108
0.14011
0.140113
0.140115
0.140117
0.140119
0.140121
0.140123
0.140125
0.140127
0.140129
0.140132
0.140133
0.140049
0.140051
0.140051
0.14005
0.140048
0.140044
0.140039
0.140032
0.140025
0.140016
0.140012
0.14001
0.14001
0.140009
0.140007
0.140007
0.140008
0.140009
0.14001
0.140011
0.140012
0.140013
0.140013
0.140013
0.140014
0.140013
0.140013
0.140012
0.140011
0.140011
0.14001
0.140009
0.140008
0.140006
0.140006
0.140005
0.140004
0.140004
0.140005
0.140047
0.140044
0.140038
0.140031
0.140021
0.14001
0.140004
0.140019
0.140032
0.140045
0.140055
0.140064
0.140071
0.140077
0.140082
0.140086
0.140089
0.140092
0.140094
0.140097
0.140099
0.140101
0.140103
0.140106
0.140109
0.140111
0.140114
0.140116
0.140119
0.140121
0.140123
0.140125
0.140127
0.14013
0.140132
0.140134
0.140136
0.140139
0.140141
0.140045
0.140046
0.140046
0.140045
0.140042
0.140038
0.140032
0.140025
0.140017
0.140011
0.140009
0.140009
0.14001
0.140011
0.140013
0.140015
0.140016
0.140018
0.14002
0.140021
0.140022
0.140023
0.140024
0.140025
0.140025
0.140026
0.140026
0.140026
0.140025
0.140025
0.140025
0.140024
0.140023
0.140022
0.14002
0.140019
0.140017
0.140014
0.140011
0.140042
0.140039
0.140034
0.140027
0.140017
0.140007
0.140004
0.140024
0.140038
0.140052
0.140063
0.140071
0.140078
0.140083
0.140087
0.140091
0.140094
0.140096
0.140099
0.140101
0.140103
0.140105
0.140107
0.14011
0.140112
0.140115
0.140117
0.14012
0.140122
0.140124
0.140127
0.140129
0.140131
0.140134
0.140136
0.140138
0.140141
0.140144
0.140146
0.14004
0.140041
0.140041
0.140039
0.140036
0.140031
0.140025
0.140018
0.14001
0.140009
0.14001
0.140012
0.140015
0.140017
0.140019
0.140022
0.140024
0.140026
0.140028
0.14003
0.140032
0.140033
0.140034
0.140035
0.140036
0.140036
0.140037
0.140038
0.140038
0.140038
0.140039
0.140039
0.140039
0.140039
0.140039
0.140039
0.140038
0.140037
0.140036
0.140037
0.140034
0.140029
0.140023
0.140013
0.140004
0.140007
0.140028
0.140043
0.140057
0.140067
0.140075
0.140081
0.140086
0.14009
0.140093
0.140096
0.140099
0.140101
0.140103
0.140105
0.140108
0.14011
0.140113
0.140115
0.140118
0.140121
0.140124
0.140126
0.140129
0.140131
0.140134
0.140136
0.140138
0.140141
0.140143
0.140145
0.140148
0.14015
0.140034
0.140035
0.140034
0.140033
0.140029
0.140025
0.140019
0.140011
0.140005
0.140009
0.140013
0.140016
0.14002
0.140023
0.140026
0.140029
0.140032
0.140034
0.140037
0.140039
0.140041
0.140043
0.140044
0.140045
0.140046
0.140047
0.140048
0.140049
0.140049
0.140049
0.14005
0.14005
0.14005
0.14005
0.140049
0.140049
0.140048
0.140047
0.140046
0.140032
0.140029
0.140025
0.140018
0.140009
0.140003
0.14001
0.140029
0.140045
0.140058
0.140068
0.140075
0.140082
0.140087
0.140091
0.140095
0.140099
0.140102
0.140105
0.140107
0.14011
0.140113
0.140116
0.140119
0.140123
0.140127
0.14013
0.140134
0.140137
0.140141
0.140144
0.140148
0.140151
0.140155
0.140158
0.140162
0.140166
0.14017
0.140174
0.140028
0.140028
0.140028
0.140026
0.140023
0.140018
0.140013
0.140006
0.140003
0.14001
0.140015
0.14002
0.140024
0.140028
0.140032
0.140035
0.140039
0.140042
0.140045
0.140047
0.14005
0.140052
0.140054
0.140055
0.140057
0.140058
0.14006
0.140061
0.140062
0.140063
0.140065
0.140066
0.140067
0.140068
0.14007
0.140071
0.140073
0.140074
0.140076
0.140026
0.140024
0.140019
0.140014
0.140006
0.140003
0.140012
0.140028
0.140043
0.140056
0.140067
0.140075
0.140083
0.14009
0.140096
0.140101
0.140106
0.14011
0.140114
0.140118
0.140122
0.140126
0.14013
0.140134
0.140139
0.140144
0.140149
0.140154
0.140158
0.140163
0.140167
0.140171
0.140176
0.14018
0.140183
0.140187
0.140191
0.140195
0.140199
0.140021
0.140021
0.140021
0.140019
0.140016
0.140012
0.140007
0.140003
0.140004
0.140011
0.140016
0.140021
0.140027
0.140032
0.140036
0.14004
0.140044
0.140048
0.140051
0.140054
0.140057
0.14006
0.140063
0.140065
0.140067
0.140068
0.140069
0.14007
0.14007
0.140072
0.140073
0.140074
0.140074
0.140074
0.140073
0.140073
0.140073
0.140074
0.140074
0.140019
0.140017
0.140014
0.14001
0.140003
0.140003
0.140012
0.140023
0.140037
0.140053
0.140066
0.140078
0.140089
0.140098
0.140105
0.140112
0.140117
0.140122
0.140127
0.140131
0.140135
0.140139
0.140144
0.140149
0.140155
0.140161
0.140166
0.140172
0.140178
0.140184
0.140189
0.140195
0.140201
0.140207
0.140213
0.14022
0.140227
0.140235
0.140244
0.140013
0.140013
0.140013
0.140011
0.140009
0.140007
0.140003
0.140001
0.140004
0.140008
0.140013
0.140019
0.140025
0.140031
0.140036
0.14004
0.140044
0.140048
0.140052
0.140055
0.140059
0.140062
0.140066
0.140069
0.140072
0.140075
0.140078
0.140082
0.140087
0.140089
0.140093
0.140097
0.140101
0.140106
0.14011
0.140115
0.140121
0.140127
0.140134
0.140012
0.140011
0.140009
0.140005
0.140001
0.140003
0.14001
0.140015
0.140031
0.14005
0.140066
0.140078
0.140087
0.140094
0.140099
0.140103
0.140107
0.14011
0.140113
0.140115
0.140118
0.14012
0.140123
0.140126
0.140129
0.140132
0.140135
0.140137
0.140139
0.140142
0.140144
0.140145
0.140147
0.140149
0.14015
0.140151
0.140152
0.140153
0.140155
0.140004
0.140005
0.140004
0.140004
0.140003
0.140002
0.140001
0.140001
0.140002
0.140003
0.140008
0.140016
0.140026
0.140036
0.140045
0.140054
0.140063
0.140071
0.140079
0.140086
0.140093
0.1401
0.140106
0.14011
0.140114
0.140118
0.14012
0.140123
0.140125
0.140126
0.140127
0.140128
0.140129
0.140129
0.140129
0.140129
0.14013
0.140131
0.140132
0.140004
0.140004
0.140003
0.140002
0.14
0.140001
0.140004
0.140005
0.140021
0.140034
0.140038
0.140038
0.140033
0.140031
0.140031
0.140032
0.140034
0.140037
0.14004
0.140043
0.140046
0.14005
0.140054
0.140059
0.140064
0.140069
0.140075
0.140081
0.140087
0.140093
0.140099
0.140105
0.14011
0.140116
0.140122
0.140128
0.140134
0.140141
0.140147
0.149432
0.177292
0.18928
0.188249
0.176911
0.157054
0.133914
0.115483
0.106819
0.106265
0.109994
0.114873
0.119417
0.123187
0.126193
0.128575
0.130475
0.132009
0.13326
0.134299
0.135184
0.135928
0.136542
0.137048
0.137469
0.137824
0.138128
0.138393
0.138625
0.138825
0.138996
0.139145
0.139277
0.139393
0.139497
0.139588
0.139669
0.139741
0.139805
0.139863
0.139916
0.139969
0.140022
0.140068
0.140101
0.140122
0.140134
0.140142
0.140148
0.140152
0.140153
0.140155
0.140157
0.140157
0.140159
0.140158
0.140157
0.140155
0.140152
0.140148
0.140142
0.140135
0.140126
0.140115
0.140105
0.140093
0.140082
0.140072
0.140061
0.140048
0.140034
0.140015
0.140004
0.14001
0.140035
0.140046
0.140076
0.140075
0.140138
0.140133
0.159003
0.144981
0.119881
0.100157
0.0877982
0.0838173
0.0872027
0.0948711
0.103099
0.110276
0.116089
0.120684
0.124295
0.12714
0.129393
0.131189
0.132634
0.133806
0.134763
0.135552
0.136206
0.136752
0.137211
0.137598
0.137927
0.138208
0.138449
0.138655
0.138833
0.138986
0.139119
0.139235
0.139336
0.139425
0.139504
0.139574
0.139636
0.139691
0.139743
0.139794
0.139848
0.139902
0.139952
0.139996
0.140026
0.140043
0.140052
0.140057
0.140059
0.14006
0.140059
0.140058
0.140056
0.140053
0.140049
0.140044
0.140036
0.140024
0.140005
0.139976
0.139961
0.139964
0.139982
0.14001
0.140031
0.140047
0.140064
0.14008
0.140096
0.14011
0.140124
0.140135
0.140143
0.140148
0.140153
0.140176
0.140202
0.140248
0.140156
0.140152
0.18024
0.196406
0.206887
0.202906
0.187712
0.164842
0.139384
0.118832
0.108502
0.107156
0.110536
0.115257
0.119713
0.123423
0.126382
0.128726
0.130595
0.132103
0.133335
0.13436
0.135231
0.135962
0.136565
0.137063
0.137476
0.137825
0.138125
0.138381
0.1386
0.138796
0.138968
0.139119
0.139253
0.139371
0.139476
0.139569
0.139652
0.139725
0.13979
0.139849
0.139903
0.139957
0.140011
0.140059
0.140097
0.14012
0.140133
0.140142
0.140148
0.140152
0.140153
0.140155
0.140157
0.140158
0.14016
0.14016
0.140158
0.140156
0.140153
0.140149
0.140144
0.140136
0.140127
0.140117
0.140106
0.140095
0.140084
0.140074
0.140062
0.140049
0.140035
0.140016
0.140004
0.14001
0.140035
0.140046
0.140076
0.140075
0.140141
0.140133
0.180247
0.164517
0.134142
0.10714
0.0911272
0.0860439
0.0891416
0.0964416
0.104333
0.111254
0.116875
0.12132
0.124812
0.127559
0.129732
0.131463
0.132854
0.133982
0.134903
0.135662
0.136292
0.136817
0.137259
0.137632
0.137948
0.138217
0.138448
0.138646
0.138818
0.138969
0.139102
0.139218
0.13932
0.13941
0.139491
0.139563
0.139627
0.139685
0.139739
0.139792
0.139847
0.139902
0.139953
0.139997
0.140026
0.140043
0.140052
0.140057
0.140059
0.14006
0.140059
0.140058
0.140056
0.140053
0.14005
0.140044
0.140036
0.140023
0.140003
0.139974
0.13996
0.139963
0.139983
0.14001
0.140032
0.140048
0.140065
0.140082
0.140097
0.140112
0.140126
0.140137
0.140145
0.140149
0.140155
0.140178
0.140206
0.14025
0.140157
0.140156
0.200001
0.208858
0.219152
0.216662
0.200681
0.175482
0.147144
0.123537
0.110797
0.1082
0.111038
0.115537
0.119902
0.123569
0.126501
0.128824
0.130676
0.13217
0.133389
0.134404
0.135264
0.135984
0.136579
0.137069
0.137475
0.137814
0.138095
0.138349
0.138566
0.138762
0.138936
0.139089
0.139225
0.139346
0.139453
0.139548
0.139632
0.139707
0.139778
0.13984
0.139896
0.139952
0.140006
0.140055
0.140095
0.140119
0.140134
0.140142
0.140149
0.140153
0.140154
0.140156
0.140158
0.140159
0.140161
0.140161
0.14016
0.140158
0.140155
0.140151
0.140146
0.140138
0.140129
0.140118
0.140107
0.140096
0.140085
0.140075
0.140063
0.14005
0.140035
0.140016
0.140005
0.14001
0.140035
0.140046
0.140077
0.140076
0.140143
0.140134
0.194966
0.177644
0.145828
0.113879
0.0943989
0.0885924
0.0917025
0.0986844
0.106134
0.112661
0.117973
0.122181
0.12549
0.128095
0.130158
0.131804
0.133127
0.134201
0.135079
0.135802
0.136403
0.136905
0.137327
0.137684
0.137986
0.138243
0.138461
0.138649
0.138813
0.138959
0.139089
0.139204
0.139307
0.139398
0.139479
0.139552
0.139619
0.13968
0.139736
0.139792
0.139848
0.139904
0.139955
0.139998
0.140027
0.140043
0.140052
0.140057
0.140059
0.14006
0.140059
0.140058
0.140056
0.140054
0.14005
0.140044
0.140035
0.140023
0.140002
0.139972
0.139958
0.139962
0.139983
0.140011
0.140032
0.140049
0.140066
0.140083
0.140099
0.140114
0.140127
0.140139
0.140147
0.140151
0.140157
0.14018
0.14021
0.140252
0.140159
0.140159
0.211618
0.216357
0.226262
0.227894
0.215559
0.191078
0.160432
0.132324
0.114924
0.109502
0.111232
0.115429
0.119763
0.123466
0.126438
0.128789
0.130659
0.132162
0.133387
0.134403
0.135262
0.13598
0.136572
0.137059
0.137459
0.137782
0.138059
0.138312
0.138531
0.138728
0.138904
0.13906
0.139198
0.139321
0.13943
0.139529
0.139618
0.139697
0.13977
0.139834
0.139892
0.139948
0.140004
0.140053
0.140094
0.140119
0.140134
0.140143
0.14015
0.140154
0.140156
0.140158
0.14016
0.140161
0.140163
0.140163
0.140162
0.14016
0.140157
0.140153
0.140148
0.14014
0.140131
0.14012
0.140109
0.140097
0.140086
0.140076
0.140065
0.140051
0.140036
0.140017
0.140005
0.14001
0.140034
0.140047
0.140077
0.140076
0.140146
0.140135
0.204246
0.185646
0.154048
0.120018
0.0979462
0.0914057
0.0944452
0.101078
0.108056
0.114159
0.119135
0.123086
0.126199
0.128654
0.130602
0.132157
0.13341
0.134427
0.135261
0.135949
0.136521
0.136999
0.137402
0.137742
0.13803
0.138275
0.138483
0.138661
0.138818
0.138958
0.139085
0.139198
0.1393
0.139391
0.139473
0.139548
0.139616
0.139679
0.139737
0.139794
0.139851
0.139907
0.139958
0.14
0.140028
0.140044
0.140053
0.140057
0.140059
0.14006
0.14006
0.140058
0.140057
0.140054
0.14005
0.140044
0.140035
0.140022
0.14
0.13997
0.139956
0.139961
0.139983
0.140012
0.140033
0.14005
0.140067
0.140085
0.1401
0.140115
0.140129
0.14014
0.140149
0.140152
0.140159
0.140182
0.140215
0.140254
0.140161
0.140163
0.21875
0.222677
0.230473
0.235534
0.22921
0.20925
0.179138
0.146928
0.122824
0.11207
0.111362
0.114903
0.119214
0.123039
0.126133
0.128575
0.130508
0.132055
0.133309
0.134345
0.135215
0.135942
0.136541
0.137032
0.137433
0.13775
0.138019
0.138273
0.138495
0.138694
0.138874
0.139032
0.139173
0.1393
0.139415
0.139518
0.139609
0.13969
0.139765
0.13983
0.139889
0.139946
0.140001
0.140052
0.140093
0.14012
0.140135
0.140145
0.140151
0.140156
0.140157
0.14016
0.140162
0.140163
0.140165
0.140165
0.140164
0.140162
0.140159
0.140155
0.14015
0.140142
0.140133
0.140122
0.140111
0.140099
0.140088
0.140077
0.140066
0.140052
0.140037
0.140017
0.140005
0.14001
0.140034
0.140047
0.140077
0.140077
0.140149
0.140137
0.209462
0.18961
0.158513
0.124516
0.101422
0.094411
0.0972797
0.103507
0.109988
0.115651
0.120283
0.123972
0.126889
0.129195
0.131029
0.132497
0.133682
0.134646
0.135437
0.136091
0.136636
0.137092
0.137477
0.137802
0.138077
0.138311
0.13851
0.138681
0.138831
0.138967
0.13909
0.139201
0.139302
0.139392
0.139475
0.13955
0.139619
0.139681
0.13974
0.139797
0.139855
0.139911
0.139962
0.140002
0.140029
0.140045
0.140053
0.140058
0.14006
0.14006
0.14006
0.140059
0.140057
0.140054
0.14005
0.140044
0.140035
0.140021
0.139998
0.139967
0.139955
0.139961
0.139983
0.140013
0.140034
0.140051
0.140069
0.140086
0.140102
0.140117
0.140131
0.140142
0.14015
0.140154
0.140162
0.140184
0.140219
0.140256
0.140163
0.140167
0.223076
0.228207
0.233141
0.239743
0.23931
0.226289
0.200486
0.167157
0.136372
0.11773
0.112275
0.114216
0.118336
0.122327
0.12561
0.1282
0.130237
0.131856
0.133162
0.134233
0.135127
0.135872
0.136486
0.136988
0.137396
0.137718
0.13798
0.138232
0.138457
0.13866
0.138843
0.139005
0.139152
0.139285
0.139403
0.139508
0.139602
0.139684
0.13976
0.139827
0.139886
0.139943
0.139999
0.14005
0.140092
0.14012
0.140136
0.140146
0.140153
0.140158
0.140159
0.140162
0.140164
0.140165
0.140167
0.140167
0.140166
0.140164
0.140161
0.140157
0.140152
0.140144
0.140135
0.140124
0.140112
0.1401
0.140089
0.140079
0.140067
0.140053
0.140038
0.140018
0.140005
0.14001
0.140033
0.140048
0.140077
0.140078
0.140153
0.140138
0.211494
0.19021
0.159516
0.126791
0.104355
0.097503
0.100235
0.106031
0.111993
0.117198
0.121466
0.124881
0.127591
0.129743
0.131459
0.132838
0.133954
0.134864
0.135613
0.136234
0.136751
0.137186
0.137553
0.137863
0.138126
0.13835
0.13854
0.138705
0.138851
0.138982
0.139103
0.139212
0.13931
0.1394
0.139481
0.139556
0.139624
0.139686
0.139745
0.139803
0.139861
0.139916
0.139966
0.140005
0.140031
0.140046
0.140054
0.140058
0.14006
0.140061
0.14006
0.140059
0.140057
0.140054
0.14005
0.140044
0.140035
0.14002
0.139996
0.139965
0.139953
0.13996
0.139983
0.140014
0.140035
0.140052
0.14007
0.140088
0.140104
0.140119
0.140133
0.140144
0.140152
0.140155
0.140164
0.140187
0.140224
0.140259
0.140165
0.140171
0.224807
0.23199
0.235695
0.241699
0.245384
0.239679
0.221058
0.190953
0.156531
0.129045
0.115698
0.113933
0.117207
0.121323
0.124868
0.127666
0.129851
0.131573
0.13295
0.134072
0.135
0.135773
0.136409
0.136928
0.137348
0.13768
0.137944
0.138189
0.138417
0.138625
0.138811
0.13898
0.139133
0.139271
0.139392
0.139499
0.139595
0.139678
0.139755
0.139823
0.139883
0.139941
0.139997
0.140049
0.140091
0.14012
0.140137
0.140148
0.140155
0.14016
0.140161
0.140164
0.140166
0.140167
0.140169
0.140169
0.140168
0.140166
0.140163
0.140159
0.140154
0.140147
0.140137
0.140126
0.140114
0.140102
0.140091
0.14008
0.140069
0.140054
0.140039
0.140019
0.140006
0.14001
0.140033
0.140048
0.140078
0.140078
0.140156
0.14014
0.210709
0.18794
0.157701
0.127047
0.106609
0.100589
0.103276
0.108631
0.114067
0.118802
0.122696
0.125824
0.128319
0.130309
0.131903
0.133188
0.134232
0.135087
0.135792
0.136379
0.136869
0.137282
0.13763
0.137926
0.138177
0.138391
0.138574
0.138733
0.138874
0.139002
0.139119
0.139226
0.139322
0.13941
0.13949
0.139564
0.139631
0.139693
0.139751
0.139809
0.139867
0.139922
0.139971
0.140009
0.140033
0.140047
0.140055
0.140059
0.140061
0.140062
0.140061
0.14006
0.140058
0.140055
0.140051
0.140044
0.140034
0.140019
0.139994
0.139963
0.139951
0.139959
0.139984
0.140015
0.140036
0.140054
0.140072
0.14009
0.140106
0.140121
0.140135
0.140146
0.140154
0.140157
0.140167
0.140189
0.140229
0.140261
0.140167
0.140176
0.223882
0.23378
0.238597
0.242434
0.247867
0.248244
0.237873
0.214702
0.181731
0.147934
0.124515
0.115567
0.116166
0.119993
0.12385
0.126946
0.129334
0.131195
0.132669
0.133858
0.134835
0.135643
0.136308
0.136849
0.137287
0.137633
0.137906
0.138144
0.138374
0.138587
0.13878
0.138957
0.139115
0.139256
0.13938
0.13949
0.139587
0.139672
0.13975
0.139819
0.13988
0.139938
0.139995
0.140047
0.140091
0.140121
0.140138
0.140149
0.140156
0.140162
0.140164
0.140166
0.140168
0.140169
0.140172
0.140172
0.140171
0.140169
0.140166
0.140162
0.140156
0.140149
0.140139
0.140128
0.140116
0.140104
0.140092
0.140082
0.14007
0.140055
0.14004
0.14002
0.140006
0.14001
0.140033
0.140049
0.140078
0.140079
0.14016
0.140143
0.207234
0.183157
0.153708
0.125814
0.108297
0.103618
0.106349
0.111263
0.116172
0.120435
0.123952
0.12679
0.129065
0.130889
0.132357
0.133547
0.134517
0.135315
0.135976
0.136527
0.136989
0.137379
0.13771
0.137991
0.13823
0.138434
0.138609
0.138762
0.138899
0.139024
0.139138
0.139242
0.139336
0.139422
0.139501
0.139574
0.13964
0.139701
0.139759
0.139817
0.139874
0.139929
0.139976
0.140013
0.140036
0.140049
0.140056
0.14006
0.140062
0.140062
0.140062
0.14006
0.140058
0.140055
0.140051
0.140044
0.140034
0.140018
0.139992
0.13996
0.13995
0.139959
0.139985
0.140016
0.140037
0.140055
0.140073
0.140092
0.140108
0.140124
0.140138
0.140149
0.140157
0.140159
0.140169
0.140192
0.140235
0.140263
0.140169
0.14018
0.220184
0.233133
0.240439
0.244117
0.248588
0.25242
0.249374
0.234859
0.208024
0.173432
0.141412
0.122051
0.116482
0.118516
0.122467
0.125971
0.128658
0.130708
0.132309
0.133587
0.134625
0.135479
0.136181
0.136751
0.137212
0.137576
0.137861
0.138099
0.138328
0.138546
0.138749
0.138933
0.139096
0.13924
0.139367
0.13948
0.139579
0.139666
0.139744
0.139815
0.139877
0.139935
0.139992
0.140045
0.14009
0.140121
0.14014
0.140151
0.140158
0.140164
0.140166
0.140168
0.14017
0.140172
0.140174
0.140174
0.140173
0.140171
0.140168
0.140164
0.140159
0.140151
0.140142
0.14013
0.140118
0.140106
0.140094
0.140083
0.140072
0.140056
0.140041
0.14002
0.140006
0.14001
0.140032
0.140049
0.140078
0.140079
0.140164
0.140145
0.201164
0.176217
0.148171
0.123721
0.10967
0.106581
0.109402
0.11388
0.11827
0.122072
0.125215
0.127764
0.12982
0.131477
0.132819
0.133911
0.134807
0.135547
0.136162
0.136678
0.137112
0.137479
0.137791
0.138057
0.138284
0.138478
0.138646
0.138793
0.138926
0.139047
0.139158
0.139259
0.139352
0.139436
0.139514
0.139584
0.139649
0.13971
0.139768
0.139825
0.139882
0.139935
0.139982
0.140017
0.140039
0.140051
0.140058
0.140061
0.140063
0.140063
0.140063
0.140061
0.140059
0.140056
0.140051
0.140044
0.140034
0.140017
0.13999
0.139958
0.139948
0.139958
0.139986
0.140017
0.140039
0.140057
0.140075
0.140094
0.140111
0.140126
0.14014
0.140151
0.140159
0.140161
0.140172
0.140195
0.14024
0.140265
0.140171
0.140185
0.213641
0.229616
0.240159
0.245696
0.248822
0.253431
0.255495
0.249299
0.231201
0.201511
0.166318
0.136695
0.12099
0.117913
0.120772
0.124621
0.127756
0.130087
0.131857
0.133248
0.134366
0.135278
0.136025
0.136632
0.13712
0.137507
0.137809
0.138054
0.138279
0.138501
0.138715
0.138906
0.139074
0.139222
0.139353
0.139468
0.139569
0.139658
0.139738
0.13981
0.139873
0.139932
0.139989
0.140043
0.140089
0.140121
0.140141
0.140153
0.14016
0.140166
0.140169
0.140171
0.140173
0.140174
0.140176
0.140177
0.140176
0.140174
0.140171
0.140167
0.140162
0.140154
0.140144
0.140133
0.14012
0.140108
0.140096
0.140085
0.140073
0.140058
0.140042
0.140021
0.140007
0.14001
0.140032
0.14005
0.140079
0.14008
0.140168
0.140148
0.192689
0.167594
0.141797
0.12141
0.111004
0.109494
0.112393
0.116442
0.120329
0.123684
0.126466
0.128734
0.130574
0.132067
0.133282
0.134279
0.1351
0.135782
0.136352
0.136831
0.137236
0.137581
0.137874
0.138125
0.138339
0.138524
0.138684
0.138826
0.138955
0.139072
0.13918
0.139279
0.139368
0.139451
0.139527
0.139596
0.13966
0.139719
0.139777
0.139834
0.139891
0.139943
0.139988
0.140021
0.140042
0.140053
0.14006
0.140063
0.140064
0.140064
0.140063
0.140062
0.14006
0.140057
0.140052
0.140044
0.140033
0.140016
0.139988
0.139956
0.139947
0.139958
0.139987
0.140019
0.14004
0.140058
0.140077
0.140096
0.140113
0.140128
0.140142
0.140153
0.140161
0.140163
0.140175
0.140199
0.140246
0.140268
0.140174
0.14019
0.204337
0.222963
0.23698
0.245685
0.250007
0.253028
0.257236
0.257455
0.248412
0.227258
0.195444
0.160427
0.133427
0.120834
0.119553
0.122845
0.126482
0.129265
0.131291
0.13283
0.134049
0.135035
0.135837
0.136487
0.13701
0.137424
0.137747
0.138004
0.138228
0.138451
0.138675
0.138874
0.139049
0.139202
0.139336
0.139454
0.139559
0.13965
0.139731
0.139804
0.139869
0.139928
0.139986
0.14004
0.140087
0.140122
0.140142
0.140155
0.140163
0.140168
0.140171
0.140173
0.140176
0.140177
0.140179
0.14018
0.140179
0.140177
0.140174
0.14017
0.140164
0.140157
0.140147
0.140135
0.140123
0.14011
0.140098
0.140087
0.140075
0.140059
0.140044
0.140022
0.140007
0.14001
0.140031
0.14005
0.140079
0.14008
0.140172
0.140151
0.182195
0.157951
0.135363
0.119452
0.112518
0.112369
0.115284
0.118909
0.122316
0.125248
0.127687
0.129686
0.131318
0.132651
0.133744
0.134646
0.135393
0.136018
0.136543
0.136986
0.137363
0.137684
0.137959
0.138194
0.138396
0.138571
0.138724
0.13886
0.138984
0.139098
0.139203
0.139299
0.139386
0.139467
0.139541
0.139609
0.139671
0.13973
0.139787
0.139844
0.1399
0.139951
0.139994
0.140025
0.140045
0.140056
0.140061
0.140064
0.140066
0.140065
0.140065
0.140063
0.140061
0.140057
0.140052
0.140045
0.140033
0.140015
0.139986
0.139953
0.139945
0.139958
0.139989
0.14002
0.140041
0.14006
0.140079
0.140098
0.140115
0.140131
0.140145
0.140156
0.140163
0.140166
0.140178
0.140203
0.140252
0.14027
0.140176
0.140195
0.192618
0.213163
0.230413
0.242875
0.250213
0.253819
0.257049
0.260436
0.258731
0.247071
0.223304
0.189981
0.155671
0.131263
0.121238
0.121231
0.124712
0.128089
0.130551
0.132317
0.133665
0.13474
0.13561
0.136314
0.136878
0.137326
0.137674
0.137947
0.138174
0.138398
0.13863
0.138838
0.13902
0.139178
0.139317
0.139439
0.139546
0.13964
0.139724
0.139798
0.139864
0.139924
0.139983
0.140038
0.140086
0.140122
0.140144
0.140157
0.140165
0.140171
0.140174
0.140176
0.140178
0.14018
0.140182
0.140183
0.140182
0.14018
0.140177
0.140173
0.140167
0.14016
0.14015
0.140138
0.140125
0.140112
0.1401
0.140089
0.140077
0.140061
0.140045
0.140023
0.140008
0.14001
0.140031
0.140051
0.140079
0.140081
0.140177
0.140155
0.17034
0.148149
0.129643
0.118265
0.114325
0.1152
0.118042
0.12125
0.124206
0.126743
0.12886
0.130606
0.132041
0.133223
0.134198
0.135008
0.135685
0.136253
0.136733
0.137141
0.13749
0.137788
0.138044
0.138264
0.138454
0.138619
0.138765
0.138896
0.139016
0.139126
0.139227
0.13932
0.139405
0.139483
0.139556
0.139622
0.139683
0.139741
0.139798
0.139854
0.139909
0.139959
0.14
0.14003
0.140048
0.140058
0.140063
0.140066
0.140067
0.140067
0.140066
0.140064
0.140062
0.140058
0.140053
0.140045
0.140033
0.140013
0.139983
0.139951
0.139944
0.139958
0.13999
0.140021
0.140043
0.140061
0.140081
0.140101
0.140118
0.140134
0.140148
0.140158
0.140166
0.140168
0.140181
0.140207
0.140258
0.140273
0.140178
0.1402
0.179173
0.200533
0.220315
0.23647
0.247746
0.254117
0.257328
0.260613
0.263081
0.259531
0.245499
0.219511
0.185175
0.151896
0.129909
0.121967
0.122856
0.126373
0.129478
0.131654
0.133199
0.134386
0.135338
0.136106
0.136721
0.137208
0.137587
0.137881
0.138119
0.138341
0.138578
0.138796
0.138986
0.139152
0.139296
0.139422
0.139533
0.139629
0.139715
0.139791
0.139859
0.13992
0.139979
0.140035
0.140084
0.140121
0.140145
0.140159
0.140168
0.140174
0.140177
0.140179
0.140181
0.140183
0.140185
0.140186
0.140185
0.140183
0.14018
0.140176
0.140171
0.140163
0.140153
0.140141
0.140128
0.140114
0.140102
0.140091
0.140079
0.140063
0.140046
0.140025
0.140008
0.14001
0.14003
0.140051
0.14008
0.140081
0.140181
0.140159
0.158083
0.139169
0.125278
0.118048
0.116427
0.117958
0.120638
0.12344
0.125977
0.128152
0.129973
0.131486
0.132738
0.133776
0.13464
0.135363
0.135971
0.136485
0.136923
0.137296
0.137616
0.137892
0.138129
0.138334
0.138512
0.138668
0.138807
0.138933
0.139048
0.139154
0.139252
0.139342
0.139425
0.139501
0.139571
0.139636
0.139696
0.139753
0.139809
0.139865
0.139919
0.139967
0.140007
0.140035
0.140052
0.140061
0.140066
0.140068
0.140069
0.140068
0.140067
0.140065
0.140063
0.140059
0.140053
0.140045
0.140032
0.140012
0.139981
0.139949
0.139942
0.139958
0.139992
0.140023
0.140044
0.140063
0.140083
0.140104
0.140121
0.140137
0.140151
0.140161
0.140168
0.140171
0.140185
0.140211
0.140265
0.140276
0.140181
0.140205
0.165087
0.185816
0.206963
0.226155
0.241485
0.251881
0.257552
0.260463
0.263695
0.265254
0.259999
0.243837
0.215976
0.181014
0.148934
0.129133
0.12287
0.124384
0.127847
0.130684
0.132606
0.133963
0.135013
0.135856
0.136532
0.137067
0.137483
0.137804
0.138058
0.13828
0.138519
0.138748
0.138948
0.139121
0.139271
0.139402
0.139517
0.139617
0.139705
0.139783
0.139852
0.139915
0.139974
0.140031
0.140082
0.140121
0.140146
0.140161
0.14017
0.140177
0.14018
0.140182
0.140184
0.140186
0.140188
0.140189
0.140188
0.140186
0.140183
0.140179
0.140174
0.140166
0.140156
0.140144
0.140131
0.140117
0.140104
0.140093
0.140081
0.140064
0.140048
0.140026
0.140009
0.14001
0.14003
0.140051
0.14008
0.140082
0.140186
0.140163
0.146616
0.131924
0.122622
0.118772
0.118745
0.120603
0.123049
0.125462
0.127617
0.129463
0.131017
0.132316
0.1334
0.134306
0.135067
0.135708
0.136251
0.136713
0.137109
0.137449
0.137742
0.137996
0.138215
0.138405
0.138572
0.138718
0.13885
0.138971
0.139081
0.139184
0.139278
0.139365
0.139445
0.139519
0.139587
0.13965
0.139709
0.139766
0.139822
0.139877
0.139929
0.139976
0.140014
0.14004
0.140055
0.140063
0.140068
0.14007
0.14007
0.14007
0.140068
0.140066
0.140064
0.14006
0.140054
0.140045
0.140032
0.14001
0.139978
0.139947
0.139941
0.139959
0.139994
0.140025
0.140046
0.140065
0.140086
0.140106
0.140124
0.14014
0.140154
0.140164
0.140171
0.140174
0.140188
0.140216
0.140272
0.140278
0.140183
0.14021
0.151765
0.170236
0.191155
0.212165
0.230952
0.245694
0.255442
0.260585
0.263238
0.266346
0.267045
0.260235
0.242174
0.21274
0.177442
0.146621
0.128757
0.123845
0.125793
0.129153
0.131741
0.133441
0.134633
0.13556
0.136305
0.136897
0.137358
0.137713
0.137988
0.138216
0.138455
0.138692
0.138904
0.139086
0.139243
0.13938
0.139499
0.139603
0.139694
0.139774
0.139845
0.139909
0.13997
0.140027
0.140079
0.14012
0.140147
0.140163
0.140173
0.140179
0.140183
0.140186
0.140188
0.140189
0.140191
0.140192
0.140192
0.14019
0.140187
0.140183
0.140177
0.14017
0.140159
0.140147
0.140134
0.140119
0.140107
0.140096
0.140083
0.140066
0.14005
0.140027
0.140009
0.140009
0.14003
0.140052
0.140081
0.140082
0.140192
0.140167
0.13713
0.127
0.121669
0.120245
0.121161
0.12309
0.125255
0.127304
0.129116
0.130669
0.131984
0.133091
0.134023
0.134808
0.135473
0.136038
0.136521
0.136935
0.137291
0.137599
0.137866
0.138098
0.1383
0.138476
0.138631
0.13877
0.138895
0.13901
0.139116
0.139214
0.139305
0.139389
0.139467
0.139538
0.139604
0.139666
0.139723
0.139779
0.139834
0.139889
0.13994
0.139985
0.140021
0.140045
0.140059
0.140066
0.14007
0.140072
0.140072
0.140071
0.14007
0.140068
0.140065
0.140061
0.140054
0.140045
0.140031
0.140008
0.139975
0.139944
0.13994
0.13996
0.139996
0.140027
0.140048
0.140067
0.140088
0.140109
0.140127
0.140143
0.140157
0.140167
0.140174
0.140177
0.140192
0.140221
0.140279
0.140281
0.140186
0.140215
0.140656
0.155415
0.174259
0.195349
0.216321
0.234878
0.249237
0.25853
0.263276
0.265705
0.268648
0.268548
0.260328
0.240573
0.209823
0.174406
0.144847
0.128684
0.124852
0.127076
0.130286
0.132639
0.134154
0.135215
0.136039
0.136695
0.137208
0.137603
0.137906
0.138148
0.138387
0.138629
0.138852
0.139046
0.139212
0.139355
0.139479
0.139587
0.139681
0.139764
0.139838
0.139903
0.139964
0.140023
0.140076
0.140119
0.140148
0.140166
0.140176
0.140183
0.140187
0.140189
0.140191
0.140193
0.140195
0.140196
0.140195
0.140193
0.14019
0.140186
0.140181
0.140173
0.140163
0.14015
0.140137
0.140122
0.140109
0.140098
0.140086
0.140069
0.140051
0.140029
0.14001
0.140009
0.140029
0.140052
0.140082
0.140082
0.140197
0.140173
0.130454
0.124481
0.12211
0.122193
0.123554
0.125383
0.127248
0.128964
0.130471
0.131767
0.132871
0.133808
0.134604
0.135281
0.135859
0.136354
0.13678
0.137148
0.137468
0.137745
0.137987
0.138199
0.138384
0.138547
0.138691
0.138821
0.13894
0.13905
0.139151
0.139246
0.139333
0.139414
0.139489
0.139558
0.139622
0.139682
0.139738
0.139793
0.139848
0.139901
0.139951
0.139994
0.140028
0.14005
0.140062
0.140069
0.140073
0.140074
0.140074
0.140073
0.140071
0.140069
0.140066
0.140061
0.140055
0.140045
0.14003
0.140006
0.139972
0.139942
0.139939
0.139961
0.139998
0.140028
0.14005
0.14007
0.140091
0.140112
0.14013
0.140146
0.14016
0.140171
0.140177
0.14018
0.140196
0.140227
0.140286
0.140284
0.14019
0.140221
0.13281
0.143094
0.158198
0.17733
0.198614
0.21965
0.23812
0.252245
0.261207
0.265628
0.267837
0.270593
0.269775
0.260282
0.238994
0.207102
0.171688
0.14336
0.128762
0.125912
0.128375
0.131404
0.133482
0.134783
0.135711
0.136447
0.137028
0.137473
0.13781
0.138072
0.138311
0.138559
0.138793
0.138999
0.139175
0.139326
0.139456
0.139568
0.139666
0.139753
0.139829
0.139896
0.139958
0.140018
0.140072
0.140117
0.140149
0.140168
0.140179
0.140186
0.14019
0.140193
0.140195
0.140197
0.140198
0.1402
0.140199
0.140197
0.140194
0.14019
0.140185
0.140177
0.140167
0.140154
0.14014
0.140125
0.140112
0.1401
0.140088
0.140071
0.140053
0.14003
0.140011
0.140009
0.140029
0.140052
0.140082
0.140083
0.140203
0.140178
0.126767
0.123972
0.123483
0.124347
0.125818
0.12745
0.129021
0.130439
0.131682
0.132756
0.133676
0.134465
0.13514
0.13572
0.13622
0.136652
0.137026
0.137353
0.137638
0.137887
0.138106
0.138298
0.138467
0.138617
0.138751
0.138874
0.138986
0.13909
0.139188
0.139278
0.139362
0.139439
0.139511
0.139578
0.139641
0.139699
0.139754
0.139808
0.139862
0.139914
0.139963
0.140004
0.140035
0.140055
0.140066
0.140072
0.140075
0.140076
0.140076
0.140075
0.140073
0.14007
0.140067
0.140062
0.140055
0.140045
0.140029
0.140004
0.139969
0.13994
0.139939
0.139963
0.140001
0.140031
0.140052
0.140072
0.140094
0.140116
0.140134
0.14015
0.140164
0.140174
0.14018
0.140183
0.1402
0.140233
0.140294
0.140286
0.140194
0.140226
0.128343
0.134282
0.144637
0.15987
0.179219
0.200792
0.222124
0.240813
0.255014
0.263889
0.268102
0.270068
0.272459
0.271003
0.260529
0.238059
0.205254
0.169737
0.142105
0.128433
0.126294
0.129152
0.132288
0.134272
0.1354
0.136174
0.136801
0.137309
0.137697
0.137988
0.138233
0.138482
0.138725
0.138945
0.139133
0.139292
0.13943
0.139548
0.13965
0.13974
0.139819
0.139888
0.139952
0.140012
0.140068
0.140115
0.140149
0.14017
0.140182
0.140189
0.140194
0.140197
0.140199
0.140201
0.140202
0.140203
0.140203
0.140201
0.140198
0.140194
0.140189
0.140181
0.140171
0.140158
0.140143
0.140128
0.140115
0.140103
0.140091
0.140073
0.140055
0.140032
0.140012
0.140009
0.140028
0.140052
0.140083
0.140083
0.140209
0.140184
0.125562
0.124835
0.125361
0.12652
0.127908
0.129301
0.130594
0.131751
0.132765
0.133646
0.134408
0.135066
0.135636
0.136129
0.136559
0.136933
0.137261
0.137548
0.137801
0.138024
0.13822
0.138394
0.138548
0.138687
0.138812
0.138927
0.139033
0.139132
0.139225
0.139311
0.139391
0.139466
0.139535
0.139599
0.13966
0.139716
0.13977
0.139824
0.139877
0.139928
0.139974
0.140013
0.140042
0.14006
0.14007
0.140075
0.140078
0.140078
0.140078
0.140076
0.140074
0.140072
0.140068
0.140063
0.140056
0.140045
0.140028
0.140001
0.139966
0.139938
0.139939
0.139965
0.140003
0.140033
0.140054
0.140075
0.140097
0.140119
0.140138
0.140154
0.140167
0.140177
0.140183
0.140187
0.140205
0.14024
0.140302
0.140289
0.140199
0.14023
0.127077
0.129219
0.134158
0.143118
0.156831
0.174977
0.196042
0.217711
0.23749
0.253283
0.263902
0.269554
0.272055
0.273899
0.272649
0.263479
0.243102
0.212428
0.177836
0.148873
0.132214
0.127413
0.129129
0.132272
0.134555
0.135812
0.136535
0.137065
0.137502
0.137849
0.138124
0.138374
0.138626
0.138862
0.139068
0.139242
0.13939
0.139517
0.139626
0.13972
0.139803
0.139876
0.139942
0.140004
0.140062
0.140111
0.140149
0.140172
0.140185
0.140193
0.140199
0.140201
0.140204
0.140205
0.140207
0.140208
0.140208
0.140206
0.140203
0.140199
0.140194
0.140186
0.140176
0.140162
0.140148
0.140132
0.140118
0.140106
0.140094
0.140076
0.140058
0.140034
0.140013
0.140009
0.140027
0.140052
0.140084
0.140083
0.140215
0.14019
0.126576
0.127007
0.127928
0.129048
0.130197
0.131285
0.132277
0.13316
0.133939
0.134621
0.135218
0.13574
0.136197
0.136598
0.136951
0.137262
0.137537
0.137781
0.137997
0.138189
0.13836
0.138512
0.13865
0.138774
0.138888
0.138994
0.139093
0.139186
0.139273
0.139354
0.139429
0.1395
0.139566
0.139627
0.139685
0.139739
0.139792
0.139845
0.139896
0.139946
0.139989
0.140025
0.14005
0.140066
0.140075
0.140079
0.140081
0.140081
0.14008
0.140079
0.140077
0.140074
0.14007
0.140065
0.140057
0.140045
0.140026
0.139998
0.139963
0.139936
0.139939
0.139968
0.140006
0.140035
0.140057
0.140078
0.140101
0.140124
0.140142
0.140158
0.140172
0.140182
0.140187
0.140191
0.14021
0.140249
0.140311
0.140292
0.140205
0.140236
0.12843
0.128366
0.129393
0.132492
0.138913
0.149779
0.165471
0.185198
0.207045
0.22848
0.247008
0.260794
0.269255
0.273552
0.275472
0.275648
0.269795
0.253784
0.226791
0.193156
0.161389
0.139496
0.129913
0.129124
0.131794
0.134418
0.13599
0.136787
0.137265
0.137641
0.137958
0.138231
0.138493
0.138745
0.138974
0.13917
0.139335
0.139473
0.139592
0.139694
0.139783
0.13986
0.139929
0.139993
0.140053
0.140106
0.140147
0.140174
0.14019
0.140199
0.140204
0.140208
0.14021
0.140212
0.140213
0.140215
0.140215
0.140213
0.14021
0.140206
0.1402
0.140193
0.140182
0.140168
0.140153
0.140137
0.140122
0.14011
0.140098
0.14008
0.140061
0.140036
0.140015
0.140009
0.140027
0.140052
0.140085
0.140083
0.140222
0.140198
0.128996
0.129804
0.130701
0.131595
0.132441
0.133218
0.13392
0.134548
0.135107
0.135604
0.136044
0.136435
0.136783
0.137093
0.137369
0.137616
0.137837
0.138036
0.138213
0.138373
0.138517
0.138648
0.138767
0.138877
0.13898
0.139076
0.139166
0.139251
0.139331
0.139406
0.139476
0.139542
0.139604
0.139661
0.139716
0.139768
0.13982
0.139871
0.139921
0.139967
0.140007
0.140039
0.140061
0.140074
0.140081
0.140084
0.140085
0.140085
0.140084
0.140082
0.140079
0.140076
0.140072
0.140066
0.140057
0.140044
0.140024
0.139993
0.139958
0.139934
0.13994
0.139973
0.14001
0.140039
0.140061
0.140082
0.140106
0.140129
0.140148
0.140164
0.140177
0.140187
0.140191
0.140196
0.140217
0.140258
0.140321
0.140296
0.140213
0.140241
0.130793
0.130118
0.129655
0.129836
0.131446
0.135647
0.143757
0.156723
0.174507
0.19579
0.21822
0.23906
0.255941
0.267561
0.274107
0.276853
0.278026
0.27476
0.262518
0.239116
0.20711
0.17378
0.147687
0.133512
0.129768
0.131464
0.134191
0.136065
0.136997
0.137457
0.137777
0.138064
0.13834
0.13861
0.138861
0.139081
0.139267
0.139421
0.139552
0.139663
0.139758
0.139841
0.139914
0.139981
0.140043
0.140099
0.140144
0.140175
0.140194
0.140204
0.14021
0.140214
0.140216
0.140218
0.14022
0.140221
0.140221
0.140219
0.140216
0.140212
0.140207
0.140199
0.140188
0.140174
0.140159
0.140142
0.140127
0.140115
0.140102
0.140084
0.140064
0.140039
0.140016
0.140009
0.140026
0.140052
0.140086
0.140083
0.140228
0.140205
0.131509
0.132228
0.132919
0.133565
0.134158
0.134699
0.135189
0.135632
0.136031
0.136391
0.136716
0.137008
0.137273
0.137511
0.137727
0.137923
0.1381
0.138261
0.138407
0.13854
0.138662
0.138774
0.138878
0.138976
0.139068
0.139155
0.139237
0.139315
0.139389
0.139458
0.139523
0.139584
0.139642
0.139696
0.139748
0.139799
0.139849
0.139898
0.139946
0.139989
0.140025
0.140052
0.140071
0.140081
0.140086
0.140089
0.140089
0.140088
0.140087
0.140085
0.140082
0.140079
0.140074
0.140067
0.140058
0.140043
0.140021
0.139989
0.139954
0.139932
0.139942
0.139977
0.140015
0.140042
0.140065
0.140087
0.140111
0.140135
0.140154
0.140169
0.140183
0.140192
0.140196
0.140201
0.140224
0.140269
0.140331
0.140299
0.140222
0.140246
0.133027
0.132393
0.131692
0.131025
0.130665
0.131186
0.13357
0.139144
0.149225
0.164481
0.184353
0.206951
0.229526
0.249275
0.264155
0.273429
0.278108
0.279848
0.278444
0.269492
0.249716
0.219969
0.186101
0.156681
0.138136
0.131084
0.131325
0.133915
0.13605
0.137158
0.137636
0.137913
0.138174
0.138454
0.138728
0.138975
0.139184
0.139359
0.139504
0.139626
0.13973
0.139819
0.139897
0.139967
0.140032
0.140091
0.14014
0.140176
0.140198
0.14021
0.140217
0.140221
0.140223
0.140225
0.140227
0.140228
0.140228
0.140227
0.140224
0.140219
0.140214
0.140206
0.140195
0.140181
0.140165
0.140148
0.140132
0.140119
0.140106
0.140088
0.140067
0.140042
0.140018
0.140009
0.140025
0.140052
0.140087
0.140082
0.140235
0.140213
0.13359
0.134111
0.134592
0.135034
0.135441
0.135813
0.136155
0.136468
0.136754
0.137016
0.137256
0.137476
0.137677
0.137862
0.138031
0.138186
0.138328
0.138459
0.13858
0.138691
0.138795
0.138892
0.138984
0.139071
0.139154
0.139233
0.139308
0.139379
0.139446
0.13951
0.13957
0.139627
0.13968
0.139732
0.139781
0.13983
0.139879
0.139926
0.13997
0.14001
0.140042
0.140065
0.14008
0.140088
0.140092
0.140094
0.140093
0.140092
0.14009
0.140088
0.140085
0.140081
0.140076
0.140068
0.140058
0.140042
0.140017
0.139984
0.139949
0.13993
0.139945
0.139983
0.140019
0.140046
0.140069
0.140092
0.140117
0.140141
0.14016
0.140176
0.140189
0.140197
0.140201
0.140207
0.140232
0.140281
0.140342
0.140303
0.140232
0.14025
0.134764
0.134317
0.133774
0.133126
0.132407
0.131761
0.131567
0.13258
0.135994
0.143276
0.155645
0.173355
0.195218
0.218752
0.240912
0.258996
0.271457
0.278373
0.280727
0.280754
0.274705
0.258523
0.231505
0.197988
0.166126
0.143608
0.133067
0.131451
0.133646
0.135964
0.137267
0.137793
0.13804
0.138277
0.138556
0.138834
0.139079
0.139281
0.139446
0.139582
0.139696
0.139793
0.139877
0.139951
0.140019
0.140081
0.140134
0.140175
0.140201
0.140215
0.140223
0.140228
0.140231
0.140232
0.140234
0.140235
0.140235
0.140234
0.140231
0.140227
0.140221
0.140213
0.140202
0.140188
0.140172
0.140154
0.140137
0.140124
0.140111
0.140092
0.140071
0.140045
0.14002
0.140009
0.140024
0.140052
0.140087
0.140082
0.140242
0.140222
0.135146
0.135494
0.135817
0.136115
0.136393
0.136651
0.13689
0.137113
0.13732
0.137513
0.137691
0.137857
0.138012
0.138155
0.138288
0.138411
0.138526
0.138634
0.138734
0.138829
0.138918
0.139003
0.139084
0.139162
0.139237
0.139308
0.139376
0.139441
0.139502
0.139561
0.139616
0.139669
0.139719
0.139768
0.139815
0.139863
0.139909
0.139954
0.139995
0.14003
0.140058
0.140077
0.140089
0.140095
0.140098
0.140098
0.140097
0.140096
0.140094
0.140091
0.140088
0.140083
0.140078
0.140069
0.140058
0.140039
0.140013
0.139978
0.139945
0.139929
0.13995
0.139988
0.140024
0.140051
0.140073
0.140097
0.140123
0.140148
0.140166
0.140182
0.140195
0.140203
0.140206
0.140213
0.14024
0.140294
0.140353
0.140307
0.140243
0.140254
0.136014
0.135726
0.135373
0.134933
0.134381
0.133708
0.132966
0.13237
0.132446
0.134169
0.138963
0.148373
0.163375
0.183634
0.207236
0.231151
0.252166
0.267891
0.277376
0.281685
0.282616
0.278753
0.265789
0.241659
0.209141
0.17565
0.149658
0.13561
0.131869
0.133416
0.135842
0.137361
0.137981
0.138222
0.138431
0.138691
0.138954
0.139184
0.139373
0.139527
0.139655
0.139762
0.139854
0.139933
0.140004
0.140069
0.140127
0.140172
0.140203
0.14022
0.14023
0.140235
0.140238
0.14024
0.140242
0.140243
0.140243
0.140242
0.140239
0.140235
0.140229
0.140221
0.14021
0.140195
0.140178
0.14016
0.140142
0.140129
0.140116
0.140097
0.140075
0.140048
0.140023
0.140009
0.140023
0.140052
0.140088
0.140082
0.140249
0.14023
0.136263
0.136492
0.136708
0.13691
0.137102
0.137283
0.137453
0.137614
0.137766
0.137908
0.138043
0.138169
0.138289
0.138401
0.138506
0.138606
0.1387
0.138789
0.138874
0.138955
0.139033
0.139108
0.13918
0.139249
0.139316
0.139381
0.139442
0.139501
0.139557
0.139611
0.139662
0.139711
0.139758
0.139805
0.13985
0.139896
0.13994
0.139982
0.140019
0.14005
0.140073
0.140088
0.140097
0.140101
0.140103
0.140103
0.140102
0.140099
0.140097
0.140094
0.14009
0.140086
0.140079
0.14007
0.140057
0.140037
0.140008
0.139972
0.13994
0.13993
0.139955
0.139994
0.140029
0.140055
0.140078
0.140103
0.14013
0.140155
0.140173
0.140189
0.140201
0.140209
0.140212
0.14022
0.14025
0.140308
0.140363
0.14031
0.140256
0.140256
0.136896
0.136711
0.13649
0.136219
0.135877
0.135434
0.134858
0.134144
0.133383
0.132898
0.133411
0.136167
0.142809
0.154841
0.172792
0.195544
0.220393
0.243855
0.262802
0.275469
0.282096
0.283911
0.281863
0.271823
0.250644
0.219611
0.185186
0.156217
0.13873
0.132595
0.133159
0.135497
0.13717
0.137911
0.138218
0.138481
0.138781
0.139062
0.139289
0.139466
0.139608
0.139726
0.139826
0.139912
0.139987
0.140056
0.140117
0.140168
0.140204
0.140225
0.140237
0.140243
0.140246
0.140248
0.140249
0.140251
0.140251
0.14025
0.140247
0.140243
0.140237
0.140229
0.140218
0.140203
0.140186
0.140167
0.140148
0.140134
0.140121
0.140102
0.140079
0.140052
0.140025
0.14001
0.140023
0.140051
0.140089
0.140082
0.140256
0.14024
0.137059
0.137212
0.137359
0.1375
0.137635
0.137764
0.137887
0.138005
0.138118
0.138225
0.138328
0.138425
0.138519
0.138608
0.138693
0.138774
0.138853
0.138928
0.139001
0.139071
0.139139
0.139206
0.13927
0.139332
0.139392
0.13945
0.139506
0.13956
0.139611
0.13966
0.139707
0.139753
0.139798
0.139842
0.139886
0.139929
0.139971
0.140009
0.140042
0.140068
0.140086
0.140098
0.140105
0.140108
0.140108
0.140107
0.140106
0.140103
0.1401
0.140097
0.140093
0.140088
0.140081
0.14007
0.140055
0.140033
0.140002
0.139966
0.139937
0.139931
0.139961
0.14
0.140034
0.14006
0.140084
0.140109
0.140137
0.140162
0.140181
0.140196
0.140208
0.140215
0.140217
0.140227
0.14026
0.140322
0.140374
0.140314
0.140269
0.140258
0.137531
0.137409
0.137267
0.137099
0.136894
0.136636
0.136297
0.135838
0.13522
0.134454
0.1337
0.133439
0.134662
0.138922
0.148013
0.16319
0.184246
0.209087
0.234239
0.256001
0.271745
0.280675
0.283722
0.283053
0.275562
0.257376
0.228365
0.193888
0.162851
0.142571
0.134369
0.134077
0.136276
0.137906
0.138468
0.138545
0.138641
0.138873
0.139143
0.139371
0.139544
0.139679
0.13979
0.139885
0.139966
0.140039
0.140105
0.140161
0.140202
0.140229
0.140243
0.140251
0.140255
0.140257
0.140258
0.140259
0.14026
0.140259
0.140256
0.140252
0.140246
0.140238
0.140227
0.140212
0.140194
0.140174
0.140155
0.14014
0.140127
0.140108
0.140084
0.140056
0.140028
0.14001
0.140021
0.140051
0.14009
0.140082
0.140262
0.140249
0.137642
0.137748
0.13785
0.13795
0.138047
0.138141
0.138231
0.138319
0.138405
0.138487
0.138566
0.138643
0.138717
0.138789
0.138859
0.138927
0.138993
0.139057
0.13912
0.139182
0.139242
0.139301
0.139358
0.139413
0.139467
0.13952
0.13957
0.139618
0.139665
0.13971
0.139754
0.139797
0.139839
0.139882
0.139923
0.139964
0.140002
0.140035
0.140063
0.140085
0.140099
0.140108
0.140112
0.140114
0.140114
0.140112
0.14011
0.140107
0.140104
0.1401
0.140096
0.14009
0.140082
0.14007
0.140053
0.140028
0.139995
0.13996
0.139934
0.139934
0.139968
0.140007
0.14004
0.140066
0.14009
0.140116
0.140145
0.140171
0.140189
0.140204
0.140215
0.140221
0.140224
0.140236
0.140273
0.140339
0.140385
0.140319
0.140286
0.140256
0.137963
0.137877
0.137779
0.137666
0.137535
0.137378
0.137183
0.136928
0.136574
0.13607
0.135378
0.134541
0.133844
0.133988
0.136338
0.142792
0.155209
0.174376
0.199114
0.226238
0.25154
0.271275
0.28337
0.288339
0.288052
0.281637
0.265033
0.236779
0.200991
0.166511
0.14211
0.131078
0.13026
0.133571
0.136666
0.138228
0.138728
0.138888
0.139064
0.13928
0.13948
0.139638
0.139761
0.139862
0.139948
0.140025
0.140094
0.140154
0.1402
0.140231
0.140249
0.140257
0.140262
0.140264
0.140265
0.140267
0.140267
0.140266
0.140264
0.140259
0.140253
0.140246
0.140235
0.140219
0.140201
0.14018
0.14016
0.140144
0.140131
0.140112
0.140088
0.14006
0.14003
0.14001
0.140021
0.140049
0.140091
0.14008
0.14027
0.140258
0.138042
0.138119
0.138194
0.138268
0.13834
0.138412
0.138481
0.13855
0.138617
0.138682
0.138746
0.138809
0.13887
0.13893
0.13899
0.139048
0.139105
0.139162
0.139218
0.139272
0.139326
0.139379
0.13943
0.139481
0.139529
0.139577
0.139623
0.139667
0.13971
0.139752
0.139793
0.139834
0.139875
0.139915
0.139955
0.139993
0.140028
0.140057
0.140081
0.140098
0.14011
0.140116
0.140119
0.140119
0.140118
0.140116
0.140113
0.14011
0.140107
0.140103
0.140098
0.140092
0.140083
0.14007
0.140051
0.140024
0.139989
0.139954
0.139931
0.139938
0.139974
0.140012
0.140045
0.14007
0.140095
0.140122
0.140152
0.140178
0.140196
0.140211
0.140221
0.140226
0.140229
0.140243
0.140284
0.140352
0.140395
0.14032
0.140296
0.140258
0.138459
0.138405
0.138344
0.138277
0.1382
0.138114
0.138014
0.137894
0.137744
0.137538
0.137234
0.13677
0.136096
0.135263
0.134571
0.13476
0.137247
0.14386
0.156212
0.174774
0.198216
0.22354
0.247019
0.265546
0.27785
0.28351
0.283217
0.274669
0.255309
0.22636
0.193722
0.165312
0.146627
0.137996
0.135986
0.136701
0.137761
0.138435
0.13881
0.139077
0.13931
0.13951
0.139671
0.139798
0.139902
0.13999
0.140067
0.140135
0.140191
0.140232
0.140258
0.140271
0.140277
0.14028
0.140282
0.140283
0.140283
0.140283
0.14028
0.140276
0.14027
0.140262
0.140251
0.140236
0.140217
0.140195
0.140173
0.140155
0.140142
0.140122
0.140098
0.140068
0.140037
0.140012
0.140019
0.14005
0.14009
0.140083
0.140276
0.140276
0.13851
0.13856
0.13861
0.138659
0.138708
0.138758
0.138806
0.138855
0.138903
0.138951
0.138999
0.139047
0.139094
0.139141
0.139188
0.139235
0.139282
0.139328
0.139374
0.139419
0.139463
0.139507
0.13955
0.139593
0.139634
0.139674
0.139714
0.139753
0.139791
0.139829
0.139866
0.139903
0.13994
0.139977
0.140011
0.140042
0.14007
0.140092
0.140108
0.140119
0.140126
0.140129
0.140129
0.140128
0.140126
0.140123
0.14012
0.140117
0.140113
0.140108
0.140102
0.140094
0.140083
0.140067
0.140044
0.140013
0.139977
0.139945
0.139932
0.139948
0.139986
0.140024
0.140055
0.140081
0.140107
0.140136
0.140167
0.140193
0.14021
0.140224
0.140234
0.140238
0.140241
0.140259
0.140308
0.140382
0.140407
0.140329
0.140333
0.140245
)
;

boundaryField
{
    inlet
    {
        type            freestream;
        freestreamValue uniform 0.14;
        value           nonuniform List<scalar> 
134
(
0.14
0.14
0.14
0.14
0.14
0.14
0.14
0.14
0.14
0.14
0.140008
0.140016
0.140026
0.140036
0.140045
0.140054
0.140063
0.140071
0.140079
0.140086
0.14
0.140093
0.1401
0.140106
0.14011
0.140114
0.140118
0.14012
0.140123
0.140125
0.14
0.140127
0.140128
0.140129
0.140129
0.140129
0.140129
0.14013
0.140131
0.140132
0.14
0.14
0.14
0.14
0.14
0.14
0.14
0.140133
0.140133
0.140134
0.140135
0.140137
0.140138
0.14014
0.140143
0.140145
0.140148
0.140151
0.140155
0.140159
0.140163
0.140167
0.140173
0.140178
0.140184
0.14019
0.140198
0.140205
0.140213
0.140222
0.14023
0.14024
0.140249
0.140258
0.140276
0.14
0.14
0.14
0.14
0.14
0.14
0.14
0.14
0.14
0.14
0.14
0.14
0.14
0.14
0.14
0.14
0.14
0.14
0.14
0.14
0.14
0.14
0.14
0.14
0.14
0.14
0.14
0.14
0.14
0.14
0.14
0.14
0.14
0.14
0.14
0.14
0.14
0.14
0.14
0.14
0.14
0.14
0.14
0.14
0.14
0.14
0.14
0.14
0.14
0.14
0.14
0.14
0.14
0.14
0.14
0.14
0.14
0.14
0.14
)
;
    }
    outlet
    {
        type            freestream;
        freestreamValue uniform 0.14;
        value           nonuniform List<scalar> 
160
(
0.138459
0.13851
0.138405
0.13856
0.138344
0.13861
0.138277
0.138659
0.1382
0.138708
0.138114
0.138758
0.138014
0.138806
0.137894
0.138855
0.137744
0.138903
0.137538
0.138951
0.137234
0.138999
0.13677
0.139047
0.136096
0.139094
0.135263
0.139141
0.134571
0.139188
0.13476
0.139235
0.137247
0.139282
0.14386
0.139328
0.156212
0.139374
0.174774
0.139419
0.198216
0.139463
0.22354
0.139507
0.247019
0.13955
0.265546
0.139593
0.27785
0.139634
0.28351
0.139674
0.283217
0.139714
0.274669
0.139753
0.255309
0.139791
0.22636
0.139829
0.193722
0.139866
0.165312
0.139903
0.146627
0.13994
0.137996
0.139977
0.135986
0.140011
0.136701
0.140042
0.137761
0.14007
0.138435
0.140092
0.13881
0.140108
0.139077
0.140119
0.13931
0.140126
0.13951
0.140129
0.139671
0.140129
0.139798
0.140128
0.139902
0.140126
0.13999
0.140123
0.140067
0.14012
0.140135
0.140117
0.140191
0.140113
0.140232
0.140108
0.140258
0.140102
0.140271
0.140094
0.140277
0.140083
0.14028
0.140067
0.140282
0.140044
0.140283
0.140013
0.140283
0.139977
0.140283
0.139945
0.14028
0.139932
0.140276
0.139948
0.14027
0.139986
0.140262
0.140024
0.140251
0.140055
0.140236
0.140081
0.140217
0.140107
0.140195
0.140136
0.140173
0.140167
0.140155
0.140193
0.140142
0.14021
0.140122
0.140224
0.140098
0.140234
0.140068
0.140238
0.140037
0.140241
0.140012
0.140259
0.140019
0.140308
0.14005
0.140382
0.14009
0.140407
0.140083
0.140329
0.140276
0.140333
0.140276
0.140245
)
;
    }
    walls
    {
        type            fixedValue;
        value           nonuniform List<scalar> 
78
(
0.0702518
0.0777961
0.0846028
0.0908756
0.0973747
0.104262
0.111828
0.12025
0.129769
0.140472
0.152323
0.165226
0.17871
0.192203
0.205033
0.216455
0.225946
0.233322
0.23805
0.240341
0.240618
0.239347
0.236791
0.233278
0.22926
0.225051
0.220634
0.215817
0.210465
0.204574
0.198142
0.191148
0.18355
0.175453
0.166536
0.156538
0.145113
0.131384
0.0925693
0.0616328
0.0534317
0.0529441
0.0529549
0.0641566
0.0745908
0.0832325
0.0910034
0.0988224
0.107174
0.11626
0.126018
0.136077
0.145957
0.15499
0.162734
0.168969
0.173783
0.177449
0.180364
0.182905
0.185359
0.187903
0.190572
0.19301
0.194833
0.195865
0.196281
0.196219
0.195654
0.194487
0.192643
0.1901
0.186918
0.183101
0.178681
0.172826
0.166646
0.147266
)
;
    }
    frontAndBack
    {
        type            empty;
    }
}


// ************************************************************************* //
