/*--------------------------------*- C++ -*----------------------------------*\
  =========                 |
  \\      /  F ield         | OpenFOAM: The Open Source CFD Toolbox
   \\    /   O peration     | Website:  https://openfoam.org
    \\  /    A nd           | Version:  12
     \\/     M anipulation  |
\*---------------------------------------------------------------------------*/
FoamFile
{
    format      ascii;
    class       volScalarField;
    location    "281";
    object      p;
}
// * * * * * * * * * * * * * * * * * * * * * * * * * * * * * * * * * * * * * //

dimensions      [0 2 -2 0 0 0 0];

internalField   nonuniform List<scalar> 
10720
(
550.108
451.991
327.523
189.638
44.6702
-113.015
-267.806
-414.198
-553.838
-678.874
-790.05
-887.699
-971.564
-1042.3
-1099.92
-1143.36
-1173.96
-1189.32
-1191.97
-1178.69
-1150.67
-1105.69
-1047.93
-979.076
-906.606
-841.81
-783.154
-723.408
-662.216
-600.256
-537.335
-473.327
-408.142
-341.45
-272.771
-199.92
-121.1
-22.9233
91.691
635.449
705.772
763.153
795.907
803.965
789.155
743.358
671.029
585.628
496.818
413.173
340.463
278.471
226.446
183.606
146.06
112.905
82.1271
52.7404
23.0477
-6.85412
-37.8161
-69.2923
-99.862
-123.692
-137.978
-146.374
-150.346
-149.996
-145.161
-136.093
-123.124
-106.516
-86.2359
-62.1384
-32.9502
3.17992
56.106
136.691
573.907
501.091
411.683
307.777
192.478
66.3765
-65.0332
-197.371
-328.125
-453.038
-569.964
-677.35
-773.903
-858.822
-931.292
-990.36
-1036.22
-1067.39
-1084.06
-1084.49
-1069.39
-1037.91
-993.021
-936.802
-875.544
-818.334
-764.566
-708.696
-650.546
-590.979
-530
-467.567
-403.657
-337.988
-270.109
-197.871
-119.534
-21.6959
90.875
633.988
685.65
728.839
757.478
766.925
754.773
719.268
664.598
597.758
525.069
452.497
384.649
323.225
268.774
221.23
178.9
140.907
105.944
73.0093
40.8067
9.05364
-22.8743
-54.6024
-84.7771
-108.932
-124.704
-134.729
-140.232
-141.263
-137.722
-129.857
-117.979
-102.322
-82.8514
-59.4081
-30.7258
5.00318
57.6418
135.703
552.784
489.162
410.673
317.723
213.711
98.9475
-23.4307
-148.976
-274.478
-396.827
-512.761
-620.349
-718.028
-804.582
-879.037
-940.669
-988.974
-1022.89
-1042.06
-1045.98
-1034.75
-1008.03
-967.978
-916.98
-860.295
-805.425
-752.98
-698.761
-642.225
-584.098
-524.408
-463.085
-400.104
-335.195
-267.913
-196.146
-118.2
-20.8984
89.6011
604.969
649.445
686.361
711.422
721.19
713.553
686.65
642.927
586.662
522.694
456.148
391.493
331.315
276.812
228.36
185.217
146.456
111.001
77.8151
45.7691
14.3322
-16.9596
-47.8458
-77.1215
-101.286
-117.976
-128.807
-134.953
-136.564
-133.594
-126.275
-114.904
-99.7045
-80.6418
-57.537
-29.127
6.37599
58.6213
133.999
526.325
472.556
405.994
327.257
238.887
140.183
33.7644
-77.2324
-190.439
-303.12
-412.484
-516.476
-613.238
-701.227
-779.028
-845.537
-899.748
-940.6
-967.55
-979.917
-977.397
-959.708
-928.362
-885.697
-836.126
-786.015
-736.874
-685.646
-631.629
-575.549
-517.569
-457.668
-395.857
-331.902
-265.379
-194.227
-116.821
-20.3496
87.9013
570.613
608.465
640.538
663.223
673.359
669.104
648.724
613.915
567.788
513.878
456.227
398.525
343.123
291.408
244.058
200.919
161.442
124.938
90.6196
57.6318
25.4639
-6.20307
-37.1481
-66.2939
-90.8292
-108.531
-120.369
-127.476
-130.04
-128.005
-121.557
-110.971
-96.4572
-77.9805
-55.354
-27.3293
7.83219
59.4734
132.076
494.652
447.453
388.843
319.391
241.492
153.788
58.3922
-42.1356
-146.12
-251.125
-354.69
-454.801
-549.453
-636.875
-715.479
-783.904
-840.899
-885.367
-916.417
-933.288
-935.524
-923.05
-897.139
-860.056
-815.6
-769.076
-722.387
-673.399
-621.378
-567.006
-510.534
-451.954
-391.283
-328.296
-262.579
-192.114
-115.36
-19.9309
85.7812
533.648
566.91
595.519
616.464
626.887
625.238
609.988
582.217
544.239
498.622
448.527
396.998
346.1
297.286
251.479
208.936
169.478
132.716
98.0905
64.9462
32.8061
1.4121
-29.051
-57.6449
-82.1095
-100.426
-113.042
-120.914
-124.228
-122.925
-117.167
-107.217
-93.2769
-75.3105
-53.1195
-25.4681
9.32128
60.2527
129.998
462.392
420.555
368.574
307.074
238.353
160.65
75.7948
-14.1568
-108.09
-203.961
-299.753
-393.723
-483.951
-568.656
-646.209
-715.091
-773.852
-821.262
-856.177
-877.866
-885.765
-879.675
-860.462
-830.051
-791.625
-749.581
-706.068
-659.813
-610.182
-557.811
-503.038
-445.905
-386.454
-324.489
-259.623
-189.903
-113.893
-19.7111
83.2484
497.117
526.781
552.717
572.329
582.953
583.27
571.963
549.728
518.386
479.874
436.689
391.327
345.492
300.508
257.344
216.447
177.881
141.5
106.963
73.8245
41.7177
10.4715
-19.7226
-48.0204
-72.5616
-91.5348
-104.991
-113.682
-117.81
-117.324
-112.35
-103.129
-89.8447
-72.4575
-50.7603
-23.5352
10.8194
60.9099
127.736
430.689
393.055
346.302
291.066
229.63
159.988
83.7394
2.6365
-82.6568
-170.407
-258.98
-346.922
-432.456
-513.891
-589.611
-658.003
-717.52
-766.802
-804.582
-829.943
-842.2
-841.004
-827.024
-801.97
-768.574
-730.48
-689.877
-646.159
-598.81
-548.393
-495.303
-439.626
-381.417
-320.51
-256.536
-187.614
-112.434
-19.6944
80.3495
462.062
488.915
512.745
531.271
542.007
543.829
535.599
517.752
491.779
459.179
421.954
382.153
341.141
300.055
259.821
220.956
183.689
148.081
113.985
81.143
49.3171
18.4188
-11.3515
-39.2382
-63.6951
-83.1075
-97.2442
-106.648
-111.508
-111.777
-107.541
-99.014
-86.3649
-69.549
-48.3496
-21.5733
12.3009
61.4269
125.315
400.383
366.194
323.763
273.743
218.401
155.613
86.8265
13.5657
-63.8047
-143.857
-225.238
-306.799
-386.992
-464.281
-537.125
-603.941
-663.14
-713.288
-753.026
-781.311
-797.407
-800.864
-792.059
-772.376
-744.078
-710.158
-672.737
-631.739
-586.815
-538.472
-487.163
-433.023
-376.131
-316.342
-253.319
-185.259
-110.989
-19.8636
77.1497
429.023
453.594
475.704
493.313
504.085
507.06
501.239
486.893
465.275
437.59
405.478
370.644
334.173
296.999
259.946
223.51
188.012
153.636
120.382
88.1477
56.8187
26.3902
-2.91303
-30.4014
-54.7503
-74.5203
-89.2841
-99.3805
-104.969
-106.001
-102.521
-94.7143
-82.7298
-66.5162
-45.85
-19.566
13.766
61.802
122.76
371.775
340.44
301.606
255.938
205.677
148.673
86.2375
19.7449
-50.6712
-123.796
-198.534
-274
-348.863
-421.769
-491.315
-555.982
-614.202
-664.52
-705.518
-736.07
-755.298
-762.66
-758.275
-743.279
-719.558
-689.56
-655.249
-616.927
-574.416
-528.174
-478.685
-426.13
-370.606
-311.992
-249.979
-182.852
-109.57
-20.2132
73.6956
398.144
420.834
441.507
458.312
469.054
472.917
469.004
457.473
439.403
415.801
388.038
357.555
325.212
291.761
257.899
224.064
190.595
157.746
125.618
94.2339
63.5954
33.7777
5.03173
-21.9979
-46.1555
-66.1512
-81.4297
-92.1441
-98.4052
-100.16
-97.4133
-90.3158
-78.9964
-63.3957
-43.2832
-17.5285
15.2022
62.0303
120.075
344.976
316.052
280.272
238.307
192.364
140.305
83.3544
22.7681
-41.4769
-108.334
-176.923
-246.569
-316.138
-384.493
-450.378
-512.367
-568.986
-618.791
-660.35
-692.467
-714.187
-724.919
-724.518
-713.861
-694.473
-668.322
-637.169
-601.576
-561.527
-517.448
-469.839
-418.928
-364.831
-307.453
-246.514
-180.396
-108.19
-20.7501
70.0144
369.425
390.521
409.969
426.056
436.715
441.257
438.872
429.62
414.458
394.256
370.183
343.48
314.838
284.853
254.099
222.935
191.676
160.595
129.853
99.5614
69.8125
40.7505
12.6583
-13.8546
-37.7521
-57.8666
-73.5644
-84.8363
-91.731
-94.1853
-92.165
-85.7816
-75.1407
-60.1734
-40.6435
-15.4607
16.606
62.1122
117.266
319.977
293.124
259.968
221.184
178.948
131.154
78.9556
23.5144
-35.2798
-96.5243
-159.51
-223.739
-288.251
-352.093
-414.174
-473.21
-527.82
-576.618
-618.187
-651.311
-674.952
-688.472
-691.507
-684.688
-669.236
-646.717
-618.666
-585.785
-548.201
-506.318
-460.634
-411.417
-358.805
-302.723
-242.923
-177.894
-106.859
-21.4763
66.1177
342.773
362.495
380.874
396.313
406.848
411.914
410.75
403.36
390.599
373.238
352.294
328.861
303.501
276.682
248.876
220.353
191.377
162.21
133.041
104.032
75.3415
47.1726
19.8307
-6.09732
-29.657
-49.7814
-65.7928
-77.5466
-85.0217
-88.1361
-86.8202
-81.1417
-71.182
-56.8614
-37.9386
-13.3692
17.9707
62.0498
114.343
296.712
271.664
240.793
204.779
165.759
121.676
73.6325
22.7145
-31.2548
-87.4754
-145.369
-204.581
-264.306
-323.763
-382.011
-437.907
-490.198
-537.581
-578.685
-612.292
-637.314
-653.085
-659.074
-655.669
-643.817
-624.741
-599.731
-569.552
-534.441
-494.783
-451.069
-403.597
-352.524
-297.799
-239.207
-175.349
-105.582
-22.391
62.0199
318.07
336.593
354.027
368.863
379.246
384.705
384.524
378.665
367.897
352.921
334.64
314.026
291.554
267.597
242.534
216.557
189.869
162.7
135.235
107.663
80.1835
53.0374
26.5454
1.28038
-21.8625
-41.8927
-58.1138
-70.2714
-78.2714
-82.006
-81.3729
-76.392
-67.118
-53.4593
-35.1704
-11.2582
19.2914
61.8472
111.317
275.094
251.633
222.774
189.196
152.994
112.17
67.7821
20.8568
-28.8273
-80.5585
-133.847
-188.454
-243.705
-298.965
-353.442
-406.136
-455.922
-501.593
-541.851
-575.506
-601.452
-618.973
-627.443
-627.01
-618.39
-602.519
-580.447
-552.927
-520.274
-482.857
-441.148
-395.466
-345.987
-292.681
-235.366
-172.762
-104.363
-23.4873
57.7339
295.177
312.645
329.224
343.499
353.706
359.459
360.072
355.474
346.372
333.408
317.395
299.215
279.277
257.884
235.337
211.765
187.312
162.166
136.488
110.465
84.3151
58.3012
32.7539
8.2324
-14.4124
-34.249
-50.5758
-63.0541
-71.5177
-75.8258
-75.8464
-71.5492
-62.9604
-49.9755
-32.3457
-9.13351
20.5631
61.5076
108.198
255.019
232.969
205.899
174.484
140.775
102.837
61.6844
18.3027
-27.5655
-75.2716
-124.398
-174.793
-225.894
-277.184
-328.014
-377.518
-424.687
-468.432
-507.54
-540.866
-567.317
-586.132
-596.641
-598.768
-593.03
-580.123
-560.864
-535.946
-505.726
-470.555
-430.88
-387.029
-339.196
-287.368
-231.401
-170.138
-103.207
-24.7565
53.2757
273.96
290.483
306.29
320.032
330.047
336.009
337.264
333.715
326.012
314.754
300.681
284.603
266.883
247.771
227.514
206.185
183.876
160.729
136.871
112.468
87.7398
62.9522
38.4375
14.7382
-7.3278
-26.8742
-43.205
-55.9176
-64.7789
-69.6102
-70.2517
-66.6215
-58.7155
-46.4155
-29.4698
-7.00083
21.7812
61.0388
105
236.38
215.597
190.132
160.654
129.168
93.8019
55.537
15.3139
-27.1387
-71.2236
-116.585
-163.138
-210.409
-257.988
-305.333
-351.706
-396.221
-437.901
-475.633
-508.333
-534.931
-554.633
-566.767
-571.06
-567.857
-557.653
-541.054
-518.659
-490.829
-457.897
-420.274
-378.292
-332.151
-281.863
-227.314
-167.478
-102.113
-26.1899
48.6661
254.292
269.958
285.054
298.296
308.103
314.206
315.983
313.307
306.785
296.98
284.572
270.313
254.535
237.449
219.26
200.001
179.72
158.509
136.461
113.713
90.4681
66.9827
43.578
20.7747
-0.635601
-19.8003
-36.036
-48.8948
-58.0842
-63.3842
-64.6085
-61.624
-54.3948
-42.7877
-26.5497
-4.86621
22.9413
60.4465
101.736
219.072
199.439
175.424
147.698
118.207
85.15
49.477
12.0871
-27.2969
-68.1192
-110.076
-153.129
-196.875
-240.991
-285.038
-328.383
-370.259
-409.797
-445.987
-477.815
-504.256
-524.494
-537.871
-543.96
-542.957
-535.194
-521.086
-501.116
-475.621
-444.906
-409.346
-369.261
-324.858
-276.167
-223.108
-164.785
-101.085
-27.7734
43.9252
236.052
250.935
265.372
278.137
287.726
293.917
296.114
294.17
288.65
280.089
269.117
256.438
242.359
227.068
210.738
193.372
174.983
155.623
135.346
114.256
92.527
70.3959
48.1634
26.3246
5.64578
-13.0514
-29.0975
-42.0146
-51.4593
-57.1699
-58.9346
-56.5708
-50.0092
-39.1014
-23.5932
-2.73584
24.0401
59.7404
98.4193
203.002
184.416
161.722
135.588
107.9
76.9312
43.5952
8.76003
-27.8556
-65.7337
-104.604
-144.461
-184.97
-225.874
-266.818
-307.268
-346.56
-383.929
-418.464
-449.231
-475.259
-495.73
-510.004
-517.547
-518.426
-512.838
-501.036
-483.375
-460.144
-431.613
-398.115
-359.948
-317.323
-270.284
-218.785
-162.061
-100.119
-29.4928
39.0746
219.126
233.291
247.113
259.421
268.786
275.019
277.555
276.226
271.559
264.067
254.339
243.034
230.447
216.745
202.081
186.437
169.8
152.187
133.617
114.159
93.9542
73.2091
52.1955
31.3784
11.4972
-6.65175
-22.4185
-35.3069
-44.9321
-50.9926
-53.251
-51.4789
-45.5722
-35.3669
-20.6089
-0.616215
25.0751
58.9296
95.0643
188.078
170.452
148.971
124.291
98.2459
69.1711
37.9574
5.43403
-28.6735
-63.8809
-99.945
-136.892
-174.431
-212.366
-250.408
-288.107
-324.897
-360.104
-392.916
-422.479
-447.888
-468.335
-483.196
-491.883
-494.344
-490.67
-480.978
-465.493
-444.442
-418.051
-386.601
-350.368
-309.555
-264.221
-214.35
-159.306
-99.2157
-31.3312
34.1406
203.411
216.912
230.157
242.029
251.164
257.404
260.208
259.397
255.462
248.895
240.247
230.143
218.867
206.573
193.399
179.314
164.285
148.305
131.361
113.488
94.7921
75.4441
55.6816
35.9326
16.9083
-0.620572
-16.0246
-28.8
-38.5303
-44.8776
-47.5795
-46.3662
-41.0984
-31.5959
-17.606
1.48648
26.0441
58.0257
91.6883
174.213
157.475
137.112
113.77
89.2256
61.8839
32.6033
2.18567
-29.6435
-62.4223
-95.933
-130.221
-165.038
-200.228
-235.565
-270.667
-305.054
-338.138
-369.199
-397.462
-422.086
-442.294
-457.473
-467.022
-470.783
-468.77
-460.985
-447.535
-428.567
-404.255
-374.832
-340.538
-301.565
-257.983
-209.805
-156.523
-98.3699
-33.2702
29.1485
188.813
201.695
214.398
225.851
234.75
240.97
243.987
243.613
240.308
234.542
226.839
217.789
207.667
196.622
184.778
172.101
158.543
144.076
128.665
112.314
95.0905
77.1302
58.6326
39.9873
21.8715
5.02683
-9.9384
-22.5204
-32.281
-38.8511
-41.9428
-41.2525
-36.604
-27.8015
-14.5945
3.56546
26.9464
57.04
88.3072
161.332
145.419
126.09
103.984
80.8207
55.0674
27.5589
-0.936759
-30.6861
-61.2499
-92.4279
-124.285
-156.6
-189.257
-222.078
-254.743
-286.841
-317.865
-347.175
-374.072
-397.787
-417.58
-432.846
-443.003
-447.808
-447.213
-441.133
-429.563
-412.569
-390.267
-362.836
-330.478
-293.368
-251.581
-205.158
-153.712
-97.5763
-35.2901
24.1246
175.246
187.55
199.742
210.791
219.453
225.626
228.811
228.807
226.045
220.981
214.106
205.984
196.883
186.946
176.292
164.882
152.662
139.59
125.612
110.703
94.9018
78.3055
61.0733
43.5531
26.3839
10.2784
-4.17945
-16.493
-26.2108
-32.939
-36.365
-36.1585
-32.1061
-23.9976
-11.5853
5.61457
27.7817
55.9849
84.9369
149.362
134.218
115.851
94.8928
73.0046
48.7163
22.8363
-3.89608
-31.7404
-60.2772
-89.324
-118.953
-148.973
-179.295
-209.78
-240.161
-270.09
-299.126
-326.706
-352.205
-374.919
-394.155
-409.315
-419.857
-425.473
-426.068
-421.492
-411.644
-396.505
-376.131
-350.649
-320.214
-284.979
-245.024
-200.413
-150.872
-96.8271
-37.3687
19.0977
162.637
174.397
186.102
196.762
205.186
211.295
214.608
214.918
212.628
208.176
202.031
194.731
186.535
177.584
167.992
157.722
146.717
134.925
122.276
108.725
94.2826
79.0109
63.0305
46.643
30.448
15.1265
1.23591
-10.7402
-20.345
-27.167
-30.8707
-31.1058
-27.6233
-20.1991
-8.58955
7.62725
28.5508
54.8737
81.5945
138.239
123.814
106.345
86.4565
65.7512
42.8177
18.4418
-6.66842
-32.7599
-59.4373
-86.5288
-114.115
-142.025
-170.194
-198.515
-226.762
-254.642
-281.776
-307.667
-331.759
-353.409
-371.974
-386.873
-397.604
-403.821
-405.396
-402.129
-393.839
-380.429
-361.895
-338.305
-309.77
-276.417
-238.325
-195.576
-148.004
-96.1135
-39.4826
14.0974
150.911
162.158
173.399
183.683
191.872
197.902
201.311
201.887
200.008
196.096
190.598
184.026
176.635
168.564
159.923
150.679
140.773
130.148
118.726
106.444
93.2887
79.291
64.5337
49.2748
34.0713
19.5689
6.29595
-5.28097
-14.7071
-21.5601
-25.4847
-26.1171
-23.175
-16.4221
-5.61908
9.59751
29.2549
53.719
78.2971
127.9
114.151
97.5249
78.6368
59.0297
37.3563
14.3729
-9.23818
-33.7162
-58.6803
-83.9747
-109.682
-135.65
-161.832
-188.149
-214.407
-240.361
-265.684
-289.941
-312.634
-333.182
-350.99
-365.501
-376.258
-382.889
-385.25
-383.105
-376.21
-364.399
-347.606
-325.845
-299.179
-267.704
-231.496
-190.654
-145.105
-95.4253
-41.6102
9.15121
140.003
150.769
161.566
171.486
179.442
185.381
188.859
189.66
188.139
184.706
179.784
173.861
167.189
159.905
152.116
143.794
134.881
125.319
115.022
103.919
91.9742
79.1911
65.6187
51.4728
37.2658
23.6065
10.9927
-0.13195
-9.31882
-16.1421
-20.2319
-21.2152
-18.7815
-12.683
-2.68602
11.5191
29.8966
52.5341
75.0604
118.291
105.178
89.3447
71.3954
52.8142
32.3139
10.6246
-11.5982
-34.583
-57.9689
-81.6071
-105.584
-129.762
-154.109
-178.567
-202.975
-227.124
-250.729
-273.412
-294.73
-314.16
-331.151
-345.176
-355.818
-362.701
-365.673
-364.477
-358.819
-348.474
-333.317
-313.311
-288.471
-258.864
-224.555
-185.654
-142.176
-94.7498
-43.7258
4.28929
129.857
140.165
150.539
160.109
167.833
173.67
177.195
178.188
176.983
173.975
169.566
164.224
158.196
151.617
144.593
137.1
129.084
120.487
111.221
101.206
90.3911
78.7575
66.3233
53.2641
40.0482
27.2449
15.3207
4.69472
-4.19893
-10.9358
-15.1359
-16.4234
-14.4637
-8.99927
0.197149
13.3863
30.4784
51.3317
71.9004
109.361
96.8484
81.7628
64.6956
47.0757
27.6715
7.18862
-13.7439
-35.3457
-57.2709
-79.3793
-101.759
-124.285
-146.938
-169.675
-192.361
-214.819
-236.802
-257.98
-277.959
-296.27
-312.404
-325.869
-336.279
-343.277
-346.705
-346.295
-341.72
-332.707
-319.078
-300.744
-277.683
-249.923
-217.516
-180.585
-139.212
-94.0746
-45.8053
-0.459977
120.419
130.291
140.259
149.491
156.985
162.713
166.268
167.424
166.497
163.868
159.92
155.101
149.652
143.707
137.371
130.624
123.418
115.695
107.368
98.3529
88.587
78.0328
66.6831
54.677
42.4367
30.4939
19.2803
9.18946
0.63656
-5.96123
-10.2199
-11.7642
-10.2424
-5.38858
3.01817
15.1932
31.0037
50.124
68.8316
101.062
89.119
74.7397
58.5037
41.7862
23.4086
4.05263
-15.678
-35.9942
-56.5644
-77.2579
-98.1603
-119.159
-140.246
-161.388
-182.472
-203.349
-223.806
-243.551
-262.236
-279.438
-294.695
-307.546
-317.632
-324.63
-328.375
-328.602
-324.964
-317.15
-304.937
-288.194
-266.851
-240.906
-210.4
-175.453
-136.214
-93.384
-47.8238
-5.06851
111.638
121.096
130.674
139.577
146.847
152.46
156.028
157.324
156.644
154.354
150.822
146.474
141.547
136.173
130.457
124.382
117.906
110.975
103.503
95.404
86.607
77.0606
66.7363
55.7402
44.4533
33.3653
22.8743
13.3459
5.17408
-1.23737
-5.50569
-7.26017
-6.13776
-1.86791
5.764
16.9347
31.4757
48.9228
65.8673
93.3522
81.9483
68.2384
52.7873
36.9191
19.5057
1.20475
-17.4035
-36.5223
-55.8328
-75.2142
-94.7489
-114.336
-133.971
-153.635
-173.23
-192.63
-211.652
-230.038
-247.481
-263.597
-277.968
-290.169
-299.859
-306.758
-310.705
-311.438
-308.6
-301.855
-290.946
-275.701
-256.013
-231.845
-203.223
-170.27
-133.177
-92.6648
-49.7605
-9.50978
103.468
112.531
121.735
130.322
137.37
142.865
146.433
147.848
147.386
145.403
142.247
138.326
133.872
129.014
123.857
118.389
112.573
106.357
99.6609
92.397
84.4911
75.8808
66.5199
56.4874
46.1224
35.8748
26.1091
17.1625
9.40377
3.21983
-1.01292
-2.93239
-2.17058
1.54538
8.42264
18.6054
31.8985
47.7378
63.0193
86.19
75.2994
62.2235
47.5161
32.4482
15.942
-1.36813
-18.9274
-36.928
-55.0663
-73.2281
-91.4952
-109.772
-128.063
-146.355
-164.565
-182.588
-200.263
-217.364
-233.619
-248.682
-262.17
-273.698
-282.941
-289.663
-293.71
-294.831
-292.669
-286.87
-277.154
-263.312
-245.206
-222.77
-196.009
-165.044
-130.1
-91.9039
-51.5906
-13.76
95.8681
104.555
113.4
121.68
128.51
133.884
137.442
138.958
138.691
136.984
134.171
130.638
126.612
122.223
117.571
112.652
107.43
101.862
95.8678
89.3644
82.2745
74.5295
66.0696
56.9484
47.468
38.0394
28.994
20.6394
13.3186
7.39732
3.24108
1.19916
1.6397
4.83421
10.9825
20.2001
32.2748
46.5796
60.298
79.5387
69.1365
56.6632
42.661
28.349
12.6974
-3.68084
-20.2563
-37.2114
-54.2565
-71.2823
-88.3709
-105.433
-122.476
-139.494
-156.418
-173.157
-189.57
-205.46
-220.582
-234.628
-247.249
-258.092
-266.855
-273.338
-277.4
-278.806
-277.204
-272.238
-263.605
-251.071
-234.471
-213.71
-188.778
-159.784
-126.98
-91.0827
-53.2945
-17.7953
88.7995
97.1253
105.626
113.609
120.226
125.477
129.016
130.618
130.526
129.07
126.568
123.389
119.754
115.79
111.597
107.173
102.489
97.5046
92.1468
86.3341
79.9898
73.0406
65.4175
57.1537
48.516
39.8782
31.5407
23.7809
16.9148
11.2847
7.24086
5.11699
5.27495
7.98291
13.4316
21.7144
32.6093
45.4554
57.7113
73.3643
63.427
51.5273
38.1945
24.5977
9.75374
-5.74735
-21.3985
-37.374
-53.3968
-69.3645
-85.3559
-101.289
-117.173
-133.009
-148.736
-164.278
-179.511
-194.261
-208.309
-221.38
-233.155
-243.313
-251.573
-257.769
-261.778
-263.381
-262.239
-257.996
-250.34
-239.019
-223.844
-204.698
-181.55
-154.504
-123.816
-90.1912
-54.8509
-21.5944
82.2261
90.206
98.3749
106.072
112.481
117.606
121.12
122.795
122.859
121.632
119.415
116.56
113.282
109.706
105.928
101.953
97.7552
93.2985
88.5154
83.3287
77.6632
71.4435
64.5944
57.1321
49.2919
41.4124
33.7634
26.5938
20.1918
14.8748
10.9741
8.80529
8.71868
10.9762
15.7596
23.1437
32.9039
44.3724
55.265
67.6342
58.1409
46.7873
34.091
21.1716
7.09111
-7.58247
-22.3644
-37.4207
-52.4873
-67.4664
-82.4353
-97.3173
-112.124
-126.861
-141.475
-155.902
-170.031
-183.71
-196.744
-208.883
-219.84
-229.32
-237.066
-242.943
-246.842
-248.568
-247.796
-244.178
-237.399
-227.197
-213.363
-195.763
-174.35
-149.211
-120.608
-89.2154
-56.2435
-25.1401
76.1147
83.7635
91.6131
99.0333
105.238
110.239
113.721
115.457
115.663
114.644
112.688
110.13
107.179
103.957
100.558
96.989
93.2311
89.2509
84.987
80.367
75.318
69.7646
63.628
56.911
49.8209
42.6626
35.6772
29.087
23.152
18.1634
14.4307
12.2506
11.9564
13.8006
17.9565
24.4838
33.1614
43.3355
52.963
62.3191
53.2493
42.4168
30.326
18.0491
4.69158
-9.20043
-23.1641
-37.3571
-51.527
-65.5823
-79.5966
-93.4994
-107.303
-121.018
-134.596
-147.983
-161.083
-173.757
-185.834
-197.088
-207.258
-216.076
-223.306
-228.839
-232.587
-234.373
-233.893
-230.811
-224.816
-215.64
-203.064
-186.936
-167.198
-143.918
-117.355
-88.1441
-57.4567
-28.4176
70.4345
77.7661
85.308
92.4598
98.4659
103.342
106.787
108.576
108.909
108.081
106.365
104.081
101.43
98.5307
95.4761
92.2769
88.9165
85.367
81.5717
77.4635
72.9731
68.0266
62.5438
56.5167
50.1272
43.65
37.2993
31.2715
25.7999
21.1488
17.6044
15.4425
14.9754
16.4447
20.0135
25.7308
33.3839
42.3487
50.8073
57.3908
48.7259
38.3908
26.8768
15.2101
2.53785
-10.6151
-23.8066
-37.1874
-50.5158
-63.7065
-76.8294
-89.8189
-102.69
-115.452
-128.066
-140.484
-152.622
-164.357
-175.534
-185.949
-195.367
-203.543
-210.263
-215.44
-219.004
-220.8
-220.545
-217.919
-212.621
-204.382
-192.978
-178.246
-160.115
-138.638
-114.058
-86.9686
-58.4772
-31.4135
65.1567
72.1838
79.4294
86.3217
92.134
96.8866
100.29
102.123
102.571
101.918
100.424
98.3916
96.0159
93.4132
90.673
87.8092
84.809
81.648
78.2755
74.6293
70.6442
66.2488
61.3632
55.9718
50.2339
44.3956
38.6468
33.16
28.1427
23.8328
20.4913
18.3728
17.7654
18.8979
21.9228
26.881
33.572
41.4137
48.7972
52.8235
44.5459
34.686
23.7218
12.6352
0.612776
-11.8403
-24.3033
-36.9183
-49.4565
-61.8365
-74.1256
-86.2624
-98.2633
-110.139
-121.856
-133.372
-144.614
-155.469
-165.801
-175.425
-184.126
-191.685
-197.906
-202.722
-206.081
-207.846
-207.759
-205.52
-200.838
-193.452
-183.135
-169.72
-153.122
-133.381
-110.719
-85.6803
-59.2947
-34.1195
60.2547
66.9893
73.9497
80.5911
86.2142
90.8441
94.203
96.0717
96.6244
96.1325
94.8427
93.0427
90.9207
88.5897
86.1369
83.578
80.9039
78.0941
75.1026
71.8727
68.3438
64.4473
60.1055
55.2973
50.162
44.9197
39.7378
34.7669
30.1901
26.2194
23.0904
21.0364
20.3189
21.1524
23.6782
27.9308
33.7262
40.5311
46.9298
48.5933
40.6861
31.2805
20.8407
10.3058
-1.09935
-12.8898
-24.6639
-36.5579
-48.3525
-59.9721
-71.4808
-82.8216
-94.0104
-105.06
-115.942
-126.617
-137.022
-147.057
-156.596
-165.476
-173.499
-180.468
-186.207
-190.662
-193.801
-195.507
-195.541
-193.626
-189.487
-182.874
-173.562
-161.382
-146.24
-128.16
-107.342
-84.2759
-59.903
-36.5291
55.7032
62.157
68.8425
75.241
80.6799
85.1883
88.5
90.3986
91.0455
90.7014
89.6007
88.0152
86.1271
84.046
81.8556
79.5741
77.1955
74.7028
72.0545
69.1994
66.0811
62.6358
58.7879
54.5125
49.9317
45.2419
40.5901
36.1072
31.953
28.3151
25.4043
23.4312
22.6312
23.2022
25.2745
28.878
33.846
39.6999
45.2008
44.6773
37.125
28.1537
18.2145
8.20488
-2.61381
-13.7756
-24.8986
-36.1125
-47.2073
-58.1128
-68.8904
-79.4865
-89.918
-100.198
-110.301
-120.193
-129.819
-139.088
-147.887
-156.067
-163.452
-169.86
-175.135
-179.236
-182.149
-183.773
-183.889
-182.245
-178.585
-172.669
-164.283
-153.254
-139.486
-122.988
-103.931
-82.7529
-60.2969
-38.6399
51.4793
57.6632
64.0836
70.2474
75.5069
79.8951
83.157
85.0793
85.8117
85.6039
84.6781
83.291
81.6185
79.7664
77.8163
75.7873
73.6767
71.4698
69.1307
66.6126
63.8638
60.8248
57.4241
53.6341
49.5613
45.3809
41.2217
37.1963
33.4439
30.1288
27.4372
25.5578
24.7
25.0438
26.7081
29.7199
33.9308
38.9174
43.6042
41.0545
33.8423
25.2865
15.8251
6.31581
-3.94544
-14.5111
-25.018
-35.5893
-46.0252
-56.2596
-66.3519
-76.2511
-85.975
-95.537
-104.915
-114.079
-122.978
-131.533
-139.641
-147.167
-153.95
-159.829
-164.663
-168.421
-171.107
-172.631
-172.8
-171.381
-168.141
-162.854
-155.315
-145.357
-132.879
-117.875
-100.491
-81.1101
-60.4756
-40.4516
47.5612
53.4856
59.6505
65.5869
70.6719
74.9413
78.1517
80.0923
80.9018
80.8192
80.0551
78.8518
77.3782
75.7371
74.0064
72.2072
70.3391
68.3905
66.3294
64.1139
61.697
59.0236
56.0263
52.6767
49.0673
45.3542
41.6497
38.0507
34.6767
31.6709
29.1962
27.4198
26.5257
26.6757
27.9771
30.4547
33.9786
38.1804
42.1321
37.7052
30.8189
22.6606
13.6559
4.62317
-5.1078
-15.1078
-25.0314
-34.9952
-44.8103
-54.4142
-63.8636
-73.1109
-82.1735
-91.0659
-99.7673
-108.253
-116.477
-124.367
-131.83
-138.746
-144.966
-150.347
-154.763
-158.193
-160.653
-162.068
-162.265
-161.035
-158.163
-153.441
-146.675
-137.707
-126.432
-112.834
-97.0315
-79.351
-60.4401
-41.9672
43.9282
49.6034
55.5215
61.2382
66.1532
70.3057
73.4626
75.4168
76.2957
76.3284
75.7135
74.6801
73.3902
71.9427
70.4129
68.8231
67.1745
65.4587
63.6474
61.7033
59.584
57.2385
54.6044
51.6528
48.4647
45.1782
41.8913
38.6864
35.6661
32.9537
30.6905
29.023
28.1111
28.0985
29.081
31.0811
33.9875
37.4837
40.7757
34.6108
28.0368
20.2592
11.6909
3.11217
-6.11389
-15.5769
-24.9478
-34.3382
-43.5678
-52.5787
-61.4245
-70.0611
-78.5064
-86.7738
-94.8454
-102.7
-110.295
-117.566
-124.43
-130.776
-136.471
-141.385
-145.408
-148.526
-150.767
-152.068
-152.275
-151.201
-148.652
-144.436
-138.376
-130.318
-120.16
-107.877
-93.5581
-77.4801
-60.1955
-43.1928
40.5614
45.9967
51.6771
57.1808
61.9306
65.9679
69.0701
71.0329
71.9745
72.1128
71.6358
70.7593
69.6386
68.3692
67.0231
65.6235
64.1738
62.6676
61.0808
59.3797
57.5265
55.4749
53.1669
50.5741
47.767
44.868
41.9623
39.1196
36.4272
33.9906
31.931
30.3755
29.4616
29.3151
30.0205
31.5986
33.9551
36.822
39.5252
31.7541
25.4794
18.0662
9.91497
1.76935
-6.97641
-15.9292
-24.7765
-33.6244
-42.3021
-50.7545
-59.0341
-67.0991
-74.9668
-82.6513
-90.1363
-97.403
-104.414
-111.11
-117.416
-123.232
-128.438
-132.918
-136.573
-139.398
-141.428
-142.613
-142.818
-141.873
-139.607
-135.844
-130.423
-123.2
-114.075
-103.012
-90.0804
-75.5043
-59.7484
-44.1361
37.4429
42.6477
48.0987
53.3963
57.9853
61.9092
64.9551
66.9226
67.9199
68.1549
67.8051
67.0735
66.1086
65.0026
63.8242
62.5976
61.3278
60.0104
58.6245
57.141
55.5256
53.7364
51.7204
49.4499
46.9864
44.4379
41.8783
39.3664
36.9758
34.796
32.9303
31.4874
30.5845
30.3303
30.7982
32.0074
33.879
36.1891
38.37
29.1186
23.131
16.0668
8.31418
0.581354
-7.70706
-16.175
-24.5264
-32.8612
-41.018
-48.9455
-56.6932
-64.2224
-71.5503
-78.6906
-85.6291
-92.3493
-98.8172
-104.98
-110.768
-116.093
-120.845
-124.92
-128.233
-130.784
-132.615
-133.686
-133.877
-133.041
-131.022
-127.666
-122.823
-116.362
-108.185
-98.2522
-86.6081
-73.4326
-59.1085
-44.8078
34.5561
39.5389
44.7689
49.8668
54.2992
58.1113
61.0999
63.0681
64.1149
64.4381
64.2054
63.6073
62.7858
61.8295
60.8042
59.7345
58.6271
57.4794
56.2737
54.9842
53.5807
52.0256
50.2702
48.2885
46.1335
43.9007
41.6539
39.4422
37.3276
35.3852
33.7021
32.3705
31.4891
31.1505
31.4179
32.3083
33.7568
35.5783
37.2993
26.6891
20.9768
14.2469
6.87529
-0.463702
-8.31685
-16.3241
-24.2052
-32.0552
-39.7204
-47.1536
-54.4018
-61.4291
-68.2522
-74.8851
-81.3147
-87.5264
-93.4901
-99.1577
-104.467
-109.336
-113.668
-117.369
-120.365
-122.661
-124.305
-125.265
-125.437
-124.692
-122.891
-119.897
-115.576
-109.808
-102.499
-93.6048
-83.151
-71.2754
-58.2872
-45.2213
31.8852
36.6545
41.671
46.5758
50.8555
54.5576
57.488
59.4531
60.5432
60.9467
60.8214
60.3459
59.6561
58.8368
57.951
57.0237
56.0628
55.0675
54.0226
52.906
51.6911
50.344
48.8208
47.0968
45.2181
43.2684
41.3028
39.3623
37.4983
35.7737
34.2612
33.0379
32.1862
31.7839
31.8844
32.5029
33.5863
34.9832
36.3022
24.4513
19.003
12.5933
5.58583
-1.37727
-8.81607
-16.3859
-23.8213
-31.2122
-38.4136
-45.3814
-52.1607
-58.7176
-65.069
-71.2283
-77.1841
-82.9237
-88.4197
-93.6283
-98.4939
-102.942
-106.886
-110.241
-112.944
-115.005
-116.475
-117.331
-117.481
-116.811
-115.202
-112.532
-108.681
-103.54
-97.0226
-89.0788
-79.7189
-69.0443
-57.2982
-45.3909
29.4154
33.9792
38.7897
43.5074
47.6387
51.2325
54.1036
56.0619
57.1895
57.6658
57.6387
57.2756
56.7064
56.0122
55.2533
54.4548
53.6258
52.7669
51.8657
50.903
49.8554
48.6929
47.3758
45.8812
44.2489
42.5521
40.8382
39.1412
37.5036
35.9774
34.6228
33.5037
32.6878
32.2398
32.2041
32.5937
33.3656
34.397
35.3678
22.3916
17.1966
11.0937
4.43436
-2.17049
-9.21462
-16.3686
-23.3814
-30.3384
-37.1023
-43.632
-49.9706
-56.0873
-61.9975
-67.7151
-73.2298
-78.5307
-83.5929
-88.3772
-92.8325
-96.8925
-100.478
-103.516
-105.951
-107.796
-109.105
-109.862
-109.988
-109.383
-107.943
-105.562
-102.134
-97.5591
-91.7587
-84.681
-76.3221
-66.752
-56.156
-45.3328
27.1329
31.499
36.1107
40.647
44.6337
48.1208
50.9317
52.88
54.0396
54.5811
54.6435
54.3832
53.9242
53.344
52.7001
52.018
51.3076
50.5707
49.7973
48.9711
48.0716
47.0724
45.9381
44.647
43.2335
41.7618
40.2722
38.7929
37.3586
36.0121
34.8026
33.7825
33.0069
32.5287
32.3841
32.584
33.0934
33.8135
34.4854
20.4976
15.5456
9.73631
3.40988
-2.85333
-9.5215
-16.2806
-22.8928
-29.4393
-35.7903
-41.9076
-47.8325
-53.5365
-59.0347
-64.3407
-69.4451
-74.3388
-78.9991
-83.3907
-87.4676
-91.17
-94.4266
-97.1727
-99.3612
-101.009
-102.172
-102.837
-102.939
-102.39
-101.1
-98.9768
-95.9268
-91.8624
-86.7099
-80.4175
-72.9703
-64.4116
-54.8767
-45.0641
25.0248
29.2004
33.6203
37.981
41.8268
45.2089
47.9587
49.8936
51.0798
51.6796
51.8232
51.6564
51.2976
50.821
50.2812
49.704
49.0999
48.4717
47.8119
47.1066
46.3381
45.483
44.5098
43.3988
42.1793
40.907
39.6165
38.3308
37.0782
35.8934
34.8163
33.8896
33.1571
32.6617
32.4323
32.4774
32.7688
33.227
33.6451
18.7574
14.0384
8.5105
2.50222
-3.43508
-9.74541
-16.1293
-22.3617
-28.5201
-34.4814
-40.2107
-45.7473
-51.0647
-56.178
-61.1003
-65.8232
-70.3392
-74.6275
-78.6564
-82.3844
-85.7577
-88.7128
-91.1923
-93.1563
-94.625
-95.6538
-96.2363
-96.3145
-95.8139
-94.6569
-92.7633
-90.0521
-86.4454
-81.8763
-76.2933
-69.6729
-62.036
-53.4766
-44.6031
23.0789
27.0712
31.3059
35.4965
39.2049
42.4834
45.1713
47.0896
48.2976
48.9489
49.1654
49.0836
48.8156
48.4328
47.987
47.5039
46.9948
46.4635
45.9044
45.3058
44.6525
43.9243
43.093
42.1409
41.0925
39.9964
38.8819
37.7676
36.6765
35.6365
34.6797
33.84
33.1524
32.6506
32.3573
32.2787
32.3916
32.6324
32.8377
17.1598
12.6645
7.40595
1.70177
-3.92467
-9.89451
-15.9218
-21.7945
-27.5857
-33.1795
-38.5437
-43.7157
-48.6713
-53.425
-57.9896
-62.3581
-66.5236
-70.4681
-74.1624
-77.5695
-80.6407
-83.3196
-85.5557
-87.3158
-88.6223
-89.5301
-90.0371
-90.0934
-89.6354
-88.5965
-86.908
-84.4994
-81.3026
-77.2568
-72.312
-66.4384
-59.639
-51.9724
-43.9684
21.2837
25.0996
29.1554
33.1812
36.7557
39.9323
42.5574
44.4561
45.6807
46.3772
46.6591
46.6538
46.4679
46.1696
45.8083
45.4095
44.9851
44.5398
44.0695
43.5648
43.0129
42.396
41.6894
40.8768
39.979
39.0379
38.0783
37.1152
36.1671
35.2561
34.4079
33.6491
33.0069
32.5075
32.1681
31.9929
31.9623
32.0252
32.0547
15.6947
11.4138
6.41323
0.999616
-4.33043
-9.97614
-15.665
-21.1968
-26.6407
-31.8878
-36.9085
-41.7385
-46.3553
-50.7734
-55.005
-59.0443
-62.8852
-66.5117
-69.8976
-73.0096
-75.8039
-78.2303
-80.2452
-81.8206
-82.9807
-83.7797
-84.2188
-84.2554
-83.8353
-82.9018
-81.396
-79.2575
-76.4267
-72.8488
-68.4763
-63.2748
-57.2328
-50.3808
-43.1788
19.6287
23.2746
27.1578
31.0236
34.4677
37.5437
40.1053
41.9814
43.2181
43.9534
44.2936
44.3567
44.2447
44.0223
43.7367
43.4131
43.0639
42.6946
42.3027
41.8804
41.4172
40.8977
40.3001
39.6099
38.8442
38.039
37.2152
36.385
35.563
34.7666
34.0158
33.3315
32.7344
32.2444
31.8741
31.6256
31.482
31.402
31.2886
14.3522
10.2768
5.52338
0.387486
-4.66001
-9.99722
-15.3647
-20.5735
-25.6893
-30.6095
-35.3071
-39.8162
-44.1159
-48.2208
-52.1424
-55.8759
-59.4163
-62.7493
-65.8511
-68.6921
-71.2332
-73.4296
-75.2433
-76.6518
-77.6804
-78.3823
-78.7607
-78.7799
-78.394
-77.5545
-76.2117
-74.3139
-71.8093
-68.6489
-64.7876
-60.1888
-54.8295
-48.718
-42.253
18.1036
21.5861
25.3024
29.0133
32.3301
35.3069
37.8043
39.655
40.8992
41.6675
42.0589
42.1831
42.1369
41.9825
41.7644
41.5076
41.225
40.9227
40.5995
40.2494
39.8636
39.429
38.9266
38.3432
37.6929
37.0065
36.3015
35.5876
34.8762
34.1811
33.5176
32.9016
32.3487
31.8736
31.4848
31.1828
30.9526
30.7601
30.533
13.1232
9.24503
4.72816
-0.142522
-4.92065
-9.96432
-15.0266
-19.9294
-24.7351
-29.3474
-33.7411
-37.949
-41.9522
-45.7649
-49.3981
-52.8479
-56.1103
-59.1722
-62.0128
-64.6054
-66.9151
-68.9021
-70.5335
-71.7918
-72.7027
-73.3178
-73.6426
-73.6469
-73.2918
-72.5367
-71.3393
-69.6556
-67.4411
-64.6521
-61.2465
-57.1862
-52.4404
-46.9997
-41.2094
16.6992
20.0243
23.5796
27.1401
30.3328
33.2118
35.6442
37.4668
38.7142
39.5098
39.9458
40.124
40.1364
40.0423
39.884
39.6864
39.4625
39.2191
38.956
38.6688
38.3504
37.9895
37.5699
37.0795
36.5298
35.9468
35.3453
34.7329
34.1184
33.5124
32.9267
32.373
31.8629
31.4066
31.0097
30.6708
30.3763
30.0976
29.7823
11.9992
8.31013
4.01977
-0.59756
-5.11896
-9.88337
-14.6559
-19.269
-23.7819
-28.1037
-32.2118
-36.1374
-39.8634
-43.4033
-46.7683
-49.955
-52.9603
-55.7725
-58.3731
-60.7381
-62.8365
-64.6331
-66.0999
-67.223
-68.0289
-68.5671
-68.8448
-68.8366
-68.5098
-67.8304
-66.7626
-65.2694
-63.3123
-60.853
-57.8523
-54.272
-50.0757
-45.2406
-40.0661
15.4068
18.5802
21.98
25.3947
28.4663
31.2488
33.6156
35.4075
36.654
37.4716
37.9459
38.1714
38.2354
38.1945
38.0892
37.9436
37.7712
37.5792
37.3684
37.136
36.876
36.579
36.2312
35.8213
35.3589
34.8658
34.3541
33.8299
33.3
32.7723
32.2557
31.7588
31.2896
30.855
30.4581
30.0959
29.756
29.4136
29.0322
10.9723
7.46455
3.3909
-0.984417
-5.26112
-9.75997
-14.2576
-18.5964
-22.8324
-26.8806
-30.7203
-34.3813
-37.8482
-41.1339
-44.2495
-47.1923
-49.9599
-52.5421
-54.9222
-57.0789
-58.9848
-60.6088
-61.927
-62.9289
-63.6413
-64.1117
-64.3482
-64.3298
-64.029
-63.4175
-62.4654
-61.1414
-59.4127
-57.2455
-54.6039
-51.4502
-47.7446
-43.4547
-38.8397
14.218
17.2454
20.4951
23.7683
26.7216
29.409
31.7095
33.4683
34.71
35.5444
36.051
36.3175
36.4267
36.4327
36.3736
36.2737
36.1463
35.999
35.8338
35.6486
35.439
35.1972
34.9112
34.5712
34.1843
33.7689
33.335
32.8873
32.431
31.9719
31.5164
31.0709
30.6405
30.2296
29.839
29.4648
29.0949
28.7078
28.2791
10.0351
6.70109
2.83492
-1.30933
-5.35296
-9.59924
-13.836
-17.9151
-21.8897
-25.6801
-29.2676
-32.6806
-35.9052
-38.954
-41.838
-44.5549
-47.1028
-49.4732
-51.6511
-53.6174
-55.348
-56.8156
-57.9999
-58.8934
-59.5228
-59.9335
-60.1342
-60.1077
-59.8311
-59.2807
-58.4318
-57.258
-55.7315
-53.8227
-51.4987
-48.7234
-45.455
-41.6544
-37.5463
13.1252
16.012
19.1167
22.2526
25.0905
27.6839
29.9177
31.6411
32.8742
33.7206
34.254
34.5556
34.7039
34.7506
34.732
34.6718
34.5835
34.4749
34.3488
34.2044
34.0382
33.8438
33.6111
33.3312
33.0095
32.661
32.2943
31.9127
31.5203
31.1211
30.7198
30.3206
29.9268
29.5406
29.1613
28.7839
28.3968
27.9806
27.5207
9.18047
6.01313
2.3455
-1.57816
-5.3997
-9.40579
-13.3951
-17.2284
-20.9563
-24.5037
-27.8542
-31.0349
-34.0331
-36.8613
-39.53
-42.0376
-44.3829
-46.5583
-48.5508
-50.3433
-51.9145
-53.2406
-54.3044
-55.1011
-55.6571
-56.0153
-56.1851
-56.1526
-55.8984
-55.403
-54.6461
-53.6057
-52.258
-50.5774
-48.5341
-46.0937
-43.2138
-39.8511
-36.2008
12.1212
14.8726
17.8372
20.84
23.5652
26.0659
28.2323
29.9181
31.1392
31.993
32.548
32.8791
33.061
33.1428
33.1592
33.1332
33.0787
33.0035
32.9111
32.8016
32.6725
32.5187
32.3316
32.1033
31.8377
31.5469
31.2379
30.9134
30.5761
30.2292
29.8757
29.5183
29.1588
28.7977
28.4332
28.0596
27.6656
27.233
26.7553
8.40209
5.3945
1.91682
-1.7963
-5.40628
-9.18404
-12.9386
-16.5393
-20.0341
-23.3528
-26.4808
-29.4438
-32.2305
-34.8531
-37.3219
-39.6358
-41.7941
-43.7902
-45.6127
-47.2466
-48.673
-49.8712
-50.8269
-51.5373
-52.0283
-52.3407
-52.4841
-52.447
-52.2137
-51.7681
-51.0932
-50.1711
-48.9815
-47.5022
-45.7065
-43.5619
-41.0267
-38.0551
-34.8168
11.1993
13.8203
16.6497
19.5232
22.1384
24.5475
26.6462
28.2924
29.4981
30.355
30.9266
31.2822
31.4924
31.6043
31.6506
31.6541
31.6284
31.5818
31.5182
31.4384
31.341
31.2218
31.0736
30.8895
30.6718
30.4304
30.171
29.8956
29.6062
29.3047
28.9933
28.6735
28.3458
28.0098
27.6625
27.2981
26.9051
26.4666
25.982
7.6939
4.83943
1.54344
-1.96866
-5.37715
-8.93795
-12.4698
-15.8504
-19.1251
-22.2285
-25.1474
-27.9065
-30.4957
-32.9269
-35.21
-37.3445
-39.3303
-41.1617
-42.8284
-44.3177
-45.6127
-46.6953
-47.554
-48.1875
-48.6213
-48.8938
-49.0147
-48.9747
-48.7609
-48.3601
-47.7585
-46.9413
-45.8914
-44.5896
-43.012
-41.1285
-38.8983
-36.275
-33.4067
10.3532
12.8488
15.5476
18.2956
20.8032
23.1221
25.1525
26.7573
27.9444
28.8003
29.3841
29.7594
29.9932
30.1304
30.2021
30.2306
30.2296
30.2072
30.168
30.1135
30.0428
29.9529
29.8379
29.6913
29.5146
29.3155
29.0985
28.8653
28.617
28.3551
28.0808
27.7946
27.4965
27.185
26.8567
26.5052
26.1195
25.6834
25.2006
7.05031
4.34255
1.22033
-2.09993
-5.31658
-8.67109
-11.9918
-15.1641
-18.2311
-21.1316
-23.8541
-26.4221
-28.8268
-31.0797
-33.1905
-35.159
-36.9857
-38.6656
-40.1899
-41.5472
-42.723
-43.7015
-44.4732
-45.0385
-45.4219
-45.6596
-45.7615
-45.7198
-45.5242
-45.164
-44.6278
-43.9036
-42.9771
-41.8317
-40.4461
-38.7925
-36.8321
-34.5185
-31.9815
9.57726
11.9519
14.5246
17.1509
19.5534
21.7832
23.7451
25.3066
26.472
27.3234
27.9151
28.3057
28.5587
28.7169
28.8099
28.8595
28.8792
28.8772
28.8586
28.8253
28.7773
28.7121
28.625
28.5104
28.3686
28.2054
28.0247
27.8276
27.6148
27.3873
27.1455
26.8896
26.6187
26.331
26.0225
25.6868
25.313
24.8856
24.4116
6.46609
3.89888
0.942859
-2.19442
-5.22838
-8.38686
-11.5072
-14.4824
-17.3533
-20.0628
-22.6007
-24.9898
-27.2221
-29.3089
-31.2597
-33.0747
-34.7545
-36.2952
-37.6892
-38.9263
-39.994
-40.8786
-41.5723
-42.077
-42.4163
-42.6239
-42.7096
-42.6676
-42.489
-42.1654
-41.6878
-41.046
-40.2285
-39.2208
-38.0042
-36.553
-34.8307
-32.7922
-30.5509
8.86593
11.1242
13.5751
16.0832
18.383
20.5248
22.4178
23.9345
25.0755
25.9187
26.5146
26.9165
27.1848
27.36
27.4706
27.5377
27.5747
27.5898
27.5883
27.5728
27.5436
27.4992
27.4357
27.3481
27.2357
27.1032
26.9534
26.7871
26.605
26.4072
26.1941
25.9652
25.7195
25.4544
25.1661
24.848
24.4895
24.0755
23.6157
5.93635
3.50378
0.706685
-2.25607
-5.11609
-8.08826
-11.0187
-13.8073
-16.4928
-19.0223
-21.3869
-23.6083
-25.6795
-27.6117
-29.4138
-31.0866
-32.6311
-34.0439
-35.3185
-36.4461
-37.4158
-38.2158
-38.84
-39.2909
-39.5914
-39.773
-39.8453
-39.8037
-39.6411
-39.3507
-38.9254
-38.357
-37.6357
-36.7494
-35.6813
-34.4082
-32.8959
-31.1011
-29.1235
8.2142
10.3605
12.6938
15.0872
17.2866
19.3416
21.1654
22.6357
23.7494
24.5814
25.178
25.5877
25.8675
26.0562
26.1811
26.2625
26.3136
26.3428
26.3556
26.3548
26.3413
26.3142
26.2704
26.2055
26.1181
26.0115
25.888
25.7481
25.5922
25.4204
25.2324
25.0277
24.8049
24.5615
24.2933
23.9939
23.6529
23.2559
22.8143
5.45662
3.15293
0.507721
-2.28859
-4.98302
-7.77813
-10.5283
-13.1404
-15.6508
-18.0106
-20.2122
-22.2763
-24.197
-25.9851
-27.6491
-29.1902
-30.6098
-31.905
-33.0704
-34.0983
-34.9792
-35.703
-36.2649
-36.6683
-36.9348
-37.0941
-37.1553
-37.1149
-36.9673
-36.7071
-36.3286
-35.8254
-35.1891
-34.4097
-33.4722
-32.3558
-31.0285
-29.4495
-27.7065
7.61737
9.65588
11.8758
14.1578
16.2591
18.2285
19.9828
21.4053
22.4888
23.3067
23.9012
24.3154
24.6033
24.8024
24.9384
25.0313
25.094
25.1346
25.159
25.1703
25.1698
25.157
25.1296
25.0837
25.0173
24.9326
24.8314
24.7141
24.5808
24.4314
24.2656
24.0825
23.8808
23.6577
23.4091
23.1289
22.807
22.4293
22.0087
5.02281
2.84245
0.342376
-2.29525
-4.8321
-7.45901
-10.0382
-12.4831
-14.828
-17.0278
-19.076
-20.9923
-22.7722
-24.4261
-25.9618
-27.3808
-28.6851
-29.8723
-30.9377
-31.8748
-32.6752
-33.3303
-33.8366
-34.1979
-34.4348
-34.5749
-34.6271
-34.5886
-34.4551
-34.2223
-33.8859
-33.4405
-32.8795
-32.1943
-31.3718
-30.3932
-29.2289
-27.8407
-26.3061
7.07121
9.00597
11.1164
13.2902
15.2957
17.1806
18.8652
20.2387
21.289
22.0904
22.6803
23.0959
23.3889
23.5954
23.74
23.8419
23.9136
23.9635
23.9973
24.0184
24.0284
24.0274
24.0137
23.9836
23.9349
23.8686
23.7863
23.6882
23.5744
23.4445
23.2982
23.1345
22.9519
22.7478
22.5184
22.2574
21.9554
21.5985
21.2005
4.63115
2.56886
0.207335
-2.27895
-4.6658
-7.13287
-9.54979
-11.8365
-14.0247
-16.0738
-17.9775
-19.7549
-21.4033
-22.9319
-24.3481
-25.6539
-26.8515
-27.9393
-28.9132
-29.7674
-30.4949
-31.0883
-31.545
-31.8691
-32.0802
-32.204
-32.2488
-32.2129
-32.0926
-31.8848
-31.5861
-31.1924
-30.6981
-30.096
-29.3746
-28.5172
-27.4966
-26.2771
-24.9275
6.57182
8.40668
10.4115
12.4802
14.3919
16.1933
17.8078
19.1312
20.1457
20.929
21.512
21.9261
22.2212
22.4325
22.5833
22.692
22.7708
22.8279
22.8691
22.8981
22.9167
22.9253
22.9227
22.9058
22.8718
22.8211
22.7548
22.6731
22.576
22.4632
22.334
22.1876
22.0226
21.8364
21.6251
21.3831
21.1011
20.7659
20.3917
4.27777
2.32844
0.0991549
-2.24285
-4.487
-6.80193
-9.06475
-11.2016
-13.2411
-15.1481
-16.9153
-18.5625
-20.0882
-21.5
-22.8047
-24.0052
-25.1042
-26.1004
-26.9901
-27.7688
-28.4302
-28.968
-29.3804
-29.6717
-29.8604
-29.9703
-30.0095
-29.9766
-29.8688
-29.6839
-29.4193
-29.0716
-28.6365
-28.1078
-27.4756
-26.7249
-25.8308
-24.7604
-23.5749
6.1152
7.85414
9.7574
11.7237
13.5439
15.2626
16.8064
18.0784
19.0539
19.8185
20.3935
20.8033
21.0975
21.3113
21.4662
21.5797
21.6637
21.7263
21.7734
21.8086
21.834
21.8503
21.8568
21.8507
21.829
21.7914
21.7387
21.671
21.5884
21.4904
21.3764
21.2457
21.0967
20.927
20.7331
20.5095
20.2475
19.9342
19.5841
3.95888
2.11708
0.0137492
-2.19104
-4.29921
-6.46975
-8.58588
-10.5801
-12.4782
-14.2513
-15.888
-17.4119
-18.8236
-20.1267
-21.3272
-22.4296
-23.4374
-24.3492
-25.162
-25.8716
-26.473
-26.9608
-27.3337
-27.5962
-27.7654
-27.8636
-27.8984
-27.8689
-27.7731
-27.6092
-27.3753
-27.0688
-26.6864
-26.2227
-25.6692
-25.0125
-24.23
-23.2914
-22.2513
5.69757
7.34468
9.15047
11.018
12.7491
14.3864
15.8592
17.0779
18.008
18.754
19.3209
19.7237
20.0146
20.2289
20.3864
20.5032
20.5908
20.6574
20.7089
20.7488
20.7796
20.802
20.8159
20.8187
20.8072
20.7806
20.7394
20.6838
20.6136
20.5286
20.4282
20.3114
20.1771
20.0229
19.8455
19.6396
19.3971
19.1056
18.7796
3.67194
1.93247
-0.0511156
-2.12566
-4.10486
-6.13866
-8.11538
-9.97435
-11.7379
-13.3852
-14.8947
-16.3004
-17.606
-18.8078
-19.9104
-20.9214
-21.8449
-22.6791
-23.4212
-24.068
-24.6152
-25.0581
-25.3961
-25.6332
-25.7859
-25.8744
-25.9061
-25.8805
-25.796
-25.6515
-25.4455
-25.1762
-24.8407
-24.4347
-23.9508
-23.377
-22.6929
-21.8709
-20.9596
5.3162
6.87525
8.58773
10.3594
12.0042
13.5614
14.9643
16.1287
17.0046
17.7318
18.2904
18.6838
18.9691
19.1824
19.341
19.4597
19.5498
19.6193
19.674
19.7176
19.7524
19.7798
19.7997
19.8098
19.8068
19.7895
19.7581
19.7129
19.6537
19.5802
19.4918
19.3878
19.2669
19.1271
18.9652
18.7763
18.5528
18.2827
17.9806
3.417
1.77569
-0.0931986
-2.04371
-3.90051
-5.80466
-7.65003
-9.38194
-11.0193
-12.5467
-13.9361
-15.2336
-16.441
-17.546
-18.555
-19.4797
-20.3243
-21.0861
-21.7625
-22.3514
-22.8491
-23.2517
-23.5584
-23.7734
-23.9119
-23.9925
-24.0223
-24.001
-23.9273
-23.8008
-23.6203
-23.3844
-23.0911
-22.7365
-22.3143
-21.814
-21.2171
-20.4984
-19.7011
4.97032
6.44431
8.06532
9.74248
11.302
12.7785
14.1123
15.2228
16.0462
16.7581
17.305
17.6839
17.9608
18.1714
18.3293
18.4482
18.5393
18.6104
18.6672
18.7134
18.7514
18.7826
18.8073
18.8235
18.8275
18.8182
18.7953
18.7592
18.7096
18.6464
18.569
18.4765
18.3681
18.2416
18.0944
17.9218
17.7166
17.4672
17.1885
3.19223
1.64525
-0.112798
-1.94455
-3.6839
-5.4638
-7.18348
-8.79604
-10.3142
-11.727
-13.0042
-14.2138
-15.3354
-16.3439
-17.2601
-18.1034
-18.8743
-19.5679
-20.1826
-20.7177
-21.1701
-21.5358
-21.8144
-22.0099
-22.1363
-22.2108
-22.2398
-22.2233
-22.1603
-22.0509
-21.8939
-21.6882
-21.4327
-21.124
-20.7565
-20.3211
-19.8013
-19.1741
-18.4783
4.65802
6.04935
7.58027
9.16281
10.636
12.0281
13.2919
14.3423
15.1217
15.8375
16.3696
16.7242
16.9894
17.1966
17.3527
17.4701
17.5608
17.6325
17.6905
17.7382
17.7783
17.8122
17.8406
17.8615
17.8714
17.8686
17.853
17.8247
17.7837
17.7296
17.662
17.5802
17.4834
17.3695
17.2361
17.0789
16.8911
16.6619
16.4058
3.01926
1.54578
-0.127836
-1.86194
-3.50045
-5.16635
-6.75601
-8.23387
-9.59698
-10.8711
-11.9493
-13.1173
-14.2277
-15.1868
-16.0533
-16.861
-17.602
-18.2663
-18.854
-19.3658
-19.7984
-20.148
-20.4141
-20.6008
-20.7217
-20.7933
-20.8229
-20.8101
-20.7552
-20.6587
-20.5153
-20.3294
-20.0996
-19.8224
-19.4923
-19.1014
-18.6349
-18.0718
-17.4477
4.41693
5.74047
7.1977
8.69062
10.0723
11.3565
12.5017
13.4072
14.0793
14.9161
15.4917
15.8462
16.1199
16.3418
16.5089
16.6339
16.7308
16.8082
16.8713
16.924
16.9688
17.0078
17.0415
17.0686
17.0851
17.0889
17.0798
17.058
17.0236
16.9762
16.9156
16.8411
16.7518
16.6464
16.5223
16.3755
16.1998
15.9842
15.7437
2.88275
1.46933
-0.133712
-1.78463
-3.33222
-4.88817
-6.34712
-7.67879
-8.86434
-9.97622
-10.8009
-11.9744
-13.1248
-14.0674
-14.9133
-15.7152
-16.4547
-17.1158
-17.6998
-18.2082
-18.638
-18.9851
-19.249
-19.4342
-19.5546
-19.6267
-19.6589
-19.6496
-19.6013
-19.5148
-19.3779
-19.2041
-18.9914
-18.7349
-18.4297
-18.069
-17.6393
-17.1204
-16.5453
4.22363
5.48942
6.8785
8.28384
9.5676
10.7255
11.721
12.442
12.9721
13.988
14.6514
15.0268
15.323
15.5714
15.7589
15.8982
16.0065
16.0935
16.165
16.2251
16.2769
16.3227
16.3636
16.3982
16.4223
16.4331
16.4303
16.4144
16.3856
16.3436
16.2881
16.2188
16.1348
16.0348
15.9167
15.7764
15.608
15.4005
15.1691
2.75088
1.39828
-0.133132
-1.69978
-3.15595
-4.60145
-5.93195
-7.11983
-8.13722
-9.09019
-9.67796
-10.8411
-12.0207
-12.9448
-13.7649
-14.5551
-15.2894
-15.9449
-16.523
-17.0267
-17.4531
-17.7973
-18.0593
-18.2435
-18.3638
-18.437
-18.4723
-18.4674
-18.4265
-18.3515
-18.2227
-18.0624
-17.8685
-17.6341
-17.3547
-17.0246
-16.6318
-16.1576
-15.6372
4.03405
5.24183
6.5622
7.88009
9.06784
10.1003
10.9521
11.4987
11.8894
13.0477
13.7987
14.1955
14.5087
14.7799
14.9869
15.1399
15.2587
15.3547
15.4341
15.5014
15.5598
15.6121
15.66
15.702
15.7336
15.7512
15.7548
15.7449
15.7216
15.6849
15.6347
15.5706
15.4922
15.3982
15.2866
15.1537
14.9937
14.7959
14.5769
2.62421
1.33258
-0.126659
-1.60899
-2.97396
-4.30945
-5.51468
-6.56115
-7.42082
-8.21187
-8.58831
-9.7224
-10.9147
-11.819
-12.6113
-13.3841
-14.1088
-14.7562
-15.3268
-15.8243
-16.2463
-16.5875
-16.8478
-17.0314
-17.152
-17.2263
-17.2645
-17.2632
-17.2287
-17.1635
-17.0409
-16.8917
-16.714
-16.4994
-16.2435
-15.9423
-15.5843
-15.1502
-14.6673
3.84926
4.99943
6.25111
7.48257
8.57665
9.48481
10.2003
10.5788
10.8388
12.097
12.931
13.3535
13.6798
13.9695
14.1943
14.3606
14.4894
14.5936
14.6803
14.7541
14.8187
14.8772
14.9317
14.9809
15.0197
15.0442
15.0543
15.0505
15.0332
15.0023
14.9576
14.8988
14.8256
14.737
14.6309
14.5042
14.3511
14.1605
13.9467
2.50388
1.2728
-0.114433
-1.51318
-2.78808
-4.01511
-5.09902
-6.00708
-6.71962
-7.34427
-7.53731
-8.62377
-9.80843
-10.6898
-11.4525
-12.203
-12.9135
-13.5503
-14.1117
-14.6021
-15.019
-15.3569
-15.6155
-15.7991
-15.9217
-16.0002
-16.0453
-16.0527
-16.0307
-15.9814
-15.8726
-15.7414
-15.5858
-15.3957
-15.167
-14.8964
-14.5749
-14.1884
-13.7779
3.67101
4.76429
5.9479
7.0946
8.09774
8.88237
9.46884
9.67999
9.81953
11.138
12.0457
12.4985
12.8371
13.1417
13.3816
13.5601
13.6983
13.8107
13.9046
13.9849
14.0555
14.12
14.1806
14.2366
14.2823
14.3134
14.3296
14.3317
14.3202
14.2953
14.2572
14.2058
14.1408
14.0614
13.9656
13.8498
13.7091
13.5344
13.3465
2.39076
1.21907
-0.0974659
-1.41416
-2.60113
-3.72231
-4.68981
-5.46346
-6.03902
-6.49219
-6.52809
-7.5485
-8.70366
-9.55664
-10.2885
-11.0125
-11.7041
-12.3274
-12.878
-13.3605
-13.7725
-14.1081
-14.3655
-14.5481
-14.6685
-14.7449
-14.7887
-14.7949
-14.7735
-14.7271
-14.6194
-14.4942
-14.3497
-14.1752
-13.9672
-13.7227
-13.4309
-13.0695
-12.6485
3.50106
4.53897
5.65548
6.72008
7.63465
8.29654
8.76069
8.80012
8.8269
10.1721
11.1412
11.6273
11.9799
12.2984
12.5524
12.7411
12.8865
13.0052
13.1056
13.1925
13.2696
13.3405
13.408
13.4713
13.5248
13.5636
13.5869
13.5953
13.5893
13.5687
13.5335
13.4837
13.4193
13.3399
13.2444
13.1299
12.9907
12.8128
12.6028
2.28578
1.17057
-0.0782857
-1.31612
-2.4178
-3.43657
-4.29218
-4.93533
-5.38248
-5.6595
-5.56261
-6.49871
-7.60237
-8.41968
-9.11806
-9.81156
-10.4802
-11.0869
-11.6249
-12.0976
-12.5036
-12.8381
-13.1002
-13.2936
-13.4305
-13.5267
-13.5936
-13.6254
-13.6337
-13.6203
-13.5429
-13.4491
-13.3374
-13.1951
-13.0185
-12.8072
-12.5587
-12.271
-12.0074
3.34212
4.32734
5.37867
6.36425
7.19038
7.72759
8.07295
7.9313
7.84912
9.19822
10.2187
10.7371
11.1022
11.4342
11.7055
11.9087
12.0626
12.1853
12.2881
12.3774
12.458
12.5333
12.6063
12.6761
12.7367
12.7833
12.8156
12.8348
12.8417
12.8364
12.8193
12.7901
12.7483
12.6925
12.621
12.5307
12.419
12.2837
12.1588
2.18993
1.12631
-0.060313
-1.22455
-2.245
-3.16543
-3.91174
-4.42581
-4.75073
-4.8489
-4.6406
-5.47498
-6.50619
-7.27897
-7.93917
-8.59693
-9.23814
-9.82687
-10.3529
-10.8168
-11.2148
-11.5395
-11.7867
-11.9569
-12.0651
-12.1333
-12.1737
-12.1801
-12.1643
-12.1276
-12.0305
-11.9255
-11.811
-11.6749
-11.5132
-11.3229
-11.0874
-10.7695
-10.3348
3.19693
4.13353
5.1232
6.03382
6.76879
7.17692
7.40339
7.06477
6.86694
8.20747
9.27939
9.83501
10.2096
10.5434
10.8222
11.0407
11.2139
11.3543
11.4698
11.5667
11.6513
11.7294
11.8052
11.8784
11.9421
11.9892
12.0186
12.031
12.0268
12.0066
11.9709
11.9209
11.8575
11.7814
11.6923
11.5864
11.4537
11.269
11.0144
2.10424
1.08777
-0.0422692
-1.13993
-2.08594
-2.91585
-3.55729
-3.94658
-4.15669
-4.07236
-3.76228
-4.47653
-5.41586
-6.1347
-6.75125
-7.36615
-7.97084
-8.53414
-9.0473
-9.51146
-9.92431
-10.2809
-10.5807
-10.8265
-11.0196
-11.1675
-11.2847
-11.3671
-11.4327
-11.4815
-11.457
-11.4157
-11.3581
-11.2706
-11.151
-11.0044
-10.8449
-10.7
-10.6907
3.06587
3.95788
4.89098
5.73385
6.37815
6.66375
6.77579
6.2057
5.86173
7.17824
8.30303
8.918
9.33095
9.67678
9.9429
10.1371
10.2914
10.4288
10.5564
10.674
10.7817
10.8814
10.9775
11.0726
11.1646
11.2481
11.3208
11.3832
11.4349
11.4755
11.5039
11.5185
11.5176
11.4993
11.4626
11.4081
11.3447
11.2925
11.3214
2.02965
1.05743
-0.0202332
-1.05785
-1.93861
-2.69157
-3.2415
-3.52605
-3.63572
-3.35326
-2.93022
-3.50759
-4.33327
-4.98311
-5.5513
-6.12341
-6.68736
-7.21041
-7.68069
-8.09665
-8.45206
-8.73242
-8.92431
-9.02616
-9.07233
-9.10138
-9.11807
-9.10941
-9.08051
-9.03152
-8.93665
-8.84713
-8.75928
-8.66139
-8.54794
-8.40955
-8.21012
-7.87472
-7.2766
2.94876
3.79949
4.68178
5.46616
6.02806
6.22025
6.2249
5.35682
4.82722
6.10398
7.24385
7.89922
8.38302
8.82271
9.17328
9.40792
9.54664
9.62603
9.67869
9.72537
9.77652
9.83679
9.90628
9.9748
10.0239
10.0484
10.0532
10.041
10.0134
9.97248
9.92098
9.86214
9.79895
9.73318
9.66323
9.57976
9.45405
9.2233
8.80396
1.96715
1.02576
-0.0127705
-1.00109
-1.82551
-2.50931
-2.97326
-3.16833
-3.17214
-2.66311
-2.13095
-2.58048
-3.2738
-3.82162
-4.31623
-4.84136
-5.39113
-5.93719
-6.46644
-6.97699
-7.46838
-7.94295
-8.40084
-8.82857
-9.1783
-9.43438
-9.6412
-9.81174
-9.98527
-10.1561
-10.218
-10.2346
-10.2368
-10.2158
-10.1662
-10.1015
-10.0716
-10.1636
-10.6074
2.85674
3.67689
4.51729
5.24578
5.72184
5.82607
5.66213
4.41469
3.73945
5.04011
6.1724
6.77467
7.18308
7.57887
7.98212
8.38052
8.7571
9.08609
9.35176
9.55463
9.70617
9.82189
9.92376
10.0447
10.2078
10.3899
10.561
10.7145
10.85
10.9666
11.0612
11.1297
11.1693
11.1793
11.1644
11.1386
11.1433
11.2634
11.6609
1.91865
0.96701
-0.0736265
-1.04278
-1.82291
-2.42579
-2.76667
-2.81719
-2.61833
-1.85426
-1.30504
-1.68046
-2.26563
-2.70505
-3.06753
-3.41973
-3.76768
-4.09938
-4.40547
-4.67529
-4.88678
-5.00514
-5.00483
-4.90058
-4.80051
-4.76367
-4.75462
-4.71994
-4.6394
-4.58959
-4.4986
-4.4153
-4.35435
-4.29818
-4.2346
-4.14877
-3.96675
-3.5598
-2.63452
2.81648
3.63623
4.45527
5.12176
5.47358
5.39692
4.84157
3.16564
2.48829
3.95838
5.29515
6.10254
6.54694
6.71427
6.64976
6.4541
6.2319
6.06726
5.98903
5.99187
6.05721
6.16836
6.29847
6.39044
6.39149
6.3391
6.28558
6.23622
6.18795
6.1395
6.09581
6.0629
6.04454
6.04065
6.04345
6.02762
5.92176
5.58345
4.79349
1.88838
0.888809
-0.195605
-1.18358
-1.94291
-2.46751
-2.66365
-2.51156
-2.0088
-0.988151
-0.438912
-0.708859
-1.20633
-1.69649
-2.20315
-2.73915
-3.30753
-3.90982
-4.55295
-5.25037
-6.02048
-6.87019
-7.75566
-8.57311
-9.14767
-9.4848
-9.80899
-10.066
-10.4955
-11.1187
-10.9105
-10.9156
-11.0856
-11.2045
-11.2461
-11.2835
-11.4335
-11.8556
-12.859
2.82775
3.67622
4.5001
5.11552
5.33325
5.00643
3.91163
1.85803
0.988426
2.28104
3.77722
5.28297
6.76774
8.19628
9.41435
10.3339
10.9706
11.3457
11.5218
11.5694
11.5484
11.506
11.5096
11.671
12.0387
12.4544
12.7899
13.0569
13.2829
13.4734
13.6202
13.7182
13.7699
13.7838
13.7804
13.801
13.9501
14.3892
15.3827
293.49
286.467
277.518
267.243
255.647
242.906
229.346
215.375
201.362
187.549
174.054
160.924
148.186
135.861
123.968
112.525
101.548
91.045
81.0213
71.4777
62.4097
53.8116
45.6737
37.9854
30.7345
23.9086
17.4953
11.4824
5.86055
0.619201
-4.25005
-8.75428
-12.9011
-16.6959
-20.1443
-23.2525
-26.0261
-28.472
-30.5984
-32.4151
-33.9326
-35.163
-36.1193
-36.8152
-37.2662
-37.4889
-37.5002
-37.3177
-36.9596
-36.4441
-35.7894
-35.013
-34.132
-33.1627
-32.1203
-31.0192
-29.8724
-28.6917
-27.4879
-26.2704
-25.0474
-23.8261
-22.6127
-21.4121
-20.229
-19.0662
-17.928
-16.9614
-16.0996
-15.2429
-14.2954
-13.4822
-12.3171
-11.8432
-9.97949
-10.7271
-6.8111
-10.9254
-2.05952
-13.5315
292.951
283.718
273.004
261.925
250.546
239.056
227.646
216.428
205.46
194.779
184.414
174.391
164.734
155.463
146.596
138.144
130.116
122.515
115.341
108.588
102.249
96.3112
90.7616
85.5839
80.7608
76.2746
72.107
68.2399
64.6559
61.338
58.2707
55.4383
52.8259
50.4196
48.2059
46.1713
44.3026
42.5868
41.011
39.5623
38.2279
36.9955
35.8528
34.788
33.7897
32.8475
31.9513
31.0921
30.2618
29.453
28.6598
27.8768
27.0997
26.3253
25.5511
24.7753
23.9969
23.2157
22.4317
21.6457
20.8586
20.0715
19.2859
18.5031
17.7251
16.953
16.1895
15.5412
14.974
14.3941
13.7656
13.1935
12.4227
12.0625
10.8007
11.3398
8.47484
11.9232
4.26697
15.818
113.198
111.931
111.328
110.787
110.076
109.139
107.911
106.326
104.342
101.937
99.1089
95.8733
92.2545
88.2826
83.9907
79.4138
74.5908
69.5623
64.3695
59.0549
53.6612
48.2299
42.8006
37.4106
32.095
26.8848
21.8083
16.8894
12.15
7.6075
3.27725
-0.827678
-4.69754
-8.32323
-11.6974
-14.8152
-17.6732
-20.2703
-22.6057
-24.6792
-26.4927
-28.0504
-29.3581
-30.4228
-31.2543
-31.8632
-32.2615
-32.4622
-32.4795
-32.3281
-32.0234
-31.5806
-31.0152
-30.3424
-29.5766
-28.732
-27.8216
-26.8579
-25.8521
-24.8145
-23.7545
-22.6802
-21.599
-20.5169
-19.44
-18.3719
-17.3175
-16.4175
-15.6092
-14.8089
-13.9063
-13.1491
-12.0173
-11.5973
-9.76831
-10.533
-6.72704
-10.6989
-2.22235
-13.1853
113.824
113.973
115.091
116.184
116.948
117.363
117.411
117.079
116.372
115.307
113.902
112.175
110.15
107.851
105.306
102.544
99.5982
96.5
93.2847
89.9868
86.6397
83.275
79.9226
76.6102
73.3619
70.1978
67.1353
64.188
61.3657
58.6756
56.1221
53.7071
51.4301
49.2896
47.2826
45.4046
43.6506
42.0145
40.4898
39.0693
37.7456
36.5106
35.3562
34.2741
33.2559
32.2934
31.3787
30.5041
29.6624
28.8471
28.0523
27.2727
26.5039
25.7421
24.9844
24.2285
23.4728
22.7164
21.9589
21.2002
20.4408
19.6814
18.9231
18.1671
17.415
16.668
15.9284
15.3
14.7495
14.1875
13.5747
13.021
12.2658
11.9183
10.6884
11.2044
8.43711
11.7432
4.40486
15.4209
52.9001
52.2665
51.7055
51.0914
50.4427
49.7929
49.1473
48.5038
47.8582
47.2016
46.5174
45.7846
44.979
44.076
43.0521
41.8854
40.5582
39.0562
37.3682
35.4885
33.4162
31.1555
28.7147
26.1079
23.3526
20.47
17.4847
14.4227
11.3124
8.18179
5.05901
1.97185
-1.05437
-3.99553
-6.8297
-9.53737
-12.1005
-14.5032
-16.7321
-18.7768
-20.6292
-22.2841
-23.7381
-24.99
-26.0413
-26.8955
-27.5578
-28.0352
-28.3364
-28.4715
-28.4514
-28.2879
-27.9936
-27.5811
-27.0631
-26.4526
-25.7616
-25.0022
-24.1854
-23.3217
-22.421
-21.4919
-20.5425
-19.5798
-18.6103
-17.6393
-16.671
-15.8398
-15.0877
-14.3445
-13.4927
-12.7865
-11.7065
-11.3131
-9.5734
-10.2745
-6.70386
-10.3674
-2.4711
-12.676
53.2445
53.4144
53.8076
54.2108
54.6935
55.2823
55.953
56.6846
57.4574
58.2485
59.0336
59.787
60.485
61.104
61.6226
62.0207
62.2814
62.3903
62.3368
62.1147
61.721
61.1575
60.4296
59.5471
58.5229
57.3723
56.1129
54.7639
53.3445
51.8743
50.3721
48.8553
47.3396
45.8391
44.3657
42.929
41.5369
40.1949
38.907
37.6753
36.5004
35.3818
34.3176
33.305
32.3404
31.4197
30.5383
29.6913
28.8739
28.0812
27.3087
26.5519
25.807
25.0706
24.3398
23.6123
22.8863
22.1605
21.4342
20.7071
19.9792
19.2509
18.5232
17.7968
17.0734
16.3538
15.6405
15.034
14.5023
13.9597
13.3659
12.8294
12.0992
11.7525
10.5803
11.0352
8.43084
11.4908
4.60862
14.955
53.9913
53.6329
53.1844
52.6119
51.9025
51.0464
50.0423
48.9052
47.6604
46.3325
44.9361
43.4806
41.9718
40.4145
38.8129
37.169
35.4842
33.7586
31.9896
30.1743
28.3089
26.3888
24.4096
22.3679
20.2613
18.0891
15.8534
13.5579
11.21
8.81881
6.3965
3.95764
1.51801
-0.90477
-3.29205
-5.62517
-7.88565
-10.0562
-12.1202
-14.0631
-15.872
-17.5358
-19.0457
-20.3945
-21.5778
-22.5932
-23.4402
-24.1208
-24.6384
-24.9986
-25.2081
-25.2752
-25.209
-25.0194
-24.7173
-24.3133
-23.8186
-23.2439
-22.6
-21.8969
-21.1444
-20.3515
-19.5266
-18.6772
-17.8104
-16.9323
-16.0472
-15.2821
-14.5827
-13.8927
-13.0886
-12.4311
-11.3982
-11.0366
-9.36622
-10.041
-6.62977
-10.1133
-2.57767
-12.3312
54.2419
54.4372
54.5947
54.6845
54.7298
54.7246
54.6675
54.5672
54.4305
54.2629
54.0701
53.8568
53.6272
53.3847
53.1316
52.8686
52.5951
52.3087
52.0053
51.6802
51.3269
50.9386
50.5084
50.0295
49.4963
48.9039
48.2494
47.5318
46.7521
45.9135
45.0209
44.0809
43.1015
42.0915
41.06
40.0164
38.9694
37.9271
36.8968
35.8843
34.8946
33.9312
32.9964
32.0914
31.2163
30.3704
29.552
28.7589
27.9885
27.2378
26.5039
25.7834
25.0735
24.3714
23.6745
22.9808
22.2887
21.5967
20.904
20.2102
19.515
18.8189
18.1223
17.4261
16.7316
16.0396
15.3525
14.7673
14.2534
13.7291
13.1534
12.634
11.9256
11.5864
10.4547
10.8815
8.37634
11.3016
4.67942
14.6579
48.6987
48.3899
48.0539
47.6892
47.2759
46.7972
46.2389
45.5913
44.8514
44.0204
43.0981
42.0825
40.9709
39.7619
38.456
37.0545
35.5604
33.9783
32.3132
30.5714
28.7595
26.8843
24.9528
22.9717
20.9471
18.8851
16.7912
14.6706
12.5289
10.3716
8.20478
6.03575
3.87209
1.72275
-0.402155
-2.49172
-4.5342
-6.5175
-8.42899
-10.2563
-11.9874
-13.6113
-15.1177
-16.4975
-17.7437
-18.8505
-19.814
-20.6322
-21.3048
-21.8334
-22.2213
-22.473
-22.5945
-22.593
-22.4766
-22.254
-21.9344
-21.5273
-21.0423
-20.4889
-19.8762
-19.213
-18.5079
-17.7684
-17.0019
-16.2156
-15.4128
-14.7134
-14.0665
-13.4293
-12.6731
-12.065
-11.077
-10.754
-9.13914
-9.81547
-6.5151
-9.89615
-2.60463
-12.0657
48.9137
49.0677
49.2309
49.4024
49.566
49.7063
49.8184
49.8995
49.9453
49.9521
49.9166
49.8359
49.7082
49.532
49.3072
49.0342
48.7145
48.3505
47.9449
47.5013
47.023
46.5136
45.9765
45.4143
44.8293
44.2231
43.5965
42.9499
42.2832
41.5963
40.889
40.1616
39.4146
38.6494
37.8679
37.0729
36.2674
35.455
34.6397
33.8253
33.0154
32.2135
31.4222
30.6439
29.88
29.1315
28.3985
27.6805
26.9767
26.2857
25.6058
24.9351
24.2716
23.6134
22.9585
22.3053
21.6524
20.9986
20.3432
19.6857
19.0258
18.3639
17.7004
17.0359
16.3717
15.7086
15.0489
14.4858
13.9902
13.4845
12.9274
12.4258
11.7383
11.4109
10.3116
10.7268
8.29078
11.1355
4.68081
14.4189
37.5404
37.243
36.9372
36.6238
36.2834
35.9091
35.4966
35.0416
34.5428
34.0022
33.4221
32.8011
32.1353
31.42
30.65
29.8204
28.9259
27.9623
26.9254
25.8123
24.6208
23.3503
22.0012
20.5756
19.0767
17.5093
15.879
14.1925
12.4573
10.6814
8.87322
7.0418
5.196
3.34512
1.49872
-0.33348
-2.14143
-3.91495
-5.64335
-7.3161
-8.92262
-10.4526
-11.8963
-13.2442
-14.4882
-15.621
-16.6366
-17.5304
-18.2993
-18.9418
-19.458
-19.8493
-20.1188
-20.2705
-20.3099
-20.2434
-20.078
-19.8215
-19.482
-19.0676
-18.5869
-18.0479
-17.4588
-16.8271
-16.1599
-15.4652
-14.7455
-14.1128
-13.52
-12.9374
-12.2312
-11.6742
-10.7337
-10.4508
-8.89454
-9.57248
-6.38728
-9.66095
-2.62466
-11.7743
37.7234
37.8247
37.9517
38.0974
38.25
38.4054
38.5635
38.7235
38.8838
39.0424
39.1969
39.3446
39.4819
39.6051
39.7104
39.7937
39.8509
39.8777
39.8708
39.8268
39.7431
39.6179
39.45
39.2391
38.9857
38.691
38.3567
37.9852
37.5787
37.1401
36.672
36.1769
35.6573
35.1155
34.5538
33.9744
33.3794
32.771
32.1515
31.5233
30.8888
30.2502
29.6097
28.9695
28.3312
27.6962
27.0655
26.4396
25.8189
25.2029
24.5911
23.9828
23.377
22.7724
22.168
21.5626
20.9552
20.3451
19.7316
19.1144
18.4935
17.8689
17.2413
16.6111
15.9797
15.3477
14.7174
14.1782
13.7025
13.217
12.6803
12.1979
11.5332
11.218
10.1539
10.5552
8.19559
10.9491
4.6786
14.1484
29.6579
29.418
29.1731
28.9214
28.6455
28.3403
28.0022
27.6267
27.2117
26.7593
26.274
25.7589
25.2143
24.6391
24.0319
23.3907
22.7139
21.9994
21.2448
20.4473
19.6045
18.7134
17.7713
16.7758
15.725
14.6175
13.4528
12.2314
10.9551
9.62647
8.24961
6.82982
5.37319
3.88697
2.37925
0.858756
-0.665118
-2.18273
-3.68384
-5.15825
-6.5957
-7.98604
-9.31934
-10.5859
-11.7769
-12.884
-13.8998
-14.8181
-15.6335
-16.3423
-16.942
-17.4313
-17.8107
-18.0814
-18.2465
-18.3097
-18.276
-18.151
-17.9411
-17.6531
-17.2941
-16.8716
-16.3926
-15.8646
-15.2941
-14.6894
-14.0521
-13.4864
-12.9482
-12.4209
-11.7663
-11.261
-10.371
-10.1273
-8.63524
-9.30958
-6.25073
-9.40294
-2.6407
-11.4519
29.8163
29.9215
30.0473
30.1826
30.3215
30.4624
30.6053
30.75
30.8965
31.0445
31.1938
31.3438
31.4939
31.6433
31.7911
31.9362
32.0768
32.211
32.3367
32.4514
32.5522
32.6361
32.6996
32.7399
32.7537
32.7381
32.6906
32.6094
32.4931
32.3409
32.1527
31.9289
31.6706
31.3794
31.057
30.7057
30.3275
29.9251
29.5008
29.057
28.5962
28.1206
27.6324
27.1337
26.6263
26.1119
25.592
25.0677
24.5397
24.0087
23.4748
22.9381
22.3985
21.8554
21.3084
20.7569
20.2006
19.6389
19.0716
18.4984
17.9196
17.3354
16.7462
16.1528
15.5563
14.9575
14.3587
13.8451
13.3909
12.927
12.4123
11.9501
11.3102
11.0073
9.98205
10.3656
8.09172
10.7401
4.67421
13.8522
24.9485
24.7576
24.5627
24.3637
24.1487
23.913
23.6532
23.3646
23.0435
22.688
22.3003
21.8832
21.4379
20.9638
20.4596
19.9238
19.3554
18.7533
18.1167
17.4446
16.7363
15.9912
15.2084
14.3873
13.5273
12.6278
11.6882
10.7082
9.68787
8.62756
7.52817
6.39144
5.21964
4.01602
2.78485
1.5312
0.261177
-1.01842
-2.29984
-3.57486
-4.83481
-6.07068
-7.27336
-8.43359
-9.54258
-10.5918
-11.5731
-12.4794
-13.3041
-14.0418
-14.6883
-15.2403
-15.6959
-16.0544
-16.3163
-16.4833
-16.5581
-16.5444
-16.4468
-16.2705
-16.0212
-15.705
-15.3284
-14.8979
-14.4194
-13.9014
-13.3444
-12.8443
-12.3603
-11.8875
-11.2849
-10.8308
-9.99273
-9.78738
-8.36207
-9.03179
-6.10046
-9.13335
-2.63706
-11.1239
25.0874
25.1964
25.32
25.4509
25.5859
25.7232
25.8622
26.0027
26.1445
26.287
26.4297
26.572
26.7132
26.8527
26.99
27.1244
27.2551
27.3815
27.503
27.6186
27.7277
27.829
27.9213
28.0035
28.0739
28.1307
28.172
28.196
28.2004
28.1832
28.1426
28.0768
27.9845
27.8647
27.7167
27.5406
27.3364
27.1051
26.8476
26.5652
26.2595
25.9322
25.585
25.2197
24.8379
24.4414
24.0317
23.6099
23.1774
22.7349
22.2833
21.823
21.3544
20.8776
20.3927
19.8996
19.3982
18.8885
18.3705
17.8443
17.3102
16.7685
16.22
15.6652
15.1055
14.5416
13.9759
13.489
13.0574
12.616
12.1246
11.6834
11.0699
10.7794
9.79495
10.1603
7.97409
10.5171
4.65263
13.5532
21.2581
21.0974
20.9332
20.7675
20.5921
20.4029
20.1973
19.9719
19.7232
19.4483
19.1464
18.8195
18.4695
18.0966
17.6997
17.2772
16.8276
16.3494
15.8412
15.3017
14.7295
14.1236
13.4831
12.8072
12.0955
11.3476
10.5636
9.74377
8.88856
7.99873
7.07533
6.11986
5.13399
4.11989
3.08029
2.01837
0.937993
-0.156396
-1.2596
-2.36582
-3.46867
-4.56122
-5.63615
-6.68569
-7.70207
-8.67745
-9.60416
-10.4749
-11.2828
-12.0218
-12.6865
-13.2723
-13.7759
-14.1948
-14.5277
-14.7745
-14.9359
-15.0138
-15.0111
-14.9313
-14.7786
-14.558
-14.2747
-13.9346
-13.5425
-13.1069
-12.6269
-12.1905
-11.7592
-11.3399
-10.7891
-10.3854
-9.59991
-9.43231
-8.0746
-8.74074
-5.93388
-8.85567
-2.61006
-10.7978
21.3791
21.4787
21.5895
21.7072
21.8296
21.9554
22.0845
22.2169
22.3525
22.4908
22.6315
22.7742
22.9184
23.0634
23.2086
23.3533
23.4965
23.6375
23.7753
23.909
24.0376
24.1603
24.2759
24.3836
24.4823
24.5712
24.6491
24.7151
24.7682
24.8071
24.8306
24.8377
24.827
24.7972
24.7474
24.6764
24.5833
24.4676
24.329
24.1671
23.9823
23.775
23.5457
23.2954
23.0249
22.7355
22.4279
22.1035
21.7631
21.4077
21.0381
20.655
20.259
19.8506
19.43
18.9976
18.5536
18.0983
17.6319
17.1548
16.6673
16.1701
15.6638
15.1493
14.6278
14.1002
13.5689
13.1099
12.7019
12.2839
11.8167
11.3973
10.8114
10.5339
9.59134
9.93924
7.84033
10.2823
4.6105
13.2547
18.0532
17.9154
17.7743
17.6325
17.4843
17.3267
17.1572
16.9734
16.7725
16.5517
16.309
16.0445
15.7601
15.4573
15.1361
14.7954
14.4342
14.0511
13.6449
13.2145
12.7586
12.276
11.7654
11.2257
10.6559
10.055
9.42245
8.75765
8.06045
7.33092
6.56949
5.7771
4.95487
4.10445
3.22791
2.32775
1.40694
0.468906
-0.482377
-1.44247
-2.40644
-3.36891
-4.32405
-5.26556
-6.18696
-7.0815
-7.94232
-8.7627
-9.53599
-10.256
-10.917
-11.5139
-12.0422
-12.4984
-12.8798
-13.1849
-13.4127
-13.5638
-13.6391
-13.6409
-13.5719
-13.4357
-13.2363
-12.9786
-12.6665
-12.3083
-11.9016
-11.5263
-11.1464
-10.779
-10.2793
-9.9249
-9.19253
-9.06194
-7.77248
-8.43569
-5.75111
-8.56794
-2.5634
-10.4695
18.1587
18.2471
18.3446
18.4478
18.5553
18.6666
18.7817
18.9007
19.0235
19.1501
19.2803
19.414
19.551
19.6908
19.8333
19.9781
20.1246
20.2722
20.4204
20.5684
20.7154
20.8604
21.0025
21.1407
21.2737
21.4006
21.5201
21.631
21.7322
21.8226
21.901
21.9663
22.0177
22.0539
22.074
22.0772
22.0625
22.0292
21.9764
21.9036
21.8104
21.6964
21.5614
21.4054
21.2287
21.0316
20.8145
20.578
20.3226
20.0489
19.7577
19.4494
19.1247
18.7841
18.4281
18.057
17.6714
17.2716
16.8581
16.4313
15.9918
15.5403
15.0776
14.6047
14.1227
13.6326
13.1369
12.7068
12.3232
11.9294
11.4877
11.0906
10.5337
10.2697
9.37015
9.70129
7.68996
10.0338
4.55082
12.9513
15.4288
15.3107
15.1893
15.0675
14.941
14.8079
14.6664
14.5142
14.3492
14.1689
13.9711
13.7545
13.5194
13.2678
13.0005
12.7175
12.4179
12.1006
11.7647
11.4095
11.0338
10.6369
10.2179
9.77569
9.30952
8.81853
8.30191
7.75897
7.18916
6.59204
5.9674
5.31535
4.63619
3.93058
3.19965
2.44485
1.66813
0.871875
0.0590065
-0.76712
-1.60269
-2.44343
-3.28463
-4.12111
-4.94747
-5.75795
-6.54655
-7.30727
-8.03396
-8.72073
-9.3619
-9.95209
-10.4865
-10.9608
-11.3716
-11.7161
-11.9924
-12.1994
-12.337
-12.4059
-12.4076
-12.3444
-12.219
-12.0355
-11.7965
-11.51
-11.172
-10.8548
-10.5241
-10.2068
-9.75719
-9.45066
-8.77135
-8.67674
-7.45603
-8.11634
-5.55279
-8.26877
-2.49963
-10.1355
15.5209
15.6002
15.6868
15.7781
15.8731
15.9718
16.0743
16.1805
16.2906
16.4045
16.5222
16.6436
16.7686
16.8971
17.029
17.1641
17.3021
17.4426
17.5855
17.7304
17.8766
18.0237
18.1711
18.3181
18.4638
18.6075
18.7481
18.8846
19.0159
19.1408
19.2581
19.3666
19.465
19.5522
19.6269
19.688
19.7345
19.7654
19.7797
19.7766
19.7554
19.7154
19.6561
19.5771
19.478
19.3587
19.2192
19.0595
18.8797
18.6801
18.461
18.2227
17.9657
17.6903
17.397
17.0861
16.7582
16.4137
16.0532
15.6771
15.2861
14.8811
14.4627
14.0321
13.5905
13.1389
12.6797
12.2794
11.921
11.5521
11.1367
10.7628
10.2358
9.98595
9.13058
9.44546
7.52264
9.77015
4.47551
12.6393
13.3155
13.2141
13.1094
13.0041
12.8952
12.7815
12.6621
12.535
12.3983
12.2501
12.0884
11.9114
11.7181
11.5091
11.2861
11.0496
10.7993
10.5344
10.254
9.95746
9.64387
9.31249
8.96255
8.5933
8.204
7.79397
7.36255
6.90916
6.4333
5.93452
5.41253
4.86724
4.29862
3.70689
3.09256
2.45638
1.79947
1.12326
0.42967
-0.279023
-1.0001
-1.73041
-2.46635
-3.20383
-3.93846
-4.66549
-5.37983
-6.07622
-6.7492
-7.39335
-8.00331
-8.57381
-9.09994
-9.57714
-10.0014
-10.3693
-10.6781
-10.9257
-11.1109
-11.2332
-11.293
-11.2914
-11.23
-11.1119
-10.9384
-10.7173
-10.443
-10.1801
-9.89612
-9.62631
-9.22528
-8.96469
-8.33794
-8.27788
-7.12597
-7.78319
-5.33949
-7.95816
-2.41947
-9.79553
13.3961
13.4671
13.544
13.6247
13.7088
13.7965
13.8877
13.9826
14.0812
14.1835
14.2895
14.3993
14.5128
14.63
14.7507
14.875
15.0025
15.1332
15.2668
15.4032
15.5419
15.6827
15.8251
15.9687
16.113
16.2574
16.4013
16.5438
16.6844
16.822
16.9557
17.0845
17.2073
17.3229
17.4303
17.5281
17.6152
17.6904
17.7526
17.8006
17.8334
17.8501
17.8498
17.8318
17.7953
17.7399
17.6651
17.5705
17.456
17.3213
17.1666
16.9917
16.7968
16.5822
16.348
16.0946
15.8224
15.5317
15.2231
14.897
14.5542
14.1955
13.8216
13.4336
13.0328
12.62
12.198
11.828
11.4954
11.152
10.7637
10.4134
9.91727
9.68205
8.87194
9.17119
7.33789
9.49069
4.38491
12.3174
11.5659
11.4785
11.3878
11.2962
11.2016
11.1032
11.0008
10.8931
10.7784
10.6551
10.5216
10.3762
10.2172
10.0442
9.85788
9.65948
9.44944
9.22738
8.99257
8.74424
8.48171
8.2043
7.91132
7.60207
7.27589
6.93212
6.57014
6.18936
5.78928
5.36945
4.92951
4.46928
3.98861
3.48755
2.96637
2.4255
1.86561
1.28764
0.692869
0.0828543
-0.540493
-1.17491
-1.81773
-2.46584
-3.11586
-3.76397
-4.406
-5.03754
-5.65392
-6.25034
-6.82191
-7.36375
-7.87112
-8.33944
-8.76453
-9.14257
-9.47027
-9.74493
-9.96449
-10.1276
-10.2336
-10.2826
-10.2752
-10.2135
-10.0979
-9.93533
-9.71905
-9.50626
-9.26599
-9.04078
-8.68619
-8.46919
-7.89393
-7.86666
-6.78321
-7.43689
-5.11181
-7.63634
-2.3247
-9.44978
11.6364
11.6994
11.7671
11.8381
11.9124
11.9898
12.0706
12.1549
12.2426
12.334
12.4289
12.5276
12.6299
12.7359
12.8456
12.9589
13.0758
13.1961
13.3198
13.4468
13.5767
13.7094
13.8446
13.982
14.1211
14.2616
14.403
14.5447
14.6862
14.8267
14.9655
15.1019
15.2351
15.364
15.4877
15.6052
15.7154
15.8172
15.9094
15.9909
16.0605
16.1172
16.1599
16.1875
16.1991
16.1938
16.1708
16.1296
16.0694
15.9899
15.8907
15.7714
15.632
15.4723
15.2924
15.0924
14.8725
14.6329
14.374
14.0964
13.8005
13.4872
13.1571
12.8114
12.4512
12.0774
11.6928
11.3533
11.0468
10.7293
10.3685
10.0423
9.57774
9.35757
8.5936
8.87786
7.13511
9.1947
4.27961
11.9836
10.089
10.0134
9.93463
9.85478
9.77208
9.68623
9.59726
9.50456
9.40692
9.30293
9.19123
9.0704
8.93892
8.7955
8.63981
8.47267
8.29511
8.10738
7.90909
7.69961
7.47827
7.24447
6.99765
6.7372
6.46254
6.17308
5.86823
5.54744
5.21022
4.85607
4.48458
4.09545
3.68843
3.26339
2.82039
2.35962
1.88144
1.38644
0.875482
0.349648
-0.189701
-0.740908
-1.30198
-1.87058
-2.44405
-3.01941
-3.5933
-4.16211
-4.72192
-5.26863
-5.79794
-6.30545
-6.78679
-7.2376
-7.65375
-8.03133
-8.36678
-8.657
-8.89937
-9.09188
-9.23308
-9.32234
-9.35923
-9.34523
-9.27939
-9.16849
-9.00419
-8.837
-8.63701
-8.4531
-8.14238
-7.96624
-7.44099
-7.44435
-6.42859
-7.07775
-4.87042
-7.30289
-2.217
-9.09626
10.1505
10.206
10.2655
10.3279
10.3932
10.4614
10.5327
10.6071
10.6849
10.7659
10.8504
10.9383
11.0298
11.1248
11.2235
11.3257
11.4316
11.541
11.654
11.7704
11.8902
12.0132
12.1393
12.2682
12.3997
12.5335
12.6692
12.8064
12.9447
13.0835
13.2222
13.3603
13.497
13.6315
13.763
13.8907
14.0136
14.1307
14.2411
14.3436
14.4372
14.5207
14.593
14.6531
14.6999
14.7322
14.7492
14.7499
14.7335
14.6992
14.6464
14.5746
14.4831
14.3718
14.2404
14.0887
13.9167
13.7245
13.5124
13.2806
13.0296
12.76
12.4725
12.168
11.8478
11.5126
11.1651
10.8561
10.5757
10.2842
9.95116
9.6493
9.21683
9.0121
8.295
8.56484
6.914
8.88078
4.16077
11.6339
8.83489
8.76958
8.70115
8.63149
8.55913
8.48388
8.406
8.32529
8.24107
8.15227
8.05772
7.95623
7.84653
7.72726
7.59739
7.45675
7.30616
7.14645
6.97777
6.79976
6.61182
6.41339
6.20396
5.98303
5.75009
5.50464
5.24616
4.97417
4.6882
4.38779
4.07254
3.74211
3.39619
3.03457
2.65715
2.26393
1.85506
1.43085
0.991813
0.538661
0.0723326
-0.406003
-0.89488
-1.39253
-1.89692
-2.40572
-2.91626
-3.42559
-3.93048
-4.42747
-4.91289
-5.38287
-5.83349
-6.26073
-6.6607
-7.02957
-7.36374
-7.65994
-7.91522
-8.12713
-8.29367
-8.41359
-8.48568
-8.5108
-8.48699
-8.42064
-8.30214
-8.17571
-8.01231
-7.86608
-7.59638
-7.45795
-6.98082
-7.01221
-6.06354
-6.70604
-4.61701
-6.95661
-2.09961
-8.73158
8.88851
8.93741
8.98964
9.04437
9.10171
9.16173
9.22455
9.29025
9.35892
9.43065
9.50551
9.5836
9.66497
9.74971
9.83784
9.92942
10.0245
10.1231
10.2252
10.3307
10.4397
10.5521
10.6678
10.7867
10.9086
11.0332
11.1605
11.29
11.4216
11.5547
11.6889
11.8238
11.9588
12.0932
12.2264
12.3577
12.4861
12.611
12.7313
12.8461
12.9543
13.055
13.1471
13.2295
13.301
13.3606
13.4073
13.4399
13.4575
13.4592
13.444
13.4112
13.3601
13.2902
13.2009
13.0918
12.9627
12.8136
12.6443
12.455
12.2461
12.0179
11.7711
11.5063
11.2248
10.9272
10.6161
10.3372
10.0828
9.81708
9.51192
9.23441
8.8343
8.64524
7.9758
8.23135
6.67507
8.54706
4.03105
11.2618
7.76429
7.7078
7.6484
7.58766
7.52433
7.45826
7.38978
7.31892
7.24541
7.16862
7.08765
7.00145
6.909
6.80917
6.70079
6.58295
6.45563
6.31961
6.17557
6.02357
5.86325
5.69406
5.51552
5.32721
5.12867
4.91947
4.69917
4.46732
4.22352
3.96734
3.69839
3.41637
3.12094
2.81185
2.48896
2.15215
1.80145
1.43699
1.05906
0.668107
0.264739
-0.150236
-0.575772
-1.01056
-1.45308
-1.90153
-2.35382
-2.80759
-3.2602
-3.7088
-4.15027
-4.5813
-4.99844
-5.3981
-5.7767
-6.13064
-6.45645
-6.75083
-7.01072
-7.23342
-7.41656
-7.55844
-7.65727
-7.71346
-7.72413
-7.69525
-7.61628
-7.52562
-7.39493
-7.28249
-7.05062
-6.94638
-6.51536
-6.57142
-5.68978
-6.32133
-4.35412
-6.59544
-1.97582
-8.34993
7.81104
7.85401
7.89983
7.94786
7.99824
8.05103
8.10633
8.16423
8.22481
8.28816
8.35439
8.42356
8.49576
8.57104
8.6495
8.73118
8.81616
8.90446
8.9961
9.09113
9.18955
9.29131
9.39638
9.50473
9.61623
9.73079
9.84823
9.96839
10.091
10.2159
10.3426
10.4709
10.6003
10.7302
10.8603
10.9898
11.1181
11.2445
11.3682
11.4883
11.604
11.7143
11.8181
11.9145
12.0024
12.0807
12.1483
12.2042
12.2472
12.2764
12.2906
12.2892
12.271
12.2354
12.1817
12.1093
12.0177
11.9066
11.7757
11.6251
11.4548
11.2651
11.0564
10.8293
10.5848
10.3234
10.0476
9.79802
9.56901
9.32867
9.05108
8.79774
8.43009
8.2566
7.63581
7.87596
6.41933
8.18889
3.89482
10.8586
6.84108
6.79221
6.74069
6.6878
6.63244
6.57447
6.51419
6.45174
6.38707
6.31994
6.24979
6.17579
6.09703
6.01257
5.92141
5.82256
5.71536
5.59986
5.47677
5.34667
5.20955
5.06498
4.91243
4.7515
4.58181
4.403
4.21468
4.01645
3.80794
3.58879
3.35862
3.11714
2.86403
2.59902
2.32194
2.03263
1.73104
1.41718
1.09121
0.753399
0.404136
0.0439745
-0.326346
-0.705868
-1.09346
-1.48775
-1.88711
-2.28969
-2.69337
-3.09583
-3.49446
-3.88647
-4.2689
-4.63857
-4.9923
-5.32684
-5.63889
-5.92529
-6.18297
-6.40922
-6.6014
-6.75757
-6.87553
-6.95525
-6.99328
-6.9951
-6.94943
-6.88946
-6.78758
-6.70475
-6.50758
-6.43314
-6.04721
-6.12185
-5.31071
-5.92155
-4.0874
-6.21211
-1.85367
-7.94104
6.88182
6.91954
6.95973
7.00187
7.04611
7.0925
7.14114
7.1921
7.24548
7.30136
7.35984
7.42098
7.48487
7.5516
7.62124
7.69384
7.7695
7.84826
7.93016
8.01526
8.10358
8.19513
8.2899
8.38789
8.48904
8.59329
8.70055
8.8107
8.9236
9.03905
9.1568
9.2766
9.39814
9.52105
9.64489
9.7692
9.89345
10.017
10.1393
10.2596
10.377
10.4908
10.6001
10.7039
10.8012
10.8911
10.9724
11.0441
11.1051
11.1543
11.1908
11.2134
11.2212
11.2133
11.1888
11.147
11.0873
11.0091
10.9119
10.7957
10.6603
10.5056
10.332
10.1399
9.93011
9.70301
9.46093
9.23969
9.03534
8.81967
8.56915
8.33939
8.00448
7.84537
7.27624
7.49561
6.15126
7.79855
3.76494
10.4073
6.04461
6.00212
5.95715
5.91059
5.8613
5.80892
5.75359
5.69545
5.63464
5.57139
5.50588
5.43824
5.3686
5.29697
5.22288
5.14512
5.0618
4.97075
4.87032
4.76021
4.64155
4.51593
4.38404
4.24549
4.09956
3.94574
3.78373
3.61323
3.43394
3.24552
3.04764
2.84002
2.62235
2.39439
2.15593
1.90679
1.64686
1.37609
1.09454
0.802338
0.499744
0.18711
-0.135042
-0.466012
-0.80498
-1.15088
-1.50247
-1.85832
-2.21669
-2.57578
-2.93341
-3.28721
-3.63471
-3.97322
-4.29991
-4.61187
-4.90611
-5.17969
-5.42965
-5.65335
-5.84808
-6.01179
-6.14199
-6.23831
-6.29691
-6.32285
-6.30455
-6.26993
-6.19321
-6.13507
-5.9704
-5.91919
-5.58006
-5.66229
-4.93167
-5.50161
-3.82472
-5.79965
-1.74523
-7.49557
6.08023
6.11338
6.14865
6.18564
6.22448
6.26522
6.30795
6.35274
6.39969
6.44887
6.50036
6.55423
6.61058
6.66949
6.73102
6.79525
6.86225
6.9321
7.00484
7.08055
7.15924
7.24097
7.32575
7.41361
7.50453
7.59849
7.69541
7.79523
7.89789
8.00328
8.1112
8.22144
8.33379
8.44801
8.56374
8.68057
8.79812
8.91595
9.0335
9.15015
9.26526
9.3781
9.48792
9.59391
9.69515
9.79073
9.87966
9.96092
10.0335
10.0963
10.1483
10.1886
10.2158
10.2292
10.2279
10.2108
10.1773
10.1267
10.0584
9.97188
9.86705
9.74359
9.60166
9.44151
9.26373
9.06857
8.85815
8.66375
8.483
8.2909
8.06685
7.85933
7.55823
7.40981
6.89933
7.08512
5.87741
7.36464
3.65515
9.89507
5.13078
5.09593
5.059
5.02092
4.98092
4.93877
4.89455
4.8483
4.80012
4.75013
4.69833
4.64454
4.58836
4.5292
4.46655
4.39979
4.328
4.25038
4.16658
4.0767
3.98084
3.87901
3.77135
3.65795
3.53855
3.41279
3.2804
3.14102
2.99439
2.84022
2.67823
2.50818
2.32976
2.14275
1.94689
1.74203
1.52801
1.30471
1.07206
0.83012
0.578962
0.318767
0.0498255
-0.227424
-0.512474
-0.804586
-1.10291
-1.40644
-1.7139
-2.02392
-2.33488
-2.64492
-2.95208
-3.25417
-3.54882
-3.83352
-4.10569
-4.36266
-4.60172
-4.82027
-5.01567
-5.18569
-5.32776
-5.44093
-5.52151
-5.57289
-5.58546
-5.57731
-5.53131
-5.49675
-5.37572
-5.34035
-5.07067
-5.13917
-4.53165
-5.01669
-3.56663
-5.32305
-1.66676
-6.99737
5.16037
5.18815
5.21765
5.24863
5.28121
5.3154
5.35129
5.38899
5.42852
5.46999
5.51349
5.55904
5.60674
5.65672
5.70901
5.76364
5.82078
5.88045
5.94272
6.00766
6.07531
6.14578
6.21909
6.29522
6.37425
6.45618
6.541
6.62868
6.71919
6.81251
6.90851
7.00704
7.10801
7.2113
7.31659
7.4236
7.53208
7.64175
7.75214
7.86279
7.97319
8.08273
8.19088
8.29696
8.40014
8.49971
8.59477
8.68434
8.76759
8.84345
8.91093
8.96907
9.01667
9.05274
9.07643
9.08663
9.08237
9.06296
9.02752
8.97547
8.90637
8.81975
8.71554
8.59372
8.45459
8.29835
8.12669
7.96523
7.81398
7.65055
7.46106
7.27854
7.02565
6.88099
6.46152
6.58026
5.58439
6.82055
3.58406
9.25649
4.21616
4.18902
4.16033
4.13083
4.10006
4.06787
4.03436
3.9995
3.96323
3.92544
3.88595
3.84443
3.80048
3.75341
3.70257
3.64774
3.58886
3.52601
3.45931
3.38885
3.31447
3.23564
3.15186
3.0631
2.9695
2.871
2.76736
2.65821
2.54331
2.42241
2.29529
2.16172
2.02144
1.87422
1.71983
1.55809
1.3888
1.21183
1.02703
0.83436
0.633757
0.425293
0.209041
-0.0147846
-0.245905
-0.483934
-0.728321
-0.978456
-1.23351
-1.49252
-1.75436
-2.01775
-2.28117
-2.54294
-2.80126
-3.05406
-3.2992
-3.53441
-3.75729
-3.96545
-4.15637
-4.32789
-4.47731
-4.6035
-4.70247
-4.77709
-4.81765
-4.8368
-4.81827
-4.81236
-4.72707
-4.72327
-4.50103
-4.59615
-4.05729
-4.54646
-3.20812
-4.91491
-1.4578
-6.67738
4.23951
4.26172
4.28528
4.31006
4.33614
4.36354
4.39233
4.42261
4.4544
4.48779
4.52285
4.55961
4.59817
4.63864
4.68102
4.7254
4.77189
4.82054
4.87145
4.92464
4.98017
5.03819
5.09871
5.16172
5.22735
5.29562
5.36659
5.44024
5.51657
5.59561
5.67733
5.76163
5.84853
5.93796
6.02971
6.12364
6.21962
6.31742
6.41676
6.51732
6.61876
6.72064
6.82257
6.92396
7.02426
7.12288
7.21906
7.31197
7.40093
7.48502
7.56328
7.63486
7.69865
7.75365
7.79895
7.83347
7.85616
7.86616
7.86249
7.84437
7.81116
7.76224
7.69726
7.61587
7.51818
7.40412
7.27517
7.15059
7.03204
6.9022
6.74973
6.60166
6.39304
6.27674
5.92
6.04211
5.15738
6.34054
3.29692
8.9129
3.4837
3.4621
3.43919
3.41547
3.39052
3.36413
3.33632
3.30708
3.27634
3.24399
3.21004
3.17451
3.13757
3.09922
3.05934
3.01768
2.97388
2.92762
2.87838
2.82542
2.76824
2.70669
2.64085
2.57075
2.49649
2.41821
2.33585
2.24918
2.15794
2.06188
1.96081
1.85455
1.74287
1.62558
1.50249
1.3734
1.23815
1.09656
0.948511
0.793892
0.632614
0.464663
0.290024
0.108789
-0.0789141
-0.272875
-0.47276
-0.678202
-0.888647
-1.10346
-1.32184
-1.54292
-1.76556
-1.98852
-2.21044
-2.4297
-2.64459
-2.85327
-3.05373
-3.24392
-3.42158
-3.58479
-3.73095
-3.85896
-3.96482
-4.05115
-4.10819
-4.14515
-4.14576
-4.16064
-4.10235
-4.1239
-3.93919
-4.05986
-3.57488
-4.07957
-2.82621
-4.52024
-1.21205
-6.38372
3.50254
3.52063
3.53978
3.55994
3.58113
3.60344
3.6269
3.65153
3.67743
3.70465
3.73322
3.76319
3.79467
3.82772
3.86234
3.89866
3.93672
3.97658
4.01835
4.06204
4.10768
4.15542
4.20529
4.25733
4.31164
4.36821
4.42711
4.48841
4.55209
4.61818
4.68672
4.75765
4.83102
4.9068
4.98485
5.06513
5.14756
5.23198
5.31821
5.40609
5.49536
5.58573
5.67689
5.76842
5.85995
5.95103
6.04102
6.12932
6.21534
6.2984
6.3776
6.45223
6.52139
6.58412
6.63959
6.68678
6.72468
6.75243
6.76902
6.7736
6.76548
6.74385
6.70819
6.65803
6.59323
6.51353
6.42018
6.32709
6.23689
6.1367
6.01727
5.9009
5.73251
5.64515
5.34429
5.48043
4.68784
5.86099
2.95898
8.60711
2.86011
2.84297
2.8248
2.80597
2.78612
2.76513
2.74299
2.71969
2.6952
2.66944
2.64232
2.61378
2.58387
2.55264
2.52017
2.4865
2.45142
2.41468
2.37603
2.33503
2.29109
2.24365
2.19254
2.13776
2.07936
2.01741
1.952
1.88318
1.81082
1.73465
1.65445
1.57007
1.48132
1.38804
1.29008
1.18724
1.07939
0.966364
0.848035
0.724286
0.595015
0.460164
0.319685
0.173599
0.0219519
-0.135148
-0.297501
-0.464884
-0.636937
-0.813242
-0.993226
-1.17629
-1.36162
-1.54828
-1.73529
-1.92138
-2.10523
-2.2854
-2.46028
-2.62816
-2.78714
-2.93558
-3.07114
-3.19291
-3.29705
-3.38606
-3.45043
-3.49714
-3.50997
-3.53838
-3.50019
-3.53964
-3.38656
-3.52514
-3.09135
-3.60246
-2.43763
-4.10585
-0.962089
-6.03806
2.87521
2.88979
2.90525
2.9215
2.93861
2.95663
2.97559
2.99549
3.01644
3.03848
3.06162
3.08592
3.11147
3.13829
3.16643
3.19598
3.22697
3.25946
3.29353
3.3292
3.36654
3.40563
3.44652
3.48926
3.53391
3.5805
3.62909
3.67975
3.73248
3.78731
3.84432
3.90344
3.96474
4.0282
4.09374
4.16139
4.23107
4.30267
4.37612
4.45128
4.52798
4.60604
4.6852
4.76521
4.84578
4.92656
5.00709
5.08692
5.16555
5.24247
5.31697
5.38844
5.45619
5.51936
5.57725
5.62898
5.67361
5.71041
5.73841
5.75677
5.76479
5.76165
5.74676
5.71959
5.67985
5.62714
5.56249
5.4955
5.42923
5.35453
5.26405
5.17584
5.04426
4.98309
4.73664
4.88376
4.18773
5.34008
2.60793
8.20297
2.30848
2.29509
2.28091
2.26617
2.25064
2.23423
2.2169
2.19864
2.17943
2.15921
2.13795
2.11557
2.092
2.06718
2.04116
2.01407
1.98593
1.95669
1.92618
1.89417
1.8604
1.82442
1.7857
1.74391
1.69901
1.65106
1.60009
1.54622
1.48956
1.43
1.36734
1.30139
1.23197
1.15895
1.08222
1.0016
0.916992
0.828232
0.73521
0.637815
0.535936
0.429501
0.318441
0.202736
0.0823795
-0.0425864
-0.172056
-0.305901
-0.443903
-0.585783
-0.73117
-0.879634
-1.03062
-1.18343
-1.33735
-1.49144
-1.6447
-1.79602
-1.94411
-2.08766
-2.22505
-2.35501
-2.47547
-2.58577
-2.68233
-2.76765
-2.8326
-2.88296
-2.90257
-2.93875
-2.91473
-2.9661
-2.83879
-2.98933
-2.60149
-3.11322
-2.03417
-3.66845
-0.695304
-5.64275
2.32035
2.33188
2.3441
2.35695
2.37049
2.38474
2.39973
2.4155
2.43208
2.44954
2.46789
2.48719
2.50747
2.52877
2.55114
2.57466
2.59933
2.62521
2.65236
2.68085
2.71072
2.74199
2.77473
2.80901
2.84486
2.88235
2.92148
2.96234
3.00496
3.04938
3.09563
3.1437
3.19367
3.24553
3.29923
3.35479
3.41222
3.47143
3.53237
3.59497
3.65908
3.72464
3.79145
3.85932
3.92804
3.99734
4.06694
4.13647
4.20551
4.2737
4.34051
4.4054
4.46788
4.52719
4.58277
4.63393
4.67983
4.71982
4.7531
4.77889
4.79651
4.80524
4.80445
4.79365
4.7725
4.74053
4.69856
4.65277
4.60634
4.55315
4.48755
4.42395
4.32519
4.28742
4.09144
4.24746
3.64488
4.76962
2.21734
7.71254
1.81808
1.80786
1.79702
1.78574
1.77387
1.76132
1.74806
1.73407
1.71934
1.70382
1.68749
1.67031
1.65224
1.63318
1.61309
1.59195
1.56982
1.54678
1.52287
1.498
1.47198
1.44466
1.41573
1.38469
1.35118
1.31512
1.27652
1.23541
1.19192
1.14617
1.09812
1.04762
0.994489
0.938597
0.879842
0.818098
0.753265
0.685221
0.61386
0.539087
0.460809
0.378945
0.29342
0.204198
0.111251
0.0145749
-0.0857815
-0.189751
-0.297217
-0.407997
-0.521873
-0.638526
-0.757606
-0.878621
-1.00106
-1.12426
-1.24746
-1.36985
-1.49045
-1.60826
-1.72201
-1.83071
-1.93264
-2.02738
-2.1117
-2.18818
-2.24819
-2.29709
-2.31879
-2.35775
-2.34258
-2.40053
-2.29318
-2.4505
-2.10234
-2.61057
-1.60868
-3.20495
-0.397516
-5.19487
1.82719
1.83607
1.84546
1.85536
1.86577
1.87674
1.88829
1.90043
1.9132
1.92665
1.94079
1.95566
1.97128
1.9877
2.00497
2.02311
2.04215
2.06213
2.08311
2.10513
2.12822
2.15243
2.17779
2.20435
2.23216
2.26126
2.29166
2.32344
2.35663
2.39128
2.42739
2.46498
2.50414
2.54485
2.58708
2.63088
2.67627
2.72317
2.77159
2.82149
2.87276
2.92538
2.97923
3.03416
3.09004
3.14667
3.20389
3.26141
3.31893
3.37618
3.43274
3.48822
3.54225
3.59423
3.64369
3.69012
3.73284
3.77127
3.80476
3.83269
3.85446
3.86941
3.87701
3.8768
3.86845
3.85152
3.82667
3.79749
3.76691
3.73124
3.68626
3.64336
3.57284
3.55498
3.40388
3.56597
3.04904
4.14235
1.76412
7.14073
1.35034
1.34294
1.33508
1.32689
1.31828
1.30919
1.29958
1.28946
1.27879
1.26753
1.25568
1.24322
1.23012
1.21636
1.20189
1.18661
1.17046
1.15348
1.13576
1.1174
1.09835
1.07856
1.05792
1.03624
1.01315
0.988268
0.961398
0.932501
0.901601
0.86879
0.834189
0.797794
0.759457
0.719028
0.676403
0.631502
0.584262
0.534613
0.482466
0.427745
0.370372
0.310279
0.247415
0.18174
0.113225
0.0418607
-0.0323349
-0.109325
-0.189039
-0.271367
-0.356165
-0.443235
-0.532333
-0.623142
-0.715307
-0.80838
-0.901831
-0.99507
-1.08741
-1.17814
-1.26632
-1.35124
-1.43152
-1.50706
-1.57498
-1.63793
-1.68801
-1.7308
-1.75028
-1.78745
-1.77619
-1.83558
-1.74267
-1.9014
-1.58653
-2.08575
-1.15423
-2.69969
-0.0646912
-4.63881
1.35699
1.36348
1.37036
1.3776
1.38523
1.39328
1.40176
1.41068
1.42007
1.42996
1.44037
1.45132
1.46284
1.47497
1.48774
1.50115
1.51524
1.53005
1.54563
1.56198
1.57913
1.59714
1.61604
1.63584
1.6566
1.67834
1.70109
1.72489
1.74977
1.77577
1.80289
1.83116
1.86064
1.89131
1.92317
1.95627
1.99059
2.02612
2.06283
2.10075
2.13978
2.1799
2.22105
2.26311
2.30603
2.34965
2.39387
2.4385
2.48332
2.52815
2.57269
2.61669
2.65984
2.70174
2.74204
2.78035
2.81616
2.84907
2.87852
2.9041
2.92528
2.94153
2.95253
2.95779
2.95706
2.95
2.9371
2.92013
2.90164
2.87959
2.85099
2.82472
2.77745
2.77532
2.66236
2.82588
2.38333
3.43757
1.22142
6.41291
0.951608
0.946565
0.941221
0.935654
0.929785
0.923571
0.917005
0.910084
0.902769
0.895028
0.886871
0.878267
0.869191
0.859652
0.84963
0.839061
0.827874
0.815998
0.803399
0.79013
0.776275
0.761842
0.746749
0.730911
0.714223
0.696433
0.677304
0.656772
0.634876
0.611644
0.587155
0.561579
0.534969
0.50719
0.47805
0.447415
0.415219
0.381408
0.345945
0.308769
0.269821
0.229046
0.186402
0.141853
0.0953734
0.0469466
-0.00343057
-0.0557384
-0.109941
-0.165977
-0.223757
-0.283165
-0.344046
-0.406204
-0.4694
-0.533367
-0.597754
-0.662172
-0.726164
-0.789299
-0.850897
-0.910558
-0.967233
-1.02112
-1.06972
-1.11581
-1.1522
-1.18541
-1.19926
-1.23096
-1.21932
-1.27601
-1.19196
-1.34825
-1.05876
-1.54461
-0.675142
-2.1471
0.293271
-3.90894
0.956101
0.960439
0.965046
0.969892
0.974988
0.980351
0.985986
0.991912
0.998154
1.00471
1.0116
1.01883
1.02643
1.03443
1.04282
1.05163
1.06087
1.07059
1.08078
1.09146
1.10266
1.11441
1.12674
1.13965
1.15316
1.16731
1.18213
1.19763
1.21384
1.23078
1.24847
1.26693
1.2862
1.30627
1.32715
1.34889
1.3715
1.39494
1.41922
1.44437
1.47033
1.49709
1.52461
1.55286
1.58178
1.61128
1.6413
1.67171
1.70241
1.73323
1.764
1.79457
1.8247
1.85416
1.88272
1.91009
1.93592
1.95997
1.98185
2.00127
2.01786
2.03124
2.04122
2.04741
2.04967
2.04776
2.04209
2.03342
2.02332
2.01093
1.9943
1.98016
1.95054
1.95894
1.87583
2.03427
1.65072
2.65278
0.596191
5.45572
0.406609
0.403305
0.399792
0.396127
0.392261
0.388175
0.383866
0.379322
0.374523
0.369452
0.364109
0.358476
0.352528
0.346256
0.339657
0.332716
0.325458
0.317961
0.310426
0.303367
0.29773
0.29476
0.295639
0.301083
0.311062
0.324626
0.339616
0.352848
0.361158
0.362511
0.356506
0.344306
0.328044
0.309826
0.290893
0.271524
0.251552
0.230804
0.209245
0.186894
0.163769
0.139871
0.115184
0.0896978
0.0634075
0.0363039
0.0083814
-0.0203566
-0.0499029
-0.0802393
-0.111335
-0.143146
-0.175617
-0.208665
-0.242179
-0.276047
-0.310109
-0.344181
-0.378033
-0.411474
-0.44412
-0.475854
-0.505965
-0.534916
-0.560669
-0.586101
-0.604861
-0.624731
-0.629786
-0.652553
-0.637187
-0.686525
-0.609475
-0.753345
-0.497599
-0.933366
-0.185099
-1.43098
0.5655
-2.67695
0.409624
0.412612
0.415786
0.419128
0.422657
0.426375
0.430279
0.434403
0.438761
0.443345
0.448161
0.453224
0.458562
0.464174
0.470066
0.476248
0.482741
0.489569
0.496713
0.504192
0.512032
0.520235
0.52881
0.53776
0.547097
0.556829
0.566969
0.577513
0.588464
0.599845
0.611636
0.62385
0.636478
0.649511
0.662952
0.676798
0.691053
0.705676
0.720677
0.736048
0.751737
0.767737
0.784044
0.800621
0.817424
0.834429
0.851582
0.868833
0.886139
0.903422
0.92063
0.937671
0.954457
0.970865
0.9868
1.0021
1.0166
1.0302
1.04268
1.05388
1.06365
1.07182
1.0783
1.08285
1.08544
1.08591
1.08458
1.08131
1.07724
1.07215
1.06471
1.05985
1.04364
1.05879
0.998482
1.14385
0.811933
1.68408
-0.0934481
3.81601
0.322477
0.322844
0.323246
0.32367
0.324107
0.324565
0.325045
0.325548
0.32607
0.32662
0.3272
0.327809
0.32845
0.329151
0.330002
0.331163
0.332895
0.335472
0.338957
0.342857
0.345791
0.345438
0.33886
0.323122
0.296114
0.257535
0.209742
0.157944
0.109125
0.0698693
0.0440937
0.0316313
0.0286773
0.0301685
0.0323496
0.0336663
0.0340514
0.0338291
0.0331446
0.0319533
0.030166
0.0277229
0.0245957
0.0207832
0.0162957
0.0111436
0.00534711
-0.00106149
-0.00804453
-0.0155594
-0.0235555
-0.0319803
-0.0407742
-0.0498821
-0.0592307
-0.0687587
-0.0783993
-0.0880827
-0.0977156
-0.107261
-0.116557
-0.125689
-0.134246
-0.142859
-0.150042
-0.158394
-0.162958
-0.171604
-0.16964
-0.182737
-0.166546
-0.202221
-0.142921
-0.247961
-0.0703055
-0.361788
0.108207
-0.618487
0.500425
-1.09377
0.322079
0.321624
0.321141
0.320616
0.320054
0.31945
0.318792
0.318088
0.317335
0.316527
0.315658
0.314728
0.313741
0.312688
0.311569
0.310381
0.309127
0.307811
0.30642
0.304965
0.303454
0.30188
0.300248
0.298569
0.296851
0.295098
0.293328
0.291545
0.289763
0.288009
0.286289
0.284625
0.283027
0.281526
0.280142
0.27889
0.277796
0.276872
0.276159
0.275661
0.275382
0.275345
0.275572
0.276056
0.2768
0.277811
0.279066
0.280551
0.282247
0.28413
0.286176
0.288332
0.290565
0.292819
0.295066
0.297249
0.299327
0.301308
0.303078
0.304598
0.305792
0.306603
0.307026
0.306966
0.306502
0.305566
0.304475
0.304009
0.302418
0.300249
0.297088
0.295712
0.287989
0.298689
0.261472
0.349594
0.142577
0.656558
-0.327865
1.72256
)
;

boundaryField
{
    inlet
    {
        type            freestreamPressure;
        freestreamValue uniform 0;
        supersonic      false;
        value           nonuniform List<scalar> 
134
(
1.88609
0.887727
-0.195367
-1.18214
-1.94055
-2.4645
-2.66041
-2.5085
-2.00636
-0.986948
-0.204221
-0.329911
-0.561657
-0.790245
-1.0268
-1.27735
-1.54337
-1.82563
-2.12743
-2.45509
2.82431
-2.81726
-3.2172
-3.6343
-4.01977
-4.2914
-4.41734
-4.63797
-4.63875
-4.71848
-5.56826
-5.13122
-5.13532
-5.21696
-5.27448
-5.2956
-5.31467
-5.38686
-5.58751
-5.83521
3.67175
4.49462
5.10929
5.32676
5.00033
3.90687
1.85577
-6.38011
-6.21714
-5.9772
-5.81488
-5.69001
-5.55295
-5.40127
-5.24693
-5.09349
-4.93904
-4.78182
-4.62179
-4.459
-4.29251
-4.12071
-3.94085
-3.74809
-3.53802
-3.30299
-3.15205
-3.01348
-2.8503
-2.66362
-2.45206
-2.18938
-1.84462
-1.26303
-0.515901
0.52837
1.2187
2.01694
2.81942
3.61002
4.37018
5.01788
5.50638
5.84415
6.04264
6.13518
6.15929
6.14693
6.12309
6.12365
6.20804
6.40201
6.62152
6.79829
6.93869
7.05728
7.15709
7.23363
7.28433
7.31048
7.31661
7.31354
7.32317
7.40092
7.63236
8.15814
8.38839
8.1777
7.93052
7.77281
7.64585
7.50224
7.34496
7.18616
7.02767
6.86653
6.70093
6.53003
6.35285
6.1673
5.96991
5.75608
5.51675
5.2452
4.90667
4.72456
4.56258
4.34858
4.08894
3.78625
3.4009
2.89395
2.02468
0.914371
)
;
    }
    outlet
    {
        type            freestreamPressure;
        freestreamValue uniform 0;
        supersonic      false;
        value           nonuniform List<scalar> 
160
(
0.000203738
0.000203504
0.000203951
0.000203235
0.000204185
0.00020295
0.000204432
0.000202641
0.000204685
0.000202309
0.00020495
0.000201952
0.000205228
0.000201563
0.000205518
0.000201147
0.000205819
0.000200702
0.000206136
0.000200223
0.000206471
0.00019971
0.00020682
0.000199159
0.000207183
0.000198575
0.000207572
0.000197953
0.000208031
0.000197291
0.000208652
0.000196589
0.000209597
0.000195848
0.000211057
0.000195072
0.000213116
0.000194252
0.000215532
0.000193395
0.000217506
0.000192508
0.000217617
0.000191585
0.000213985
0.000190631
0.000204642
0.000189651
0.000188074
0.000188652
0.00016392
0.000187637
0.000133613
0.000186617
0.000100544
0.000185596
6.93181e-05
0.000184582
4.42448e-05
0.000183593
2.78275e-05
0.000182633
1.99011e-05
0.000181718
1.80006e-05
0.000180855
1.89093e-05
0.000180062
2.02617e-05
0.000179356
2.10793e-05
0.000178744
2.13162e-05
0.000178247
2.11729e-05
0.000177873
2.07399e-05
0.000177648
1.999e-05
0.000177579
1.8868e-05
0.000177668
1.73367e-05
0.000177934
1.53786e-05
0.000178391
1.2993e-05
0.000179041
1.01865e-05
0.000179885
6.96552e-06
0.000180934
3.34228e-06
0.000182175
-6.63537e-07
0.000183603
-5.02932e-06
0.000185211
-9.7297e-06
0.000186987
-1.47349e-05
0.000188921
-2.00142e-05
0.000190982
-2.55333e-05
0.000193154
-3.1261e-05
0.000195407
-3.71558e-05
0.000197725
-4.31836e-05
0.00020008
-4.93085e-05
0.000202445
-5.54923e-05
0.000204833
-6.16837e-05
0.000207173
-6.78653e-05
0.00020944
-7.39454e-05
0.000211588
-7.99808e-05
0.000213577
-8.5728e-05
0.000215407
-9.15771e-05
0.000217011
-9.66272e-05
0.000218442
-0.000102468
0.000219655
-0.000106073
0.000220868
-0.000112159
0.000222355
-0.000111635
0.00022284
-0.000120488
0.000223071
-0.000111231
0.00022274
-0.00013445
0.000223879
-9.77158e-05
0.000220602
-0.000165316
0.000231077
-5.0088e-05
0.00020616
-0.000237356
0.000275862
8.33801e-05
0.000118174
-0.000379205
0.000513836
0.000450093
-0.000308468
-0.00054961
0.00119301
)
;
    }
    walls
    {
        type            zeroGradient;
    }
    frontAndBack
    {
        type            empty;
    }
}


// ************************************************************************* //
