/*--------------------------------*- C++ -*----------------------------------*\
  =========                 |
  \\      /  F ield         | OpenFOAM: The Open Source CFD Toolbox
   \\    /   O peration     | Website:  https://openfoam.org
    \\  /    A nd           | Version:  12
     \\/     M anipulation  |
\*---------------------------------------------------------------------------*/
FoamFile
{
    format      ascii;
    class       volScalarField;
    location    "50";
    object      p;
}
// * * * * * * * * * * * * * * * * * * * * * * * * * * * * * * * * * * * * * //

dimensions      [0 2 -2 0 0 0 0];

internalField   nonuniform List<scalar> 
10720
(
-1112.24
-1326.94
-1573.18
-1792.71
-1968.11
-2135.19
-2260.5
-2339.76
-2393.91
-2416.84
-2413.21
-2386.54
-2339.16
-2274.02
-2193.45
-2097.49
-1989.24
-1866.4
-1731.55
-1582.73
-1423.03
-1252.95
-1078.95
-906.468
-745.078
-606.191
-498.629
-423.334
-371.409
-339.412
-353.124
-445.295
-509.175
-328.039
56.9118
149.78
-61.4825
-16.9723
-536.116
-875.489
-655.35
-390.608
-120.337
138.166
370.947
564.15
706.309
795.548
837.907
847.312
835.623
804.89
762.849
716.917
669.15
620.379
570.891
520.967
470.095
418.197
364.556
309.182
252.78
199.416
151.856
108.233
67.5899
29.6337
-5.60413
-38.4233
-68.8132
-97.3319
-125.156
-154.215
-188.631
-232.003
-302.508
-426.181
-520.79
-691.72
-873.038
-1052.85
-1226.61
-1394.54
-1546.19
-1678.28
-1789.6
-1874.55
-1933.72
-1969.15
-1982.87
-1975.81
-1948.22
-1899.86
-1832.2
-1744.51
-1638.72
-1514.55
-1374.96
-1221.38
-1059.87
-896.173
-739.903
-603.157
-496.15
-420.96
-369.402
-338.073
-351.936
-443.243
-508.304
-331.148
51.4351
146.262
-63.0865
-12.79
-546.894
-361.085
-203.662
-38.0255
135.992
306.746
466.104
603.884
710.957
783.369
822.049
833.483
823.819
797.069
759.809
717.395
672.023
624.771
576.252
526.865
476.428
424.871
371.756
317.15
261.827
209.01
161.08
116.829
75.4686
36.7939
0.846552
-32.661
-63.7322
-92.9155
-121.374
-150.984
-185.79
-229.29
-299.764
-416.259
-422.65
-575.763
-739.163
-912.481
-1082.24
-1245.32
-1398.05
-1532.2
-1642.57
-1729.78
-1793.82
-1835.92
-1856.47
-1855.84
-1834.68
-1793.77
-1734.13
-1656.17
-1561.06
-1449.19
-1322.47
-1182.41
-1033.5
-880.789
-732.428
-599.726
-493.53
-417.956
-366.942
-336.614
-351.399
-442.16
-507.882
-335.225
42.1761
142.476
-65.2694
-7.72155
-557.424
-278.032
-128.289
30.1749
191.314
344.668
485.134
605.268
698.656
762.955
799.302
812.473
806.433
784.496
751.792
712.611
669.454
623.743
576.336
527.736
477.972
427.008
374.607
320.854
266.465
214.011
165.752
121.128
79.4518
40.5285
4.36496
-29.3536
-60.6866
-90.1897
-119.005
-148.934
-183.915
-227.336
-297.176
-406.439
-246.182
-374.65
-515.437
-663.624
-812.268
-959.733
-1101
-1231.28
-1347.05
-1446.71
-1529.15
-1593.22
-1637.13
-1660.3
-1662.56
-1644.27
-1605.78
-1547.58
-1470.54
-1375.55
-1264.35
-1139.03
-1003.6
-862.997
-724.331
-597.545
-493.252
-417.237
-365.851
-336.109
-351.838
-442.789
-508.477
-339.393
30.2782
140.041
-67.5572
-5.74912
-567.303
-127.183
-7.45605
119.13
250.663
377.183
495.002
597.745
679.332
737.243
772.13
786.98
784.375
767.091
739.105
703.933
663.978
620.77
575.294
528.142
479.519
429.497
378.02
325.222
271.789
219.841
171.488
126.61
84.6457
45.4356
8.97561
-25.065
-56.804
-86.788
-116.119
-146.502
-181.743
-225.082
-294.078
-396.634
-167.326
-282.228
-408.77
-543.834
-680.114
-817.601
-952.172
-1079.03
-1195.17
-1297.95
-1385
-1454.29
-1504.57
-1535.41
-1546.54
-1538.01
-1509.91
-1462.55
-1396.55
-1312.82
-1212.86
-1098.88
-974.546
-844.638
-715.526
-595.592
-494.39
-418.381
-366.421
-336.959
-353.144
-444.384
-509.862
-343.407
17.1637
140.159
-68.9828
-8.64135
-577.371
-60.2894
46.9244
160.149
276.719
387.903
491.557
582.593
655.742
708.785
742.471
758.689
759.144
746.217
722.887
691.963
655.574
615.253
572.06
526.684
479.485
430.656
380.279
328.553
276.141
224.828
176.544
131.514
89.3516
49.938
13.2559
-21.0459
-53.1414
-83.5607
-113.355
-144.126
-179.544
-222.677
-290.595
-386.653
-97.3656
-198.657
-311.376
-431.709
-553.745
-678.365
-801.48
-919.332
-1029.54
-1129.41
-1216.71
-1289.72
-1347.36
-1388.26
-1411.39
-1416.01
-1401.65
-1368.26
-1316.09
-1245.87
-1158.91
-1057.31
-944.488
-825.188
-705.539
-592.987
-495.945
-420.681
-368.411
-339.272
-355.41
-446.128
-511.432
-347.597
4.99643
142.947
-68.1177
-16.5727
-588.409
-3.33468
90.1635
189.367
292.11
390.161
482.176
563.782
630.121
679.155
711.697
728.888
731.904
722.794
703.781
677.07
644.457
607.365
566.85
523.655
478.246
430.921
381.874
331.372
280.078
229.535
181.505
136.463
94.2011
54.6324
17.7382
-16.837
-49.3017
-80.1617
-110.412
-141.551
-177.107
-219.966
-286.622
-376.443
-52.0809
-143.39
-245.465
-354.811
-465.701
-579.903
-693.781
-803.957
-908.694
-1005.45
-1092.05
-1166.79
-1227.94
-1273.81
-1303.2
-1315.2
-1309.27
-1285.2
-1243.05
-1183.38
-1107.24
-1016.55
-914.36
-805.093
-694.492
-589.374
-497.284
-423.811
-371.756
-343.005
-358.609
-447.35
-511.913
-351.21
-4.20436
148.182
-63.853
-29.3161
-599.351
32.668
116.5
205.633
297.954
385.925
468.834
542.918
603.653
649.359
680.732
698.463
703.563
697.689
682.54
659.825
630.993
597.284
559.692
518.96
475.618
430.043
382.529
333.403
283.336
233.698
186.104
141.188
98.9106
59.2294
22.1427
-12.6846
-45.4823
-76.731
-107.374
-138.819
-174.449
-216.966
-282.187
-366.082
-17.815
-100.306
-192.982
-292.285
-392.933
-497.188
-601.663
-703.425
-801.201
-892.723
-975.979
-1049.42
-1111.33
-1160.25
-1194.85
-1213.87
-1216.36
-1201.76
-1169.77
-1120.69
-1055.31
-975.362
-883.612
-784.179
-682.414
-584.629
-497.857
-427.173
-375.953
-347.733
-362.431
-447.366
-509.692
-352.983
-8.50568
155.858
-56.0949
-46.7202
-609.027
58.7817
134.231
214.742
298.326
377.966
453.353
521.169
577.162
619.97
650.126
668.071
674.778
671.574
659.781
640.726
615.533
585.233
550.707
512.655
471.618
428.03
382.251
334.667
285.948
237.352
190.356
145.703
103.498
63.7635
26.5261
-8.51222
-41.5918
-73.1704
-104.148
-135.853
-171.519
-213.653
-277.302
-355.599
6.77432
-68.4348
-153.181
-244.043
-335.982
-431.553
-527.716
-621.812
-712.983
-799.193
-878.678
-950.084
-1011.81
-1062.27
-1100.08
-1123.77
-1132.19
-1124.67
-1100.78
-1060.59
-1004.69
-934.545
-852.601
-762.6
-669.428
-578.835
-497.436
-430.161
-380.476
-352.739
-365.752
-444.917
-502.784
-350.003
-7.02651
165.964
-45.2735
-68.2918
-616.409
76.606
145.184
218.576
294.889
367.584
436.687
499.182
551.124
591.321
620.207
638.138
646.022
644.972
636.035
620.243
598.449
571.475
540.055
504.806
466.251
424.844
380.984
335.094
287.848
240.42
194.175
149.923
107.896
68.1867
30.8595
-4.33569
-37.6417
-69.4945
-100.756
-132.681
-168.35
-210.068
-272.016
-345.04
24.889
-43.9896
-121.806
-205.224
-289.461
-377.233
-465.725
-552.567
-637.197
-717.788
-792.848
-861.218
-921.403
-971.95
-1011.53
-1038.66
-1052.02
-1050.72
-1034.15
-1002.13
-955.044
-894.094
-821.433
-740.461
-655.608
-572.051
-495.931
-432.258
-384.558
-357.33
-367.681
-438.795
-489.803
-339.718
0.60787
178.321
-32.4537
-93.6099
-622.285
88.8978
151.583
218.876
288.979
355.766
419.481
477.379
525.786
563.596
591.18
608.926
617.63
618.275
611.725
598.786
580.094
556.277
527.916
495.523
459.569
420.492
378.708
334.654
289.005
242.868
197.526
153.817
112.086
72.4931
35.1467
-0.150162
-33.6297
-65.7089
-97.2093
-129.319
-164.956
-206.218
-266.337
-334.37
38.0763
-25.3239
-97.0957
-173.999
-251.463
-332.315
-413.934
-494.175
-572.666
-647.812
-718.36
-783.36
-841.44
-891.291
-931.593
-960.979
-977.94
-981.524
-970.991
-946.027
-906.783
-854.237
-790.244
-717.836
-640.98
-564.3
-493.396
-433.292
-387.78
-361.039
-367.555
-428.208
-470.114
-320.438
13.2549
191.939
-18.6807
-121.883
-627.197
97.0451
154.658
216.689
281.427
343.115
402.153
456.009
501.28
536.89
563.178
580.586
589.824
591.783
587.195
576.707
560.791
539.908
514.488
484.935
451.637
414.997
375.416
333.327
289.386
244.662
200.365
157.343
116.029
76.6505
39.3608
4.02124
-29.5811
-61.8396
-93.5344
-125.788
-161.348
-202.104
-260.266
-323.585
47.6273
-10.9568
-77.3865
-148.514
-219.97
-294.628
-370.025
-444.208
-516.967
-586.881
-652.91
-714.285
-769.793
-818.275
-858.476
-889.154
-908.796
-916.329
-910.929
-892.134
-859.923
-815.048
-759.098
-694.741
-625.511
-555.491
-489.737
-433.116
-389.658
-363.401
-365.538
-413.678
-444.313
-294.545
28.9367
205.311
-5.51873
-152.456
-631.888
102.167
155.353
212.782
272.817
330.049
384.968
435.236
477.679
511.233
536.256
553.217
562.759
565.708
562.708
554.301
540.829
522.622
499.978
473.186
442.548
408.405
371.121
331.102
288.978
245.78
202.661
160.467
119.692
80.6313
43.4796
8.16163
-25.5091
-57.8965
-89.7371
-122.087
-157.515
-197.706
-253.793
-312.643
54.4095
0.086724
-61.5845
-127.568
-193.672
-262.776
-332.566
-401.224
-468.69
-533.7
-595.36
-653.078
-705.789
-752.481
-792.022
-823.252
-844.748
-855.328
-854.135
-840.627
-814.63
-776.687
-728.132
-671.286
-609.26
-545.638
-484.941
-431.779
-390.211
-364.219
-361.724
-396.335
-413.917
-265.588
44.5168
216.599
5.78102
-184.338
-636.092
105.027
154.322
207.676
263.55
316.834
368.093
415.153
455.003
486.63
510.432
526.864
536.526
540.199
538.474
531.806
520.46
504.657
484.589
460.438
432.413
400.78
365.848
327.979
287.767
246.201
204.384
163.149
123.037
84.4003
47.4752
12.2489
-21.4305
-53.8933
-85.8277
-118.219
-153.456
-193.022
-246.928
-301.56
59.0864
8.56011
-48.8427
-110.208
-171.511
-235.62
-300.339
-363.967
-426.567
-486.995
-544.487
-598.596
-648.403
-693.035
-731.495
-762.706
-785.386
-798.289
-800.537
-791.536
-770.992
-739.271
-697.456
-647.561
-592.286
-534.752
-478.952
-429.209
-389.363
-363.367
-356.585
-377.786
-381.477
-236.48
57.7292
224.599
13.6911
-216.855
-640.046
106.199
152.029
201.757
253.905
303.665
351.63
395.79
433.266
463.081
485.704
501.548
511.188
515.37
514.646
509.419
499.898
486.228
468.517
446.852
421.351
392.199
359.64
323.979
285.756
245.914
205.511
165.361
126.035
87.9302
51.3253
16.267
-17.3557
-49.8361
-81.8072
-114.185
-149.166
-188.039
-239.678
-290.31
62.1359
15.0274
-38.5281
-95.7274
-152.712
-212.308
-272.427
-331.482
-389.612
-445.777
-499.341
-549.968
-596.87
-639.308
-676.402
-707.163
-730.486
-745.091
-750.105
-744.902
-729.104
-702.918
-667.216
-623.705
-574.72
-522.94
-471.865
-425.482
-387.339
-361.067
-350.201
-359.031
-349.38
-208.357
67.712
228.223
17.1254
-249.157
-643.777
106.103
148.826
195.29
244.086
290.668
335.652
377.167
412.445
440.567
462.041
477.262
486.768
491.287
491.34
487.295
479.328
467.532
451.947
432.588
409.487
382.755
352.557
319.131
282.952
244.911
206.023
167.075
128.651
91.1884
55.0005
20.1921
-13.3045
-45.7403
-77.6896
-109.993
-144.651
-182.767
-232.07
-278.923
63.93
19.9172
-30.1533
-83.5757
-136.656
-192.155
-248.089
-302.979
-357.008
-409.233
-459.123
-506.432
-550.483
-590.659
-626.206
-656.218
-679.745
-695.545
-702.743
-700.703
-689
-667.703
-637.494
-599.808
-556.643
-510.269
-463.717
-420.602
-384.141
-357.497
-343.013
-341.013
-319.53
-183.265
74.7278
227.296
14.8383
-280.806
-647.707
105.053
144.972
188.482
234.238
277.94
320.204
359.285
392.524
419.057
439.424
453.997
463.285
468
468.64
465.555
458.897
448.731
435.044
417.798
396.955
372.548
344.666
313.475
279.376
243.2
205.912
168.271
130.861
94.1491
58.478
24.0059
-9.28945
-41.6132
-73.4767
-105.642
-139.91
-177.199
-224.115
-267.378
64.751
23.5509
-23.3462
-73.3256
-122.863
-174.627
-226.756
-277.838
-328.105
-376.702
-423.169
-467.337
-508.635
-546.552
-580.441
-609.499
-632.886
-649.469
-658.35
-658.917
-650.708
-633.698
-608.389
-575.984
-538.166
-496.848
-454.605
-414.672
-379.907
-352.915
-335.048
-323.889
-292.524
-161.544
77.9517
221.34
6.73033
-311.177
-651.858
103.284
140.662
181.482
224.463
265.54
305.308
342.131
373.47
398.511
417.813
431.722
440.73
445.529
446.606
444.29
438.73
429.967
417.964
402.633
383.886
361.685
336.049
307.066
275.058
240.788
205.172
168.931
132.64
96.7823
61.7288
27.6819
-5.33292
-37.4739
-69.1849
-101.146
-134.952
-171.351
-215.851
-255.715
64.8163
26.1831
-17.8024
-64.6418
-110.938
-159.305
-207.95
-255.551
-302.368
-347.618
-390.905
-432.129
-470.8
-506.504
-538.686
-566.644
-589.635
-606.655
-616.802
-619.484
-614.236
-600.95
-579.985
-552.33
-519.395
-482.764
-444.598
-407.731
-374.658
-347.441
-326.733
-308.07
-268.948
-144.291
76.8431
210.564
-7.10211
-339.808
-656.58
100.98
136.039
174.397
214.834
253.5
290.974
325.693
355.25
378.895
397.17
410.413
419.095
423.894
425.28
423.575
418.924
411.363
400.836
387.227
370.405
350.277
326.793
299.967
270.038
237.699
203.81
169.048
133.971
99.0681
64.7318
31.2021
-1.44872
-33.3306
-64.8173
-96.5035
-129.778
-165.218
-207.293
-243.925
64.2934
28.0175
-13.2974
-57.2486
-100.587
-145.834
-191.292
-235.7
-279.353
-321.518
-361.86
-400.332
-436.519
-470.076
-500.548
-527.315
-549.719
-566.902
-577.967
-582.34
-579.574
-569.497
-552.354
-528.939
-500.429
-468.113
-433.779
-399.848
-368.465
-341.166
-317.999
-293.375
-248.483
-130.68
70.9541
194.739
-25.7595
-365.889
-661.883
98.2837
131.216
167.311
205.405
241.842
277.195
309.952
337.838
360.164
377.453
390.034
398.358
403.088
404.681
403.456
399.557
393.019
383.777
371.704
356.634
338.432
316.987
292.245
264.365
233.964
201.837
168.618
134.837
100.983
67.4596
34.5402
2.33799
-29.2053
-60.3943
-91.7328
-124.405
-158.827
-198.486
-232.057
63.3168
29.2108
-9.64291
-50.9354
-91.5545
-133.942
-176.466
-217.948
-258.691
-298.015
-335.628
-371.537
-405.379
-436.882
-465.665
-491.196
-512.883
-530.014
-541.702
-547.406
-546.697
-539.367
-525.558
-505.908
-481.382
-453.014
-422.248
-391.118
-361.4
-334.216
-309.178
-280.105
-231.359
-121.245
60.9146
174.613
-48.5062
-388.916
-667.692
95.3017
126.278
160.284
196.211
230.584
263.961
294.886
321.203
342.282
358.628
370.556
378.501
383.107
384.829
383.972
380.689
375.015
366.889
356.173
342.687
326.257
306.727
283.98
258.1
229.621
199.275
167.647
135.235
102.516
69.8974
37.6797
6.01433
-25.1076
-55.9198
-86.8359
-118.838
-152.176
-189.449
-220.111
61.9897
29.8897
-6.68673
-45.5241
-83.6417
-123.391
-163.221
-202.011
-240.073
-276.778
-311.874
-345.399
-377.045
-406.593
-433.731
-458.007
-478.889
-495.795
-507.864
-514.592
-515.567
-510.563
-499.642
-483.309
-462.343
-437.562
-410.096
-381.612
-353.539
-326.631
-300.169
-267.96
-217.025
-114.927
47.1336
150.236
-73.6338
-408.878
-672.939
92.1228
121.289
153.362
187.277
219.73
251.267
280.475
305.319
325.217
340.656
351.942
359.498
363.944
365.726
365.147
362.363
357.419
350.255
340.733
328.666
313.855
296.109
275.253
251.304
224.714
196.152
166.147
135.161
103.651
72.0238
40.5963
9.55558
-21.0616
-51.4176
-81.8344
-113.096
-145.302
-180.234
-208.148
60.3974
30.1553
-4.31062
-40.8729
-76.6786
-113.997
-151.341
-187.648
-223.238
-257.528
-290.297
-321.612
-351.205
-378.905
-404.462
-427.482
-447.511
-464.056
-476.315
-483.806
-486.144
-483.093
-474.657
-461.223
-443.423
-421.878
-397.453
-371.465
-345.035
-318.598
-291.283
-257.184
-205.585
-112.106
30.539
122.646
-99.9072
-426.253
-676.53
88.813
116.303
146.577
178.623
209.284
239.096
266.696
290.149
308.929
323.502
334.166
341.321
345.578
347.37
346.995
344.615
340.282
333.943
325.468
314.665
301.323
285.223
266.147
244.046
219.299
192.505
164.14
134.624
104.388
73.8304
43.2797
12.9498
-17.076
-46.8936
-76.7327
-107.19
-138.207
-170.859
-196.174
58.608
30.0898
-2.41376
-36.8642
-70.5356
-105.598
-140.647
-174.666
-207.975
-240.031
-270.65
-299.912
-327.59
-353.55
-377.595
-399.386
-418.533
-434.616
-446.912
-454.946
-458.369
-456.939
-450.625
-439.709
-424.697
-406.049
-384.403
-360.757
-335.961
-310.179
-282.447
-247.492
-196.426
-111.647
11.7779
92.3088
-125.711
-440.696
-677.764
85.4241
111.36
139.959
170.259
199.247
227.438
253.524
275.669
293.386
307.132
317.19
323.946
327.995
329.758
329.526
327.468
323.645
318.012
310.449
300.767
288.752
274.16
256.745
236.4
213.434
188.377
161.652
133.633
104.723
75.3051
45.7102
16.1742
-13.1757
-42.3737
-71.5566
-101.144
-130.934
-161.381
-184.261
56.6747
29.76
-0.915978
-33.4012
-65.0907
-98.0674
-130.99
-162.891
-194.094
-224.092
-252.72
-280.079
-305.971
-330.297
-352.902
-373.501
-391.758
-407.307
-419.514
-427.918
-432.187
-432.094
-427.573
-418.83
-406.26
-390.199
-371.084
-349.647
-326.492
-301.585
-273.939
-239.062
-189.569
-113.672
-8.27362
60.5757
-150.034
-451.608
-676.263
82.0005
106.488
133.525
162.195
189.616
216.276
240.935
261.847
278.56
291.517
300.988
307.348
311.173
312.874
312.738
310.938
307.538
302.509
295.737
287.046
276.219
263.005
247.128
228.44
207.18
183.816
158.716
132.212
104.669
76.4484
47.8827
19.2232
-9.36942
-37.8648
-66.314
-94.9716
-123.494
-151.817
-172.414
54.6397
29.2231
0.250919
-30.4033
-60.2511
-91.2893
-122.24
-152.183
-181.437
-209.53
-236.317
-261.911
-286.141
-308.939
-330.181
-349.631
-367.002
-381.97
-393.994
-402.616
-407.535
-408.528
-405.511
-398.628
-388.184
-374.412
-357.591
-338.22
-316.704
-292.864
-265.708
-231.643
-184.477
-117.24
-29.0385
28.1648
-171.617
-458.055
-671.17
78.5747
101.711
127.285
154.427
180.378
205.596
228.911
248.661
264.421
276.623
285.529
291.5
295.094
296.711
296.633
295.033
291.987
287.469
281.383
273.564
263.8
251.833
237.373
220.236
200.601
178.874
155.372
130.382
104.231
77.2592
49.7853
22.0759
-5.67931
-33.3927
-61.0352
-88.7037
-115.935
-142.227
-160.712
52.5387
28.5219
1.14213
-27.8039
-55.9354
-85.1739
-114.294
-142.418
-169.869
-196.199
-221.282
-245.237
-267.921
-289.29
-309.248
-327.596
-344.095
-358.457
-370.225
-378.947
-384.346
-386.214
-384.451
-379.152
-370.551
-358.8
-344.055
-326.628
-306.759
-284.184
-257.947
-225.323
-181.133
-122.323
-49.9336
-3.69104
-189.818
-459.265
-661.326
75.173
97.046
121.249
146.955
171.525
195.384
217.428
236.082
250.941
262.424
270.787
276.378
279.738
281.254
281.201
279.759
277.002
272.921
267.429
260.375
251.556
240.713
227.553
211.858
193.761
173.605
151.663
128.175
103.432
77.7455
51.4218
24.7309
-2.11045
-28.965
-55.7276
-82.3566
-108.271
-132.629
-149.16
50.4007
27.6931
1.80527
-25.5447
-52.0776
-79.6362
-107.054
-133.495
-159.272
-183.967
-207.472
-229.909
-251.157
-271.189
-289.939
-307.238
-322.885
-336.63
-348.085
-356.813
-362.551
-365.113
-364.386
-360.424
-353.411
-343.438
-330.568
-314.959
-296.73
-275.575
-250.597
-219.878
-179.168
-128.175
-70.4451
-34.3668
-203.978
-454.414
-645.548
71.8154
92.5047
115.42
139.777
163.047
185.626
206.469
224.087
238.091
248.892
256.734
261.957
265.082
266.484
266.438
265.113
262.598
258.886
253.909
247.524
239.542
229.712
217.735
203.378
186.724
168.067
147.633
125.624
102.292
77.9166
52.7873
27.1757
1.31666
-24.6086
-50.4237
-75.967
-100.556
-123.083
-137.835
48.2474
26.7675
2.27707
-23.5767
-48.6166
-74.6116
-100.444
-125.318
-149.543
-172.723
-194.764
-215.795
-235.706
-254.494
-272.108
-288.411
-303.235
-316.362
-327.466
-336.121
-342.086
-345.187
-345.31
-342.475
-336.826
-328.417
-317.24
-303.343
-286.747
-267.151
-243.75
-215.3
-178.5
-134.729
-90.08
-63.0892
-214.069
-443.292
-623
68.5171
88.0971
109.802
132.888
154.935
176.305
196.014
212.653
225.848
236
243.347
248.214
251.107
252.391
252.329
251.095
248.776
245.381
240.847
235.049
227.807
218.884
207.983
194.857
179.552
162.316
143.334
122.771
100.84
77.7915
53.8947
29.4137
4.59974
-20.3272
-45.1344
-69.5495
-92.8064
-113.604
-126.737
46.0972
25.7703
2.59106
-21.8599
-45.5069
-70.0386
-94.392
-117.812
-140.592
-162.368
-183.05
-202.775
-221.446
-239.071
-255.622
-270.985
-285.017
-297.534
-308.258
-316.78
-322.879
-326.392
-327.205
-325.317
-320.838
-313.799
-304.149
-291.854
-276.87
-258.924
-237.328
-211.389
-178.757
-141.54
-108.283
-89.5182
-220.31
-426.039
-593.342
65.2915
83.8291
104.396
126.283
147.175
167.406
186.044
201.755
214.186
223.724
230.599
235.125
237.793
238.953
238.863
237.695
235.539
232.412
228.263
222.978
216.392
208.279
198.351
186.355
172.304
156.408
138.814
119.654
99.106
77.3877
54.7461
31.4397
7.72397
-16.1479
-39.8922
-63.1467
-85.0796
-104.254
-115.938
43.9652
24.7204
2.77477
-20.3609
-42.7011
-65.8677
-88.8412
-110.901
-132.341
-152.811
-172.233
-190.744
-208.263
-224.807
-240.362
-254.838
-268.114
-280.034
-290.363
-298.708
-304.865
-308.686
-310.056
-308.958
-305.48
-299.645
-291.375
-280.586
-267.187
-250.955
-231.343
-208.066
-179.693
-148.53
-124.579
-113.237
-223.429
-403.671
-556.938
62.1481
79.7051
99.1995
119.956
139.758
158.912
176.539
191.374
203.083
212.038
218.465
222.668
225.116
226.154
226.028
224.907
222.886
219.988
216.172
211.337
205.329
197.941
188.89
177.926
165.039
150.4
134.126
116.319
97.1252
76.7318
55.3621
33.2615
10.691
-12.0745
-34.7084
-56.7751
-77.3931
-95.0448
-105.433
41.8638
23.6373
2.85039
-19.049
-40.1677
-62.0527
-83.7371
-104.533
-124.722
-143.978
-162.229
-179.614
-196.062
-211.598
-226.223
-239.864
-252.422
-263.762
-273.684
-281.821
-287.978
-292.019
-293.836
-293.398
-290.778
-286
-278.975
-269.591
-257.737
-243.239
-225.703
-205.134
-180.915
-155.291
-138.558
-133.904
-224.327
-377.691
-514.928
59.0946
75.7291
94.2124
113.9
132.673
150.81
167.481
181.489
192.515
200.921
206.924
210.818
213.058
213.974
213.806
212.72
210.812
208.11
204.584
200.142
194.649
187.905
179.646
169.623
157.809
144.345
129.32
112.81
94.9327
75.8473
55.7522
34.8796
13.4883
-8.12975
-29.6165
-50.4779
-69.8024
-86.0355
-95.2858
39.8032
22.534
2.83824
-17.8995
-37.8705
-58.5591
-79.0367
-98.6501
-117.676
-135.801
-152.964
-169.302
-184.754
-199.352
-213.109
-225.966
-237.841
-248.624
-258.135
-266.043
-272.156
-276.348
-278.518
-278.629
-276.746
-272.896
-266.997
-258.925
-248.564
-235.793
-220.367
-202.475
-182.155
-161.556
-150.14
-150.981
-223.851
-350.199
-469.258
56.137
71.9035
89.4334
108.112
125.91
143.086
158.854
172.081
182.461
190.349
195.952
199.556
201.598
202.397
202.184
201.123
199.309
196.778
193.503
189.41
184.371
178.202
170.655
161.489
150.664
138.293
124.444
109.171
92.5671
74.7646
55.9397
36.3071
16.1208
-4.31707
-24.6261
-44.2714
-62.3262
-77.2361
-85.4829
37.792
21.4245
2.75552
-16.8894
-35.786
-55.3482
-74.6969
-93.2084
-111.146
-128.219
-144.37
-159.734
-174.26
-187.986
-200.932
-213.054
-224.284
-234.531
-243.636
-251.3
-257.334
-261.622
-264.07
-264.64
-263.388
-260.356
-255.472
-248.617
-239.681
-228.59
-215.236
-199.921
-183.137
-166.931
-159.395
-164.182
-222.441
-323.197
-422.477
53.2804
68.229
84.8605
102.584
119.46
135.729
150.643
163.131
172.903
180.301
185.528
188.858
190.714
191.402
191.144
190.101
188.369
185.985
182.935
179.148
174.513
168.86
161.953
153.566
143.648
132.29
119.544
105.445
90.0646
73.5119
55.9401
37.5479
18.5805
-0.656889
-19.7701
-38.1992
-55.0162
-68.6999
-76.0814
35.8368
20.318
2.61718
-15.9998
-33.8845
-52.395
-70.6849
-88.1622
-105.086
-121.177
-136.386
-150.844
-164.509
-177.424
-189.615
-201.047
-211.669
-221.404
-230.11
-237.524
-243.454
-247.793
-250.458
-251.408
-250.7
-248.388
-244.42
-238.688
-231.099
-221.618
-210.248
-197.358
-183.703
-171.238
-166.538
-173.587
-220.108
-298.315
-377.346
50.5287
64.7068
80.4909
97.3121
113.315
128.725
142.834
154.624
163.821
170.758
175.63
178.705
180.385
180.969
180.669
179.641
177.98
175.728
172.875
169.361
165.088
159.893
153.565
145.886
136.799
126.38
114.664
101.674
87.4633
72.1205
55.7784
38.6185
20.8745
2.84925
-15.0576
-32.2742
-47.8893
-60.434
-67.059
33.9436
19.2248
2.43567
-15.2131
-32.1497
-49.6683
-66.9671
-83.4803
-99.455
-114.63
-128.96
-142.576
-155.44
-167.599
-179.084
-189.872
-199.921
-209.168
-217.489
-224.649
-230.456
-234.813
-237.645
-238.912
-238.67
-236.992
-233.848
-229.145
-222.808
-214.838
-205.319
-194.657
-183.718
-174.33
-171.703
-179.668
-216.725
-276.241
-336.149
47.8838
61.3355
76.3209
92.289
107.465
122.066
135.415
146.544
155.2
161.702
166.242
169.075
170.592
171.082
170.739
169.726
168.127
165.996
163.317
160.053
156.097
151.32
145.513
138.476
130.152
120.599
109.843
97.8963
84.7981
70.6194
55.4749
39.5279
22.9999
6.18609
-10.5166
-26.5374
-40.9918
-52.4847
-58.4651
32.1156
18.1507
2.22167
-14.515
-30.5574
-47.1486
-63.5157
-79.1226
-94.213
-108.532
-122.044
-134.875
-146.994
-158.449
-169.277
-179.461
-188.972
-197.756
-205.705
-212.612
-218.285
-222.633
-225.591
-227.12
-227.279
-226.156
-223.749
-219.98
-214.795
-208.22
-200.393
-191.735
-183.118
-176.21
-175.063
-182.994
-212.25
-256.987
-300.272
45.3474
58.1145
72.3455
87.5092
101.904
115.738
128.372
138.88
147.025
153.118
157.345
159.952
161.32
161.714
161.341
160.333
158.801
156.772
154.26
151.21
147.551
143.146
137.812
131.361
123.734
114.98
105.117
94.1484
82.1043
69.0403
55.0545
40.2941
24.9663
9.35454
-6.1538
-20.9993
-34.3362
-44.8536
-50.2711
30.3563
17.1028
1.98397
-13.8928
-29.0965
-44.8114
-60.3051
-75.0665
-89.3251
-102.846
-115.593
-127.694
-139.117
-149.917
-160.132
-169.753
-178.758
-187.103
-194.697
-201.355
-206.885
-211.202
-214.253
-216
-216.501
-215.865
-214.11
-211.181
-207.038
-201.727
-195.415
-188.516
-181.851
-176.885
-176.739
-184.095
-206.861
-240.076
-269.959
42.92
55.0413
68.5612
82.9642
96.6224
109.735
121.693
131.616
139.282
144.99
148.923
151.32
152.545
152.859
152.449
151.458
149.977
148.052
145.684
142.838
139.441
135.377
130.474
124.556
117.568
109.55
100.516
90.4635
79.4137
67.4108
54.5389
40.9301
26.7754
12.3441
-1.99123
-15.693
-27.961
-37.5789
-42.5199
28.6679
16.0843
1.7304
-13.3359
-27.7477
-42.6423
-57.3148
-71.2785
-84.761
-97.535
-109.57
-120.988
-131.765
-141.953
-151.597
-160.691
-169.221
-177.151
-184.406
-190.82
-196.202
-200.474
-203.59
-205.514
-206.306
-206.092
-204.911
-202.726
-199.512
-195.328
-190.348
-184.963
-179.908
-176.431
-176.898
-183.369
-200.756
-225.041
-244.665
40.6013
52.1146
64.9623
78.6485
91.6111
104.042
115.366
124.74
131.956
137.304
140.962
143.163
144.258
144.495
144.054
143.076
141.648
139.816
137.584
134.922
131.767
128.014
123.502
118.073
111.672
104.334
96.0676
86.8697
76.7551
65.7584
53.9519
41.4529
28.4376
15.158
1.96707
-10.6258
-21.8734
-30.6575
-35.1767
27.0526
15.1007
1.4676
-12.8343
-26.5035
-40.6211
-54.5223
-67.7411
-80.4936
-92.568
-103.937
-114.718
-124.891
-134.511
-143.621
-152.222
-160.307
-167.846
-174.777
-180.953
-186.185
-190.399
-193.556
-195.623
-196.661
-196.808
-196.126
-194.593
-192.194
-188.993
-185.162
-181.052
-177.298
-174.923
-175.694
-181.14
-194.129
-211.452
-223.466
38.3917
49.3316
61.5461
74.5536
86.8605
98.6509
109.377
118.236
125.032
130.046
133.449
135.469
136.442
136.609
136.142
135.177
133.799
132.053
129.947
127.455
124.522
121.052
116.9
111.921
106.06
99.3477
91.7929
83.3918
74.1541
64.1071
53.313
41.8763
29.9578
17.791
5.70552
-5.82202
-16.1025
-24.1177
-28.2788
25.5126
14.1554
1.20205
-12.3797
-25.347
-38.7382
-51.9123
-64.4278
-76.4977
-87.9168
-98.661
-108.848
-118.457
-127.545
-136.158
-144.298
-151.965
-159.135
-165.758
-171.703
-176.784
-180.93
-184.108
-186.288
-187.53
-187.983
-187.728
-186.755
-185.058
-182.699
-179.84
-176.784
-174.058
-172.476
-173.323
-177.687
-187.106
-199.036
-205.485
36.2918
46.6915
58.3069
70.6744
82.361
93.546
103.712
112.089
118.495
123.198
126.367
128.221
129.084
129.188
128.698
127.746
126.415
124.751
122.761
120.426
117.698
114.488
110.669
106.101
100.737
94.6036
87.7086
80.0488
71.6309
62.4769
52.6402
42.2147
31.3455
20.247
9.22362
-1.28524
-10.6504
-17.9527
-21.7872
24.0505
13.2542
0.940836
-11.9623
-24.2725
-36.9756
-49.4668
-61.3256
-72.7507
-83.5552
-93.7151
-103.345
-112.427
-121.019
-129.165
-136.874
-144.148
-150.97
-157.3
-163.021
-167.95
-172.02
-175.201
-177.466
-178.874
-179.583
-179.687
-179.188
-178.083
-176.432
-174.377
-172.172
-170.239
-169.203
-169.967
-173.277
-179.825
-187.58
-190.01
34.3015
44.1903
55.2404
66.9999
78.1007
88.7164
98.3541
106.281
112.324
116.743
119.698
121.403
122.167
122.217
121.709
120.771
119.485
117.897
116.016
113.826
111.285
108.317
104.801
100.614
95.7094
90.1097
83.8265
76.8556
69.2021
60.8844
51.9493
42.4796
32.6067
22.5251
12.5125
2.96967
-5.53524
-12.1789
-15.7326
22.6675
12.4001
0.690956
-11.5734
-23.2628
-35.3238
-47.1722
-58.4099
-69.2338
-79.4607
-89.0725
-98.1794
-106.768
-114.894
-122.605
-129.91
-136.814
-143.306
-149.357
-154.861
-159.637
-163.623
-166.792
-169.116
-170.656
-171.573
-171.973
-171.866
-171.251
-170.182
-168.777
-167.244
-165.908
-165.228
-165.819
-168.148
-172.404
-176.968
-176.537
32.4191
41.8249
52.3371
63.5216
74.0672
84.1435
93.2873
100.794
106.501
110.659
113.422
114.995
115.676
115.679
115.159
114.239
112.997
111.481
109.7
107.645
105.278
102.53
99.2943
95.458
90.9752
85.8707
80.1542
73.8217
66.8787
59.3416
51.2511
42.6811
33.7486
24.6294
15.5738
6.94365
-0.753438
-6.78607
-10.0732
21.3634
11.5969
0.458435
-11.2036
-22.3111
-33.7646
-45.0109
-55.6694
-65.9255
-75.6106
-84.7081
-93.3252
-101.451
-109.14
-116.441
-123.366
-129.923
-136.103
-141.885
-147.176
-151.802
-155.697
-158.837
-161.198
-162.839
-163.922
-164.559
-164.767
-164.547
-163.945
-163.056
-162.039
-161.135
-160.671
-161.039
-162.504
-164.958
-167.107
-164.689
30.6412
39.5877
49.5893
60.2258
70.2467
79.8166
88.4934
95.6073
101.005
104.925
107.517
108.976
109.587
109.557
109.032
108.133
106.936
105.489
103.803
101.873
99.666
97.1208
94.1428
90.6267
86.5351
81.8892
76.6955
70.9533
64.6694
57.8584
50.5559
42.8272
34.7768
26.5614
18.4051
10.6306
3.68699
-1.78037
-4.83404
20.1354
10.8442
0.247187
-10.8455
-21.4028
-32.2889
-42.9683
-53.0803
-62.8071
-71.9848
-80.5999
-88.757
-96.448
-103.727
-110.643
-117.209
-123.437
-129.321
-134.845
-139.927
-144.401
-148.199
-151.298
-153.677
-155.39
-156.595
-157.415
-157.87
-157.962
-157.725
-157.231
-156.6
-156
-155.649
-155.781
-156.51
-157.572
-157.933
-154.185
28.962
37.4712
46.9854
57.1029
66.6265
75.7167
83.958
90.7065
95.8177
99.5219
101.961
103.322
103.879
103.826
103.307
102.435
101.286
99.9061
98.3113
96.4978
94.4387
92.0807
89.3385
86.1184
82.3876
78.163
73.4511
68.2543
62.5797
56.441
49.8696
42.9237
35.6961
28.3251
21.0097
14.0346
7.79346
2.85089
0.0284398
18.9784
10.141
0.0585804
-10.4934
-20.5335
-30.8804
-41.0282
-50.6309
-59.8589
-68.5613
-76.7246
-84.4506
-91.7335
-98.6267
-105.18
-111.407
-117.324
-122.925
-128.2
-133.075
-137.398
-141.093
-144.14
-146.515
-148.269
-149.563
-150.517
-151.159
-151.488
-151.529
-151.331
-150.977
-150.578
-150.271
-150.173
-150.299
-150.31
-149.376
-144.79
27.3744
35.466
44.5177
54.1412
63.1964
71.8379
79.6677
86.0752
90.9219
94.429
96.733
98.0121
98.5264
98.4648
97.9594
97.1223
96.0253
94.7151
93.2087
91.5062
89.5855
87.4003
84.8749
81.927
78.5275
74.69
70.4218
65.7269
60.6137
55.0941
49.1979
42.9769
36.5116
29.9246
23.3898
17.1565
11.5659
7.10918
4.49252
17.8865
9.48183
-0.108665
-10.1461
-19.6927
-29.5334
-39.179
-48.2997
-57.0631
-65.32
-73.0603
-80.3828
-87.2826
-93.8135
-100.024
-105.932
-111.552
-116.883
-121.916
-126.587
-130.757
-134.344
-137.327
-139.679
-141.451
-142.798
-143.844
-144.623
-145.126
-145.368
-145.382
-145.218
-144.945
-144.636
-144.33
-143.977
-143.212
-141.374
-136.314
25.8714
33.566
42.1775
51.3367
59.9499
68.1672
75.6149
81.7045
86.3062
89.6332
91.816
93.0249
93.51
93.448
92.9662
92.1712
91.1318
89.8941
88.476
86.881
85.0911
83.0671
80.7425
78.0452
74.9497
71.4679
67.6068
63.372
58.7717
53.821
48.5445
42.9898
37.2274
31.3636
25.5499
20.0024
15.0136
11.0076
8.60179
16.8539
8.86265
-0.258521
-9.80395
-18.8823
-28.2384
-37.4091
-46.0783
-54.4019
-62.2412
-69.586
-76.5302
-83.0716
-89.262
-95.1504
-100.754
-106.092
-111.164
-115.963
-120.434
-124.447
-127.921
-130.826
-133.141
-134.907
-136.279
-137.385
-138.254
-138.877
-139.258
-139.414
-139.374
-139.171
-138.833
-138.348
-137.625
-136.308
-133.863
-128.594
24.448
31.7663
39.9642
48.6846
56.8839
64.7064
71.7927
77.5857
81.9603
85.1216
87.1951
88.3449
88.8074
88.754
88.303
87.5565
86.5802
85.4187
84.0903
82.6009
80.9371
79.0655
76.9281
74.4625
71.6468
68.4912
65.0027
61.1869
57.0575
52.6236
47.9142
42.9692
37.8499
32.6485
27.4965
22.5781
18.1427
14.5536
12.3367
15.8778
8.27838
-0.394885
-9.47042
-18.0989
-26.9959
-35.7135
-43.9518
-51.8622
-59.3085
-66.2818
-72.8719
-79.0769
-84.948
-90.5325
-95.8497
-100.918
-105.741
-110.312
-114.585
-118.44
-121.792
-124.613
-126.874
-128.616
-129.992
-131.126
-132.048
-132.744
-133.212
-133.457
-133.489
-133.319
-132.94
-132.306
-131.309
-129.614
-126.79
-121.5
23.1025
30.0678
37.8764
46.1881
53.9987
61.4484
68.1999
73.716
77.8793
80.8876
82.8619
83.9581
84.4059
84.3647
83.949
83.2551
82.3455
81.2632
80.0263
78.6425
77.1015
75.3756
73.4146
71.1652
68.6081
65.7526
62.6044
59.1737
55.4684
51.507
47.3128
42.9208
38.3847
33.7857
29.2361
24.8922
20.9632
17.7589
15.7394
14.9582
7.72854
-0.520447
-9.14772
-17.3485
-25.8022
-34.0875
-41.9176
-49.4329
-56.5075
-63.1304
-69.3878
-75.277
-80.8481
-86.1466
-91.1924
-96.0046
-100.588
-104.939
-109.016
-112.71
-115.936
-118.661
-120.857
-122.561
-123.92
-125.058
-125.999
-126.733
-127.247
-127.538
-127.608
-127.444
-127.019
-126.27
-125.08
-123.141
-120.11
-114.928
21.8369
28.4721
35.9192
43.8464
51.2936
58.3969
64.8312
70.0884
74.0556
76.9226
78.8063
79.8567
80.291
80.2657
79.887
79.2473
78.4058
77.4038
76.259
74.9804
73.5597
71.9745
70.1814
68.1349
65.8187
63.2399
60.4058
57.323
54.0074
50.4743
46.7451
42.8511
38.8409
34.7859
30.7803
26.9558
23.4871
20.637
18.792
14.0992
7.21479
-0.634417
-8.83749
-16.6287
-24.6618
-32.5318
-39.9678
-47.1083
-53.8286
-60.1191
-66.0614
-71.653
-76.9414
-81.9705
-86.7595
-91.3282
-95.6826
-99.8192
-103.703
-107.235
-110.33
-112.951
-115.071
-116.724
-118.051
-119.171
-120.108
-120.848
-121.377
-121.687
-121.765
-121.591
-121.123
-120.289
-118.972
-116.896
-113.781
-108.797
20.6554
26.9841
34.0923
41.661
48.7656
55.5409
61.6814
66.6978
70.4832
73.2204
75.0219
76.0302
76.4562
76.4462
76.1039
75.5172
74.7427
73.82
72.7657
71.5903
70.2871
68.8376
67.2049
65.35
63.2596
60.9386
58.3927
55.632
52.6712
49.5257
46.2141
42.7674
39.2286
35.6597
32.1406
28.7816
25.7272
23.1987
21.5362
13.3061
6.74354
-0.732186
-8.53593
-15.9415
-23.5708
-31.0442
-38.1052
-44.8836
-51.2643
-57.2376
-62.8802
-68.1895
-73.21
-77.984
-82.5298
-86.8667
-91.0014
-94.9311
-98.6256
-101.996
-104.954
-107.465
-109.5
-111.091
-112.373
-113.459
-114.372
-115.097
-115.619
-115.923
-115.994
-115.799
-115.293
-114.401
-113.011
-110.878
-107.773
-103.042
19.5627
25.6048
32.3963
39.624
46.4066
52.8762
58.738
63.5304
67.1486
69.768
71.4962
72.4703
72.8889
72.8965
72.5895
72.0533
71.3421
70.4948
69.5274
68.4511
67.2607
65.9414
64.4613
62.7878
60.9094
58.8293
56.552
54.0876
51.4512
48.656
45.7222
42.676
39.5584
36.4214
33.334
30.3878
27.7026
25.4657
23.9585
12.5847
6.3216
-0.805909
-8.23629
-15.2777
-22.5282
-29.6233
-36.323
-42.7557
-48.8104
-54.479
-59.8345
-64.8743
-69.6397
-74.1709
-78.485
-82.6007
-86.5245
-90.2541
-93.7637
-96.9711
-99.7916
-102.187
-104.128
-105.649
-106.877
-107.918
-108.793
-109.488
-109.985
-110.27
-110.318
-110.099
-109.563
-108.637
-107.217
-105.087
-102.057
-97.6136
18.5608
24.3334
30.8227
37.7283
44.2041
50.3831
55.9876
60.5726
64.038
66.5519
68.2169
69.1622
69.5805
69.6058
69.3333
68.845
68.1932
67.4159
66.5296
65.5459
64.4616
63.2646
61.9282
60.4253
58.7457
56.8906
54.8632
52.6732
50.3347
47.8607
45.2681
42.5832
39.8391
37.0847
34.3764
31.7928
29.4325
27.4521
26.1024
11.9367
5.95545
-0.846375
-7.92797
-14.6309
-21.5227
-28.2612
-34.6196
-40.72
-46.4617
-51.8372
-56.9167
-61.6976
-66.2185
-70.5175
-74.6101
-78.5136
-82.2345
-85.7704
-89.0987
-92.1456
-94.8261
-97.1022
-98.9467
-100.39
-101.556
-102.542
-103.37
-104.024
-104.487
-104.74
-104.762
-104.518
-103.96
-103.021
-101.604
-99.5202
-96.6096
-92.4698
17.6472
23.1616
29.3629
35.9575
42.143
48.0508
53.4112
57.8045
61.1314
63.5524
65.1648
66.0914
66.5125
66.5605
66.3235
65.8815
65.2855
64.573
63.7609
62.8623
61.8751
60.791
59.5873
58.2422
56.7469
55.1005
53.305
51.3694
49.3065
47.1272
44.8467
42.4861
40.0779
37.661
35.2868
33.0192
30.9422
29.1887
27.9659
11.3594
5.64637
-0.847244
-7.60169
-13.9866
-20.5454
-26.9486
-32.9825
-38.7691
-44.2114
-49.3058
-54.1197
-58.6513
-62.9372
-67.0128
-70.8924
-74.5917
-78.1167
-81.4647
-84.6159
-87.5043
-90.045
-92.2009
-93.9444
-95.3067
-96.4033
-97.3284
-98.1021
-98.7089
-99.1312
-99.35
-99.3424
-99.0755
-98.5061
-97.5695
-96.1816
-94.1739
-91.4125
-87.5855
16.8141
22.0792
28.0005
34.2997
40.2084
45.8584
50.9938
55.2105
58.4116
60.7515
62.3219
63.2366
63.67
63.7439
63.5449
63.1496
62.6077
61.956
61.2122
60.3906
59.4914
58.5089
57.4251
56.2229
54.8951
53.4394
51.8566
50.1554
48.3469
46.4396
44.4455
42.3824
40.2756
38.1612
36.0787
34.0874
32.2547
30.6945
29.5893
10.8435
5.39065
-0.807408
-7.25091
-13.3379
-19.5823
-25.6718
-31.4031
-36.8916
-42.0498
-46.8757
-51.4351
-55.7268
-59.7864
-63.6469
-67.3213
-70.8237
-74.1592
-77.3247
-80.3038
-83.0343
-85.4367
-87.4713
-89.113
-90.3915
-91.4163
-92.2765
-92.9913
-93.5473
-93.9261
-94.1084
-94.0723
-93.7875
-93.2142
-92.2954
-90.9542
-89.0436
-86.4504
-82.9323
16.0497
21.0721
26.7251
32.7394
38.3877
43.7981
48.7193
52.7719
55.8588
58.1281
59.6663
60.5794
61.0295
61.1362
60.9793
60.6329
60.1451
59.5525
58.873
58.1222
57.3023
56.4105
55.4331
54.3576
53.1783
51.8925
50.5009
49.0121
47.436
45.7791
44.0491
42.2586
40.4283
38.5845
36.7658
35.0154
33.3967
32.0042
30.9894
10.3781
5.17869
-0.731932
-6.87573
-12.6772
-18.6267
-24.4206
-29.866
-35.0756
-39.9653
-44.5361
-48.8523
-52.9142
-56.7563
-60.4096
-63.8863
-67.1987
-70.3513
-73.3401
-76.1503
-78.7273
-80.9912
-82.9053
-84.4452
-85.6394
-86.5913
-87.3849
-88.039
-88.542
-88.8765
-89.0233
-88.9619
-88.6646
-88.0967
-87.2057
-85.9242
-84.1236
-81.7074
-78.49
15.3417
20.1295
25.5238
31.2704
36.6711
41.8535
46.5767
50.4764
53.4581
55.6658
57.1802
58.0974
58.5734
58.7171
58.6065
58.3121
57.8804
57.3471
56.7304
56.0468
55.3
54.4898
53.6063
52.6414
51.5907
50.452
49.227
47.9252
46.5567
45.1261
43.638
42.0995
40.5233
38.9323
37.3492
35.8187
34.3893
33.1407
32.2068
9.95117
4.99932
-0.630191
-6.48176
-12.0083
-17.6732
-23.1867
-28.364
-33.3094
-37.9458
-42.2749
-46.3596
-50.2019
-53.8352
-57.2896
-60.576
-63.7059
-66.682
-69.5003
-72.1477
-74.5728
-76.7018
-78.4968
-79.9357
-81.046
-81.925
-82.6519
-83.2453
-83.6955
-83.9864
-84.1003
-84.0176
-83.7142
-83.1581
-82.3035
-81.0899
-79.407
-77.1704
-74.2383
14.6803
19.2429
24.393
29.8829
35.0504
40.02
44.5519
48.3082
51.1929
53.3465
54.8438
55.7732
56.2782
56.4656
56.4058
56.1671
55.7942
55.322
54.7688
54.1513
53.4744
52.7399
51.941
51.0727
50.132
49.1174
48.0322
46.8887
45.6983
44.4663
43.1946
41.8854
40.5462
39.1868
37.8291
36.5034
35.2497
34.132
33.2639
9.55548
4.84287
-0.512576
-6.07849
-11.3356
-16.7258
-21.9693
-26.8889
-31.5849
-35.9814
-40.0814
-43.9459
-47.5784
-51.0118
-54.2752
-57.3789
-60.3332
-63.1401
-65.7948
-68.2844
-70.5644
-72.5614
-74.2399
-75.5794
-76.6068
-77.414
-78.0753
-78.6096
-79.0084
-79.258
-79.3417
-79.2423
-78.9375
-78.3994
-77.5865
-76.4476
-74.885
-72.8256
-70.1613
14.0598
18.4088
23.3258
28.5738
33.5177
38.2814
42.6344
46.2559
49.0505
51.1566
52.6425
53.5869
54.1279
54.3618
54.357
54.1775
53.8665
53.4577
52.9696
52.4193
51.8119
51.1508
50.431
49.6499
48.8044
47.8933
46.9221
45.9065
44.8613
43.7942
42.7077
41.6018
40.4768
39.3375
38.1933
37.0654
35.9779
34.9874
34.1913
9.18699
4.70367
-0.386841
-5.6746
-10.6689
-15.7894
-20.7703
-25.4427
-29.8981
-34.0655
-37.9474
-41.6021
-45.0339
-48.2757
-51.3553
-54.2832
-57.0689
-59.7135
-62.2116
-64.5511
-66.6911
-68.5618
-70.1286
-71.3713
-72.3181
-73.0553
-73.6534
-74.1303
-74.4807
-74.691
-74.7479
-74.6348
-74.3331
-73.8169
-73.0512
-71.99
-70.5485
-68.6604
-66.2441
13.478
17.6238
22.3205
27.3333
32.0632
36.6321
40.8106
44.3052
47.0165
49.0814
50.5603
51.5244
52.1015
52.3866
52.4402
52.3235
52.0775
51.7347
51.3139
50.8323
50.2958
49.7083
49.0663
48.3678
47.6084
46.786
45.9073
44.9914
44.0574
43.1183
42.1799
41.2431
40.306
39.3658
38.4236
37.4859
36.5703
35.7128
34.9971
8.84533
4.57997
-0.257273
-5.27667
-10.0147
-14.8729
-19.5969
-24.0268
-28.25
-32.1966
-35.8691
-39.3226
-42.5622
-45.6196
-48.5221
-51.2801
-53.903
-56.3916
-58.7394
-60.9361
-62.943
-64.6943
-66.1544
-67.3062
-68.1756
-68.8464
-69.3834
-69.8066
-70.1105
-70.2852
-70.3172
-70.1938
-69.8976
-69.4074
-68.6916
-67.7107
-66.3877
-64.6634
-62.4765
12.9331
16.8851
21.3682
26.1557
30.6779
35.0574
39.0725
42.4491
45.083
47.1121
48.5868
49.5693
50.1855
50.5217
50.6362
50.5854
50.4076
50.1338
49.7825
49.3714
48.9072
48.3948
47.8314
47.215
46.539
45.798
44.998
44.1601
43.3076
42.4595
41.6284
40.82
40.0336
39.2643
38.5048
37.7532
37.0064
36.2964
35.6836
8.52948
4.47168
-0.124316
-4.88713
-9.37887
-13.9815
-18.4548
-22.649
-26.6443
-30.3763
-33.8463
-37.1058
-40.1603
-43.0402
-45.7714
-48.3644
-50.8293
-53.1666
-55.3705
-57.4292
-59.31
-60.948
-62.3092
-63.3759
-64.1742
-64.7824
-65.263
-65.6353
-65.8967
-66.0382
-66.0487
-65.9171
-65.6292
-65.1668
-64.5028
-63.6012
-62.3935
-60.8248
-58.8494
12.4227
16.1871
20.4651
25.0311
29.3539
33.555
37.4125
40.6809
43.2439
45.2421
46.713
47.7134
48.3631
48.7504
48.9263
48.9434
48.837
48.6355
48.3565
48.018
47.6273
47.1909
46.7073
46.1746
45.583
44.9228
44.1971
43.4258
42.6341
41.8469
41.084
40.3596
39.6801
39.0424
38.437
37.8504
37.2762
36.721
36.2297
8.23845
4.37938
0.012571
-4.50581
-8.76171
-13.1192
-17.3495
-21.3128
-25.0864
-28.6094
-31.8825
-34.9541
-37.8299
-40.5381
-43.1027
-45.5349
-47.8453
-50.0352
-52.098
-54.0246
-55.7832
-57.3139
-58.5826
-59.5715
-60.3051
-60.8567
-61.2855
-61.6113
-61.8339
-61.9461
-61.9384
-61.8015
-61.5239
-61.0905
-60.4777
-59.6534
-58.5557
-57.1343
-55.354
11.9439
15.5265
19.6044
23.9584
28.0889
32.1177
35.8298
39.0009
41.5006
43.4733
44.939
45.9489
46.6283
47.0596
47.2931
47.3775
47.3445
47.2189
47.0161
46.753
46.4376
46.0776
45.674
45.2255
44.7202
44.1443
43.4956
42.7901
42.0513
41.3063
40.5819
39.9021
39.2828
38.73
38.2371
37.7901
37.368
36.9683
36.6109
7.96908
4.30074
0.152984
-4.1328
-8.16468
-12.287
-16.2828
-20.0238
-23.5801
-26.8998
-29.9817
-32.8715
-35.5753
-38.1173
-40.5193
-42.7936
-44.9523
-46.997
-48.9222
-50.7176
-52.3577
-53.7851
-54.9664
-55.8834
-56.5584
-57.0595
-57.4421
-57.7265
-57.9148
-58.0017
-57.9798
-57.8411
-57.5761
-57.1723
-56.6091
-55.8587
-54.8648
-53.5811
-51.9802
11.4939
14.9016
18.79
22.9387
26.8871
30.7542
34.3255
37.4084
39.85
41.8046
43.2634
44.2768
44.9737
45.4409
45.7241
45.8703
45.9091
45.8612
45.7385
45.5551
45.3181
45.036
44.7117
44.3462
43.9273
43.4382
42.8723
42.2393
41.557
40.8508
40.1498
39.4862
38.888
38.3734
37.9455
37.5938
37.2955
37.0337
36.8118
7.71829
4.2318
0.292092
-3.77263
-7.59101
-11.4901
-15.2607
-18.7854
-22.1301
-25.2529
-28.1461
-30.8581
-33.3976
-35.7802
-38.0235
-40.1433
-42.1535
-44.0557
-45.8437
-47.5102
-49.0319
-50.357
-51.4533
-52.3021
-52.9235
-53.3795
-53.7219
-53.9705
-54.1297
-54.1963
-54.165
-54.0287
-53.7796
-53.4065
-52.8922
-52.2114
-51.3143
-50.1578
-48.7205
11.0705
14.3131
18.0226
21.9804
25.7577
29.4707
32.9124
35.9115
38.2873
40.2298
41.6833
42.692
43.3999
43.891
44.2125
44.4106
44.5143
44.5417
44.5009
44.4015
44.2477
44.0467
43.8025
43.5181
43.1827
42.7799
42.3005
41.7483
41.1332
40.4739
39.797
39.1382
38.5348
38.0193
37.6096
37.3052
37.0875
36.9331
36.8327
7.48358
4.16952
0.428156
-3.427
-7.04311
-10.7309
-14.2861
-17.6046
-20.7426
-23.6766
-26.3776
-28.9099
-31.291
-33.5207
-35.6101
-37.5801
-39.4474
-41.2115
-42.8662
-44.4056
-45.8095
-47.0324
-48.0431
-48.8244
-49.3935
-49.8076
-50.1134
-50.331
-50.4653
-50.5167
-50.4801
-50.3513
-50.122
-49.783
-49.3172
-48.7033
-47.8952
-46.8554
-45.5659
10.6727
13.76
17.3037
21.0799
24.7
28.2738
31.5977
34.5192
36.815
38.7451
40.1921
41.1934
41.9025
42.4094
42.7565
42.9934
43.1509
43.2461
43.2844
43.2709
43.2052
43.0907
42.9301
42.7265
42.4709
42.1502
41.7562
41.29
40.7539
40.1574
39.518
38.8687
38.2513
37.7104
37.2796
36.9752
36.789
36.7001
36.6938
7.26993
4.12229
0.571691
-3.08267
-6.50642
-9.9945
-13.3477
-16.4723
-19.4158
-22.1678
-24.6796
-27.0369
-29.2638
-31.3407
-33.2766
-35.1012
-36.8312
-38.4621
-39.9883
-41.4022
-42.6908
-43.8109
-44.7368
-45.4493
-45.9674
-46.3404
-46.6137
-46.8037
-46.9189
-46.9591
-46.9238
-46.8065
-46.6033
-46.3009
-45.8858
-45.3356
-44.6103
-43.6748
-42.5184
10.3023
13.2418
16.6224
20.2248
23.6946
27.1374
30.363
33.2226
35.4658
37.3836
38.8082
39.7871
40.4926
41.0009
41.3596
41.6181
41.8127
41.9606
42.0679
42.1358
42.1596
42.1363
42.0647
41.944
41.7661
41.521
41.2072
40.8262
40.3784
39.8617
39.2837
38.6645
38.0451
37.4731
36.9994
36.6555
36.4531
36.3785
36.4275
7.08668
4.09957
0.73612
-2.7241
-5.9617
-9.25777
-12.4177
-15.364
-18.1234
-20.701
-23.0318
-25.2499
-27.3417
-29.2561
-31.0293
-32.7109
-34.3099
-35.8136
-37.2127
-38.5055
-39.6787
-40.6962
-41.5312
-42.171
-42.6309
-42.9602
-43.1975
-43.3615
-43.4583
-43.4932
-43.4626
-43.364
-43.1908
-42.9318
-42.5691
-42.0826
-41.434
-40.5949
-39.5578
9.96844
12.7637
15.9848
19.41
22.7321
26.0449
29.1715
31.973
34.2282
36.1718
37.553
38.4904
39.1797
39.6874
40.0421
40.3057
40.5151
40.6938
40.8476
40.9809
41.0841
41.151
41.1703
41.1373
41.0351
40.8597
40.6126
40.3086
39.9449
39.5213
39.0258
38.4702
37.8754
37.2922
36.7719
36.3666
36.1053
35.9945
36.0455
6.94326
4.07647
0.852276
-2.44564
-5.51761
-8.62872
-11.5732
-14.3009
-16.794
-19.1535
-21.1198
-23.3038
-25.4108
-27.2393
-28.915
-30.5312
-32.0776
-33.5226
-34.8602
-36.0859
-37.1954
-38.1522
-38.9301
-39.5184
-39.9353
-40.2288
-40.4381
-40.5804
-40.6649
-40.7002
-40.6701
-40.5866
-40.4394
-40.2142
-39.8901
-39.4476
-38.8495
-38.0721
-37.1056
9.7135
12.3962
15.4999
18.7686
21.9496
25.0982
28.0444
30.6482
32.7799
34.9851
36.4199
37.3512
38.072
38.6067
38.981
39.2569
39.4821
39.6792
39.8618
40.0349
40.1955
40.3324
40.4329
40.4804
40.4518
40.3345
40.1383
39.8832
39.5813
39.2303
38.8183
38.3379
37.7976
37.2302
36.6853
36.2213
35.8847
35.6982
35.6988
6.82605
4.05198
0.942199
-2.21729
-5.13661
-8.06286
-10.7828
-13.263
-15.431
-17.5208
-18.9711
-21.2209
-23.4537
-25.2544
-26.8802
-28.4845
-30.0315
-31.4683
-32.7859
-33.9914
-35.0766
-36.0056
-36.7532
-37.3097
-37.6975
-37.9643
-38.1534
-38.2784
-38.3556
-38.395
-38.3619
-38.2893
-38.1641
-37.9637
-37.6679
-37.2549
-36.6896
-35.9472
-35.0232
9.51058
12.1072
15.1118
18.2389
21.2831
24.244
26.9538
29.305
31.2166
33.799
35.3666
36.3256
37.0917
37.6811
38.0886
38.3873
38.6309
38.8443
39.043
39.2374
39.4304
39.615
39.7783
39.8983
39.9414
39.8845
39.7351
39.5186
39.2579
38.9599
38.616
38.2106
37.7372
37.2108
36.6695
36.1684
35.7623
35.4896
35.4148
6.72472
4.04113
1.04454
-1.97568
-4.74118
-7.48009
-9.97774
-12.2098
-14.0646
-15.8828
-16.8372
-19.1145
-21.4523
-23.222
-24.7876
-26.3675
-27.9088
-29.3346
-30.6359
-31.8233
-32.8836
-33.7816
-34.4949
-35.0156
-35.3684
-35.6031
-35.7661
-35.8695
-35.9354
-35.9786
-35.942
-35.882
-35.7817
-35.6109
-35.3483
-34.9726
-34.4497
-33.7519
-32.8826
9.3249
11.8405
14.7455
17.7387
20.6515
23.4154
25.8977
28.0132
29.6825
32.5904
34.3121
35.2994
36.1113
36.7491
37.1922
37.5125
37.7734
38.0002
38.2086
38.4112
38.6177
38.8289
39.0378
39.2227
39.3411
39.3576
39.268
39.0963
38.8713
38.6148
38.3278
37.9981
37.6077
37.153
36.6512
36.145
35.6869
35.323
35.1423
6.64161
4.04673
1.16255
-1.71899
-4.33013
-6.87968
-9.15733
-11.1402
-12.6989
-14.2325
-14.7456
-17.0007
-19.4002
-21.1386
-22.641
-24.1838
-25.71
-27.1238
-28.4086
-29.5772
-30.612
-31.4816
-32.1632
-32.6499
-32.9668
-33.167
-33.2991
-33.3758
-33.4246
-33.4665
-33.4209
-33.3694
-33.2899
-33.1476
-32.9191
-32.586
-32.1123
-31.4681
-30.6565
9.16007
11.5983
14.4059
17.2671
20.0554
22.6134
24.8763
26.7541
28.1771
31.3495
33.2426
34.2816
35.1382
35.8335
36.3156
36.6578
36.9347
37.1758
37.3954
37.6041
37.8145
38.0333
38.2646
38.492
38.6765
38.7696
38.7562
38.644
38.4638
38.2421
37.999
37.7296
37.4201
37.0505
36.6198
36.1453
35.6691
35.2301
34.9406
6.57822
4.071
1.29842
-1.4451
-3.90236
-6.26202
-8.32372
-10.0578
-11.3432
-12.5813
-12.7207
-14.9002
-17.3069
-19.0046
-20.4416
-21.9355
-23.4353
-24.8307
-26.0979
-27.2428
-28.2542
-29.0993
-29.7557
-30.2145
-30.5029
-30.6738
-30.78
-30.8317
-30.8655
-30.9046
-30.8514
-30.8065
-30.7475
-30.6334
-30.4426
-30.1564
-29.7406
-29.1628
-28.4373
9.01514
11.3785
14.0858
16.8226
19.4871
21.8264
23.8884
25.5118
26.687
30.0707
32.1409
33.246
34.1646
34.9326
35.469
35.8378
36.125
36.3734
36.5999
36.8152
37.0278
37.2474
37.4818
37.7278
37.9526
38.1116
38.1766
38.1429
38.0248
37.8502
37.6446
37.4217
37.175
36.8868
36.539
36.1295
35.6755
35.2059
34.831
6.53329
4.11275
1.44979
-1.15748
-3.46376
-5.63557
-7.48843
-8.9791
-10.0176
-10.9479
-10.7792
-12.8302
-15.1816
-16.822
-18.1922
-19.6289
-21.0896
-22.4573
-23.6965
-24.8164
-25.8028
-26.6252
-27.2576
-27.6908
-27.9514
-28.0933
-28.1708
-28.1928
-28.202
-28.2261
-28.1524
-28.1017
-28.0518
-27.9588
-27.8028
-27.5665
-27.2136
-26.7037
-26.0302
8.89147
11.1817
13.7894
16.4025
18.9432
21.0519
22.927
24.2594
25.1858
28.7582
31.0051
32.1769
33.1508
34.0089
34.632
35.0602
35.3747
35.6304
35.8558
36.0693
36.2804
36.498
36.7293
36.9762
37.2159
37.4135
37.5414
37.5855
37.5443
37.4326
37.2742
37.091
36.8911
36.6656
36.3966
36.0653
35.6696
35.2154
34.8005
6.5061
4.16628
1.60725
-0.870203
-3.03048
-5.02005
-6.67206
-7.9274
-8.74097
-9.35195
-8.9399
-10.8087
-13.0436
-14.5998
-15.9011
-17.2744
-18.6799
-20.0008
-21.2047
-22.2938
-23.2561
-24.0608
-24.6825
-25.1122
-25.3733
-25.5153
-25.5915
-25.6097
-25.6168
-25.6447
-25.5658
-25.5201
-25.4869
-25.4209
-25.3024
-25.1182
-24.8371
-24.4296
-23.923
8.79
11.0113
13.5159
16.0139
18.4144
20.2657
21.9616
22.9507
23.6089
27.4016
29.8666
31.1099
32.1121
33.0195
33.7209
34.2308
34.6169
34.9175
35.1643
35.3822
35.5924
35.8074
36.0367
36.2819
36.5256
36.7414
36.9099
37.0171
37.0522
37.0156
36.9187
36.7818
36.6199
36.44
36.229
35.9719
35.6461
35.2443
34.8195
6.48686
4.21994
1.754
-0.603828
-2.62731
-4.44172
-5.89894
-6.92164
-7.52559
-7.80728
-7.20974
-8.85927
-10.9123
-12.3549
-13.5812
-14.8807
-16.2102
-17.4669
-18.616
-19.6573
-20.5757
-21.3394
-21.9239
-22.3152
-22.5408
-22.6501
-22.6951
-22.6766
-22.6463
-22.6359
-22.5142
-22.4385
-22.394
-22.3346
-22.2441
-22.1076
-21.8849
-21.5155
-20.9388
8.70398
10.8565
13.26
15.6432
17.8812
19.4508
20.9752
21.5305
21.8616
25.9255
28.7098
30.1303
31.2108
32.145
32.8396
33.346
33.7501
34.0896
34.3752
34.6207
34.8453
35.0669
35.299
35.5442
35.7877
36.01
36.2022
36.357
36.4639
36.5131
36.5028
36.4408
36.341
36.2129
36.0577
35.8643
35.6153
35.2979
34.9521
6.4646
4.26552
1.88639
-0.36471
-2.26367
-3.91821
-5.18853
-5.98537
-6.39133
-6.34138
-5.6042
-6.99572
-8.80734
-10.1126
-11.2492
-12.452
-13.685
-14.8627
-15.9567
-16.9625
-17.8643
-18.638
-19.2631
-19.7294
-20.0424
-20.2338
-20.3532
-20.4018
-20.4369
-20.4917
-20.4134
-20.377
-20.372
-20.3531
-20.3067
-20.2283
-20.1077
-19.9471
-19.8446
8.61488
10.6962
12.996
15.2757
17.3346
18.6572
20.0552
20.0256
19.8682
24.1588
27.2727
28.9789
30.3526
31.5421
32.3749
32.8946
33.238
33.5021
33.7284
33.9357
34.1376
34.3484
34.5799
34.8274
35.0623
35.2631
35.4321
35.5744
35.6888
35.7679
35.8056
35.7994
35.7552
35.6797
35.576
35.4355
35.2386
34.967
34.6393
6.44718
4.3173
2.01964
-0.133934
-1.92702
-3.44913
-4.56265
-5.16971
-5.41118
-5.01677
-4.14655
-5.23387
-6.75535
-7.90072
-8.92366
-9.99603
-11.0809
-12.1105
-13.0632
-13.9309
-14.6977
-15.3302
-15.7988
-16.0859
-16.2345
-16.3038
-16.3247
-16.2781
-16.2079
-16.146
-15.9604
-15.8403
-15.7779
-15.7319
-15.6877
-15.6291
-15.4937
-15.1664
-14.4428
8.53031
10.5421
12.754
14.9427
16.8376
18.0256
19.3363
18.4246
17.6954
22.1719
25.3744
27.0804
28.5856
30.1184
31.4175
32.3892
33.0756
33.5433
33.8608
34.0911
34.2834
34.4769
34.7041
34.9808
35.2805
35.5486
35.76
35.92
36.039
36.1194
36.1587
36.1547
36.1118
36.0379
35.9429
35.8284
35.6721
35.4195
34.9589
6.47646
4.3798
2.13392
0.0464708
-1.66675
-3.08693
-4.06323
-4.5237
-4.6045
-3.8292
-2.84486
-3.61138
-4.79405
-5.72764
-6.60874
-7.56512
-8.56179
-9.54758
-10.5021
-11.4239
-12.3066
-13.1471
-13.9308
-14.632
-15.1797
-15.5647
-15.8632
-16.0891
-16.3187
-16.5765
-16.6255
-16.6604
-16.721
-16.7783
-16.816
-16.8523
-16.9459
-17.2194
-17.9963
8.52834
10.5121
12.678
14.7932
16.5171
17.6001
18.531
16.3557
15.3323
20.58
24.0983
25.5736
26.5348
27.4475
28.3213
29.179
30.0314
30.8332
31.5263
32.0897
32.527
32.8666
33.1432
33.4126
33.7226
34.0679
34.4142
34.7403
35.039
35.3072
35.5401
35.7244
35.8492
35.9065
35.8986
35.8412
35.7943
35.9088
36.5068
6.53674
4.37833
2.08148
-0.0128954
-1.68529
-2.98977
-3.77339
-3.99344
-3.75122
-2.53787
-1.61231
-2.16322
-3.00946
-3.63155
-4.17601
-4.7324
-5.2898
-5.8215
-6.31297
-6.75102
-7.10611
-7.32882
-7.37769
-7.25922
-7.11989
-7.04358
-6.98673
-6.86432
-6.68242
-6.54005
-6.2774
-6.0827
-5.9691
-5.8824
-5.80926
-5.73073
-5.51722
-4.9241
-3.39113
8.65198
10.6846
12.8659
14.9084
16.3981
17.0889
16.8132
13.039
12.1128
19.1376
24.4691
27.54
29.3802
30.3188
30.4608
30.1166
29.6072
29.1879
28.9567
28.9376
29.1004
29.4251
29.8585
30.2658
30.472
30.5114
30.495
30.4526
30.3901
30.3066
30.2181
30.1391
30.088
30.0648
30.064
30.0246
29.7851
28.9861
27.0417
6.45737
4.19286
1.79794
-0.346841
-1.9902
-3.15769
-3.68199
-3.54401
-2.78119
-1.14991
-0.365918
-0.752926
-1.41809
-2.07362
-2.77648
-3.5471
-4.38984
-5.30724
-6.30994
-7.41761
-8.66132
-10.059
-11.5611
-13.0169
-14.1482
-14.931
-15.7227
-16.3698
-17.3608
-18.7717
-18.5461
-18.7769
-19.3282
-19.7733
-20.0712
-20.3603
-20.8636
-21.9154
-24.1741
8.66375
10.7567
12.9466
14.9034
16.1319
16.2202
14.3068
9.1811
6.70081
13.5524
20.146
26.0496
31.4046
36.2222
40.1349
43.0571
45.1164
46.4382
47.1938
47.5894
47.7826
47.9076
48.1544
48.834
50.0404
51.2947
52.2606
53.0216
53.6675
54.2087
54.6218
54.8937
55.0408
55.0797
55.0676
55.1037
55.4481
56.4866
58.8763
-739.296
-741.464
-740.278
-744.704
-749.558
-751.416
-750.867
-749.002
-745.428
-739.499
-730.576
-718.109
-701.64
-681.255
-656.997
-629.506
-599.953
-570.04
-541.456
-515.752
-493.809
-475.882
-461.431
-449.283
-437.911
-426.202
-413.493
-399.63
-384.724
-369.132
-353.096
-336.648
-319.426
-301.058
-281.551
-261.573
-242.029
-223.697
-206.952
-191.891
-178.415
-166.386
-155.632
-146.001
-137.332
-129.49
-122.337
-115.765
-109.677
-104
-98.6686
-93.6338
-88.8654
-84.3294
-80.0016
-75.8581
-71.8802
-68.0512
-64.3581
-60.7922
-57.3475
-54.0161
-50.7897
-47.6624
-44.6266
-41.6846
-38.8246
-36.4376
-34.381
-32.2791
-30.0878
-27.9383
-25.5475
-23.6006
-20.5028
-19.8611
-13.8954
-18.6648
-2.40396
-26.0032
-714.999
-691.261
-666.761
-641.329
-615.428
-589.237
-562.931
-536.653
-510.44
-484.427
-458.643
-433.267
-408.333
-384.009
-360.311
-337.381
-315.213
-293.924
-273.485
-253.98
-235.357
-217.672
-200.852
-184.932
-169.827
-155.554
-142.026
-129.253
-117.151
-105.727
-94.9049
-84.6961
-75.0284
-65.9198
-57.306
-49.207
-41.5648
-34.4009
-27.6616
-21.3684
-15.4708
-9.99014
-4.87776
-0.154254
4.22637
8.24336
11.9399
15.2948
18.3491
21.0818
23.5314
25.6852
27.5744
29.2058
30.6144
31.8252
32.8751
33.795
34.6095
35.325
35.9314
36.4003
36.7067
36.843
36.8156
36.6427
36.3101
35.9625
35.6379
35.2676
34.9339
34.6956
34.5708
34.5335
34.7004
34.458
34.534
37.0763
25.7082
59.7142
-464.885
-470.01
-475.262
-482.913
-491.207
-497.869
-502.416
-504.474
-503.634
-499.013
-490.468
-478.472
-464.183
-447.96
-430.18
-410.977
-390.931
-370.675
-351.297
-333.718
-318.873
-307.187
-298.92
-293.8
-291.31
-290.281
-289.234
-286.587
-281.309
-273.027
-262.257
-249.964
-237.216
-224.626
-212.458
-200.767
-189.673
-179.205
-169.383
-160.16
-151.547
-143.514
-136.063
-129.147
-122.738
-116.771
-111.201
-105.964
-101.023
-96.3291
-91.8519
-87.5736
-83.4706
-79.5279
-75.7256
-72.05
-68.4873
-65.027
-61.6609
-58.3853
-55.1973
-52.0933
-49.0685
-46.1204
-43.2449
-40.4468
-37.7176
-35.4279
-33.4529
-31.438
-29.3306
-27.272
-24.9614
-23.114
-20.0989
-19.5522
-13.7482
-18.438
-2.69344
-25.7381
-453.975
-439.144
-424.312
-409.23
-394.347
-379.527
-364.92
-350.409
-336.118
-321.945
-308.018
-294.229
-280.688
-267.289
-254.131
-241.117
-228.339
-215.714
-203.338
-191.147
-179.234
-167.548
-156.178
-145.085
-134.352
-123.934
-113.906
-104.222
-94.9418
-86.0156
-77.4925
-69.3215
-61.5422
-54.1042
-47.0433
-40.3109
-33.9391
-27.8815
-22.1681
-16.7546
-11.6693
-6.87014
-2.38422
1.8282
5.74091
9.39149
12.7539
15.8637
18.6949
21.2793
23.5944
25.6633
27.474
29.0545
30.4091
31.5734
32.573
33.4454
34.2205
34.9185
35.5336
36.0466
36.4328
36.6719
36.7616
36.7059
36.4733
36.1912
35.8862
35.4796
35.0622
34.7062
34.4684
34.3423
34.4613
34.2805
34.2563
36.8926
25.937
58.3643
-223.331
-224.749
-224.244
-222.934
-221.185
-218.898
-215.73
-211.694
-206.761
-201.242
-195.344
-189.513
-183.685
-177.674
-170.944
-163.496
-155.484
-147.516
-140.151
-134.145
-129.787
-127.248
-126.436
-127.605
-130.937
-136.498
-143.728
-151.759
-159.283
-165.044
-168.036
-168.028
-165.432
-161.145
-155.969
-150.529
-145.138
-139.948
-134.93
-130.072
-125.328
-120.714
-116.212
-111.848
-107.608
-103.505
-99.5163
-95.646
-91.8717
-88.1914
-84.6048
-81.1084
-77.7004
-74.3721
-71.1171
-67.9281
-64.8
-61.727
-58.7061
-55.7373
-52.8221
-49.9596
-47.149
-44.3918
-41.6881
-39.0455
-36.46
-34.2851
-32.4059
-30.4883
-28.4757
-26.5119
-24.2986
-22.5351
-19.651
-19.1164
-13.6286
-18.0099
-3.12411
-25.0907
-218.714
-213.01
-207.518
-202.019
-196.538
-191.082
-185.576
-180.083
-174.528
-168.997
-163.416
-157.872
-152.291
-146.76
-141.208
-135.714
-130.206
-124.755
-119.289
-113.871
-108.428
-103.019
-97.5739
-92.151
-86.691
-81.2503
-75.781
-70.3426
-64.8963
-59.5027
-54.132
-48.844
-43.6133
-38.4978
-33.4751
-28.5981
-23.8436
-19.2591
-14.8192
-10.5655
-6.47142
-2.57417
1.15341
4.67697
8.02397
11.1618
14.1179
16.8613
19.4175
21.757
23.8975
25.8138
27.5255
29.0159
30.3108
31.4127
32.3553
33.1644
33.8782
34.5207
35.1052
35.6192
36.0383
36.3445
36.5291
36.586
36.4741
36.2933
36.0533
35.6692
35.2159
34.7732
34.4215
34.1897
34.2124
34.0502
33.986
36.4909
26.2791
56.919
-110.753
-111.566
-111.097
-109.731
-107.886
-105.535
-102.521
-98.619
-93.7483
-87.813
-81.0402
-73.7675
-66.6203
-60.0607
-54.5701
-50.3005
-47.3494
-45.4863
-44.6159
-44.6388
-45.7808
-48.1167
-51.6934
-56.22
-61.4748
-67.1653
-73.2538
-79.6657
-86.4028
-93.1717
-99.5469
-104.936
-109
-111.626
-112.932
-113.064
-112.301
-110.899
-109.103
-107.031
-104.78
-102.373
-99.8622
-97.2533
-94.5901
-91.8668
-89.1135
-86.3214
-83.5087
-80.685
-77.8643
-75.0546
-72.2608
-69.4829
-66.7208
-63.9762
-61.2478
-58.534
-55.8357
-53.1566
-50.4995
-47.8667
-45.2604
-42.686
-40.1478
-37.6566
-35.2129
-33.1543
-31.3697
-29.5461
-27.6254
-25.7537
-23.6343
-21.9533
-19.1833
-18.6808
-13.4282
-17.6603
-3.3093
-24.6918
-108.245
-105.522
-103.017
-100.633
-98.3996
-96.2564
-94.2119
-92.2098
-90.2633
-88.3084
-86.361
-84.3583
-82.3234
-80.1966
-78.0094
-75.7086
-73.3375
-70.8491
-68.2939
-65.6303
-62.9135
-60.1058
-57.2616
-54.3415
-51.3976
-48.3896
-45.3626
-42.2754
-39.1701
-36.0068
-32.8258
-29.5917
-26.3471
-23.0631
-19.7857
-16.4919
-13.2289
-9.97709
-6.78186
-3.62381
-0.546187
2.47026
5.38521
8.21782
10.9297
13.5409
16.0152
18.3729
20.5784
22.6472
24.5472
26.293
27.8552
29.2498
30.4565
31.4953
32.3671
33.1059
33.7383
34.3024
34.813
35.2733
35.6715
35.9883
36.2168
36.3487
36.3394
36.266
36.1168
35.7982
35.3657
34.8798
34.435
34.0882
34.0028
33.8009
33.7077
36.1092
26.3013
56.0046
-43.3021
-44.1573
-44.1733
-43.5241
-42.4912
-41.1483
-39.391
-37.1334
-34.2382
-30.5857
-26.0934
-20.9386
-15.4673
-10.2108
-5.59902
-2.00307
0.462438
1.7549
2.00102
1.24905
-0.419162
-3.09713
-6.80856
-11.5994
-17.2935
-23.7076
-30.5021
-37.4644
-44.3721
-51.1948
-57.8461
-64.285
-70.3125
-75.7269
-80.1973
-83.5139
-85.6395
-86.8112
-87.266
-87.224
-86.7781
-86.0247
-84.9954
-83.7593
-82.3287
-80.7497
-79.0223
-77.1769
-75.2247
-73.1908
-71.0876
-68.9313
-66.7269
-64.4825
-62.2049
-59.8996
-57.5681
-55.2135
-52.8409
-50.4557
-48.0632
-45.6675
-43.274
-40.8909
-38.5273
-36.1962
-33.9034
-31.9674
-30.2846
-28.5643
-26.7459
-24.9758
-22.9581
-21.3684
-18.7059
-18.2535
-13.1785
-17.3568
-3.36379
-24.4346
-41.4167
-39.4818
-37.7326
-36.1564
-34.7521
-33.5184
-32.4427
-31.5238
-30.7424
-30.0935
-29.5495
-29.1063
-28.728
-28.4101
-28.1106
-27.8286
-27.5178
-27.1808
-26.7713
-26.2981
-25.718
-25.0493
-24.2539
-23.3574
-22.3283
-21.1999
-19.943
-18.5954
-17.1307
-15.5867
-13.9361
-12.2167
-10.4023
-8.52955
-6.57445
-4.57596
-2.51256
-0.423827
1.70988
3.84898
6.01117
8.15812
10.3058
12.4159
14.5036
16.5309
18.5142
20.4134
22.2442
23.9702
25.6056
27.1158
28.5118
29.7604
30.8701
31.816
32.6164
33.2729
33.8215
34.2848
34.6973
35.0684
35.3918
35.6616
35.8739
36.024
36.0722
36.0845
36.0268
35.8033
35.4362
34.9648
34.4723
34.0363
33.8355
33.5574
33.4161
35.729
26.1697
55.2304
-7.50334
-8.60741
-9.15556
-9.18011
-8.91949
-8.45589
-7.76218
-6.78621
-5.48808
-3.79598
-1.68352
0.811737
3.51538
6.19576
8.55868
10.3873
11.5139
11.9197
11.624
10.7319
9.28139
7.31229
4.77185
1.66208
-2.06
-6.35072
-11.1958
-16.4619
-22.0512
-27.7966
-33.6347
-39.4604
-45.224
-50.7363
-55.762
-59.9753
-63.2711
-65.7205
-67.5379
-68.8441
-69.7461
-70.2706
-70.4838
-70.4016
-70.0754
-69.5115
-68.7451
-67.7869
-66.6677
-65.399
-64.0049
-62.4933
-60.8803
-59.1752
-57.3915
-55.5339
-53.6097
-51.6262
-49.5922
-47.5154
-45.4033
-43.2624
-41.1002
-38.9277
-36.7573
-34.6047
-32.479
-30.6789
-29.1118
-27.5095
-25.8095
-24.1563
-22.2553
-20.7682
-18.2231
-17.8217
-12.9234
-17.0342
-3.41613
-24.1334
-5.83724
-4.20131
-2.70878
-1.35967
-0.153224
0.908969
1.83013
2.6108
3.25388
3.76315
4.14158
4.39862
4.53854
4.57649
4.51622
4.37862
4.16783
3.90949
3.60628
3.28913
2.95982
2.65252
2.36649
2.13774
1.96169
1.87377
1.86428
1.96513
2.16035
2.47861
2.89837
3.44417
4.08979
4.85764
5.71789
6.68948
7.74038
8.88762
10.0979
11.3866
12.7207
14.1147
15.5352
16.9951
18.4589
19.9412
21.3997
22.8525
24.261
25.6419
26.9594
28.2256
29.4034
30.497
31.4684
32.3221
33.0315
33.6137
34.0702
34.4417
34.7457
35.003
35.2224
35.4
35.5414
35.6491
35.6946
35.7476
35.7599
35.629
35.3577
34.9482
34.4634
33.9771
33.6882
33.3273
33.1265
35.3086
26.0503
54.3347
10.3878
9.06071
8.16571
7.71329
7.50448
7.44348
7.55273
7.84893
8.34643
9.01916
9.84193
10.7575
11.7334
12.6915
13.5431
14.1472
14.415
14.2737
13.7389
12.8256
11.5849
10.009
8.10747
5.85427
3.2786
0.364811
-2.87162
-6.46873
-10.3968
-14.6474
-19.1299
-23.795
-28.5319
-33.2557
-37.7637
-41.8531
-45.3406
-48.2624
-50.7019
-52.7704
-54.4881
-55.896
-56.9933
-57.8133
-58.3574
-58.6531
-58.7035
-58.5364
-58.1574
-57.5918
-56.8463
-55.9418
-54.8878
-53.703
-52.394
-50.973
-49.4486
-47.8336
-46.1378
-44.3729
-42.5493
-40.6744
-38.758
-36.8131
-34.8543
-32.898
-30.9571
-29.3076
-27.8683
-26.3966
-24.8272
-23.302
-21.5301
-20.1545
-17.7397
-17.385
-12.6732
-16.6836
-3.47638
-23.7653
11.9487
13.4426
14.8228
16.0837
17.2246
18.2443
19.1458
19.9266
20.5909
21.135
21.5647
21.8776
22.0825
22.1788
22.1787
22.0832
21.9081
21.6548
21.3405
20.9667
20.553
20.1003
19.6296
19.1409
18.6578
18.1797
17.7321
17.3133
16.9504
16.6396
16.4078
16.2476
16.1837
16.2045
16.3319
16.5493
16.8754
17.2887
17.8048
18.3995
19.0862
19.8393
20.6703
21.5496
22.491
23.4522
24.4545
25.4589
26.4862
27.5015
28.5214
29.5095
30.4738
31.3741
32.2105
32.9425
33.5701
34.0657
34.4521
34.7304
34.9342
35.0821
35.1824
35.2422
35.2731
35.2859
35.2673
35.3045
35.3401
35.2762
35.0942
34.7723
34.3396
33.8569
33.5117
33.0821
32.8298
34.832
25.9399
53.3369
18.999
17.7496
16.8005
16.1955
15.7785
15.4798
15.2982
15.2468
15.3038
15.4314
15.5614
15.6597
15.7234
15.7817
15.8061
15.745
15.515
15.0771
14.4044
13.5233
12.4432
11.1826
9.71079
8.02188
6.09725
3.96576
1.61736
-0.937734
-3.74072
-6.78817
-10.0965
-13.6116
-17.3039
-21.0821
-24.8639
-28.4755
-31.792
-34.7453
-37.3921
-39.7598
-41.8837
-43.7529
-45.3805
-46.7577
-47.899
-48.7949
-49.4621
-49.8948
-50.1114
-50.1119
-49.9159
-49.5281
-48.9684
-48.2421
-47.3636
-46.3409
-45.1893
-43.9194
-42.5472
-41.0869
-39.5492
-37.9432
-36.2809
-34.5766
-32.8452
-31.1031
-29.3636
-27.8791
-26.5797
-25.248
-23.818
-22.4275
-20.7921
-19.5331
-17.2572
-16.9491
-12.4251
-16.3205
-3.51744
-23.3651
20.3819
21.7075
22.9656
24.1468
25.2514
26.2753
27.2174
28.074
28.8434
29.522
30.1079
30.598
30.9912
31.2869
31.4857
31.5899
31.6021
31.5283
31.3727
31.1443
30.8485
30.4971
30.0949
29.6554
29.1819
28.6895
28.1801
27.6703
27.1609
26.6711
26.2011
25.7715
25.3804
25.0494
24.774
24.5751
24.4447
24.4013
24.4337
24.5573
24.7577
25.0477
25.4062
25.8485
26.3339
26.8882
27.4724
28.1113
28.7717
29.4752
30.1885
30.9265
31.6527
32.3718
33.0425
33.6603
34.1814
34.6078
34.9135
35.1216
35.2406
35.2894
35.2782
35.2154
35.1168
35.0011
34.8688
34.833
34.8401
34.7904
34.6674
34.4248
34.0649
33.6199
33.2653
32.7946
32.5188
34.3105
25.8061
52.3271
23.7887
22.6157
21.6512
20.9411
20.374
19.8831
19.4546
19.0769
18.7335
18.4019
18.06
17.691
17.3148
16.9562
16.6144
16.2378
15.7744
15.1759
14.4361
13.5591
12.5798
11.5071
10.3442
9.05368
7.62256
6.03207
4.29738
2.40321
0.350059
-1.89739
-4.3412
-6.99537
-9.82535
-12.81
-15.8798
-18.9594
-21.9205
-24.7009
-27.2777
-29.678
-31.8965
-33.9392
-35.7906
-37.4573
-38.9212
-40.1881
-41.2406
-42.0875
-42.7171
-43.1433
-43.3623
-43.39
-43.2268
-42.886
-42.3713
-41.6978
-40.8747
-39.9201
-38.8504
-37.6801
-36.4202
-35.082
-33.6792
-32.2265
-30.7384
-29.2281
-27.709
-26.4049
-25.2571
-24.0764
-22.7943
-21.5439
-20.0498
-18.91
-16.7789
-16.517
-12.1771
-15.9508
-3.5329
-22.9534
25.0552
26.2741
27.4393
28.5497
29.6029
30.6029
31.5433
32.4282
33.249
34.0088
34.6977
35.3176
35.8593
36.3245
36.7052
37.0037
37.2147
37.3414
37.3815
37.3397
37.2178
37.0221
36.7583
36.4333
36.0559
35.6326
35.1741
34.6853
34.1785
33.6578
33.1376
32.6202
32.1212
31.6418
31.1984
30.7901
30.4338
30.1267
29.8855
29.7057
29.6025
29.5643
29.6096
29.7021
29.8726
30.083
30.3624
30.6778
31.0555
31.4639
31.925
32.4079
32.925
33.4412
33.958
34.4313
34.8559
35.1868
35.429
35.5687
35.6221
35.5925
35.4892
35.3152
35.0904
34.8353
34.5618
34.4124
34.3413
34.2533
34.1357
33.9395
33.6426
33.2568
32.9194
32.4359
32.1681
33.7411
25.6299
51.2933
26.9865
25.8778
24.9151
24.1397
23.4549
22.7951
22.1367
21.4682
20.7887
20.1148
19.4729
18.8817
18.3425
17.8453
17.358
16.8365
16.233
15.5239
14.7009
13.784
12.7985
11.7806
10.738
9.6623
8.51622
7.28193
5.94212
4.49956
2.9363
1.24336
-0.609231
-2.62665
-4.81958
-7.16486
-9.64655
-12.205
-14.7708
-17.2569
-19.6374
-21.8972
-24.0446
-26.0636
-27.9599
-29.7111
-31.319
-32.7592
-34.032
-35.1158
-36.016
-36.7197
-37.2372
-37.5619
-37.7037
-37.6601
-37.4433
-37.0581
-36.5225
-35.8508
-35.0602
-34.1631
-33.1721
-32.1001
-30.9613
-29.7708
-28.5405
-27.2805
-26.0007
-24.8925
-23.9105
-22.892
-21.7676
-20.6634
-19.3143
-18.2942
-16.309
-16.0921
-11.931
-15.5753
-3.52594
-22.5232
28.1433
29.2516
30.3089
31.3061
32.2491
33.1339
33.9687
34.7509
35.4885
36.1777
36.8244
37.4222
37.9746
38.4735
38.9208
39.3086
39.6382
39.9023
40.1023
40.233
40.2965
40.2901
40.2173
40.0792
39.8806
39.6252
39.3184
38.9664
38.5745
38.1514
37.7023
37.2377
36.7614
36.2859
35.8135
35.3572
34.9185
34.5114
34.138
33.813
33.5334
33.319
33.1414
33.0349
32.9652
32.9637
32.9986
33.098
33.2314
33.4247
33.651
33.9298
34.2329
34.5722
34.9114
35.2516
35.544
35.7864
35.947
36.0299
36.0251
35.9386
35.762
35.5027
35.1722
34.7911
34.3764
34.0954
33.9166
33.7417
33.5778
33.3781
33.1133
32.7736
32.4701
31.9958
31.7661
33.1218
25.4198
50.2314
26.8787
25.8833
25.004
24.2517
23.5259
22.7622
21.9502
21.1101
20.2797
19.5078
18.8405
18.2999
17.8665
17.4826
17.0764
16.5908
15.9995
15.2981
14.4977
13.6173
12.6888
11.7439
10.8105
9.88838
8.95863
7.98404
6.94359
5.82126
4.61483
3.30728
1.88724
0.330172
-1.36997
-3.22256
-5.21169
-7.31967
-9.48798
-11.6581
-13.7762
-15.8306
-17.8081
-19.7142
-21.5298
-23.2561
-24.8684
-26.363
-27.7119
-28.9133
-29.9468
-30.8172
-31.5121
-32.0376
-32.3856
-32.5647
-32.5746
-32.4313
-32.1433
-31.7267
-31.1937
-30.5572
-29.8294
-29.0237
-28.1551
-27.2359
-26.2771
-25.2825
-24.2587
-23.3611
-22.5564
-21.7116
-20.7545
-19.8022
-18.6008
-17.6986
-15.8572
-15.6792
-11.6894
-15.1913
-3.50054
-22.0708
27.8957
28.8957
29.8734
30.8245
31.7376
32.6105
33.4354
34.2152
34.9466
35.636
36.2822
36.8918
37.4627
37.9993
38.4976
38.9595
39.3796
39.7584
40.0896
40.3733
40.6043
40.783
40.9059
40.9744
40.9879
40.9488
40.858
40.7187
40.5337
40.3064
40.0418
39.7431
39.4171
39.067
38.701
38.3226
37.9407
37.5614
37.1952
36.8462
36.5299
36.2298
35.9794
35.752
35.5798
35.4339
35.3423
35.2759
35.2615
35.274
35.3357
35.4235
35.5572
35.7103
35.895
36.0689
36.2365
36.362
36.4407
36.4532
36.398
36.2579
36.0332
35.7141
35.3112
34.8345
34.3013
33.8979
33.6016
33.3159
33.0612
32.8092
32.5305
32.2129
31.93
31.4696
31.2945
32.4383
25.1642
49.1031
23.9172
23.0477
22.2303
21.4713
20.7047
19.9003
19.0839
18.3047
17.6201
17.07
16.671
16.4031
16.2182
16.0404
15.7951
15.4272
14.9288
14.3198
13.6331
12.8891
12.1132
11.3275
10.5603
9.81969
9.09913
8.36617
7.59172
6.74685
5.82388
4.81198
3.70698
2.49066
1.15453
-0.315833
-1.91565
-3.64035
-5.45207
-7.30831
-9.15484
-10.9728
-12.7488
-14.4771
-16.1561
-17.7688
-19.3109
-20.7547
-22.0927
-23.3003
-24.3783
-25.3099
-26.0989
-26.7338
-27.2203
-27.5542
-27.7498
-27.8089
-27.7439
-27.563
-27.2777
-26.8978
-26.4347
-25.9015
-25.3101
-24.6722
-23.9938
-23.2764
-22.5191
-21.841
-21.222
-20.5586
-19.775
-18.9789
-17.9264
-17.138
-15.434
-15.286
-11.4571
-14.8029
-3.45605
-21.5901
24.7797
25.6349
26.5011
27.3771
28.2559
29.1301
29.9892
30.8255
31.6306
32.4012
33.1336
33.8294
34.4889
35.1157
35.711
36.2779
36.8162
37.3266
37.8067
38.2552
38.6683
39.044
39.3789
39.6714
39.9196
40.1232
40.2819
40.3958
40.4653
40.4914
40.4756
40.4193
40.325
40.1945
40.0321
39.8398
39.6255
39.3907
39.1455
38.8916
38.6315
38.3827
38.1363
37.9166
37.7034
37.5231
37.3519
37.2152
37.0894
36.9962
36.9148
36.8682
36.8364
36.8406
36.8471
36.8735
36.8909
36.8964
36.87
36.8054
36.682
36.4973
36.2314
35.8798
35.435
34.9022
34.2921
33.7936
33.3958
32.9941
32.6287
32.2864
31.9522
31.6126
31.3273
30.8708
30.7538
31.686
24.8628
47.926
20.394
19.6223
18.8301
18.0503
17.2634
16.4953
15.8051
15.2648
14.914
14.7556
14.7406
14.7971
14.8413
14.8085
14.6515
14.3605
13.9491
13.4546
12.9064
12.3284
11.728
11.122
10.5262
9.96115
9.42622
8.90664
8.36841
7.78333
7.12395
6.37739
5.53225
4.58382
3.5203
2.33742
1.03004
-0.392381
-1.91334
-3.49227
-5.0923
-6.68009
-8.24888
-9.78996
-11.3029
-12.777
-14.1957
-15.5469
-16.8077
-17.9759
-19.033
-19.9803
-20.8054
-21.5123
-22.0956
-22.5676
-22.9255
-23.1779
-23.3284
-23.3843
-23.3513
-23.2371
-23.0508
-22.801
-22.4986
-22.1489
-21.7589
-21.321
-20.8337
-20.3758
-19.9438
-19.4606
-18.8519
-18.211
-17.305
-16.6241
-15.0494
-14.92
-11.2404
-14.4132
-3.39896
-21.0853
21.0966
21.7728
22.4659
23.182
23.9237
24.6939
25.4883
26.3017
27.1244
27.9476
28.761
29.5573
30.3306
31.0782
31.7988
32.4936
33.1643
33.8131
34.4412
35.0493
35.6366
36.2012
36.7406
37.2517
37.7314
38.1769
38.5859
38.9563
39.2867
39.5761
39.8237
40.0291
40.1915
40.3115
40.3893
40.4262
40.4247
40.389
40.3217
40.2284
40.1087
39.9678
39.809
39.6338
39.458
39.2734
39.0976
38.9131
38.7375
38.5539
38.3828
38.2083
38.0537
37.8929
37.7533
37.6169
37.4884
37.3555
37.2131
37.0433
36.8453
36.6002
36.3014
35.9264
35.4693
34.9175
34.2746
33.7236
33.2527
32.7561
32.28
31.8323
31.4096
31.0166
30.6905
30.2145
30.1423
30.8588
24.4994
46.6671
17.4649
16.7812
16.1117
15.5172
15.0064
14.597
14.3223
14.2085
14.2547
14.4217
14.6398
14.8276
14.9197
14.8816
14.7147
14.4443
14.1131
13.7595
13.4016
13.0297
12.6325
12.2076
11.773
11.351
10.9618
10.603
10.2556
9.88398
9.45899
8.95121
8.34072
7.61156
6.75944
5.77999
4.67837
3.4616
2.14928
0.767515
-0.648111
-2.07147
-3.4859
-4.88621
-6.26522
-7.61626
-8.9292
-10.1909
-11.3935
-12.522
-13.5744
-14.539
-15.419
-16.2081
-16.9163
-17.539
-18.082
-18.5455
-18.9328
-19.2454
-19.4861
-19.6587
-19.7672
-19.8176
-19.8133
-19.7599
-19.655
-19.4944
-19.2666
-19.0215
-18.7641
-18.4533
-18.0077
-17.5134
-16.7454
-16.1623
-14.7063
-14.5853
-11.0445
-14.0318
-3.33629
-20.5533
18.1
18.7064
19.3155
19.9287
20.5524
21.1983
21.8732
22.5853
23.336
24.1251
24.9463
25.792
26.6518
27.5155
28.3734
29.2176
30.0431
30.8463
31.6265
32.3829
33.1169
33.8282
34.5177
35.1839
35.8264
36.4423
37.03
37.5864
38.1096
38.5969
39.0462
39.4556
39.8233
40.1482
40.4287
40.665
40.8559
41.0029
41.1049
41.1651
41.1839
41.1661
41.115
41.0326
40.9199
40.7799
40.6086
40.4165
40.196
39.9601
39.6988
39.4311
39.1385
38.8507
38.5575
38.2713
37.9898
37.7133
37.4307
37.1464
36.8481
36.5358
36.1907
35.7999
35.3415
34.7993
34.165
33.6019
33.097
32.5374
31.9758
31.4284
30.9103
30.4348
30.0417
29.5213
29.4719
29.9629
24.0791
45.3407
22.6128
22.0324
21.5176
21.1518
20.948
20.9119
21.0141
21.2182
21.4509
21.6438
21.7184
21.6341
21.3721
20.9656
20.4603
19.9209
19.3887
18.8964
18.4388
17.9894
17.4983
16.9503
16.3633
15.7872
15.2608
14.8093
14.4273
14.0892
13.7524
13.3781
12.9316
12.3802
11.6997
10.8795
9.9229
8.83976
7.64975
6.37528
5.04862
3.69409
2.33422
0.976263
-0.366677
-1.69167
-2.98648
-4.24852
-5.46608
-6.63908
-7.75653
-8.8207
-9.82405
-10.7731
-11.6637
-12.4991
-13.2781
-14
-14.6633
-15.267
-15.8105
-16.2929
-16.7154
-17.0759
-17.3769
-17.6121
-17.7854
-17.8812
-17.8958
-17.8364
-17.7357
-17.5699
-17.2666
-16.897
-16.2494
-15.7488
-14.4
-14.2772
-10.8709
-13.6592
-3.28214
-19.9973
23.1408
23.6532
24.1569
24.6435
25.1095
25.5611
25.9961
26.4259
26.8542
27.2972
27.7574
28.2479
28.7656
29.3171
29.8929
30.4942
31.1084
31.7343
32.361
32.9883
33.6088
34.2234
34.8282
35.4244
36.0098
36.584
37.1458
37.6927
38.2235
38.7339
39.2228
39.6842
40.1179
40.5173
40.8832
41.209
41.4962
41.7383
41.9377
42.0885
42.1955
42.2549
42.2728
42.2457
42.1776
42.0651
41.909
41.7054
41.4574
41.1625
40.8323
40.4576
40.0628
39.6426
39.2135
38.7807
38.35
37.9182
37.4952
37.0761
36.6697
36.2694
35.8704
35.4519
34.996
34.4778
33.8773
33.3356
32.8317
32.2514
31.6402
31.0226
30.4187
29.8633
29.3838
28.8007
28.7482
29.0028
23.5977
43.9057
26.8215
26.6274
26.5431
26.6051
26.8006
27.098
27.4462
27.7827
28.0364
28.1498
28.0825
27.8289
27.4138
26.8951
26.338
25.803
25.3203
24.8941
24.4992
24.0991
23.6454
23.1061
22.4835
21.8311
21.2098
20.6672
20.2135
19.8424
19.5191
19.2055
18.8554
18.4378
17.9121
17.255
16.4476
15.4996
14.4169
13.2257
11.9419
10.5986
9.21137
7.80678
6.39212
4.98574
3.58856
2.21257
0.857738
-0.466399
-1.75942
-3.01484
-4.23603
-5.42042
-6.57046
-7.68313
-8.75484
-9.78022
-10.7554
-11.6761
-12.5395
-13.342
-14.078
-14.7445
-15.3311
-15.8383
-16.2564
-16.5801
-16.7926
-16.8878
-16.903
-16.8486
-16.6475
-16.3697
-15.8125
-15.3714
-14.1141
-13.9806
-10.7115
-13.2947
-3.24462
-19.4092
27.0878
27.4024
27.7613
28.1563
28.576
29.0133
29.4557
29.8977
30.3318
30.7594
31.1803
31.6018
32.0273
32.4661
32.92
33.3955
33.889
34.4027
34.9283
35.4651
36.0027
36.5403
37.0681
37.5873
38.0899
38.5795
39.0496
39.5058
39.9416
40.3632
40.7631
41.147
41.5065
41.8464
42.1574
42.4439
42.6958
42.9174
43.098
43.2427
43.3418
43.4011
43.4114
43.3782
43.2936
43.1617
42.9749
42.7368
42.442
42.0937
41.6868
41.2336
40.7325
40.2005
39.6455
39.0788
38.5025
37.9297
37.3612
36.8117
36.2852
35.7901
35.3199
34.8625
34.4014
33.9033
33.3457
32.8451
32.3708
31.8056
31.19
30.5406
29.8857
29.2614
28.7031
28.0542
27.9793
27.9866
23.0745
42.3687
36.0869
35.9399
35.8532
35.8263
35.845
35.8568
35.8211
35.6775
35.4027
34.9765
34.424
33.7664
33.059
32.3428
31.6791
31.0917
30.6005
30.1751
29.7878
29.3809
28.9296
28.4016
27.8123
27.1756
26.5557
25.9888
25.5137
25.1151
24.7883
24.4953
24.2126
23.8942
23.5164
23.0329
22.4189
21.6503
20.7357
19.6765
18.4938
17.2002
15.8224
14.3761
12.8855
11.3641
9.82782
8.28386
6.7418
5.20744
3.68777
2.18657
0.706062
-0.754144
-2.19106
-3.601
-4.97501
-6.30636
-7.58639
-8.81012
-9.97144
-11.062
-12.077
-13.0007
-13.831
-14.5533
-15.1681
-15.6565
-16.015
-16.2066
-16.2955
-16.2982
-16.1538
-15.9194
-15.4153
-15.0009
-13.8187
-13.661
-10.547
-12.9097
-3.23397
-18.7767
36.266
36.4565
36.6464
36.8463
37.066
37.3023
37.5574
37.8184
38.084
38.337
38.5799
38.7989
39.0041
39.1875
39.3665
39.5367
39.7178
39.9047
40.1144
40.3375
40.5862
40.8461
41.1251
41.4061
41.6953
41.9756
42.2542
42.5158
42.7696
43.0027
43.2257
43.4269
43.6175
43.7863
43.9434
44.0771
44.1962
44.2879
44.3598
44.3989
44.4122
44.3866
44.328
44.2237
44.0789
43.8815
43.636
43.3333
42.9784
42.564
42.0941
41.564
40.9845
40.3608
39.7079
39.0311
38.3431
37.6477
36.9602
36.2909
35.6557
35.064
34.5174
34.0129
33.5294
33.0427
32.5219
32.0686
31.6389
31.1211
30.5375
29.9012
29.2323
28.5802
27.9618
27.2639
27.156
26.91
22.5223
40.6742
39.9169
39.7837
39.6806
39.6146
39.5403
39.4202
39.1868
38.8102
38.2627
37.5844
36.8144
36.0297
35.2688
34.5861
33.9901
33.5036
33.0993
32.7635
32.4404
32.1071
31.7215
31.2936
30.8205
30.3373
29.8324
29.3166
28.7716
28.2264
27.6819
27.169
26.6792
26.2244
25.7874
25.3824
24.9823
24.5411
23.9759
23.2399
22.3034
21.1811
19.8962
18.4885
16.9867
15.4191
13.8053
12.1621
10.5033
8.83661
7.1695
5.50339
3.84156
2.18589
0.54289
-1.07999
-2.67152
-4.22057
-5.71637
-7.15181
-8.51504
-9.80041
-10.9911
-12.0808
-13.054
-13.9044
-14.6197
-15.1915
-15.6088
-15.8333
-15.9298
-15.9349
-15.7844
-15.5412
-15.0411
-14.6132
-13.4851
-13.2803
-10.3516
-12.4727
-3.25462
-18.072
40.0987
40.2816
40.4398
40.5881
40.7303
40.8827
41.046
41.2336
41.4375
41.6634
41.8942
42.1312
42.3541
42.5661
42.7502
42.9165
43.0544
43.1811
43.2904
43.4027
43.5117
43.6362
43.7659
43.9152
44.0686
44.2359
44.3987
44.5646
44.7143
44.8566
44.9745
45.0786
45.1548
45.2155
45.2488
45.2669
45.2585
45.2345
45.1836
45.1145
45.0156
44.8934
44.7362
44.5481
44.318
44.0483
43.7291
43.3627
42.9421
42.469
41.9387
41.3546
40.7186
40.0393
39.3243
38.5811
37.8164
37.0404
36.2659
35.5078
34.7849
34.1092
33.4924
32.9296
32.4143
31.9192
31.4218
31.0084
30.628
30.1675
29.6423
29.0508
28.4144
27.7666
27.1214
26.4055
26.2669
25.7562
21.9713
38.8155
37.6558
37.6394
37.6427
37.6579
37.6434
37.5719
37.411
37.1422
36.7457
36.2416
35.6632
35.0726
34.5104
34.0161
33.5925
33.2444
32.9457
32.6808
32.4108
32.1183
31.7733
31.3778
30.9271
30.452
29.9705
29.5128
29.0608
28.6024
28.1105
27.6062
27.0997
26.6184
26.1427
25.6579
25.131
24.5651
23.937
23.2256
22.3899
21.423
20.3142
19.0835
17.7421
16.3238
14.8405
13.3149
11.746
10.1456
8.50994
6.85076
5.16692
3.47267
1.77087
0.0793985
-1.59328
-3.22808
-4.81597
-6.34081
-7.79328
-9.15787
-10.4241
-11.5768
-12.6053
-13.4952
-14.2375
-14.8207
-15.2412
-15.4479
-15.519
-15.4831
-15.3009
-15.0128
-14.5048
-14.0331
-12.9823
-12.6985
-10.054
-11.8716
-3.30614
-17.2696
37.7052
37.7603
37.8075
37.8509
37.8918
37.9383
37.9961
38.078
38.189
38.3402
38.5301
38.764
39.0321
39.3332
39.6507
39.9818
40.3084
40.6306
40.9337
41.2235
41.4899
41.7447
41.9801
42.2108
42.4283
42.6463
42.8533
43.0606
43.2529
43.4401
43.605
43.757
43.8788
43.9813
44.0486
44.0926
44.0985
44.0792
44.0216
43.938
43.8154
43.6653
43.4753
43.2549
42.9921
42.6945
42.351
41.9673
41.5331
41.0534
40.5201
39.9399
39.309
38.6366
37.9223
37.1757
36.3992
35.6056
34.8044
34.0134
33.2484
32.528
31.8628
31.2601
30.716
30.2145
29.7404
29.3698
29.0421
28.6589
28.2175
27.7152
27.153
26.5637
25.9362
25.2669
25.1273
24.3329
21.378
36.5784
36.6148
36.4672
36.3227
36.1697
35.9604
35.6825
35.341
34.9546
34.5208
34.0477
33.5404
33.0284
32.5298
32.0693
31.6455
31.2629
30.9026
30.5586
30.2054
29.8363
29.4294
28.9882
28.5054
28.003
27.4905
26.9983
26.5249
26.0656
25.5694
25.0056
24.3468
23.6222
22.8562
22.085
21.3005
20.4995
19.6672
18.8161
17.9326
17.0044
16.004
14.9324
13.7868
12.5852
11.3333
10.0492
8.73097
7.38508
6.00252
4.59005
3.14438
1.67806
0.194479
-1.28886
-2.7653
-4.21581
-5.63144
-6.99402
-8.29398
-9.51441
-10.645
-11.6698
-12.5775
-13.3526
-13.9851
-14.467
-14.7927
-14.921
-14.9101
-14.8002
-14.5475
-14.2022
-13.6593
-13.1634
-12.1577
-11.885
-9.43929
-11.2129
-3.07219
-16.7289
36.7798
36.9319
37.0502
37.1302
37.1658
37.1565
37.1025
37.0122
36.8931
36.7614
36.6275
36.5102
36.4177
36.3651
36.3529
36.3893
36.4657
36.5838
36.7284
36.8987
37.0773
37.2651
37.4462
37.6261
37.7918
37.9532
38.0996
38.2433
38.3741
38.5047
38.6236
38.7427
38.8485
38.9517
39.0378
39.116
39.1709
39.2118
39.2237
39.2157
39.1739
39.1077
39.0046
38.8739
38.7042
38.5041
38.2634
37.988
37.6677
37.3074
36.8983
36.4457
35.9434
35.3974
34.8045
34.1722
33.5011
32.803
32.0848
31.3638
30.6541
29.9751
29.3403
28.7609
28.2399
27.7686
27.3431
27.0275
26.7673
26.4702
26.1374
25.7463
25.3036
24.8214
24.2764
23.7025
23.6495
22.6882
20.3024
34.8116
36.8861
36.3655
35.8173
35.2485
34.6343
33.9814
33.3236
32.7048
32.142
31.6342
31.1627
30.7172
30.285
29.8639
29.4441
29.0233
28.5913
28.1479
27.6841
27.202
26.6938
26.1633
25.6041
25.0217
24.41
23.7738
23.1035
22.3999
21.6457
20.8295
19.9211
18.916
17.8244
16.7031
15.6063
14.5813
13.6239
12.7133
11.8113
10.8978
9.94179
8.92774
7.84673
6.71877
5.55816
4.38483
3.20123
2.01669
0.829382
-0.353312
-1.53403
-2.70511
-3.86721
-5.00994
-6.13113
-7.21857
-8.26779
-9.26563
-10.2067
-11.0775
-11.8717
-12.575
-13.1795
-13.6708
-14.0426
-14.2866
-14.4065
-14.3694
-14.2234
-13.9866
-13.6338
-13.199
-12.607
-12.0726
-11.1014
-10.8526
-8.59764
-10.4052
-2.66923
-16.1676
37.3608
37.7974
38.1872
38.5266
38.8127
39.0377
39.1976
39.2867
39.3035
39.2488
39.1274
38.948
38.7211
38.4624
38.1849
37.9055
37.6346
37.3859
37.1627
36.9727
36.8106
36.6777
36.5631
36.4654
36.3713
36.2801
36.1799
36.0737
35.9529
35.8247
35.6836
35.5399
35.3897
35.2442
35.0984
34.9622
34.8287
34.7055
34.5829
34.467
34.3469
34.228
34.0993
33.9659
33.818
33.6605
33.4829
33.2892
33.0684
32.8234
32.5428
32.2297
31.8744
31.4806
31.0407
30.5604
30.036
29.4774
28.8873
28.2818
27.6717
27.0763
26.5083
25.9833
25.5067
25.0787
24.701
24.4375
24.2279
24.0067
23.7586
23.4739
23.1438
22.7832
22.3391
21.8962
21.9466
20.9082
18.9996
32.9319
25.1027
24.6651
24.2385
23.8266
23.382
22.8872
22.3589
21.8433
21.3714
20.96
20.5993
20.2814
19.9888
19.7143
19.4424
19.1685
18.8812
18.5817
18.2646
17.9364
17.5949
17.247
16.8888
16.5245
16.1461
15.753
15.333
14.8821
14.3856
13.8392
13.2286
12.5479
11.7823
10.9389
10.0412
9.14318
8.29052
7.50785
6.77183
6.04327
5.28075
4.46374
3.57234
2.60113
1.5562
0.464697
-0.650265
-1.76711
-2.87774
-3.96921
-5.03496
-6.06226
-7.04792
-7.98294
-8.86641
-9.68872
-10.4481
-11.1356
-11.7514
-12.2889
-12.7486
-13.1228
-13.4098
-13.6007
-13.6945
-13.6863
-13.5859
-13.3844
-13.1055
-12.7647
-12.3293
-11.8419
-11.2252
-10.6863
-9.76933
-9.56573
-7.52375
-9.3919
-2.1263
-15.446
25.5696
26.0421
26.5225
27.0159
27.5165
28.0236
28.526
29.0181
29.4848
29.919
30.3066
30.6431
30.9198
31.1389
31.2996
31.4111
31.4802
31.5208
31.5426
31.5597
31.5792
31.61
31.6534
31.711
31.7767
31.8458
31.9072
31.9539
31.9743
31.9636
31.9141
31.8263
31.6979
31.5353
31.3404
31.1231
30.8869
30.6423
30.3915
30.1436
29.8987
29.6639
29.4368
29.2229
29.0183
28.8267
28.6416
28.464
28.2854
28.1049
27.9119
27.7049
27.4731
27.2154
26.9223
26.5948
26.2256
25.8199
25.3768
24.9081
24.4214
23.9336
23.4563
23.0064
22.5918
22.2159
21.8919
21.6681
21.5038
21.3327
21.1554
20.9497
20.7224
20.4662
20.1369
19.8241
19.9736
18.9208
17.4699
30.6506
19.1792
18.775
18.385
18.0308
17.6924
17.3403
16.9625
16.571
16.1871
15.8219
15.4762
15.1447
14.8225
14.5044
14.1859
13.862
13.5298
13.1867
12.8334
12.4713
12.1042
11.7354
11.3686
11.0053
10.6463
10.2883
9.92703
9.555
9.16441
8.74589
8.29346
7.8048
7.28361
6.73418
6.16283
5.57615
4.99091
4.42787
3.90365
3.41257
2.92484
2.40679
1.83806
1.21222
0.520236
-0.247633
-1.08982
-1.98739
-2.91843
-3.86423
-4.81353
-5.75177
-6.66658
-7.54061
-8.36344
-9.12012
-9.80347
-10.4009
-10.9106
-11.3268
-11.6539
-11.8888
-12.0358
-12.0909
-12.0583
-11.9349
-11.737
-11.4675
-11.1525
-10.7973
-10.3823
-9.93029
-9.3816
-8.90783
-8.10938
-7.99646
-6.20531
-8.15809
-1.42186
-14.5671
19.5719
19.948
20.3128
20.6724
21.0323
21.396
21.7667
22.1433
22.5244
22.904
23.2759
23.6301
23.9588
24.2516
24.5027
24.706
24.8621
24.9717
25.043
25.0838
25.1077
25.1253
25.1508
25.1921
25.2583
25.3501
25.468
25.6042
25.7519
25.8974
26.0307
26.1379
26.211
26.2409
26.2246
26.1597
26.0495
25.8973
25.71
25.4946
25.2593
25.0122
24.7612
24.5135
24.2752
24.0514
23.8446
23.6566
23.485
23.3287
23.181
23.0385
22.8915
22.7362
22.5617
22.3651
22.136
21.8748
21.576
21.2474
20.8919
20.5238
20.1518
19.7933
19.4546
19.1458
18.8768
18.6962
18.5616
18.4344
18.3025
18.1649
18.0134
17.8567
17.6214
17.4389
17.6716
16.6599
15.6304
28.0018
14.68
14.3463
14.0116
13.7017
13.4389
13.21
12.9919
12.7741
12.5635
12.3612
12.1667
11.9717
11.7745
11.5695
11.3583
11.1365
10.9061
10.6633
10.4114
10.1473
9.87574
9.59477
9.31034
9.02011
8.72905
8.43278
8.13376
7.8246
7.50578
7.16852
6.81306
6.43247
6.03223
5.61358
5.18986
4.76348
4.34122
3.91843
3.5037
3.10663
2.74354
2.41083
2.0946
1.77646
1.45504
1.12562
0.769047
0.350207
-0.150375
-0.732148
-1.37872
-2.07443
-2.80578
-3.55781
-4.31501
-5.05709
-5.76843
-6.42889
-7.02628
-7.54498
-7.98029
-8.32402
-8.57763
-8.73697
-8.80596
-8.78005
-8.67593
-8.49573
-8.27735
-8.04361
-7.76821
-7.47481
-7.08932
-6.77831
-6.16418
-6.20306
-4.68275
-6.75077
-0.56182
-13.5268
14.9801
15.2645
15.5375
15.7985
16.0517
16.2979
16.5429
16.7866
17.0343
17.2836
17.5369
17.7876
18.0342
18.2657
18.4783
18.659
18.8042
18.9031
18.9574
18.9624
18.9275
18.856
18.7648
18.6624
18.5695
18.4944
18.4541
18.4515
18.4958
18.5804
18.7049
18.8546
19.0235
19.1932
19.3555
19.4947
19.606
19.6784
19.7125
19.704
19.6585
19.5771
19.4696
19.3402
19.2001
19.0548
18.9138
18.7809
18.6614
18.556
18.4641
18.3837
18.3099
18.2379
18.1589
18.0678
17.9534
17.8125
17.6373
17.4319
17.1958
16.9402
16.6717
16.405
16.1461
15.905
15.6936
15.5466
15.4407
15.3366
15.2421
15.1427
15.0552
14.9605
14.8072
14.7272
15.0374
14.0829
13.4225
24.9765
7.36794
7.19999
7.04623
6.92104
6.87371
6.90164
6.97898
7.07753
7.19473
7.31896
7.44942
7.57183
7.68718
7.78494
7.87073
7.93621
7.98863
8.02084
8.04131
8.04303
8.03488
8.01008
7.97753
7.92938
7.87348
7.80061
7.71652
7.61054
7.48723
7.33513
7.15824
6.94574
6.70219
6.41902
6.10501
5.75821
5.3928
5.00959
4.62049
4.22786
3.85282
3.51332
3.23222
3.00559
2.81952
2.65773
2.51855
2.39386
2.25868
2.0788
1.84042
1.55357
1.23307
0.884253
0.497829
0.067478
-0.412913
-0.934934
-1.49017
-2.05518
-2.61074
-3.12904
-3.59498
-3.99107
-4.31222
-4.54264
-4.69163
-4.73388
-4.73179
-4.72693
-4.70147
-4.6508
-4.51998
-4.43496
-4.06747
-4.28677
-3.05914
-5.22246
0.401816
-12.2193
7.52204
7.68504
7.86305
8.0468
8.24011
8.4358
8.63973
8.84562
9.06212
9.28319
9.51751
9.75792
10.0115
10.2676
10.5296
10.7828
11.027
11.245
11.4356
11.5821
11.6863
11.7378
11.7456
11.7066
11.6384
11.5461
11.4522
11.3648
11.3065
11.2818
11.307
11.3788
11.5045
11.6722
11.8805
12.1123
12.3614
12.609
12.8494
13.0675
13.2601
13.418
13.5436
13.6336
13.6953
13.7303
13.7482
13.7528
13.7522
13.7495
13.7491
13.7523
13.7582
13.7655
13.7676
13.7608
13.7345
13.6859
13.6056
13.4967
13.3559
13.193
13.0116
12.8246
12.6339
12.4512
12.2844
12.165
12.0728
11.9897
11.9089
11.8421
11.7854
11.7416
11.6408
11.6568
12.0129
11.1594
10.7525
21.4027
6.64375
6.82775
6.96169
7.0405
7.12462
7.23254
7.34949
7.46128
7.57056
7.67668
7.78292
7.88334
7.97921
8.06501
8.1439
8.20991
8.26666
8.30878
8.34056
8.35695
8.36372
8.35681
8.34237
8.31615
8.28391
8.24019
8.18914
8.12417
8.04811
7.9533
7.84225
7.70721
7.5504
7.36373
7.14952
6.90138
6.62559
6.3222
6.00488
5.67883
5.35895
5.05362
4.78535
4.5703
4.42377
4.33909
4.3061
4.31852
4.3819
4.47925
4.56378
4.58152
4.51045
4.36937
4.18046
3.95244
3.66702
3.31425
2.88698
2.4014
1.87181
1.32316
0.770911
0.23773
-0.261435
-0.698721
-1.06942
-1.32128
-1.51216
-1.7193
-1.90611
-2.08149
-2.16637
-2.29234
-2.13296
-2.51551
-1.52648
-3.72034
1.35376
-10.5082
6.43229
6.22111
6.02186
5.82968
5.64948
5.47804
5.3197
5.17185
5.04009
4.92224
4.82472
4.746
4.69277
4.66239
4.6595
4.6787
4.72162
4.77907
4.84791
4.91523
4.97581
5.0165
5.03355
5.01645
4.96755
4.88433
4.77707
4.65094
4.5233
4.4042
4.31298
4.25914
4.25858
4.31432
4.43496
4.61531
4.85521
5.14121
5.46722
5.81668
6.18057
6.5427
6.89669
7.23055
7.542
7.82484
8.08179
8.31135
8.51854
8.70461
8.87461
9.02999
9.17234
9.30218
9.41584
9.51163
9.58123
9.6235
9.63011
9.60476
9.54433
9.45822
9.34959
9.22932
9.09885
8.9676
8.84498
8.75578
8.67986
8.60175
8.53464
8.46794
8.4287
8.39259
8.32332
8.36155
8.73493
7.97221
7.64627
17.0471
6.7481
7.08121
7.36686
7.58713
7.80589
8.04535
8.29102
8.52649
8.7495
8.96021
9.15998
9.3462
9.51771
9.67202
9.80868
9.92566
10.0225
10.0972
10.1494
10.177
10.1808
10.1593
10.1131
10.0417
9.94564
9.82435
9.67871
9.50713
9.31043
9.08696
8.83691
8.55827
8.25152
7.91292
7.54161
7.1318
6.67971
6.17659
5.61681
4.98903
4.28577
3.49675
2.62578
1.69427
0.760988
-0.0921884
-0.774857
-1.21926
-1.3712
-1.18097
-0.600828
0.362199
1.59493
2.88713
4.00473
4.79704
5.22401
5.35414
5.27949
5.08822
4.81279
4.46749
4.04244
3.55379
3.01976
2.48934
1.98271
1.60006
1.25687
0.896024
0.534191
0.194923
-0.0708019
-0.356596
-0.381795
-0.862953
-0.136388
-2.11772
1.9993
-7.52356
6.40901
6.07659
5.75856
5.45222
5.15851
4.87585
4.60483
4.34537
4.09838
3.86345
3.64296
3.43756
3.25119
3.08431
2.94146
2.82263
2.73171
2.66636
2.62699
2.60794
2.606
2.61065
2.61632
2.61053
2.58761
2.53694
2.45728
2.34345
2.2017
2.03468
1.85501
1.67139
1.50048
1.35258
1.24281
1.178
1.1679
1.21227
1.3134
1.46383
1.65917
1.8877
2.14202
2.40941
2.68286
2.95255
3.21383
3.46146
3.6942
3.91095
4.11141
4.29768
4.46782
4.62567
4.76533
4.8903
4.98993
5.06849
5.11464
5.13573
5.12435
5.09214
5.03611
4.9672
4.87959
4.7847
4.68328
4.59411
4.5129
4.44574
4.37648
4.32864
4.30345
4.30651
4.28062
4.37749
4.77353
4.25114
3.83915
11.2186
-1.44278
-0.909941
-0.416605
0.00802109
0.416205
0.832839
1.24721
1.64684
2.02619
2.38588
2.72443
3.04124
3.33361
3.60143
3.84366
4.06187
4.25591
4.42747
4.57705
4.70619
4.8162
4.90814
4.98325
5.04212
5.08549
5.11303
5.1256
5.12144
5.10227
5.06637
5.01582
4.94989
4.87192
4.78021
4.67629
4.5554
4.41534
4.2527
4.07563
3.9091
3.80946
3.86395
4.18024
4.85812
5.938
7.36523
8.95538
10.4326
11.4645
11.7745
11.1952
9.76739
7.71078
5.41604
3.28025
1.63976
0.622426
0.199975
0.176998
0.352493
0.540136
0.669397
0.719233
0.724073
0.695725
0.649452
0.571407
0.494729
0.436517
0.350025
0.255437
0.152981
0.085812
-0.0216495
0.0293191
-0.24108
0.242463
-0.878067
1.55474
-3.47665
-1.9486
-2.43117
-2.88607
-3.31492
-3.7186
-4.09752
-4.45264
-4.78323
-5.09101
-5.37522
-5.63666
-5.87403
-6.08744
-6.27532
-6.43619
-6.56771
-6.66744
-6.73329
-6.76294
-6.75481
-6.70928
-6.62815
-6.5139
-6.37251
-6.21016
-6.03571
-5.85642
-5.68172
-5.51599
-5.36551
-5.22975
-5.10862
-4.99481
-4.8823
-4.75996
-4.61893
-4.44773
-4.23924
-3.98716
-3.68985
-3.34842
-2.9669
-2.55431
-2.11823
-1.67218
-1.22351
-0.787451
-0.367271
0.0231656
0.386492
0.710953
1.0046
1.25618
1.47865
1.65942
1.81372
1.92624
2.01369
2.0608
2.08604
2.07938
2.06051
2.02663
1.99437
1.96157
1.93871
1.93262
1.95926
1.96381
1.95438
1.93589
1.90566
1.87273
1.82967
1.74736
1.67921
1.70955
1.33862
1.00943
3.95249
)
;

boundaryField
{
    inlet
    {
        type            freestreamPressure;
        freestreamValue uniform 0;
        supersonic      false;
        value           nonuniform List<scalar> 
134
(
6.3477
4.12165
1.7674
-0.34095
-1.95639
-3.10406
-3.61946
-3.48382
-2.73396
-1.13039
-0.135769
-0.279541
-0.527015
-0.77155
-1.03447
-1.32358
-1.64074
-1.98716
-2.36708
-2.78812
8.5166
-3.26224
-3.79637
-4.3718
-4.93103
-5.36795
-5.62081
-6.03157
-6.09539
-6.28202
-7.72798
-7.09091
-7.18655
-7.40498
-7.58273
-7.70398
-7.82199
-8.02287
-8.43665
-8.9067
10.574
12.7268
14.6503
15.8579
15.9448
14.0638
9.02518
-10.0272
-9.92639
-9.67754
-9.52488
-9.42709
-9.31238
-9.17182
-9.01892
-8.86151
-8.69697
-8.52375
-8.33955
-8.14587
-7.94153
-7.72777
-7.50137
-7.25758
-6.98574
-6.67557
-6.46649
-6.2492
-5.96963
-5.62894
-5.22547
-4.71844
-4.05528
-2.90107
-1.33925
4.21119
8.51114
12.6429
16.3369
19.6847
22.695
25.1385
26.9619
28.2452
29.0668
29.5339
29.7757
29.8906
29.9627
30.1109
30.5298
31.2786
32.0578
32.6567
33.1277
33.5271
33.8614
34.1159
34.2824
34.3713
34.3928
34.3826
34.4027
34.616
35.264
36.7592
37.2843
36.4427
35.5414
34.9717
34.4896
33.9316
33.31
32.6808
32.0366
31.3749
30.6718
29.9382
29.1536
28.3268
27.4322
26.474
25.4175
24.2582
22.8627
21.7618
20.5906
19.1685
17.5165
15.6288
13.3974
10.6755
7.02848
2.4779
)
;
    }
    outlet
    {
        type            freestreamPressure;
        freestreamValue uniform 0;
        supersonic      false;
        value           nonuniform List<scalar> 
160
(
-0.0157414
-0.0213963
-0.00975461
-0.0267689
-0.00421996
-0.031818
0.000546487
-0.0365609
0.00514122
-0.0410103
0.00985085
-0.0451746
0.0145578
-0.049066
0.0191228
-0.0526799
0.0234848
-0.056037
0.0276498
-0.059132
0.0316011
-0.0619744
0.0353298
-0.0645527
0.0388038
-0.066869
0.0420184
-0.0689088
0.0449587
-0.0706565
0.0476385
-0.0720893
0.0500521
-0.0731815
0.0522149
-0.0739137
0.0541284
-0.0742621
0.0558073
-0.0742116
0.0572624
-0.0737685
0.058504
-0.0729536
0.0595429
-0.0717931
0.0603851
-0.0703504
0.0610362
-0.0686895
0.061493
-0.0669013
0.0617625
-0.0650584
0.0618256
-0.0632558
0.0616991
-0.0615344
0.061365
-0.0599564
0.060844
-0.0585132
0.060131
-0.0572021
0.059263
-0.055945
0.0582254
-0.0546794
0.0570361
-0.053289
0.0556435
-0.0516823
0.0540175
-0.049739
0.0521133
-0.0473855
0.0500131
-0.0445558
0.0479987
-0.0412345
0.0467219
-0.0374331
0.0472057
-0.0331953
0.0507092
-0.0286165
0.0583744
-0.023777
0.0706014
-0.0188198
0.0866158
-0.0138219
0.104115
-0.00894565
0.119815
-0.00422405
0.130052
0.000192736
0.132116
0.00433499
0.124718
0.00807216
0.108625
0.0114932
0.0861231
0.0144694
0.061064
0.0171448
0.0375105
0.0193723
0.0191319
0.0213225
0.00749891
0.0228134
0.00244624
0.0240337
0.00190548
0.0247971
0.00367459
0.0253145
0.00568856
0.0254588
0.00712699
0.025461
0.00771293
0.0252827
0.0077951
0.0251273
0.00749623
0.024969
0.00699506
0.024943
0.00613745
0.0251415
0.00530219
0.0257407
0.00468288
0.0260308
0.00373458
0.0261577
0.00268366
0.0261828
0.00152684
0.0260674
0.000778672
0.0259304
-0.000473843
0.0256705
0.000181998
0.0248709
-0.0030936
0.0242617
0.00292237
0.0251043
-0.0107873
0.0200876
0.0205178
0.0154019
-0.0393022
0.0609706
)
;
    }
    walls
    {
        type            zeroGradient;
    }
    frontAndBack
    {
        type            empty;
    }
}


// ************************************************************************* //
