/*--------------------------------*- C++ -*----------------------------------*\
  =========                 |
  \\      /  F ield         | OpenFOAM: The Open Source CFD Toolbox
   \\    /   O peration     | Website:  https://openfoam.org
    \\  /    A nd           | Version:  12
     \\/     M anipulation  |
\*---------------------------------------------------------------------------*/
FoamFile
{
    format      ascii;
    class       volScalarField;
    location    "50";
    object      p;
}
// * * * * * * * * * * * * * * * * * * * * * * * * * * * * * * * * * * * * * //

dimensions      [0 2 -2 0 0 0 0];

internalField   nonuniform List<scalar> 
10720
(
217.251
75.5584
-94.3283
-269.087
-439.614
-617.412
-782.262
-928.717
-1061.67
-1173.24
-1265.97
-1341.55
-1400.66
-1444.53
-1474.04
-1489.06
-1492.18
-1480.18
-1454.91
-1413.3
-1357.39
-1285.65
-1203
-1111.8
-1019.62
-937.102
-862.153
-787.117
-711.124
-634.801
-558.409
-482.056
-406.395
-331.224
-255.697
-177.492
-97.3421
-1.73029
81.6215
351.912
471.357
590.109
693.525
769.074
807.025
815.071
797.865
752.811
690.01
621.358
554.329
491.564
434.657
384.393
338.549
296.65
257.178
219.296
181.441
143.492
104.582
65.1563
26.5012
-6.05843
-29.9064
-48.446
-62.9517
-73.3514
-79.3438
-80.901
-78.0987
-71.1528
-60.2631
-45.7892
-27.1926
-3.62502
33.79
93.3488
343.042
236.238
113.345
-21.0937
-162.956
-311.582
-459.85
-602.949
-738.781
-863.138
-974.496
-1071.92
-1154.76
-1222.99
-1276.57
-1315.05
-1338.57
-1345.91
-1338.09
-1313.76
-1273.97
-1218.22
-1150.14
-1072.39
-991.53
-916.445
-846.151
-774.687
-701.455
-627.291
-552.643
-477.696
-403.144
-328.835
-253.954
-176.195
-96.368
-0.851731
80.3916
436.754
523.533
606.626
681.715
739.911
774.627
785.038
771.594
736.763
687.305
630.342
571.312
513.296
458.302
407.459
360.199
316.205
274.644
234.791
195.541
156.563
117.262
77.9823
39.9809
7.35823
-17.6613
-37.5044
-53.2741
-64.8803
-72.0165
-74.6251
-72.803
-66.7616
-56.6848
-42.887
-24.8029
-1.58614
35.6318
93.0752
351.997
257.014
147.223
23.8187
-107.643
-246.129
-387.838
-527.335
-661.091
-786.227
-899.614
-999.852
-1086.05
-1157.68
-1214.29
-1255.69
-1281.9
-1292.94
-1288.95
-1269.24
-1234.27
-1184.22
-1121.86
-1050.14
-974.575
-902.475
-834.019
-764.579
-693.267
-620.799
-547.629
-473.898
-400.29
-326.685
-252.311
-174.94
-95.4406
-0.232777
80.3533
435.344
513.023
586.76
652.3
702.541
734.18
746.311
738.493
712.318
671.96
622.546
568.896
514.399
461.349
411.202
364.2
320.147
278.507
238.625
199.618
161.017
122.385
83.9502
46.8217
14.2292
-11.5877
-32.1032
-48.3848
-60.4286
-67.9842
-71.0275
-69.6676
-64.1017
-54.4821
-41.0627
-23.2425
-0.153267
36.8317
92.5099
361.342
281.005
187.312
82.1136
-30.807
-151.668
-276.954
-402.842
-526.52
-645.151
-755.966
-857.132
-947.177
-1025
-1089.61
-1140.37
-1177.05
-1199.13
-1206.17
-1197.49
-1173.24
-1133.77
-1081.23
-1018.56
-950.509
-883.353
-818.271
-751.87
-683.183
-612.922
-541.618
-469.408
-396.973
-324.235
-250.487
-173.61
-94.5392
0.135488
80.5905
431.725
497.093
559.941
616.766
661.155
690.812
704.41
701.008
681.771
649.636
608.446
562.071
513.409
464.616
417.202
371.787
328.461
287.024
247.054
207.949
169.309
130.846
92.7533
56.0284
23.3079
-3.25882
-24.5155
-41.4669
-54.1695
-62.4153
-66.1852
-65.5728
-60.7395
-51.7913
-38.9162
-21.4779
1.3858
38.0039
91.9655
352.94
281.806
198.474
104.553
3.58934
-105.517
-219.821
-336.047
-452.082
-565.231
-672.883
-773.065
-863.97
-944.101
-1012.22
-1067.39
-1108.87
-1135.88
-1148
-1144.8
-1126.38
-1093.26
-1047.21
-990.96
-928.603
-865.421
-803.084
-739.207
-672.84
-604.636
-535.149
-464.473
-393.256
-321.447
-248.4
-172.108
-93.5772
0.374604
80.4394
415.364
473.06
528.852
579.597
619.711
647.84
662.527
662.607
648.983
623.703
589.625
549.814
506.661
462.121
417.706
374.256
332.134
291.402
251.865
213.148
174.932
137.019
99.5843
63.5178
30.9858
3.97699
-17.8477
-35.3316
-48.5644
-57.3758
-61.7457
-61.7622
-57.5591
-49.2003
-36.8069
-19.706
2.94604
39.1741
91.38
340.168
276.96
202.692
119.037
29.2449
-68.3556
-171.12
-276.409
-382.711
-487.661
-589.051
-685.072
-773.872
-853.812
-923.502
-981.74
-1027.43
-1059.83
-1078.3
-1082.3
-1071.62
-1046.56
-1008.47
-959.759
-903.957
-845.557
-786.597
-725.638
-661.881
-595.928
-528.36
-459.273
-389.304
-318.448
-246.138
-170.49
-92.6015
0.427818
79.7046
395.738
447.013
497.041
542.955
579.734
606.612
622.044
624.763
615.524
595.832
567.875
534.098
496.42
456.501
415.73
374.992
334.794
295.379
256.744
218.708
181.075
143.751
106.935
71.4442
39.0994
11.7158
-10.6623
-28.6883
-42.4799
-51.9007
-56.9296
-57.64
-54.1315
-46.4169
-34.5494
-17.824
4.57417
40.3278
90.7204
323.831
266.822
199.715
124.144
43.2661
-44.9877
-138.265
-234.29
-332.071
-429.535
-524.827
-616.366
-702.34
-781.098
-851.157
-911.121
-959.727
-995.975
-1018.97
-1028.07
-1022.95
-1003.91
-972.08
-929.578
-879.45
-825.468
-769.793
-711.712
-650.578
-586.907
-521.287
-453.812
-385.115
-315.244
-243.715
-168.777
-91.6541
0.248974
78.329
374.05
420.32
465.802
507.832
541.946
567.729
583.613
588.331
582.521
567.346
544.525
516.025
483.369
447.919
410.894
373.123
335.176
297.427
260.018
222.933
186.108
149.55
113.49
78.6822
46.6731
19.1068
-3.70015
-22.2016
-36.513
-46.5157
-52.175
-53.5435
-50.6902
-43.5841
-32.22
-15.8685
6.25017
41.445
89.9919
306.232
254.398
193.331
124.641
51.3954
-28.6893
-113.471
-200.965
-290.538
-380.445
-469.106
-555.22
-637.154
-713.337
-782.28
-842.533
-892.706
-931.627
-958.352
-972.171
-972.543
-959.593
-934.148
-897.964
-853.626
-804.311
-752.193
-697.157
-638.756
-577.45
-513.831
-448.021
-380.643
-311.803
-241.114
-166.962
-90.7365
-0.159588
76.314
351.999
394.135
435.851
474.661
506.575
531.357
547.46
553.684
550.546
538.998
520.44
496.487
468.351
437.129
403.847
369.227
333.833
298.097
262.257
226.417
190.631
155.001
119.796
85.719
54.1191
26.4832
3.31859
-15.629
-30.4452
-41.0157
-47.2885
-49.2967
-47.085
-40.5832
-29.7355
-13.793
7.98613
42.5109
89.1789
288.2
240.695
184.706
121.812
55.0083
-18.0857
-95.5247
-175.524
-257.742
-340.665
-422.988
-503.669
-581.254
-654.31
-721.427
-781.144
-832.018
-872.801
-902.368
-919.944
-924.797
-916.943
-897.006
-866.447
-827.441
-782.629
-734.076
-682.093
-626.437
-567.524
-505.95
-441.857
-375.864
-308.126
-238.338
-165.054
-89.8472
-0.784443
73.7085
330.242
368.937
407.498
443.591
473.617
497.464
513.621
520.966
519.909
511.276
496.237
476.15
451.994
424.644
394.942
363.482
330.781
297.27
263.234
228.869
194.323
159.777
125.534
92.266
61.1697
33.5986
10.1866
-9.1353
-24.4028
-35.4963
-42.3444
-44.9582
-43.3616
-37.451
-27.1281
-11.6299
9.74473
43.4852
88.2305
270.355
226.548
174.919
117.018
55.7584
-11.2689
-82.2562
-155.588
-231.125
-307.547
-383.789
-459.025
-531.981
-601.423
-666.037
-724.404
-775.115
-816.871
-848.455
-869.048
-877.813
-874.586
-859.765
-834.518
-800.631
-760.269
-715.336
-666.448
-613.564
-557.083
-497.599
-435.289
-370.762
-304.209
-235.412
-163.09
-88.992
-1.62676
70.6299
309.217
344.982
380.844
414.601
442.972
465.927
482.026
490.185
490.751
484.46
472.32
455.497
434.801
410.934
384.578
356.201
326.24
295.093
263.054
230.367
197.248
163.933
130.764
98.3825
67.8802
40.4992
16.9526
-2.66787
-18.333
-29.9098
-37.3029
-40.4997
-39.5047
-34.1852
-24.4059
-9.39768
11.5013
44.3397
87.115
253.021
212.41
164.562
110.989
54.5423
-7.19456
-72.5215
-139.963
-209.498
-279.982
-350.547
-420.558
-488.911
-554.541
-616.275
-672.798
-722.742
-764.815
-797.746
-820.657
-832.64
-833.356
-823.036
-802.582
-773.438
-737.348
-696.01
-650.223
-600.124
-546.112
-488.778
-428.324
-365.352
-300.084
-232.372
-161.119
-88.198
-2.71898
67.2024
289.132
322.368
355.882
387.598
414.494
436.601
452.544
461.285
463.114
458.71
448.953
434.877
417.167
396.39
373.101
347.655
320.396
291.665
261.741
230.881
199.338
167.393
135.403
103.992
74.1786
47.1127
23.551
3.71903
-12.2818
-24.2955
-32.2005
-35.9567
-35.5487
-30.818
-21.5978
-7.12002
13.2361
45.0637
85.8223
236.384
198.577
154.045
104.273
52.0383
-5.04418
-65.3664
-127.56
-191.704
-256.78
-322.077
-387.119
-450.963
-512.714
-571.332
-625.615
-674.291
-716.101
-749.77
-774.36
-788.962
-793.064
-786.734
-770.637
-745.902
-713.909
-676.123
-633.438
-586.142
-534.638
-479.505
-420.983
-359.656
-295.766
-229.252
-159.176
-87.4879
-4.09756
63.5022
270.091
301.116
332.557
362.461
388.031
409.322
425.038
434.177
436.986
434.1
426.309
414.539
399.389
381.33
360.815
338.1
313.444
287.123
259.374
230.446
200.604
170.148
139.439
109.086
80.0535
53.4205
29.961
10.0081
-6.26243
-18.6648
-27.0476
-31.34
-31.5051
-27.3615
-18.7139
-4.80495
14.9463
45.6646
84.3705
220.549
185.217
143.627
97.2191
48.7065
-4.25369
-60.1306
-117.64
-176.936
-237.111
-297.562
-357.95
-417.469
-475.375
-530.772
-582.583
-629.637
-670.736
-704.639
-730.361
-747.02
-753.947
-751.078
-738.868
-718.173
-690.057
-655.744
-616.147
-571.658
-522.693
-469.818
-413.297
-353.7
-291.287
-226.073
-157.274
-86.8934
-5.78401
59.5581
252.119
281.195
310.774
339.058
363.418
383.928
399.366
408.755
412.321
410.659
404.488
394.653
381.694
366.01
347.974
327.768
305.575
281.604
256.042
229.105
201.05
172.175
142.839
113.63
85.4702
59.3804
36.1388
16.16
-0.308662
-13.0451
-21.8663
-26.6683
-27.3893
-23.8277
-15.7628
-2.45461
16.6346
46.1554
82.7851
205.558
172.435
133.473
90.0715
44.8734
-4.40827
-56.317
-109.63
-164.562
-220.289
-276.297
-332.352
-387.771
-441.939
-494.1
-543.304
-588.476
-628.509
-662.218
-688.589
-706.788
-716.035
-716.138
-707.373
-690.361
-665.888
-634.945
-598.399
-556.714
-510.311
-459.734
-405.277
-347.487
-286.64
-222.835
-155.407
-86.4267
-7.76014
55.3956
235.214
262.542
290.452
317.269
340.513
360.264
375.384
384.915
389.057
388.385
383.552
375.342
364.252
350.631
334.796
316.87
296.974
275.255
251.846
226.919
200.703
173.48
145.595
117.609
90.4068
64.9648
42.053
22.1456
5.55561
-7.45561
-16.6714
-21.9529
-23.2104
-20.2246
-12.75
-0.0728544
18.3022
46.5484
81.0938
191.417
160.284
123.689
82.9938
40.7692
-5.21533
-53.5552
-103.097
-154.086
-205.766
-257.706
-309.75
-361.32
-411.915
-460.891
-507.422
-550.547
-589.25
-622.421
-649.048
-668.325
-679.423
-682.037
-676.284
-662.59
-641.506
-613.795
-580.244
-541.341
-497.509
-449.269
-396.929
-341.017
-281.83
-219.522
-153.556
-86.0953
-9.98596
51.0457
219.348
245.098
271.491
296.968
319.171
338.192
352.965
362.549
367.127
367.248
363.521
356.677
347.183
335.353
321.461
305.591
287.814
268.219
246.891
223.952
199.596
174.074
147.703
121.009
94.8423
70.1451
47.67
27.9321
11.3012
-1.92066
-11.4828
-17.21
-18.9822
-16.5635
-9.68521
2.33442
19.9452
46.8484
79.3133
178.114
148.789
114.34
76.0988
36.5544
-6.4487
-51.5659
-97.7013
-145.118
-193.119
-241.339
-289.683
-337.656
-384.854
-430.743
-474.602
-515.583
-552.764
-585.121
-611.669
-631.624
-644.155
-648.847
-645.695
-634.963
-617.002
-592.366
-561.73
-525.573
-484.309
-438.425
-388.246
-334.276
-276.827
-216.112
-151.706
-85.8778
-12.3896
46.5639
204.479
228.794
253.8
278.042
299.27
317.585
331.991
341.558
346.457
347.217
344.407
338.711
330.578
320.298
308.115
294.084
278.241
260.629
241.286
220.287
197.781
173.981
149.165
123.821
98.7644
74.8994
52.961
33.4889
16.8997
3.53484
-6.32093
-12.456
-14.7183
-12.8567
-6.57912
4.75793
21.5592
47.0602
77.4573
165.627
137.95
105.46
69.458
32.3472
-7.94932
-50.1448
-93.1875
-137.358
-182.012
-226.828
-271.756
-316.383
-360.378
-403.304
-444.539
-483.336
-518.871
-550.199
-576.396
-596.683
-610.27
-616.648
-615.71
-607.591
-592.479
-570.738
-542.914
-509.45
-470.735
-427.224
-379.24
-327.27
-271.636
-212.592
-149.846
-85.7569
-14.905
42.0009
190.558
213.562
237.29
260.383
280.696
298.329
312.351
321.849
326.974
328.246
326.195
321.467
314.498
305.56
294.875
282.484
268.393
252.613
235.14
216.008
195.317
173.237
150
126.05
102.161
79.208
57.8991
38.7862
22.3224
8.88524
-1.2076
-7.70903
-10.4339
-9.11658
-3.44275
7.18981
23.1385
47.1884
75.5338
153.924
127.76
97.0716
63.1173
28.2308
-9.59863
-49.1279
-89.3577
-130.569
-172.164
-213.86
-255.647
-297.168
-338.165
-378.271
-416.955
-453.571
-487.377
-517.522
-543.142
-563.473
-577.784
-585.489
-586.408
-580.572
-568.034
-548.992
-523.858
-493.018
-456.822
-415.679
-369.916
-319.993
-266.238
-208.957
-147.97
-85.6937
-17.4715
37.4004
177.532
199.33
221.876
243.898
263.344
280.319
293.946
303.33
308.612
310.291
308.868
304.959
298.986
291.209
281.837
270.899
258.387
244.285
228.558
211.2
192.268
171.883
150.231
127.702
105.031
83.0572
62.4615
43.7965
27.541
14.1039
3.83366
-2.98888
-6.14565
-5.35748
-0.288631
9.61973
24.6786
47.2395
73.5572
142.967
118.2
89.1726
57.1083
24.26
-11.3064
-48.3966
-86.0502
-124.559
-163.356
-202.19
-241.084
-279.73
-317.92
-355.358
-391.589
-426.055
-458.1
-486.954
-511.824
-531.96
-546.703
-555.42
-557.865
-553.995
-543.759
-527.21
-504.63
-476.326
-442.602
-403.823
-360.299
-312.466
-260.656
-205.207
-146.073
-85.676
-20.0637
32.7779
165.353
186.033
207.481
228.497
247.12
263.461
276.685
285.923
291.3
293.3
292.4
289.184
284.065
277.293
269.07
259.42
248.324
235.75
221.637
205.949
188.7
169.966
149.884
128.792
107.377
86.4389
66.6298
48.4951
32.5286
19.1645
8.77887
1.68372
-1.87116
-1.59367
2.87142
12.0395
26.1744
47.2201
71.5394
132.72
109.249
81.7603
51.4435
20.474
-13.0095
-47.8559
-83.1503
-119.179
-155.408
-191.612
-227.839
-263.819
-299.392
-334.318
-368.21
-400.583
-430.865
-458.359
-482.342
-502.095
-517.022
-526.467
-530.141
-527.941
-519.741
-505.474
-485.295
-459.427
-428.117
-391.677
-350.399
-304.69
-254.878
-201.348
-144.152
-85.6782
-22.6686
28.1455
153.968
173.61
194.031
214.103
231.942
247.667
260.487
269.552
274.976
277.229
276.763
274.135
269.748
263.851
256.633
248.121
238.29
227.098
214.469
200.337
184.684
167.543
149.002
129.345
109.208
89.349
70.3899
52.8602
37.2595
24.0407
13.6029
6.28608
2.37006
2.15792
6.02287
14.4376
27.622
47.1372
69.4944
123.143
100.879
74.8238
46.1299
16.8993
-14.6608
-47.439
-80.559
-114.308
-148.175
-181.961
-215.728
-249.244
-282.38
-314.947
-346.617
-376.97
-405.505
-431.599
-454.601
-473.82
-488.721
-498.649
-503.285
-502.486
-496.066
-483.866
-465.925
-442.379
-413.412
-379.28
-340.249
-296.69
-248.93
-197.382
-142.195
-85.7061
-25.2941
23.5111
143.332
162.001
181.459
200.639
217.734
232.864
245.278
254.152
259.584
262.03
261.923
259.797
256.042
250.902
244.565
237.058
228.356
218.411
207.135
194.444
180.29
164.671
147.627
129.388
110.536
91.789
73.732
56.8735
41.7107
28.7072
18.281
10.7956
6.55791
5.8811
9.15284
16.8058
29.0166
46.9985
67.436
114.201
93.0655
68.3458
41.1665
13.5495
-16.2254
-47.0887
-78.2039
-109.844
-141.536
-173.093
-204.592
-235.824
-266.696
-297.056
-326.622
-355.039
-381.865
-406.549
-428.501
-447.071
-461.772
-471.974
-477.334
-477.687
-472.807
-462.46
-446.589
-425.239
-398.532
-366.664
-329.865
-288.473
-242.805
-193.309
-140.202
-85.7454
-27.9363
18.8954
133.395
151.152
169.704
188.042
204.425
218.98
230.992
239.657
245.066
247.66
247.852
246.151
242.941
238.462
232.897
226.277
218.58
209.755
199.708
188.342
175.587
161.407
145.803
128.952
111.383
93.7673
76.6524
60.5215
45.8616
33.1403
22.7883
15.1882
10.6702
9.55681
12.245
19.1317
30.3549
46.8105
65.3783
105.856
85.7765
62.3107
36.5475
10.4325
-17.6818
-46.7679
-76.0228
-105.718
-135.396
-164.895
-194.295
-223.413
-252.18
-280.477
-308.063
-334.633
-359.803
-383.084
-403.944
-421.782
-436.14
-446.439
-452.32
-453.598
-450.031
-441.332
-427.357
-408.072
-383.531
-353.873
-319.285
-280.066
-236.527
-189.131
-138.161
-85.8038
-30.5906
14.325
124.115
141.016
158.713
176.249
191.953
205.953
217.565
226.011
231.369
234.073
234.513
233.176
230.439
226.537
221.649
215.813
209.009
201.187
192.251
182.097
170.638
157.811
143.58
128.076
111.773
95.295
79.1512
63.7936
49.6945
37.3181
27.1011
19.4406
14.6857
13.1673
15.2857
21.4072
31.6331
46.5807
63.3341
98.0725
78.987
56.6977
32.2638
7.551
-19.0124
-46.4443
-73.974
-101.861
-129.679
-157.272
-184.73
-211.888
-238.697
-265.067
-290.791
-315.61
-339.184
-361.083
-380.831
-397.876
-411.784
-422.033
-428.255
-430.257
-427.797
-420.548
-408.297
-390.939
-368.46
-340.943
-308.53
-271.484
-230.096
-184.848
-136.071
-85.8573
-33.2258
9.84196
115.45
131.544
148.433
165.21
180.262
193.722
204.941
213.159
218.45
221.232
221.876
220.85
218.523
215.125
210.833
205.69
199.679
192.754
184.82
175.77
165.504
153.938
141.008
126.799
111.735
96.3891
81.2326
66.6851
53.1962
41.2206
31.197
23.5295
18.5814
16.6915
18.2575
23.6196
32.848
46.3147
61.316
90.8165
72.6675
51.4878
28.302
4.90628
-20.2098
-46.0961
-72.0169
-98.2275
-124.318
-150.144
-175.8
-201.141
-226.133
-250.704
-274.681
-297.841
-319.888
-340.442
-359.073
-375.285
-388.661
-398.736
-405.146
-407.7
-406.157
-400.172
-389.475
-373.902
-353.376
-327.922
-297.644
-262.757
-223.536
-180.465
-133.917
-85.898
-35.8107
5.48122
107.363
122.695
138.818
154.868
169.296
182.236
193.068
201.054
206.262
209.094
209.907
209.148
207.178
204.223
200.456
195.925
190.618
184.494
177.461
169.411
160.238
149.842
138.134
125.163
111.298
97.07
82.9063
69.1938
56.3557
44.832
35.0551
27.4325
22.3364
20.1108
21.1463
25.7608
33.9963
46.0195
59.3367
84.0562
66.7931
46.6592
24.6502
2.48895
-21.267
-45.708
-70.1293
-94.7757
-119.258
-143.445
-167.429
-191.081
-214.382
-237.276
-259.616
-281.211
-301.803
-321.055
-338.582
-353.935
-366.72
-376.526
-382.997
-385.95
-385.155
-380.258
-370.95
-357.016
-338.327
-314.855
-286.654
-253.902
-216.853
-175.981
-131.698
-85.8908
-38.3067
1.27145
99.8166
114.427
129.821
145.178
159.008
171.444
181.896
189.65
194.762
197.624
198.576
198.047
196.389
193.822
190.518
186.528
181.847
176.437
170.213
163.067
154.89
145.572
135.006
123.206
110.497
97.3608
84.1852
71.3223
59.1666
48.1374
38.6564
31.1285
25.9292
23.4045
23.9344
27.8184
35.0751
45.6999
57.4065
77.7617
61.3349
42.1924
21.2931
0.296339
-22.1843
-45.2699
-68.2867
-91.4744
-114.459
-137.119
-159.549
-181.633
-203.361
-224.692
-245.498
-265.619
-284.829
-302.827
-319.273
-333.758
-345.911
-355.372
-361.797
-365.019
-364.824
-360.857
-352.782
-340.345
-323.373
-301.789
-275.605
-244.955
-210.069
-171.406
-129.397
-85.8223
-40.6922
-2.77451
92.7758
106.702
121.403
136.097
149.352
161.304
171.384
178.904
183.911
186.785
187.851
187.521
186.135
183.911
181.017
177.507
173.381
168.608
163.107
156.776
149.504
141.175
131.668
120.972
109.367
97.2875
85.085
73.0769
61.6256
51.1261
41.9843
34.5977
29.3396
26.5542
26.608
29.7843
36.0822
45.3615
55.5368
71.9031
56.2711
38.0649
18.2175
-1.68449
-22.9611
-44.7735
-66.4775
-88.2985
-109.885
-131.124
-152.109
-172.732
-192.995
-212.867
-232.239
-250.974
-268.875
-285.674
-301.068
-314.687
-326.183
-335.242
-341.537
-344.918
-345.191
-342.008
-335.02
-323.941
-308.563
-288.769
-264.529
-235.938
-203.195
-166.738
-127.01
-85.667
-42.9419
-6.65832
86.2081
99.4852
113.526
127.587
140.29
151.772
161.49
168.776
173.672
176.544
177.704
177.545
176.399
174.477
171.946
168.861
165.229
161.023
156.169
150.569
144.116
136.691
128.164
118.5
107.94
96.8775
85.6255
74.4671
63.7329
53.7904
45.0255
37.8219
32.5475
29.5407
29.1507
31.6469
37.0145
45.008
53.7353
66.4533
51.5747
34.2585
15.4065
-3.45905
-23.6041
-44.2172
-64.6861
-85.2289
-105.508
-125.419
-145.056
-164.321
-183.218
-201.73
-219.762
-237.196
-253.859
-269.516
-283.891
-296.657
-307.484
-316.099
-322.2
-325.648
-326.276
-323.749
-317.709
-307.856
-293.953
-275.846
-253.471
-226.883
-196.254
-161.986
-124.528
-85.4116
-45.045
-10.3842
80.0851
92.7442
106.155
119.608
131.782
142.811
152.175
159.229
164.009
166.868
168.105
168.094
167.159
165.506
163.296
160.589
157.396
153.694
149.418
144.475
138.762
132.159
124.531
115.827
106.252
96.159
85.8271
75.5058
65.4927
56.1261
47.7684
40.7865
35.5361
32.3472
31.5493
33.3988
37.8707
44.644
52.0115
61.3877
47.2253
30.7535
12.846
-5.04159
-24.114
-43.5979
-62.9071
-82.2486
-101.304
-119.974
-138.353
-156.35
-173.975
-191.217
-207.997
-224.211
-239.708
-254.279
-267.677
-279.609
-289.765
-297.909
-303.762
-307.205
-308.091
-306.104
-300.888
-292.134
-279.586
-263.062
-242.465
-217.818
-189.257
-157.155
-121.946
-85.043
-46.9846
-13.9528
74.3782
86.4487
99.2578
112.13
123.795
134.385
143.406
150.229
154.89
157.727
159.026
159.144
158.395
156.981
155.056
152.686
149.883
146.63
142.87
138.515
133.467
127.609
120.805
112.989
104.335
95.1617
85.7133
76.208
66.9117
58.1323
50.2059
43.478
38.2893
34.9568
33.789
35.0296
38.6478
44.2714
50.3698
56.6821
43.2004
27.5319
10.5206
-6.43901
-24.5007
-42.9182
-61.1337
-79.3478
-97.2557
-114.765
-131.967
-148.781
-165.219
-181.276
-196.885
-211.956
-226.355
-239.897
-252.362
-263.484
-272.976
-280.634
-286.203
-289.58
-290.642
-289.096
-284.592
-276.819
-265.509
-250.463
-231.555
-208.776
-182.232
-152.254
-119.266
-84.5552
-48.7525
-17.3551
69.062
80.5716
92.8058
105.119
116.295
126.462
135.147
141.744
146.284
149.092
150.439
150.67
150.086
148.884
147.215
145.144
142.688
139.836
136.534
132.706
128.255
123.072
117.017
110.018
102.223
93.9145
85.3074
76.5913
68.0002
59.8114
52.3328
45.8867
40.7945
37.3565
35.859
36.5331
39.3446
43.8939
48.8172
52.3149
39.4816
24.5765
8.41709
-7.66575
-24.7677
-42.1787
-59.3659
-76.5184
-93.3483
-109.77
-125.872
-141.579
-156.908
-171.86
-186.374
-200.374
-213.742
-226.312
-237.888
-248.229
-257.073
-264.236
-269.494
-272.76
-273.932
-272.738
-268.845
-261.943
-251.763
-238.089
-220.775
-199.784
-175.193
-147.294
-116.487
-83.9383
-50.3357
-20.572
64.112
75.0874
86.7703
98.549
109.253
119.01
127.37
133.746
138.161
140.934
142.321
142.65
142.212
141.199
139.757
137.954
135.808
133.311
130.419
127.06
123.146
118.569
113.196
106.946
99.9455
92.4454
84.6344
76.6745
68.7703
61.1683
54.1481
48.0056
43.0404
39.5335
37.7477
37.9007
39.9586
43.5116
47.3542
48.2646
36.0483
21.8713
6.5209
-8.72805
-24.9241
-41.3828
-57.5973
-73.7518
-89.5688
-104.971
-120.042
-134.716
-149.01
-162.927
-176.418
-189.416
-201.816
-213.47
-224.201
-233.794
-242.009
-248.68
-253.61
-256.73
-257.956
-257.042
-253.669
-247.54
-238.383
-225.978
-210.164
-190.877
-168.169
-142.289
-113.614
-83.1891
-51.7253
-23.5801
59.5063
69.971
81.1276
92.3912
102.642
112.005
120.047
126.204
130.496
133.228
134.644
135.059
134.751
133.908
132.67
131.105
129.235
127.055
124.528
121.588
118.153
114.121
109.365
103.799
97.5301
90.7815
83.7185
76.4779
69.2365
62.2117
55.6535
49.831
45.0194
41.4785
39.4471
39.1273
40.4886
43.1264
45.9845
44.5118
32.8847
19.4002
4.82028
-9.63942
-24.9746
-40.5326
-55.8316
-71.0431
-85.908
-100.352
-114.459
-128.164
-141.49
-154.442
-166.977
-179.037
-190.53
-201.322
-211.254
-220.133
-227.741
-233.927
-238.522
-241.471
-242.709
-242.011
-239.08
-233.631
-225.401
-214.165
-199.752
-182.081
-161.177
-137.252
-110.65
-82.2997
-52.91
-26.3576
55.2231
65.2006
75.8519
86.6229
96.4371
105.417
113.151
119.094
123.262
125.949
127.387
127.875
127.683
126.992
125.936
124.584
122.96
121.064
118.862
116.294
113.287
109.745
105.544
100.601
95.0025
88.9495
82.5844
76.0227
69.4156
62.952
56.8536
51.3619
46.7261
43.1833
40.9486
40.2067
40.9322
42.7366
44.7041
41.0379
29.9718
17.1488
3.30152
-10.4067
-24.9281
-39.6336
-54.0654
-68.3904
-82.359
-95.904
-109.105
-121.905
-134.325
-146.374
-158.016
-169.199
-179.841
-189.823
-199.002
-207.203
-214.23
-219.944
-224.203
-226.964
-228.178
-227.645
-225.089
-220.238
-212.843
-202.68
-189.574
-173.427
-154.245
-132.198
-107.601
-81.2691
-53.8849
-28.8933
51.2423
60.7535
70.9224
81.2183
90.6129
99.2251
106.659
112.392
116.436
119.073
120.526
121.077
120.989
120.433
119.541
118.379
116.976
115.332
113.418
111.182
108.557
105.452
101.752
97.3722
92.3868
86.9734
81.2559
75.3305
69.325
63.4022
57.7564
52.601
48.1592
44.6439
42.2477
41.1355
41.2884
42.3423
43.5134
37.8245
27.295
15.1019
1.95329
-11.0428
-24.7891
-38.6876
-52.3019
-65.7896
-78.9144
-91.6146
-103.967
-115.918
-127.491
-138.697
-149.503
-159.866
-169.712
-178.935
-187.405
-194.965
-201.437
-206.697
-210.623
-213.185
-214.351
-213.94
-211.699
-207.375
-200.729
-191.549
-179.656
-164.941
-147.391
-127.143
-104.473
-80.0943
-54.6423
-31.175
47.5444
56.6102
66.3153
76.1576
85.1477
93.4033
100.548
106.075
109.996
112.58
114.041
114.646
114.649
114.213
113.467
112.477
111.269
109.85
108.193
106.254
103.968
101.254
98.0036
94.1327
89.7041
84.8763
79.7562
74.423
68.9839
63.5775
58.3717
53.5533
49.3192
45.8579
43.3398
41.9093
41.5545
41.9403
42.4048
34.8543
24.8367
13.2459
0.762361
-11.5543
-24.5678
-37.701
-50.5408
-63.2391
-75.5696
-87.4754
-99.031
-110.187
-120.967
-131.385
-141.411
-151.007
-160.109
-168.62
-176.426
-183.381
-189.327
-194.152
-197.754
-200.114
-201.212
-200.889
-198.913
-195.05
-189.079
-180.794
-170.022
-156.646
-140.637
-122.101
-101.276
-78.7749
-55.1815
-33.2055
44.1115
52.7507
62.0129
71.4175
80.0196
87.9326
94.7951
100.122
103.92
106.449
107.911
108.562
108.644
108.317
107.701
106.862
105.83
104.611
103.183
101.506
99.5225
97.158
94.3095
90.8974
86.9733
82.679
78.1069
73.3218
68.4119
63.4943
58.7124
54.2276
50.2108
46.8268
44.2242
42.5272
41.73
41.5291
41.3765
32.1114
22.5836
11.5666
-0.281708
-11.9542
-24.2686
-36.677
-48.7857
-60.737
-72.3195
-83.4792
-94.2872
-104.698
-114.737
-124.418
-133.715
-142.596
-151.002
-158.849
-166.03
-172.418
-177.868
-182.279
-185.568
-187.725
-188.743
-188.481
-186.727
-183.269
-177.902
-170.433
-160.693
-148.563
-134.002
-117.086
-98.0161
-77.3141
-55.5011
-34.9771
40.9254
49.1575
57.9935
66.98
75.2085
82.7901
89.3814
94.513
98.1901
100.661
102.119
102.808
102.959
102.726
102.226
101.523
100.647
99.6051
98.3806
96.9365
95.2223
93.1681
90.6792
87.6789
84.2107
80.4007
76.3289
72.0476
67.629
63.1705
58.7932
54.6345
50.8409
47.5542
44.9016
42.988
41.8128
41.1043
40.418
29.5802
20.5194
10.0518
-1.19135
-12.249
-23.9012
-35.6215
-47.0365
-58.2843
-69.1618
-79.6195
-89.7259
-99.4392
-108.785
-117.777
-126.393
-134.606
-142.364
-149.589
-156.188
-162.043
-167.026
-171.048
-174.037
-175.995
-176.925
-176.702
-175.136
-172.033
-167.206
-160.478
-151.686
-140.712
-127.504
-112.113
-94.7056
-75.7178
-55.607
-36.4996
37.9706
45.8124
54.2417
62.8247
70.6948
77.9588
84.2864
89.2282
92.7863
95.1982
96.6476
97.3668
97.5775
97.4278
97.03
96.4468
95.7083
94.8238
93.7793
92.5419
91.0657
89.2877
87.1196
84.4883
81.4302
78.0578
74.4407
70.6204
66.6552
62.6249
58.6305
54.7876
51.2198
48.0468
45.376
43.2937
41.8029
40.6634
39.5258
27.2466
18.6328
8.68871
-1.97651
-12.4505
-23.4708
-34.5387
-45.2987
-55.8802
-66.0931
-75.8903
-85.3382
-94.3982
-103.095
-111.444
-119.426
-127.016
-134.169
-140.816
-146.87
-152.228
-156.775
-160.428
-163.134
-164.9
-165.737
-165.538
-164.131
-161.34
-156.997
-150.939
-143.015
-133.107
-121.158
-107.196
-91.3548
-73.9934
-55.504
-37.7682
35.2314
42.7002
50.7384
58.936
66.4608
73.4176
79.4922
84.2498
87.6911
90.0426
91.4798
92.2227
92.4843
92.4071
92.0987
91.6209
91.0037
90.2578
89.3718
88.3168
87.0513
85.518
83.6353
81.3336
78.6435
75.6653
72.4598
69.0593
65.51
61.8766
58.242
54.7021
51.3594
48.3134
45.6525
43.4462
41.6994
40.2016
38.6869
25.0965
16.9094
7.46648
-2.64804
-12.5646
-22.9867
-33.4345
-43.5728
-53.5259
-63.112
-72.2884
-81.1182
-89.5657
-97.656
-105.404
-112.794
-119.805
-126.395
-132.503
-138.051
-142.946
-147.084
-150.395
-152.833
-154.415
-155.159
-154.972
-153.698
-151.182
-147.273
-141.822
-134.689
-125.763
-114.979
-102.35
-87.9766
-72.1508
-55.2024
-38.7958
32.6934
39.8043
47.4692
55.2947
62.4882
69.1504
74.9792
79.5588
82.8859
85.1773
86.5991
87.3605
87.6654
87.651
87.4206
87.0344
86.5232
85.8987
85.1517
84.2567
83.1767
81.8595
80.2294
78.2216
75.8604
73.2364
70.4019
67.3821
64.2127
60.9451
57.6464
54.3947
51.2739
48.3651
45.7391
43.4501
41.5036
39.716
37.8968
23.1167
15.3386
6.37367
-3.21467
-12.6021
-22.4529
-32.3127
-41.8639
-51.2221
-60.2172
-68.8094
-77.0588
-84.9329
-92.4559
-99.6439
-106.483
-112.954
-119.02
-124.627
-129.705
-134.17
-137.928
-140.92
-143.108
-144.516
-145.168
-144.984
-143.825
-141.551
-138.03
-133.127
-126.716
-118.689
-108.98
-97.5863
-84.5833
-70.2012
-54.711
-39.5827
30.3416
37.1104
44.4154
51.8857
58.7598
65.137
70.7305
75.1375
78.3535
80.5849
81.9894
82.7648
83.1067
83.1464
82.9836
82.6771
82.2579
81.7387
81.1124
80.3569
79.4393
78.3117
76.9049
75.1574
73.0902
70.7829
68.2818
65.6058
62.7817
59.8494
56.8623
53.8831
50.979
48.2146
45.645
43.3104
41.2161
39.2021
37.1418
21.2942
13.9067
5.40012
-3.68667
-12.568
-21.878
-31.1795
-40.1728
-48.9695
-57.4075
-65.4499
-73.1548
-80.4918
-87.4849
-94.1502
-100.475
-106.445
-112.026
-117.168
-121.81
-125.876
-129.284
-131.979
-133.935
-135.179
-135.743
-135.556
-134.495
-132.435
-129.261
-124.854
-119.098
-111.892
-103.171
-92.9188
-81.1881
-68.1571
-54.0435
-40.1442
28.1627
34.603
41.5636
48.6907
55.2583
61.3623
66.7271
70.9672
74.0753
76.2478
77.6337
78.4199
78.7935
78.8805
78.7764
78.5388
78.199
77.7704
77.2484
76.6138
75.837
74.875
73.6642
72.1472
70.3405
68.3161
66.1132
63.7462
61.2344
58.6081
55.9088
53.1855
50.4912
47.8761
45.3812
43.0346
40.8397
38.6574
36.4176
19.6166
12.6038
4.53456
-4.07257
-12.4736
-21.2665
-30.0381
-38.5043
-46.7694
-54.6819
-62.2074
-69.401
-76.2355
-82.7336
-88.9115
-94.7588
-100.262
-105.393
-110.105
-114.344
-118.041
-121.125
-123.547
-125.288
-126.381
-126.861
-126.668
-125.691
-123.822
-120.959
-116.998
-111.837
-105.379
-97.5607
-88.3584
-77.8042
-66.0322
-53.2119
-40.4847
26.1433
32.269
38.8977
45.696
51.9678
57.8071
62.9524
67.0312
70.0343
72.1488
73.5153
74.3099
74.7113
74.8398
74.7869
74.6092
74.3377
73.987
73.5543
73.0233
72.368
71.5496
70.5101
69.1955
67.6194
65.8455
63.9085
61.818
59.5875
57.2391
54.8042
52.3204
49.8279
47.3648
44.9597
42.6301
40.3772
38.079
35.7112
18.0723
11.4175
3.76722
-4.38242
-12.3241
-20.6268
-28.8947
-36.8598
-44.6234
-52.0401
-59.0791
-65.793
-72.1569
-78.1929
-83.9171
-89.3201
-94.3913
-99.1044
-103.419
-107.286
-110.644
-113.429
-115.6
-117.145
-118.099
-118.5
-118.299
-117.395
-115.695
-113.111
-109.554
-104.93
-99.1525
-92.1571
-83.9159
-74.4448
-63.8411
-52.232
-40.6209
24.272
30.0957
36.4067
42.887
48.8744
54.4592
59.3905
63.3126
66.2134
68.2709
69.6173
70.4184
70.8442
71.0099
71.0024
70.8773
70.6651
70.3809
70.0245
69.5821
69.0311
68.3363
67.445
66.3075
64.934
63.3815
61.6798
59.8356
57.8572
55.76
53.567
51.3061
49.0068
46.6963
44.3934
42.106
39.8326
37.4653
35.0197
16.652
10.3397
3.08868
-4.62402
-12.1296
-19.9639
-27.7536
-35.2453
-42.5332
-49.4818
-56.063
-62.3266
-68.2499
-73.8545
-79.1561
-84.1468
-88.8174
-93.1445
-97.0922
-100.616
-103.663
-106.175
-108.116
-109.482
-110.31
-110.64
-110.429
-109.589
-108.04
-105.706
-102.513
-98.3744
-93.2118
-86.9645
-79.6003
-71.1228
-61.5981
-51.118
-40.5622
22.5389
28.074
34.079
40.2549
45.967
51.3042
56.029
59.7982
62.5985
64.599
65.9241
66.7297
67.1772
67.3763
67.4097
67.3311
67.1707
66.9444
66.6533
66.2865
65.8242
65.2352
64.4719
63.4882
62.2918
60.9334
59.4392
57.8129
56.0593
54.188
52.2154
50.161
48.0454
45.8868
43.6954
41.4716
39.2101
36.8151
34.3321
15.3481
9.36161
2.49169
-4.8054
-11.8946
-19.286
-26.6213
-33.6627
-40.5014
-47.0083
-53.1581
-58.9987
-64.5095
-69.7113
-74.6192
-79.227
-83.5267
-87.4975
-91.1074
-94.3168
-97.0773
-99.3395
-101.073
-102.277
-102.99
-103.256
-103.036
-102.254
-100.84
-98.7323
-95.8647
-92.1632
-87.5559
-81.986
-75.4192
-67.8495
-59.3179
-49.8866
-40.3244
20.9369
26.196
31.9086
37.7903
43.2371
48.3356
52.8579
56.4769
59.1774
61.12
62.4217
63.229
63.6952
63.9245
63.9948
63.9579
63.8437
63.6681
63.4335
63.1313
62.7448
62.2463
61.5929
60.7419
59.6994
58.5104
57.198
55.7638
54.2093
52.5403
50.7673
48.9034
46.9616
44.9526
42.8796
40.7366
38.5148
36.1279
33.6469
14.1546
8.47842
1.97017
-4.93164
-11.627
-18.596
-25.5012
-32.1179
-38.5306
-44.6204
-50.364
-55.8071
-60.9311
-65.7565
-70.298
-74.5505
-78.5069
-82.1492
-85.4483
-88.3691
-90.8686
-92.9036
-94.4486
-95.5063
-96.1178
-96.3249
-96.0976
-95.3682
-94.0778
-92.1729
-89.5982
-86.2887
-82.1809
-77.2228
-71.3791
-64.6361
-57.0147
-48.5521
-39.9208
19.4595
24.4559
29.8881
35.4886
40.6795
45.5453
49.8713
53.3422
55.9424
57.8249
59.0999
59.9048
60.3858
60.6411
60.7445
60.7453
60.6725
60.5417
60.3567
60.1106
59.7891
59.3681
58.8088
58.0724
57.1629
56.1212
54.9672
53.7012
52.3228
50.8339
49.2411
47.5519
45.7734
43.9102
41.96
39.9115
37.7523
35.404
32.9546
13.066
7.68405
1.51985
-5.00737
-11.3282
-17.899
-24.397
-30.6107
-36.6227
-42.3192
-47.6803
-52.75
-57.5114
-61.9849
-66.1848
-70.1071
-73.7462
-77.0855
-80.0993
-82.7561
-85.0179
-86.8466
-88.2214
-89.1487
-89.6689
-89.8254
-89.5923
-88.9126
-87.7336
-86.0121
-83.6991
-80.7411
-77.0825
-72.6752
-67.4845
-61.4914
-54.7005
-47.1304
-39.3651
18.1013
22.8473
28.0129
33.3432
38.2884
42.9307
47.0642
50.3889
52.888
54.7073
55.951
56.7487
57.239
57.5155
57.6474
57.6816
57.6457
57.5551
57.4139
57.217
56.9519
56.5976
56.1194
55.4816
54.6875
53.7732
52.757
51.6383
50.4145
49.0857
47.6544
46.1245
44.4985
42.7761
40.9506
39.0066
36.9285
34.6439
32.2552
12.077
6.97497
1.13658
-5.03526
-11.0029
-17.1956
-23.3092
-29.1445
-34.7779
-40.1049
-45.1065
-49.8255
-54.2472
-58.3918
-62.2734
-65.8888
-69.2339
-72.2939
-75.0457
-77.4614
-79.5072
-81.149
-82.3715
-83.1821
-83.6225
-83.734
-83.4987
-82.8643
-81.7879
-80.2305
-78.1534
-75.5108
-72.2546
-68.342
-63.7389
-58.4235
-52.388
-45.6347
-38.6728
16.8557
21.3638
26.2747
31.348
36.0578
40.4842
44.4321
47.6132
50.0108
51.7639
52.9712
53.7554
54.2488
54.5401
54.6948
54.7572
54.7536
54.6985
54.5962
54.4425
54.2269
53.9306
53.5227
52.9706
52.2766
51.4731
50.5767
49.5862
48.4984
47.3108
46.0241
44.6386
43.1541
41.5663
39.8654
38.0327
36.0498
33.8493
31.5409
11.1811
6.34481
0.816659
-5.01864
-10.651
-16.4882
-22.239
-27.717
-32.9959
-37.9758
-42.6408
-47.0317
-51.1359
-54.9731
-58.5579
-61.8881
-64.9608
-67.763
-70.2745
-72.4698
-74.3189
-75.7928
-76.8784
-77.5862
-77.9558
-78.0297
-77.7934
-77.2026
-76.219
-74.8111
-72.9465
-70.5867
-67.6908
-64.2204
-60.1443
-55.439
-50.0873
-44.0798
-37.8568
15.7156
19.9965
24.665
29.4925
33.9782
38.1989
41.9673
45.0088
47.3058
48.9907
50.1573
50.9223
51.4118
51.711
51.8816
51.966
51.9889
51.9642
51.8957
51.7801
51.6079
51.3625
51.0162
50.5388
49.9321
49.2252
48.4333
47.555
46.5862
45.5236
44.3653
43.1109
41.7566
40.2966
38.7181
37.0004
35.1227
33.0216
30.8127
10.3711
5.78868
0.555063
-4.96031
-10.2763
-15.7759
-21.1852
-26.3284
-31.2736
-35.929
-40.2797
-44.3646
-48.173
-51.7242
-55.0329
-58.0982
-60.9185
-63.4827
-65.773
-67.7667
-69.4374
-70.7595
-71.7233
-72.3402
-72.6482
-72.6902
-72.4551
-71.9054
-71.0073
-69.7354
-68.062
-65.9565
-63.3818
-60.3065
-56.7018
-52.5441
-47.8093
-42.4778
-36.9331
14.6722
18.7362
23.1725
27.7662
32.0378
36.0615
39.6593
42.5667
44.7659
46.3825
47.506
48.2469
48.7265
49.0264
49.2056
49.305
49.3479
49.3474
49.3072
49.2242
49.0897
48.8888
48.5963
48.1847
47.6548
47.0327
46.3323
45.5523
44.6884
43.736
42.693
41.5563
40.3221
38.9819
37.5221
35.9205
34.1547
32.1643
30.066
9.63906
5.29891
0.34699
-4.86444
-9.87925
-15.0609
-20.1477
-24.9748
-29.6084
-33.9605
-38.0183
-41.8189
-45.3528
-48.6389
-51.6919
-54.512
-57.0988
-59.4434
-61.5302
-63.3393
-64.8475
-66.0327
-66.888
-67.4241
-67.6795
-67.6942
-67.4633
-66.9517
-66.1334
-64.9839
-63.4842
-61.6047
-59.318
-56.5945
-53.4115
-49.7438
-45.5624
-40.8425
-35.9156
13.7168
17.5726
21.7868
26.1558
30.2232
34.06
37.4943
40.274
42.3797
43.9305
45.0107
45.7254
46.1906
46.4854
46.6664
46.7735
46.8293
46.8463
46.8279
46.7714
46.6687
46.5061
46.2606
45.9068
45.4445
44.8972
44.2775
43.5843
42.8132
41.9592
41.0191
39.9895
38.8649
37.637
36.2907
34.8038
33.1527
31.2801
29.3024
8.97732
4.8696
0.1864
-4.73492
-9.46445
-14.3434
-19.1256
-23.6561
-27.9963
-32.065
-35.8504
-39.3874
-42.6677
-45.7093
-48.5266
-51.1208
-53.4927
-55.6351
-57.535
-59.1753
-60.5352
-61.5971
-62.3547
-62.8208
-63.0294
-63.0233
-62.7964
-62.323
-61.5759
-60.5396
-59.1937
-57.5188
-55.488
-53.0802
-50.2731
-47.0421
-43.3557
-39.1853
-34.8196
12.8406
16.4965
20.4968
24.6508
28.522
32.1791
35.4585
38.1172
40.1345
41.6231
42.6621
43.3506
43.7999
44.0857
44.2635
44.3719
44.4338
44.4613
44.458
44.4214
44.344
44.2133
44.0077
43.7041
43.3012
42.8197
42.2714
41.6553
40.967
40.2012
39.3542
38.4218
37.3985
36.2749
35.0365
33.6612
32.1254
30.3744
28.5211
8.37812
4.49295
0.0676132
-4.57699
-9.03396
-13.6265
-18.12
-22.3694
-26.4345
-30.2378
-33.7695
-37.0623
-40.1086
-42.9254
-45.5267
-47.9143
-50.0896
-52.0472
-53.7762
-55.262
-56.4878
-57.4374
-58.1083
-58.5115
-58.6809
-58.6565
-58.4369
-57.9977
-57.3178
-56.3819
-55.1764
-53.6835
-51.8833
-49.7569
-47.284
-44.4411
-41.1952
-37.5178
-33.6587
12.0357
15.4995
19.2947
23.241
26.9241
30.4096
33.5395
36.0827
38.0163
39.4468
40.4479
41.1126
41.5465
41.8227
41.9943
42.0999
42.1623
42.194
42.1991
42.1756
42.1168
42.0109
41.8384
41.5773
41.2256
40.8016
40.3162
39.7685
39.1542
38.4681
37.7058
36.8628
35.9331
34.9073
33.7712
32.5036
31.0815
29.4525
27.7254
7.83449
4.16302
-0.0157956
-4.39546
-8.59322
-12.9122
-17.1318
-21.1163
-24.9211
-28.4751
-31.7695
-34.8355
-37.6657
-40.2764
-42.6805
-44.88
-46.8768
-48.6667
-50.2407
-51.587
-52.6906
-53.5397
-54.1326
-54.4802
-54.6152
-54.5765
-54.3648
-53.9586
-53.3394
-52.4951
-51.4153
-50.0863
-48.4919
-46.6158
-44.4399
-41.941
-39.0867
-35.8495
-32.4458
11.2948
14.5746
18.1726
21.9206
25.4226
28.7421
31.7288
34.1605
36.0136
37.3889
38.3556
38.9993
39.4205
39.6883
39.8536
39.9546
40.0141
40.0454
40.0532
40.0367
39.9898
39.902
39.7551
39.5288
39.2201
38.8453
38.4142
37.9265
37.3783
36.764
36.0792
35.3188
34.4766
33.5432
32.5045
31.3409
30.03
28.5216
26.9197
7.33992
3.87265
-0.0696516
-4.19613
-8.14565
-12.2049
-16.1642
-19.8965
-23.4558
-26.7748
-29.8463
-32.7003
-35.3303
-37.7513
-39.9754
-42.0043
-43.84
-45.4791
-46.914
-48.1348
-49.1297
-49.8887
-50.412
-50.7107
-50.8159
-50.7656
-50.5622
-50.1871
-49.6236
-48.8623
-47.8953
-46.7128
-45.3015
-43.6481
-41.7351
-39.5401
-37.0341
-34.1896
-31.1931
10.6118
13.7157
17.126
20.6835
24.012
27.1725
30.0193
32.3422
34.1165
35.4386
36.3728
36.9987
37.4099
37.6721
37.8332
37.9304
37.9861
38.0146
38.0214
38.0069
37.9662
37.89
37.7619
37.5627
37.2888
36.9545
36.5691
36.1329
35.6423
35.0921
34.4777
33.7939
33.0341
32.1886
31.2438
30.1815
28.9787
27.5885
26.1095
6.88908
3.61703
-0.0997506
-3.98403
-7.69705
-11.5078
-15.2193
-18.7133
-22.0392
-25.1358
-27.9972
-30.6522
-33.0953
-35.3409
-37.4
-39.274
-40.9647
-42.4689
-43.7802
-44.89
-45.7884
-46.4679
-46.9306
-47.1865
-47.2664
-47.2064
-47.0118
-46.6653
-46.1532
-45.4668
-44.6015
-43.5493
-42.3008
-40.8438
-39.1628
-37.2377
-35.0411
-32.5451
-29.9111
9.98123
12.9179
16.1491
19.5255
22.6875
25.6938
28.4054
30.6217
32.3179
33.5873
34.4901
35.0994
35.5033
35.7627
35.9229
36.0187
36.0723
36.0981
36.1024
36.0871
36.0484
35.9786
35.863
35.6838
35.4369
35.1348
34.7862
34.3923
33.9503
33.4557
32.9042
32.2906
31.608
30.8466
29.9934
29.0293
27.9326
26.6587
25.3004
6.47732
3.3907
-0.110752
-3.7643
-7.2512
-10.8257
-14.3015
-17.5678
-20.6729
-23.5589
-26.2217
-28.6891
-30.9568
-33.0389
-34.9455
-36.678
-38.2377
-39.6214
-40.8232
-41.8356
-42.6496
-43.261
-43.671
-43.8914
-43.9491
-43.8825
-43.6955
-43.3768
-42.9108
-42.2938
-41.5186
-40.5838
-39.4778
-38.1951
-36.7179
-35.0324
-33.108
-30.9217
-28.6093
9.3988
12.1763
15.2374
18.44
21.4424
24.3005
26.8794
28.9913
30.6102
31.8275
32.6992
33.2926
33.6901
33.9493
34.1116
34.2096
34.2643
34.2896
34.2925
34.2757
34.237
34.1702
34.0624
33.8973
33.6705
33.3928
33.0726
32.7117
32.3086
31.8599
31.3621
30.8108
30.1993
29.5177
28.7527
27.8851
26.8935
25.7353
24.4972
6.1009
3.19046
-0.107012
-3.54115
-6.81338
-10.1624
-13.4136
-16.4645
-19.3591
-22.0453
-24.5201
-26.8103
-28.913
-30.8418
-32.6064
-34.2083
-35.6485
-36.9238
-38.0287
-38.9551
-39.6974
-40.2495
-40.6168
-40.8064
-40.8483
-40.7749
-40.5984
-40.3029
-39.882
-39.325
-38.6342
-37.801
-36.8243
-35.6922
-34.3965
-32.9191
-31.2364
-29.3228
-27.2965
8.86006
11.4863
14.3845
17.421
20.2694
22.9832
25.4337
27.4436
28.986
30.1522
30.9937
31.5708
31.9624
32.2223
32.3891
32.4927
32.5523
32.581
32.5854
32.5689
32.5304
32.4654
32.3625
32.2074
31.9953
31.7356
31.4362
31.0997
30.7255
30.3121
29.8574
29.3583
28.8092
28.2008
27.5196
26.7464
25.8592
24.8184
23.701
5.75627
3.0126
-0.0914436
-3.31806
-6.38653
-9.52214
-12.5601
-15.4052
-18.1004
-20.5971
-22.8938
-25.0165
-26.9636
-28.7484
-30.3801
-31.8603
-33.1901
-34.3668
-35.3841
-36.2359
-36.9148
-37.4182
-37.749
-37.9158
-37.944
-37.8693
-37.7008
-37.4301
-37.0472
-36.5479
-35.93
-35.1911
-34.3262
-33.3295
-32.1907
-30.8971
-29.4251
-27.7526
-25.9794
8.36122
10.8426
13.5853
16.4609
19.1605
21.7351
24.0594
25.9701
27.4373
28.5544
29.3665
29.9278
30.3127
30.5737
30.7464
30.8582
30.9264
30.9625
30.9726
30.96
30.9242
30.8618
30.7634
30.6162
30.4154
30.1692
29.8848
29.5653
29.2113
28.8225
28.399
27.9398
27.4417
26.8967
26.2922
25.609
24.8257
23.9029
22.909
5.44032
2.85517
-0.0664174
-3.09688
-5.97327
-8.90684
-11.7425
-14.3937
-16.8989
-19.2162
-21.3443
-23.3086
-25.1091
-26.7584
-28.265
-29.6309
-30.8578
-31.9432
-32.8814
-33.6653
-34.2896
-34.7511
-35.0522
-35.2011
-35.221
-35.1466
-34.988
-34.7394
-34.3923
-33.9441
-33.3932
-32.7381
-31.9745
-31.0968
-30.0966
-28.9631
-27.6755
-26.2144
-24.6644
7.89799
10.2406
12.8332
15.5539
18.1093
20.5476
22.7504
24.5652
25.9586
27.0288
27.8129
28.3574
28.7353
28.9968
29.1756
29.2971
29.3768
29.4245
29.4449
29.4408
29.4116
29.3549
29.2625
29.1233
28.9325
28.6973
28.4245
28.1172
27.7762
27.4029
26.9989
26.5665
26.1052
25.6102
25.0711
24.47
23.7865
22.9799
22.1128
5.14951
2.71503
-0.0335368
-2.87905
-5.57444
-8.31773
-10.9629
-13.4298
-15.7558
-17.9036
-19.872
-21.6865
-23.349
-24.8707
-26.2593
-27.5176
-28.648
-29.6484
-30.513
-31.2357
-31.8107
-32.2354
-32.5119
-32.647
-32.6623
-32.5905
-32.4428
-32.2149
-31.9005
-31.4983
-31.0082
-30.429
-29.7566
-28.9855
-28.1083
-27.1152
-25.9886
-24.7118
-23.3565
7.4665
9.67577
12.1246
14.6947
17.1109
19.4183
21.5018
23.2243
24.5448
25.5714
26.3283
26.8551
27.2238
27.4851
27.6698
27.8017
27.8948
27.9573
27.9925
28.002
27.9846
27.9379
27.8549
27.7256
27.5456
27.3212
27.0587
26.7612
26.4294
26.0652
25.6715
25.2533
24.8136
24.3524
23.8628
23.3306
22.7359
22.0408
21.2991
4.88102
2.58958
0.00447956
-2.66667
-5.19166
-7.75614
-10.2214
-12.5157
-14.6714
-16.6602
-18.4761
-20.148
-21.6808
-23.0822
-24.3589
-25.5157
-26.5557
-27.4768
-28.2734
-28.9391
-29.469
-29.861
-30.1158
-30.2401
-30.2525
-30.1851
-30.0484
-29.8405
-29.5558
-29.1956
-28.76
-28.2496
-27.6598
-26.9855
-26.2183
-25.3504
-24.3649
-23.2489
-22.0625
7.06356
9.14555
11.4563
13.8822
16.1647
18.3443
20.3139
21.948
23.1933
24.1797
24.9103
25.4161
25.7736
26.0324
26.2216
26.3633
26.4705
26.5503
26.6043
26.6325
26.6327
26.6018
26.5331
26.4176
26.2506
26.0383
25.787
25.4994
25.1762
24.8185
24.4299
24.0168
23.5857
23.1414
22.6826
22.2002
21.678
21.0812
20.4587
4.63286
2.47658
0.0459258
-2.46136
-4.82623
-7.22322
-9.5196
-11.6504
-13.6463
-15.4865
-17.1543
-18.6888
-20.0997
-21.3876
-22.5577
-23.6184
-24.5741
-25.4216
-26.1553
-26.7676
-27.257
-27.6177
-27.8542
-27.9677
-27.9793
-27.9159
-27.7913
-27.6014
-27.345
-27.0216
-26.636
-26.1868
-25.673
-25.086
-24.4203
-23.6639
-22.8055
-21.8296
-20.7908
6.68791
8.64862
10.8283
13.1149
15.2691
17.3262
19.1866
20.7369
21.9026
22.8525
23.5573
24.0388
24.3802
24.6338
24.8247
24.9739
25.094
25.1915
25.2667
25.3181
25.3417
25.3332
25.2852
25.1887
25.0386
24.841
24.6024
24.3266
24.0136
23.6641
23.2804
22.869
22.4384
21.9979
21.5519
21.0986
20.6272
20.1084
19.5896
4.40614
2.37769
0.0925928
-2.26054
-4.47527
-6.71477
-8.85254
-10.8319
-12.6773
-14.3763
-15.9028
-17.3096
-18.6076
-19.7867
-20.8535
-21.8223
-22.6983
-23.4776
-24.1507
-24.7162
-25.1647
-25.4987
-25.7141
-25.8196
-25.8268
-25.7695
-25.6533
-25.4828
-25.2494
-24.9623
-24.6192
-24.2285
-23.7813
-23.2776
-22.7022
-22.0522
-21.3069
-20.4597
-19.5479
6.3402
8.18595
10.2389
12.3907
14.4199
16.355
18.1132
19.5847
20.6771
21.5993
22.2763
22.7263
23.0479
23.2909
23.4796
23.6318
23.7616
23.8743
23.9706
24.0471
24.0985
24.1183
24.0982
24.027
23.8991
23.7192
23.4955
23.2326
22.9325
22.5944
22.2198
21.8125
21.3819
20.9382
20.4928
20.0494
19.6063
19.1399
18.7013
4.2009
2.29279
0.146011
-2.06199
-4.13466
-6.22512
-8.21277
-10.049
-11.7533
-13.3172
-14.7072
-16.0064
-17.2068
-18.2793
-19.2435
-20.1239
-20.9254
-21.6392
-22.2599
-22.7781
-23.1922
-23.4968
-23.6951
-23.7876
-23.7933
-23.7361
-23.6306
-23.4723
-23.2636
-23.0053
-22.7062
-22.365
-21.9838
-21.5528
-21.0659
-20.5115
-19.8747
-19.1405
-18.3453
6.0211
7.75733
9.68853
11.7077
13.6139
15.4274
17.0858
18.4738
19.5039
20.4241
21.0729
21.4829
21.7775
22.0087
22.1903
22.3426
22.4773
22.6023
22.7162
22.8172
22.8972
22.9494
22.962
22.9235
22.8235
22.6665
22.4592
22.2113
21.9246
21.6024
21.2418
20.8471
20.4219
19.9789
19.5287
19.084
18.6483
18.2095
17.8222
4.04186
2.22736
0.185864
-1.90331
-3.85463
-5.80875
-7.64103
-9.31747
-10.8367
-12.2318
-13.3888
-14.6362
-15.8284
-16.8522
-17.7639
-18.6076
-19.3819
-20.075
-20.6775
-21.1848
-21.5888
-21.886
-22.0784
-22.1664
-22.1697
-22.1134
-22.0116
-21.8612
-21.6667
-21.4312
-21.1599
-20.8566
-20.5224
-20.1474
-19.7262
-19.2456
-18.6902
-18.0427
-17.3306
5.77347
7.42034
9.25261
11.15
12.9332
14.602
16.1109
17.3133
18.2057
19.265
19.9599
20.3611
20.6555
20.8914
21.0793
21.2379
21.3826
21.5197
21.6505
21.7723
21.8793
21.9628
22.011
22.0088
21.9429
21.8125
21.6253
21.3911
21.1178
20.8093
20.4663
20.0891
19.6797
19.2453
18.7972
18.3482
17.9087
17.471
17.0987
3.91688
2.17929
0.226712
-1.76086
-3.60244
-5.42576
-7.10332
-8.60673
-9.91632
-11.1183
-11.9815
-13.2331
-14.4774
-15.4912
-16.3839
-17.2239
-18.0019
-18.6998
-19.311
-19.826
-20.2375
-20.5405
-20.7353
-20.8245
-20.828
-20.7739
-20.6731
-20.5274
-20.3408
-20.1241
-19.8689
-19.5935
-19.2924
-18.9603
-18.5865
-18.1638
-17.6717
-17.0941
-16.4476
5.57485
7.1461
8.88849
10.6694
12.3259
13.834
15.1588
16.1334
16.8581
18.1223
18.9154
19.3365
19.6462
19.9018
20.1047
20.2757
20.4332
20.5838
20.7292
20.8677
20.9956
21.1051
21.1851
21.2187
21.1891
21.0897
20.9258
20.7078
20.4466
20.1501
19.8223
19.4634
19.0731
18.6544
18.215
17.7672
17.3225
16.8783
16.5013
3.79634
2.13566
0.27253
-1.61239
-3.34432
-5.03746
-6.56401
-7.90067
-9.01226
-10.028
-10.6192
-11.8603
-13.1442
-14.1451
-15.0138
-15.8429
-16.6182
-17.3169
-17.9302
-18.4513
-18.8682
-19.175
-19.37
-19.4587
-19.4625
-19.4086
-19.309
-19.1665
-18.9894
-18.7911
-18.5543
-18.3061
-18.0404
-17.7498
-17.4249
-17.0599
-16.6333
-16.1291
-15.557
5.38065
6.87793
8.53166
10.2002
11.735
13.0843
14.2339
14.9951
15.5601
16.9887
17.882
18.3246
18.6468
18.9162
19.1301
19.3101
19.4767
19.6372
19.7923
19.9414
20.082
20.2095
20.3144
20.3815
20.3901
20.329
20.1972
20.0031
19.7579
19.4745
19.1611
18.8219
18.456
18.0627
17.6444
17.209
16.7674
16.3181
15.932
3.68166
2.09734
0.324086
-1.45778
-3.07963
-4.6432
-6.02389
-7.19752
-8.1259
-8.95909
-9.3112
-10.5204
-11.824
-12.8099
-13.6523
-14.4641
-15.2308
-15.924
-16.5371
-17.0599
-17.481
-17.7892
-17.9843
-18.0718
-18.0768
-18.0215
-17.9242
-17.7832
-17.6166
-17.4337
-17.2149
-16.9898
-16.7588
-16.5063
-16.2301
-15.9198
-15.5602
-15.1276
-14.6245
5.19322
6.61878
8.18687
9.74644
11.1638
12.3565
13.3378
13.8973
14.3128
15.8616
16.8532
17.3266
17.6593
17.9396
18.1615
18.3457
18.518
18.6845
18.8468
19.0016
19.1491
19.2851
19.4057
19.4968
19.5402
19.5188
19.4278
19.2673
19.0479
18.7818
18.4841
18.1632
17.8231
17.4609
17.0748
16.6656
16.2398
15.7947
15.4026
3.57442
2.06521
0.381217
-1.29768
-2.80981
-4.24455
-5.48361
-6.50073
-7.26222
-7.91373
-8.06121
-9.21873
-10.5163
-11.4826
-12.2975
-13.0877
-13.8398
-14.5242
-15.1309
-15.6538
-16.0756
-16.3857
-16.5801
-16.6693
-16.6754
-16.6234
-16.5305
-16.3987
-16.2446
-16.083
-15.8825
-15.6854
-15.4876
-15.2767
-15.0462
-14.7909
-14.4942
-14.1367
-13.7196
5.01433
6.37063
7.85512
9.31018
10.6131
11.6487
12.4721
12.8326
13.1102
14.7389
15.8226
16.3357
16.6857
16.979
17.2071
17.3929
17.5648
17.7341
17.9
18.0599
18.2108
18.351
18.4772
18.5818
18.6486
18.6628
18.614
18.4978
18.3161
18.0794
17.8025
17.5008
17.1832
16.851
16.5001
16.1263
15.7283
15.3
14.9083
3.47502
2.03931
0.442889
-1.13446
-2.53828
-3.84674
-4.95064
-5.81736
-6.42784
-6.89949
-6.87578
-7.95842
-9.22338
-10.1623
-10.9488
-11.7134
-12.4461
-13.115
-13.7132
-14.23
-14.6518
-14.9617
-15.1564
-15.2453
-15.2495
-15.1967
-15.1057
-14.9781
-14.8317
-14.682
-14.4919
-14.3129
-14.1411
-13.9631
-13.7725
-13.5651
-13.3232
-13.0226
-12.6404
4.84511
6.13438
7.53767
8.89105
10.083
10.9644
11.6396
11.7977
11.9409
13.6175
14.783
15.3408
15.7157
16.0312
16.2749
16.4644
16.6325
16.7957
16.9577
17.1166
17.2688
17.4108
17.5396
17.6489
17.7279
17.7656
17.7539
17.685
17.554
17.3631
17.1233
16.8506
16.5587
16.2547
15.9376
15.6009
15.2382
14.8368
14.4526
3.3841
2.01857
0.505968
-0.973603
-2.27327
-3.46004
-4.43552
-5.15979
-5.63361
-5.92361
-5.75829
-6.74512
-7.94865
-8.84994
-9.60483
-10.3403
-11.0481
-11.6982
-12.2791
-12.7865
-13.2045
-13.5163
-13.7194
-13.8193
-13.8388
-13.8034
-13.7348
-13.6321
-13.5148
-13.3968
-13.236
-13.0896
-12.9561
-12.8185
-12.6715
-12.5106
-12.3268
-12.1084
-11.8689
4.6875
5.9131
7.23651
8.49364
9.57624
10.3038
10.8379
10.7757
10.7853
12.4957
13.7379
14.3398
14.7349
15.0745
15.3447
15.5564
15.7338
15.8951
16.0468
16.1953
16.3391
16.4778
16.6056
16.7166
16.7992
16.8476
16.8581
16.8262
16.7441
16.6075
16.4196
16.1916
15.9378
15.6692
15.3896
15.0945
14.7755
14.4175
14.0705
3.30157
2.00071
0.565491
-0.823783
-2.02587
-3.09917
-3.95285
-4.53924
-4.88508
-4.99285
-4.714
-5.58206
-6.69717
-7.54779
-8.2656
-8.96559
-9.6441
-10.268
-10.8278
-11.3171
-11.7212
-12.0256
-12.219
-12.3076
-12.3113
-12.2658
-12.1883
-12.0812
-11.9584
-11.8379
-11.6719
-11.5304
-11.4078
-11.2927
-11.1736
-11.0493
-10.8975
-10.6864
-10.3566
4.54368
5.70976
6.95797
8.12432
9.0977
9.66891
10.0597
9.74978
9.60562
11.3513
12.6902
13.3534
13.7717
14.115
14.3886
14.6118
14.8104
14.9911
15.1544
15.3025
15.4415
15.5742
15.7007
15.8148
15.9058
15.9661
15.9952
15.9925
15.9525
15.868
15.7353
15.5584
15.3471
15.1133
14.8648
14.6017
14.316
13.9832
13.6237
3.22727
1.98541
0.620049
-0.688586
-1.80419
-2.77505
-3.51499
-3.9701
-4.19759
-4.11883
-3.74363
-4.47383
-5.47437
-6.25911
-6.92856
-7.58481
-8.22297
-8.81602
-9.35354
-9.83143
-10.241
-10.5685
-10.8085
-10.9629
-11.0433
-11.0682
-11.0623
-11.0236
-10.9762
-10.9304
-10.8299
-10.7444
-10.6772
-10.6099
-10.5385
-10.463
-10.3893
-10.3344
-10.3678
4.41312
5.52471
6.70299
7.78973
8.65471
9.07754
9.33004
8.71581
8.37106
10.1384
11.5846
12.3588
12.866
13.2593
13.5304
13.7152
13.8694
14.0205
14.1712
14.3152
14.4522
14.5832
14.7102
14.8284
14.9276
15.0012
15.0519
15.0832
15.094
15.0785
15.0302
14.9453
14.8253
14.6756
14.5018
14.3078
14.0972
13.8759
13.7099
3.16281
1.97421
0.671972
-0.566271
-1.60712
-2.49158
-3.13212
-3.47591
-3.59811
-3.32406
-2.85213
-3.42336
-4.2855
-4.98379
-5.59393
-6.19548
-6.77814
-7.31593
-7.79599
-8.21733
-8.56732
-8.83203
-8.99383
-9.05236
-9.03827
-8.99309
-8.9293
-8.83789
-8.73137
-8.62106
-8.46867
-8.3455
-8.25225
-8.17402
-8.10399
-8.03287
-7.92489
-7.71256
-7.25989
4.29794
5.35955
6.47579
7.49275
8.25644
8.56384
8.68462
7.6749
7.07457
8.84311
10.3311
11.1626
11.7854
12.3433
12.7766
13.0682
13.2564
13.3823
13.4791
13.5642
13.6492
13.7403
13.8422
13.9481
14.0379
14.0953
14.1206
14.1197
14.098
14.056
13.9912
13.9022
13.7898
13.6581
13.5103
13.3442
13.1396
12.8414
12.3889
3.11263
1.95842
0.699233
-0.484539
-1.46353
-2.27041
-2.81916
-3.06411
-3.07908
-2.58525
-2.02418
-2.44443
-3.14164
-3.71878
-4.24833
-4.793
-5.34711
-5.88346
-6.39411
-6.87428
-7.32693
-7.74779
-8.14035
-8.48606
-8.75342
-8.92774
-9.06057
-9.15466
-9.25631
-9.36141
-9.37148
-9.35698
-9.35598
-9.35188
-9.34397
-9.34095
-9.38955
-9.57273
-10.0875
4.21489
5.24196
6.30831
7.25724
7.90691
8.10082
7.99895
6.46829
5.69472
7.5999
9.12813
9.88661
10.3758
10.8197
11.2408
11.6435
12.0292
12.3776
12.672
12.9071
13.0913
13.2362
13.3618
13.4978
13.6669
13.8484
14.0157
14.1628
14.2919
14.4029
14.492
14.5514
14.5752
14.5607
14.5119
14.4445
14.403
14.4819
14.8625
3.07603
1.9064
0.639369
-0.529388
-1.46479
-2.19001
-2.61187
-2.70729
-2.52002
-1.77669
-1.21338
-1.52899
-2.06829
-2.49841
-2.86731
-3.22568
-3.57302
-3.89659
-4.18747
-4.43756
-4.62931
-4.73336
-4.72606
-4.61733
-4.49929
-4.42885
-4.37662
-4.29724
-4.17648
-4.08375
-3.94035
-3.81712
-3.72593
-3.65063
-3.5799
-3.5023
-3.34123
-2.96334
-2.05435
4.19013
5.21778
6.2593
7.12965
7.61772
7.57639
6.94249
4.80827
4.04183
6.37443
8.37382
9.57498
10.2703
10.5794
10.5547
10.3283
10.042
9.80682
9.66882
9.62937
9.67493
9.78917
9.94355
10.0674
10.0878
10.0372
9.97399
9.90503
9.83008
9.74892
9.67015
9.60072
9.54639
9.50623
9.4722
9.4147
9.24758
8.79936
7.79386
3.03871
1.81496
0.496583
-0.697752
-1.61708
-2.26545
-2.54275
-2.43391
-1.95255
-0.951806
-0.392855
-0.611523
-1.04263
-1.47601
-1.93131
-2.41861
-2.93923
-3.49423
-4.08874
-4.73643
-5.45437
-6.25423
-7.09804
-7.89634
-8.48059
-8.85262
-9.21773
-9.51777
-9.98979
-10.6714
-10.5236
-10.5981
-10.8365
-11.0253
-11.143
-11.2704
-11.5315
-12.1169
-13.3455
4.19725
5.25228
6.29347
7.09721
7.417
7.0598
5.71124
3.0454
1.85793
4.03285
6.37932
8.63548
10.7861
12.7959
14.4756
15.7321
16.6063
17.1325
17.3949
17.4839
17.4785
17.4414
17.4645
17.6947
18.1895
18.7331
19.1621
19.4985
19.7803
20.013
20.1868
20.2971
20.3499
20.3558
20.3417
20.359
20.5406
21.0816
22.3008
238.1
235.667
232.308
227.924
222.334
215.564
207.552
198.304
187.965
176.81
165.192
153.495
141.997
130.863
120.161
109.913
100.118
90.7754
81.8807
73.4292
65.411
57.8224
50.6542
43.8933
37.519
31.5059
25.8233
20.4359
15.3197
10.4542
5.83776
1.47163
-2.63043
-6.46539
-10.0246
-13.3153
-16.3351
-19.0913
-21.5818
-23.8109
-25.7794
-27.4917
-28.9539
-30.1695
-31.1501
-31.9003
-32.4355
-32.7608
-32.8941
-32.8431
-32.6259
-32.2536
-31.7452
-31.1142
-30.3765
-29.5455
-28.6356
-27.6599
-26.631
-25.5601
-24.4583
-23.3328
-22.1902
-21.0394
-19.8901
-18.7539
-17.6407
-16.6936
-15.8614
-15.0287
-14.14
-13.3144
-12.2461
-11.6234
-10.0065
-10.3695
-6.85704
-10.4388
-1.44278
-14.1846
237.027
228.986
220.403
211.632
202.801
194.024
185.383
176.88
168.518
160.305
152.279
144.477
136.94
129.688
122.736
116.085
109.741
103.707
97.9843
92.5735
87.4716
82.6737
78.1717
73.9581
70.0206
66.3511
62.9355
59.7664
56.8289
54.1169
51.6156
49.3195
47.2123
45.289
43.5331
41.939
40.4897
39.179
37.9889
36.9114
35.9281
35.0304
34.2004
33.4305
32.7048
32.0175
31.3553
30.7133
30.0801
29.4515
28.819
28.1798
27.5274
26.8613
26.1807
25.4882
24.788
24.0858
23.387
22.6964
22.0129
21.331
20.6392
19.922
19.169
18.3795
17.5748
16.8838
16.2931
15.7166
15.1708
14.6558
14.1755
13.8
13.3011
13.553
11.9786
15.0973
7.11359
22.7616
105.449
103.591
101.784
100.295
99.1542
98.3227
97.7445
97.2739
96.7414
95.9047
94.6267
92.8494
90.554
87.7135
84.371
80.6187
76.571
72.303
67.887
63.3809
58.8414
54.3088
49.8032
45.3324
40.8888
36.4609
32.0338
27.6172
23.2281
18.9065
14.6871
10.6091
6.69356
2.95749
-0.591314
-3.94834
-7.10608
-10.0605
-12.8
-15.3229
-17.6185
-19.6906
-21.5308
-23.1466
-24.5324
-25.7001
-26.6468
-27.3861
-27.9201
-28.2628
-28.4209
-28.4122
-28.2475
-27.942
-27.5077
-26.9591
-26.3089
-25.5708
-24.7576
-23.8826
-22.9568
-21.9892
-20.9876
-19.962
-18.9228
-17.8813
-16.8529
-15.9717
-15.1922
-14.4151
-13.5771
-12.8118
-11.7957
-11.2452
-9.68783
-10.1134
-6.72497
-10.2182
-1.56386
-13.8697
106.747
107.233
107.742
107.997
108.042
107.872
107.445
106.723
105.701
104.394
102.829
101.031
99.0216
96.8099
94.4086
91.8287
89.0913
86.2166
83.2356
80.1727
77.0618
73.9269
70.802
67.709
64.6795
61.7295
58.8859
56.1587
53.5679
51.1166
48.8183
46.6694
44.6769
42.8326
41.139
39.585
38.1696
36.8795
35.7106
34.648
33.6851
32.8065
32.0046
31.2649
30.5803
29.9381
29.3324
28.7518
28.1905
27.6389
27.0916
26.5398
25.9802
25.4082
24.823
24.2244
23.6154
23.0008
22.3867
21.7788
21.1814
20.5932
20.0037
19.3975
18.758
18.0756
17.3616
16.7261
16.164
15.598
15.0431
14.5044
13.9914
13.5934
13.074
13.3319
11.8146
14.8482
7.23454
22.1605
82.336
79.0939
74.977
70.4216
65.6846
61.0668
56.897
53.4563
50.871
49.0943
47.9632
47.3391
47.1053
47.153
47.3342
47.5066
47.5575
47.414
47.0057
46.2886
45.2318
43.8305
42.093
40.0447
37.7164
35.1496
32.3741
29.4157
26.2861
23.0157
19.6465
16.2444
12.8527
9.51256
6.23756
3.05371
-0.0292839
-2.98176
-5.79322
-8.43722
-10.9091
-13.1889
-15.2766
-17.1572
-18.8348
-20.3003
-21.56
-22.6115
-23.4621
-24.1137
-24.5809
-24.8706
-24.9965
-24.9675
-24.7971
-24.4963
-24.078
-23.5542
-22.9378
-22.2412
-21.4769
-20.6547
-19.7843
-18.8766
-17.9416
-16.9928
-16.0422
-15.2234
-14.4938
-13.7633
-12.9693
-12.2548
-11.2955
-10.7921
-9.3307
-9.75559
-6.60331
-9.87134
-1.75643
-13.3678
84.0268
84.1649
83.4103
82.1669
80.7229
79.2044
77.6487
76.0665
74.474
72.9016
71.3663
69.8818
68.4358
67.022
65.619
64.2241
62.8217
61.4145
59.988
58.5469
57.0784
55.5896
54.0713
52.5349
50.9767
49.4111
47.839
46.2782
44.7323
43.2197
41.7448
40.3239
38.9596
37.6651
36.4405
35.2945
34.2243
33.2344
32.319
31.4787
30.7052
29.996
29.3415
28.7379
28.1755
27.6505
27.1538
26.6809
26.2235
25.7764
25.3308
24.8825
24.4254
23.9566
23.4725
22.9726
22.4576
21.9314
21.3999
20.871
20.3514
19.8439
19.3441
18.838
18.3074
17.7366
17.1273
16.5674
16.0567
15.5226
14.9749
14.4215
13.875
13.4374
12.8885
13.0998
11.6784
14.5199
7.41507
21.5007
66.0262
65.092
63.5923
61.6576
59.4291
57.0581
54.7815
52.7662
51.1409
49.9096
49.0699
48.5531
48.3278
48.3284
48.5213
48.8159
49.1065
49.2625
49.2159
48.8938
48.2508
47.235
45.8341
44.0396
41.8877
39.4232
36.7242
33.861
30.912
27.9062
24.8537
21.749
18.6165
15.4721
12.3435
9.24273
6.19747
3.22619
0.357842
-2.39108
-4.99814
-7.45171
-9.73508
-11.8398
-13.7548
-15.4751
-16.9967
-18.317
-19.4355
-20.3602
-21.0948
-21.6497
-22.0307
-22.2491
-22.3136
-22.2367
-22.0283
-21.7001
-21.263
-20.7297
-20.1123
-19.4224
-18.6714
-17.8711
-17.0322
-16.1666
-15.2887
-14.5239
-13.8343
-13.1414
-12.3824
-11.7056
-10.7896
-10.3254
-8.93777
-9.38306
-6.40547
-9.57722
-1.79825
-13.0429
66.0546
65.4233
64.5907
63.6104
62.5039
61.2843
59.9946
58.655
57.3209
56.0028
54.7259
53.4688
52.2361
51.0032
49.7819
48.5598
47.3568
46.1647
45.0017
43.8597
42.755
41.6788
40.644
39.6397
38.6759
37.7409
36.8412
35.9657
35.1207
34.2969
33.5008
32.7257
31.9791
31.2565
30.5655
29.9029
29.2756
28.6808
28.1233
27.5994
27.1119
26.6556
26.2314
25.8331
25.4605
25.1072
24.7716
24.4473
24.1317
23.817
23.5003
23.1758
22.8406
22.4895
22.1198
21.729
21.317
20.8862
20.4422
19.9927
19.5467
19.1113
18.6865
18.265
17.8307
17.3657
16.8645
16.3939
15.952
15.4722
14.9555
14.4058
13.8354
13.3528
12.7568
12.9076
11.5196
14.2657
7.42796
21.0777
31.3195
31.0415
30.6109
30.1849
29.8954
29.7948
29.8865
30.2274
30.8452
31.7706
32.9454
34.3568
35.959
37.7498
39.6369
41.5578
43.3897
45.0517
46.4119
47.3965
47.9222
47.9714
47.5075
46.5284
45.019
43.014
40.5698
37.7884
34.7909
31.7187
28.6688
25.6654
22.6851
19.7075
16.7307
13.7638
10.8243
7.93086
5.10626
2.36833
-0.2622
-2.77141
-5.14105
-7.36016
-9.41305
-11.2942
-12.9912
-14.5011
-15.8231
-16.9572
-17.9079
-18.6779
-19.2738
-19.7014
-19.9711
-20.0911
-20.0708
-19.9193
-19.6467
-19.2644
-18.7843
-18.2189
-17.5806
-16.8824
-16.1346
-15.3511
-14.5417
-13.8286
-13.1789
-12.5215
-11.7941
-11.1515
-10.2702
-9.84016
-8.50657
-8.98582
-6.1401
-9.29548
-1.75044
-12.8047
31.2383
31.087
30.9683
30.7948
30.5078
30.1598
29.8088
29.5047
29.2607
29.0859
28.9611
28.8791
28.8161
28.7691
28.7203
28.6716
28.6069
28.5283
28.4211
28.2904
28.1259
27.9372
27.7182
27.4806
27.2211
26.9525
26.6715
26.3902
26.1051
25.8262
25.5487
25.2809
25.0176
24.765
24.518
24.2822
24.0529
23.8347
23.6233
23.4232
23.2303
23.048
22.8719
22.705
22.5427
22.3865
22.2314
22.0775
21.9186
21.7536
21.5784
21.3912
21.1874
20.9638
20.7164
20.4428
20.1418
19.8141
19.4642
19.0988
18.7271
18.3578
17.9982
17.6469
17.2933
16.9213
16.5218
16.1427
15.78
15.3723
14.9112
14.3931
13.8227
13.3074
12.663
12.7486
11.3556
14.0406
7.37091
20.7229
6.55353
6.42448
6.17001
5.88585
5.82377
6.10008
6.73208
7.72451
9.09934
10.8387
12.8844
15.15
17.5829
20.1373
22.7837
25.4613
28.1168
30.6752
33.087
35.2686
37.1391
38.5912
39.5717
40.0402
39.998
39.4269
38.3348
36.7345
34.6926
32.3069
29.7259
27.0735
24.4094
21.7294
19.0255
16.3029
13.5791
10.8766
8.21353
5.61104
3.08219
0.646485
-1.68513
-3.89304
-5.96877
-7.89463
-9.66499
-11.2703
-12.7074
-13.9731
-15.0665
-15.9885
-16.7416
-17.3316
-17.7641
-18.0455
-18.1823
-18.1817
-18.0533
-17.8066
-17.4529
-17.0039
-16.4722
-15.871
-15.2115
-14.5067
-13.7675
-13.1077
-12.4997
-11.8815
-11.1895
-10.5808
-9.73299
-9.33266
-8.04768
-8.54989
-5.83475
-8.97096
-1.68568
-12.5364
6.56059
6.71912
6.98364
7.29044
7.5808
7.85619
8.12458
8.40062
8.68496
8.98297
9.29367
9.62345
9.976
10.3583
10.7736
11.223
11.7042
12.2111
12.7383
13.2756
13.8164
14.3493
14.8691
15.365
15.8343
16.2693
16.6704
17.033
17.3614
17.6533
17.915
18.1457
18.3529
18.5354
18.7002
18.8457
18.9777
19.0936
19.1984
19.2893
19.3709
19.4402
19.5017
19.5524
19.596
19.6287
19.6534
19.6643
19.6627
19.6452
19.6122
19.5597
19.4865
19.3887
19.2636
19.1081
18.9201
18.6999
18.4484
18.1711
17.875
17.5715
17.2699
16.9765
16.6866
16.3888
16.0744
15.7784
15.4934
15.1662
14.7801
14.3204
13.7806
13.2587
12.582
12.6016
11.2006
13.79
7.321
20.3147
-2.23506
-1.86388
-1.66571
-1.66311
-1.64358
-1.45864
-1.06106
-0.43938
0.421271
1.53208
2.90405
4.55606
6.51405
8.77437
11.29
13.9712
16.7103
19.4064
21.9762
24.3624
26.5188
28.3978
29.9259
31.0462
31.7274
31.9863
31.8416
31.3184
30.4177
29.1523
27.5488
25.6899
23.6592
21.5189
19.2851
16.9735
14.6034
12.2063
9.80924
7.43586
5.10504
2.83263
0.635399
-1.47202
-3.47308
-5.35746
-7.11072
-8.72662
-10.1949
-11.5119
-12.6733
-13.6785
-14.5283
-15.2246
-15.77
-16.1674
-16.4212
-16.5383
-16.5255
-16.3919
-16.1471
-15.8013
-15.3657
-14.8536
-14.2756
-13.6467
-12.9748
-12.3693
-11.8066
-11.2306
-10.5772
-10.0059
-9.19469
-8.8218
-7.58323
-8.09395
-5.51021
-8.60861
-1.60767
-12.2249
-2.59836
-2.75653
-2.74895
-2.61407
-2.38636
-2.09831
-1.76426
-1.40487
-1.02678
-0.642216
-0.249253
0.148544
0.559138
0.982999
1.42855
1.89628
2.39229
2.91602
3.47125
4.0557
4.66971
5.30904
5.97061
6.64842
7.33643
8.02767
8.71467
9.3913
10.0504
10.688
11.2983
11.8804
12.4308
12.951
13.4385
13.8966
14.3229
14.7211
15.0889
15.4307
15.7444
16.0349
16.3005
16.5459
16.7689
16.9746
17.1573
17.3206
17.461
17.5809
17.6769
17.7497
17.7963
17.8157
17.8052
17.7618
17.6839
17.5685
17.4165
17.2287
17.0114
16.7729
16.5263
16.2808
16.0383
15.7933
15.5411
15.3091
15.09
14.8387
14.5335
14.1504
13.669
13.1704
12.4881
12.4505
11.053
13.5142
7.27471
19.8771
-2.19116
-1.44347
-0.850051
-0.478349
-0.197581
0.109312
0.487387
0.926993
1.4008
1.90479
2.4793
3.21359
4.20452
5.51251
7.13559
9.02411
11.0982
13.269
15.4433
17.5336
19.4603
21.1618
22.5893
23.6981
24.4485
24.8298
24.8711
24.6291
24.1596
23.4891
22.6099
21.5085
20.2005
18.7192
17.1007
15.3624
13.523
11.6028
9.63213
7.63356
5.63238
3.64429
1.69216
-0.208682
-2.04006
-3.78525
-5.43256
-6.96719
-8.38143
-9.66748
-10.8217
-11.8399
-12.7207
-13.462
-14.0635
-14.5255
-14.8516
-15.0455
-15.1141
-15.0654
-14.9065
-14.6448
-14.2909
-13.8562
-13.3517
-12.7912
-12.1839
-11.6326
-11.1155
-10.5845
-9.97476
-9.44462
-8.67595
-8.33241
-7.14159
-7.64908
-5.1872
-8.23607
-1.51235
-11.9053
-2.92845
-3.50692
-3.94227
-4.23979
-4.42002
-4.49476
-4.48475
-4.39973
-4.25764
-4.06384
-3.8314
-3.56101
-3.26181
-2.93171
-2.57713
-2.19438
-1.78802
-1.35374
-0.894533
-0.406347
0.108289
0.652213
1.22289
1.82131
2.44417
3.08982
3.75399
4.43285
5.12159
5.81478
6.50763
7.1946
7.87233
8.5354
9.18147
9.80572
10.4068
10.9806
11.5268
12.0423
12.5286
12.9841
13.4112
13.8088
14.1818
14.525
14.843
15.1324
15.3966
15.6323
15.8417
16.0223
16.175
16.2978
16.3895
16.4482
16.4705
16.455
16.3981
16.2993
16.1603
15.9895
15.7963
15.5928
15.3846
15.1731
14.9581
14.7673
14.5938
14.4027
14.1713
13.8688
13.4633
13.0148
12.3567
12.2798
10.9018
13.2238
7.20754
19.4425
-1.22062
-0.37777
0.358626
0.930082
1.40009
1.83844
2.27249
2.67854
3.022
3.3049
3.59268
3.9819
4.55317
5.33248
6.30841
7.44806
8.72168
10.0939
11.5289
12.9758
14.3757
15.6566
16.7535
17.61
18.1886
18.4624
18.4341
18.1407
17.6518
17.0409
16.3504
15.5785
14.7045
13.7201
12.6275
11.4411
10.1666
8.8127
7.38501
5.90108
4.37045
2.81467
1.24623
-0.311998
-1.84271
-3.3279
-4.75017
-6.09661
-7.35583
-8.52044
-9.58171
-10.5343
-11.3721
-12.0907
-12.6861
-13.1579
-13.5054
-13.7327
-13.8458
-13.85
-13.7488
-13.5496
-13.2598
-12.89
-12.4488
-11.9512
-11.4042
-10.9058
-10.4363
-9.95298
-9.39114
-8.90897
-8.19108
-7.88299
-6.7427
-7.24303
-4.88831
-7.87987
-1.4065
-11.5897
-2.056
-2.80282
-3.44861
-3.99086
-4.4267
-4.76087
-4.99704
-5.14472
-5.21047
-5.20542
-5.13608
-5.01269
-4.84019
-4.62668
-4.37469
-4.08989
-3.77264
-3.42669
-3.05105
-2.64831
-2.21708
-1.75945
-1.27421
-0.763438
-0.226518
0.333957
0.917562
1.52129
2.14372
2.78126
3.43148
4.09082
4.75647
5.42451
6.09141
6.75325
7.40585
8.04536
8.6677
9.26978
9.84899
10.4034
10.9311
11.4345
11.9076
12.3543
12.7705
13.1597
13.5183
13.8489
14.1487
14.4199
14.6606
14.8714
15.0509
15.1972
15.3089
15.3822
15.4128
15.3974
15.3373
15.2334
15.0947
14.9303
14.7494
14.5577
14.3604
14.1875
14.0388
13.8855
13.7097
13.4794
13.1543
12.7725
12.1663
12.0731
10.7352
12.9244
7.11953
19.0154
-0.85791
-0.16711
0.450808
0.956314
1.37349
1.74015
2.07249
2.35698
2.58481
2.78905
3.03943
3.40014
3.88956
4.48343
5.14357
5.84645
6.58453
7.35984
8.1695
9.00211
9.83151
10.6186
11.3108
11.8541
12.2015
12.3222
12.2017
11.8501
11.3085
10.645
9.93288
9.21379
8.49085
7.7522
6.98591
6.18363
5.34592
4.4682
3.5461
2.57332
1.5531
0.487155
-0.611592
-1.73271
-2.85903
-3.97635
-5.06933
-6.12557
-7.13467
-8.08503
-8.96783
-9.77303
-10.493
-11.1189
-11.6463
-12.0698
-12.3891
-12.607
-12.7265
-12.7483
-12.6766
-12.5156
-12.2724
-11.9536
-11.5678
-11.1269
-10.6386
-10.194
-9.77303
-9.34065
-8.83311
-8.40481
-7.74677
-7.48187
-6.39993
-6.891
-4.63226
-7.55308
-1.30839
-11.2835
-1.55804
-2.23167
-2.86288
-3.4408
-3.95416
-4.39457
-4.757
-5.03906
-5.24206
-5.36905
-5.42577
-5.41806
-5.35327
-5.23734
-5.07691
-4.87631
-4.64039
-4.37139
-4.07242
-3.74417
-3.38861
-3.00553
-2.59642
-2.16101
-1.70081
-1.21594
-0.708347
-0.178662
0.370764
0.938768
1.52266
2.12118
2.73175
3.35252
3.98064
4.61377
5.24831
5.88135
6.50868
7.12761
7.73411
8.32521
8.90055
9.45344
9.98558
10.492
10.9746
11.429
11.857
12.2552
12.6257
12.9661
13.278
13.5596
13.8105
14.0299
14.2161
14.3643
14.4703
14.5321
14.5439
14.5067
14.4213
14.2968
14.1411
13.9638
13.7714
13.6014
13.4581
13.3206
13.1778
13.0009
12.7477
12.4382
11.9022
11.815
10.5406
12.6068
7.01346
18.5793
-1.82081
-1.36912
-0.958657
-0.614236
-0.3373
-0.108366
0.0862324
0.252285
0.408507
0.604054
0.887281
1.27083
1.71793
2.17836
2.61755
3.03259
3.43559
3.84368
4.26397
4.69595
5.12737
5.53922
5.90128
6.17713
6.32729
6.32108
6.14037
5.78306
5.2671
4.63456
3.94906
3.27131
2.63207
2.03192
1.46363
0.911339
0.363181
-0.188146
-0.750385
-1.33321
-1.94463
-2.58682
-3.26085
-3.95942
-4.67744
-5.40424
-6.13249
-6.85372
-7.55869
-8.23853
-8.88264
-9.48156
-10.0241
-10.5026
-10.9081
-11.2361
-11.4853
-11.6554
-11.744
-11.7526
-11.6821
-11.5383
-11.3233
-11.0445
-10.7054
-10.3188
-9.88873
-9.49933
-9.13054
-8.75365
-8.30482
-7.93695
-7.34647
-7.13254
-6.11586
-6.60031
-4.42939
-7.26743
-1.22642
-10.981
-2.27793
-2.73826
-3.19435
-3.63961
-4.06479
-4.45857
-4.81106
-5.11229
-5.35594
-5.53717
-5.65509
-5.71035
-5.70636
-5.64737
-5.53869
-5.38568
-5.1932
-4.96592
-4.7071
-4.42014
-4.10652
-3.76847
-3.40613
-3.02113
-2.61307
-2.18351
-1.73193
-1.26026
-0.768439
-0.258737
0.268419
0.810787
1.36778
1.93696
2.51741
3.10657
3.70292
4.30337
4.906
5.50758
6.10517
6.69767
7.27878
7.84882
8.40276
8.94071
9.45727
9.95277
10.4227
10.8686
11.2873
11.6802
12.0444
12.3803
12.6865
12.9634
13.2065
13.4132
13.5823
13.7067
13.7838
13.8053
13.7719
13.6869
13.5593
13.3962
13.2068
13.0312
12.8826
12.7431
12.6112
12.4653
12.2667
12.0217
11.5635
11.4973
10.308
12.2645
6.89222
18.1308
-3.47369
-3.25045
-3.03907
-2.8565
-2.71939
-2.61959
-2.53874
-2.45831
-2.34771
-2.16763
-1.8996
-1.57221
-1.244
-0.963472
-0.740747
-0.557774
-0.386767
-0.210138
-0.0207673
0.176228
0.372293
0.553174
0.703233
0.799415
0.816808
0.730083
0.524675
0.196159
-0.245188
-0.775047
-1.34957
-1.91414
-2.42469
-2.86986
-3.25635
-3.60045
-3.92269
-4.23818
-4.55281
-4.87254
-5.20242
-5.54759
-5.90802
-6.28496
-6.67382
-7.07429
-7.48285
-7.89695
-8.31179
-8.7208
-9.11675
-9.48973
-9.83249
-10.1351
-10.3912
-10.5965
-10.7481
-10.8404
-10.8718
-10.8412
-10.7522
-10.6058
-10.4068
-10.1565
-9.86028
-9.52541
-9.15609
-8.82569
-8.5135
-8.19607
-7.81262
-7.50927
-6.99192
-6.8342
-5.89049
-6.37007
-4.28298
-7.02426
-1.16895
-10.6879
-3.70209
-3.93709
-4.17767
-4.42705
-4.68459
-4.9464
-5.20477
-5.45067
-5.67326
-5.86326
-6.01156
-6.11265
-6.16186
-6.1588
-6.10325
-5.99885
-5.84796
-5.656
-5.42585
-5.16295
-4.86926
-4.54935
-4.2039
-3.83652
-3.44677
-3.03769
-2.60829
-2.16139
-1.6959
-1.21488
-0.717351
-0.206436
0.318809
0.855101
1.40329
1.96014
2.526
3.09775
3.67538
4.25529
4.83738
5.41652
5.99286
6.56209
7.12401
7.67287
8.20775
8.72362
9.22072
9.69513
10.1477
10.5748
10.9763
11.3499
11.6969
12.0122
12.2948
12.5452
12.7583
12.9326
13.0583
13.1291
13.14
13.0957
12.9976
12.8549
12.672
12.4924
12.3345
12.1836
12.0463
11.9105
11.7448
11.5487
11.1631
11.1239
10.0341
11.8904
6.75171
17.6657
-6.38516
-6.29975
-6.20291
-6.10943
-6.04952
-6.0188
-5.99304
-5.94364
-5.84165
-5.66305
-5.41623
-5.14851
-4.92251
-4.77018
-4.68219
-4.62323
-4.56345
-4.48726
-4.39647
-4.29855
-4.20526
-4.12543
-4.0704
-4.05145
-4.08633
-4.19119
-4.38008
-4.65401
-5.00612
-5.41546
-5.85261
-6.27258
-6.63216
-6.90699
-7.10535
-7.24554
-7.35595
-7.45904
-7.56777
-7.68268
-7.80597
-7.93657
-8.0757
-8.22135
-8.37513
-8.53573
-8.7048
-8.88041
-9.06097
-9.24306
-9.42093
-9.59065
-9.74426
-9.87719
-9.98439
-10.0622
-10.104
-10.106
-10.0653
-9.98393
-9.86206
-9.70451
-9.51026
-9.28488
-9.02743
-8.74703
-8.44083
-8.17525
-7.924
-7.67389
-7.35899
-7.12467
-6.68405
-6.58586
-5.71895
-6.19686
-4.19017
-6.82792
-1.13651
-10.4012
-6.46375
-6.53204
-6.58592
-6.63289
-6.68247
-6.73945
-6.80807
-6.88615
-6.97126
-7.05486
-7.13027
-7.18636
-7.21647
-7.2111
-7.16698
-7.07844
-6.94652
-6.76929
-6.55114
-6.29237
-5.99892
-5.67164
-5.31657
-4.93409
-4.52958
-4.10261
-3.65793
-3.19451
-2.71667
-2.2231
-1.71796
-1.19973
-0.672242
-0.133865
0.411701
0.966251
1.52615
2.09311
2.66332
3.23804
3.81311
4.39013
4.96467
5.53749
6.10285
6.65991
7.20374
7.73403
8.24623
8.74041
9.21248
9.66192
10.0856
10.4845
10.8529
11.1904
11.498
11.772
12.0139
12.2167
12.3743
12.4775
12.5259
12.5157
12.4509
12.3327
12.1654
11.9876
11.8247
11.6608
11.511
11.37
11.2179
11.0506
10.7245
10.7073
9.72235
11.4846
6.59121
17.1847
-9.15965
-9.16625
-9.15246
-9.12646
-9.11896
-9.12559
-9.11495
-9.06049
-8.94094
-8.75483
-8.52541
-8.30826
-8.1531
-8.0786
-8.05723
-8.05124
-8.02969
-7.98785
-7.9305
-7.87163
-7.81885
-7.78074
-7.76047
-7.76634
-7.80735
-7.89898
-8.05212
-8.2726
-8.55259
-8.87639
-9.21624
-9.53769
-9.79726
-9.96406
-10.0331
-10.0262
-9.97169
-9.9024
-9.83651
-9.78144
-9.73443
-9.69615
-9.66335
-9.63766
-9.61687
-9.60341
-9.59514
-9.59335
-9.59614
-9.60154
-9.60814
-9.61118
-9.609
-9.59768
-9.57483
-9.5347
-9.47269
-9.38603
-9.27531
-9.14064
-8.98631
-8.81269
-8.62423
-8.42126
-8.20713
-7.9822
-7.74692
-7.54945
-7.36833
-7.18694
-6.94853
-6.78529
-6.42378
-6.38526
-5.59818
-6.07458
-4.14731
-6.671
-1.13335
-10.1239
-9.14802
-9.12317
-9.06917
-8.9909
-8.89263
-8.78417
-8.67144
-8.56442
-8.46601
-8.38146
-8.30765
-8.24389
-8.18166
-8.1165
-8.03768
-7.94046
-7.81526
-7.65979
-7.46762
-7.2398
-6.97306
-6.67124
-6.33319
-5.96421
-5.56394
-5.13813
-4.6864
-4.21438
-3.72133
-3.21279
-2.6877
-2.15144
-1.60248
-1.04609
-0.480276
0.0901404
0.667595
1.24742
1.83208
2.41679
3.00375
3.58828
4.17199
4.74973
5.32265
5.88564
6.43906
6.9778
7.50141
8.00533
8.48881
8.9478
9.38301
9.78873
10.1645
10.5108
10.8241
11.107
11.3557
11.567
11.7343
11.8563
11.9263
11.9455
11.9089
11.8205
11.6738
11.5095
11.3476
11.1788
11.0159
10.8642
10.7116
10.5558
10.272
10.2659
9.38271
11.0489
6.41068
16.6806
-9.98998
-10.0796
-10.1624
-10.2307
-10.3068
-10.3727
-10.3952
-10.3502
-10.2396
-10.0818
-9.91932
-9.79888
-9.7574
-9.78792
-9.85627
-9.91704
-9.95171
-9.95802
-9.95275
-9.94503
-9.94544
-9.95208
-9.96804
-9.99147
-10.0322
-10.0993
-10.2105
-10.3729
-10.5905
-10.85
-11.1335
-11.4089
-11.6404
-11.7881
-11.8342
-11.7852
-11.6682
-11.5127
-11.346
-11.1788
-11.0149
-10.8526
-10.6935
-10.5368
-10.3852
-10.2371
-10.0945
-9.9559
-9.82211
-9.69206
-9.56435
-9.43944
-9.3147
-9.18992
-9.06073
-8.92284
-8.77465
-8.61609
-8.44777
-8.27292
-8.09356
-7.91481
-7.73724
-7.56734
-7.39925
-7.24035
-7.07829
-6.95992
-6.84743
-6.74468
-6.5833
-6.49449
-6.2118
-6.23219
-5.52419
-5.99864
-4.14906
-6.5528
-1.15744
-9.84743
-9.91113
-9.83931
-9.75812
-9.66142
-9.54642
-9.41092
-9.25876
-9.09292
-8.92139
-8.74837
-8.58205
-8.42388
-8.27857
-8.14234
-8.01547
-7.88963
-7.7622
-7.62261
-7.46803
-7.28842
-7.08298
-6.8439
-6.57328
-6.26578
-5.92613
-5.55086
-5.14627
-4.70984
-4.24867
-3.76077
-3.25351
-2.72502
-2.18263
-1.62458
-1.05769
-0.479861
0.102765
0.69242
1.28348
1.87798
2.47051
3.06286
3.64999
4.23328
4.80819
5.37541
5.93016
6.47238
6.99664
7.50243
7.98409
8.44201
8.87068
9.26997
9.63948
9.97606
10.2806
10.5514
10.7863
10.9836
11.1447
11.2649
11.3447
11.3778
11.3655
11.3006
11.1839
11.0357
10.8893
10.7216
10.5559
10.3943
10.2364
10.0806
9.82451
9.81599
9.02669
10.589
6.21509
16.1467
-9.77519
-9.95236
-10.0988
-10.202
-10.281
-10.3276
-10.3158
-10.2415
-10.1215
-9.99337
-9.89617
-9.86631
-9.91182
-10.0124
-10.1214
-10.2044
-10.2482
-10.2689
-10.2837
-10.3097
-10.3471
-10.3945
-10.4422
-10.4886
-10.5317
-10.5831
-10.654
-10.7628
-10.916
-11.1173
-11.3537
-11.609
-11.8503
-12.0439
-12.1551
-12.1761
-12.1143
-11.9941
-11.8362
-11.6591
-11.4664
-11.2624
-11.0469
-10.8242
-10.5953
-10.3631
-10.1289
-9.89451
-9.66212
-9.43208
-9.20757
-8.98764
-8.77453
-8.56548
-8.35787
-8.15083
-7.9442
-7.73983
-7.53928
-7.34649
-7.16575
-6.99945
-6.85428
-6.72683
-6.62114
-6.53193
-6.45735
-6.41385
-6.37976
-6.35154
-6.27202
-6.25457
-6.05057
-6.12508
-5.49564
-5.96317
-4.19317
-6.46061
-1.21171
-9.56797
-9.59971
-9.4377
-9.28356
-9.13284
-8.97875
-8.81604
-8.63891
-8.44638
-8.23659
-8.01394
-7.78073
-7.54485
-7.30982
-7.08353
-6.86732
-6.66614
-6.47707
-6.301
-6.13088
-5.96472
-5.7931
-5.61331
-5.41582
-5.19925
-4.95562
-4.68578
-4.38371
-4.05257
-3.68826
-3.29578
-2.87232
-2.42425
-1.94981
-1.45605
-0.941594
-0.413536
0.12945
0.680675
1.24157
1.80582
2.37473
2.94254
3.51058
4.0737
4.63291
5.18301
5.72377
6.24939
6.75916
7.24643
7.71085
8.14639
8.5533
8.92935
9.27376
9.58379
9.85944
10.0968
10.298
10.466
10.6014
10.7057
10.7749
10.8112
10.8056
10.7645
10.6673
10.549
10.4186
10.2678
10.1073
9.94613
9.78579
9.62737
9.38987
9.36987
8.66643
10.1106
6.01399
15.5736
-8.64497
-8.90117
-9.09938
-9.22227
-9.29908
-9.33353
-9.32158
-9.27118
-9.21023
-9.16933
-9.17685
-9.24205
-9.35625
-9.48475
-9.59013
-9.64512
-9.65636
-9.64543
-9.64174
-9.65642
-9.69236
-9.73682
-9.78123
-9.81304
-9.83183
-9.83781
-9.84571
-9.86795
-9.92371
-10.0191
-10.1605
-10.3378
-10.5396
-10.7358
-10.899
-11.0019
-11.0413
-11.0196
-10.9531
-10.8515
-10.724
-10.5704
-10.393
-10.1928
-9.9721
-9.73424
-9.48109
-9.21884
-8.94908
-8.6786
-8.40864
-8.14493
-7.8875
-7.63757
-7.39488
-7.16007
-6.93616
-6.72449
-6.53009
-6.35684
-6.20697
-6.08787
-5.99467
-5.93479
-5.90018
-5.89823
-5.90708
-5.94663
-5.98148
-6.03071
-6.02295
-6.07497
-5.94164
-6.06326
-5.50937
-5.96131
-4.27607
-6.38724
-1.29716
-9.26908
-8.36959
-8.09869
-7.84026
-7.5937
-7.35922
-7.13209
-6.90928
-6.68438
-6.45392
-6.21275
-5.96021
-5.69489
-5.4203
-5.13869
-4.85668
-4.57802
-4.30973
-4.05399
-3.81551
-3.59291
-3.3875
-3.19401
-3.01098
-2.83051
-2.65
-2.46076
-2.2606
-2.04149
-1.80288
-1.53831
-1.24932
-0.931383
-0.588194
-0.217119
0.176495
0.594071
1.02941
1.48328
1.94936
2.42843
2.91456
3.40851
3.9049
4.40432
4.90166
5.39635
5.88257
6.35865
6.81826
7.25941
7.67548
8.06611
8.42615
8.75697
9.05294
9.3153
9.53809
9.72512
9.8779
10.0013
10.0983
10.1674
10.2139
10.2306
10.2263
10.1887
10.1152
10.0168
9.91409
9.7842
9.64347
9.49252
9.3411
9.18473
8.96613
8.92906
8.31086
9.61421
5.82524
14.9453
-6.65227
-6.98196
-7.21942
-7.35077
-7.41542
-7.44006
-7.4375
-7.43117
-7.44441
-7.49982
-7.60066
-7.73868
-7.88432
-8.00664
-8.07414
-8.08446
-8.05484
-8.02501
-8.01969
-8.05277
-8.11042
-8.17801
-8.2313
-8.25971
-8.25041
-8.20577
-8.12719
-8.03065
-7.92892
-7.84248
-7.78322
-7.76595
-7.79451
-7.86846
-7.97346
-8.09274
-8.21106
-8.31787
-8.40519
-8.4649
-8.49263
-8.48285
-8.43666
-8.3525
-8.23479
-8.0836
-7.90573
-7.70369
-7.48625
-7.25669
-7.02325
-6.789
-6.55903
-6.33493
-6.12042
-5.91811
-5.7331
-5.5694
-5.43342
-5.3258
-5.25363
-5.21195
-5.20564
-5.2305
-5.28984
-5.37508
-5.47511
-5.58448
-5.68941
-5.79768
-5.85833
-5.96095
-5.89273
-6.04215
-5.56547
-5.98116
-4.39904
-6.31323
-1.42441
-8.94133
-6.28491
-5.90668
-5.53257
-5.16894
-4.81925
-4.48833
-4.1761
-3.88344
-3.60617
-3.34171
-3.08337
-2.82779
-2.56885
-2.30545
-2.03445
-1.75857
-1.4782
-1.19935
-0.924259
-0.65991
-0.407921
-0.173885
0.0431683
0.240553
0.422489
0.589284
0.74774
0.900045
1.05421
1.21304
1.38432
1.56973
1.77521
2.00044
2.24893
2.51826
2.80954
3.11901
3.44664
3.78836
4.14384
4.50938
4.88444
5.26559
5.6517
6.03869
6.42422
6.80328
7.1724
7.5262
7.86103
8.17217
8.45739
8.71277
8.93671
9.12601
9.28111
9.40384
9.49702
9.56608
9.60956
9.63553
9.63955
9.63255
9.60828
9.57042
9.50292
9.4289
9.34908
9.24899
9.13284
9.00878
8.87551
8.73403
8.53909
8.48803
7.96514
9.09513
5.6694
14.2523
-4.03652
-4.34013
-4.55149
-4.65509
-4.69777
-4.71547
-4.72952
-4.76076
-4.8243
-4.92695
-5.05962
-5.20362
-5.3308
-5.41617
-5.44247
-5.41377
-5.35337
-5.29956
-5.28312
-5.31607
-5.38681
-5.47167
-5.54508
-5.58743
-5.58768
-5.54154
-5.45278
-5.32877
-5.18349
-5.03039
-4.8854
-4.76034
-4.66882
-4.61803
-4.61256
-4.64574
-4.70904
-4.78743
-4.87025
-4.94764
-5.01712
-5.07463
-5.11856
-5.14479
-5.15118
-5.13545
-5.09677
-5.03736
-4.95864
-4.86674
-4.76359
-4.65639
-4.54606
-4.44028
-4.33985
-4.25399
-4.18533
-4.14336
-4.12972
-4.15002
-4.2022
-4.28701
-4.40163
-4.54643
-4.7158
-4.90476
-5.09566
-5.28197
-5.44345
-5.60961
-5.72304
-5.86662
-5.85638
-6.01376
-5.62997
-5.9733
-4.54774
-6.19957
-1.60204
-8.56488
-3.70372
-3.35075
-2.98487
-2.60806
-2.22209
-1.83295
-1.44344
-1.0607
-0.68668
-0.326981
0.019247
0.349487
0.667544
0.973359
1.2724
1.56531
1.85675
2.14614
2.43587
2.7231
3.0078
3.28523
3.55399
3.80897
4.04869
4.26922
4.4706
4.65131
4.81359
4.95842
5.0901
5.21153
5.32752
5.44146
5.55752
5.67815
5.80574
5.94155
6.08651
6.24123
6.40551
6.57968
6.76285
6.95483
7.15422
7.35962
7.56884
7.77858
7.98601
8.1858
8.37553
8.54876
8.7047
8.83672
8.94633
9.02792
9.08617
9.11806
9.13006
9.12019
9.09513
9.05496
9.00736
8.95411
8.89863
8.8401
8.77208
8.71117
8.65586
8.58245
8.50396
8.41167
8.31272
8.19531
8.04598
7.97674
7.59522
8.47767
5.55683
13.4145
0.11885
-0.0967912
-0.255942
-0.346139
-0.410548
-0.47991
-0.570865
-0.691683
-0.846589
-1.02762
-1.22123
-1.40533
-1.56123
-1.66992
-1.72534
-1.73025
-1.70761
-1.6871
-1.70573
-1.78073
-1.91441
-2.08278
-2.26304
-2.42721
-2.5643
-2.66232
-2.72447
-2.74873
-2.74596
-2.71928
-2.6808
-2.63073
-2.57674
-2.51539
-2.45202
-2.38083
-2.30469
-2.21846
-2.12982
-2.04179
-1.9674
-1.91018
-1.87667
-1.86429
-1.87323
-1.89787
-1.93539
-1.98229
-2.03595
-2.09593
-2.15935
-2.22901
-2.30224
-2.38315
-2.47089
-2.57298
-2.69052
-2.83178
-2.99602
-3.18701
-3.4
-3.63518
-3.88699
-4.15353
-4.42804
-4.70374
-4.97043
-5.19889
-5.39572
-5.57831
-5.71397
-5.86147
-5.87319
-6.0259
-5.67867
-5.99391
-4.62232
-6.15274
-1.65754
-8.37333
0.359601
0.600109
0.834149
1.06807
1.30712
1.55543
1.81523
2.08773
2.37156
2.66496
2.96393
3.26578
3.56627
3.86393
4.15625
4.44418
4.72723
5.00843
5.28831
5.57043
5.85465
6.14304
6.43349
6.72598
7.01569
7.30078
7.57504
7.83619
8.0782
8.29991
8.4969
8.67044
8.81813
8.94348
9.04585
9.12975
9.19481
9.24595
9.2829
9.31038
9.32783
9.33984
9.3459
9.3501
9.35157
9.35334
9.35429
9.35511
9.3539
9.3488
9.33835
9.31875
9.29004
9.24772
9.19407
9.1248
9.04451
8.94947
8.84527
8.72927
8.60832
8.48268
8.36
8.24218
8.13469
8.04003
7.95255
7.89579
7.85013
7.80432
7.7539
7.70087
7.63759
7.56253
7.45959
7.40339
7.12551
7.90088
5.22334
12.8998
9.31137
9.06089
8.7964
8.52851
8.23225
7.90469
7.54802
7.17715
6.79629
6.42314
6.06332
5.73214
5.42788
5.15885
4.91698
4.70241
4.49631
4.28649
4.04381
3.75689
3.41143
3.02382
2.60745
2.19392
1.79476
1.42852
1.09406
0.799968
0.539234
0.314429
0.114656
-0.0588906
-0.212088
-0.336977
-0.433049
-0.490127
-0.50856
-0.484199
-0.426384
-0.341901
-0.249299
-0.160027
-0.0899672
-0.0449289
-0.0339726
-0.0554952
-0.11316
-0.202069
-0.323226
-0.470934
-0.645121
-0.841193
-1.05739
-1.29025
-1.53862
-1.80322
-2.08351
-2.38199
-2.69546
-3.02385
-3.3599
-3.7019
-4.04135
-4.37574
-4.6965
-5.0023
-5.27447
-5.49374
-5.66367
-5.81733
-5.90924
-6.01868
-5.98902
-6.10197
-5.74122
-6.01409
-4.65781
-6.10018
-1.65902
-8.19171
9.55906
9.76818
9.92502
10.0391
10.1138
10.161
10.1844
10.1967
10.1988
10.2017
10.2031
10.2103
10.2174
10.2294
10.239
10.2501
10.256
10.2622
10.2636
10.268
10.272
10.2845
10.3025
10.3352
10.3781
10.4383
10.5089
10.5942
10.6853
10.7842
10.8808
10.9765
11.0618
11.1387
11.199
11.2454
11.2712
11.2802
11.2668
11.2352
11.1817
11.111
11.0211
10.9171
10.7981
10.669
10.5296
10.3834
10.2301
10.0706
9.90579
9.73428
9.55852
9.37562
9.18971
8.9968
8.8024
8.60194
8.40175
8.19831
7.99889
7.80222
7.61661
7.44338
7.29192
7.16525
7.06242
7.00257
6.97279
6.94394
6.92645
6.90654
6.88995
6.85698
6.81274
6.78054
6.60423
7.31714
4.83625
12.3977
10.6411
10.3502
10.0763
9.81468
9.52985
9.21296
8.86809
8.51343
8.15945
7.82617
7.52058
7.2526
7.01323
6.79907
6.59411
6.39378
6.18443
5.96429
5.72078
5.45429
5.15635
4.83518
4.49134
4.14156
3.7888
3.44507
3.1058
2.7772
2.45293
2.13887
1.82821
1.5247
1.22171
0.926268
0.63886
0.374383
0.138368
-0.0551412
-0.206184
-0.311073
-0.38142
-0.424636
-0.456701
-0.485783
-0.524668
-0.578038
-0.65348
-0.752856
-0.88079
-1.03718
-1.22391
-1.44023
-1.68461
-1.95417
-2.24574
-2.55768
-2.88525
-3.22801
-3.57853
-3.93376
-4.28361
-4.62464
-4.94704
-5.24771
-5.51912
-5.76085
-5.95617
-6.09087
-6.18353
-6.24102
-6.24557
-6.25116
-6.14042
-6.16199
-5.75991
-5.95878
-4.6167
-5.95699
-1.60855
-7.9254
10.9628
11.2777
11.5695
11.8379
12.0777
12.2903
12.4734
12.6319
12.7647
12.8795
12.9758
13.0608
13.132
13.1951
13.2451
13.2851
13.308
13.3164
13.3024
13.2698
13.2125
13.1365
13.0387
12.9279
12.803
12.6743
12.5408
12.4125
12.2872
12.1729
12.0653
11.9702
11.8815
11.803
11.7277
11.6578
11.5856
11.5125
11.4308
11.3416
11.2382
11.1226
10.9898
10.8427
10.6789
10.502
10.3113
10.1097
9.8978
9.67712
9.44997
9.21603
8.97919
8.73755
8.4963
8.2519
8.01051
7.76732
7.52934
7.2925
7.06408
6.84199
6.63443
6.44367
6.2798
6.14877
6.04383
6.00045
5.98404
5.98288
5.99272
6.01616
6.0404
6.06316
6.07572
6.08192
6.00614
6.66932
4.41213
11.745
8.41235
8.1673
7.93259
7.70497
7.45344
7.16883
6.85749
6.53433
6.20921
5.89636
5.60363
5.33973
5.10071
4.88246
4.67209
4.46356
4.24769
4.02506
3.79249
3.55524
3.31297
3.07221
2.8318
2.59585
2.35917
2.1224
1.87902
1.63018
1.37084
1.10451
0.828179
0.544544
0.248637
-0.0590108
-0.38252
-0.716918
-1.05873
-1.39574
-1.72024
-2.02086
-2.29434
-2.53725
-2.75293
-2.9432
-3.11381
-3.26774
-3.41037
-3.54526
-3.67838
-3.81487
-3.96021
-4.11914
-4.29363
-4.48556
-4.69233
-4.91478
-5.14698
-5.38838
-5.629
-5.86632
-6.08824
-6.29275
-6.46908
-6.617
-6.72901
-6.80901
-6.84029
-6.83119
-6.78574
-6.7068
-6.56655
-6.43731
-6.20051
-6.11147
-5.63655
-5.7527
-4.41851
-5.67621
-1.45596
-7.55729
8.67585
8.93488
9.18231
9.41999
9.6456
9.85831
10.0556
10.2382
10.4051
10.5592
10.7011
10.8359
10.9645
11.092
11.2177
11.3449
11.47
11.5932
11.7078
11.8116
11.8965
11.9603
11.9956
12.0022
11.9753
11.918
11.829
11.7139
11.5742
11.4172
11.2454
11.0664
10.8823
10.6997
10.5196
10.3464
10.1792
10.0202
9.86642
9.71791
9.57068
9.42371
9.27333
9.11886
8.95777
8.79025
8.61507
8.4328
8.24361
8.04763
7.84719
7.64101
7.43345
7.22154
7.01143
6.79803
6.58877
6.37716
6.17154
5.96599
5.76935
5.5772
5.39922
5.23538
5.09869
4.99021
4.91485
4.89313
4.90427
4.92624
4.97319
5.02946
5.10329
5.1728
5.24465
5.28681
5.31163
5.92571
3.90183
10.9569
7.04684
6.76396
6.47515
6.18392
5.87023
5.53209
5.18018
4.82805
4.48112
4.14354
3.81721
3.50511
3.20626
2.91779
2.63366
2.34872
2.05913
1.76398
1.4645
1.16395
0.86684
0.57712
0.297921
0.0295648
-0.230084
-0.487357
-0.747786
-1.01557
-1.2894
-1.567
-1.84386
-2.11868
-2.39155
-2.66724
-2.95072
-3.24904
-3.56661
-3.90577
-4.26327
-4.63396
-5.00915
-5.38121
-5.74211
-6.08635
-6.40827
-6.70387
-6.96885
-7.20127
-7.40099
-7.56998
-7.71154
-7.83087
-7.93138
-8.01797
-8.09142
-8.15609
-8.20857
-8.25224
-8.27954
-8.29182
-8.27961
-8.24484
-8.17951
-8.0869
-7.9626
-7.81331
-7.62645
-7.43026
-7.22186
-6.97575
-6.68306
-6.39805
-6.0414
-5.825
-5.28377
-5.31398
-4.01338
-5.20354
-1.16275
-7.07251
7.31645
7.56969
7.80164
8.01443
8.20605
8.3766
8.52386
8.64783
8.74691
8.82255
8.87569
8.90987
8.92866
8.93765
8.94211
8.94791
8.95981
8.98142
9.01461
9.05911
9.11313
9.17222
9.23157
9.28419
9.32431
9.34484
9.34153
9.30903
9.24632
9.15122
9.02636
8.87262
8.69553
8.49842
8.28846
8.06943
7.84847
7.62853
7.41495
7.20873
7.01298
6.82662
6.65115
6.48454
6.32726
6.17696
6.03391
5.89537
5.76212
5.6308
5.50335
5.37549
5.25119
5.12467
5.00155
4.87481
4.75169
4.62422
4.50095
4.37452
4.25414
4.13399
4.02328
3.92092
3.83933
3.77962
3.74575
3.75749
3.78904
3.84141
3.90987
4.00369
4.1087
4.22123
4.33135
4.41145
4.51124
5.08246
3.27384
10.0311
-0.510291
-0.905848
-1.26471
-1.57379
-1.84509
-2.08684
-2.29227
-2.46383
-2.60394
-2.72791
-2.84046
-2.95133
-3.05824
-3.1676
-3.2764
-3.3911
-3.50819
-3.63251
-3.75916
-3.89161
-4.02415
-4.15927
-4.29157
-4.4242
-4.55336
-4.68486
-4.81903
-4.9652
-5.12271
-5.2944
-5.47102
-5.65033
-5.82416
-5.99592
-6.1644
-6.33811
-6.5188
-6.71721
-6.93542
-7.18128
-7.45134
-7.74764
-8.06105
-8.39007
-8.7234
-9.05814
-9.38073
-9.68627
-9.9608
-10.2013
-10.3974
-10.5498
-10.6519
-10.7081
-10.7131
-10.6751
-10.5899
-10.4673
-10.3012
-10.1017
-9.86247
-9.59403
-9.29141
-8.96446
-8.61013
-8.24161
-7.84722
-7.48259
-7.12977
-6.75257
-6.33008
-5.94125
-5.48241
-5.18561
-4.59448
-4.58977
-3.33909
-4.51052
-0.707521
-6.38937
-0.134926
0.240011
0.612261
0.977693
1.33721
1.68334
2.01742
2.33031
2.62395
2.88889
3.12828
3.33405
3.51214
3.65749
3.77948
3.87647
3.96061
4.03226
4.10436
4.17692
4.26074
4.35304
4.46068
4.5766
4.70303
4.82961
4.95526
5.06777
5.16525
5.23635
5.28073
5.28993
5.26674
5.20691
5.11684
4.99584
4.85318
4.69031
4.51748
4.33644
4.15681
3.97906
3.81151
3.653
3.51011
3.38019
3.26809
3.1697
3.0884
3.01866
2.9641
2.91721
2.88265
2.85077
2.82816
2.80335
2.78489
2.76052
2.74026
2.71292
2.68909
2.65936
2.63394
2.60728
2.59289
2.58725
2.59768
2.63338
2.69003
2.75647
2.85006
2.95822
3.08641
3.21271
3.35094
3.43644
3.59356
4.10775
2.48213
8.86924
-6.06941
-6.3201
-6.56178
-6.78362
-6.99994
-7.21385
-7.41618
-7.59763
-7.75597
-7.8976
-8.0278
-8.15167
-8.26834
-8.37872
-8.47991
-8.57292
-8.65418
-8.72463
-8.78054
-8.82374
-8.85094
-8.86539
-8.86467
-8.85345
-8.82987
-8.80043
-8.76446
-8.73148
-8.70382
-8.69247
-8.69435
-8.71028
-8.72724
-8.74243
-8.7471
-8.74648
-8.73935
-8.73536
-8.73695
-8.75526
-8.79065
-8.85066
-8.93522
-9.05235
-9.20079
-9.38349
-9.59283
-9.82383
-10.0623
-10.2986
-10.5151
-10.7038
-10.8466
-10.9405
-10.9691
-10.9371
-10.8322
-10.6671
-10.4337
-10.1476
-9.80515
-9.42249
-8.99893
-8.54833
-8.07196
-7.58448
-7.0825
-6.63394
-6.22002
-5.78269
-5.33364
-4.9023
-4.43747
-4.11466
-3.55722
-3.55423
-2.42132
-3.58487
-0.116796
-5.43132
-5.82779
-5.58898
-5.34644
-5.10056
-4.8471
-4.5887
-4.3226
-4.05365
-3.78078
-3.51097
-3.24465
-2.98973
-2.74649
-2.52223
-2.31537
-2.1306
-1.96266
-1.8127
-1.67196
-1.53881
-1.40214
-1.25966
-1.10082
-0.925667
-0.726827
-0.508281
-0.26731
-0.0129115
0.253396
0.5192
0.780642
1.02424
1.24663
1.43611
1.59223
1.70716
1.78454
1.82072
1.82308
1.79161
1.73614
1.65839
1.56936
1.47107
1.37407
1.27955
1.19648
1.12421
1.06964
1.02945
1.00929
1.00265
1.01475
1.03576
1.07241
1.11165
1.16172
1.20855
1.26194
1.30841
1.35805
1.39926
1.44072
1.4745
1.51078
1.54483
1.58243
1.63507
1.69817
1.77467
1.86212
1.97388
2.08838
2.21758
2.34436
2.42503
2.59166
3.04774
1.56485
7.37444
-7.79849
-8.13569
-8.4489
-8.72047
-8.96096
-9.17708
-9.36685
-9.52616
-9.65577
-9.76299
-9.85549
-9.93903
-10.015
-10.0841
-10.145
-10.1978
-10.2405
-10.2732
-10.2939
-10.3032
-10.2992
-10.2839
-10.2568
-10.2214
-10.1785
-10.1338
-10.0896
-10.0541
-10.0308
-10.0278
-10.0453
-10.0813
-10.1178
-10.1315
-10.0913
-9.97594
-9.77159
-9.4783
-9.10302
-8.66853
-8.21208
-7.77985
-7.4078
-7.11433
-6.9
-6.75802
-6.68039
-6.66278
-6.70058
-6.79056
-6.9197
-7.07723
-7.2385
-7.39145
-7.50884
-7.58807
-7.60696
-7.57331
-7.47009
-7.31254
-7.0887
-6.81942
-6.49696
-6.14251
-5.74974
-5.34308
-4.91203
-4.53645
-4.18632
-3.84677
-3.47773
-3.15253
-2.77734
-2.54737
-2.1007
-2.17009
-1.24767
-2.32249
0.455083
-3.74
-7.4748
-7.16305
-6.86418
-6.57825
-6.30226
-6.03643
-5.77762
-5.52664
-5.28107
-5.0435
-4.81322
-4.5944
-4.38792
-4.1992
-4.03002
-3.88518
-3.76519
-3.6723
-3.60426
-3.55939
-3.53138
-3.51482
-3.50083
-3.48179
-3.44845
-3.39404
-3.31184
-3.19885
-3.05312
-2.87665
-2.67254
-2.44776
-2.2088
-1.96548
-1.72485
-1.4968
-1.28654
-1.10188
-0.944133
-0.817726
-0.720158
-0.652689
-0.608778
-0.587878
-0.581128
-0.587275
-0.595892
-0.607145
-0.610546
-0.609159
-0.592228
-0.567314
-0.522293
-0.470264
-0.398107
-0.323484
-0.231369
-0.142434
-0.0411363
0.0517051
0.151634
0.239171
0.327734
0.401094
0.473493
0.530152
0.584337
0.634134
0.697629
0.755167
0.837432
0.921012
1.01807
1.11294
1.20842
1.2361
1.35298
1.73011
0.410284
5.01741
-5.64819
-5.81252
-5.93864
-6.01691
-6.06366
-6.09129
-6.11238
-6.12605
-6.13793
-6.14808
-6.16473
-6.18451
-6.20975
-6.23199
-6.25213
-6.26195
-6.26413
-6.25149
-6.22816
-6.18718
-6.13369
-6.06097
-5.97531
-5.87009
-5.75255
-5.61532
-5.46411
-5.28672
-5.08276
-4.83338
-4.53712
-4.1857
-3.80247
-3.41315
-3.0699
-2.81271
-2.68355
-2.69772
-2.85649
-3.12915
-3.45963
-3.77504
-4.00591
-4.11947
-4.11086
-4.0193
-3.87626
-3.73027
-3.58944
-3.48106
-3.38981
-3.33579
-3.29239
-3.28077
-3.2659
-3.26836
-3.24691
-3.22487
-3.16358
-3.0896
-2.9734
-2.84208
-2.67701
-2.50036
-2.30161
-2.09831
-1.88515
-1.70877
-1.55458
-1.39943
-1.24274
-1.10474
-0.934164
-0.86101
-0.637519
-0.752041
-0.239997
-0.923342
0.570521
-1.59885
-5.45123
-5.24101
-5.02361
-4.79772
-4.56712
-4.32921
-4.08759
-3.83854
-3.58569
-3.32544
-3.06217
-2.79318
-2.52436
-2.25486
-1.99252
-1.73823
-1.50109
-1.28266
-1.09181
-0.928784
-0.799766
-0.701877
-0.637154
-0.598285
-0.583062
-0.580699
-0.586212
-0.587953
-0.581295
-0.556687
-0.512312
-0.443769
-0.353765
-0.243674
-0.119436
0.0124913
0.144689
0.268146
0.377968
0.464829
0.52814
0.559977
0.566652
0.541754
0.497866
0.428998
0.352807
0.262247
0.178152
0.0903444
0.0201474
-0.0473857
-0.089351
-0.126755
-0.135777
-0.143031
-0.123602
-0.107173
-0.0692254
-0.0386217
0.00646535
0.0418237
0.0835154
0.114617
0.146835
0.167375
0.181599
0.197834
0.211898
0.228573
0.247659
0.27545
0.309333
0.35098
0.40389
0.426748
0.494574
0.680886
-0.0101498
2.10977
)
;

boundaryField
{
    inlet
    {
        type            freestreamPressure;
        freestreamValue uniform 0;
        supersonic      false;
        value           nonuniform List<scalar> 
134
(
3.02403
1.8062
0.494185
-0.694383
-1.60927
-2.25451
-2.53047
-2.42215
-1.94312
-0.94721
-0.16925
-0.263531
-0.449501
-0.636663
-0.83353
-1.04451
-1.27023
-1.51121
-1.76973
-2.05177
4.17698
-2.36478
-2.71383
-3.08242
-3.43154
-3.68772
-3.81983
-4.04264
-4.06108
-4.1512
-4.97837
-4.59013
-4.62454
-4.73054
-4.81486
-4.86813
-4.92569
-5.04182
-5.30023
-5.60668
5.22692
6.26308
7.06294
7.38118
7.0257
5.68367
3.03069
-6.20924
-6.07203
-5.85278
-5.7111
-5.60747
-5.49063
-5.35485
-5.21553
-5.07793
-4.94445
-4.81253
-4.68472
-4.55968
-4.4387
-4.31801
-4.19596
-4.06531
-3.92195
-3.75709
-3.67331
-3.59383
-3.47711
-3.31566
-3.10291
-2.80301
-2.38237
-1.64016
-0.700914
1.05703
2.29315
3.62535
4.90489
6.1236
7.2619
8.2127
8.92338
9.41728
9.71391
9.86105
9.90988
9.90522
9.88251
9.89385
10.0224
10.3008
10.6068
10.848
11.0368
11.1947
11.3249
11.4218
11.4829
11.5115
11.5136
11.5045
11.5131
11.6147
11.9196
12.6085
12.8689
12.5293
12.1564
11.9173
11.7168
11.486
11.2387
10.993
10.7516
10.5052
10.2517
9.98883
9.71706
9.43219
9.13057
8.80675
8.4518
8.06025
7.58686
7.29634
7.01304
6.64463
6.19973
5.67696
5.02056
4.17558
2.84183
1.19553
)
;
    }
    outlet
    {
        type            freestreamPressure;
        freestreamValue uniform 0;
        supersonic      false;
        value           nonuniform List<scalar> 
160
(
-0.0145486
-0.0141328
-0.0149561
-0.0136929
-0.0152493
-0.0132288
-0.0154046
-0.0127397
-0.0154672
-0.0122331
-0.0154784
-0.0117003
-0.0154747
-0.0111488
-0.0154529
-0.0105672
-0.015428
-0.00996482
-0.015405
-0.00933047
-0.0154105
-0.00867653
-0.0154401
-0.00799528
-0.0155003
-0.00730417
-0.0155685
-0.00660149
-0.0156447
-0.00591056
-0.0157058
-0.00523527
-0.0157565
-0.00460272
-0.0157768
-0.00401865
-0.0157747
-0.00350962
-0.0157312
-0.00307728
-0.0156575
-0.0027409
-0.0155356
-0.00249276
-0.0153811
-0.00233984
-0.0151755
-0.00226117
-0.0149342
-0.00225043
-0.0146325
-0.00227515
-0.0142763
-0.00231941
-0.0138263
-0.00234672
-0.0132788
-0.00234106
-0.0125919
-0.00227188
-0.0117785
-0.00213205
-0.0108387
-0.00190738
-0.00985136
-0.00160615
-0.00889339
-0.00123333
-0.00810212
-0.000808927
-0.00757744
-0.000354467
-0.00742139
0.000104776
-0.00765823
0.000539086
-0.00826415
0.000930755
-0.00911958
0.0012491
-0.0100473
0.00149025
-0.0108543
0.00162794
-0.0113895
0.00168014
-0.0116086
0.00162563
-0.0115266
0.0015034
-0.0112546
0.00129406
-0.0108687
0.00105427
-0.0104885
0.000761761
-0.0101263
0.000485406
-0.00985345
0.00019307
-0.00962734
-4.33335e-05
-0.00950793
-0.000272064
-0.00942387
-0.000415179
-0.00944034
-0.000542202
-0.00945898
-0.000571528
-0.00954145
-0.000593165
-0.00956528
-0.000521268
-0.00959716
-0.000457963
-0.00951704
-0.000318017
-0.0094006
-0.000202203
-0.00915189
-3.37869e-05
-0.00884961
0.000101451
-0.0084309
0.000260505
-0.00796213
0.000382285
-0.00740748
0.000508783
-0.00682062
0.000593038
-0.00618532
0.000653862
-0.00564459
0.000721128
-0.0051651
0.000780661
-0.00467606
0.000850891
-0.00418093
0.000931944
-0.00373553
0.00104801
-0.00318818
0.0011901
-0.00294162
0.00136529
-0.00221745
0.00158871
-0.00258345
0.00169976
-0.000863846
0.0019921
-0.0031214
0.00277991
0.0022109
-4.20585e-05
-0.00494619
0.0084776
)
;
    }
    walls
    {
        type            zeroGradient;
    }
    frontAndBack
    {
        type            empty;
    }
}


// ************************************************************************* //
