# Force coefficients
# liftDir     : (0.000000e+00 1.000000e+00 0.000000e+00)
# dragDir     : (1.000000e+00 0.000000e+00 0.000000e+00)
# pitchAxis   : (0.000000e+00 0.000000e+00 1.000000e+00)
# magUInf     : 4.000000e+01
# lRef        : 1.000000e+00
# Aref        : 1.000000e+00
# CofR        : (0.000000e+00 0.000000e+00 0.000000e+00)
# Time        	Cm            	Cd            	Cl            	Cl(f)         	Cl(r)         
0             	-1.217110e-05	3.121937e-05	5.751559e-06	-9.295322e-06	1.504688e-05
1             	-1.378545e+01	2.223341e+00	4.734727e+00	-1.141808e+01	1.615281e+01
2             	-7.362071e+00	1.622674e+00	3.504706e+00	-5.609718e+00	9.114424e+00
3             	2.034476e+00	6.483434e-03	8.616346e-02	2.077558e+00	-1.991394e+00
4             	6.289067e+00	-9.819313e-01	-1.529284e+00	5.524425e+00	-7.053709e+00
5             	5.596433e+00	-7.748212e-01	-3.278216e-01	5.432523e+00	-5.760344e+00
6             	4.743465e-01	3.756654e-02	1.602552e+00	1.275623e+00	3.269296e-01
7             	-6.102480e+00	5.952428e-01	2.335513e+00	-4.934723e+00	7.270236e+00
8             	-1.067531e+01	6.306522e-01	1.644300e+00	-9.853157e+00	1.149746e+01
9             	-1.064802e+01	2.651772e-01	5.520467e-01	-1.037200e+01	1.092405e+01
10            	-6.708170e+00	-9.438139e-02	8.171264e-02	-6.667313e+00	6.749026e+00
11            	-2.942596e+00	-2.397577e-01	4.161605e-01	-2.734515e+00	3.150676e+00
12            	-2.405602e+00	-1.288334e-01	1.110674e+00	-1.850265e+00	2.960939e+00
13            	-5.069082e+00	8.049892e-02	1.515297e+00	-4.311433e+00	5.826731e+00
14            	-8.361828e+00	2.170622e-01	1.461885e+00	-7.630885e+00	9.092771e+00
15            	-9.487124e+00	2.004217e-01	1.093153e+00	-8.940547e+00	1.003370e+01
16            	-8.073750e+00	7.663177e-02	7.787486e-01	-7.684376e+00	8.463124e+00
17            	-5.879868e+00	-4.109664e-02	7.556803e-01	-5.502028e+00	6.257709e+00
18            	-4.649013e+00	-8.257795e-02	9.523127e-01	-4.172857e+00	5.125170e+00
19            	-5.112030e+00	-3.747697e-02	1.204395e+00	-4.509833e+00	5.714228e+00
20            	-6.509646e+00	3.083197e-02	1.287315e+00	-5.865989e+00	7.153303e+00
21            	-7.776491e+00	7.956148e-02	1.249810e+00	-7.151586e+00	8.401396e+00
22            	-7.954193e+00	8.593743e-02	1.105826e+00	-7.401281e+00	8.507106e+00
23            	-6.820414e+00	4.210082e-02	9.921428e-01	-6.324342e+00	7.316485e+00
24            	-5.451268e+00	-6.407328e-03	1.008464e+00	-4.947036e+00	5.955500e+00
25            	-4.791720e+00	-2.882712e-02	1.119578e+00	-4.231931e+00	5.351509e+00
26            	-5.024157e+00	-1.081688e-02	1.219233e+00	-4.414540e+00	5.633773e+00
27            	-5.647573e+00	3.131438e-02	1.252601e+00	-5.021273e+00	6.273873e+00
28            	-6.430539e+00	5.095862e-02	1.189536e+00	-5.835771e+00	7.025307e+00
29            	-6.956571e+00	4.549304e-02	1.038279e+00	-6.437431e+00	7.475710e+00
30            	-7.116913e+00	1.588051e-02	8.862030e-01	-6.673812e+00	7.560015e+00
31            	-7.200334e+00	-1.810749e-02	8.007295e-01	-6.799969e+00	7.600698e+00
32            	-7.612900e+00	-3.736442e-02	7.919953e-01	-7.216902e+00	8.008898e+00
33            	-8.423813e+00	-3.702471e-02	8.181839e-01	-8.014721e+00	8.832905e+00
34            	-9.600952e+00	-2.965017e-02	8.043600e-01	-9.198772e+00	1.000313e+01
35            	-1.070576e+01	-2.814980e-02	7.488050e-01	-1.033136e+01	1.108016e+01
36            	-1.147984e+01	-3.867803e-02	6.630253e-01	-1.114832e+01	1.181135e+01
37            	-1.166858e+01	-5.471522e-02	6.134156e-01	-1.136187e+01	1.197529e+01
38            	-1.130889e+01	-6.664185e-02	6.449036e-01	-1.098644e+01	1.163134e+01
39            	-1.066962e+01	-6.774035e-02	7.585018e-01	-1.029037e+01	1.104887e+01
40            	-1.009298e+01	-6.048294e-02	9.080466e-01	-9.638957e+00	1.054700e+01
41            	-9.821897e+00	-5.297444e-02	1.024404e+00	-9.309695e+00	1.033410e+01
42            	-9.728310e+00	-4.920730e-02	1.107540e+00	-9.174540e+00	1.028208e+01
43            	-9.753511e+00	-5.123033e-02	1.145521e+00	-9.180750e+00	1.032627e+01
44            	-9.792294e+00	-5.610494e-02	1.160413e+00	-9.212087e+00	1.037250e+01
45            	-9.810096e+00	-6.046734e-02	1.170383e+00	-9.224905e+00	1.039529e+01
46            	-9.831390e+00	-6.152335e-02	1.184366e+00	-9.239207e+00	1.042357e+01
47            	-9.872550e+00	-5.994577e-02	1.199014e+00	-9.273043e+00	1.047206e+01
48            	-9.959170e+00	-5.838566e-02	1.212905e+00	-9.352718e+00	1.056562e+01
49            	-1.006425e+01	-5.860425e-02	1.221159e+00	-9.453669e+00	1.067483e+01
50            	-1.013990e+01	-6.025496e-02	1.222482e+00	-9.528659e+00	1.075114e+01
51            	-1.017716e+01	-6.240184e-02	1.222110e+00	-9.566105e+00	1.078821e+01
52            	-1.020092e+01	-6.416536e-02	1.226259e+00	-9.587791e+00	1.081405e+01
53            	-1.023090e+01	-6.495926e-02	1.234832e+00	-9.613486e+00	1.084832e+01
54            	-1.027059e+01	-6.477933e-02	1.242489e+00	-9.649347e+00	1.089184e+01
55            	-1.032448e+01	-6.455170e-02	1.248224e+00	-9.700367e+00	1.094859e+01
56            	-1.038658e+01	-6.510741e-02	1.251231e+00	-9.760961e+00	1.101219e+01
57            	-1.044661e+01	-6.656682e-02	1.252516e+00	-9.820352e+00	1.107287e+01
58            	-1.048096e+01	-6.795908e-02	1.252598e+00	-9.854661e+00	1.110726e+01
59            	-1.049797e+01	-6.896107e-02	1.253827e+00	-9.871060e+00	1.112489e+01
60            	-1.050675e+01	-6.938960e-02	1.256909e+00	-9.878292e+00	1.113520e+01
61            	-1.051365e+01	-6.919768e-02	1.260713e+00	-9.883294e+00	1.114401e+01
62            	-1.053736e+01	-6.926312e-02	1.265677e+00	-9.904522e+00	1.117020e+01
63            	-1.056961e+01	-6.965720e-02	1.266684e+00	-9.936272e+00	1.120296e+01
64            	-1.060112e+01	-7.021872e-02	1.268450e+00	-9.966893e+00	1.123534e+01
65            	-1.062308e+01	-7.083163e-02	1.268813e+00	-9.988672e+00	1.125749e+01
66            	-1.063293e+01	-7.120167e-02	1.268907e+00	-9.998476e+00	1.126738e+01
67            	-1.063621e+01	-7.126372e-02	1.269734e+00	-1.000134e+01	1.127108e+01
68            	-1.063985e+01	-7.109087e-02	1.271529e+00	-1.000409e+01	1.127562e+01
69            	-1.065068e+01	-7.098675e-02	1.273546e+00	-1.001391e+01	1.128745e+01
70            	-1.066275e+01	-7.103926e-02	1.274602e+00	-1.002545e+01	1.130005e+01
71            	-1.067457e+01	-7.121289e-02	1.275004e+00	-1.003706e+01	1.131207e+01
72            	-1.067962e+01	-7.131963e-02	1.274965e+00	-1.004214e+01	1.131710e+01
73            	-1.068427e+01	-7.138058e-02	1.275030e+00	-1.004675e+01	1.132178e+01
74            	-1.068611e+01	-7.129941e-02	1.275033e+00	-1.004859e+01	1.132362e+01
75            	-1.068771e+01	-7.105833e-02	1.275502e+00	-1.004996e+01	1.132546e+01
76            	-1.068809e+01	-7.075149e-02	1.275982e+00	-1.005010e+01	1.132608e+01
77            	-1.069436e+01	-7.061695e-02	1.276183e+00	-1.005627e+01	1.133245e+01
78            	-1.070148e+01	-7.057153e-02	1.275812e+00	-1.006358e+01	1.133939e+01
79            	-1.071092e+01	-7.058945e-02	1.275087e+00	-1.007338e+01	1.134847e+01
80            	-1.072067e+01	-7.047116e-02	1.275370e+00	-1.008298e+01	1.135835e+01
81            	-1.072823e+01	-7.028172e-02	1.275609e+00	-1.009042e+01	1.136603e+01
82            	-1.072911e+01	-7.011998e-02	1.273783e+00	-1.009222e+01	1.136600e+01
83            	-1.072851e+01	-6.983109e-02	1.272500e+00	-1.009226e+01	1.136476e+01
84            	-1.073088e+01	-6.956954e-02	1.272240e+00	-1.009476e+01	1.136700e+01
85            	-1.073394e+01	-6.933895e-02	1.272248e+00	-1.009782e+01	1.137007e+01
86            	-1.073244e+01	-6.914897e-02	1.270784e+00	-1.009705e+01	1.136783e+01
87            	-1.073150e+01	-6.882477e-02	1.270026e+00	-1.009649e+01	1.136651e+01
88            	-1.073068e+01	-6.838451e-02	1.269886e+00	-1.009574e+01	1.136562e+01
89            	-1.072637e+01	-6.786307e-02	1.269787e+00	-1.009147e+01	1.136126e+01
90            	-1.071891e+01	-6.731600e-02	1.269331e+00	-1.008424e+01	1.135357e+01
91            	-1.070726e+01	-6.685079e-02	1.268752e+00	-1.007288e+01	1.134163e+01
92            	-1.069287e+01	-6.635462e-02	1.268393e+00	-1.005867e+01	1.132707e+01
93            	-1.067628e+01	-6.574978e-02	1.268328e+00	-1.004211e+01	1.131044e+01
94            	-1.065776e+01	-6.503254e-02	1.268578e+00	-1.002347e+01	1.129205e+01
95            	-1.063750e+01	-6.422632e-02	1.269030e+00	-1.000298e+01	1.127201e+01
96            	-1.060682e+01	-6.332865e-02	1.268245e+00	-9.972699e+00	1.124094e+01
97            	-1.057116e+01	-6.231223e-02	1.267672e+00	-9.937326e+00	1.120500e+01
98            	-1.053364e+01	-6.112412e-02	1.268491e+00	-9.899394e+00	1.116788e+01
99            	-1.049654e+01	-5.991882e-02	1.270316e+00	-9.861377e+00	1.113169e+01
100           	-1.045947e+01	-5.877275e-02	1.272130e+00	-9.823409e+00	1.109554e+01
101           	-1.041876e+01	-5.761423e-02	1.273346e+00	-9.782084e+00	1.105543e+01
102           	-1.037265e+01	-5.634958e-02	1.274206e+00	-9.735543e+00	1.100975e+01
103           	-1.032051e+01	-5.491212e-02	1.275310e+00	-9.682860e+00	1.095817e+01
104           	-1.026244e+01	-5.328857e-02	1.277172e+00	-9.623853e+00	1.090103e+01
105           	-1.020322e+01	-5.163180e-02	1.279411e+00	-9.563511e+00	1.084292e+01
106           	-1.014360e+01	-4.998782e-02	1.281717e+00	-9.502745e+00	1.078446e+01
107           	-1.008184e+01	-4.832217e-02	1.283895e+00	-9.439889e+00	1.072378e+01
108           	-1.001592e+01	-4.656967e-02	1.286006e+00	-9.372914e+00	1.065892e+01
109           	-9.944756e+00	-4.467788e-02	1.288260e+00	-9.300626e+00	1.058889e+01
110           	-9.869136e+00	-4.264773e-02	1.290833e+00	-9.223720e+00	1.051455e+01
111           	-9.790488e+00	-4.051809e-02	1.293700e+00	-9.143638e+00	1.043734e+01
112           	-9.709891e+00	-3.831185e-02	1.296088e+00	-9.061847e+00	1.035794e+01
113           	-9.628470e+00	-3.608096e-02	1.298506e+00	-8.979217e+00	1.027772e+01
114           	-9.543405e+00	-3.377839e-02	1.302551e+00	-8.892130e+00	1.019468e+01
115           	-9.455452e+00	-3.137499e-02	1.305801e+00	-8.802552e+00	1.010835e+01
116           	-9.361952e+00	-2.881549e-02	1.308695e+00	-8.707605e+00	1.001630e+01
117           	-9.264526e+00	-2.611518e-02	1.311914e+00	-8.608569e+00	9.920483e+00
118           	-9.165170e+00	-2.330504e-02	1.315890e+00	-8.507225e+00	9.823115e+00
119           	-9.063835e+00	-2.040593e-02	1.320496e+00	-8.403587e+00	9.724083e+00
120           	-8.959494e+00	-1.743591e-02	1.325298e+00	-8.296845e+00	9.622142e+00
121           	-8.850702e+00	-1.438002e-02	1.329994e+00	-8.185705e+00	9.515699e+00
122           	-8.736359e+00	-1.118162e-02	1.334706e+00	-8.069006e+00	9.403712e+00
123           	-8.616464e+00	-7.792968e-03	1.339817e+00	-7.946555e+00	9.286372e+00
124           	-8.491223e+00	-4.198426e-03	1.345601e+00	-7.818423e+00	9.164024e+00
125           	-8.361244e+00	-4.284724e-04	1.352085e+00	-7.685201e+00	9.037286e+00
126           	-8.226649e+00	3.483056e-03	1.359146e+00	-7.547076e+00	8.906222e+00
127           	-8.087461e+00	7.520690e-03	1.366729e+00	-7.404096e+00	8.770825e+00
128           	-7.942909e+00	1.169701e-02	1.374860e+00	-7.255479e+00	8.630339e+00
129           	-7.791533e+00	1.604395e-02	1.383642e+00	-7.099712e+00	8.483354e+00
130           	-7.631486e+00	2.060229e-02	1.393220e+00	-6.934876e+00	8.328097e+00
131           	-7.462539e+00	2.538727e-02	1.403821e+00	-6.760628e+00	8.164449e+00
132           	-7.285384e+00	3.038085e-02	1.415548e+00	-6.577610e+00	7.993158e+00
133           	-7.100743e+00	3.555092e-02	1.428435e+00	-6.386525e+00	7.814961e+00
134           	-6.907866e+00	4.089380e-02	1.442475e+00	-6.186629e+00	7.629104e+00
135           	-6.706996e+00	4.639010e-02	1.457821e+00	-5.978086e+00	7.435907e+00
136           	-6.497687e+00	5.203721e-02	1.474535e+00	-5.760420e+00	7.234954e+00
137           	-6.279013e+00	5.783564e-02	1.492661e+00	-5.532683e+00	7.025344e+00
138           	-6.049963e+00	6.379105e-02	1.512251e+00	-5.293838e+00	6.806088e+00
139           	-5.810700e+00	6.989815e-02	1.533495e+00	-5.043953e+00	6.577447e+00
140           	-5.561948e+00	7.613018e-02	1.556549e+00	-4.783674e+00	6.340223e+00
141           	-5.303819e+00	8.246044e-02	1.581418e+00	-4.513110e+00	6.094528e+00
142           	-5.037991e+00	8.883506e-02	1.608064e+00	-4.233958e+00	5.842023e+00
143           	-4.767575e+00	9.517955e-02	1.636570e+00	-3.949290e+00	5.585860e+00
144           	-4.492234e+00	1.014617e-01	1.666695e+00	-3.658887e+00	5.325581e+00
145           	-4.216060e+00	1.074808e-01	1.696034e+00	-3.368043e+00	5.064077e+00
146           	-3.921287e+00	1.137100e-01	1.727833e+00	-3.057370e+00	4.785204e+00
147           	-3.615993e+00	1.199912e-01	1.761941e+00	-2.735022e+00	4.496963e+00
148           	-3.310269e+00	1.260989e-01	1.797314e+00	-2.411612e+00	4.208926e+00
149           	-3.014458e+00	1.316743e-01	1.826939e+00	-2.100989e+00	3.927928e+00
150           	-2.702809e+00	1.374873e-01	1.866076e+00	-1.769771e+00	3.635847e+00
151           	-2.401666e+00	1.427887e-01	1.897498e+00	-1.452917e+00	3.350415e+00
152           	-2.098375e+00	1.479456e-01	1.929440e+00	-1.133655e+00	3.063094e+00
153           	-1.808927e+00	1.528770e-01	1.971831e+00	-8.230118e-01	2.794843e+00
154           	-1.526699e+00	1.572110e-01	1.999918e+00	-5.267400e-01	2.526658e+00
155           	-1.238155e+00	1.614318e-01	2.027875e+00	-2.242176e-01	2.252092e+00
156           	-9.323460e-01	1.657829e-01	2.056111e+00	9.570970e-02	1.960402e+00
157           	-6.120125e-01	1.702654e-01	2.083668e+00	4.298215e-01	1.653847e+00
158           	-2.801611e-01	1.748582e-01	2.108532e+00	7.741047e-01	1.334427e+00
159           	6.041501e-02	1.795476e-01	2.129771e+00	1.125301e+00	1.004471e+00
160           	4.038018e-01	1.843118e-01	2.148220e+00	1.477912e+00	6.703083e-01
161           	7.962113e-01	1.902681e-01	2.170305e+00	1.881364e+00	2.889415e-01
162           	1.107532e+00	1.943379e-01	2.182908e+00	2.198986e+00	-1.607731e-02
163           	1.416659e+00	1.981294e-01	2.190551e+00	2.511935e+00	-3.213839e-01
164           	1.819579e+00	2.037738e-01	2.204733e+00	2.921946e+00	-7.172129e-01
165           	2.116417e+00	2.074495e-01	2.206376e+00	3.219606e+00	-1.013229e+00
166           	2.510503e+00	2.132104e-01	2.211978e+00	3.616492e+00	-1.404514e+00
167           	2.787734e+00	2.168398e-01	2.206128e+00	3.890798e+00	-1.684670e+00
168           	3.159905e+00	2.226095e-01	2.200068e+00	4.259939e+00	-2.059871e+00
169           	3.409577e+00	2.261021e-01	2.183848e+00	4.501501e+00	-2.317653e+00
170           	3.764465e+00	2.319249e-01	2.165646e+00	4.847288e+00	-2.681643e+00
171           	3.988416e+00	2.352381e-01	2.138804e+00	5.057819e+00	-2.919014e+00
172           	4.205115e+00	2.386821e-01	2.103560e+00	5.256896e+00	-3.153335e+00
173           	4.409265e+00	2.421694e-01	2.058090e+00	5.438310e+00	-3.380220e+00
174           	4.669753e+00	2.479056e-01	2.008875e+00	5.674190e+00	-3.665315e+00
175           	4.731961e+00	2.504772e-01	1.963783e+00	5.713853e+00	-3.750070e+00
176           	4.787000e+00	2.537615e-01	1.903860e+00	5.738930e+00	-3.835070e+00
177           	4.771310e+00	2.559976e-01	1.831452e+00	5.687036e+00	-3.855584e+00
178           	4.699348e+00	2.574668e-01	1.743840e+00	5.571268e+00	-3.827428e+00
179           	4.592819e+00	2.588699e-01	1.642776e+00	5.414207e+00	-3.771432e+00
180           	4.411443e+00	2.594650e-01	1.546800e+00	5.184843e+00	-3.638043e+00
181           	4.258564e+00	2.621929e-01	1.421643e+00	4.969386e+00	-3.547743e+00
182           	4.018443e+00	2.647962e-01	1.299370e+00	4.668128e+00	-3.368757e+00
183           	3.670319e+00	2.665810e-01	1.185172e+00	4.262905e+00	-3.077733e+00
184           	3.243758e+00	2.668502e-01	1.072511e+00	3.780013e+00	-2.707502e+00
185           	2.874143e+00	2.669352e-01	9.655404e-01	3.356913e+00	-2.391373e+00
186           	2.371308e+00	2.653910e-01	8.053587e-01	2.773988e+00	-1.968629e+00
187           	1.949030e+00	2.647783e-01	6.486847e-01	2.273372e+00	-1.624688e+00
188           	1.750799e+00	2.667641e-01	5.363609e-01	2.018980e+00	-1.482619e+00
189           	1.572816e+00	2.682760e-01	4.114671e-01	1.778550e+00	-1.367083e+00
190           	1.374165e+00	2.685362e-01	2.760274e-01	1.512179e+00	-1.236151e+00
191           	1.132277e+00	2.675613e-01	1.445140e-01	1.204534e+00	-1.060020e+00
192           	8.453021e-01	2.652966e-01	2.959629e-02	8.601002e-01	-8.305039e-01
193           	5.283135e-01	2.611608e-01	-7.227867e-02	4.921742e-01	-5.644529e-01
194           	2.751618e-01	2.559803e-01	-1.658010e-01	1.922613e-01	-3.580623e-01
195           	1.995439e-01	2.522887e-01	-2.416470e-01	7.872042e-02	-3.203674e-01
196           	2.122113e-01	2.504743e-01	-2.762121e-01	7.410522e-02	-3.503173e-01
197           	2.193830e-01	2.492656e-01	-2.703463e-01	8.420984e-02	-3.545561e-01
198           	4.188060e-02	2.442048e-01	-2.595068e-01	-8.787282e-02	-1.716340e-01
199           	-4.019008e-01	2.313361e-01	-2.814590e-01	-5.426303e-01	2.611713e-01
200           	-9.800689e-01	2.139343e-01	-3.187692e-01	-1.139453e+00	8.206842e-01
201           	-1.504065e+00	1.969365e-01	-3.451973e-01	-1.676664e+00	1.331467e+00
202           	-1.850743e+00	1.843535e-01	-3.274667e-01	-2.014476e+00	1.687009e+00
203           	-1.947177e+00	1.740482e-01	-2.716964e-01	-2.083026e+00	1.811329e+00
204           	-1.930250e+00	1.641588e-01	-1.974329e-01	-2.028967e+00	1.831534e+00
205           	-1.768271e+00	1.550254e-01	-1.114755e-01	-1.824009e+00	1.712533e+00
206           	-1.505671e+00	1.448514e-01	-5.175965e-03	-1.508259e+00	1.503083e+00
207           	-1.061702e+00	1.370210e-01	7.649127e-02	-1.023457e+00	1.099948e+00
208           	-3.372778e-01	1.350755e-01	1.470344e-01	-2.637606e-01	4.107950e-01
209           	5.964403e-01	1.396507e-01	2.401614e-01	7.165210e-01	-4.763595e-01
210           	1.711032e+00	1.494920e-01	3.615542e-01	1.891809e+00	-1.530255e+00
211           	2.221144e+00	1.518068e-01	4.123671e-01	2.427327e+00	-2.014960e+00
212           	2.435715e+00	1.515474e-01	4.421371e-01	2.656784e+00	-2.214647e+00
213           	2.469505e+00	1.502968e-01	4.581278e-01	2.698569e+00	-2.240441e+00
214           	2.129304e+00	1.439152e-01	4.406822e-01	2.349645e+00	-1.908963e+00
215           	1.693258e+00	1.374919e-01	4.164827e-01	1.901499e+00	-1.485016e+00
216           	1.235201e+00	1.312210e-01	3.776229e-01	1.424012e+00	-1.046389e+00
217           	7.242246e-01	1.243172e-01	3.220402e-01	8.852447e-01	-5.632045e-01
218           	4.749886e-02	1.154821e-01	2.406571e-01	1.678274e-01	7.282967e-02
219           	-8.219099e-01	1.046720e-01	1.392557e-01	-7.522820e-01	8.915377e-01
220           	-1.962547e+00	9.119746e-02	-6.238298e-04	-1.962859e+00	1.962235e+00
221           	-3.106197e+00	7.818756e-02	-8.076391e-02	-3.146579e+00	3.065815e+00
222           	-3.813694e+00	7.091676e-02	-9.693971e-02	-3.862164e+00	3.765224e+00
223           	-4.348052e+00	6.361576e-02	-9.532502e-02	-4.395714e+00	4.300389e+00
224           	-4.757242e+00	5.516651e-02	-8.029448e-02	-4.797389e+00	4.717095e+00
225           	-5.107175e+00	4.544005e-02	-5.639136e-02	-5.135370e+00	5.078979e+00
226           	-5.296385e+00	3.789334e-02	-1.818965e-02	-5.305480e+00	5.287290e+00
227           	-5.219965e+00	3.441487e-02	4.022802e-02	-5.199851e+00	5.240079e+00
228           	-4.903900e+00	3.396139e-02	1.240220e-01	-4.841889e+00	4.965911e+00
229           	-4.352484e+00	3.661171e-02	2.415017e-01	-4.231733e+00	4.473235e+00
230           	-3.688980e+00	4.068290e-02	3.750254e-01	-3.501467e+00	3.876492e+00
231           	-3.200945e+00	4.249891e-02	4.765445e-01	-2.962672e+00	3.439217e+00
232           	-2.992304e+00	4.207206e-02	5.363592e-01	-2.724125e+00	3.260484e+00
233           	-3.022356e+00	3.988147e-02	5.673280e-01	-2.738692e+00	3.306020e+00
234           	-3.212196e+00	3.778310e-02	5.787027e-01	-2.922844e+00	3.501547e+00
235           	-3.543835e+00	3.481350e-02	5.817418e-01	-3.252964e+00	3.834706e+00
236           	-3.991552e+00	3.098403e-02	5.695069e-01	-3.706799e+00	4.276306e+00
237           	-4.529513e+00	2.661305e-02	5.510701e-01	-4.253978e+00	4.805048e+00
238           	-5.083901e+00	2.195690e-02	5.338924e-01	-4.816955e+00	5.350847e+00
239           	-5.641385e+00	1.688662e-02	5.077349e-01	-5.387518e+00	5.895253e+00
240           	-6.143833e+00	1.233241e-02	4.820606e-01	-5.902803e+00	6.384864e+00
241           	-6.623399e+00	7.380784e-03	4.521112e-01	-6.397344e+00	6.849455e+00
242           	-7.005904e+00	3.155967e-03	4.323245e-01	-6.789742e+00	7.222067e+00
243           	-7.231151e+00	5.518553e-04	4.342195e-01	-7.014042e+00	7.448261e+00
244           	-7.257774e+00	-4.809752e-04	4.578732e-01	-7.028837e+00	7.486710e+00
245           	-7.177901e+00	-5.889307e-04	5.020777e-01	-6.926862e+00	7.428940e+00
246           	-7.056449e+00	-5.523540e-04	5.688364e-01	-6.772031e+00	7.340868e+00
247           	-6.913729e+00	-9.587606e-04	6.243613e-01	-6.601549e+00	7.225910e+00
248           	-6.797894e+00	-1.413648e-03	6.786504e-01	-6.458569e+00	7.137219e+00
249           	-6.732928e+00	-2.097362e-03	7.204329e-01	-6.372711e+00	7.093144e+00
250           	-6.696305e+00	-2.694179e-03	7.533790e-01	-6.319616e+00	7.072995e+00
251           	-6.670868e+00	-2.961717e-03	7.815032e-01	-6.280116e+00	7.061619e+00
252           	-6.697049e+00	-3.427750e-03	8.019151e-01	-6.296092e+00	7.098007e+00
253           	-6.774696e+00	-4.136069e-03	8.169546e-01	-6.366218e+00	7.183173e+00
254           	-6.920119e+00	-5.408081e-03	8.259243e-01	-6.507157e+00	7.333082e+00
255           	-7.127282e+00	-7.597956e-03	8.311885e-01	-6.711688e+00	7.542876e+00
256           	-7.378712e+00	-1.032949e-02	8.328184e-01	-6.962303e+00	7.795121e+00
257           	-7.668846e+00	-1.341093e-02	8.290046e-01	-7.254344e+00	8.083348e+00
258           	-7.971990e+00	-1.667514e-02	8.204393e-01	-7.561770e+00	8.382210e+00
259           	-8.269901e+00	-2.008737e-02	8.090061e-01	-7.865398e+00	8.674404e+00
260           	-8.537773e+00	-2.331616e-02	8.004418e-01	-8.137552e+00	8.937994e+00
261           	-8.758399e+00	-2.614090e-02	7.980493e-01	-8.359374e+00	9.157423e+00
262           	-8.916667e+00	-2.853539e-02	8.057535e-01	-8.513790e+00	9.319544e+00
263           	-9.029025e+00	-3.054268e-02	8.174465e-01	-8.620302e+00	9.437749e+00
264           	-9.099397e+00	-3.216981e-02	8.314054e-01	-8.683695e+00	9.515100e+00
265           	-9.131683e+00	-3.344870e-02	8.477783e-01	-8.707794e+00	9.555572e+00
266           	-9.131715e+00	-3.443588e-02	8.679757e-01	-8.697727e+00	9.565703e+00
267           	-9.088726e+00	-3.491557e-02	8.919475e-01	-8.642752e+00	9.534700e+00
268           	-9.024946e+00	-3.515800e-02	9.209980e-01	-8.564447e+00	9.485445e+00
269           	-8.964720e+00	-3.565301e-02	9.539461e-01	-8.487747e+00	9.441693e+00
270           	-8.907148e+00	-3.610393e-02	9.827613e-01	-8.415767e+00	9.398528e+00
271           	-8.853571e+00	-3.640788e-02	1.008485e+00	-8.349328e+00	9.357813e+00
272           	-8.837867e+00	-3.701128e-02	1.027443e+00	-8.324146e+00	9.351588e+00
273           	-8.834489e+00	-3.760323e-02	1.046745e+00	-8.311117e+00	9.357861e+00
274           	-8.855756e+00	-3.835262e-02	1.063526e+00	-8.323993e+00	9.387519e+00
275           	-8.897160e+00	-3.926152e-02	1.077119e+00	-8.358601e+00	9.435720e+00
276           	-8.950801e+00	-4.027176e-02	1.087042e+00	-8.407279e+00	9.494322e+00
277           	-9.004975e+00	-4.123116e-02	1.094808e+00	-8.457571e+00	9.552379e+00
278           	-9.067678e+00	-4.228689e-02	1.100188e+00	-8.517584e+00	9.617772e+00
279           	-9.136768e+00	-4.348935e-02	1.101961e+00	-8.585788e+00	9.687749e+00
280           	-9.209928e+00	-4.460082e-02	1.106229e+00	-8.656813e+00	9.763042e+00
281           	-9.282525e+00	-4.571221e-02	1.109704e+00	-8.727673e+00	9.837377e+00
282           	-9.355648e+00	-4.668746e-02	1.115180e+00	-8.798059e+00	9.913238e+00
283           	-9.424100e+00	-4.767827e-02	1.117642e+00	-8.865280e+00	9.982921e+00
284           	-9.495572e+00	-4.875367e-02	1.118065e+00	-8.936540e+00	1.005460e+01
285           	-9.567210e+00	-4.980737e-02	1.118165e+00	-9.008128e+00	1.012629e+01
286           	-9.644351e+00	-5.083791e-02	1.121287e+00	-9.083708e+00	1.020499e+01
287           	-9.707905e+00	-5.177425e-02	1.123806e+00	-9.146003e+00	1.026981e+01
288           	-9.769259e+00	-5.269623e-02	1.125413e+00	-9.206553e+00	1.033197e+01
289           	-9.829025e+00	-5.359164e-02	1.126215e+00	-9.265918e+00	1.039213e+01
290           	-9.888644e+00	-5.449241e-02	1.127636e+00	-9.324826e+00	1.045246e+01
291           	-9.936232e+00	-5.524596e-02	1.129777e+00	-9.371344e+00	1.050112e+01
292           	-9.974680e+00	-5.585540e-02	1.133002e+00	-9.408179e+00	1.054118e+01
293           	-1.000415e+01	-5.631056e-02	1.136646e+00	-9.435828e+00	1.057247e+01
294           	-1.003303e+01	-5.672538e-02	1.140439e+00	-9.462806e+00	1.060325e+01
295           	-1.005990e+01	-5.711321e-02	1.144070e+00	-9.487861e+00	1.063193e+01
296           	-1.008478e+01	-5.745204e-02	1.147552e+00	-9.511002e+00	1.065855e+01
297           	-1.010501e+01	-5.772052e-02	1.150852e+00	-9.529581e+00	1.068043e+01
298           	-1.012257e+01	-5.791523e-02	1.154307e+00	-9.545417e+00	1.069972e+01
299           	-1.013576e+01	-5.801458e-02	1.157800e+00	-9.556862e+00	1.071466e+01
300           	-1.014743e+01	-5.806626e-02	1.161300e+00	-9.566779e+00	1.072808e+01
301           	-1.016415e+01	-5.813940e-02	1.165607e+00	-9.581343e+00	1.074695e+01
302           	-1.017396e+01	-5.816635e-02	1.168209e+00	-9.589859e+00	1.075807e+01
303           	-1.017933e+01	-5.814759e-02	1.169804e+00	-9.594423e+00	1.076423e+01
304           	-1.018991e+01	-5.802593e-02	1.172818e+00	-9.603499e+00	1.077632e+01
305           	-1.020270e+01	-5.789528e-02	1.176464e+00	-9.614469e+00	1.079093e+01
306           	-1.020421e+01	-5.772438e-02	1.178091e+00	-9.615168e+00	1.079326e+01
307           	-1.020337e+01	-5.752529e-02	1.178922e+00	-9.613910e+00	1.079283e+01
308           	-1.020961e+01	-5.729816e-02	1.181095e+00	-9.619060e+00	1.080016e+01
309           	-1.021951e+01	-5.709562e-02	1.183840e+00	-9.627588e+00	1.081143e+01
310           	-1.021645e+01	-5.680650e-02	1.184861e+00	-9.624019e+00	1.080888e+01
311           	-1.020837e+01	-5.644353e-02	1.185216e+00	-9.615766e+00	1.080098e+01
312           	-1.020642e+01	-5.598144e-02	1.187143e+00	-9.612846e+00	1.079999e+01
313           	-1.020111e+01	-5.554527e-02	1.188684e+00	-9.606772e+00	1.079546e+01
314           	-1.019842e+01	-5.515272e-02	1.190923e+00	-9.602953e+00	1.079388e+01
315           	-1.018645e+01	-5.475609e-02	1.191574e+00	-9.590662e+00	1.078224e+01
316           	-1.017347e+01	-5.425824e-02	1.192755e+00	-9.577092e+00	1.076985e+01
317           	-1.015148e+01	-5.363143e-02	1.193238e+00	-9.554856e+00	1.074809e+01
318           	-1.013169e+01	-5.284048e-02	1.195412e+00	-9.533986e+00	1.072940e+01
319           	-1.011522e+01	-5.206730e-02	1.198269e+00	-9.516086e+00	1.071435e+01
320           	-1.008684e+01	-5.128717e-02	1.199273e+00	-9.487198e+00	1.068647e+01
321           	-1.006294e+01	-5.051338e-02	1.200990e+00	-9.462449e+00	1.066344e+01
322           	-1.002857e+01	-4.961177e-02	1.201830e+00	-9.427650e+00	1.062948e+01
323           	-9.989135e+00	-4.854059e-02	1.202981e+00	-9.387645e+00	1.059063e+01
324           	-9.948893e+00	-4.732163e-02	1.205105e+00	-9.346341e+00	1.055145e+01
325           	-9.910244e+00	-4.605265e-02	1.207997e+00	-9.306246e+00	1.051424e+01
326           	-9.871387e+00	-4.479342e-02	1.210910e+00	-9.265932e+00	1.047684e+01
327           	-9.830193e+00	-4.354607e-02	1.213401e+00	-9.223492e+00	1.043689e+01
328           	-9.783738e+00	-4.222226e-02	1.215780e+00	-9.175848e+00	1.039163e+01
329           	-9.732780e+00	-4.079374e-02	1.218039e+00	-9.123761e+00	1.034180e+01
330           	-9.678149e+00	-3.923135e-02	1.220606e+00	-9.067847e+00	1.028845e+01
331           	-9.621552e+00	-3.756397e-02	1.223669e+00	-9.009717e+00	1.023339e+01
332           	-9.563207e+00	-3.583254e-02	1.227049e+00	-8.949683e+00	1.017673e+01
333           	-9.502375e+00	-3.406156e-02	1.230494e+00	-8.887129e+00	1.011762e+01
334           	-9.437368e+00	-3.222806e-02	1.233911e+00	-8.820412e+00	1.005432e+01
335           	-9.366666e+00	-3.027540e-02	1.237446e+00	-8.747943e+00	9.985389e+00
336           	-9.291434e+00	-2.820379e-02	1.241356e+00	-8.670756e+00	9.912112e+00
337           	-9.211457e+00	-2.599870e-02	1.245706e+00	-8.588604e+00	9.834310e+00
338           	-9.128125e+00	-2.369847e-02	1.250483e+00	-8.502884e+00	9.753367e+00
339           	-9.040102e+00	-2.129165e-02	1.255524e+00	-8.412341e+00	9.667864e+00
340           	-8.947658e+00	-1.878734e-02	1.260825e+00	-8.317245e+00	9.578070e+00
341           	-8.849405e+00	-1.614888e-02	1.266404e+00	-8.216203e+00	9.482607e+00
342           	-8.743536e+00	-1.332014e-02	1.272836e+00	-8.107118e+00	9.379954e+00
343           	-8.636059e+00	-1.044303e-02	1.278899e+00	-7.996609e+00	9.275508e+00
344           	-8.522438e+00	-7.406704e-03	1.285322e+00	-7.879777e+00	9.165099e+00
345           	-8.401062e+00	-4.162659e-03	1.292452e+00	-7.754836e+00	9.047288e+00
346           	-8.273000e+00	-7.279003e-04	1.300376e+00	-7.622812e+00	8.923187e+00
347           	-8.135151e+00	2.956931e-03	1.309577e+00	-7.480362e+00	8.789939e+00
348           	-7.999651e+00	6.611228e-03	1.318300e+00	-7.340501e+00	8.658801e+00
349           	-7.853817e+00	1.048397e-02	1.328006e+00	-7.189814e+00	8.517820e+00
350           	-7.702427e+00	1.448027e-02	1.337989e+00	-7.033433e+00	8.371422e+00
351           	-7.544185e+00	1.865324e-02	1.348432e+00	-6.869969e+00	8.218401e+00
352           	-7.377747e+00	2.305642e-02	1.359639e+00	-6.697928e+00	8.057566e+00
353           	-7.202624e+00	2.769460e-02	1.371751e+00	-6.516749e+00	7.888500e+00
354           	-7.018344e+00	3.255620e-02	1.384810e+00	-6.325939e+00	7.710749e+00
355           	-6.825534e+00	3.760943e-02	1.398835e+00	-6.126117e+00	7.524952e+00
356           	-6.624541e+00	4.284395e-02	1.413913e+00	-5.917585e+00	7.331498e+00
357           	-6.415091e+00	4.826731e-02	1.430122e+00	-5.700030e+00	7.130152e+00
358           	-6.201081e+00	5.376426e-02	1.446378e+00	-5.477892e+00	6.924271e+00
359           	-5.972658e+00	5.957886e-02	1.464642e+00	-5.240337e+00	6.704979e+00
360           	-5.730220e+00	6.568664e-02	1.485004e+00	-4.987718e+00	6.472722e+00
361           	-5.477380e+00	7.196678e-02	1.507150e+00	-4.723805e+00	6.230955e+00
362           	-5.217737e+00	7.831690e-02	1.530834e+00	-4.452320e+00	5.983153e+00
363           	-4.951144e+00	8.471051e-02	1.555856e+00	-4.173216e+00	5.729072e+00
364           	-4.676113e+00	9.117036e-02	1.582308e+00	-3.884959e+00	5.467267e+00
365           	-4.391728e+00	9.771511e-02	1.610480e+00	-3.586488e+00	5.196968e+00
366           	-4.098120e+00	1.043294e-01	1.640697e+00	-3.277771e+00	4.918469e+00
367           	-3.795362e+00	1.109735e-01	1.672885e+00	-2.958920e+00	4.631804e+00
368           	-3.483589e+00	1.176069e-01	1.706758e+00	-2.630210e+00	4.336969e+00
369           	-3.171888e+00	1.239132e-01	1.739058e+00	-2.302359e+00	4.041417e+00
370           	-2.843041e+00	1.304630e-01	1.774493e+00	-1.955795e+00	3.730287e+00
371           	-2.507592e+00	1.370380e-01	1.812519e+00	-1.601333e+00	3.413852e+00
372           	-2.180264e+00	1.432756e-01	1.851551e+00	-1.254489e+00	3.106039e+00
373           	-1.875740e+00	1.487048e-01	1.883439e+00	-9.340209e-01	2.817460e+00
374           	-1.580468e+00	1.538864e-01	1.927957e+00	-6.164897e-01	2.544446e+00
375           	-1.279134e+00	1.586856e-01	1.959715e+00	-2.992762e-01	2.258991e+00
376           	-9.589985e-01	1.635917e-01	1.989555e+00	3.577922e-02	1.953776e+00
377           	-6.411067e-01	1.686052e-01	2.023372e+00	3.705794e-01	1.652793e+00
378           	-3.124294e-01	1.738377e-01	2.063713e+00	7.194271e-01	1.344286e+00
379           	-1.792055e-02	1.780458e-01	2.088306e+00	1.026233e+00	1.062074e+00
380           	2.883963e-01	1.822801e-01	2.109335e+00	1.343064e+00	7.662711e-01
381           	6.121659e-01	1.867910e-01	2.128714e+00	1.676523e+00	4.521913e-01
382           	9.942642e-01	1.925964e-01	2.152961e+00	2.070745e+00	8.221620e-02
383           	1.348033e+00	1.978935e-01	2.175601e+00	2.435834e+00	-2.602326e-01
384           	1.621609e+00	2.014145e-01	2.187946e+00	2.715582e+00	-5.276359e-01
385           	1.909383e+00	2.052679e-01	2.197378e+00	3.008072e+00	-8.106940e-01
386           	2.312527e+00	2.114798e-01	2.213976e+00	3.419515e+00	-1.205539e+00
387           	2.612250e+00	2.155541e-01	2.216073e+00	3.720287e+00	-1.504214e+00
388           	2.983350e+00	2.211889e-01	2.220557e+00	4.093629e+00	-1.873072e+00
389           	3.229106e+00	2.244761e-01	2.213429e+00	4.335820e+00	-2.122391e+00
390           	3.569647e+00	2.298937e-01	2.207259e+00	4.673276e+00	-2.466017e+00
391           	3.885275e+00	2.350535e-01	2.197293e+00	4.983921e+00	-2.786628e+00
392           	4.079578e+00	2.379269e-01	2.178165e+00	5.168660e+00	-2.990495e+00
393           	4.384422e+00	2.431897e-01	2.154290e+00	5.461567e+00	-3.307277e+00
394           	4.569644e+00	2.461334e-01	2.122037e+00	5.630663e+00	-3.508626e+00
395           	4.740952e+00	2.490776e-01	2.079454e+00	5.780679e+00	-3.701225e+00
396           	4.985296e+00	2.543433e-01	2.030007e+00	6.000300e+00	-3.970293e+00
397           	5.063056e+00	2.568235e-01	1.983262e+00	6.054687e+00	-4.071425e+00
398           	5.133044e+00	2.601536e-01	1.925700e+00	6.095894e+00	-4.170194e+00
399           	5.136428e+00	2.626815e-01	1.859789e+00	6.066323e+00	-4.206534e+00
400           	5.068616e+00	2.642837e-01	1.781903e+00	5.959568e+00	-4.177665e+00
401           	4.949526e+00	2.653515e-01	1.689645e+00	5.794348e+00	-4.104704e+00
402           	4.794658e+00	2.664332e-01	1.585094e+00	5.587205e+00	-4.002111e+00
403           	4.601323e+00	2.677067e-01	1.472147e+00	5.337396e+00	-3.865249e+00
404           	4.359375e+00	2.691033e-01	1.354991e+00	5.036871e+00	-3.681879e+00
405           	4.062107e+00	2.706043e-01	1.236669e+00	4.680441e+00	-3.443772e+00
406           	3.654369e+00	2.713983e-01	1.110411e+00	4.209575e+00	-3.099163e+00
407           	3.317884e+00	2.724048e-01	1.009238e+00	3.822503e+00	-2.813265e+00
408           	2.846413e+00	2.723346e-01	8.542255e-01	3.273525e+00	-2.419300e+00
409           	2.402991e+00	2.718066e-01	7.006709e-01	2.753327e+00	-2.052656e+00
410           	2.158930e+00	2.726254e-01	5.919784e-01	2.454919e+00	-1.862940e+00
411           	1.937128e+00	2.730485e-01	4.690530e-01	2.171655e+00	-1.702602e+00
412           	1.739988e+00	2.733646e-01	3.301760e-01	1.905076e+00	-1.574900e+00
413           	1.545781e+00	2.735401e-01	1.884742e-01	1.640018e+00	-1.451544e+00
414           	1.314136e+00	2.729169e-01	6.231130e-02	1.345291e+00	-1.282980e+00
415           	1.027996e+00	2.703207e-01	-4.522578e-02	1.005383e+00	-1.050609e+00
416           	7.148185e-01	2.650870e-01	-1.444730e-01	6.425820e-01	-7.870551e-01
417           	5.357533e-01	2.597534e-01	-2.346807e-01	4.184130e-01	-6.530937e-01
418           	5.420049e-01	2.571906e-01	-2.939884e-01	3.950107e-01	-6.889991e-01
419           	5.767174e-01	2.565022e-01	-3.000390e-01	4.266978e-01	-7.267369e-01
420           	5.122388e-01	2.542330e-01	-2.830060e-01	3.707358e-01	-6.537418e-01
421           	1.589400e-01	2.453559e-01	-2.787237e-01	1.957814e-02	-2.983019e-01
422           	-4.177735e-01	2.284904e-01	-3.124906e-01	-5.740188e-01	2.615282e-01
423           	-1.041928e+00	2.087886e-01	-3.580450e-01	-1.220950e+00	8.629055e-01
424           	-1.518202e+00	1.919772e-01	-3.811275e-01	-1.708766e+00	1.327638e+00
425           	-1.794648e+00	1.804956e-01	-3.509142e-01	-1.970105e+00	1.619191e+00
426           	-1.911370e+00	1.704632e-01	-2.817960e-01	-2.052268e+00	1.770472e+00
427           	-1.821554e+00	1.615891e-01	-1.901762e-01	-1.916642e+00	1.726466e+00
428           	-1.589343e+00	1.520937e-01	-8.566059e-02	-1.632174e+00	1.546513e+00
429           	-1.270608e+00	1.414200e-01	1.728367e-02	-1.261966e+00	1.279250e+00
430           	-7.717128e-01	1.331540e-01	8.017066e-02	-7.316275e-01	8.117981e-01
431           	-2.909176e-02	1.314741e-01	1.484871e-01	4.515180e-02	1.033353e-01
432           	1.154307e+00	1.412102e-01	2.822759e-01	1.295445e+00	-1.013169e+00
433           	1.844784e+00	1.465245e-01	3.486471e-01	2.019108e+00	-1.670460e+00
434           	2.156616e+00	1.474860e-01	3.787676e-01	2.346000e+00	-1.967233e+00
435           	2.415106e+00	1.492903e-01	4.169487e-01	2.623580e+00	-2.206632e+00
436           	2.579674e+00	1.489932e-01	4.320763e-01	2.795712e+00	-2.363636e+00
437           	2.209678e+00	1.409361e-01	4.274065e-01	2.423381e+00	-1.995974e+00
438           	1.785912e+00	1.348936e-01	4.126900e-01	1.992257e+00	-1.579567e+00
439           	1.325734e+00	1.287603e-01	3.651580e-01	1.508313e+00	-1.143155e+00
440           	7.632491e-01	1.211236e-01	2.752553e-01	9.008767e-01	-6.256214e-01
441           	-7.493210e-03	1.120386e-01	1.747714e-01	7.989250e-02	9.487893e-02
442           	-8.989406e-01	1.025212e-01	7.347196e-02	-8.622047e-01	9.356766e-01
443           	-1.914215e+00	9.186015e-02	-4.349950e-02	-1.935965e+00	1.892465e+00
444           	-2.914091e+00	8.061291e-02	-1.035118e-01	-2.965847e+00	2.862335e+00
445           	-3.710423e+00	7.095402e-02	-1.121585e-01	-3.766502e+00	3.654343e+00
446           	-4.306046e+00	6.125882e-02	-1.111256e-01	-4.361609e+00	4.250483e+00
447           	-4.734327e+00	5.182599e-02	-1.037668e-01	-4.786211e+00	4.682444e+00
448           	-5.042314e+00	4.365467e-02	-8.422529e-02	-5.084427e+00	5.000202e+00
449           	-5.212967e+00	3.741502e-02	-3.911313e-02	-5.232524e+00	5.193411e+00
450           	-5.044336e+00	3.611434e-02	4.578271e-02	-5.021444e+00	5.067227e+00
451           	-4.683107e+00	3.708376e-02	1.389998e-01	-4.613607e+00	4.752607e+00
452           	-4.068339e+00	3.992681e-02	2.514620e-01	-3.942608e+00	4.194070e+00
453           	-3.350416e+00	4.353839e-02	3.960670e-01	-3.152383e+00	3.548450e+00
454           	-2.863948e+00	4.466430e-02	4.997981e-01	-2.614049e+00	3.113848e+00
455           	-2.691161e+00	4.423038e-02	5.579347e-01	-2.412194e+00	2.970129e+00
456           	-2.712278e+00	4.349976e-02	5.930795e-01	-2.415738e+00	3.008818e+00
457           	-2.862257e+00	4.239601e-02	6.083380e-01	-2.558088e+00	3.166426e+00
458           	-3.129157e+00	4.004837e-02	6.130439e-01	-2.822635e+00	3.435679e+00
459           	-3.475928e+00	3.704520e-02	6.069982e-01	-3.172429e+00	3.779427e+00
460           	-3.948733e+00	3.259674e-02	5.868537e-01	-3.655306e+00	4.242159e+00
461           	-4.483979e+00	2.778946e-02	5.621411e-01	-4.202908e+00	4.765049e+00
462           	-5.047962e+00	2.336735e-02	5.348408e-01	-4.780541e+00	5.315382e+00
463           	-5.563953e+00	2.000742e-02	5.074380e-01	-5.310234e+00	5.817672e+00
464           	-6.048036e+00	1.638842e-02	4.820208e-01	-5.807025e+00	6.289046e+00
465           	-6.527570e+00	1.163829e-02	4.567848e-01	-6.299177e+00	6.755962e+00
466           	-6.945989e+00	6.722596e-03	4.330314e-01	-6.729473e+00	7.162505e+00
467           	-7.259339e+00	2.476236e-03	4.237182e-01	-7.047480e+00	7.471198e+00
468           	-7.382500e+00	2.323923e-04	4.384296e-01	-7.163286e+00	7.601715e+00
469           	-7.367106e+00	-2.338116e-04	4.737229e-01	-7.130244e+00	7.603967e+00
470           	-7.268277e+00	2.141962e-04	5.255685e-01	-7.005493e+00	7.531061e+00
471           	-7.153681e+00	4.504990e-04	5.863991e-01	-6.860481e+00	7.446880e+00
472           	-7.028204e+00	4.029405e-04	6.525602e-01	-6.701924e+00	7.354484e+00
473           	-6.909409e+00	-2.244383e-04	7.051685e-01	-6.556825e+00	7.261993e+00
474           	-6.813291e+00	-9.577746e-04	7.419687e-01	-6.442307e+00	7.184276e+00
475           	-6.774042e+00	-1.557280e-03	7.719537e-01	-6.388066e+00	7.160019e+00
476           	-6.742989e+00	-1.601780e-03	8.040940e-01	-6.340942e+00	7.145036e+00
477           	-6.736767e+00	-1.602592e-03	8.363990e-01	-6.318568e+00	7.154967e+00
478           	-6.765370e+00	-1.989758e-03	8.623915e-01	-6.334174e+00	7.196566e+00
479           	-6.825433e+00	-2.865517e-03	8.807241e-01	-6.385071e+00	7.265795e+00
480           	-6.932526e+00	-4.083486e-03	8.891787e-01	-6.487936e+00	7.377115e+00
481           	-7.092600e+00	-5.698655e-03	8.902664e-01	-6.647466e+00	7.537733e+00
482           	-7.280847e+00	-7.722199e-03	8.885574e-01	-6.836569e+00	7.725126e+00
483           	-7.486652e+00	-9.878002e-03	8.875624e-01	-7.042871e+00	7.930433e+00
484           	-7.702483e+00	-1.217723e-02	8.871773e-01	-7.258894e+00	8.146071e+00
485           	-7.940087e+00	-1.483968e-02	8.850942e-01	-7.497540e+00	8.382634e+00
486           	-8.210390e+00	-1.825475e-02	8.799365e-01	-7.770422e+00	8.650358e+00
487           	-8.470297e+00	-2.176593e-02	8.710937e-01	-8.034750e+00	8.905844e+00
488           	-8.659384e+00	-2.421171e-02	8.580638e-01	-8.230352e+00	9.088416e+00
489           	-8.832937e+00	-2.650873e-02	8.517334e-01	-8.407070e+00	9.258803e+00
490           	-8.965272e+00	-2.830100e-02	8.531403e-01	-8.538702e+00	9.391842e+00
491           	-9.085807e+00	-3.000601e-02	8.610926e-01	-8.655261e+00	9.516354e+00
492           	-9.175391e+00	-3.145123e-02	8.703236e-01	-8.740229e+00	9.610552e+00
493           	-9.205894e+00	-3.246505e-02	8.825073e-01	-8.764640e+00	9.647147e+00
494           	-9.209188e+00	-3.328588e-02	8.973313e-01	-8.760522e+00	9.657854e+00
495           	-9.193785e+00	-3.400222e-02	9.171315e-01	-8.735219e+00	9.652351e+00
496           	-9.153420e+00	-3.447351e-02	9.427868e-01	-8.682027e+00	9.624814e+00
497           	-9.101702e+00	-3.467182e-02	9.687265e-01	-8.617339e+00	9.586066e+00
498           	-9.042639e+00	-3.458525e-02	9.947819e-01	-8.545248e+00	9.540029e+00
499           	-8.989512e+00	-3.449484e-02	1.017565e+00	-8.480729e+00	9.498294e+00
500           	-8.954693e+00	-3.466575e-02	1.034902e+00	-8.437242e+00	9.472144e+00
