/*--------------------------------*- C++ -*----------------------------------*\
  =========                 |
  \\      /  F ield         | OpenFOAM: The Open Source CFD Toolbox
   \\    /   O peration     | Website:  https://openfoam.org
    \\  /    A nd           | Version:  12
     \\/     M anipulation  |
\*---------------------------------------------------------------------------*/
FoamFile
{
    format      ascii;
    class       volScalarField;
    location    "100";
    object      nuTilda;
}
// * * * * * * * * * * * * * * * * * * * * * * * * * * * * * * * * * * * * * //

dimensions      [0 2 -1 0 0 0 0];

internalField   nonuniform List<scalar> 
10720
(
0.08123
0.0866104
0.0920022
0.097638
0.103728
0.110488
0.118168
0.126885
0.136853
0.148122
0.160593
0.174078
0.188077
0.201935
0.214924
0.226254
0.235436
0.242155
0.246345
0.248194
0.247951
0.245844
0.242134
0.237141
0.231477
0.225848
0.220424
0.214959
0.209254
0.203254
0.196945
0.190301
0.183294
0.175912
0.167964
0.159312
0.148893
0.137174
0.107463
0.0755628
0.0684683
0.0595437
0.0510086
0.0502828
0.0565639
0.0666184
0.0751732
0.0827362
0.0901806
0.0981028
0.106723
0.115974
0.125526
0.134774
0.143187
0.150358
0.156204
0.160871
0.164694
0.167993
0.171046
0.174018
0.176953
0.179513
0.181308
0.182291
0.182562
0.182266
0.181451
0.180119
0.178255
0.175859
0.172948
0.16948
0.16544
0.16009
0.154042
0.135594
0.112391
0.111839
0.110989
0.109854
0.108636
0.107241
0.105709
0.104147
0.102583
0.101121
0.0998695
0.0989207
0.0985695
0.099592
0.102038
0.105692
0.110364
0.116032
0.122943
0.130988
0.14004
0.149562
0.159054
0.167742
0.174706
0.179527
0.18219
0.182989
0.182332
0.180586
0.178045
0.174913
0.171326
0.167392
0.163215
0.15902
0.15483
0.15251
0.146433
0.112977
0.113239
0.113663
0.113466
0.112679
0.111288
0.109119
0.106457
0.103532
0.10038
0.0970934
0.093849
0.0908047
0.0880696
0.0857743
0.0839706
0.0826529
0.0817876
0.0812948
0.0810997
0.0811393
0.0813878
0.0818274
0.0825132
0.0834566
0.0845823
0.085986
0.0886124
0.0928585
0.0980431
0.103324
0.108098
0.112052
0.115091
0.117281
0.118939
0.120039
0.123268
0.124422
0.127559
0.127479
0.12726
0.126887
0.126445
0.125854
0.12511
0.124249
0.123227
0.122055
0.120742
0.119276
0.117667
0.115931
0.114085
0.112176
0.110229
0.108334
0.106524
0.105189
0.10496
0.10597
0.107696
0.109605
0.111829
0.114285
0.117004
0.123846
0.131826
0.139421
0.14604
0.151483
0.155744
0.158933
0.161213
0.162791
0.163842
0.164622
0.165587
0.127605
0.127521
0.127441
0.1272
0.126893
0.126437
0.125755
0.124795
0.123573
0.122048
0.120215
0.118121
0.115795
0.113247
0.110546
0.107724
0.10483
0.101903
0.0989911
0.0961094
0.0932862
0.0905293
0.0878776
0.085276
0.0827027
0.0802215
0.0778896
0.075757
0.0740434
0.0729054
0.073233
0.0755571
0.0793169
0.0838651
0.0887764
0.093796
0.0986132
0.103753
0.110267
0.132434
0.132366
0.13224
0.132047
0.13181
0.131501
0.131115
0.130665
0.130129
0.129509
0.128804
0.128002
0.127094
0.126076
0.12493
0.123649
0.12221
0.120611
0.118829
0.116771
0.114388
0.11179
0.109072
0.1065
0.104287
0.102506
0.101065
0.10046
0.101022
0.102605
0.10783
0.115139
0.123321
0.131774
0.140122
0.148209
0.156029
0.163817
0.17208
0.132472
0.132449
0.132433
0.132305
0.132128
0.131857
0.131456
0.130918
0.130251
0.129436
0.128462
0.127333
0.126049
0.124599
0.123001
0.121256
0.119378
0.117381
0.115286
0.113101
0.110844
0.108519
0.106122
0.103579
0.100834
0.0979228
0.0948767
0.0917184
0.0884667
0.0851701
0.081955
0.0790687
0.0767175
0.0753894
0.0763694
0.0789331
0.082719
0.0877968
0.0966725
0.134838
0.134799
0.134727
0.134614
0.13447
0.134281
0.134044
0.133767
0.133437
0.133056
0.132621
0.132125
0.131561
0.130924
0.130202
0.129385
0.128456
0.127403
0.1262
0.124823
0.123211
0.121312
0.119077
0.116542
0.113851
0.111106
0.108336
0.105575
0.102982
0.100596
0.0989978
0.09869
0.0997955
0.104851
0.112507
0.12225
0.133755
0.14798
0.165948
0.134854
0.134837
0.134825
0.134738
0.134626
0.134456
0.134207
0.133875
0.133468
0.132975
0.13239
0.131714
0.130946
0.130074
0.129108
0.128039
0.126872
0.125606
0.124248
0.122795
0.121254
0.119619
0.11788
0.115978
0.113854
0.111517
0.108965
0.106208
0.103244
0.100078
0.0967334
0.0932485
0.0896799
0.0861154
0.0828894
0.0801652
0.0789418
0.0798467
0.0859997
0.1362
0.136174
0.136129
0.136057
0.135963
0.135841
0.135688
0.135506
0.135289
0.135038
0.13475
0.13442
0.134044
0.133618
0.133134
0.132584
0.131957
0.131244
0.130425
0.129487
0.128398
0.127133
0.125654
0.123936
0.122001
0.119861
0.117499
0.114908
0.112129
0.109192
0.106146
0.103181
0.100446
0.0987725
0.0986402
0.102641
0.110646
0.12455
0.149388
0.136209
0.136197
0.13619
0.136127
0.136049
0.13593
0.135758
0.135533
0.135262
0.134937
0.134552
0.134109
0.133608
0.13304
0.13241
0.131713
0.130948
0.130114
0.129212
0.128238
0.127193
0.12607
0.124856
0.123507
0.121977
0.12026
0.118343
0.11622
0.113881
0.111319
0.108528
0.105507
0.102255
0.0987751
0.0950972
0.0911841
0.0873273
0.083014
0.0825946
0.137066
0.137049
0.137019
0.13697
0.136904
0.136818
0.136709
0.13658
0.136426
0.136248
0.136044
0.135809
0.135542
0.135239
0.134894
0.134504
0.134058
0.133549
0.132964
0.132291
0.131511
0.130609
0.129565
0.128365
0.127016
0.125514
0.123825
0.121921
0.119775
0.117366
0.114667
0.1117
0.108496
0.105179
0.101908
0.0996353
0.0994325
0.105485
0.12882
0.137069
0.137061
0.137056
0.137009
0.136951
0.136863
0.136737
0.136576
0.136385
0.136155
0.135885
0.135578
0.13523
0.13484
0.134407
0.13393
0.133405
0.132833
0.132212
0.131539
0.130812
0.130024
0.129167
0.128208
0.127112
0.125869
0.124467
0.122891
0.121126
0.119158
0.11697
0.114548
0.111879
0.108944
0.105723
0.102123
0.0981373
0.0930005
0.0863203
0.137657
0.137647
0.137627
0.137592
0.137543
0.13748
0.137399
0.137303
0.13719
0.137059
0.13691
0.136739
0.136546
0.136326
0.136075
0.135791
0.135465
0.135092
0.134663
0.134168
0.133595
0.132929
0.132159
0.131276
0.130286
0.129185
0.127948
0.126553
0.124974
0.123177
0.121126
0.118782
0.116108
0.113059
0.109626
0.105838
0.102165
0.0987446
0.11241
0.137658
0.137652
0.137648
0.137612
0.137567
0.1375
0.137404
0.137284
0.137142
0.136972
0.136774
0.136549
0.136297
0.136015
0.135704
0.135361
0.134985
0.134574
0.134129
0.133644
0.133119
0.132549
0.131924
0.131223
0.13042
0.129507
0.128471
0.1273
0.125977
0.124488
0.122814
0.120936
0.11883
0.116473
0.11383
0.110822
0.107316
0.103042
0.094386
0.138085
0.138078
0.138065
0.138039
0.138002
0.137952
0.13789
0.137815
0.137728
0.137628
0.137514
0.137383
0.137236
0.137069
0.136879
0.136663
0.136415
0.136132
0.135805
0.135428
0.134992
0.134489
0.133909
0.133245
0.1325
0.131669
0.130734
0.12968
0.128486
0.127129
0.12558
0.123801
0.121748
0.119353
0.116551
0.113107
0.109264
0.102661
0.105084
0.138083
0.13808
0.138077
0.138048
0.138012
0.137958
0.137884
0.137791
0.137682
0.137551
0.1374
0.13723
0.137041
0.13683
0.136599
0.136344
0.136066
0.135762
0.135432
0.135073
0.134683
0.134258
0.133792
0.133267
0.132666
0.13198
0.131202
0.130319
0.129318
0.128185
0.126902
0.125452
0.12381
0.12195
0.119834
0.117401
0.114452
0.111095
0.102958
0.138406
0.138403
0.138394
0.138373
0.138343
0.138304
0.138253
0.138194
0.138125
0.138046
0.137957
0.137855
0.137741
0.137611
0.137464
0.137297
0.137106
0.136888
0.136636
0.136347
0.136012
0.135624
0.135176
0.134664
0.134088
0.133445
0.132721
0.131903
0.130976
0.129923
0.12872
0.127341
0.125752
0.123898
0.121724
0.118993
0.115843
0.109973
0.105025
0.138404
0.138401
0.138399
0.138376
0.138347
0.138303
0.138243
0.13817
0.138083
0.13798
0.137861
0.137729
0.137582
0.13742
0.137243
0.137049
0.136838
0.136607
0.136356
0.136083
0.135786
0.135461
0.135104
0.134701
0.13424
0.133715
0.133118
0.132439
0.131669
0.130796
0.129804
0.128678
0.127397
0.125935
0.124256
0.122313
0.119893
0.117234
0.110357
0.138656
0.138655
0.138648
0.138631
0.138607
0.138574
0.138533
0.138485
0.138429
0.138365
0.138293
0.138212
0.13812
0.138017
0.1379
0.137768
0.137617
0.137444
0.137245
0.137017
0.136753
0.136448
0.136097
0.135697
0.135247
0.134743
0.134175
0.133532
0.132802
0.13197
0.131019
0.129928
0.12867
0.127205
0.125491
0.12336
0.120826
0.11667
0.10919
0.138652
0.138651
0.138649
0.138631
0.138606
0.13857
0.138521
0.138461
0.138391
0.138307
0.138212
0.138107
0.137991
0.137864
0.137725
0.137574
0.137409
0.13723
0.137035
0.136823
0.136592
0.136339
0.13606
0.135746
0.135386
0.134976
0.134509
0.13398
0.133378
0.132695
0.131917
0.131033
0.130024
0.128869
0.127534
0.125984
0.124024
0.121897
0.1163
0.138855
0.138855
0.13885
0.138836
0.138815
0.138787
0.138753
0.138713
0.138667
0.138614
0.138556
0.138489
0.138415
0.138332
0.138237
0.138131
0.138009
0.13787
0.137711
0.137528
0.137317
0.137074
0.136794
0.136475
0.136117
0.135716
0.135264
0.134752
0.13417
0.133506
0.132746
0.131872
0.130863
0.129686
0.128305
0.126617
0.124508
0.121716
0.114469
0.138851
0.13885
0.138849
0.138835
0.138813
0.138782
0.138742
0.138692
0.138633
0.138565
0.138487
0.138401
0.138308
0.138206
0.138095
0.137975
0.137845
0.137703
0.137549
0.137381
0.137199
0.136999
0.136777
0.136527
0.136241
0.135916
0.135546
0.135126
0.134649
0.134106
0.133489
0.132786
0.131983
0.131062
0.129995
0.128752
0.12717
0.125459
0.120965
0.139017
0.139018
0.139014
0.139001
0.138983
0.138959
0.13893
0.138897
0.138858
0.138814
0.138765
0.138711
0.138649
0.138581
0.138503
0.138416
0.138316
0.138203
0.138073
0.137925
0.137753
0.137556
0.13733
0.137072
0.136784
0.136461
0.136096
0.135683
0.135214
0.134679
0.134066
0.13336
0.132544
0.131591
0.130464
0.129109
0.12733
0.125333
0.119294
0.139013
0.139012
0.139011
0.139
0.138982
0.138955
0.13892
0.138878
0.138829
0.138771
0.138707
0.138636
0.13856
0.138476
0.138387
0.13829
0.138185
0.138071
0.137948
0.137813
0.137666
0.137505
0.137327
0.137126
0.136896
0.136634
0.136336
0.135999
0.135615
0.13518
0.134684
0.134119
0.133473
0.132731
0.13187
0.130867
0.129584
0.128201
0.12461
0.139151
0.139152
0.139148
0.139137
0.139121
0.139101
0.139076
0.139047
0.139014
0.138977
0.138936
0.13889
0.138839
0.138782
0.138718
0.138645
0.138563
0.138469
0.138362
0.138239
0.138098
0.137937
0.137752
0.137542
0.137306
0.137043
0.136746
0.136409
0.136026
0.13559
0.13509
0.134515
0.133849
0.133073
0.13215
0.131049
0.129561
0.127995
0.123211
0.139147
0.139146
0.139145
0.139136
0.139121
0.139097
0.139067
0.139031
0.138989
0.13894
0.138886
0.138827
0.138763
0.138694
0.138621
0.138541
0.138456
0.138363
0.138263
0.138154
0.138034
0.137903
0.137758
0.137594
0.137406
0.137193
0.136951
0.136676
0.136365
0.136011
0.135608
0.135149
0.134624
0.134021
0.133321
0.132504
0.131459
0.130332
0.127465
0.139263
0.139264
0.13926
0.13925
0.139236
0.139219
0.139197
0.139172
0.139144
0.139113
0.139078
0.139039
0.138996
0.138947
0.138893
0.138832
0.138763
0.138685
0.138595
0.138493
0.138376
0.138242
0.138089
0.137916
0.137722
0.137506
0.137261
0.136984
0.136669
0.136309
0.135898
0.135425
0.134878
0.13424
0.13348
0.132577
0.131346
0.13005
0.126277
0.139259
0.139259
0.139258
0.139251
0.139237
0.139216
0.13919
0.139159
0.139122
0.13908
0.139034
0.138984
0.13893
0.138873
0.138812
0.138746
0.138675
0.138599
0.138517
0.138427
0.138329
0.138221
0.138101
0.137966
0.137811
0.137635
0.137437
0.137211
0.136956
0.136665
0.136335
0.135959
0.135528
0.135034
0.134459
0.133789
0.132933
0.132008
0.129714
0.139358
0.139359
0.139355
0.139346
0.139334
0.139318
0.1393
0.139278
0.139254
0.139227
0.139197
0.139163
0.139126
0.139085
0.139039
0.138987
0.138928
0.138862
0.138787
0.138701
0.138603
0.138491
0.138363
0.138219
0.138058
0.137878
0.137675
0.137445
0.137183
0.136885
0.136544
0.136152
0.135698
0.13517
0.13454
0.133793
0.132779
0.13169
0.128682
0.139355
0.139355
0.139354
0.139348
0.139336
0.139317
0.139294
0.139267
0.139235
0.139198
0.139158
0.139115
0.13907
0.139021
0.13897
0.138915
0.138856
0.138793
0.138724
0.138649
0.138568
0.138478
0.138379
0.138266
0.138137
0.137991
0.137826
0.13764
0.137428
0.137188
0.136914
0.136603
0.136248
0.135839
0.135364
0.13481
0.134104
0.133339
0.131499
0.13944
0.13944
0.139437
0.139428
0.139417
0.139404
0.139387
0.139369
0.139347
0.139324
0.139297
0.139268
0.139236
0.139201
0.139161
0.139117
0.139067
0.139011
0.138947
0.138874
0.138791
0.138696
0.138588
0.138468
0.138333
0.138182
0.138012
0.13782
0.137601
0.137352
0.137067
0.13674
0.136361
0.13592
0.135395
0.134773
0.133933
0.13302
0.130593
0.139437
0.139437
0.139437
0.139431
0.13942
0.139404
0.139383
0.139358
0.13933
0.139299
0.139264
0.139227
0.139187
0.139146
0.139102
0.139056
0.139006
0.138953
0.138896
0.138833
0.138765
0.13869
0.138606
0.138512
0.138404
0.138282
0.138144
0.137988
0.137811
0.13761
0.137383
0.137123
0.136827
0.136487
0.136092
0.135631
0.135046
0.134408
0.132929
0.13951
0.139509
0.139507
0.139499
0.139489
0.139478
0.139463
0.139446
0.139428
0.139407
0.139384
0.139358
0.139331
0.1393
0.139265
0.139227
0.139184
0.139136
0.139081
0.139019
0.138948
0.138867
0.138776
0.138674
0.13856
0.138433
0.13829
0.138128
0.137944
0.137734
0.137495
0.137219
0.136901
0.136531
0.136091
0.135569
0.134869
0.134105
0.132132
0.139508
0.139508
0.139508
0.139503
0.139493
0.139478
0.139459
0.139438
0.139413
0.139385
0.139354
0.139322
0.139288
0.139252
0.139215
0.139175
0.139133
0.139088
0.139039
0.138987
0.138929
0.138866
0.138795
0.138715
0.138624
0.138521
0.138404
0.138273
0.138124
0.137956
0.137765
0.137547
0.137299
0.137014
0.136684
0.136298
0.13581
0.135275
0.134083
0.139571
0.13957
0.139568
0.139561
0.139552
0.139542
0.139529
0.139514
0.139497
0.139479
0.139459
0.139436
0.139412
0.139385
0.139355
0.139322
0.139284
0.139242
0.139195
0.139142
0.139081
0.139012
0.138934
0.138847
0.138751
0.138643
0.138521
0.138384
0.138228
0.138051
0.137848
0.137615
0.137346
0.137034
0.136662
0.136223
0.135635
0.134995
0.133382
0.13957
0.13957
0.139571
0.139566
0.139557
0.139543
0.139526
0.139506
0.139484
0.139459
0.139432
0.139404
0.139374
0.139343
0.139311
0.139277
0.139241
0.139202
0.139161
0.139116
0.139067
0.139013
0.138953
0.138885
0.138808
0.13872
0.138621
0.13851
0.138384
0.138242
0.13808
0.137897
0.137687
0.137447
0.137169
0.136844
0.136436
0.135985
0.135021
0.139624
0.139624
0.139621
0.139615
0.139608
0.139598
0.139586
0.139573
0.139558
0.139542
0.139524
0.139504
0.139482
0.139459
0.139432
0.139403
0.139371
0.139334
0.139293
0.139247
0.139194
0.139135
0.139068
0.138994
0.138911
0.138819
0.138716
0.138599
0.138466
0.138315
0.138142
0.137945
0.137716
0.137451
0.137135
0.136765
0.136266
0.135729
0.134408
0.139624
0.139625
0.139626
0.139621
0.139613
0.1396
0.139584
0.139566
0.139546
0.139524
0.1395
0.139475
0.139449
0.139422
0.139394
0.139364
0.139333
0.1393
0.139265
0.139227
0.139185
0.139139
0.139087
0.139029
0.138962
0.138887
0.138803
0.138708
0.138601
0.13848
0.138343
0.138187
0.13801
0.137806
0.137571
0.137297
0.136951
0.136574
0.135787
0.139672
0.139671
0.139669
0.139663
0.139657
0.139648
0.139637
0.139625
0.139612
0.139597
0.139581
0.139563
0.139544
0.139523
0.1395
0.139475
0.139446
0.139414
0.139379
0.139338
0.139292
0.139241
0.139183
0.139119
0.139048
0.138969
0.138881
0.13878
0.138667
0.138537
0.13839
0.138221
0.138026
0.137799
0.137531
0.137216
0.136789
0.136343
0.13526
0.139672
0.139673
0.139675
0.13967
0.139662
0.13965
0.139636
0.139619
0.139601
0.139581
0.139559
0.139537
0.139514
0.13949
0.139466
0.13944
0.139413
0.139385
0.139354
0.139321
0.139285
0.139246
0.139201
0.139151
0.139094
0.139029
0.138957
0.138876
0.138784
0.13868
0.138563
0.13843
0.138279
0.138106
0.137906
0.137674
0.137379
0.13707
0.136425
0.139714
0.139713
0.139711
0.139706
0.1397
0.139692
0.139682
0.139671
0.139659
0.139646
0.139632
0.139616
0.139599
0.139581
0.13956
0.139538
0.139513
0.139485
0.139453
0.139418
0.139378
0.139333
0.139283
0.139227
0.139166
0.139098
0.139022
0.138935
0.138837
0.138726
0.1386
0.138454
0.138287
0.138093
0.137863
0.137595
0.137227
0.136861
0.135972
0.139715
0.139716
0.139718
0.139714
0.139706
0.139695
0.139681
0.139666
0.13965
0.139631
0.139612
0.139592
0.139571
0.13955
0.139529
0.139506
0.139483
0.139458
0.139432
0.139403
0.139372
0.139338
0.139299
0.139256
0.139206
0.13915
0.139088
0.139018
0.138939
0.13885
0.13875
0.138636
0.138506
0.138358
0.138187
0.13799
0.137737
0.137492
0.136967
0.139751
0.139751
0.139749
0.139745
0.139739
0.139732
0.139723
0.139713
0.139702
0.13969
0.139677
0.139663
0.139648
0.139632
0.139614
0.139594
0.139572
0.139547
0.139519
0.139488
0.139453
0.139413
0.13937
0.139321
0.139268
0.139209
0.139143
0.139068
0.138984
0.138888
0.138778
0.138653
0.138509
0.138343
0.138145
0.137915
0.137596
0.1373
0.136567
0.139753
0.139755
0.139757
0.139753
0.139746
0.139735
0.139722
0.139708
0.139693
0.139676
0.139658
0.13964
0.139622
0.139603
0.139584
0.139564
0.139544
0.139522
0.139499
0.139474
0.139447
0.139417
0.139384
0.139346
0.139303
0.139255
0.139201
0.13914
0.139072
0.138995
0.138908
0.13881
0.138699
0.138572
0.138426
0.138255
0.138043
0.137849
0.137436
0.139785
0.139785
0.139784
0.139779
0.139774
0.139767
0.139759
0.13975
0.13974
0.13973
0.139718
0.139706
0.139692
0.139678
0.139662
0.139644
0.139624
0.139602
0.139578
0.13955
0.139519
0.139484
0.139446
0.139404
0.139357
0.139306
0.139248
0.139184
0.13911
0.139027
0.138932
0.138824
0.138699
0.138556
0.138384
0.138186
0.137911
0.137673
0.137068
0.139787
0.13979
0.139792
0.139788
0.139781
0.139771
0.139759
0.139746
0.139731
0.139716
0.1397
0.139683
0.139667
0.13965
0.139633
0.139616
0.139597
0.139579
0.139558
0.139537
0.139513
0.139487
0.139458
0.139425
0.139387
0.139345
0.139298
0.139245
0.139186
0.139119
0.139044
0.13896
0.138864
0.138754
0.138629
0.13848
0.138307
0.138152
0.137839
0.139815
0.139815
0.139815
0.13981
0.139805
0.139799
0.139792
0.139784
0.139775
0.139765
0.139755
0.139744
0.139732
0.139719
0.139705
0.139689
0.139672
0.139652
0.13963
0.139606
0.139578
0.139547
0.139513
0.139476
0.139436
0.139391
0.139341
0.139284
0.13922
0.139147
0.139065
0.138971
0.138863
0.138738
0.13859
0.138419
0.138182
0.137992
0.137492
0.139817
0.139821
0.139824
0.13982
0.139813
0.139803
0.139792
0.139779
0.139766
0.139752
0.139737
0.139722
0.139707
0.139692
0.139677
0.139661
0.139645
0.139628
0.139611
0.139592
0.139571
0.139548
0.139522
0.139493
0.13946
0.139423
0.139382
0.139336
0.139285
0.139227
0.139162
0.139088
0.139005
0.13891
0.138802
0.138673
0.138534
0.13841
0.138175
0.139843
0.139843
0.139843
0.139838
0.139834
0.139828
0.139822
0.139814
0.139807
0.139798
0.139789
0.139779
0.139769
0.139757
0.139744
0.13973
0.139714
0.139697
0.139677
0.139655
0.139631
0.139603
0.139573
0.139541
0.139505
0.139465
0.139421
0.139372
0.139316
0.139252
0.13918
0.139098
0.139004
0.138896
0.138767
0.138621
0.138417
0.138266
0.137853
0.139845
0.13985
0.139852
0.139849
0.139842
0.139832
0.139821
0.13981
0.139797
0.139784
0.13977
0.139756
0.139743
0.139729
0.139715
0.139702
0.139687
0.139672
0.139657
0.13964
0.139622
0.139602
0.139579
0.139553
0.139524
0.139492
0.139456
0.139415
0.13937
0.13932
0.139263
0.139199
0.139127
0.139045
0.138951
0.13884
0.13873
0.138629
0.138452
0.139869
0.139869
0.139868
0.139864
0.13986
0.139855
0.139849
0.139843
0.139836
0.139828
0.13982
0.139812
0.139802
0.139791
0.13978
0.139767
0.139753
0.139737
0.139719
0.1397
0.139678
0.139654
0.139627
0.139598
0.139566
0.139532
0.139493
0.139449
0.1394
0.139344
0.139281
0.13921
0.139128
0.139034
0.138922
0.138796
0.138623
0.138503
0.138162
0.13987
0.139875
0.139879
0.139875
0.139868
0.139859
0.139848
0.139837
0.139825
0.139813
0.1398
0.139787
0.139775
0.139763
0.13975
0.139738
0.139725
0.139712
0.139698
0.139683
0.139667
0.139649
0.139629
0.139606
0.139581
0.139552
0.13952
0.139485
0.139445
0.139401
0.139352
0.139296
0.139233
0.139161
0.139079
0.138984
0.138897
0.138815
0.138681
0.139892
0.139892
0.139891
0.139887
0.139884
0.139879
0.139874
0.139869
0.139863
0.139856
0.139849
0.139841
0.139832
0.139823
0.139812
0.139801
0.139788
0.139774
0.139758
0.13974
0.13972
0.139698
0.139675
0.139649
0.139621
0.13959
0.139556
0.139518
0.139474
0.139425
0.13937
0.139308
0.139236
0.139155
0.139058
0.138951
0.138803
0.138708
0.138428
0.139893
0.139899
0.139902
0.139898
0.139892
0.139883
0.139873
0.139862
0.139851
0.139839
0.139827
0.139816
0.139804
0.139793
0.139782
0.13977
0.139759
0.139747
0.139735
0.139722
0.139707
0.139691
0.139674
0.139653
0.139631
0.139605
0.139577
0.139546
0.139511
0.139472
0.139429
0.13938
0.139325
0.139262
0.13919
0.13911
0.13904
0.138973
0.13887
0.139913
0.139914
0.139912
0.139909
0.139906
0.139902
0.139897
0.139893
0.139888
0.139882
0.139876
0.139868
0.139861
0.139852
0.139842
0.139832
0.13982
0.139807
0.139792
0.139776
0.139758
0.139739
0.139717
0.139694
0.139669
0.139642
0.139612
0.139578
0.13954
0.139497
0.139448
0.139394
0.139332
0.139261
0.139178
0.139087
0.138961
0.138886
0.138657
0.139914
0.13992
0.139924
0.13992
0.139914
0.139905
0.139895
0.139884
0.139874
0.139863
0.139852
0.139841
0.139831
0.13982
0.13981
0.1398
0.139789
0.139779
0.139768
0.139756
0.139743
0.139729
0.139713
0.139695
0.139675
0.139652
0.139628
0.1396
0.139569
0.139535
0.139497
0.139453
0.139405
0.139351
0.139287
0.13922
0.139163
0.139107
0.139027
0.139933
0.139933
0.139932
0.139929
0.139926
0.139923
0.139919
0.139915
0.139911
0.139906
0.1399
0.139894
0.139886
0.139878
0.139869
0.13986
0.139849
0.139837
0.139824
0.139809
0.139793
0.139775
0.139756
0.139735
0.139713
0.139689
0.139662
0.139632
0.139598
0.13956
0.139517
0.13947
0.139416
0.139355
0.139284
0.139207
0.1391
0.13904
0.138854
0.139934
0.13994
0.139944
0.13994
0.139933
0.139925
0.139915
0.139905
0.139895
0.139885
0.139874
0.139864
0.139855
0.139845
0.139836
0.139826
0.139817
0.139807
0.139797
0.139787
0.139775
0.139763
0.139749
0.139732
0.139714
0.139694
0.139672
0.139648
0.13962
0.13959
0.139556
0.139518
0.139476
0.139428
0.139372
0.139315
0.139268
0.139221
0.139159
0.139951
0.139951
0.13995
0.139947
0.139945
0.139942
0.139939
0.139936
0.139933
0.139928
0.139923
0.139917
0.13991
0.139902
0.139894
0.139885
0.139875
0.139864
0.139852
0.139839
0.139824
0.139808
0.139791
0.139772
0.139752
0.139731
0.139707
0.13968
0.13965
0.139616
0.139578
0.139536
0.139489
0.139437
0.139376
0.139311
0.139221
0.139173
0.139021
0.139952
0.139958
0.139962
0.139958
0.139951
0.139943
0.139933
0.139924
0.139914
0.139905
0.139895
0.139886
0.139877
0.139868
0.139859
0.13985
0.139842
0.139833
0.139824
0.139814
0.139804
0.139793
0.13978
0.139766
0.139749
0.139731
0.139712
0.13969
0.139666
0.139639
0.139609
0.139575
0.139538
0.139496
0.139447
0.139397
0.139358
0.139318
0.139269
0.139968
0.139968
0.139966
0.139964
0.139962
0.13996
0.139959
0.139956
0.139953
0.139949
0.139944
0.139938
0.139932
0.139925
0.139917
0.139909
0.139899
0.139889
0.139878
0.139866
0.139853
0.139838
0.139822
0.139806
0.139788
0.139768
0.139747
0.139723
0.139696
0.139666
0.139633
0.139596
0.139554
0.139509
0.139457
0.139401
0.139324
0.139287
0.139164
0.139968
0.139974
0.139978
0.139975
0.139968
0.13996
0.13995
0.139941
0.139932
0.139923
0.139914
0.139905
0.139896
0.139888
0.13988
0.139872
0.139864
0.139856
0.139848
0.139839
0.13983
0.13982
0.139808
0.139795
0.13978
0.139764
0.139747
0.139727
0.139706
0.139682
0.139655
0.139626
0.139592
0.139555
0.139512
0.139468
0.139435
0.1394
0.139361
0.139983
0.139983
0.139981
0.13998
0.139979
0.139978
0.139977
0.139975
0.139972
0.139968
0.139963
0.139957
0.139952
0.139945
0.139938
0.13993
0.139922
0.139913
0.139903
0.139892
0.139879
0.139866
0.139852
0.139836
0.13982
0.139803
0.139784
0.139762
0.139738
0.139711
0.139681
0.139648
0.139612
0.139572
0.139526
0.139478
0.139413
0.139383
0.139284
0.139983
0.13999
0.139994
0.13999
0.139983
0.139975
0.139965
0.139957
0.139948
0.139939
0.139931
0.139922
0.139914
0.139907
0.139899
0.139892
0.139884
0.139877
0.13987
0.139862
0.139853
0.139844
0.139833
0.139822
0.139808
0.139794
0.139778
0.139761
0.139741
0.13972
0.139696
0.13967
0.139641
0.139608
0.13957
0.139531
0.139501
0.139471
0.139439
0.139998
0.139998
0.139996
0.139995
0.139994
0.139994
0.139994
0.139992
0.139989
0.139985
0.139981
0.139976
0.13997
0.139964
0.139958
0.139951
0.139943
0.139935
0.139925
0.139915
0.139904
0.139892
0.139879
0.139865
0.13985
0.139834
0.139817
0.139798
0.139776
0.139752
0.139725
0.139695
0.139662
0.139627
0.139586
0.139544
0.139487
0.139463
0.13939
0.139997
0.140004
0.140008
0.140003
0.139996
0.139988
0.13998
0.139971
0.139963
0.139955
0.139946
0.139938
0.139931
0.139923
0.139916
0.139909
0.139903
0.139896
0.139889
0.139882
0.139874
0.139865
0.139856
0.139845
0.139833
0.13982
0.139806
0.13979
0.139773
0.139754
0.139733
0.13971
0.139683
0.139654
0.139621
0.139585
0.139559
0.139532
0.139505
0.140011
0.140011
0.140009
0.140008
0.140009
0.140009
0.140009
0.140007
0.140005
0.140001
0.139997
0.139993
0.139988
0.139983
0.139977
0.13997
0.139963
0.139955
0.139947
0.139937
0.139927
0.139916
0.139903
0.139891
0.139877
0.139863
0.139847
0.13983
0.139811
0.139789
0.139764
0.139737
0.139707
0.139675
0.139639
0.139601
0.139551
0.13953
0.139479
0.14001
0.140017
0.140021
0.140016
0.140009
0.140001
0.139993
0.139985
0.139977
0.139969
0.13996
0.139953
0.139945
0.139938
0.139932
0.139925
0.139919
0.139913
0.139906
0.1399
0.139893
0.139885
0.139876
0.139867
0.139856
0.139844
0.139831
0.139817
0.139801
0.139784
0.139766
0.139745
0.139721
0.139696
0.139666
0.139633
0.139609
0.139585
0.139562
0.140023
0.140023
0.140021
0.140021
0.140023
0.140024
0.140023
0.140022
0.140019
0.140016
0.140013
0.140009
0.140005
0.14
0.139994
0.139988
0.139982
0.139974
0.139966
0.139958
0.139948
0.139938
0.139926
0.139915
0.139902
0.139889
0.139875
0.139859
0.139842
0.139822
0.1398
0.139776
0.139748
0.139718
0.139685
0.139651
0.139606
0.139586
0.13955
0.140022
0.140029
0.140033
0.140028
0.14002
0.140012
0.140005
0.139997
0.139989
0.139981
0.139973
0.139966
0.139959
0.139952
0.139946
0.13994
0.139934
0.139928
0.139922
0.139916
0.13991
0.139903
0.139895
0.139886
0.139876
0.139865
0.139853
0.139841
0.139827
0.139811
0.139795
0.139776
0.139755
0.139732
0.139706
0.139676
0.139654
0.139631
0.139611
0.140035
0.140034
0.140032
0.140034
0.140036
0.140037
0.140036
0.140035
0.140033
0.14003
0.140028
0.140024
0.14002
0.140016
0.140011
0.140005
0.139999
0.139992
0.139985
0.139976
0.139968
0.139958
0.139948
0.139937
0.139926
0.139914
0.139901
0.139886
0.139871
0.139853
0.139833
0.139811
0.139786
0.139758
0.139727
0.139695
0.139654
0.139634
0.139608
0.140033
0.14004
0.140044
0.140038
0.14003
0.140023
0.140016
0.140009
0.140001
0.139993
0.139985
0.139978
0.139971
0.139964
0.139958
0.139953
0.139947
0.139942
0.139937
0.139931
0.139925
0.139918
0.139911
0.139903
0.139894
0.139884
0.139874
0.139862
0.13985
0.139836
0.139821
0.139804
0.139785
0.139765
0.139742
0.139714
0.139693
0.139671
0.139654
0.140045
0.140045
0.140043
0.140045
0.140048
0.140049
0.140048
0.140047
0.140046
0.140044
0.140042
0.140039
0.140035
0.140031
0.140026
0.140021
0.140015
0.140009
0.140002
0.139994
0.139986
0.139977
0.139967
0.139957
0.139947
0.139936
0.139924
0.139911
0.139897
0.139881
0.139863
0.139843
0.13982
0.139794
0.139766
0.139736
0.139698
0.139677
0.139655
0.140043
0.14005
0.140055
0.140048
0.14004
0.140033
0.140027
0.140019
0.140011
0.140003
0.139995
0.139988
0.139982
0.139976
0.13997
0.139965
0.13996
0.139955
0.13995
0.139944
0.139939
0.139933
0.139926
0.139919
0.139911
0.139902
0.139892
0.139882
0.13987
0.139858
0.139844
0.139829
0.139812
0.139794
0.139774
0.139749
0.139728
0.139707
0.13969
0.140055
0.140054
0.140053
0.140057
0.14006
0.14006
0.14006
0.140059
0.140058
0.140057
0.140055
0.140052
0.140049
0.140045
0.140041
0.140036
0.14003
0.140024
0.140018
0.140011
0.140003
0.139994
0.139986
0.139976
0.139967
0.139957
0.139946
0.139934
0.139921
0.139906
0.13989
0.139872
0.139852
0.139828
0.139802
0.139773
0.139737
0.139716
0.139696
0.140053
0.14006
0.140064
0.140056
0.140049
0.140043
0.140036
0.140028
0.14002
0.140012
0.140005
0.139998
0.139992
0.139986
0.139981
0.139976
0.139971
0.139966
0.139962
0.139957
0.139952
0.139946
0.13994
0.139933
0.139926
0.139918
0.139909
0.139899
0.139889
0.139878
0.139865
0.139852
0.139837
0.13982
0.139802
0.13978
0.13976
0.139738
0.139722
0.140065
0.140063
0.140062
0.140067
0.14007
0.14007
0.14007
0.14007
0.14007
0.140069
0.140067
0.140064
0.140061
0.140058
0.140054
0.14005
0.140045
0.140039
0.140033
0.140026
0.140019
0.140011
0.140003
0.139994
0.139985
0.139976
0.139966
0.139955
0.139943
0.139929
0.139915
0.139899
0.13988
0.139859
0.139835
0.139808
0.139774
0.139752
0.139733
0.140061
0.140069
0.140073
0.140064
0.140057
0.140052
0.140045
0.140037
0.140029
0.140021
0.140014
0.140007
0.140001
0.139996
0.139991
0.139986
0.139982
0.139977
0.139973
0.139969
0.139964
0.139959
0.139953
0.139947
0.13994
0.139932
0.139924
0.139915
0.139906
0.139896
0.139885
0.139872
0.139859
0.139844
0.139828
0.139808
0.139788
0.139767
0.13975
0.140073
0.140071
0.140071
0.140078
0.140079
0.140079
0.14008
0.140081
0.140081
0.14008
0.140078
0.140076
0.140073
0.14007
0.140066
0.140062
0.140058
0.140053
0.140047
0.140041
0.140034
0.140027
0.140019
0.140011
0.140003
0.139994
0.139985
0.139975
0.139963
0.139951
0.139938
0.139923
0.139906
0.139888
0.139866
0.139841
0.139809
0.139787
0.139768
0.140069
0.140077
0.14008
0.140071
0.140065
0.14006
0.140053
0.140044
0.140036
0.140029
0.140022
0.140015
0.14001
0.140005
0.14
0.139996
0.139992
0.139987
0.139983
0.139979
0.139975
0.13997
0.139965
0.139959
0.139953
0.139946
0.139938
0.13993
0.139922
0.139912
0.139902
0.139891
0.139879
0.139865
0.13985
0.139834
0.139815
0.139793
0.139774
0.140081
0.140078
0.140079
0.140087
0.140087
0.140088
0.14009
0.14009
0.14009
0.14009
0.140088
0.140086
0.140084
0.140081
0.140078
0.140074
0.14007
0.140066
0.14006
0.140055
0.140049
0.140042
0.140035
0.140028
0.14002
0.140012
0.140003
0.139993
0.139983
0.139972
0.139959
0.139945
0.13993
0.139913
0.139894
0.139872
0.139843
0.139819
0.1398
0.140077
0.140084
0.140086
0.140077
0.140072
0.140067
0.140059
0.140051
0.140043
0.140036
0.140029
0.140023
0.140018
0.140013
0.140009
0.140005
0.140001
0.139997
0.139993
0.139989
0.139985
0.139981
0.139976
0.139971
0.139965
0.139958
0.139951
0.139944
0.139936
0.139927
0.139918
0.139908
0.139897
0.139885
0.139871
0.139856
0.139839
0.139819
0.139797
0.140087
0.140085
0.140086
0.140093
0.140094
0.140095
0.140097
0.140098
0.140098
0.140098
0.140097
0.140096
0.140094
0.140092
0.140089
0.140085
0.140082
0.140078
0.140073
0.140068
0.140062
0.140056
0.14005
0.140043
0.140036
0.140029
0.140021
0.140012
0.140002
0.139991
0.139979
0.139967
0.139953
0.139937
0.139919
0.1399
0.139874
0.139851
0.139831
0.140083
0.140088
0.140089
0.140082
0.140078
0.140073
0.140065
0.140057
0.140049
0.140042
0.140036
0.140031
0.140026
0.140021
0.140017
0.140013
0.140009
0.140006
0.140002
0.139998
0.139995
0.139991
0.139986
0.139981
0.139975
0.139969
0.139963
0.139956
0.139949
0.139941
0.139932
0.139923
0.139913
0.139902
0.13989
0.139876
0.139861
0.139843
0.139822
0.140091
0.14009
0.140093
0.140097
0.140098
0.140099
0.140101
0.140102
0.140103
0.140103
0.140103
0.140103
0.140102
0.140101
0.140098
0.140096
0.140093
0.140089
0.140085
0.14008
0.140075
0.14007
0.140064
0.140058
0.140052
0.140045
0.140038
0.140029
0.14002
0.14001
0.139999
0.139987
0.139974
0.139959
0.139943
0.139925
0.139903
0.13988
0.139862
0.140089
0.14009
0.14009
0.140086
0.140082
0.140078
0.14007
0.140062
0.140055
0.140048
0.140043
0.140037
0.140033
0.140028
0.140024
0.14002
0.140017
0.140013
0.14001
0.140006
0.140003
0.139999
0.139995
0.13999
0.139985
0.139979
0.139973
0.139967
0.13996
0.139953
0.139945
0.139937
0.139927
0.139917
0.139906
0.139894
0.13988
0.139865
0.139845
0.140094
0.140094
0.140096
0.140099
0.1401
0.140102
0.140104
0.140105
0.140106
0.140106
0.140107
0.140107
0.140107
0.140106
0.140106
0.140104
0.140103
0.1401
0.140096
0.140093
0.140089
0.140084
0.140079
0.140073
0.140067
0.140061
0.140054
0.140047
0.140038
0.140029
0.140019
0.140008
0.139995
0.139981
0.139966
0.13995
0.13993
0.139907
0.13989
0.140091
0.140092
0.140091
0.140088
0.140084
0.14008
0.140074
0.140067
0.14006
0.140054
0.140048
0.140043
0.140039
0.140034
0.14003
0.140027
0.140023
0.14002
0.140017
0.140013
0.14001
0.140006
0.140002
0.139998
0.139993
0.139988
0.139982
0.139977
0.13997
0.139964
0.139956
0.139949
0.13994
0.139931
0.139921
0.13991
0.139898
0.139884
0.139867
0.140095
0.140096
0.140097
0.1401
0.140102
0.140104
0.140105
0.140107
0.140108
0.140108
0.140109
0.140109
0.14011
0.14011
0.140109
0.140109
0.140108
0.140107
0.140106
0.140104
0.140102
0.140099
0.140095
0.14009
0.140085
0.140079
0.140072
0.140065
0.140057
0.140048
0.140038
0.140028
0.140016
0.140003
0.139989
0.139973
0.139955
0.139933
0.139917
0.140093
0.140093
0.140092
0.140088
0.140085
0.140081
0.140077
0.14007
0.140064
0.140059
0.140053
0.140048
0.140044
0.140039
0.140035
0.140032
0.140028
0.140025
0.140022
0.140019
0.140016
0.140012
0.140009
0.140005
0.14
0.139995
0.13999
0.139985
0.139979
0.139973
0.139966
0.139959
0.139951
0.139943
0.139934
0.139924
0.139913
0.1399
0.139885
0.140096
0.140097
0.140099
0.140101
0.140103
0.140105
0.140106
0.140108
0.140109
0.14011
0.14011
0.140111
0.140111
0.140112
0.140112
0.140112
0.140111
0.140111
0.140111
0.14011
0.140109
0.140108
0.140106
0.140105
0.140102
0.140099
0.140093
0.140086
0.140078
0.14007
0.14006
0.14005
0.140038
0.140026
0.140012
0.139997
0.139981
0.13996
0.139944
0.140093
0.140093
0.140092
0.140089
0.140085
0.140081
0.140077
0.140073
0.140068
0.140063
0.140058
0.140052
0.140048
0.140044
0.14004
0.140036
0.140033
0.14003
0.140027
0.140024
0.140021
0.140017
0.140014
0.14001
0.140006
0.140001
0.139997
0.139992
0.139986
0.139981
0.139975
0.139968
0.139961
0.139954
0.139945
0.139936
0.139926
0.139915
0.139901
0.140096
0.140097
0.140099
0.140102
0.140104
0.140106
0.140107
0.140109
0.14011
0.140111
0.140111
0.140112
0.140112
0.140113
0.140113
0.140113
0.140113
0.140113
0.140113
0.140113
0.140113
0.140112
0.140111
0.140111
0.14011
0.140108
0.140106
0.140103
0.140099
0.140093
0.140085
0.140075
0.140064
0.140051
0.140037
0.140021
0.140009
0.139988
0.139971
0.140094
0.140093
0.140092
0.140088
0.140085
0.140081
0.140077
0.140073
0.140069
0.140065
0.14006
0.140056
0.140051
0.140047
0.140043
0.14004
0.140037
0.140034
0.140031
0.140028
0.140025
0.140022
0.140018
0.140015
0.140011
0.140006
0.140002
0.139997
0.139992
0.139987
0.139982
0.139976
0.13997
0.139963
0.139955
0.139947
0.139938
0.139928
0.139915
0.140096
0.140098
0.1401
0.140102
0.140104
0.140106
0.140108
0.140109
0.14011
0.140111
0.140112
0.140113
0.140113
0.140114
0.140114
0.140114
0.140115
0.140115
0.140115
0.140115
0.140115
0.140115
0.140115
0.140114
0.140114
0.140113
0.140112
0.140111
0.140109
0.140107
0.140104
0.140098
0.140091
0.140081
0.14007
0.140054
0.14004
0.140018
0.140001
0.140094
0.140093
0.140092
0.140088
0.140084
0.140081
0.140077
0.140073
0.140069
0.140065
0.140061
0.140057
0.140053
0.14005
0.140046
0.140043
0.140039
0.140037
0.140034
0.140031
0.140028
0.140025
0.140022
0.140018
0.140014
0.14001
0.140006
0.140002
0.139998
0.139993
0.139988
0.139983
0.139977
0.139971
0.139964
0.139956
0.139948
0.139939
0.139928
0.140096
0.140098
0.1401
0.140102
0.140104
0.140106
0.140108
0.140109
0.14011
0.140111
0.140112
0.140113
0.140113
0.140114
0.140114
0.140115
0.140115
0.140116
0.140116
0.140116
0.140116
0.140116
0.140117
0.140117
0.140116
0.140116
0.140116
0.140115
0.140114
0.140113
0.140112
0.14011
0.140107
0.140103
0.140096
0.140085
0.140074
0.140052
0.140034
0.140094
0.140093
0.140091
0.140087
0.140083
0.14008
0.140076
0.140072
0.140068
0.140064
0.140061
0.140057
0.140054
0.140051
0.140048
0.140045
0.140042
0.140039
0.140036
0.140033
0.140031
0.140028
0.140025
0.140021
0.140018
0.140014
0.14001
0.140006
0.140002
0.139998
0.139993
0.139988
0.139983
0.139978
0.139971
0.139965
0.139957
0.139949
0.139939
0.140096
0.140097
0.1401
0.140102
0.140104
0.140106
0.140108
0.140109
0.14011
0.140111
0.140112
0.140112
0.140113
0.140114
0.140114
0.140115
0.140115
0.140116
0.140116
0.140117
0.140117
0.140117
0.140118
0.140118
0.140118
0.140118
0.140118
0.140118
0.140118
0.140117
0.140116
0.140116
0.140115
0.140113
0.140111
0.140106
0.1401
0.140083
0.140067
0.140093
0.140092
0.14009
0.140086
0.140082
0.140079
0.140075
0.140071
0.140067
0.140063
0.140059
0.140056
0.140053
0.14005
0.140048
0.140045
0.140043
0.14004
0.140038
0.140035
0.140033
0.14003
0.140027
0.140024
0.140021
0.140017
0.140014
0.14001
0.140006
0.140002
0.139998
0.139994
0.139989
0.139984
0.139978
0.139972
0.139965
0.139957
0.139949
0.140095
0.140097
0.140099
0.140102
0.140104
0.140106
0.140107
0.140108
0.140109
0.14011
0.140111
0.140112
0.140113
0.140113
0.140114
0.140114
0.140115
0.140115
0.140116
0.140116
0.140117
0.140118
0.140118
0.140118
0.140119
0.140119
0.140119
0.140119
0.14012
0.140119
0.140119
0.140119
0.140118
0.140118
0.140117
0.140116
0.140114
0.140106
0.140095
0.140093
0.140091
0.140089
0.140085
0.140081
0.140077
0.140073
0.140069
0.140064
0.14006
0.140057
0.140053
0.140051
0.140048
0.140046
0.140044
0.140043
0.140041
0.140039
0.140037
0.140035
0.140032
0.14003
0.140027
0.140024
0.140021
0.140017
0.140014
0.14001
0.140007
0.140003
0.139999
0.139994
0.13999
0.139984
0.139979
0.139973
0.139965
0.139958
0.140094
0.140096
0.140099
0.140101
0.140103
0.140105
0.140106
0.140108
0.140109
0.14011
0.14011
0.140111
0.140112
0.140112
0.140113
0.140113
0.140114
0.140115
0.140115
0.140116
0.140116
0.140117
0.140118
0.140118
0.140119
0.140119
0.14012
0.14012
0.140121
0.140121
0.140121
0.140121
0.140121
0.140121
0.140121
0.14012
0.14012
0.140117
0.140113
0.140092
0.14009
0.140088
0.140084
0.14008
0.140076
0.140071
0.140067
0.140062
0.140058
0.140054
0.140051
0.140048
0.140046
0.140044
0.140042
0.140041
0.14004
0.140038
0.140037
0.140035
0.140034
0.140032
0.14003
0.140027
0.140024
0.140021
0.140017
0.140014
0.140011
0.140007
0.140003
0.139999
0.139995
0.13999
0.139985
0.139979
0.139973
0.139966
0.140093
0.140095
0.140098
0.1401
0.140102
0.140104
0.140106
0.140107
0.140108
0.140108
0.140109
0.14011
0.14011
0.140111
0.140112
0.140112
0.140113
0.140113
0.140114
0.140115
0.140116
0.140116
0.140117
0.140118
0.140119
0.140119
0.14012
0.14012
0.140121
0.140121
0.140122
0.140122
0.140123
0.140123
0.140123
0.140123
0.140123
0.140122
0.140122
0.140091
0.140089
0.140087
0.140082
0.140078
0.140074
0.140069
0.140064
0.140059
0.140055
0.140051
0.140048
0.140045
0.140043
0.140041
0.14004
0.140039
0.140038
0.140036
0.140035
0.140034
0.140033
0.140032
0.14003
0.140028
0.140025
0.140022
0.140019
0.140016
0.140013
0.14001
0.140006
0.140002
0.139999
0.139994
0.13999
0.139985
0.139979
0.139973
0.140092
0.140094
0.140097
0.140099
0.140101
0.140103
0.140104
0.140105
0.140106
0.140107
0.140108
0.140108
0.140109
0.140109
0.14011
0.14011
0.140111
0.140112
0.140112
0.140113
0.140114
0.140115
0.140116
0.140117
0.140117
0.140118
0.140119
0.14012
0.140121
0.140121
0.140122
0.140123
0.140123
0.140124
0.140124
0.140125
0.140125
0.140124
0.140126
0.14009
0.140088
0.140085
0.140081
0.140076
0.140072
0.140067
0.140061
0.140056
0.140051
0.140047
0.140044
0.140042
0.14004
0.140038
0.140037
0.140036
0.140035
0.140034
0.140033
0.140032
0.140031
0.140029
0.140028
0.140026
0.140024
0.140021
0.140018
0.140015
0.140012
0.140009
0.140005
0.140002
0.139999
0.139995
0.139991
0.139987
0.139982
0.139977
0.140091
0.140093
0.140096
0.140098
0.1401
0.140102
0.140103
0.140104
0.140105
0.140105
0.140106
0.140106
0.140107
0.140107
0.140108
0.140108
0.140109
0.14011
0.14011
0.140111
0.140112
0.140113
0.140114
0.140115
0.140116
0.140117
0.140118
0.140119
0.14012
0.14012
0.140121
0.140122
0.140123
0.140124
0.140125
0.140126
0.140126
0.140126
0.140128
0.140088
0.140086
0.140083
0.140079
0.140074
0.14007
0.140064
0.140058
0.140053
0.140048
0.140044
0.140041
0.140038
0.140036
0.140035
0.140033
0.140032
0.140031
0.14003
0.140029
0.140028
0.140026
0.140025
0.140023
0.140021
0.140018
0.140015
0.140011
0.140008
0.140005
0.140002
0.139999
0.139996
0.139993
0.13999
0.139987
0.139983
0.13998
0.139976
0.140089
0.140092
0.140094
0.140097
0.140099
0.1401
0.140101
0.140102
0.140103
0.140103
0.140104
0.140104
0.140104
0.140105
0.140105
0.140106
0.140107
0.140107
0.140108
0.140109
0.14011
0.140111
0.140112
0.140113
0.140114
0.140115
0.140116
0.140117
0.140118
0.140119
0.14012
0.140121
0.140122
0.140123
0.140125
0.140126
0.140127
0.140127
0.14013
0.140087
0.140085
0.140082
0.140077
0.140072
0.140067
0.140061
0.140055
0.140049
0.140044
0.14004
0.140037
0.140034
0.140032
0.14003
0.140029
0.140027
0.140026
0.140024
0.140023
0.140021
0.140019
0.140017
0.140014
0.140011
0.140007
0.140003
0.14
0.139997
0.139994
0.139991
0.139988
0.139985
0.139983
0.13998
0.139977
0.139975
0.139972
0.139969
0.140088
0.14009
0.140093
0.140095
0.140097
0.140098
0.140099
0.1401
0.1401
0.140101
0.140101
0.140101
0.140102
0.140102
0.140103
0.140103
0.140104
0.140104
0.140105
0.140106
0.140107
0.140108
0.140109
0.14011
0.140111
0.140112
0.140113
0.140114
0.140116
0.140117
0.140118
0.140119
0.140121
0.140122
0.140124
0.140125
0.140126
0.140127
0.14013
0.140085
0.140083
0.14008
0.140075
0.14007
0.140065
0.140058
0.140051
0.140045
0.14004
0.140036
0.140033
0.14003
0.140027
0.140025
0.140022
0.14002
0.140018
0.140016
0.140013
0.140011
0.140008
0.140004
0.14
0.139997
0.139993
0.13999
0.139987
0.139984
0.139982
0.139979
0.139977
0.139974
0.139972
0.13997
0.139967
0.139965
0.139963
0.139961
0.140086
0.140089
0.140091
0.140093
0.140095
0.140096
0.140097
0.140097
0.140098
0.140098
0.140098
0.140098
0.140099
0.140099
0.140099
0.1401
0.1401
0.140101
0.140101
0.140102
0.140103
0.140104
0.140105
0.140106
0.140107
0.140108
0.14011
0.140111
0.140112
0.140114
0.140115
0.140117
0.140118
0.14012
0.140121
0.140123
0.140125
0.140126
0.140129
0.140083
0.140081
0.140077
0.140072
0.140068
0.140062
0.140054
0.140047
0.140041
0.140036
0.140032
0.140028
0.140024
0.14002
0.140017
0.140013
0.14001
0.140007
0.140004
0.14
0.139997
0.139994
0.139991
0.139989
0.139986
0.139983
0.139981
0.139979
0.139977
0.139975
0.139973
0.139971
0.139969
0.139967
0.139965
0.139963
0.139961
0.139959
0.139956
0.140084
0.140087
0.140089
0.140091
0.140093
0.140094
0.140094
0.140095
0.140095
0.140095
0.140095
0.140095
0.140095
0.140095
0.140095
0.140096
0.140096
0.140096
0.140097
0.140098
0.140098
0.140099
0.1401
0.140101
0.140102
0.140104
0.140105
0.140106
0.140108
0.140109
0.140111
0.140112
0.140114
0.140116
0.140118
0.14012
0.140122
0.140124
0.140127
0.140081
0.140079
0.140075
0.14007
0.140065
0.140058
0.140051
0.140043
0.140037
0.140032
0.140027
0.140022
0.140017
0.140012
0.140007
0.140003
0.139999
0.139996
0.139993
0.139991
0.139989
0.139987
0.139986
0.139984
0.139983
0.139982
0.139981
0.13998
0.139979
0.139978
0.139977
0.139977
0.139976
0.139976
0.139975
0.139974
0.139973
0.139972
0.139968
0.140082
0.140085
0.140087
0.140089
0.14009
0.140091
0.140092
0.140092
0.140092
0.140092
0.140091
0.140091
0.140091
0.140091
0.140091
0.140091
0.140091
0.140091
0.140091
0.140092
0.140092
0.140093
0.140094
0.140095
0.140096
0.140097
0.140099
0.1401
0.140102
0.140103
0.140105
0.140107
0.140109
0.140111
0.140113
0.140115
0.140118
0.14012
0.140124
0.140079
0.140077
0.140072
0.140067
0.140062
0.140055
0.140047
0.140039
0.140033
0.140027
0.140021
0.140014
0.140008
0.140002
0.139998
0.139995
0.139993
0.139991
0.13999
0.13999
0.139989
0.139989
0.139988
0.139988
0.139989
0.13999
0.13999
0.139991
0.139992
0.139992
0.139993
0.139993
0.139993
0.139993
0.139993
0.139992
0.139991
0.139991
0.139988
0.14008
0.140082
0.140085
0.140087
0.140088
0.140088
0.140089
0.140088
0.140088
0.140088
0.140087
0.140087
0.140087
0.140086
0.140086
0.140085
0.140085
0.140085
0.140085
0.140085
0.140086
0.140086
0.140087
0.140088
0.140089
0.14009
0.140092
0.140093
0.140094
0.140096
0.140098
0.1401
0.140102
0.140104
0.140106
0.140109
0.140112
0.140115
0.140118
0.140077
0.140074
0.14007
0.140064
0.140059
0.140051
0.140043
0.140035
0.140028
0.140021
0.140014
0.140007
0.140001
0.139997
0.139995
0.139994
0.139994
0.139995
0.139995
0.139996
0.139996
0.139997
0.139999
0.14
0.140001
0.140002
0.140003
0.140004
0.140004
0.140005
0.140005
0.140006
0.140006
0.140006
0.140006
0.140006
0.140005
0.140005
0.140004
0.140077
0.14008
0.140082
0.140084
0.140085
0.140085
0.140085
0.140085
0.140084
0.140084
0.140083
0.140082
0.140082
0.140081
0.14008
0.140079
0.140078
0.140078
0.140078
0.140078
0.140078
0.140079
0.14008
0.140081
0.140082
0.140083
0.140084
0.140085
0.140087
0.140088
0.14009
0.140092
0.140094
0.140096
0.140099
0.140101
0.140104
0.140107
0.140111
0.140074
0.140072
0.140067
0.140062
0.140056
0.140047
0.140039
0.140031
0.140023
0.140015
0.140007
0.140001
0.139999
0.139998
0.139999
0.14
0.140002
0.140003
0.140005
0.140006
0.140007
0.140008
0.140009
0.14001
0.140011
0.140012
0.140013
0.140013
0.140014
0.140014
0.140015
0.140015
0.140015
0.140016
0.140016
0.140016
0.140016
0.140016
0.140015
0.140075
0.140077
0.14008
0.140081
0.140082
0.140082
0.140082
0.140081
0.14008
0.140079
0.140078
0.140077
0.140076
0.140074
0.140073
0.140072
0.140071
0.140071
0.140071
0.140071
0.140071
0.140071
0.140072
0.140073
0.140074
0.140075
0.140076
0.140077
0.140079
0.14008
0.140082
0.140084
0.140086
0.140088
0.14009
0.140093
0.140096
0.140099
0.140103
0.140072
0.140069
0.140064
0.140058
0.140052
0.140043
0.140035
0.140026
0.140017
0.140009
0.140003
0.140001
0.140002
0.140005
0.140007
0.140009
0.14001
0.140011
0.140013
0.140014
0.140015
0.140016
0.140017
0.140018
0.140019
0.14002
0.140021
0.140022
0.140023
0.140023
0.140024
0.140024
0.140025
0.140025
0.140025
0.140025
0.140025
0.140025
0.140025
0.140072
0.140074
0.140077
0.140078
0.140079
0.140078
0.140078
0.140077
0.140076
0.140074
0.140073
0.140071
0.140069
0.140068
0.140066
0.140065
0.140064
0.140063
0.140063
0.140063
0.140063
0.140064
0.140064
0.140065
0.140066
0.140067
0.140068
0.140069
0.140071
0.140072
0.140074
0.140076
0.140078
0.14008
0.140082
0.140084
0.140087
0.14009
0.140094
0.140069
0.140066
0.140061
0.140055
0.140049
0.140039
0.14003
0.140021
0.140012
0.140005
0.140004
0.140006
0.140009
0.140011
0.140013
0.140015
0.140017
0.140018
0.14002
0.140021
0.140022
0.140024
0.140025
0.140026
0.140028
0.140029
0.140031
0.140032
0.140033
0.140034
0.140035
0.140035
0.140036
0.140036
0.140037
0.140037
0.140037
0.140037
0.140036
0.140069
0.140071
0.140073
0.140075
0.140075
0.140074
0.140074
0.140072
0.140071
0.140069
0.140067
0.140065
0.140063
0.140061
0.140059
0.140058
0.140057
0.140056
0.140055
0.140055
0.140055
0.140055
0.140056
0.140056
0.140057
0.140058
0.140059
0.14006
0.140062
0.140063
0.140065
0.140067
0.140069
0.140071
0.140073
0.140075
0.140078
0.140081
0.140085
0.140066
0.140063
0.140058
0.140052
0.140045
0.140035
0.140026
0.140016
0.140008
0.140006
0.140008
0.140011
0.140014
0.140017
0.14002
0.140022
0.140025
0.140026
0.140028
0.14003
0.140032
0.140033
0.140035
0.140037
0.140039
0.140041
0.140042
0.140044
0.140045
0.140046
0.140047
0.140048
0.140049
0.140049
0.14005
0.14005
0.140051
0.140051
0.14005
0.140065
0.140068
0.14007
0.140071
0.140071
0.14007
0.140069
0.140067
0.140066
0.140064
0.140061
0.140058
0.140056
0.140054
0.140052
0.14005
0.140049
0.140047
0.140046
0.140046
0.140046
0.140046
0.140046
0.140047
0.140047
0.140048
0.14005
0.140051
0.140052
0.140054
0.140056
0.140057
0.140059
0.140062
0.140064
0.140066
0.140069
0.140072
0.140076
0.140063
0.140059
0.140054
0.140049
0.140041
0.140031
0.140021
0.140012
0.140008
0.140009
0.140012
0.140016
0.14002
0.140024
0.140028
0.140031
0.140034
0.140036
0.140038
0.14004
0.140043
0.140045
0.140047
0.140049
0.140051
0.140053
0.140055
0.140057
0.140059
0.14006
0.140061
0.140062
0.140063
0.140064
0.140065
0.140065
0.140066
0.140066
0.140066
0.140063
0.140065
0.140067
0.140067
0.140067
0.140066
0.140065
0.140062
0.14006
0.140057
0.140054
0.140051
0.140049
0.140046
0.140044
0.140042
0.140041
0.140039
0.140038
0.140037
0.140037
0.140037
0.140037
0.140037
0.140038
0.140039
0.14004
0.140041
0.140042
0.140044
0.140046
0.140048
0.14005
0.140052
0.140055
0.140057
0.14006
0.140064
0.140068
0.14006
0.140056
0.140051
0.140045
0.140037
0.140027
0.140017
0.140009
0.140009
0.140012
0.140016
0.140022
0.140027
0.140032
0.140036
0.14004
0.140043
0.140046
0.140048
0.140051
0.140053
0.140055
0.140058
0.14006
0.140063
0.140065
0.140067
0.140069
0.140071
0.140073
0.140075
0.140076
0.140077
0.140078
0.140079
0.14008
0.140081
0.140081
0.140081
0.14006
0.140062
0.140064
0.140064
0.140064
0.140062
0.14006
0.140057
0.140054
0.140049
0.140046
0.140043
0.14004
0.140038
0.140036
0.140034
0.140033
0.140031
0.14003
0.140029
0.140029
0.140029
0.140029
0.140029
0.140029
0.14003
0.140031
0.140032
0.140033
0.140034
0.140036
0.140038
0.14004
0.140042
0.140044
0.140047
0.14005
0.140053
0.140058
0.140057
0.140054
0.140049
0.140043
0.140034
0.140023
0.140012
0.140009
0.140011
0.140016
0.140022
0.140029
0.140035
0.14004
0.140045
0.140049
0.140052
0.140055
0.140058
0.14006
0.140062
0.140065
0.140067
0.14007
0.140072
0.140075
0.140077
0.14008
0.140082
0.140084
0.140085
0.140087
0.140088
0.14009
0.140091
0.140092
0.140093
0.140095
0.140095
0.140057
0.140059
0.140061
0.140061
0.14006
0.140058
0.140055
0.140051
0.140047
0.14004
0.140037
0.140034
0.140032
0.14003
0.140028
0.140026
0.140025
0.140023
0.140022
0.140021
0.140021
0.14002
0.14002
0.14002
0.140021
0.140021
0.140022
0.140023
0.140024
0.140025
0.140026
0.140028
0.140029
0.140031
0.140033
0.140036
0.140038
0.140041
0.140045
0.140054
0.140051
0.140046
0.140039
0.140031
0.140019
0.140008
0.140009
0.140014
0.140021
0.140029
0.140036
0.140043
0.140049
0.140054
0.140058
0.140061
0.140064
0.140067
0.140069
0.140072
0.140074
0.140077
0.140079
0.140082
0.140085
0.140087
0.140089
0.140092
0.140094
0.140096
0.140097
0.140099
0.140101
0.140102
0.140104
0.140105
0.140107
0.140108
0.140054
0.140056
0.140057
0.140057
0.140056
0.140053
0.14005
0.140045
0.14004
0.140032
0.140027
0.140025
0.140023
0.140021
0.14002
0.140018
0.140017
0.140015
0.140014
0.140013
0.140012
0.140011
0.140011
0.140011
0.140011
0.140012
0.140012
0.140013
0.140014
0.140015
0.140016
0.140017
0.140019
0.14002
0.140022
0.140024
0.140026
0.140029
0.140032
0.140051
0.140048
0.140043
0.140036
0.140027
0.140015
0.140005
0.140011
0.140018
0.140028
0.140037
0.140045
0.140052
0.140058
0.140063
0.140067
0.140071
0.140074
0.140076
0.140079
0.140081
0.140083
0.140086
0.140089
0.140091
0.140094
0.140096
0.140099
0.140101
0.140103
0.140105
0.140107
0.140109
0.140111
0.140113
0.140115
0.140116
0.140118
0.14012
0.140051
0.140052
0.140053
0.140053
0.140051
0.140048
0.140044
0.140038
0.140033
0.140023
0.140019
0.140017
0.140015
0.140014
0.140012
0.140011
0.140009
0.140008
0.140007
0.140006
0.140005
0.140004
0.140003
0.140002
0.140001
0.14
0.14
0.14
0.139999
0.14
0.14
0.140001
0.140003
0.140004
0.140006
0.140008
0.14001
0.140013
0.140017
0.140048
0.140045
0.140039
0.140033
0.140023
0.140011
0.140003
0.140014
0.140024
0.140036
0.140046
0.140054
0.140061
0.140067
0.140072
0.140076
0.140079
0.140082
0.140085
0.140087
0.140089
0.140092
0.140094
0.140096
0.140099
0.140102
0.140104
0.140106
0.140109
0.140111
0.140113
0.140115
0.140117
0.140119
0.140121
0.140123
0.140125
0.140128
0.14013
0.140047
0.140048
0.140049
0.140048
0.140046
0.140042
0.140038
0.140031
0.140025
0.140015
0.140012
0.14001
0.140009
0.140008
0.140007
0.140006
0.140006
0.140007
0.140007
0.140008
0.140009
0.140009
0.14001
0.14001
0.140009
0.140009
0.140009
0.140008
0.140007
0.140006
0.140005
0.140004
0.140004
0.140003
0.140002
0.140002
0.140002
0.140003
0.140004
0.140044
0.140041
0.140036
0.140029
0.140019
0.140008
0.140002
0.140018
0.140031
0.140044
0.140054
0.140063
0.140069
0.140075
0.140079
0.140083
0.140086
0.140089
0.140091
0.140093
0.140095
0.140098
0.1401
0.140102
0.140105
0.140107
0.140109
0.140112
0.140114
0.140116
0.140118
0.140121
0.140123
0.140125
0.140127
0.140129
0.140131
0.140134
0.140136
0.140042
0.140044
0.140044
0.140043
0.14004
0.140036
0.140031
0.140025
0.140017
0.14001
0.140008
0.140008
0.140008
0.140009
0.140011
0.140012
0.140014
0.140015
0.140017
0.140018
0.140019
0.14002
0.14002
0.140021
0.140021
0.140021
0.140021
0.140021
0.14002
0.14002
0.140019
0.140018
0.140017
0.140015
0.140014
0.140012
0.140009
0.140007
0.140005
0.14004
0.140037
0.140032
0.140025
0.140015
0.140005
0.140003
0.140023
0.140038
0.140051
0.140061
0.140069
0.140075
0.14008
0.140084
0.140088
0.140091
0.140093
0.140095
0.140097
0.140099
0.140101
0.140103
0.140105
0.140108
0.14011
0.140113
0.140115
0.140117
0.140119
0.140122
0.140124
0.140126
0.140128
0.14013
0.140133
0.140135
0.140138
0.14014
0.140038
0.140039
0.140039
0.140037
0.140035
0.14003
0.140025
0.140018
0.14001
0.140009
0.140009
0.140011
0.140013
0.140015
0.140017
0.140019
0.140021
0.140023
0.140025
0.140026
0.140028
0.140029
0.14003
0.140031
0.140031
0.140032
0.140032
0.140032
0.140032
0.140032
0.140033
0.140032
0.140032
0.140032
0.140031
0.140031
0.14003
0.140029
0.140027
0.140035
0.140032
0.140028
0.140021
0.140011
0.140003
0.140007
0.140027
0.140042
0.140055
0.140065
0.140072
0.140078
0.140083
0.140087
0.14009
0.140093
0.140095
0.140097
0.140099
0.140101
0.140103
0.140105
0.140108
0.140111
0.140113
0.140116
0.140118
0.140121
0.140123
0.140125
0.140128
0.14013
0.140132
0.140134
0.140136
0.140139
0.140141
0.140144
0.140032
0.140033
0.140033
0.140031
0.140028
0.140024
0.140018
0.140012
0.140005
0.140008
0.140011
0.140014
0.140018
0.14002
0.140023
0.140026
0.140028
0.14003
0.140032
0.140034
0.140036
0.140038
0.140039
0.14004
0.140041
0.140041
0.140042
0.140042
0.140042
0.140043
0.140043
0.140043
0.140042
0.140042
0.140041
0.140041
0.14004
0.140039
0.140037
0.14003
0.140027
0.140023
0.140017
0.140008
0.140002
0.14001
0.140029
0.140043
0.140056
0.140066
0.140073
0.140079
0.140084
0.140088
0.140092
0.140095
0.140098
0.1401
0.140103
0.140105
0.140108
0.140111
0.140114
0.140118
0.140121
0.140124
0.140128
0.140131
0.140134
0.140138
0.140141
0.140144
0.140147
0.140151
0.140154
0.140158
0.140162
0.140165
0.140026
0.140027
0.140027
0.140025
0.140022
0.140018
0.140012
0.140006
0.140003
0.140009
0.140014
0.140018
0.140022
0.140026
0.140029
0.140032
0.140035
0.140038
0.14004
0.140042
0.140044
0.140046
0.140048
0.140049
0.14005
0.140052
0.140053
0.140054
0.140055
0.140055
0.140056
0.140057
0.140058
0.140059
0.14006
0.140061
0.140062
0.140063
0.140064
0.140025
0.140022
0.140018
0.140013
0.140004
0.140003
0.140012
0.140027
0.140041
0.140054
0.140064
0.140073
0.14008
0.140087
0.140092
0.140097
0.140102
0.140106
0.14011
0.140113
0.140116
0.14012
0.140124
0.140128
0.140133
0.140138
0.140142
0.140147
0.140151
0.140155
0.140159
0.140163
0.140167
0.140171
0.140174
0.140178
0.140182
0.140185
0.140189
0.14002
0.14002
0.14002
0.140018
0.140016
0.140012
0.140007
0.140003
0.140003
0.14001
0.140015
0.140019
0.140024
0.140029
0.140033
0.140037
0.14004
0.140043
0.140046
0.140049
0.140052
0.140054
0.140056
0.140058
0.14006
0.140061
0.140062
0.140062
0.140062
0.140064
0.140064
0.140065
0.140064
0.140064
0.140064
0.140063
0.140063
0.140064
0.140064
0.140018
0.140016
0.140013
0.140009
0.140002
0.140003
0.140012
0.140023
0.140036
0.140051
0.140064
0.140075
0.140085
0.140094
0.140101
0.140107
0.140112
0.140117
0.140121
0.140125
0.140129
0.140133
0.140137
0.140142
0.140148
0.140153
0.140158
0.140164
0.140169
0.140174
0.140179
0.140185
0.14019
0.140196
0.140201
0.140207
0.140214
0.140222
0.140229
0.140012
0.140013
0.140012
0.140011
0.140009
0.140007
0.140003
0.140001
0.140003
0.140007
0.140012
0.140017
0.140023
0.140028
0.140033
0.140037
0.140041
0.140044
0.140047
0.14005
0.140053
0.140056
0.140059
0.140062
0.140065
0.140068
0.14007
0.140074
0.140078
0.14008
0.140083
0.140086
0.14009
0.140094
0.140098
0.140102
0.140107
0.140113
0.140119
0.140012
0.14001
0.140008
0.140005
0.14
0.140003
0.140009
0.140015
0.14003
0.140048
0.140063
0.140075
0.140084
0.14009
0.140095
0.140099
0.140102
0.140105
0.140108
0.14011
0.140112
0.140115
0.140117
0.14012
0.140122
0.140125
0.140127
0.14013
0.140132
0.140134
0.140135
0.140137
0.140138
0.14014
0.140141
0.140142
0.140142
0.140144
0.140145
0.140004
0.140004
0.140004
0.140004
0.140003
0.140002
0.140001
0.140001
0.140002
0.140003
0.140008
0.140015
0.140024
0.140033
0.140042
0.14005
0.140058
0.140066
0.140073
0.14008
0.140086
0.140092
0.140097
0.140101
0.140105
0.140107
0.14011
0.140112
0.140113
0.140114
0.140115
0.140115
0.140116
0.140115
0.140115
0.140115
0.140116
0.140117
0.140118
0.140004
0.140003
0.140003
0.140002
0.14
0.140001
0.140004
0.140005
0.14002
0.140032
0.140037
0.140037
0.140032
0.140029
0.140029
0.140031
0.140033
0.140035
0.140038
0.140041
0.140044
0.140047
0.140051
0.140056
0.140061
0.140066
0.140071
0.140077
0.140082
0.140088
0.140093
0.140099
0.140104
0.140109
0.140114
0.14012
0.140125
0.140132
0.140137
0.151039
0.174302
0.187139
0.186722
0.175833
0.156461
0.133653
0.115156
0.106152
0.105377
0.109258
0.114433
0.119224
0.123129
0.126191
0.128593
0.130505
0.132048
0.133307
0.134346
0.135209
0.135931
0.136536
0.137045
0.137477
0.137847
0.138164
0.138436
0.138669
0.138869
0.139038
0.13918
0.1393
0.139405
0.139495
0.139567
0.139624
0.13967
0.139709
0.139743
0.139775
0.139805
0.139834
0.139862
0.13989
0.139916
0.139942
0.139968
0.139997
0.140029
0.140062
0.140091
0.140111
0.140122
0.140125
0.140126
0.140127
0.140129
0.14013
0.140128
0.140125
0.14012
0.140113
0.140105
0.140096
0.140087
0.140078
0.140069
0.140059
0.140047
0.140034
0.140018
0.140004
0.140004
0.140026
0.140037
0.140065
0.140065
0.140122
0.140118
0.16118
0.144858
0.119641
0.100492
0.0883824
0.0844574
0.0878987
0.0956021
0.103826
0.11095
0.116687
0.121202
0.124738
0.127516
0.129711
0.131455
0.132845
0.133962
0.134875
0.135644
0.136301
0.136867
0.137357
0.137773
0.138117
0.138401
0.138636
0.13883
0.138992
0.139126
0.139239
0.139334
0.139415
0.139483
0.139542
0.139593
0.139637
0.139675
0.139708
0.139737
0.139762
0.139785
0.139809
0.139833
0.139856
0.139875
0.139892
0.139907
0.13992
0.139932
0.139942
0.139952
0.139961
0.139968
0.139973
0.139972
0.139966
0.139958
0.139955
0.139968
0.139988
0.140004
0.140015
0.140025
0.140037
0.140051
0.140067
0.140082
0.140096
0.140109
0.140122
0.140132
0.140138
0.140142
0.140146
0.140168
0.140193
0.140233
0.140146
0.140142
0.18357
0.193283
0.204298
0.201854
0.18771
0.165477
0.140181
0.119189
0.108158
0.106373
0.109804
0.114798
0.119512
0.123379
0.126412
0.128786
0.130673
0.132194
0.133437
0.134461
0.135312
0.136022
0.136617
0.137118
0.137544
0.13791
0.138223
0.138491
0.138719
0.138914
0.139078
0.139215
0.13933
0.13943
0.139516
0.139586
0.139641
0.139685
0.139722
0.139753
0.139783
0.13981
0.139837
0.139863
0.139889
0.139915
0.13994
0.139966
0.139992
0.140022
0.140055
0.140084
0.140106
0.14012
0.140125
0.140125
0.140127
0.140129
0.14013
0.140129
0.140126
0.140121
0.140114
0.140106
0.140097
0.140088
0.140079
0.14007
0.14006
0.140048
0.140035
0.140019
0.140004
0.140004
0.140025
0.140037
0.140065
0.140065
0.140124
0.140119
0.183164
0.164137
0.132492
0.106237
0.0911862
0.0866773
0.0900618
0.0974308
0.105264
0.112067
0.117558
0.121881
0.125267
0.127923
0.130008
0.131639
0.132938
0.134013
0.134905
0.135664
0.136316
0.13688
0.137364
0.137772
0.13811
0.138389
0.13862
0.138812
0.138972
0.139107
0.13922
0.139316
0.139398
0.139467
0.139527
0.139579
0.139624
0.139663
0.139697
0.139727
0.139753
0.139776
0.1398
0.139825
0.139848
0.139868
0.139886
0.139901
0.139915
0.139927
0.139938
0.139948
0.139957
0.139964
0.139969
0.139969
0.139963
0.139955
0.139954
0.139969
0.139989
0.140005
0.140016
0.140026
0.140038
0.140052
0.140068
0.140084
0.140098
0.140111
0.140123
0.140133
0.14014
0.140143
0.140148
0.140169
0.140196
0.140235
0.140147
0.140145
0.203145
0.205455
0.215345
0.21522
0.201369
0.177348
0.149189
0.124813
0.110911
0.107583
0.110343
0.115076
0.119701
0.123542
0.126565
0.12893
0.130806
0.132318
0.133552
0.134569
0.135411
0.136112
0.136699
0.137194
0.137615
0.137976
0.138286
0.138549
0.138772
0.138961
0.13912
0.139252
0.139362
0.139456
0.139537
0.139604
0.139657
0.139699
0.139733
0.139763
0.13979
0.139815
0.139839
0.139864
0.139888
0.139912
0.139935
0.139959
0.139985
0.140013
0.140047
0.140079
0.140103
0.140119
0.140125
0.140126
0.140127
0.140129
0.140131
0.14013
0.140127
0.140122
0.140115
0.140107
0.140098
0.140089
0.14008
0.140071
0.140062
0.140049
0.140036
0.140019
0.140005
0.140004
0.140025
0.140037
0.140064
0.140065
0.140126
0.140119
0.197705
0.177018
0.143067
0.111717
0.0939026
0.0892239
0.0928103
0.0998708
0.107214
0.113573
0.118713
0.122769
0.125945
0.128421
0.130341
0.131864
0.133102
0.134131
0.134998
0.135741
0.136381
0.136932
0.137404
0.137802
0.138136
0.138413
0.138641
0.138829
0.138986
0.139117
0.139228
0.139322
0.139402
0.139469
0.139527
0.139577
0.13962
0.139658
0.13969
0.139719
0.139745
0.139769
0.139793
0.139818
0.139841
0.139862
0.13988
0.139896
0.13991
0.139922
0.139933
0.139943
0.139953
0.139961
0.139965
0.139965
0.139959
0.139953
0.139953
0.13997
0.139991
0.140006
0.140017
0.140027
0.140039
0.140053
0.140069
0.140085
0.1401
0.140113
0.140125
0.140135
0.140142
0.140145
0.14015
0.140171
0.1402
0.140237
0.140149
0.140148
0.214898
0.215827
0.222283
0.225368
0.21595
0.193732
0.163912
0.135044
0.11596
0.109244
0.110599
0.114949
0.119547
0.123451
0.126537
0.128945
0.130847
0.132375
0.133618
0.13464
0.135484
0.136184
0.136768
0.13726
0.137679
0.138038
0.138345
0.138605
0.138824
0.139008
0.139162
0.139289
0.139394
0.139483
0.139559
0.139623
0.139674
0.139714
0.139746
0.139773
0.139797
0.13982
0.139842
0.139865
0.139887
0.13991
0.13993
0.139951
0.139978
0.140005
0.140038
0.140073
0.1401
0.140117
0.140125
0.140126
0.140128
0.14013
0.140131
0.140131
0.140128
0.140123
0.140116
0.140108
0.140099
0.14009
0.140081
0.140073
0.140063
0.14005
0.140036
0.14002
0.140006
0.140004
0.140024
0.140037
0.140064
0.140065
0.140129
0.14012
0.206471
0.184538
0.150391
0.116715
0.0968779
0.0920192
0.0956995
0.102407
0.109238
0.115134
0.119907
0.123675
0.126615
0.128887
0.130678
0.13212
0.133308
0.134309
0.135163
0.13589
0.136514
0.13705
0.137506
0.13789
0.13821
0.138473
0.13869
0.13887
0.13902
0.139146
0.139253
0.139342
0.139418
0.139482
0.139537
0.139585
0.139625
0.139661
0.139691
0.139718
0.139741
0.139763
0.139786
0.139811
0.139834
0.139856
0.139874
0.13989
0.139904
0.139917
0.139929
0.139939
0.139949
0.139957
0.139962
0.139961
0.139956
0.13995
0.139952
0.139972
0.139992
0.140007
0.140018
0.140028
0.14004
0.140055
0.140071
0.140087
0.140102
0.140115
0.140127
0.140137
0.140143
0.140146
0.140152
0.140173
0.140204
0.140239
0.14015
0.140152
0.222446
0.22507
0.227225
0.231757
0.228187
0.211526
0.183541
0.151405
0.125489
0.112656
0.110946
0.114411
0.118965
0.123024
0.126264
0.128785
0.130762
0.13234
0.133618
0.134663
0.135522
0.136231
0.13682
0.137315
0.137735
0.138095
0.138401
0.138659
0.138875
0.139055
0.139203
0.139326
0.139427
0.139511
0.139582
0.139642
0.139691
0.139729
0.139759
0.139784
0.139806
0.139827
0.139846
0.139866
0.139887
0.139908
0.139927
0.139944
0.13997
0.139997
0.14003
0.140067
0.140097
0.140116
0.140124
0.140126
0.140128
0.14013
0.140132
0.140132
0.140129
0.140125
0.140118
0.140109
0.140101
0.140091
0.140082
0.140074
0.140064
0.140051
0.140037
0.140021
0.140006
0.140004
0.140023
0.140037
0.140064
0.140065
0.140131
0.140122
0.211141
0.187836
0.15409
0.120336
0.0998681
0.0949961
0.0986379
0.104931
0.111233
0.116658
0.121056
0.124526
0.127225
0.129331
0.131024
0.132414
0.133568
0.134539
0.135365
0.13607
0.136675
0.137192
0.137629
0.137994
0.138296
0.138545
0.13875
0.138921
0.139064
0.139184
0.139284
0.139368
0.13944
0.1395
0.139552
0.139596
0.139635
0.139668
0.139696
0.139721
0.139742
0.139761
0.139781
0.139804
0.139828
0.13985
0.139869
0.139885
0.1399
0.139912
0.139924
0.139935
0.139945
0.139953
0.139958
0.139957
0.139952
0.139947
0.139952
0.139973
0.139994
0.140008
0.140019
0.140029
0.140042
0.140056
0.140073
0.140089
0.140104
0.140117
0.140129
0.140138
0.140145
0.140148
0.140154
0.140175
0.140208
0.14024
0.140152
0.140156
0.226751
0.232095
0.232583
0.235867
0.236613
0.227035
0.204616
0.172932
0.141189
0.119964
0.112508
0.113812
0.118044
0.122295
0.12577
0.128468
0.130565
0.132225
0.133559
0.134644
0.13553
0.136257
0.136858
0.13736
0.137785
0.138147
0.138453
0.138711
0.138925
0.1391
0.139245
0.139363
0.13946
0.139539
0.139606
0.139662
0.139708
0.139745
0.139773
0.139796
0.139816
0.139834
0.139852
0.13987
0.139888
0.139908
0.139926
0.13994
0.139962
0.139989
0.140022
0.14006
0.140093
0.140114
0.140124
0.140127
0.140129
0.140131
0.140133
0.140133
0.14013
0.140126
0.140119
0.140111
0.140102
0.140092
0.140083
0.140075
0.140065
0.140052
0.140038
0.140022
0.140007
0.140004
0.140023
0.140037
0.140064
0.140065
0.140134
0.140123
0.212439
0.187611
0.154404
0.122064
0.102526
0.0980852
0.101659
0.107501
0.113256
0.118194
0.122197
0.125356
0.127828
0.129808
0.131423
0.132751
0.133857
0.13479
0.135586
0.136266
0.136849
0.137343
0.137758
0.138102
0.138387
0.138621
0.138816
0.138977
0.139112
0.139225
0.139319
0.139398
0.139464
0.139521
0.139569
0.139611
0.139646
0.139677
0.139704
0.139727
0.139746
0.139764
0.139781
0.139801
0.139822
0.139844
0.139864
0.13988
0.139895
0.139908
0.13992
0.139931
0.139941
0.139949
0.139954
0.139954
0.139949
0.139945
0.139952
0.139975
0.139995
0.140009
0.14002
0.14003
0.140043
0.140058
0.140074
0.140091
0.140106
0.140119
0.140131
0.14014
0.140147
0.140149
0.140157
0.140178
0.140213
0.140242
0.140154
0.14016
0.227978
0.236741
0.238663
0.238889
0.241307
0.23812
0.223481
0.196688
0.163182
0.13373
0.117448
0.113978
0.11692
0.121252
0.125042
0.127993
0.130261
0.132035
0.133448
0.134588
0.135514
0.136268
0.136886
0.1374
0.137831
0.138196
0.138504
0.138762
0.138974
0.139146
0.139287
0.139401
0.139493
0.139569
0.139631
0.139684
0.139727
0.139762
0.139788
0.13981
0.139828
0.139843
0.139858
0.139874
0.13989
0.139908
0.139925
0.139938
0.139954
0.139981
0.140013
0.140053
0.140088
0.140112
0.140123
0.140127
0.140129
0.140131
0.140134
0.140134
0.140132
0.140127
0.140121
0.140112
0.140103
0.140094
0.140085
0.140076
0.140066
0.140053
0.140039
0.140023
0.140007
0.140004
0.140022
0.140037
0.140064
0.140065
0.140136
0.140125
0.210641
0.184367
0.151978
0.122096
0.104756
0.101213
0.104731
0.110098
0.115296
0.119735
0.123336
0.126197
0.128485
0.130344
0.131863
0.133119
0.134172
0.135064
0.135826
0.136478
0.137033
0.137501
0.137891
0.138215
0.138482
0.138703
0.138885
0.139037
0.139164
0.139269
0.139356
0.139429
0.139491
0.139544
0.139588
0.139627
0.13966
0.139688
0.139713
0.139734
0.139752
0.139768
0.139784
0.139801
0.139819
0.139839
0.139859
0.139876
0.139891
0.139904
0.139916
0.139927
0.139937
0.139945
0.13995
0.13995
0.139945
0.139943
0.139954
0.139977
0.139997
0.140011
0.140021
0.140032
0.140044
0.14006
0.140076
0.140093
0.140108
0.140121
0.140133
0.140142
0.140149
0.140151
0.140159
0.14018
0.140217
0.140244
0.140155
0.140164
0.226064
0.238607
0.243709
0.243766
0.244468
0.244787
0.237667
0.218727
0.188768
0.155013
0.128843
0.116931
0.116168
0.119885
0.124004
0.12732
0.129832
0.131761
0.13328
0.134494
0.135471
0.136262
0.136905
0.137434
0.137875
0.138245
0.138555
0.138812
0.139023
0.139193
0.13933
0.13944
0.139528
0.139599
0.139658
0.139706
0.139747
0.139779
0.139804
0.139824
0.13984
0.139854
0.139866
0.13988
0.139894
0.139909
0.139925
0.139938
0.13995
0.139973
0.140005
0.140044
0.140083
0.140109
0.140123
0.140128
0.14013
0.140132
0.140134
0.140135
0.140133
0.140129
0.140122
0.140114
0.140105
0.140095
0.140086
0.140078
0.140068
0.140054
0.14004
0.140023
0.140008
0.140004
0.140021
0.140037
0.140064
0.140065
0.140139
0.140127
0.205874
0.17852
0.147512
0.120956
0.106656
0.104324
0.107793
0.11267
0.11731
0.12126
0.124482
0.127084
0.129195
0.130916
0.132334
0.133516
0.134512
0.13536
0.136085
0.136703
0.137226
0.137664
0.138029
0.138332
0.138581
0.138788
0.138959
0.1391
0.139217
0.139314
0.139395
0.139463
0.13952
0.139568
0.139609
0.139644
0.139674
0.1397
0.139723
0.139742
0.139759
0.139774
0.139788
0.139803
0.13982
0.139837
0.139854
0.139871
0.139887
0.1399
0.139912
0.139923
0.139934
0.139942
0.139946
0.139946
0.139942
0.139941
0.139955
0.139979
0.139998
0.140012
0.140022
0.140033
0.140046
0.140061
0.140078
0.140095
0.14011
0.140123
0.140135
0.140145
0.140151
0.140153
0.140162
0.140183
0.140222
0.140246
0.140157
0.140168
0.220925
0.237242
0.246459
0.248988
0.248039
0.248622
0.246683
0.236017
0.213514
0.181462
0.148599
0.125973
0.117594
0.118581
0.122573
0.126356
0.129237
0.131388
0.133045
0.134354
0.135399
0.136237
0.136913
0.137463
0.137916
0.138293
0.138607
0.138864
0.139073
0.13924
0.139373
0.139479
0.139564
0.139631
0.139685
0.13973
0.139768
0.139798
0.139821
0.139839
0.139853
0.139865
0.139876
0.139886
0.139898
0.139912
0.139926
0.139939
0.139949
0.139966
0.139996
0.140034
0.140077
0.140106
0.140122
0.140128
0.14013
0.140132
0.140135
0.140136
0.140134
0.14013
0.140124
0.140115
0.140106
0.140096
0.140087
0.140079
0.140069
0.140055
0.140041
0.140024
0.140009
0.140004
0.14002
0.140037
0.140064
0.140066
0.140142
0.14013
0.198305
0.170545
0.141749
0.119268
0.108413
0.107383
0.110787
0.115172
0.119274
0.122768
0.125652
0.128009
0.129934
0.131518
0.132834
0.133939
0.134876
0.135676
0.136358
0.136937
0.137425
0.137834
0.138173
0.138453
0.138685
0.138877
0.139035
0.139165
0.139273
0.139362
0.139436
0.139497
0.139549
0.139593
0.139631
0.139662
0.13969
0.139714
0.139734
0.139752
0.139767
0.139781
0.139794
0.139807
0.139822
0.139837
0.139852
0.139867
0.139883
0.139897
0.139909
0.13992
0.13993
0.139938
0.139943
0.139942
0.139939
0.13994
0.139958
0.139981
0.14
0.140013
0.140023
0.140034
0.140048
0.140063
0.14008
0.140097
0.140113
0.140126
0.140138
0.140147
0.140153
0.140155
0.140164
0.140186
0.140227
0.140248
0.140159
0.140172
0.212587
0.232314
0.24595
0.25256
0.253181
0.251463
0.251421
0.247319
0.233597
0.208259
0.175045
0.143797
0.124547
0.118896
0.120972
0.124966
0.12838
0.13088
0.132731
0.134161
0.135292
0.136191
0.136909
0.137486
0.137957
0.138343
0.13866
0.138918
0.139125
0.139289
0.139419
0.139521
0.139601
0.139664
0.139715
0.139756
0.13979
0.139817
0.139839
0.139855
0.139868
0.139878
0.139886
0.139895
0.139904
0.139915
0.139928
0.139939
0.139949
0.139961
0.139987
0.140024
0.140071
0.140102
0.14012
0.140128
0.140131
0.140133
0.140136
0.140137
0.140135
0.140132
0.140125
0.140117
0.140108
0.140098
0.140089
0.140081
0.140071
0.140057
0.140043
0.140025
0.140009
0.140004
0.140019
0.140037
0.140063
0.140066
0.140146
0.140132
0.188263
0.161083
0.135503
0.117635
0.110214
0.110369
0.113671
0.117578
0.121184
0.124272
0.12684
0.128954
0.130698
0.132146
0.13336
0.134388
0.135262
0.136008
0.136643
0.13718
0.137632
0.138009
0.138321
0.13858
0.138793
0.138968
0.139113
0.139232
0.13933
0.139411
0.139478
0.139533
0.13958
0.13962
0.139653
0.139682
0.139707
0.139728
0.139746
0.139762
0.139776
0.139788
0.1398
0.139812
0.139825
0.139839
0.139853
0.139866
0.139879
0.139893
0.139906
0.139917
0.139927
0.139935
0.139939
0.139938
0.139936
0.13994
0.13996
0.139983
0.140002
0.140015
0.140025
0.140036
0.140049
0.140065
0.140082
0.1401
0.140115
0.140128
0.14014
0.140149
0.140155
0.140157
0.140167
0.140189
0.140233
0.14025
0.140161
0.140176
0.201301
0.223702
0.241539
0.252975
0.257519
0.256752
0.25488
0.253649
0.247295
0.230844
0.203271
0.169624
0.140354
0.124107
0.120512
0.123237
0.127086
0.130139
0.132308
0.133906
0.135142
0.136117
0.136889
0.137502
0.137995
0.138393
0.138716
0.138975
0.13918
0.139341
0.139466
0.139564
0.13964
0.139699
0.139746
0.139783
0.139813
0.139838
0.139857
0.139872
0.139883
0.139891
0.139898
0.139904
0.139911
0.13992
0.13993
0.139941
0.13995
0.13996
0.139979
0.140014
0.140063
0.140098
0.140119
0.140128
0.140131
0.140134
0.140137
0.140138
0.140137
0.140133
0.140127
0.140118
0.140109
0.140099
0.14009
0.140082
0.140072
0.140058
0.140044
0.140026
0.14001
0.140004
0.140018
0.140037
0.140063
0.140066
0.140149
0.140135
0.176336
0.15099
0.129614
0.11654
0.112185
0.113272
0.116422
0.119884
0.123049
0.12576
0.128028
0.129912
0.131482
0.132799
0.133912
0.134858
0.135666
0.136354
0.136938
0.137431
0.137845
0.138189
0.138474
0.138709
0.138903
0.139063
0.139193
0.1393
0.139388
0.139461
0.139521
0.13957
0.139612
0.139647
0.139677
0.139702
0.139724
0.139743
0.139759
0.139774
0.139786
0.139797
0.139807
0.139818
0.13983
0.139842
0.139855
0.139867
0.139878
0.13989
0.139902
0.139914
0.139924
0.139931
0.139935
0.139935
0.139933
0.139941
0.139963
0.139986
0.140004
0.140016
0.140026
0.140037
0.140051
0.140067
0.140085
0.140103
0.140118
0.140131
0.140143
0.140152
0.140158
0.140159
0.14017
0.140193
0.140238
0.140252
0.140163
0.140181
0.187643
0.21159
0.232926
0.249195
0.258869
0.261844
0.260158
0.257922
0.255362
0.246862
0.228013
0.198725
0.165179
0.138
0.124322
0.122251
0.125334
0.128968
0.131683
0.133564
0.134943
0.13601
0.136849
0.137508
0.13803
0.138445
0.138775
0.139037
0.13924
0.139397
0.139518
0.13961
0.139682
0.139737
0.139779
0.139812
0.139839
0.13986
0.139877
0.13989
0.1399
0.139906
0.139911
0.139915
0.139919
0.139926
0.139934
0.139943
0.139952
0.13996
0.139973
0.140005
0.140053
0.140093
0.140116
0.140128
0.140132
0.140134
0.140137
0.140139
0.140138
0.140135
0.140128
0.14012
0.140111
0.140101
0.140092
0.140084
0.140074
0.14006
0.140045
0.140028
0.140011
0.140004
0.140018
0.140037
0.140063
0.140065
0.140153
0.140138
0.16343
0.14129
0.12483
0.116268
0.11437
0.116087
0.11904
0.122099
0.124855
0.127217
0.129207
0.130876
0.132281
0.13347
0.134481
0.135345
0.136082
0.13671
0.137241
0.137688
0.138062
0.138373
0.13863
0.138842
0.139016
0.139158
0.139275
0.13937
0.139448
0.139512
0.139564
0.139608
0.139644
0.139675
0.139701
0.139723
0.139742
0.139759
0.139773
0.139785
0.139796
0.139805
0.139814
0.139824
0.139835
0.139846
0.139857
0.139868
0.139879
0.139889
0.139899
0.139911
0.139921
0.139928
0.139932
0.139932
0.139931
0.139943
0.139965
0.139988
0.140006
0.140018
0.140028
0.140039
0.140053
0.140069
0.140087
0.140105
0.140121
0.140134
0.140146
0.140155
0.14016
0.140162
0.140173
0.140197
0.140244
0.140255
0.140165
0.140185
0.172615
0.196579
0.220226
0.240691
0.255723
0.264024
0.265772
0.263286
0.260539
0.25665
0.246176
0.225256
0.194698
0.161615
0.136484
0.124956
0.124007
0.12726
0.130644
0.133049
0.134677
0.135865
0.136782
0.137499
0.138059
0.138496
0.138838
0.139103
0.139306
0.139459
0.139574
0.139661
0.139727
0.139777
0.139815
0.139844
0.139867
0.139885
0.139899
0.139909
0.139917
0.139922
0.139924
0.139926
0.139929
0.139933
0.139939
0.139946
0.139954
0.139961
0.139971
0.139996
0.140043
0.140086
0.140113
0.140127
0.140132
0.140135
0.140138
0.14014
0.140139
0.140136
0.14013
0.140122
0.140113
0.140102
0.140093
0.140085
0.140076
0.140061
0.140046
0.140029
0.140012
0.140004
0.140017
0.140037
0.140063
0.140065
0.140156
0.140142
0.150763
0.13303
0.121651
0.116893
0.116751
0.118814
0.121539
0.124211
0.12659
0.128634
0.130369
0.131839
0.133088
0.134153
0.135063
0.135842
0.136507
0.137072
0.137549
0.137949
0.138283
0.13856
0.138788
0.138976
0.139129
0.139254
0.139357
0.13944
0.139508
0.139563
0.139609
0.139646
0.139678
0.139704
0.139726
0.139745
0.139761
0.139775
0.139787
0.139798
0.139807
0.139815
0.139823
0.139831
0.13984
0.13985
0.139861
0.139871
0.13988
0.13989
0.139899
0.139908
0.139918
0.139925
0.139929
0.139928
0.139931
0.139945
0.139969
0.139991
0.140008
0.140019
0.140029
0.140041
0.140055
0.140072
0.14009
0.140108
0.140124
0.140137
0.140149
0.140157
0.140163
0.140164
0.140177
0.140201
0.14025
0.140257
0.140167
0.14019
0.157654
0.179796
0.204074
0.227504
0.247333
0.261434
0.268658
0.269398
0.266162
0.262797
0.25762
0.245356
0.222661
0.191196
0.158808
0.135594
0.12585
0.125725
0.129024
0.132147
0.134266
0.135668
0.136685
0.13747
0.138078
0.138547
0.138905
0.139177
0.139379
0.139528
0.139637
0.139717
0.139776
0.139821
0.139854
0.139878
0.139897
0.139911
0.139922
0.13993
0.139935
0.139938
0.139939
0.139939
0.13994
0.139941
0.139945
0.13995
0.139956
0.139962
0.139971
0.139988
0.140031
0.140078
0.14011
0.140126
0.140133
0.140136
0.140139
0.140141
0.140141
0.140138
0.140132
0.140124
0.140114
0.140104
0.140095
0.140087
0.140077
0.140063
0.140048
0.14003
0.140013
0.140004
0.140016
0.140036
0.140063
0.140065
0.14016
0.140146
0.139701
0.127022
0.120233
0.118312
0.119275
0.121459
0.123907
0.126211
0.128248
0.130005
0.131509
0.132795
0.133897
0.134841
0.135651
0.136344
0.136935
0.137436
0.137858
0.138211
0.138505
0.138747
0.138947
0.13911
0.139243
0.139351
0.139438
0.13951
0.139568
0.139615
0.139653
0.139685
0.139712
0.139734
0.139752
0.139768
0.139781
0.139792
0.139802
0.13981
0.139818
0.139825
0.139831
0.139838
0.139846
0.139855
0.139864
0.139874
0.139882
0.139891
0.139899
0.139907
0.139915
0.139922
0.139925
0.139925
0.139931
0.139948
0.139972
0.139993
0.14001
0.140021
0.140031
0.140043
0.140057
0.140074
0.140093
0.140111
0.140127
0.14014
0.140152
0.14016
0.140165
0.140167
0.14018
0.140206
0.140257
0.140259
0.14017
0.140194
0.144444
0.162914
0.185737
0.210312
0.233672
0.253106
0.266544
0.272938
0.272829
0.268864
0.264797
0.258381
0.244491
0.220278
0.188189
0.156619
0.135154
0.126881
0.127362
0.130634
0.133502
0.135363
0.136561
0.137423
0.138084
0.138591
0.138973
0.139256
0.139461
0.139606
0.139708
0.13978
0.139832
0.13987
0.139897
0.139916
0.13993
0.13994
0.139947
0.139952
0.139955
0.139956
0.139956
0.139954
0.139952
0.139951
0.139952
0.139955
0.13996
0.139965
0.139971
0.139983
0.140019
0.140069
0.140105
0.140124
0.140133
0.140136
0.140139
0.140142
0.140142
0.140139
0.140134
0.140125
0.140116
0.140106
0.140097
0.140089
0.140079
0.140064
0.140049
0.140031
0.140014
0.140004
0.140015
0.140036
0.140063
0.140065
0.140165
0.14015
0.131395
0.123598
0.120395
0.120329
0.121879
0.123992
0.126132
0.128095
0.129825
0.131326
0.132621
0.133737
0.134698
0.135526
0.136237
0.136845
0.137362
0.137799
0.138166
0.138471
0.138724
0.138932
0.139103
0.139242
0.139355
0.139446
0.13952
0.139579
0.139628
0.139667
0.139698
0.139724
0.139746
0.139763
0.139778
0.13979
0.139801
0.139809
0.139817
0.139824
0.13983
0.139835
0.13984
0.139846
0.139853
0.139861
0.139869
0.139877
0.139885
0.139893
0.1399
0.139907
0.139914
0.139919
0.139922
0.139924
0.139933
0.139951
0.139975
0.139996
0.140012
0.140023
0.140033
0.140045
0.14006
0.140077
0.140096
0.140115
0.14013
0.140144
0.140155
0.140164
0.140168
0.14017
0.140184
0.140211
0.140263
0.140261
0.140172
0.140199
0.13446
0.14794
0.16713
0.19051
0.215422
0.238872
0.258136
0.271158
0.276942
0.276129
0.271469
0.266654
0.25906
0.243699
0.218187
0.185685
0.154984
0.135078
0.128002
0.128903
0.132078
0.134692
0.136326
0.137354
0.138085
0.138634
0.139044
0.139341
0.139551
0.139694
0.13979
0.139853
0.139895
0.139925
0.139945
0.139958
0.139967
0.139972
0.139975
0.139977
0.139977
0.139976
0.139973
0.139969
0.139965
0.139962
0.13996
0.139961
0.139964
0.139967
0.139973
0.139982
0.140009
0.140059
0.140099
0.140122
0.140133
0.140137
0.14014
0.140143
0.140144
0.140141
0.140136
0.140127
0.140118
0.140108
0.140098
0.140091
0.140081
0.140066
0.140051
0.140033
0.140015
0.140004
0.140014
0.140036
0.140063
0.140065
0.140169
0.140155
0.126389
0.122553
0.121758
0.122735
0.124469
0.126381
0.12821
0.129863
0.131321
0.132593
0.133698
0.134656
0.135485
0.1362
0.136814
0.137337
0.137781
0.138155
0.138467
0.138726
0.138939
0.139113
0.139256
0.139371
0.139464
0.13954
0.1396
0.139648
0.139687
0.139718
0.139744
0.139764
0.13978
0.139794
0.139805
0.139814
0.139821
0.139827
0.139833
0.139838
0.139842
0.139846
0.13985
0.139854
0.13986
0.139867
0.139874
0.139881
0.139888
0.139895
0.139902
0.139908
0.139913
0.139917
0.13992
0.139924
0.139935
0.139955
0.139979
0.139999
0.140014
0.140024
0.140035
0.140047
0.140062
0.14008
0.140099
0.140118
0.140134
0.140147
0.140159
0.140167
0.140171
0.140173
0.140188
0.140217
0.14027
0.140264
0.140176
0.140203
0.128432
0.136697
0.150677
0.170409
0.194299
0.219612
0.243282
0.262536
0.275294
0.280585
0.279126
0.273762
0.268178
0.25951
0.242868
0.216277
0.183535
0.15372
0.135239
0.129223
0.130477
0.133518
0.135834
0.137201
0.138047
0.138656
0.139111
0.139434
0.139652
0.139793
0.139882
0.139935
0.139968
0.139987
0.139999
0.140005
0.140008
0.140008
0.140006
0.140004
0.140001
0.139997
0.139992
0.139986
0.13998
0.139974
0.13997
0.139969
0.139969
0.139971
0.139974
0.139981
0.14
0.140047
0.140091
0.140119
0.140132
0.140137
0.140141
0.140144
0.140145
0.140143
0.140137
0.140129
0.14012
0.14011
0.1401
0.140093
0.140083
0.140068
0.140052
0.140034
0.140016
0.140004
0.140013
0.140035
0.140063
0.140065
0.140173
0.140159
0.124467
0.123323
0.123897
0.125288
0.126947
0.128601
0.130135
0.131512
0.13273
0.133798
0.134731
0.135543
0.136246
0.136852
0.137371
0.137813
0.138186
0.138497
0.138756
0.13897
0.139145
0.139287
0.139403
0.139496
0.139571
0.139631
0.139678
0.139716
0.139746
0.139769
0.139788
0.139803
0.139815
0.139824
0.139831
0.139837
0.139842
0.139845
0.139849
0.139852
0.139854
0.139857
0.13986
0.139863
0.139868
0.139873
0.139879
0.139886
0.139892
0.139898
0.139904
0.139909
0.139914
0.139917
0.13992
0.139925
0.139938
0.139959
0.139982
0.140002
0.140016
0.140026
0.140037
0.14005
0.140065
0.140083
0.140102
0.140122
0.140138
0.140151
0.140162
0.14017
0.140174
0.140176
0.140192
0.140223
0.140277
0.140266
0.14018
0.140207
0.12605
0.129912
0.138234
0.152392
0.172485
0.196917
0.222865
0.247122
0.266776
0.279639
0.284687
0.282652
0.27643
0.269732
0.259916
0.2422
0.214837
0.181988
0.152794
0.135198
0.129869
0.131505
0.134669
0.136904
0.138076
0.138719
0.139172
0.13952
0.139762
0.139911
0.139994
0.140035
0.140054
0.140062
0.140063
0.14006
0.140055
0.140049
0.140042
0.140035
0.140028
0.140021
0.140013
0.140005
0.139997
0.139989
0.139982
0.139978
0.139976
0.139976
0.139978
0.139982
0.139996
0.140035
0.140082
0.140115
0.140131
0.140138
0.140142
0.140145
0.140146
0.140144
0.140139
0.140131
0.140122
0.140111
0.140102
0.140094
0.140085
0.14007
0.140054
0.140035
0.140017
0.140005
0.140013
0.140035
0.140063
0.140064
0.140178
0.140165
0.124904
0.125279
0.12641
0.127828
0.129286
0.130669
0.131932
0.133063
0.134066
0.13495
0.135723
0.136397
0.136981
0.137482
0.13791
0.138272
0.138575
0.138827
0.139035
0.139206
0.139344
0.139456
0.139546
0.139619
0.139676
0.139721
0.139756
0.139784
0.139805
0.139821
0.139834
0.139843
0.13985
0.139855
0.139859
0.139861
0.139863
0.139865
0.139866
0.139867
0.139868
0.139869
0.13987
0.139873
0.139876
0.13988
0.139885
0.139891
0.139896
0.139901
0.139906
0.139911
0.139914
0.139917
0.139921
0.139927
0.139941
0.139963
0.139986
0.140005
0.140018
0.140029
0.140039
0.140052
0.140068
0.140086
0.140106
0.140126
0.140142
0.140155
0.140166
0.140174
0.140178
0.14018
0.140196
0.140229
0.140285
0.140269
0.140184
0.140211
0.1271
0.127756
0.130728
0.137644
0.150042
0.168511
0.192049
0.218187
0.243719
0.265469
0.280862
0.288412
0.288256
0.282535
0.274429
0.263877
0.2468
0.221075
0.189649
0.160179
0.14029
0.132152
0.132095
0.134908
0.137388
0.138749
0.139357
0.139666
0.139881
0.140035
0.140126
0.140165
0.140171
0.140162
0.140148
0.140132
0.140117
0.140102
0.140088
0.140074
0.140062
0.140051
0.140039
0.140028
0.140017
0.140006
0.139997
0.139989
0.139984
0.139982
0.139982
0.139984
0.139993
0.140021
0.14007
0.140108
0.140129
0.140138
0.140143
0.140146
0.140148
0.140147
0.140142
0.140134
0.140125
0.140114
0.140104
0.140097
0.140088
0.140073
0.140056
0.140037
0.140018
0.140005
0.140012
0.140035
0.140063
0.140064
0.140183
0.14017
0.127519
0.128461
0.129614
0.130806
0.131951
0.133011
0.133972
0.134834
0.135599
0.136274
0.136865
0.137378
0.137821
0.1382
0.13852
0.138789
0.139013
0.139197
0.139347
0.139468
0.139566
0.139645
0.139707
0.139755
0.139793
0.139822
0.139843
0.139859
0.139871
0.139879
0.139884
0.139887
0.139889
0.139889
0.139889
0.139888
0.139887
0.139886
0.139884
0.139883
0.139882
0.139882
0.139882
0.139883
0.139885
0.139888
0.139892
0.139896
0.139901
0.139905
0.139909
0.139913
0.139916
0.139918
0.139922
0.13993
0.139946
0.139968
0.139991
0.140009
0.140021
0.140031
0.140042
0.140055
0.140072
0.14009
0.140111
0.140131
0.140147
0.14016
0.140171
0.140178
0.140181
0.140184
0.140202
0.140237
0.140293
0.140272
0.14019
0.140216
0.130424
0.129683
0.129506
0.130842
0.135148
0.144142
0.159115
0.180097
0.20547
0.232338
0.2573
0.277192
0.289674
0.293826
0.290687
0.282304
0.272239
0.257372
0.234637
0.204936
0.174107
0.14987
0.136658
0.133176
0.134787
0.13739
0.139141
0.13992
0.140179
0.140268
0.140316
0.140338
0.140333
0.140308
0.140274
0.140239
0.140206
0.140178
0.140152
0.140129
0.140109
0.140091
0.140074
0.140059
0.140044
0.140029
0.140016
0.140005
0.139997
0.139991
0.139988
0.139988
0.139993
0.140011
0.140055
0.140099
0.140126
0.140138
0.140144
0.140147
0.14015
0.140149
0.140145
0.140137
0.140128
0.140117
0.140107
0.140099
0.14009
0.140075
0.140058
0.140039
0.14002
0.140006
0.140011
0.140034
0.140064
0.140063
0.140188
0.140177
0.131272
0.132176
0.133072
0.133925
0.134717
0.135442
0.136098
0.136684
0.137205
0.137664
0.138063
0.138408
0.138703
0.138952
0.13916
0.139331
0.139472
0.139586
0.139676
0.139748
0.139805
0.139848
0.139881
0.139905
0.139922
0.139933
0.13994
0.139944
0.139945
0.139944
0.139941
0.139938
0.139934
0.139929
0.139924
0.139919
0.139914
0.13991
0.139906
0.139903
0.1399
0.139897
0.139896
0.139895
0.139896
0.139898
0.139901
0.139904
0.139907
0.13991
0.139913
0.139915
0.139918
0.13992
0.139924
0.139934
0.139952
0.139974
0.139996
0.140013
0.140025
0.140035
0.140046
0.14006
0.140076
0.140095
0.140116
0.140137
0.140153
0.140166
0.140176
0.140183
0.140186
0.140189
0.140208
0.140247
0.140302
0.140275
0.140197
0.14022
0.134024
0.133182
0.132267
0.131548
0.131638
0.133719
0.139468
0.150584
0.167987
0.191081
0.217645
0.244402
0.267835
0.284925
0.293831
0.29437
0.288518
0.278969
0.265936
0.246146
0.218829
0.187966
0.160712
0.142937
0.135577
0.13518
0.137336
0.139304
0.140313
0.140622
0.14064
0.14059
0.140535
0.14048
0.140423
0.140368
0.140316
0.14027
0.140229
0.140195
0.140165
0.140138
0.140115
0.140094
0.140074
0.140056
0.140039
0.140024
0.140011
0.140002
0.139996
0.139992
0.139994
0.140005
0.14004
0.140086
0.14012
0.140138
0.140145
0.140149
0.140152
0.140152
0.140148
0.14014
0.140131
0.14012
0.14011
0.140102
0.140093
0.140078
0.14006
0.140041
0.140021
0.140006
0.140011
0.140033
0.140064
0.140063
0.140193
0.140184
0.1347
0.135325
0.135908
0.13645
0.13695
0.137406
0.137818
0.138186
0.138511
0.138794
0.139039
0.139247
0.139422
0.139567
0.139685
0.139779
0.139854
0.139912
0.139956
0.139988
0.14001
0.140025
0.140034
0.140038
0.140038
0.140034
0.140029
0.140022
0.140013
0.140004
0.139995
0.139986
0.139976
0.139967
0.139958
0.139949
0.139941
0.139934
0.139928
0.139922
0.139917
0.139913
0.13991
0.139908
0.139907
0.139908
0.139909
0.139911
0.139913
0.139915
0.139917
0.139918
0.13992
0.139922
0.139928
0.13994
0.139958
0.139981
0.140002
0.140017
0.140029
0.140038
0.14005
0.140064
0.140081
0.1401
0.140122
0.140144
0.140159
0.140172
0.140182
0.140189
0.140191
0.140195
0.140215
0.140257
0.140312
0.140278
0.140205
0.140224
0.137084
0.136517
0.135775
0.134878
0.133942
0.133338
0.13388
0.137051
0.144731
0.158465
0.178558
0.203566
0.230583
0.256025
0.276466
0.28936
0.293671
0.290293
0.281088
0.269499
0.252801
0.228915
0.199833
0.171524
0.15045
0.139415
0.136502
0.137602
0.139417
0.140554
0.140951
0.14096
0.140851
0.140732
0.140626
0.140535
0.140456
0.140387
0.140326
0.140275
0.140231
0.140194
0.140163
0.140135
0.140109
0.140086
0.140065
0.140046
0.140029
0.140016
0.140006
0.139999
0.139997
0.140003
0.140027
0.140072
0.140112
0.140135
0.140146
0.14015
0.140153
0.140154
0.140151
0.140144
0.140134
0.140123
0.140112
0.140105
0.140096
0.140081
0.140063
0.140043
0.140023
0.140007
0.14001
0.140033
0.140064
0.140062
0.140198
0.140191
0.137466
0.137803
0.138113
0.138402
0.138671
0.138919
0.139143
0.139343
0.139519
0.139669
0.139796
0.139901
0.139985
0.140052
0.140102
0.140139
0.140164
0.14018
0.140188
0.140189
0.140185
0.140178
0.140167
0.140155
0.14014
0.140125
0.140109
0.140093
0.140077
0.140061
0.140045
0.140031
0.140017
0.140003
0.13999
0.139979
0.139968
0.139958
0.139949
0.139941
0.139934
0.139929
0.139924
0.139921
0.139919
0.139918
0.139919
0.139919
0.13992
0.139921
0.139921
0.139922
0.139923
0.139926
0.139932
0.139946
0.139965
0.139988
0.140007
0.140022
0.140033
0.140042
0.140054
0.140069
0.140087
0.140106
0.140129
0.14015
0.140166
0.140178
0.140188
0.140194
0.140196
0.140201
0.140223
0.140268
0.140322
0.140281
0.140214
0.140227
0.139388
0.13911
0.138707
0.138165
0.137477
0.136698
0.136067
0.136229
0.138456
0.144774
0.157068
0.17603
0.200522
0.22781
0.254335
0.276521
0.291429
0.297395
0.29445
0.284903
0.271823
0.255822
0.234421
0.207747
0.180053
0.157462
0.143854
0.138679
0.138459
0.139756
0.140772
0.14116
0.141161
0.141024
0.140867
0.140728
0.140614
0.140523
0.140445
0.140375
0.140314
0.140262
0.140219
0.140183
0.140151
0.140122
0.140095
0.140071
0.14005
0.140033
0.140018
0.140008
0.140003
0.140004
0.140018
0.140057
0.1401
0.140131
0.140145
0.140152
0.140155
0.140156
0.140154
0.140147
0.140138
0.140126
0.140115
0.140107
0.140099
0.140085
0.140066
0.140045
0.140025
0.140008
0.14001
0.140032
0.140064
0.140061
0.140203
0.140198
0.139527
0.139644
0.13975
0.139852
0.139951
0.140044
0.140129
0.140205
0.140269
0.140322
0.140363
0.140394
0.140413
0.140424
0.140426
0.140421
0.140411
0.140396
0.140377
0.140356
0.140332
0.140308
0.140282
0.140256
0.140231
0.140205
0.140181
0.140157
0.140134
0.140113
0.140092
0.140073
0.140054
0.140037
0.140021
0.140006
0.139993
0.139981
0.13997
0.13996
0.139952
0.139944
0.139939
0.139934
0.139931
0.139929
0.139928
0.139927
0.139927
0.139926
0.139926
0.139925
0.139926
0.13993
0.139938
0.139953
0.139973
0.139995
0.140013
0.140027
0.140037
0.140047
0.140059
0.140074
0.140092
0.140113
0.140136
0.140158
0.140173
0.140185
0.140195
0.1402
0.140201
0.140207
0.140232
0.140281
0.140331
0.140284
0.140224
0.140229
0.140961
0.14089
0.140753
0.140552
0.140285
0.139971
0.139702
0.139768
0.140898
0.144541
0.152799
0.16768
0.189581
0.216924
0.246656
0.275088
0.298569
0.314013
0.319408
0.314433
0.300906
0.281785
0.261651
0.238916
0.212631
0.185363
0.162255
0.147363
0.140864
0.139734
0.140538
0.141307
0.141567
0.141498
0.141309
0.141093
0.140886
0.140714
0.140587
0.140493
0.140415
0.140348
0.14029
0.140241
0.1402
0.140163
0.140131
0.140102
0.140076
0.140053
0.140034
0.14002
0.14001
0.140007
0.140015
0.140043
0.140087
0.140123
0.140144
0.140153
0.140157
0.140159
0.140157
0.140151
0.140141
0.14013
0.140119
0.14011
0.140103
0.140088
0.140069
0.140048
0.140027
0.140009
0.140009
0.140031
0.140064
0.14006
0.140208
0.140206
0.140941
0.140916
0.140893
0.140876
0.140863
0.140852
0.140843
0.140832
0.140819
0.140804
0.140785
0.140763
0.140737
0.140708
0.140676
0.140642
0.140606
0.140569
0.140531
0.140493
0.140455
0.140417
0.14038
0.140344
0.14031
0.140277
0.140245
0.140215
0.140187
0.14016
0.140135
0.140112
0.14009
0.140069
0.140051
0.140033
0.140017
0.140003
0.13999
0.139979
0.139969
0.13996
0.139953
0.139947
0.139943
0.13994
0.139937
0.139935
0.139934
0.139932
0.13993
0.139929
0.13993
0.139935
0.139945
0.139961
0.139981
0.140002
0.140019
0.140032
0.140041
0.140051
0.140064
0.14008
0.140098
0.14012
0.140144
0.140165
0.14018
0.140192
0.140201
0.140206
0.140207
0.140214
0.140241
0.140294
0.140341
0.140287
0.140235
0.14023
0.141951
0.142009
0.142032
0.14203
0.142012
0.142002
0.142071
0.142405
0.14347
0.146286
0.152677
0.165001
0.185198
0.213145
0.246498
0.281601
0.314419
0.341103
0.358342
0.36374
0.356393
0.337397
0.310581
0.281096
0.251236
0.220495
0.190501
0.165456
0.149121
0.141713
0.14011
0.14063
0.141171
0.141295
0.141242
0.141185
0.141108
0.140972
0.140804
0.140652
0.140534
0.140445
0.140372
0.140309
0.140256
0.140211
0.140171
0.140136
0.140105
0.140077
0.140053
0.140034
0.14002
0.140012
0.140014
0.140032
0.140072
0.140113
0.14014
0.140153
0.140159
0.140161
0.14016
0.140154
0.140145
0.140133
0.140122
0.140113
0.140106
0.140092
0.140072
0.14005
0.140029
0.14001
0.140009
0.14003
0.140064
0.140059
0.140213
0.140213
0.141832
0.141723
0.141626
0.141542
0.141468
0.1414
0.141336
0.141274
0.141214
0.141155
0.141097
0.14104
0.140984
0.140927
0.140872
0.140817
0.140763
0.14071
0.140658
0.140607
0.140557
0.14051
0.140464
0.14042
0.140379
0.140339
0.140302
0.140267
0.140234
0.140204
0.140175
0.140148
0.140123
0.1401
0.140078
0.140059
0.140041
0.140024
0.14001
0.139997
0.139985
0.139976
0.139967
0.13996
0.139955
0.13995
0.139947
0.139943
0.13994
0.139938
0.139935
0.139934
0.139935
0.139941
0.139952
0.139969
0.13999
0.14001
0.140025
0.140037
0.140046
0.140056
0.140069
0.140086
0.140105
0.140127
0.140152
0.140173
0.140188
0.1402
0.140208
0.140212
0.140213
0.140221
0.140251
0.140307
0.140351
0.14029
0.140247
0.140231
0.142593
0.142731
0.142842
0.142936
0.143017
0.143096
0.143212
0.143463
0.144097
0.145716
0.149589
0.157902
0.173396
0.19813
0.231893
0.271837
0.313704
0.352957
0.38536
0.407206
0.415563
0.408765
0.38717
0.353934
0.314161
0.27438
0.235718
0.199992
0.171163
0.152849
0.144949
0.143534
0.144014
0.1439
0.142994
0.142012
0.141413
0.141154
0.141015
0.140873
0.140722
0.14059
0.140485
0.140402
0.140333
0.140274
0.140224
0.14018
0.140142
0.140108
0.140078
0.140054
0.140035
0.140022
0.140017
0.140027
0.140058
0.1401
0.140133
0.140152
0.14016
0.140163
0.140163
0.140158
0.140149
0.140137
0.140125
0.140117
0.140109
0.140096
0.140076
0.140053
0.140031
0.140011
0.140008
0.140029
0.140064
0.140059
0.140217
0.140222
0.142399
0.142223
0.142071
0.141944
0.141835
0.141738
0.141649
0.141564
0.141482
0.141401
0.141323
0.141246
0.14117
0.141097
0.141026
0.140957
0.140891
0.140826
0.140764
0.140704
0.140647
0.140591
0.140539
0.140489
0.140442
0.140397
0.140355
0.140316
0.140279
0.140245
0.140213
0.140183
0.140155
0.140129
0.140105
0.140084
0.140064
0.140046
0.14003
0.140015
0.140002
0.139991
0.139982
0.139974
0.139967
0.139961
0.139956
0.139952
0.139948
0.139944
0.13994
0.139939
0.139941
0.139948
0.139961
0.139979
0.139999
0.140017
0.140032
0.140042
0.140051
0.140062
0.140076
0.140093
0.140113
0.140135
0.140161
0.140182
0.140197
0.140208
0.140216
0.140218
0.140219
0.140229
0.140263
0.140323
0.14036
0.140294
0.140262
0.140228
0.143069
0.143233
0.143367
0.143478
0.143568
0.143637
0.143691
0.143754
0.143904
0.144368
0.14574
0.149351
0.157608
0.173769
0.200669
0.238965
0.28599
0.336877
0.386102
0.42843
0.459237
0.474676
0.472015
0.450382
0.41154
0.360761
0.30631
0.252862
0.204036
0.165075
0.140877
0.131933
0.133262
0.137985
0.141491
0.142628
0.142306
0.141666
0.141227
0.140996
0.140843
0.140706
0.140581
0.140478
0.140394
0.140326
0.140267
0.140217
0.140172
0.140134
0.1401
0.140071
0.140047
0.14003
0.140021
0.140023
0.140046
0.140086
0.140125
0.14015
0.140162
0.140165
0.140165
0.140161
0.140152
0.140141
0.140128
0.14012
0.140112
0.140099
0.140079
0.140056
0.140033
0.140012
0.140008
0.140028
0.140065
0.140057
0.140224
0.140229
0.142834
0.142603
0.142392
0.142212
0.142062
0.141935
0.141824
0.141725
0.141633
0.141544
0.141458
0.141374
0.141291
0.14121
0.141132
0.141056
0.140982
0.140911
0.140843
0.140777
0.140714
0.140655
0.140598
0.140544
0.140492
0.140444
0.140399
0.140356
0.140317
0.140279
0.140244
0.140212
0.140182
0.140154
0.140129
0.140105
0.140084
0.140064
0.140047
0.140031
0.140017
0.140005
0.139995
0.139986
0.139978
0.139971
0.139965
0.139959
0.139954
0.139949
0.139945
0.139944
0.139946
0.139954
0.139968
0.139987
0.140006
0.140024
0.140037
0.140047
0.140056
0.140067
0.140081
0.140099
0.140119
0.140142
0.140168
0.14019
0.140204
0.140215
0.140222
0.140224
0.140225
0.140236
0.140274
0.140336
0.140369
0.140294
0.140271
0.140229
0.143319
0.143453
0.143568
0.143675
0.143775
0.143867
0.143946
0.144
0.144016
0.143986
0.14396
0.144199
0.145475
0.149465
0.158909
0.177039
0.206285
0.24696
0.296551
0.350591
0.403764
0.450689
0.486323
0.506294
0.507438
0.488617
0.451843
0.401124
0.343979
0.285346
0.231129
0.188026
0.160178
0.14663
0.142455
0.14224
0.142624
0.142536
0.142107
0.14166
0.141322
0.141076
0.140882
0.140721
0.14059
0.140482
0.140394
0.140321
0.140258
0.140204
0.140158
0.140118
0.140084
0.140058
0.140039
0.14003
0.140038
0.140067
0.140106
0.140138
0.140158
0.140167
0.14017
0.140166
0.140159
0.140147
0.140135
0.140125
0.140118
0.140106
0.140086
0.140061
0.140038
0.140016
0.140008
0.140028
0.140062
0.140058
0.140226
0.140245
0.143136
0.142933
0.142725
0.142528
0.142348
0.142188
0.142046
0.14192
0.141806
0.141701
0.141602
0.141508
0.141418
0.141331
0.141247
0.141165
0.141086
0.14101
0.140937
0.140867
0.1408
0.140736
0.140675
0.140617
0.140562
0.14051
0.140461
0.140415
0.140372
0.140331
0.140293
0.140258
0.140225
0.140194
0.140166
0.14014
0.140117
0.140095
0.140076
0.140058
0.140043
0.140029
0.140017
0.140006
0.139996
0.139987
0.139979
0.139971
0.139964
0.139958
0.139955
0.139954
0.139959
0.139969
0.139985
0.140003
0.140021
0.140036
0.140047
0.140056
0.140065
0.140077
0.140093
0.140112
0.140133
0.140158
0.140185
0.140206
0.140219
0.140229
0.140234
0.140235
0.140237
0.140253
0.140297
0.140363
0.14038
0.140302
0.140304
0.140215
)
;

boundaryField
{
    inlet
    {
        type            freestream;
        freestreamValue uniform 0.14;
        value           nonuniform List<scalar> 
134
(
0.14
0.14
0.14
0.14
0.14
0.14
0.14
0.14
0.14
0.14
0.140008
0.140015
0.140024
0.140033
0.140042
0.14005
0.140058
0.140066
0.140073
0.14008
0.14
0.140086
0.140092
0.140097
0.140101
0.140105
0.140107
0.14011
0.140112
0.140113
0.14
0.140115
0.140115
0.140116
0.140115
0.140115
0.140115
0.140116
0.140117
0.140118
0.14
0.14
0.14
0.14
0.14
0.14
0.14
0.140118
0.140119
0.140119
0.14012
0.140122
0.140123
0.140125
0.140127
0.14013
0.140132
0.140135
0.140138
0.140142
0.140146
0.14015
0.140155
0.140159
0.140165
0.14017
0.140177
0.140184
0.140191
0.140198
0.140206
0.140213
0.140222
0.140229
0.140245
0.14
0.14
0.14
0.14
0.14
0.14
0.14
0.14
0.14
0.14
0.14
0.14
0.14
0.14
0.14
0.14
0.14
0.14
0.14
0.14
0.14
0.14
0.14
0.14
0.14
0.14
0.14
0.14
0.14
0.14
0.14
0.14
0.14
0.14
0.14
0.14
0.14
0.14
0.14
0.14
0.14
0.14
0.14
0.14
0.14
0.14
0.14
0.14
0.14
0.14
0.14
0.14
0.14
0.14
0.14
0.14
0.14
0.14
0.14
)
;
    }
    outlet
    {
        type            freestream;
        freestreamValue uniform 0.14;
        value           nonuniform List<scalar> 
160
(
0.143319
0.143136
0.143453
0.142933
0.143568
0.142725
0.143675
0.142528
0.143775
0.142348
0.143867
0.142188
0.143946
0.142046
0.144
0.14192
0.144016
0.141806
0.143986
0.141701
0.14396
0.141602
0.144199
0.141508
0.145475
0.141418
0.149465
0.141331
0.158909
0.141247
0.177039
0.141165
0.206285
0.141086
0.24696
0.14101
0.296551
0.140937
0.350591
0.140867
0.403764
0.1408
0.450689
0.140736
0.486323
0.140675
0.506294
0.140617
0.507438
0.140562
0.488617
0.14051
0.451843
0.140461
0.401124
0.140415
0.343979
0.140372
0.285346
0.140331
0.231129
0.140293
0.188026
0.140258
0.160178
0.140225
0.14663
0.140194
0.142455
0.140166
0.14224
0.14014
0.142624
0.140117
0.142536
0.140095
0.142107
0.140076
0.14166
0.140058
0.141322
0.140043
0.141076
0.140029
0.140882
0.140017
0.140721
0.140006
0.14059
0.139996
0.140482
0.139987
0.140394
0.139979
0.140321
0.139971
0.140258
0.139964
0.140204
0.139958
0.140158
0.139955
0.140118
0.139954
0.140084
0.139959
0.140058
0.139969
0.140039
0.139985
0.14003
0.140003
0.140038
0.140021
0.140067
0.140036
0.140106
0.140047
0.140138
0.140056
0.140158
0.140065
0.140167
0.140077
0.14017
0.140093
0.140166
0.140112
0.140159
0.140133
0.140147
0.140158
0.140135
0.140185
0.140125
0.140206
0.140118
0.140219
0.140106
0.140229
0.140086
0.140234
0.140061
0.140235
0.140038
0.140237
0.140016
0.140253
0.140008
0.140297
0.140028
0.140363
0.140062
0.14038
0.140058
0.140302
0.140226
0.140304
0.140245
0.140215
)
;
    }
    walls
    {
        type            fixedValue;
        value           nonuniform List<scalar> 
78
(
0.0702518
0.0777961
0.0846028
0.0908756
0.0973747
0.104262
0.111828
0.12025
0.129769
0.140472
0.152323
0.165226
0.17871
0.192203
0.205033
0.216455
0.225946
0.233322
0.23805
0.240341
0.240618
0.239347
0.236791
0.233278
0.22926
0.225051
0.220634
0.215817
0.210465
0.204574
0.198142
0.191148
0.18355
0.175453
0.166536
0.156538
0.145113
0.131384
0.0925693
0.0616328
0.0534317
0.0529441
0.0529549
0.0641566
0.0745908
0.0832325
0.0910034
0.0988224
0.107174
0.11626
0.126018
0.136077
0.145957
0.15499
0.162734
0.168969
0.173783
0.177449
0.180364
0.182905
0.185359
0.187903
0.190572
0.19301
0.194833
0.195865
0.196281
0.196219
0.195654
0.194487
0.192643
0.1901
0.186918
0.183101
0.178681
0.172826
0.166646
0.147266
)
;
    }
    frontAndBack
    {
        type            empty;
    }
}


// ************************************************************************* //
