/*--------------------------------*- C++ -*----------------------------------*\
  =========                 |
  \\      /  F ield         | OpenFOAM: The Open Source CFD Toolbox
   \\    /   O peration     | Website:  https://openfoam.org
    \\  /    A nd           | Version:  12
     \\/     M anipulation  |
\*---------------------------------------------------------------------------*/
FoamFile
{
    format      ascii;
    class       volScalarField;
    location    "100";
    object      p;
}
// * * * * * * * * * * * * * * * * * * * * * * * * * * * * * * * * * * * * * //

dimensions      [0 2 -2 0 0 0 0];

internalField   nonuniform List<scalar> 
10720
(
577.484
484.024
364.561
230.859
89.0207
-65.8823
-218.895
-364.518
-504.002
-629.582
-741.794
-840.817
-926.301
-998.823
-1058.34
-1103.79
-1136.47
-1153.91
-1158.56
-1147.42
-1121.62
-1078.94
-1023.49
-956.898
-886.554
-823.556
-766.439
-708.125
-648.272
-587.555
-525.798
-462.885
-398.732
-333.02
-265.282
-193.374
-115.557
-18.7654
93.8507
657.744
723.1
774.051
799.454
802.574
782.33
729.912
653.018
564.865
474.26
389.823
317.3
256.04
205.012
163.318
126.9
94.8344
65.0607
36.5832
7.68091
-21.5245
-51.8902
-82.8462
-112.936
-136.211
-149.838
-157.573
-160.906
-159.927
-154.474
-144.807
-131.269
-114.124
-93.345
-68.7922
-39.19
-2.70543
50.6042
131.549
592.536
523.001
436.942
336.214
223.782
100.25
-29.063
-159.833
-289.501
-413.824
-530.595
-638.205
-735.304
-821.034
-894.54
-954.843
-1002.06
-1034.71
-1053.03
-1055.22
-1041.95
-1012.41
-969.508
-915.293
-855.954
-800.419
-748.12
-693.631
-636.782
-578.429
-518.59
-457.231
-394.336
-329.633
-262.682
-191.377
-114.038
-17.5705
93.01
649.445
697.751
736.952
760.872
765.608
748.622
708.677
650.652
581.373
506.937
433.317
365.097
303.778
249.736
202.805
161.182
123.942
89.73
57.5136
25.9695
-5.1819
-36.5733
-67.8164
-97.5276
-121.157
-136.318
-145.722
-150.613
-151.043
-146.912
-138.473
-126.043
-109.865
-89.9068
-66.0169
-36.9265
-0.845917
52.1782
130.582
568.938
508.309
432.926
343.115
241.994
129.828
9.71703
-114.016
-238.202
-359.7
-475.246
-582.859
-680.92
-768.158
-843.55
-906.322
-955.927
-991.316
-1012.05
-1017.64
-1008.14
-983.247
-945.068
-895.955
-841.078
-787.817
-736.796
-683.913
-628.636
-571.689
-513.111
-452.841
-390.857
-326.9
-260.538
-189.698
-112.745
-16.8026
91.7626
618.233
659.587
692.883
714.091
719.972
708.282
677.669
630.752
571.931
506.061
438.238
372.904
312.554
258.246
210.244
167.709
129.639
94.9024
62.4214
31.0366
0.20862
-30.5324
-60.9166
-89.7131
-113.358
-129.46
-139.685
-145.233
-146.257
-142.708
-134.825
-122.913
-107.202
-87.6583
-64.1123
-35.2976
0.556702
53.1899
128.92
539.526
488.203
424.222
348.087
262.169
165.749
61.3849
-47.866
-159.681
-271.323
-380.01
-483.667
-580.409
-668.657
-746.968
-814.202
-869.325
-911.271
-939.397
-953.09
-952.032
-935.927
-906.248
-865.287
-817.378
-768.783
-721.004
-671.054
-618.251
-563.315
-506.416
-447.541
-386.706
-323.686
-258.069
-187.835
-111.414
-16.2854
90.0886
581.455
616.754
645.82
665.276
672.121
664.406
640.851
603.258
554.849
499.186
440.289
381.826
326.089
274.369
227.256
184.52
145.547
109.597
75.8473
43.4133
11.7706
-19.4064
-49.892
-78.5892
-102.64
-119.795
-131.06
-137.602
-139.605
-137.014
-130.022
-118.91
-103.896
-84.9487
-61.8881
-33.4636
2.04795
54.0783
127.056
505.961
460.929
404.626
337.534
261.888
176.333
82.9281
-15.8462
-118.355
-222.178
-324.877
-424.438
-518.841
-606.297
-685.197
-754.149
-811.879
-857.263
-889.385
-907.464
-911.06
-900.054
-875.688
-840.184
-797.28
-752.198
-706.819
-659.063
-608.216
-554.954
-499.533
-441.954
-382.237
-320.168
-255.342
-185.784
-110.008
-15.9002
87.9787
542.863
573.885
599.885
618.038
625.617
620.993
602.97
572.721
532.644
485.345
433.984
381.591
330.198
281.197
235.446
193.144
154.056
117.746
83.6132
50.973
19.3276
-11.5916
-41.5997
-69.7451
-93.7342
-111.526
-123.592
-130.914
-133.684
-131.84
-125.551
-115.088
-100.657
-82.2283
-59.6099
-31.5635
3.57496
54.8973
125.041
472.11
432.174
382.23
322.816
256.094
180.328
97.2901
8.97419
-83.5368
-178.221
-273.084
-366.39
-456.214
-540.77
-618.415
-687.61
-746.885
-794.995
-830.776
-853.453
-862.484
-857.655
-839.801
-810.805
-773.794
-733.094
-690.824
-645.746
-597.243
-545.945
-492.193
-436.035
-377.517
-316.452
-252.465
-183.64
-108.598
-15.7147
85.4503
504.993
532.699
556.357
573.517
581.645
579.367
565.608
541.159
507.912
467.834
423.43
377.188
330.788
285.513
242.285
201.505
163.19
127.153
93.0171
60.3061
28.6333
-2.18472
-31.9586
-59.8352
-83.9302
-102.414
-115.353
-123.522
-127.13
-126.125
-120.64
-110.921
-97.1596
-79.3203
-57.2035
-29.5887
5.1138
55.5968
122.843
439.162
403.232
358.311
304.959
245.333
177.465
102.904
23.3459
-60.5683
-147.129
-234.724
-321.913
-406.921
-488.062
-563.71
-632.246
-692.106
-741.918
-780.396
-806.601
-819.85
-819.789
-807.043
-783.284
-751.197
-714.366
-674.949
-632.358
-586.094
-536.714
-484.616
-429.887
-372.591
-312.566
-249.457
-181.42
-107.199
-15.7335
82.5536
468.888
494
515.805
532.148
540.671
540.2
529.78
509.941
482.233
448.177
409.783
369.099
327.473
286.011
245.608
206.746
169.62
134.256
100.475
67.9932
36.5497
6.0428
-23.3321
-50.8154
-74.846
-93.7948
-107.44
-116.344
-120.705
-120.473
-115.74
-106.729
-93.6145
-76.356
-54.7442
-27.5832
6.63821
56.1583
120.489
407.831
375.175
334.401
286.083
232.377
171.206
103.969
32.1417
-43.9272
-122.831
-203.241
-284.016
-363.62
-440.522
-513.179
-580.006
-639.407
-689.935
-730.22
-759.199
-776.127
-780.564
-772.841
-754.314
-727.204
-694.453
-658.149
-618.222
-574.335
-526.99
-476.64
-423.422
-367.42
-308.495
-246.323
-179.136
-105.815
-15.939
79.3543
434.989
458
478.294
493.94
502.731
503.659
495.865
479.714
456.512
427.478
394.26
358.565
321.46
283.862
246.567
210.053
174.608
140.39
107.375
75.4344
44.4335
14.3535
-14.5878
-41.7
-65.6497
-84.9869
-99.2891
-108.912
-114.025
-114.578
-110.621
-102.346
-89.9089
-73.2635
-52.1929
-25.5297
8.14864
56.58
118
378.375
348.431
311.106
266.989
218.217
162.694
101.687
36.5259
-32.6645
-104.689
-178.473
-253.141
-327.372
-399.821
-469.09
-533.659
-591.958
-642.527
-683.937
-715.05
-734.975
-743.188
-739.763
-725.807
-703.17
-674.257
-640.998
-603.694
-562.174
-516.893
-468.33
-416.669
-362.013
-304.245
-243.068
-176.801
-104.458
-16.3255
75.899
403.399
424.675
443.708
458.734
467.684
469.708
464.005
450.83
431.31
406.458
377.653
346.338
313.36
279.454
245.299
211.317
177.826
145.061
113.099
81.9452
51.5813
22.069
-6.34875
-33.0294
-56.8138
-76.4049
-91.2501
-101.516
-107.324
-108.62
-105.413
-97.8628
-86.1039
-70.0818
-49.5728
-23.4442
9.6321
56.8566
115.381
350.861
323.207
288.808
248.263
203.681
152.98
97.3455
37.9917
-25.1074
-90.9232
-158.593
-227.45
-296.371
-364.23
-429.776
-491.586
-548.189
-598.138
-639.996
-672.556
-694.85
-706.305
-706.74
-697.005
-678.594
-653.439
-623.27
-588.638
-549.532
-506.374
-459.658
-409.613
-356.361
-299.81
-239.69
-174.42
-103.142
-16.8989
72.2172
374.08
393.884
411.844
426.308
435.333
438.214
434.194
423.438
406.944
385.583
360.532
333.035
303.769
273.314
242.234
210.874
179.534
148.473
117.836
87.7161
58.1907
29.3913
1.59179
-24.6022
-48.1546
-67.8941
-83.1878
-94.0378
-100.503
-102.52
-100.059
-93.239
-82.1724
-66.7951
-46.877
-21.3261
11.0855
56.9885
112.638
325.254
299.567
267.681
230.202
189.216
142.672
91.6881
37.389
-20.336
-80.5997
-142.707
-206.167
-270.03
-333.353
-395.051
-453.847
-508.363
-557.215
-598.984
-632.446
-656.55
-670.677
-674.438
-668.436
-653.863
-632.258
-605.122
-573.147
-536.459
-495.456
-450.631
-402.253
-350.46
-295.186
-236.19
-171.995
-101.876
-17.6618
68.3208
346.92
365.458
382.478
396.428
405.466
409.016
406.354
397.581
383.592
365.155
343.295
319.108
293.141
265.851
237.697
208.943
179.84
150.641
121.521
92.6308
64.1155
36.1666
9.08106
-16.5593
-39.8029
-59.5814
-75.2175
-86.5756
-93.6442
-96.344
-94.6058
-88.5073
-78.1357
-63.4163
-44.1138
-19.1819
12.502
56.978
109.781
301.467
277.494
247.797
212.987
175.117
132.187
85.2673
35.4077
-17.5656
-72.866
-129.928
-188.399
-247.485
-306.415
-364.253
-419.865
-472.004
-519.368
-560.587
-594.441
-619.833
-636.102
-642.715
-640.026
-628.959
-610.714
-586.553
-557.222
-522.958
-484.138
-441.25
-394.587
-344.309
-290.371
-232.567
-169.528
-100.666
-18.614
64.2245
321.782
339.215
355.4
368.865
377.871
381.938
380.378
373.241
361.337
345.362
326.222
304.895
281.839
257.416
231.997
205.765
178.916
151.672
124.211
96.7099
69.3604
42.3935
16.1216
-8.88784
-31.7443
-51.4579
-67.3326
-79.1212
-86.7385
-90.081
-89.0451
-83.6614
-73.99
-59.9444
-41.2846
-17.0159
13.8767
56.8289
106.819
279.397
256.932
229.16
196.697
161.557
121.802
78.4538
32.5102
-16.2463
-67.1159
-119.618
-173.519
-228.149
-282.883
-336.936
-389.316
-438.904
-484.498
-524.801
-558.624
-584.855
-602.778
-611.779
-611.97
-604.047
-588.929
-567.638
-540.911
-509.056
-472.436
-431.518
-386.616
-337.907
-285.366
-228.822
-167.023
-99.5153
-19.7489
59.9404
298.513
314.975
330.4
343.406
352.343
356.811
356.148
350.367
340.212
326.317
309.499
290.646
270.15
248.302
225.398
201.556
176.917
151.663
125.95
99.9573
73.8967
48.0232
22.6606
-1.63779
-24.0262
-43.5755
-59.5846
-71.7205
-79.8255
-83.7642
-83.4019
-78.7192
-69.7477
-56.3879
-38.3964
-14.8338
15.2047
56.5448
103.766
258.928
237.803
211.744
181.364
148.639
111.693
71.5056
29.0353
-15.9689
-62.8691
-111.256
-160.98
-211.483
-262.257
-312.659
-361.829
-408.767
-452.389
-491.485
-524.913
-551.576
-570.708
-581.661
-584.327
-579.205
-566.975
-548.432
-524.251
-494.78
-460.364
-421.443
-378.342
-331.253
-280.17
-224.956
-164.482
-98.4283
-21.0574
55.4852
276.97
292.559
307.295
319.861
328.7
333.471
333.543
328.894
320.21
308.084
293.257
276.544
258.293
238.742
218.131
196.526
174.014
150.734
126.81
102.402
77.7264
53.0431
28.6788
5.17065
-16.6691
-35.9573
-51.9985
-64.3954
-72.9225
-77.4071
-77.686
-73.6881
-65.4145
-52.752
-35.454
-12.6411
16.4813
56.1333
100.632
239.944
220.022
195.499
166.986
136.414
101.97
64.6026
25.2271
-16.4204
-59.7523
-104.42
-150.337
-197.037
-244.114
-291.033
-337.062
-381.324
-422.846
-460.519
-493.265
-520.01
-539.957
-552.458
-557.211
-554.547
-544.949
-529.003
-507.289
-480.16
-447.941
-411.037
-369.773
-324.351
-274.785
-220.972
-161.908
-97.4056
-22.531
50.8789
257.018
271.813
285.913
298.059
306.775
311.77
312.444
308.744
301.307
290.69
277.576
262.719
246.438
228.93
210.395
190.859
170.364
149.003
126.864
104.082
80.8572
57.4432
34.1564
11.513
-9.70083
-28.6359
-44.6101
-57.1798
-66.0592
-71.0352
-71.9177
-68.5836
-61.0021
-49.0453
-32.4646
-10.4438
17.7024
55.6003
97.4323
222.331
203.502
180.368
153.541
124.903
92.7046
57.868
21.2674
-17.3658
-57.4847
-98.7909
-141.243
-184.446
-228.079
-271.707
-314.705
-356.313
-395.666
-431.761
-463.588
-490.122
-510.543
-524.215
-530.694
-530.16
-522.936
-509.42
-490.077
-465.235
-435.191
-400.313
-360.915
-317.204
-269.213
-216.871
-159.303
-96.4492
-24.1555
46.1422
238.527
252.598
266.104
277.847
286.419
291.577
292.745
289.843
283.468
274.146
262.511
249.269
234.713
219.02
202.355
184.715
166.108
146.585
126.197
105.05
83.3139
61.2246
39.0797
17.3708
-3.14048
-21.6362
-37.4482
-50.1023
-59.2614
-64.6706
-66.1146
-63.4195
-56.5212
-45.2767
-29.4358
-8.24798
18.8644
54.9553
94.1794
205.99
188.157
166.288
140.996
114.104
83.9364
51.3811
17.282
-18.6328
-55.8534
-94.1136
-133.406
-173.4
-213.84
-254.378
-294.483
-333.498
-370.664
-405.075
-435.802
-461.879
-482.479
-496.984
-504.853
-506.138
-501.025
-489.756
-472.67
-450.045
-422.144
-389.291
-351.78
-309.82
-263.458
-212.656
-156.67
-95.5575
-25.9169
41.2959
221.379
234.784
247.734
259.087
267.502
272.769
274.341
272.114
266.646
258.442
248.09
236.254
223.217
209.133
194.147
178.235
161.379
143.596
124.902
105.367
85.1322
64.4028
43.4491
22.7335
2.99193
-14.9829
-30.5422
-43.1934
-52.5572
-58.3387
-60.2977
-58.2127
-51.9853
-41.4566
-26.3759
-6.06006
19.9652
54.2076
90.8877
190.825
173.905
153.199
129.308
104.007
75.6822
45.1982
13.3622
-20.0906
-54.6832
-90.176
-126.592
-163.644
-201.138
-238.787
-276.146
-312.656
-347.647
-380.314
-409.807
-435.225
-455.758
-470.793
-479.75
-482.558
-479.302
-470.086
-455.126
-434.635
-408.831
-377.991
-342.382
-302.207
-257.526
-208.332
-154.008
-94.7286
-27.7983
36.3666
205.467
218.255
230.682
241.658
249.904
255.238
257.138
255.485
250.798
243.56
234.326
223.723
212.021
199.364
185.882
171.538
156.293
140.139
123.062
105.098
86.3527
66.9978
47.2701
27.5965
8.68509
-8.69592
-23.9184
-36.4818
-45.9745
-52.065
-54.4889
-52.9813
-47.4089
-37.5965
-23.2945
-3.88619
21.0022
53.3687
87.5745
176.745
160.67
141.034
118.434
94.5869
67.9484
39.351
9.57621
-21.6405
-53.8441
-86.8197
-120.609
-154.966
-189.737
-224.696
-259.467
-293.576
-326.437
-357.337
-385.505
-410.107
-430.364
-445.668
-455.436
-459.492
-457.843
-450.483
-437.508
-419.055
-395.29
-366.44
-332.738
-294.376
-251.424
-203.903
-151.32
-93.9589
-29.7815
31.3787
190.694
202.905
214.84
225.451
233.516
238.884
241.052
239.885
235.872
229.476
221.22
211.701
201.177
189.788
177.651
164.725
150.955
136.314
120.765
104.312
87.0238
69.0375
50.5525
31.9583
13.9305
-2.79132
-17.5999
-29.9943
-39.5407
-45.8758
-48.711
-47.7448
-42.808
-33.7095
-20.2011
-1.73303
21.9751
52.4497
84.2558
163.67
148.381
129.737
108.329
85.8203
60.7271
33.8592
5.96541
-23.2104
-53.2357
-83.9123
-115.301
-147.183
-179.442
-211.903
-244.247
-276.07
-306.869
-336.007
-362.791
-386.458
-406.269
-421.619
-431.95
-437.002
-436.722
-431.019
-419.877
-403.355
-381.56
-354.667
-322.87
-286.342
-245.16
-199.373
-148.607
-93.2427
-31.8468
26.3586
176.971
188.643
200.112
210.369
218.246
223.618
226.001
225.251
221.823
216.163
208.768
200.203
190.723
180.461
169.528
157.88
145.455
132.211
118.092
103.074
87.1966
70.5583
53.3195
35.8287
18.7243
2.71798
-11.6069
-23.7565
-33.2829
-39.7974
-42.9882
-42.5243
-38.2001
-29.8094
-17.1068
0.393216
22.8833
51.4632
80.9476
151.525
136.97
119.25
98.9482
77.6754
54.0075
28.729
2.5611
-24.7457
-52.7778
-81.3547
-110.544
-140.156
-170.102
-200.244
-230.317
-259.976
-288.787
-316.189
-341.562
-364.207
-383.434
-398.646
-409.322
-415.142
-416.008
-411.764
-402.299
-387.59
-367.686
-342.705
-312.8
-278.12
-238.745
-194.748
-145.867
-92.5722
-33.9723
21.3346
164.22
175.384
186.407
196.321
204.006
209.359
211.916
211.522
208.603
203.589
196.953
189.235
180.682
171.423
161.568
151.071
139.868
127.909
115.119
101.455
86.9268
71.6003
55.5968
39.2193
23.0679
7.82369
-5.95639
-17.791
-27.2266
-33.8558
-37.3451
-37.3414
-33.6034
-25.9112
-14.0225
2.4861
23.7277
50.4223
77.667
140.243
126.374
109.517
90.2478
70.122
47.7727
23.9623
-0.618029
-26.2051
-52.4093
-79.0601
-106.234
-133.76
-161.574
-189.569
-217.52
-245.14
-272.05
-297.76
-321.715
-343.282
-361.816
-376.74
-387.57
-393.954
-395.76
-392.783
-384.835
-371.816
-353.714
-330.591
-302.555
-269.728
-232.191
-190.034
-143.101
-91.9386
-36.1344
16.3363
152.366
163.052
173.649
183.228
190.719
196.036
198.73
198.64
196.166
191.724
185.763
178.795
171.067
162.706
153.817
144.357
134.262
123.475
111.913
99.5163
86.2695
72.207
57.4128
42.1469
26.9679
12.5225
-0.660894
-12.1177
-21.3958
-28.0764
-31.8067
-32.2187
-29.0377
-22.0309
-10.9602
4.53955
24.5094
49.3394
74.4311
129.761
116.537
100.489
82.1868
63.1263
42.0033
19.5524
-3.56058
-27.5648
-52.0848
-76.9657
-102.286
-127.893
-153.74
-179.747
-205.724
-231.426
-256.53
-280.604
-303.156
-323.608
-341.368
-355.883
-366.708
-373.473
-376.029
-374.136
-367.546
-356.088
-339.691
-318.364
-292.165
-261.189
-225.512
-185.239
-140.307
-91.3317
-38.3116
11.3909
141.344
151.579
161.766
171.02
178.317
183.581
186.383
186.554
184.471
180.536
175.174
168.879
161.888
154.331
146.307
137.78
128.688
118.97
108.537
97.3184
85.2784
72.423
58.8023
44.6349
30.4355
16.8147
4.27096
-6.75365
-15.8128
-22.4833
-26.3981
-27.1794
-24.5231
-18.185
-7.93187
6.54737
25.231
48.228
71.256
120.021
107.406
92.1195
74.7243
56.6591
36.6784
15.4909
-6.2632
-28.8026
-51.7712
-75.0211
-98.6345
-122.473
-146.504
-170.67
-194.809
-218.716
-242.108
-264.61
-285.783
-305.108
-322.039
-336.05
-346.735
-353.723
-356.859
-355.881
-350.492
-340.465
-325.669
-306.064
-281.662
-252.526
-218.722
-180.368
-137.485
-90.7386
-40.478
6.52857
131.094
140.899
150.696
159.635
166.736
171.933
174.818
175.213
173.475
169.992
165.168
159.474
153.145
146.308
139.063
131.377
123.191
114.445
105.047
94.9171
84.0053
72.2939
59.8025
46.7095
33.4863
20.705
8.83302
-1.71168
-10.4967
-17.0998
-21.1435
-22.2469
-20.0809
-14.3909
-4.95022
8.50367
25.895
47.1004
68.1574
110.971
98.931
84.364
67.8213
50.6892
31.7759
11.7663
-8.72458
-29.9071
-51.4399
-73.1835
-95.2213
-117.429
-139.785
-162.245
-184.676
-206.902
-228.679
-249.679
-269.512
-287.712
-303.776
-317.213
-327.644
-334.724
-338.287
-338.064
-333.726
-324.998
-311.698
-293.735
-271.081
-243.765
-211.838
-175.43
-134.629
-90.1471
-42.6098
1.77711
121.561
130.958
140.379
149.012
155.916
161.037
163.984
164.574
163.141
160.061
155.721
150.568
144.835
138.647
132.102
125.173
117.806
109.941
101.488
92.3609
82.4977
71.8621
60.4484
48.3983
36.138
24.2024
13.0249
2.99807
-5.46413
-11.9461
-16.0662
-17.4439
-15.7318
-10.6665
-2.02742
10.4027
26.5047
45.9692
65.1501
102.563
91.0684
77.1811
61.4423
45.1863
27.2731
8.36414
-10.9501
-30.8712
-51.0722
-71.4227
-92.0037
-112.703
-133.51
-154.391
-175.233
-195.889
-216.147
-235.719
-254.259
-271.347
-286.526
-299.338
-309.428
-316.486
-320.343
-320.73
-317.299
-309.739
-297.825
-281.422
-260.458
-234.931
-204.879
-170.431
-131.741
-89.5414
-44.6819
-2.83545
112.694
121.701
130.76
139.096
145.805
150.843
153.834
154.592
153.431
150.714
146.809
142.146
136.951
131.347
125.433
119.188
112.561
105.495
97.9017
89.694
80.8007
71.171
60.7777
49.7294
38.4116
27.3181
16.8487
7.36852
-0.729274
-7.04187
-11.1885
-12.7933
-11.4963
-7.02894
0.823271
12.2391
27.0632
44.8457
62.2476
94.7534
83.7752
70.5326
55.5531
40.1222
23.1482
5.26994
-12.9452
-31.6915
-50.6544
-69.7131
-88.9455
-108.25
-127.622
-147.04
-166.406
-185.596
-204.427
-222.645
-239.945
-255.946
-270.233
-282.386
-292.068
-299.009
-303.046
-303.915
-301.258
-294.739
-284.1
-269.167
-249.831
-226.054
-197.863
-165.385
-128.816
-88.9082
-46.6735
-7.28297
104.446
113.08
121.793
129.841
136.356
141.304
144.323
145.227
144.309
141.919
138.409
134.189
129.482
124.407
119.064
113.436
107.477
101.135
94.3232
86.9549
78.9545
70.2604
60.8271
50.736
40.3311
30.0669
20.3101
11.3974
3.69753
-2.40337
-6.53036
-8.31647
-7.39532
-3.49561
3.58983
14.0074
27.5746
43.7397
59.4617
87.4993
77.0134
64.3816
50.1221
35.4687
19.3789
2.46874
-14.7192
-32.3681
-50.1788
-68.0368
-86.0193
-104.031
-122.074
-140.133
-158.127
-175.951
-193.444
-210.383
-226.497
-241.445
-254.847
-266.321
-275.545
-282.294
-286.414
-287.649
-285.644
-280.046
-270.573
-257.016
-239.235
-217.165
-190.81
-160.296
-125.853
-88.2343
-48.5597
-11.5416
96.775
105.053
113.431
121.199
127.523
132.376
135.412
136.442
135.741
133.648
130.498
126.682
122.417
117.823
112.997
107.926
102.57
96.8821
90.7795
84.1763
76.9948
69.1664
60.6321
51.4477
41.9202
32.4657
23.4178
15.0845
7.80857
1.95574
-2.1097
-4.03374
-3.44865
-0.0839317
6.26048
15.7023
28.0415
42.6616
56.8028
80.7635
70.7462
58.6955
45.1188
31.2002
15.9434
-0.0560923
-16.2804
-32.9033
-49.6394
-66.3789
-83.1996
-100.012
-116.821
-133.621
-150.341
-166.89
-183.131
-198.864
-213.85
-227.782
-240.316
-251.099
-259.837
-266.334
-270.453
-271.955
-270.49
-265.7
-257.286
-245.012
-228.712
-208.292
-183.742
-155.176
-122.849
-87.5013
-50.3212
-15.5881
89.641
97.5783
105.634
113.131
119.266
124.021
127.063
128.202
127.697
125.874
123.052
119.604
115.743
111.586
107.228
102.661
97.8519
92.755
87.2946
81.3869
74.9544
67.9232
60.2249
51.8946
43.2041
34.5327
26.1831
18.4335
11.5997
6.02465
2.05768
0.0370596
0.325381
3.19033
8.82305
17.3192
28.4684
41.6187
54.2792
74.511
64.9403
53.4429
40.5146
27.2913
12.8222
-2.31998
-17.6388
-33.3004
-49.0314
-64.7293
-80.4683
-96.166
-111.831
-127.461
-142.995
-158.358
-173.426
-188.027
-201.944
-214.903
-226.59
-236.686
-244.914
-251.116
-255.168
-256.852
-255.827
-251.74
-244.281
-233.196
-218.297
-199.467
-176.678
-150.035
-119.801
-86.6989
-51.9363
-19.4008
83.0075
90.6175
98.3636
105.597
111.547
116.201
119.24
120.473
120.145
118.568
116.047
112.937
109.444
105.685
101.753
97.6439
93.3285
88.7662
83.8866
78.61
72.8598
66.5604
59.6363
52.1054
44.2082
36.2887
28.6197
21.4504
15.0697
9.79556
5.95894
3.87963
3.90984
6.31146
11.2669
18.8533
28.857
40.618
51.8964
68.7088
59.5647
48.5944
36.2829
23.7186
9.99396
-4.33916
-18.8063
-33.5656
-48.3566
-63.0811
-77.8122
-92.4729
-107.073
-121.616
-136.048
-150.305
-164.279
-177.815
-190.722
-202.754
-213.623
-223.04
-230.751
-236.625
-240.556
-242.349
-241.678
-238.198
-231.595
-221.607
-208.027
-190.721
-169.643
-144.884
-116.71
-85.8132
-53.389
-22.9629
76.841
84.1373
91.5842
98.5625
104.33
108.881
111.911
113.226
113.058
111.706
109.46
106.66
103.506
100.111
96.5658
92.8716
89.0032
84.9241
80.5696
75.8648
70.7351
65.1047
58.8941
52.1075
44.9573
37.7543
30.7422
24.144
18.2205
13.2638
9.58364
7.48017
7.29
9.26592
13.5819
20.3004
29.2103
39.6646
49.6588
63.3269
54.5901
44.1228
32.3985
20.4592
7.43993
-6.12898
-19.7943
-33.7063
-47.6156
-61.4305
-75.2206
-88.9148
-102.524
-116.056
-129.463
-142.69
-155.642
-168.181
-180.137
-191.286
-201.371
-210.125
-217.317
-222.842
-226.613
-228.454
-228.061
-225.1
-219.263
-210.281
-197.937
-182.081
-162.655
-139.733
-113.575
-84.8328
-54.6634
-26.2595
71.11
78.1054
85.2636
91.9942
97.5834
102.031
105.044
106.431
106.407
105.262
103.27
100.756
97.912
94.8496
91.6577
88.3406
84.8767
81.2347
77.3545
73.1665
68.5997
63.5791
58.0239
51.9272
45.4759
38.9502
32.5673
26.5246
21.0561
16.4272
12.9249
10.8277
10.4527
12.0417
15.7589
21.6561
29.5299
38.7621
47.5681
58.3367
49.9893
40.0026
28.8378
17.4923
5.14164
-7.70444
-20.613
-33.7276
-46.8095
-59.7732
-72.6845
-85.4775
-98.1649
-110.755
-123.208
-135.475
-147.474
-159.08
-170.141
-180.456
-189.791
-197.904
-204.584
-209.748
-213.329
-215.17
-214.989
-212.47
-207.313
-199.25
-188.058
-173.578
-155.737
-134.595
-110.396
-83.7489
-55.7465
-29.2773
65.7854
72.4917
79.3715
85.862
91.2764
95.6195
98.6112
100.06
100.168
99.2123
97.4556
95.2044
92.6456
89.8886
87.0189
84.0444
80.9474
77.6999
74.2481
70.527
66.4696
62.0035
57.0477
51.5873
45.7866
39.8972
34.1122
28.6047
23.5832
19.2871
15.9782
13.9139
13.3872
14.628
17.79
22.9167
29.8165
37.9122
45.6238
53.7119
45.7373
36.2097
25.5784
14.7976
3.08123
-9.08028
-21.2748
-33.6375
-45.9424
-58.1079
-70.1973
-82.1488
-93.9769
-105.691
-117.256
-128.63
-139.739
-150.473
-160.695
-170.223
-178.844
-186.341
-192.522
-197.322
-200.691
-202.494
-202.471
-200.325
-195.77
-188.542
-178.42
-165.236
-148.908
-129.48
-107.176
-82.5529
-56.6276
-32.0081
60.8401
67.2686
73.8799
80.1378
85.381
89.6198
92.5853
94.0876
94.3149
93.5344
91.9946
89.9864
87.6906
85.2136
82.6387
79.9758
77.211
74.3206
71.255
67.9551
64.3581
60.3945
55.9849
51.109
45.9106
40.6157
35.3944
30.3982
25.8113
21.847
18.7424
16.7329
16.0857
17.0166
19.6683
24.0782
30.0703
37.1156
43.823
49.4282
41.8103
32.7219
22.5995
12.3561
1.24209
-10.2711
-21.7904
-33.4451
-45.0188
-56.4356
-67.7557
-78.9216
-89.9477
-100.845
-111.583
-122.125
-132.405
-142.325
-151.761
-160.549
-168.495
-175.404
-181.103
-185.539
-188.686
-190.422
-190.511
-188.678
-184.652
-178.183
-169.048
-157.08
-142.189
-124.401
-103.917
-81.2413
-57.3006
-34.4454
56.2486
62.4101
68.7624
74.7947
79.8707
84.0053
86.9411
88.4895
88.8257
88.2062
86.8672
85.0835
83.0304
80.811
78.5055
76.1262
73.6628
71.0947
68.3775
65.457
62.275
58.7659
54.853
50.5116
45.8683
41.1251
36.4317
31.92
27.7507
24.1131
21.2192
19.2823
18.543
19.2011
21.3886
25.1383
30.2908
36.3711
42.1617
45.4623
38.1864
29.518
19.8816
10.1496
-0.391645
-11.2898
-22.1707
-33.1575
-44.0431
-54.7567
-65.3562
-75.7873
-86.0654
-96.2016
-106.17
-115.937
-125.445
-134.605
-143.306
-151.399
-158.71
-165.061
-170.297
-174.379
-177.295
-178.943
-179.108
-177.536
-173.976
-168.191
-159.966
-149.133
-135.597
-119.369
-100.625
-79.8113
-57.7603
-36.5863
51.9876
57.8922
63.9945
69.8084
74.7212
78.7521
81.6545
83.2421
83.6777
83.2069
82.0538
80.478
78.6487
76.6657
74.6068
72.4861
70.296
68.0189
65.6156
63.0365
60.2281
57.129
53.6663
49.8124
45.6781
41.4441
37.242
33.1853
29.4138
26.0937
23.4128
21.5622
20.7563
21.1776
22.9469
26.0938
30.4769
35.676
40.6336
41.7931
34.8449
26.5784
17.406
8.16147
-1.83554
-12.1503
-22.4272
-32.7829
-43.0205
-53.0733
-62.9972
-72.7408
-82.3201
-91.7468
-100.998
-110.043
-118.832
-127.285
-135.3
-142.744
-149.457
-155.282
-160.078
-163.816
-166.502
-168.047
-168.257
-166.903
-163.753
-158.584
-151.192
-141.413
-129.148
-114.396
-97.3033
-78.2619
-58.0058
-38.431
48.0352
53.6927
59.5536
65.1557
69.9091
73.8368
76.7035
78.324
78.8499
78.5161
77.5351
76.1521
74.5296
72.7643
70.9309
69.0455
67.1029
65.0889
62.9681
60.6959
58.2233
55.4934
52.4372
49.0261
45.3567
41.5905
37.8425
34.2102
30.8141
27.7992
25.3298
23.5757
22.7256
22.9442
24.3408
26.9428
30.6268
35.027
39.231
38.4003
31.7664
23.8845
15.1557
6.37546
-3.10359
-12.8648
-22.5696
-32.3288
-41.9559
-51.3878
-60.678
-69.7784
-78.7046
-87.4697
-96.0519
-104.426
-112.546
-120.34
-127.716
-134.554
-140.708
-146.037
-150.417
-153.827
-156.286
-157.718
-157.952
-156.778
-153.987
-149.372
-142.741
-133.936
-122.858
-109.493
-93.9603
-76.596
-58.038
-39.9818
44.3702
49.7903
55.4179
60.8149
65.4128
69.2385
72.0665
73.7146
74.3224
74.1151
73.2932
72.0887
70.6571
69.0919
67.4651
65.7941
64.0758
62.299
60.4322
58.4354
56.2643
53.8659
51.1761
48.1656
44.9192
41.5805
38.2501
35.0108
31.9663
29.2414
26.979
25.3281
24.4533
24.5011
25.5695
27.6836
30.7381
34.4188
37.9449
35.2653
28.9325
21.4191
13.1142
4.77652
-4.20945
-13.4451
-22.6078
-31.8038
-40.8551
-49.7031
-58.3984
-66.8963
-75.213
-83.3604
-91.3199
-99.0694
-106.567
-113.748
-120.53
-126.803
-132.435
-137.301
-141.289
-144.388
-146.627
-147.942
-148.182
-147.158
-144.682
-140.562
-134.624
-126.717
-116.74
-104.671
-90.603
-74.8183
-57.8618
-41.2449
40.9737
46.1652
51.5679
56.7658
61.2122
64.9367
67.7241
69.3942
70.0764
69.9855
69.311
68.2714
67.016
65.6349
64.1971
62.7211
61.2063
59.6431
58.0046
56.2547
54.3533
52.2522
49.8917
47.2427
44.3795
41.4297
38.4809
35.6033
32.8851
30.4334
28.371
26.8273
25.9442
25.8507
26.6333
28.3155
30.8083
33.8461
36.7658
32.3705
26.3265
19.1658
11.2663
3.35062
-5.16611
-13.9022
-22.5517
-31.2148
-39.7232
-48.0214
-56.1585
-64.0925
-71.839
-79.4105
-86.79
-93.9584
-100.878
-107.489
-113.718
-119.466
-124.614
-129.047
-132.67
-135.476
-137.504
-138.702
-138.934
-138.035
-135.834
-132.16
-126.85
-119.765
-110.806
-99.9409
-87.2401
-72.9353
-57.4837
-42.228
37.8276
42.7992
47.9847
52.9897
57.2883
60.9129
63.6575
65.3448
66.0941
66.11
65.5716
64.6846
63.5916
62.3796
61.1147
59.8162
58.4852
57.1146
55.6809
54.152
52.4918
50.6566
48.5911
46.2673
43.75
41.1524
38.5505
36.0037
33.5864
31.3896
29.5181
28.083
27.2054
26.9973
27.5344
28.8382
30.8349
33.3024
35.6829
29.6993
23.9324
17.1096
9.59746
2.08421
-5.98581
-14.2473
-22.4103
-30.5696
-38.5657
-46.347
-53.9599
-61.3653
-68.5789
-75.6128
-82.4522
-89.0799
-95.4619
-101.545
-107.262
-112.522
-117.22
-121.252
-124.534
-127.068
-128.896
-129.978
-130.194
-129.4
-127.441
-124.164
-119.423
-113.087
-105.063
-95.3118
-83.8808
-70.9558
-56.9134
-42.9418
34.9152
39.6749
44.6509
49.4689
53.6233
57.1487
59.8489
61.549
62.3585
62.4723
62.0595
61.3132
60.3699
59.3131
58.206
57.0686
55.9039
54.7066
53.4564
52.1249
50.6798
49.0817
47.28
45.2478
43.0415
40.7615
38.4736
36.2275
34.0857
32.1249
30.4339
29.1066
28.2458
27.9472
28.2762
29.2522
30.815
32.7811
34.6854
27.2363
21.7352
15.2361
8.09428
0.9649
-6.67982
-14.4904
-22.1923
-29.8752
-37.388
-44.6825
-51.8032
-58.7135
-65.4287
-71.9613
-78.2978
-84.4227
-90.3059
-95.8992
-101.141
-105.951
-110.231
-113.892
-116.859
-119.14
-120.781
-121.751
-121.946
-121.238
-119.492
-116.571
-112.343
-106.689
-99.5204
-90.7928
-80.535
-68.8902
-56.162
-43.3994
32.2203
36.7762
41.5497
46.1866
50.2002
53.6278
56.282
57.9904
58.8535
59.0568
58.7596
58.1428
57.337
56.4224
55.4592
54.4682
53.4536
52.4121
51.3259
50.1704
48.917
47.5299
45.9633
44.1916
42.2641
40.2693
38.264
36.2898
34.3988
32.655
31.1327
29.911
29.0757
28.7079
28.8632
29.5589
30.7462
32.2753
33.7621
24.9669
19.7207
13.5319
6.74398
-0.0189157
-7.25888
-14.6412
-21.9059
-29.1381
-36.1947
-43.031
-49.6895
-56.136
-62.3855
-68.4504
-74.3186
-79.9768
-85.3973
-90.5366
-95.3392
-99.7317
-103.628
-106.946
-109.623
-111.67
-113.137
-114.002
-114.173
-113.537
-111.978
-109.374
-105.608
-100.573
-94.1828
-86.392
-77.2121
-66.7496
-55.2431
-43.6148
29.7281
34.0878
38.6658
43.1271
47.0035
50.3344
52.941
54.6535
55.564
55.8489
55.6576
55.1598
54.4802
53.6955
52.8635
52.005
51.1257
50.2238
49.2842
48.2855
47.2023
46.0026
44.6449
43.1054
41.4268
39.687
37.9351
36.2054
34.5412
32.9954
31.6297
30.51
29.707
29.2887
29.3015
29.7604
30.6265
31.7782
32.902
22.8777
17.8761
11.9843
5.5349
-0.87878
-7.73309
-14.7084
-21.5586
-28.3646
-34.991
-41.3961
-47.6204
-53.6325
-59.4468
-65.0755
-70.5078
-75.7323
-80.7239
-85.4433
-89.8398
-93.848
-97.3897
-100.393
-102.804
-104.636
-105.943
-106.709
-106.854
-106.281
-104.887
-102.567
-99.2156
-94.7374
-89.0539
-82.1162
-73.9223
-64.5467
-54.1712
-43.604
27.4247
31.5955
35.9848
40.2755
44.0181
47.2535
49.811
51.524
52.4759
52.8343
52.7399
52.3512
51.7871
51.1211
50.408
49.6694
48.9119
48.1349
47.326
46.4665
45.5341
44.5005
43.3282
41.9949
40.5377
39.0251
37.4992
35.9884
34.5281
33.1619
31.9406
30.9181
30.1525
29.6995
29.5977
29.8596
30.454
31.2834
32.0945
20.9558
16.1889
10.5816
4.45579
-1.62477
-8.11183
-14.7006
-21.1579
-27.5609
-33.7812
-39.7804
-45.597
-51.2022
-56.6099
-61.8322
-66.8591
-71.6812
-76.2754
-80.6063
-84.6285
-88.2827
-91.4988
-94.2132
-96.3801
-98.0167
-99.1777
-99.8517
-99.9715
-99.4519
-98.2039
-96.1363
-93.1574
-89.1811
-84.1356
-77.9713
-70.6751
-62.2945
-52.9619
-43.3841
25.2971
29.286
33.4929
37.6185
41.2305
44.3714
46.8785
48.5881
49.5755
50.0003
49.9941
49.7049
49.2461
48.688
48.0828
47.4524
46.8042
46.1387
45.446
44.7099
43.911
43.0241
42.0156
40.865
39.6042
38.2931
36.9682
35.6524
34.3745
33.1703
32.0809
31.1503
30.4254
29.9515
29.7597
29.8602
30.2279
30.785
31.3293
19.1893
14.6475
9.31281
3.4963
-2.26655
-8.40397
-14.6254
-20.7105
-26.7323
-32.5695
-38.1867
-43.6208
-48.8448
-53.8727
-58.7161
-63.3663
-67.8151
-72.0415
-76.0138
-79.6909
-83.0195
-85.9372
-88.3876
-90.3322
-91.7911
-92.8191
-93.4096
-93.5049
-93.0317
-91.9134
-90.0712
-87.4252
-83.8993
-79.428
-73.962
-67.4796
-60.0056
-51.6315
-42.9729
23.3329
27.1466
31.1774
35.1429
38.6274
41.6748
44.1303
45.8328
46.8505
47.3345
47.408
47.2094
46.8463
46.3861
45.8785
45.3453
44.7949
44.2288
43.6392
43.0123
42.3311
41.5734
40.7094
39.7201
38.6329
37.5002
36.353
35.2101
34.0947
33.0357
32.0663
31.2219
30.5397
30.0561
29.7956
29.7663
29.9476
30.2775
30.597
17.567
13.2412
8.16751
2.64663
-2.81314
-8.61799
-14.4905
-20.2228
-25.884
-31.36
-36.6178
-41.6928
-46.5601
-51.2332
-55.7236
-60.0237
-64.1263
-68.0128
-71.6544
-75.0142
-78.044
-80.6883
-82.8979
-84.6405
-85.9386
-86.8464
-87.3614
-87.4341
-87.0018
-85.9989
-84.3578
-82.0091
-78.8863
-74.9299
-70.092
-64.3444
-57.6935
-50.1965
-42.3889
21.5207
25.1656
29.0264
32.8365
36.1966
39.1518
41.5542
43.2463
44.2889
44.8253
44.9706
44.8539
44.5775
44.2058
43.786
43.34
42.877
42.3993
41.9009
41.3701
40.7924
40.1484
39.4114
38.5642
37.63
36.6544
35.664
34.6737
33.7024
32.773
31.9121
31.1477
30.5092
30.0252
29.7146
29.5829
29.6135
29.7565
29.8889
16.0785
11.9598
7.1361
1.8977
-3.27318
-8.76136
-14.3026
-19.7007
-25.021
-30.1562
-35.0761
-39.8141
-44.3475
-48.6896
-52.8513
-56.8264
-60.6082
-64.1806
-67.5174
-70.5853
-73.3413
-75.7361
-77.7267
-79.2865
-80.4395
-81.2393
-81.6865
-81.7388
-81.343
-80.443
-78.9811
-76.8978
-74.1348
-70.6388
-66.3638
-61.2771
-55.3706
-48.6734
-41.6507
19.8496
23.3321
27.0286
30.6879
33.9266
36.7905
39.1388
40.8171
41.8795
42.4619
42.6715
42.6284
42.4301
42.1381
41.7971
41.4291
41.0437
40.6443
40.2264
39.7802
39.2934
38.7489
38.1233
37.4008
36.601
35.7635
34.9107
34.0548
33.2107
32.3965
31.6332
30.9428
30.348
29.8709
29.5256
29.3155
29.2264
29.2181
29.1971
14.714
10.7939
6.2095
1.24105
-3.65437
-8.84128
-14.068
-19.1494
-24.1477
-28.9616
-33.5636
-37.9856
-42.2066
-46.2397
-50.0955
-53.7687
-57.2539
-60.5362
-63.5923
-66.3924
-68.8981
-71.0653
-72.857
-74.2517
-75.2744
-75.9777
-76.3643
-76.3988
-76.0358
-75.2278
-73.9258
-72.0789
-69.6367
-66.5511
-62.7788
-58.2845
-53.0487
-47.0784
-40.7767
18.3096
21.6357
25.1734
28.6865
31.8066
34.5803
36.8734
38.5347
39.6121
40.2341
40.5008
40.5236
40.3954
40.1747
39.9042
39.6056
39.2891
38.9588
38.6116
38.2395
37.8321
37.3747
36.8464
36.233
35.551
34.8343
34.1022
33.3642
32.6319
31.9197
31.2439
30.6214
30.0696
29.6051
29.2381
28.9699
28.788
28.6595
28.5153
13.4642
9.73454
5.37933
0.668684
-3.96423
-8.86443
-13.7925
-18.5741
-23.268
-27.7793
-32.0823
-36.2078
-40.1366
-43.8815
-47.4529
-50.8461
-54.0567
-57.0715
-59.8694
-62.424
-64.7011
-66.6613
-68.2728
-69.5187
-70.4249
-71.042
-71.3751
-71.3943
-71.0611
-70.3356
-69.1762
-67.5396
-65.3824
-62.6619
-59.3375
-55.3725
-50.739
-45.4269
-39.7853
16.8912
20.0666
23.4511
26.8223
29.8266
32.5111
34.7479
36.3892
37.477
38.1327
38.4496
38.531
38.4652
38.3081
38.1002
37.8631
37.6074
37.3379
37.0526
36.7453
36.4072
36.0254
35.582
35.0639
34.4846
33.8735
33.2467
32.6118
31.9776
31.3554
30.7577
30.1974
29.6873
29.2398
28.8615
28.5523
28.3006
28.0788
27.8376
12.3205
8.77348
4.6377
0.173279
-4.20942
-8.83697
-13.4816
-17.9793
-22.3858
-26.6117
-30.6338
-34.4815
-38.1372
-41.6132
-44.92
-48.0536
-51.0104
-53.7785
-56.3395
-58.6693
-60.7375
-62.5097
-63.9583
-65.0706
-65.8727
-66.4134
-66.6996
-66.7058
-66.3999
-65.7484
-64.7161
-63.2667
-61.3624
-58.9659
-56.0393
-52.5458
-48.4516
-43.7335
-38.6941
15.5855
18.6159
21.8522
25.0858
27.977
30.5733
32.7529
34.3713
35.4652
36.149
36.5094
36.6425
36.632
36.5312
36.3787
36.1959
35.9936
35.7773
35.5461
35.2951
35.0171
34.7011
34.3314
33.8961
33.4063
32.8871
32.352
31.8068
31.2585
30.7155
30.1874
29.6836
29.2137
28.7862
28.4052
28.069
27.7668
27.4748
27.1595
11.275
7.90308
3.97718
-0.252055
-4.39635
-8.76458
-13.1403
-17.3692
-21.5041
-25.4612
-29.2194
-32.8066
-36.2071
-39.4327
-42.4936
-45.3865
-48.1088
-50.6499
-52.9931
-55.1173
-56.9953
-58.5969
-59.8987
-60.891
-61.6006
-62.0739
-62.3188
-62.3144
-62.0336
-61.4485
-60.5296
-59.2464
-57.5664
-55.4569
-52.883
-49.8083
-46.1956
-42.0121
-37.5198
14.3843
17.275
20.3684
23.4682
26.249
28.7581
30.8796
32.4724
33.5682
34.2746
34.6725
34.8508
34.8889
34.8378
34.7339
34.5987
34.4431
34.2732
34.0889
33.8867
33.6607
33.4015
33.0956
32.7321
32.3199
31.8804
31.4249
30.9579
30.4845
30.0111
29.5447
29.0924
28.6607
28.2553
27.8784
27.5267
27.1899
26.8473
26.4773
10.3201
7.11601
3.39105
-0.613681
-4.53087
-8.65259
-12.7732
-16.7476
-20.6262
-24.3301
-27.8403
-31.1835
-34.3454
-37.3376
-40.1701
-42.8403
-45.3459
-47.6779
-49.8216
-51.7577
-53.4628
-54.9099
-56.0794
-56.9645
-57.5918
-58.0057
-58.2148
-58.2019
-57.9443
-57.4188
-56.601
-55.4651
-53.9838
-52.128
-49.8661
-47.1628
-43.9789
-40.275
-36.2782
13.2799
16.0361
18.9913
21.9614
24.6343
27.0572
29.1196
30.6843
31.778
32.5021
32.9317
33.1491
33.2296
33.2219
33.1607
33.0669
32.952
32.8221
32.6783
32.5182
32.3369
32.1267
31.8757
31.5742
31.2293
30.8587
30.4721
30.0728
29.6646
29.2522
28.8407
28.4349
28.0393
27.6575
27.2897
26.9318
26.5736
26.1965
25.7887
9.44884
6.40562
2.87287
-0.917562
-4.61844
-8.5057
-12.3844
-16.1181
-19.7545
-23.2199
-26.4972
-29.6118
-32.5509
-35.3257
-37.9461
-40.41
-42.7157
-44.8555
-46.8161
-48.5808
-50.1285
-51.4359
-52.4864
-53.2758
-53.8303
-54.1921
-54.3702
-54.3506
-54.1145
-53.6426
-52.9149
-51.9097
-50.6039
-48.9721
-46.9858
-44.6112
-41.8082
-38.5335
-34.9842
12.265
14.8916
17.7134
20.5576
23.125
25.4626
27.4652
28.9994
30.0872
30.8244
31.2802
31.5311
31.6483
31.6783
31.6541
31.5962
31.5164
31.4211
31.3121
31.188
31.045
30.8767
30.6729
30.4248
30.1377
29.8267
29.4995
29.1588
28.8073
28.4482
28.0852
27.7216
27.36
27.0024
26.6475
26.2907
25.9219
25.5236
25.0917
8.65465
5.76562
2.41677
-1.16918
-4.66403
-8.32852
-11.9776
-15.4835
-18.8914
-22.1323
-25.1909
-28.0914
-30.8223
-33.3947
-35.8181
-38.091
-40.2124
-42.1754
-43.9684
-45.5766
-46.9816
-48.1627
-49.1064
-49.8105
-50.3007
-50.6168
-50.7684
-50.7437
-50.5276
-50.104
-49.4564
-48.5671
-47.4162
-45.982
-44.2386
-42.1543
-39.6891
-36.7976
-33.651
11.3329
13.8347
16.5276
19.2496
21.7139
23.9672
25.9093
27.4106
28.489
29.2346
29.7118
29.9908
30.1395
30.202
30.2096
30.1828
30.1332
30.0674
29.9882
29.8947
29.7844
29.6518
29.4883
29.2858
29.0485
28.7885
28.5126
28.2224
27.92
27.6075
27.2875
26.9618
26.6321
26.2988
25.9598
25.6098
25.2386
24.83
24.3856
7.93152
5.19026
2.01723
-1.37354
-4.67224
-8.12505
-11.5565
-14.8469
-18.0391
-21.0685
-23.9216
-26.6216
-29.1581
-31.542
-33.7825
-35.8788
-37.8301
-39.6307
-41.2702
-42.7359
-44.0112
-45.0784
-45.9264
-46.5546
-46.988
-47.2644
-47.3933
-47.3652
-47.1675
-46.7874
-46.2112
-45.4244
-44.4103
-43.1501
-41.6206
-39.7923
-37.6262
-35.076
-32.2909
10.4773
12.859
15.4274
18.0307
20.3941
22.564
24.4449
25.9113
26.9769
27.7267
28.2205
28.5229
28.6982
28.7884
28.8234
28.8231
28.7992
28.7587
28.7047
28.6372
28.5545
28.4521
28.3228
28.1593
27.9644
27.7482
27.5162
27.2696
27.0096
26.7378
26.4557
26.1643
25.8642
25.555
25.2338
24.8947
24.528
24.1178
23.6703
7.2738
4.67407
1.66918
-1.53539
-4.64737
-7.89905
-11.1242
-14.2107
-17.1992
-20.0296
-22.6897
-25.2018
-27.5567
-29.7651
-31.8359
-33.7686
-35.5632
-37.2145
-38.7137
-40.0493
-41.2071
-42.1718
-42.934
-43.4948
-43.8784
-44.1202
-44.2297
-44.1995
-44.0191
-43.6781
-43.1656
-42.4696
-41.5761
-40.4691
-39.1277
-37.5247
-35.6228
-33.376
-30.9147
9.69235
11.9584
14.4066
16.8945
19.1593
21.2468
23.0658
24.4952
25.5448
26.295
26.8009
27.1222
27.3197
27.4333
27.4914
27.5137
27.5117
27.4926
27.4599
27.4144
27.3549
27.278
27.1775
27.0471
26.8883
26.7094
26.5149
26.3056
26.0823
25.8459
25.5972
25.3367
25.0641
24.7783
24.4761
24.1513
23.794
23.3892
22.946
6.67621
4.21207
1.3679
-1.65912
-4.59338
-7.65393
-10.6834
-13.5771
-16.3733
-19.0162
-21.4951
-23.8312
-26.0165
-28.0614
-29.9746
-31.7561
-33.406
-34.9202
-36.291
-37.5083
-38.5596
-39.4317
-40.1172
-40.6182
-40.958
-41.1699
-41.2632
-41.232
-41.0678
-40.7622
-40.3064
-39.6908
-38.9037
-37.9313
-36.7552
-35.3504
-33.6816
-31.7042
-29.5319
8.97263
11.1273
13.4594
15.8354
18.0036
20.0095
21.7661
23.1567
24.1871
24.9339
25.4482
25.7843
25.9997
26.1328
26.2104
26.2517
26.2682
26.267
26.2522
26.2251
26.1851
26.1296
26.0534
25.9509
25.8227
25.6755
25.5129
25.3355
25.1438
24.9381
24.7188
24.4859
24.2388
23.9756
23.693
23.3846
23.0407
22.6465
22.2137
6.13384
3.79951
1.10902
-1.74873
-4.51382
-7.39284
-10.2368
-12.948
-15.5627
-18.0291
-20.3377
-22.5089
-24.5357
-26.4285
-28.1953
-29.8367
-31.3532
-32.7415
-33.9947
-35.1042
-36.059
-36.8478
-37.4648
-37.9127
-38.2142
-38.4002
-38.48
-38.4487
-38.2996
-38.0261
-37.6211
-37.0767
-36.3834
-35.5294
-34.4984
-33.2678
-31.8045
-30.0655
-28.1509
8.31307
10.3606
12.5805
14.8478
16.9216
18.8468
20.5403
21.8903
22.8986
23.6388
24.1578
24.5049
24.7346
24.8834
24.9771
25.0342
25.066
25.0799
25.0801
25.0684
25.0446
25.007
24.9513
24.8723
24.7699
24.6494
24.5139
24.3637
24.199
24.0199
23.8265
23.6183
23.3945
23.153
22.8901
22.5995
22.2716
21.8921
21.4744
5.64216
3.43209
0.888399
-1.80798
-4.41213
-7.11868
-9.78676
-12.3253
-14.7686
-17.0686
-19.2171
-21.2338
-23.1126
-24.8634
-26.4943
-28.006
-29.3995
-30.672
-31.8177
-32.8289
-33.6964
-34.4101
-34.9657
-35.3667
-35.6347
-35.7984
-35.8669
-35.8364
-35.7016
-35.4571
-35.0975
-34.6164
-34.0059
-33.256
-32.3525
-31.2749
-29.9924
-28.4644
-26.7788
7.70892
9.65326
11.765
13.9267
15.9082
17.7536
19.3836
20.6913
21.6744
22.4048
22.9255
23.2802
23.5206
23.6819
23.7886
23.8585
23.9031
23.9294
23.9421
23.9431
23.933
23.9103
23.8717
23.8124
23.7318
23.634
23.5214
23.3943
23.2527
23.0966
22.9257
22.7395
22.5369
22.3158
22.0723
21.8003
21.4904
21.1285
20.7292
5.19706
3.10585
0.702392
-1.84021
-4.29126
-6.83409
-9.33537
-11.7105
-13.9918
-16.135
-18.133
-20.0045
-21.7449
-23.3636
-24.8681
-26.2596
-27.5396
-28.7056
-29.7528
-30.6746
-31.4628
-32.1089
-32.6098
-32.9693
-33.2078
-33.3525
-33.4117
-33.3828
-33.2613
-33.0432
-32.7243
-32.2994
-31.7621
-31.104
-30.3125
-29.3693
-28.2458
-26.9042
-25.422
7.15594
9.00099
11.0084
13.0674
14.9585
16.7251
18.2911
19.5551
20.51
21.2281
21.7476
22.1067
22.3546
22.5254
22.6422
22.7225
22.7773
22.8138
22.8367
22.8484
22.8495
22.8393
22.815
22.7724
22.7102
22.6315
22.5383
22.4309
22.309
22.1726
22.0214
21.8547
21.6713
21.4691
21.2444
20.9912
20.7003
20.358
19.9795
4.79475
2.81729
0.54764
-1.84838
-4.15379
-6.5411
-8.88421
-11.1049
-13.2329
-15.2284
-17.0847
-18.8199
-20.4309
-21.9263
-23.3133
-24.5932
-25.7681
-26.8363
-27.7933
-28.6335
-29.3499
-29.9353
-30.3872
-30.7099
-30.9229
-31.0511
-31.1028
-31.0758
-30.9669
-30.7729
-30.4905
-30.1157
-29.6433
-29.066
-28.3731
-27.548
-26.5645
-25.3875
-24.0856
6.6502
8.39967
10.3064
12.2656
14.0682
15.7567
17.2582
18.4772
19.401
20.105
20.6211
20.9815
21.2338
21.4111
21.5356
21.6239
21.6868
21.7314
21.7626
21.783
21.7935
21.7937
21.7814
21.7528
21.7062
21.6438
21.5672
21.4765
21.3715
21.2521
21.118
20.9684
20.8023
20.6176
20.4107
20.1758
19.9042
19.5826
19.2266
4.43132
2.56264
0.420651
-1.83571
-4.00263
-6.24203
-8.43502
-10.5094
-12.4921
-14.3485
-16.071
-17.6784
-19.1687
-20.5493
-21.8265
-23.0027
-24.0805
-25.0584
-25.9326
-26.6984
-27.3497
-27.8804
-28.2886
-28.5789
-28.7695
-28.8837
-28.9293
-28.9048
-28.8076
-28.6355
-28.386
-28.0559
-27.641
-27.1353
-26.5292
-25.808
-24.9479
-23.9163
-22.774
6.1877
7.84542
9.65524
11.5173
13.2335
14.8445
16.2808
17.4535
18.3429
19.032
19.5432
19.9019
20.1555
20.3369
20.4668
20.5609
20.6299
20.6808
20.7185
20.7458
20.764
20.7728
20.7706
20.7539
20.7207
20.6723
20.6099
20.5337
20.4433
20.3387
20.2195
20.085
19.9343
19.7654
19.5751
19.3578
19.1054
18.8048
18.472
4.10299
2.3378
0.317331
-1.80627
-3.84132
-5.94041
-7.9906
-9.92586
-11.7704
-13.4957
-15.0904
-16.5768
-17.955
-19.2288
-20.4034
-21.4831
-22.471
-23.3659
-24.1643
-24.8622
-25.4545
-25.9359
-26.3052
-26.5669
-26.738
-26.8402
-26.8809
-26.8592
-26.7731
-26.6209
-26.4009
-26.1108
-25.747
-25.3046
-24.7752
-24.1457
-23.3944
-22.4913
-21.4905
5.76464
7.33455
9.0514
10.8196
12.4517
13.9865
15.3571
16.4815
17.3301
18.004
18.51
18.8644
19.1167
19.3002
19.4337
19.5318
19.6051
19.6606
19.7033
19.736
19.7602
19.7761
19.7823
19.7759
19.7541
19.7178
19.6679
19.6043
19.5268
19.4351
19.329
19.2079
19.0709
18.9164
18.7413
18.5407
18.3066
18.0268
17.7171
3.8072
2.14046
0.235476
-1.76219
-3.67222
-5.63853
-7.5531
-9.35652
-11.0698
-12.672
-14.1421
-15.5125
-16.7865
-17.9607
-19.0391
-20.0288
-20.9337
-21.7522
-22.481
-23.1171
-23.6562
-24.0935
-24.4284
-24.665
-24.8195
-24.9116
-24.9487
-24.93
-24.8542
-24.7203
-24.5269
-24.2725
-23.9542
-23.5679
-23.1065
-22.558
-21.9028
-21.1135
-20.2381
5.3783
6.86399
8.49186
10.169
11.7196
13.1793
14.4852
15.56
16.3596
17.0179
17.5183
17.8658
18.1144
18.2983
18.4338
18.5344
18.6105
18.6691
18.7154
18.7522
18.7811
18.8027
18.8161
18.8183
18.8065
18.781
18.7421
18.6899
18.6239
18.5439
18.4496
18.3405
18.216
18.0745
17.9133
17.728
17.5113
17.2514
16.9643
3.54399
1.97161
0.177153
-1.70065
-3.49213
-5.33258
-7.11942
-8.79907
-10.3892
-11.8741
-13.2269
-14.4911
-15.6687
-16.7477
-17.7342
-18.639
-19.4663
-20.2133
-20.8775
-21.4568
-21.9472
-22.3449
-22.6491
-22.8639
-23.0041
-23.0882
-23.1226
-23.1072
-23.041
-22.9238
-22.7544
-22.5319
-22.2543
-21.9179
-21.5166
-21.04
-20.47
-19.7818
-19.0174
5.02793
6.43232
7.97297
9.56037
11.0303
12.4143
13.6562
14.6815
15.4329
16.0791
16.5704
16.906
17.1483
17.3309
17.4667
17.568
17.6452
17.7055
17.7538
17.7932
17.8256
17.8516
17.8708
17.8805
17.8774
17.8614
17.8326
17.7906
17.7352
17.666
17.5827
17.4847
17.3717
17.2421
17.0939
16.9228
16.7223
16.4812
16.2157
3.31145
1.82965
0.141909
-1.62122
-3.29899
-5.01896
-6.68364
-8.24705
-9.72093
-11.0938
-12.3369
-13.5145
-14.6077
-15.5924
-16.4879
-17.3126
-18.0673
-18.7472
-19.3508
-19.8771
-20.3231
-20.6847
-20.9614
-21.157
-21.2852
-21.3627
-21.3958
-21.3843
-21.3276
-21.2258
-21.0784
-20.8844
-20.643
-20.351
-20.003
-19.5899
-19.0956
-18.4971
-17.8319
4.71161
6.0371
7.49202
8.98962
10.3781
11.6828
12.8594
13.8291
14.5393
15.1912
15.6708
15.9853
16.2181
16.3988
16.5338
16.6343
16.7113
16.7719
16.821
16.8618
16.8961
16.9252
16.9487
16.9642
16.9687
16.961
16.9411
16.9085
16.8628
16.8036
16.7304
16.6429
16.5407
16.4225
16.2864
16.1287
15.9434
15.7199
15.4746
3.13256
1.72132
0.114756
-1.55432
-3.13484
-4.74479
-6.28391
-7.71716
-9.04097
-10.2796
-11.3298
-12.4643
-13.5445
-14.4803
-15.3264
-16.1152
-16.8396
-17.4902
-18.0668
-18.5698
-18.9962
-19.342
-19.6064
-19.7934
-19.9161
-19.9906
-20.0238
-20.0151
-19.9654
-19.8752
-19.7399
-19.5642
-19.3471
-19.0852
-18.7734
-18.4038
-17.9618
-17.4263
-16.8315
4.46747
5.72816
7.11274
8.52488
9.82645
11.0283
12.0929
12.9249
13.5349
14.3036
14.8271
15.1434
15.3858
15.5818
15.7282
15.8364
15.9194
15.9853
16.0389
16.0837
16.1222
16.1559
16.185
16.2073
16.2194
16.2197
16.2077
16.183
16.1452
16.0936
16.0281
15.9482
15.8535
15.743
15.6151
15.4662
15.2909
15.079
14.8471
2.99143
1.63786
0.0991167
-1.48999
-2.98304
-4.48725
-5.90058
-7.19308
-8.34577
-9.4283
-10.2341
-11.3704
-12.4866
-13.4052
-14.2299
-15.0116
-15.7332
-16.3796
-16.9516
-17.4507
-17.8739
-18.2169
-18.479
-18.6646
-18.7867
-18.8616
-18.8969
-18.8911
-18.847
-18.7657
-18.6358
-18.471
-18.2696
-18.0274
-17.7395
-17.3993
-16.9934
-16.5015
-15.9552
4.27188
5.47724
6.79651
8.12483
9.3329
10.414
11.3362
11.9919
12.4697
13.4104
14.0199
14.3581
14.6233
14.8455
15.0123
15.1348
15.2289
15.3039
15.3651
15.4165
15.4611
15.501
15.5368
15.5667
15.5869
15.595
15.5903
15.5727
15.5415
15.4962
15.4367
15.3625
15.2732
15.1682
15.0456
14.9022
14.7329
14.5273
14.3027
2.8549
1.55974
0.0898133
-1.41825
-2.82333
-4.22128
-5.51093
-6.66502
-7.65564
-8.5854
-9.16273
-10.2862
-11.4284
-12.3278
-13.1265
-13.8953
-14.6104
-15.2502
-15.8155
-16.3092
-16.7284
-17.0682
-17.3282
-17.5126
-17.6347
-17.7104
-17.7485
-17.7466
-17.709
-17.638
-17.5151
-17.3623
-17.1783
-16.9567
-16.6933
-16.3826
-16.0126
-15.5645
-15.0717
4.08002
5.22985
6.48335
7.72805
8.84444
9.80559
10.5913
11.0803
11.4288
12.5063
13.2013
13.5619
13.8445
14.0896
14.2758
14.4121
14.5167
14.6004
14.6691
14.7269
14.7772
14.8228
14.8648
14.9017
14.9293
14.9447
14.9473
14.9365
14.9118
14.8728
14.8193
14.7511
14.668
14.5692
14.4531
14.3165
14.1544
13.9569
13.7423
2.72358
1.48696
0.0864044
-1.34056
-2.65786
-3.94995
-5.11897
-6.13697
-6.97564
-7.74995
-8.12352
-9.21687
-10.3692
-11.2483
-12.0188
-12.7694
-13.4739
-14.1045
-14.6615
-15.1483
-15.5624
-15.8985
-16.1565
-16.34
-16.4622
-16.539
-16.5799
-16.5813
-16.5497
-16.4876
-16.3702
-16.2275
-16.0584
-15.8551
-15.614
-15.3308
-14.9946
-14.5859
-14.1311
3.893
4.9877
6.17546
7.33756
8.36447
9.20687
9.86311
10.1919
10.4189
11.5931
12.3688
12.7556
13.0521
13.3157
13.5197
13.6696
13.7844
13.8763
13.952
14.0158
14.0716
14.1224
14.17
14.2132
14.2477
14.27
14.2794
14.2755
14.2575
14.2251
14.1778
14.1158
14.0387
13.9459
13.8358
13.7055
13.5499
13.3588
13.148
2.59864
1.42016
0.0887624
-1.25783
-2.48845
-3.67619
-4.72839
-5.61327
-6.31021
-6.92497
-7.12165
-8.16742
-9.31064
-10.1662
-10.907
-11.6348
-12.3242
-12.9433
-13.4903
-13.9691
-14.3773
-14.7096
-14.9652
-15.1483
-15.272
-15.3525
-15.3997
-15.4091
-15.389
-15.3416
-15.2366
-15.1103
-14.9615
-14.781
-14.5651
-14.3108
-14.0093
-13.6461
-13.2595
3.71256
4.75283
5.87542
6.95652
7.89657
8.6211
9.15479
9.32432
9.43932
10.6726
11.52
11.9373
12.2466
12.5252
12.7445
12.9068
13.0314
13.1317
13.2146
13.2848
13.346
13.4019
13.4547
13.5037
13.5442
13.5726
13.5881
13.5903
13.5789
13.5531
13.5131
13.4588
13.3904
13.3073
13.2077
13.0885
12.9451
12.7687
12.581
2.481
1.3595
0.0959929
-1.17174
-2.31776
-3.40371
-4.34384
-5.0995
-5.66457
-6.11519
-6.16033
-7.14116
-8.25438
-9.08125
-9.79111
-10.4921
-11.1619
-11.7667
-12.3022
-12.7722
-13.1746
-13.5037
-13.7574
-13.939
-14.0606
-14.1391
-14.1853
-14.1939
-14.1748
-14.1305
-14.0267
-13.9061
-13.7677
-13.6018
-13.4052
-13.1756
-12.9025
-12.5645
-12.1717
3.54048
4.52775
5.58607
6.58872
7.44412
8.05166
8.46921
8.47571
8.48546
9.74603
10.6537
11.1039
11.4275
11.7201
11.9535
12.1263
12.2584
12.3655
12.4554
12.5322
12.5998
12.6615
12.7202
12.7753
12.8224
12.8573
12.8793
12.8879
12.8823
12.8617
12.8257
12.7743
12.7077
12.6258
12.5279
12.4114
12.2707
12.0926
11.8854
2.37166
1.30433
0.10573
-1.08626
-2.15032
-3.13781
-3.97028
-4.60061
-5.04219
-5.32448
-5.24168
-6.14025
-7.20244
-7.99362
-8.67002
-9.34029
-9.9867
-10.5745
-11.0965
-11.5561
-11.9515
-12.2782
-12.535
-12.7256
-12.8614
-12.9576
-13.0247
-13.0569
-13.0652
-13.0517
-12.9759
-12.8846
-12.7767
-12.6406
-12.4734
-12.2746
-12.0418
-11.772
-11.5236
3.37943
4.31622
5.3121
6.23917
7.01
7.49872
7.8036
7.63831
7.54608
8.81249
9.77054
10.2528
10.5892
10.8953
11.1456
11.3327
11.4737
11.5856
11.6785
11.7585
11.8299
11.896
11.9596
12.0202
12.0728
12.114
12.1435
12.1617
12.1683
12.1627
12.1445
12.1133
12.0687
12.0099
11.9354
11.8426
11.7286
11.5909
11.4621
2.27168
1.25383
0.114886
-1.00653
-1.99266
-2.88581
-3.61332
-4.11994
-4.4442
-4.55581
-4.36579
-5.16545
-6.15645
-6.90346
-7.542
-8.17672
-8.79541
-9.36437
-9.87367
-10.3236
-10.7104
-11.0271
-11.2695
-11.4382
-11.5473
-11.6175
-11.6601
-11.6689
-11.6555
-11.6212
-11.5278
-11.4266
-11.3165
-11.1866
-11.0334
-10.8546
-10.6348
-10.3394
-9.93722
3.23212
4.12228
5.05898
5.91435
6.59793
6.96382
7.15597
6.80384
6.60264
7.86326
8.87197
9.39072
9.7371
10.0456
10.3034
10.5054
10.6651
10.7942
10.9001
10.9882
11.0645
11.1339
11.2006
11.2643
11.3192
11.3598
11.3854
11.3965
11.3927
11.3737
11.3396
11.2907
11.228
11.1523
11.0634
10.9581
10.8269
10.6463
10.4012
2.18215
1.20957
0.12483
-0.932796
-1.84768
-2.65421
-3.28141
-3.66889
-3.88325
-3.82085
-3.53331
-4.21642
-5.11736
-5.81101
-6.4065
-6.9991
-7.58167
-8.12491
-8.62013
-9.06821
-9.46678
-9.81099
-10.1002
-10.3369
-10.5231
-10.6661
-10.7794
-10.8587
-10.9209
-10.9662
-10.9407
-10.8991
-10.8425
-10.7579
-10.6438
-10.5051
-10.3546
-10.2169
-10.2043
3.09905
3.94638
4.82881
5.61931
6.21623
6.4657
6.54932
5.97693
5.63737
6.87789
7.93874
8.51488
8.89846
9.21909
9.46567
9.64517
9.78732
9.91376
10.0313
10.1393
10.2379
10.3286
10.415
10.4995
10.5805
10.6541
10.7185
10.7742
10.8208
10.8574
10.8824
10.8939
10.8901
10.869
10.8298
10.7732
10.707
10.6492
10.6658
2.10407
1.17388
0.139363
-0.860769
-1.71321
-2.4461
-2.98589
-3.27349
-3.39179
-3.14121
-2.74678
-3.29755
-4.08753
-4.7132
-5.2607
-5.8108
-6.35335
-6.85748
-7.31163
-7.71381
-8.05821
-8.33098
-8.51962
-8.62242
-8.6716
-8.70337
-8.7227
-8.71715
-8.69215
-8.64768
-8.55747
-8.47187
-8.38796
-8.29462
-8.18702
-8.05682
-7.8708
-7.5593
-7.00519
2.98024
3.78806
4.62183
5.35643
5.87456
6.03536
6.0163
5.15975
4.64365
5.84974
6.9273
7.54285
7.99431
8.40424
8.73126
8.94989
9.07865
9.15162
9.19942
9.24144
9.28753
9.34183
9.4042
9.46488
9.50685
9.52593
9.52716
9.51298
9.48513
9.44543
9.39613
9.33995
9.27937
9.21586
9.1479
9.06681
8.946
8.72672
8.33233
2.03857
1.13786
0.140618
-0.812409
-1.61103
-2.27768
-2.7354
-2.93725
-2.95443
-2.49
-1.99349
-2.4201
-3.08158
-3.60875
-4.0845
-4.58736
-5.11288
-5.63498
-6.14079
-6.62828
-7.09658
-7.5478
-7.98174
-8.38635
-8.71735
-8.9606
-9.15707
-9.31867
-9.48228
-9.64304
-9.7004
-9.71518
-9.71618
-9.69494
-9.64675
-9.58418
-9.55342
-9.63521
-10.0446
2.88659
3.66519
4.45885
5.1398
5.57564
5.65203
5.47073
4.252
3.59832
4.83122
5.90405
6.47069
6.8516
7.22025
7.59644
7.9688
8.32141
8.62977
8.87888
9.06875
9.21004
9.31699
9.41007
9.51997
9.66867
9.83499
9.99118
10.131
10.2542
10.36
10.4456
10.5068
10.5411
10.5475
10.53
10.5016
10.5004
10.6053
10.9687
1.98813
1.0775
0.0778466
-0.85759
-1.61471
-2.205
-2.54628
-2.6109
-2.43662
-1.73182
-1.21871
-1.57053
-2.12482
-2.547
-2.89778
-3.23816
-3.57406
-3.89437
-4.19001
-4.45078
-4.65593
-4.77282
-4.77728
-4.68284
-4.59094
-4.55761
-4.55049
-4.51913
-4.44546
-4.40048
-4.31375
-4.23497
-4.17796
-4.12547
-4.06597
-3.98585
-3.81631
-3.4368
-2.573
2.84381
3.62156
4.39397
5.01457
5.33037
5.23266
4.6759
3.04964
2.39621
3.79617
5.06679
5.82997
6.24671
6.40046
6.335
6.14577
5.93199
5.77315
5.69687
5.6978
5.75848
5.86266
5.98481
6.07061
6.07034
6.01952
5.96766
5.91973
5.87299
5.82628
5.78429
5.75266
5.73482
5.73071
5.73284
5.71748
5.61753
5.29943
4.55716
1.95721
1.00082
-0.0412331
-0.995859
-1.73479
-2.25246
-2.45819
-2.3323
-1.87296
-0.925827
-0.410855
-0.660589
-1.12522
-1.58618
-2.06469
-2.57201
-3.11061
-3.68163
-4.2913
-4.95183
-5.68031
-6.48301
-7.31893
-8.09052
-8.63349
-8.95229
-9.25816
-9.50004
-9.90408
-10.4915
-10.2978
-10.3016
-10.4595
-10.57
-10.608
-10.6408
-10.7778
-11.1681
-12.1038
2.85202
3.65621
4.43174
5.00159
5.18731
4.84915
3.77654
1.79204
0.954704
2.19216
3.62007
5.05209
6.46053
7.81311
8.96476
9.8323
10.4316
10.7827
10.9452
10.9858
10.9614
10.9163
10.9144
11.061
11.4025
11.7898
12.1016
12.3486
12.5567
12.7315
12.8652
12.953
12.9974
13.0062
12.9984
13.0125
13.1465
13.5513
14.4778
290.633
283.785
275.058
265.023
253.691
241.237
227.975
214.298
200.564
187.01
173.755
160.849
148.32
136.188
124.472
113.192
102.362
91.9921
82.0871
72.649
63.6742
55.1579
47.0912
39.4646
32.2666
25.4856
19.1097
13.1277
7.53052
2.30826
-2.54706
-7.04207
-11.184
-14.9781
-18.4299
-21.5449
-24.3286
-26.7881
-28.9317
-30.7691
-32.3105
-33.5676
-34.5532
-35.2807
-35.7656
-36.0241
-36.0727
-35.9292
-35.6112
-35.137
-34.5242
-33.7903
-32.9524
-32.0265
-31.0276
-29.9698
-28.8661
-27.7279
-26.5658
-25.3889
-24.2055
-23.0227
-21.8468
-20.6831
-19.5364
-18.409
-17.3062
-16.3685
-15.533
-14.6995
-13.7831
-12.9835
-11.8667
-11.3728
-9.61335
-10.2414
-6.57714
-10.3459
-2.03764
-12.7406
290.141
280.821
270.104
258.995
247.572
236.033
224.576
213.312
202.302
191.583
181.184
171.133
161.453
152.166
143.288
134.83
126.801
119.204
112.038
105.298
98.9759
93.0587
87.5326
82.3814
77.5874
73.1327
68.9988
65.1676
61.6213
58.3431
55.3171
52.5279
49.9604
47.6008
45.4353
43.4507
41.6336
39.9712
38.4503
37.0582
35.782
34.6094
33.5277
32.5253
31.5905
30.7125
29.8811
29.0871
28.322
27.5784
26.8499
26.1313
25.4179
24.7064
23.9942
23.2798
22.562
21.8406
21.1156
20.3876
19.6572
18.925
18.1918
17.4582
16.726
15.9965
15.2734
14.6579
14.1195
13.569
12.9752
12.4324
11.7116
11.3646
10.1976
10.6774
8.02332
11.2121
4.06192
14.8874
111.824
110.73
110.23
109.795
109.196
108.371
107.253
105.774
103.892
101.587
98.8574
95.719
92.197
88.3211
84.1243
79.6413
74.9108
69.9727
64.868
59.6388
54.3274
48.975
43.6206
38.3013
33.0519
27.9031
22.883
18.0155
13.3225
8.82137
4.52758
0.454322
-3.38845
-6.99146
-10.3475
-13.452
-16.3019
-18.8953
-21.2305
-23.3072
-25.1274
-26.695
-28.016
-29.097
-29.9477
-30.5785
-31.0011
-31.2282
-31.2738
-31.1525
-30.8792
-30.4692
-29.9377
-29.2995
-28.5693
-27.7607
-26.8867
-25.9593
-24.9897
-23.9878
-22.9627
-21.9226
-20.875
-19.826
-18.7819
-17.746
-16.7243
-15.8509
-15.0678
-14.2892
-13.4174
-12.6722
-11.5885
-11.1472
-9.42024
-10.0671
-6.50184
-10.1429
-2.192
-12.4248
112.304
112.386
113.422
114.401
115.065
115.394
115.366
114.967
114.201
113.084
111.632
109.863
107.8
105.466
102.889
100.099
97.1274
94.0059
90.7699
87.4539
84.0913
80.7139
77.3515
74.0322
70.7797
67.6146
64.5541
61.6118
58.7978
56.1188
53.5797
51.182
48.9255
46.8083
44.8276
42.9786
41.2563
39.6547
38.1671
36.7862
35.5045
34.3139
33.2063
32.1729
31.2054
30.2952
29.4341
28.6142
27.8281
27.0689
26.3306
25.6075
24.8953
24.1897
23.488
22.7877
22.0872
21.3857
20.6827
19.9782
19.2724
18.5655
17.858
17.15
16.4428
15.7373
15.0367
14.4395
13.9159
13.3808
12.8
12.2726
11.5648
11.2286
10.0908
10.551
7.98683
11.0466
4.19069
14.5179
51.9719
51.3475
50.7914
50.2005
49.5847
48.9767
48.382
47.7987
47.2214
46.6397
46.0345
45.3826
44.6584
43.8366
42.8933
41.8062
40.5571
39.1318
37.5188
35.7124
33.7118
31.5209
29.148
26.607
23.9152
21.0939
18.1671
15.1611
12.1037
9.02288
5.94645
2.90184
-0.0860895
-2.99337
-5.7981
-8.48013
-11.021
-13.4051
-15.6193
-17.6532
-19.4988
-21.1504
-22.6048
-23.8604
-24.9187
-25.783
-26.4582
-26.9512
-27.2703
-27.4254
-27.4273
-27.2876
-27.0185
-26.6325
-26.1425
-25.5608
-24.8996
-24.1705
-23.3844
-22.5514
-21.681
-20.7819
-19.8622
-18.9286
-17.9884
-17.0461
-16.1072
-15.3002
-14.5717
-13.8485
-13.0264
-12.3314
-11.2979
-10.8844
-9.24078
-9.83169
-6.48333
-9.8401
-2.42895
-11.9535
52.3127
52.4928
52.8698
53.2436
53.6943
54.2413
54.8618
55.5375
56.2499
56.9774
57.697
58.3842
59.016
59.5697
60.0246
60.3612
60.563
60.616
60.5099
60.2387
59.7998
59.1947
58.4289
57.5125
56.4582
55.2814
53.9996
52.632
51.1979
49.7168
48.2074
46.6873
45.172
43.6756
42.2098
40.7845
39.407
38.083
36.8164
35.6091
34.4618
33.3737
32.3428
31.3663
30.4403
29.5606
28.7221
27.9198
27.1486
26.4033
25.6789
24.9711
24.2756
23.5888
22.9077
22.23
21.5537
20.8776
20.2012
19.524
18.8461
18.1674
17.4883
16.8087
16.1294
15.4508
14.7757
14.1993
13.6932
13.1755
12.6114
12.0982
11.4116
11.0749
9.98947
10.3941
7.98096
10.813
4.38362
14.0813
53.0661
52.7355
52.3254
51.7999
51.1404
50.336
49.3828
48.2918
47.0872
45.7956
44.4351
43.0177
41.551
40.0398
38.488
36.8973
35.2689
33.6022
31.8947
30.1425
28.3416
26.4865
24.5724
22.5952
20.5521
18.4418
16.266
14.0281
11.7353
9.39627
7.0231
4.63027
2.23367
-0.149169
-2.49958
-4.79927
-7.02985
-9.17408
-11.2155
-13.1395
-14.933
-16.585
-18.0865
-19.4303
-20.6119
-21.6286
-22.48
-23.1677
-23.6951
-24.0673
-24.2911
-24.3743
-24.3261
-24.1563
-23.8754
-23.4941
-23.0233
-22.4736
-21.8553
-21.1783
-20.4521
-19.6854
-18.8866
-18.0628
-17.2218
-16.3693
-15.5105
-14.767
-14.0893
-13.4175
-12.642
-11.9944
-11.0068
-10.6251
-9.04772
-9.61592
-6.4168
-9.60586
-2.53348
-11.6328
53.2964
53.4742
53.6094
53.6779
53.7017
53.6734
53.5929
53.4685
53.3064
53.1115
52.8896
52.6448
52.3815
52.1032
51.8122
51.5096
51.1952
50.8669
50.5213
50.1538
49.7586
49.3294
48.8595
48.3427
47.7737
47.148
46.4631
45.718
44.914
44.0543
43.144
42.1899
41.1999
40.1827
39.1477
38.1039
37.0602
36.0246
35.0043
34.0051
33.0319
32.0881
31.1761
30.2969
29.4504
28.6358
27.8512
27.0941
26.3617
25.6506
24.9577
24.2793
23.6125
22.954
22.3013
21.652
21.0045
20.3575
19.7101
19.062
18.4132
17.7637
17.1136
16.4628
15.8119
15.1609
14.5122
13.9571
13.4683
12.968
12.4205
11.9221
11.2541
10.9226
9.8731
10.2512
7.93085
10.6367
4.45293
13.801
47.7192
47.4303
47.1212
46.789
46.4125
45.9765
45.4668
44.8723
44.1877
43.4131
42.5477
41.5888
40.5331
39.3788
38.1262
36.7769
35.3341
33.8025
32.1874
30.4952
28.7327
26.9067
25.024
23.0915
21.1151
19.101
17.0545
14.9808
12.8851
10.773
8.65012
6.52365
4.40084
2.29054
0.202556
-1.85242
-3.86296
-5.81701
-7.70213
-9.50591
-11.2165
-12.8229
-14.3148
-15.6832
-16.921
-18.0223
-18.9832
-19.8017
-20.4771
-21.011
-21.4063
-21.6677
-21.8008
-21.8128
-21.7116
-21.5059
-21.2047
-20.8174
-20.3532
-19.8215
-19.231
-18.5904
-17.9078
-17.1907
-16.4468
-15.6826
-14.903
-14.2223
-13.595
-12.9738
-12.2444
-11.6445
-10.7004
-10.3564
-8.83277
-9.40408
-6.3097
-9.4038
-2.56151
-11.386
47.9175
48.0552
48.2007
48.3518
48.4926
48.6094
48.6985
48.7568
48.7802
48.7648
48.7072
48.6046
48.4549
48.2569
48.0101
47.715
47.3731
46.9865
46.5581
46.0912
45.5892
45.0559
44.4945
43.9081
43.2989
42.6689
42.0191
41.3501
40.6623
39.9557
39.2306
38.4873
37.7266
36.9501
36.1599
35.3589
34.5501
33.7374
32.9246
32.1155
31.314
30.5233
29.7463
28.9852
28.2415
27.5159
26.8085
26.1188
25.4455
24.787
24.1414
23.5065
22.8799
22.2597
21.6435
21.0297
20.4165
19.8031
19.1885
18.5725
17.9551
17.3365
16.7169
16.0962
15.4749
14.8528
14.232
13.6995
13.2294
12.7476
12.2181
11.7361
11.0863
10.7636
9.74236
10.1084
7.85244
10.482
4.45678
13.5754
36.6591
36.3766
36.0894
35.7993
35.4852
35.1402
34.7604
34.3409
33.8789
33.3755
32.8328
32.2499
31.6232
30.9482
30.2197
29.4326
28.5819
27.663
26.6718
25.6047
24.4597
23.2356
21.9328
20.5532
19.1
17.5777
15.9921
14.3496
12.6577
10.9242
9.15757
7.36653
5.55991
3.74675
1.9366
0.138914
-1.6363
-3.37906
-5.07877
-6.72508
-8.30749
-9.81591
-11.2405
-12.572
-13.8023
-14.924
-15.9312
-16.8193
-17.5851
-18.2268
-18.7445
-19.1395
-19.4147
-19.5741
-19.6232
-19.5681
-19.4159
-19.1739
-18.8504
-18.4532
-17.9906
-17.4704
-16.9003
-16.2876
-15.6397
-14.9637
-14.2638
-13.6469
-13.071
-12.5016
-11.8199
-11.2687
-10.3702
-10.065
-8.59742
-9.17263
-6.18665
-9.18292
-2.58012
-11.1152
36.8298
36.9207
37.0365
37.1685
37.3055
37.4444
37.5855
37.7277
37.8693
38.0085
38.1429
38.2696
38.3854
38.4867
38.5698
38.6308
38.6655
38.6699
38.6406
38.5743
38.4686
38.3215
38.1321
37.9
37.6258
37.3108
36.9566
36.5657
36.1407
35.6843
35.1993
34.6886
34.1547
33.6001
33.0274
32.4388
31.8366
31.2232
30.6011
29.9726
29.3402
28.7064
28.0734
27.4433
26.8179
26.1985
25.5863
24.9815
24.3843
23.7942
23.2104
22.6317
22.057
21.4849
20.914
20.3429
19.7706
19.1961
18.6189
18.0389
17.4563
16.8713
16.2844
15.6958
15.106
14.5146
13.9237
13.4158
12.9665
12.5056
11.9964
11.533
10.9039
10.5912
9.60037
9.95164
7.76588
10.3092
4.45666
13.3212
28.8731
28.6442
28.4124
28.1777
27.9224
27.64
27.3271
26.9791
26.5929
26.169
25.7116
25.2242
24.7077
24.1613
23.5838
22.9736
22.3289
21.6477
20.9274
20.1654
19.3589
18.5049
17.6005
16.6434
15.6315
14.5634
13.4384
12.2568
11.0201
9.731
8.3931
7.01169
5.59263
4.14308
2.67094
1.18485
-0.305991
-1.792
-3.26316
-4.70935
-6.12049
-7.48649
-8.7976
-10.0442
-11.2175
-12.3093
-13.3122
-14.22
-15.0273
-15.7302
-16.3263
-16.8143
-17.1943
-17.4678
-17.6374
-17.7071
-17.6815
-17.5663
-17.3678
-17.0926
-16.7477
-16.3401
-15.8766
-15.3642
-14.8097
-14.2205
-13.5997
-13.0464
-12.5225
-12.0052
-11.3724
-10.8699
-10.0191
-9.75138
-8.34466
-8.91904
-6.05185
-8.93772
-2.5926
-10.8142
29.0222
29.1197
29.2371
29.3624
29.4901
29.6193
29.75
29.8821
30.0153
30.1493
30.2838
30.4184
30.5524
30.6849
30.8151
30.9418
31.0633
31.1776
31.2829
31.3766
31.456
31.5181
31.5599
31.5782
31.5703
31.5332
31.4646
31.363
31.2268
31.0555
30.8491
30.6082
30.334
30.0281
29.6925
29.3294
28.9412
28.5306
28.0999
27.6517
27.1886
26.7128
26.2268
25.7327
25.2323
24.7277
24.22
23.7107
23.2001
22.6889
22.177
21.6644
21.1505
20.6347
20.1162
19.5945
19.0686
18.5381
18.0027
17.4625
16.9178
16.3691
15.8172
15.2625
14.7057
14.1466
13.5871
13.1055
12.6786
12.2403
11.7541
11.3112
10.7057
10.4035
9.44708
9.77994
7.67237
10.1162
4.45459
13.0431
24.2103
24.0274
23.8419
23.6551
23.4558
23.2384
22.999
22.7331
22.4363
22.106
21.743
21.3501
20.9293
20.4802
20.0018
19.4928
18.9521
18.3786
17.7712
17.1289
16.4508
15.7363
14.9846
14.195
13.3671
12.5001
11.5936
10.6471
9.66052
8.63414
7.56879
6.46601
5.32804
4.15792
2.95982
1.73859
0.500239
-0.748644
-2.00043
-3.24709
-4.48003
-5.69044
-6.8693
-8.00751
-9.09636
-10.1274
-11.0926
-11.9848
-12.7976
-13.5255
-14.1644
-14.7108
-15.1629
-15.5197
-15.7819
-15.951
-16.0296
-16.0214
-15.931
-15.7634
-15.5242
-15.2193
-14.8547
-14.4366
-13.9709
-13.4652
-12.9214
-12.4308
-11.9582
-11.4924
-10.9084
-10.4539
-9.6516
-9.42011
-8.07605
-8.64822
-5.90113
-8.67835
-2.58425
-10.506
24.3419
24.4445
24.5609
24.6834
24.8089
24.9362
25.0649
25.1948
25.3256
25.4567
25.5877
25.718
25.847
25.9738
26.098
26.2188
26.3353
26.447
26.5532
26.653
26.7455
26.8298
26.9047
26.969
27.0211
27.0595
27.0822
27.0875
27.0735
27.0382
26.9799
26.897
26.7884
26.6533
26.491
26.3018
26.086
25.8444
25.5782
25.2887
24.9777
24.6468
24.298
23.9332
23.5541
23.1626
22.7603
22.3483
21.9281
21.5003
21.0656
20.6243
20.1766
19.7224
19.2616
18.7937
18.3187
17.8361
17.3461
16.8488
16.3448
15.8347
15.3196
14.8003
14.2777
13.7519
13.2248
12.7703
12.3667
11.9522
11.4905
11.0697
10.4905
10.2002
9.28036
9.59458
7.56681
9.91032
4.43662
12.7617
20.5511
20.3971
20.2401
20.0833
19.9195
19.7447
19.5554
19.3482
19.1195
18.866
18.5859
18.2802
17.9513
17.5998
17.2252
16.8258
16.4002
15.9468
15.4639
14.9501
14.4041
13.8248
13.2114
12.5633
11.8797
11.1606
10.4058
9.61541
8.78993
7.93005
7.03675
6.11149
5.15584
4.17191
3.1623
2.13013
1.07907
0.0135155
-1.06154
-2.14035
-3.21675
-4.2839
-5.33462
-6.36127
-7.35621
-8.31168
-9.22013
-10.0744
-10.8676
-11.5939
-12.2477
-12.8247
-13.3213
-13.735
-14.0646
-14.3097
-14.4712
-14.5509
-14.5515
-14.4767
-14.3305
-14.1176
-13.843
-13.512
-13.1296
-12.7033
-12.2335
-11.8037
-11.3814
-10.966
-10.4305
-10.0231
-9.26971
-9.07339
-7.7923
-8.36261
-5.7326
-8.40846
-2.55165
-10.1981
20.6659
20.7599
20.8646
20.9751
21.0896
21.2072
21.3277
21.4513
21.5776
21.7065
21.8375
21.9702
22.1041
22.2385
22.3728
22.5061
22.6377
22.7667
22.8922
23.0132
23.1289
23.2382
23.3401
23.4337
23.5181
23.5924
23.6555
23.7065
23.7444
23.7681
23.7766
23.7688
23.7436
23.6998
23.6366
23.5529
23.4481
23.3218
23.1735
23.0034
22.8116
22.5988
22.3655
22.113
21.842
21.5541
21.2501
20.9315
20.5991
20.254
19.8969
19.5285
19.1491
18.7591
18.3585
17.9476
17.5262
17.0944
16.6524
16.2005
15.7393
15.2698
14.7932
14.3106
13.8232
13.3313
12.8371
12.41
12.0302
11.64
11.204
10.8066
10.2557
9.97885
9.09779
9.39469
7.44658
9.69364
4.39961
12.481
17.3789
17.2468
17.1113
16.9759
16.8358
16.6887
16.5319
16.3626
16.1779
15.9751
15.7516
15.5064
15.241
14.9572
14.6553
14.3347
13.9939
13.6317
13.2468
12.8379
12.4039
11.9436
11.456
10.9399
10.3944
9.81846
9.2113
8.57236
7.90143
7.19851
6.46402
5.69878
4.90389
4.08086
3.23176
2.35891
1.46526
0.554087
-0.370676
-1.30474
-2.24326
-3.181
-4.11221
-5.03071
-5.93014
-6.80386
-7.64516
-8.44745
-9.2042
-9.90933
-10.5572
-11.1425
-11.6612
-12.1093
-12.4845
-12.7848
-13.0095
-13.159
-13.2344
-13.2377
-13.1717
-13.0398
-12.8459
-12.5942
-12.289
-11.9371
-11.5378
-11.1666
-10.7932
-10.427
-9.93976
-9.57844
-8.87425
-8.71221
-7.4943
-8.06279
-5.54732
-8.12726
-2.49844
-9.8868
17.479
17.5624
17.6547
17.7522
17.8537
17.9586
18.0673
18.1795
18.2953
18.4145
18.537
18.6625
18.791
18.922
19.0552
19.1904
19.327
19.4644
19.6021
19.7393
19.8752
20.0088
20.1393
20.2655
20.3863
20.5008
20.6076
20.7057
20.7941
20.8715
20.9369
20.9894
21.0281
21.0519
21.06
21.0516
21.0259
20.9823
20.9202
20.8389
20.7381
20.6176
20.4775
20.3176
20.1385
19.9404
19.7241
19.4901
19.2393
18.9723
18.6899
18.3924
18.0806
17.7547
17.4151
17.062
16.6957
16.3162
15.9238
15.519
15.1024
14.6751
14.2384
13.7936
13.3422
12.8848
12.4239
12.0244
11.6685
11.3027
10.893
10.5197
9.9988
9.73708
8.89688
9.17792
7.3103
9.46385
4.34592
12.1954
14.7877
14.6745
14.5576
14.4404
14.3193
14.1934
14.0613
13.9204
13.7683
13.6028
13.4213
13.2221
13.0046
12.7702
12.5203
12.2549
11.9731
11.6739
11.3563
11.0194
10.6624
10.2846
9.88511
9.46311
9.01765
8.54789
8.05297
7.53219
6.98498
6.4109
5.80973
5.18155
4.52658
3.84544
3.13916
2.40915
1.65724
0.885775
0.0975562
-0.704126
-1.51558
-2.3326
-3.15059
-3.96446
-4.76893
-5.55835
-6.32689
-7.06866
-7.77767
-8.44812
-9.07443
-9.65127
-10.1739
-10.638
-11.0401
-11.3773
-11.6478
-11.8505
-11.9851
-12.0525
-12.0541
-11.9921
-11.869
-11.6885
-11.4535
-11.1706
-10.8376
-10.5221
-10.196
-9.87741
-9.43763
-9.12136
-8.4666
-8.33794
-7.18348
-7.74975
-5.34706
-7.83432
-2.42786
-9.56913
14.8749
14.9495
15.0313
15.1174
15.2073
15.3008
15.3981
15.499
15.6036
15.7117
15.8232
15.9382
16.0564
16.1777
16.3021
16.4293
16.5592
16.6913
16.8256
16.9614
17.0984
17.236
17.3736
17.5105
17.6459
17.7789
17.9086
18.0341
18.1541
18.2677
18.3736
18.4706
18.5577
18.6337
18.6975
18.748
18.7844
18.8056
18.8109
18.7995
18.7708
18.7242
18.659
18.5752
18.4724
18.3506
18.2098
18.0504
17.8725
17.6766
17.4631
17.2325
16.985
16.7211
16.441
16.1451
15.8335
15.5065
15.1643
14.8074
14.4364
14.0523
13.6565
13.2504
12.8358
12.4134
11.9859
11.614
11.2819
10.9403
10.557
10.2081
9.71823
9.4727
8.67555
8.94226
7.15686
9.21911
4.27725
11.9021
12.7104
12.6128
12.5112
12.4089
12.3035
12.1944
12.0814
11.9627
11.8361
11.6995
11.5509
11.3883
11.2101
11.0164
10.8084
10.5869
10.3519
10.1024
9.83772
9.55705
9.25974
8.9451
8.61241
8.26093
7.88985
7.49843
7.08597
6.65191
6.19574
5.71708
5.21561
4.69124
4.1439
3.5738
2.98138
2.36737
1.7328
1.07909
0.408051
-0.278082
-0.976688
-1.68468
-2.39854
-3.11429
-3.82765
-4.53399
-5.22835
-5.90561
-6.56041
-7.18748
-7.78154
-8.33742
-8.85029
-9.31559
-9.72928
-10.0879
-10.3887
-10.6296
-10.8094
-10.9275
-10.9844
-10.981
-10.919
-10.8011
-10.6289
-10.4088
-10.1372
-9.87401
-9.59294
-9.31994
-8.92651
-8.6539
-8.04848
-7.95227
-6.86144
-7.42514
-5.13367
-7.53099
-2.34146
-9.24512
12.7869
12.8537
12.9259
13.0015
13.0806
13.1631
13.2492
13.3389
13.4323
13.5292
13.6298
13.734
13.8416
13.9527
14.0671
14.1848
14.3056
14.4293
14.5558
14.6846
14.8157
14.9485
15.0828
15.218
15.3536
15.4891
15.6239
15.7572
15.8882
16.0161
16.14
16.259
16.3719
16.4776
16.5752
16.6635
16.7413
16.8077
16.8614
16.9015
16.9272
16.9372
16.931
16.9077
16.8669
16.8079
16.7306
16.6346
16.5201
16.3869
16.2353
16.0652
15.8772
15.6711
15.4475
15.2063
14.9478
14.6721
14.3795
14.0702
13.745
13.4045
13.0501
12.6833
12.3058
11.9187
11.5248
11.1803
10.8717
10.554
10.1965
9.87156
9.41324
9.18465
8.43213
8.68603
6.9847
8.95811
4.19336
11.5989
10.9887
10.904
10.8156
10.7262
10.6342
10.5393
10.4415
10.3402
10.2335
10.1197
9.99675
9.863
9.71669
9.5567
9.38323
9.19738
8.99986
8.79057
8.56892
8.33426
8.08599
7.82345
7.54595
7.2527
6.94292
6.61587
6.27088
5.90737
5.52487
5.12296
4.70132
4.25973
3.79806
3.31632
2.81476
2.29379
1.75406
1.19645
0.6222
0.0328247
-0.569816
-1.18352
-1.8057
-2.43333
-3.06313
-3.69137
-4.31402
-4.92674
-5.52502
-6.10414
-6.65935
-7.18587
-7.67903
-8.13425
-8.5474
-8.91464
-9.2326
-9.49859
-9.71054
-9.86713
-9.96766
-10.0123
-10.0015
-9.93736
-9.82041
-9.65659
-9.44079
-9.22608
-8.98724
-8.75735
-8.40859
-8.17793
-7.62144
-7.55662
-6.52956
-7.0904
-4.90882
-7.21849
-2.24206
-8.91562
11.0561
11.1158
11.1797
11.2462
11.3157
11.3882
11.464
11.5431
11.6257
11.712
11.8019
11.8955
11.9927
12.0936
12.198
12.306
12.4174
12.5321
12.65
12.7709
12.8945
13.0208
13.1492
13.2797
13.4117
13.5449
13.6787
13.8127
13.9462
14.0787
14.2093
14.3373
14.462
14.5824
14.6977
14.8068
14.9087
15.0025
15.0871
15.1613
15.2241
15.2744
15.3113
15.3337
15.3406
15.3313
15.3051
15.2615
15.2
15.1203
15.0222
14.9058
14.7708
14.6174
14.4456
14.2554
14.047
13.8203
13.5754
13.3126
13.0323
12.7351
12.422
12.0945
11.7543
11.4024
11.0421
10.7249
10.4396
10.145
9.81296
9.51113
9.0841
8.87237
8.1656
8.40801
6.79264
8.67962
4.09455
11.2844
9.53833
9.46512
9.38849
9.31082
9.23056
9.14755
9.06207
8.9739
8.88221
8.78559
8.68236
8.57093
8.4497
8.31715
8.1724
8.01583
7.84853
7.67116
7.4837
7.28575
7.07675
6.85605
6.62299
6.37681
6.11676
5.84215
5.55239
5.24692
4.9253
4.5871
4.2319
3.85943
3.4694
3.06168
2.63631
2.19345
1.73345
1.25689
0.764573
0.25755
-0.262858
-0.79504
-1.33706
-1.88663
-2.44118
-2.99782
-3.55323
-4.10394
-4.64611
-5.17575
-5.68868
-6.18061
-6.64717
-7.08412
-7.48733
-7.85284
-8.1771
-8.457
-8.68995
-8.87387
-9.00738
-9.08978
-9.12089
-9.10183
-9.03243
-8.91797
-8.75227
-8.58162
-8.38191
-8.1921
-7.88594
-7.6951
-7.18676
-7.15207
-6.18873
-6.74632
-4.67394
-6.89773
-2.13208
-8.57915
9.59751
9.65071
9.70743
9.76644
9.8279
9.89193
9.95874
10.0285
10.1014
10.1776
10.2573
10.3405
10.4272
10.5177
10.6117
10.7093
10.8105
10.9151
11.0232
11.1346
11.2492
11.3669
11.4875
11.6107
11.7364
11.8641
11.9936
12.1244
12.2561
12.3881
12.52
12.6509
12.7804
12.9076
13.0318
13.1521
13.2677
13.3776
13.481
13.5768
13.6639
13.7414
13.8082
13.8631
13.9052
13.9334
13.9468
13.9446
13.926
13.8904
13.8375
13.7667
13.6779
13.5709
13.4455
13.3016
13.1391
12.958
12.7582
12.5397
12.3027
12.0476
11.7752
11.4865
11.1833
10.8666
10.5395
10.2493
9.98698
9.71516
9.40776
9.12819
8.73169
8.53646
7.87569
8.10739
6.57988
8.38178
3.98133
10.9542
8.30501
8.24229
8.1765
8.10947
8.03975
7.96708
7.89186
7.8142
7.73394
7.65039
7.56242
7.46861
7.36751
7.25766
7.13769
7.00692
6.86585
6.71547
6.55643
6.38869
6.2118
6.02509
5.82788
5.61946
5.3992
5.16654
4.92103
4.66223
4.38978
4.10326
3.80228
3.4865
3.15558
2.8093
2.44754
2.0703
1.6777
1.27003
0.847773
0.411608
-0.0375616
-0.498593
-0.970073
-1.45026
-1.9372
-2.42858
-2.9218
-3.41398
-3.90199
-4.38243
-4.85177
-5.30614
-5.74175
-6.15461
-6.54083
-6.89661
-7.21839
-7.50289
-7.74714
-7.94865
-8.10547
-8.21637
-8.2804
-8.29827
-8.26863
-8.19673
-8.07499
-7.94384
-7.77965
-7.62668
-7.36057
-7.20702
-6.7456
-6.73937
-5.84001
-6.39312
-4.43094
-6.56805
-2.01547
-8.23326
8.35652
8.40368
8.45422
8.5071
8.56235
8.61994
8.67996
8.74251
8.80772
8.87574
8.94674
9.02085
9.09819
9.17886
9.2629
9.35037
9.44131
9.53569
9.63353
9.73478
9.83939
9.94728
10.0584
10.1725
10.2895
10.4092
10.5312
10.6554
10.7815
10.9089
11.0373
11.1661
11.2949
11.4229
11.5497
11.6743
11.7962
11.9145
12.0284
12.1369
12.2391
12.334
12.4207
12.498
12.5649
12.6203
12.6632
12.6925
12.7074
12.7071
12.6908
12.6581
12.6083
12.5411
12.4562
12.3532
12.232
12.0923
11.9339
11.7568
11.5607
11.3458
11.1126
10.8617
10.5949
10.3127
10.0186
9.75512
9.5155
9.26594
8.98268
8.72443
8.35758
8.1778
7.56306
7.78401
6.34702
8.06275
3.85605
10.6025
7.2635
7.21006
7.15359
7.09542
7.03421
6.96976
6.90251
6.83283
6.76087
6.68656
6.60936
6.52826
6.44207
6.34959
6.24958
6.14085
6.02287
5.89614
5.76148
5.61925
5.46918
5.31063
5.14287
4.96528
4.77736
4.57877
4.36918
4.14833
3.91591
3.67155
3.41486
3.14548
2.86308
2.56738
2.25823
1.93549
1.59919
1.24943
0.886472
0.51073
0.122806
-0.276539
-0.686267
-1.10513
-1.53161
-1.96397
-2.40013
-2.83782
-3.27441
-3.70715
-4.13291
-4.5485
-4.95048
-5.33534
-5.69952
-6.03951
-6.35188
-6.63331
-6.88074
-7.09139
-7.26304
-7.39395
-7.4828
-7.52959
-7.53248
-7.49607
-7.41228
-7.31565
-7.18335
-7.06349
-6.83462
-6.71531
-6.29935
-6.31912
-5.48437
-6.03002
-4.18199
-6.22807
-1.89563
-7.87269
7.30765
7.34861
7.39284
7.4396
7.48887
7.54056
7.59459
7.65094
7.70961
7.77067
7.83423
7.9004
7.96931
8.0411
8.11588
8.19378
8.27488
8.35923
8.44688
8.53787
8.63218
8.7298
8.83065
8.93471
9.04182
9.15189
9.26473
9.38016
9.49793
9.61778
9.73934
9.86226
9.9861
10.1104
10.2346
10.3582
10.4804
10.6008
10.7183
10.8325
10.9423
11.047
11.1455
11.237
11.3203
11.3943
11.4581
11.5105
11.5506
11.5773
11.59
11.5878
11.57
11.536
11.4854
11.4177
11.3326
11.2297
11.1087
10.9691
10.8108
10.6334
10.4373
10.2228
9.99107
9.74283
9.48102
9.24378
9.02647
8.79888
8.53915
8.3015
7.96336
7.79799
7.22905
7.43765
6.09554
7.71843
3.72259
10.2206
6.36865
6.32321
6.27458
6.22379
6.16979
6.11247
6.05233
5.9898
5.92515
5.85849
5.78971
5.71828
5.64337
5.56399
5.47914
5.38774
5.28893
5.18234
5.06836
4.94752
4.81986
4.68483
4.54168
4.3898
4.2289
4.05878
3.87931
3.69028
3.49141
3.28236
3.06273
2.83216
2.59032
2.33695
2.07185
1.79489
1.50599
1.20516
0.89253
0.568363
0.233011
-0.112965
-0.468882
-0.833781
-1.20659
-1.58594
-1.97026
-2.35769
-2.74616
-3.13333
-3.51668
-3.89335
-4.26051
-4.61496
-4.95372
-5.27354
-5.57122
-5.84353
-6.08743
-6.30022
-6.47934
-6.62302
-6.72917
-6.79778
-6.82612
-6.81877
-6.76666
-6.69973
-6.59543
-6.50483
-6.31017
-6.22125
-5.84995
-5.89061
-5.12424
-5.6544
-3.93177
-5.87055
-1.78022
-7.48821
6.40611
6.44092
6.47859
6.51868
6.56133
6.60651
6.65417
6.70423
6.75663
6.81132
6.86832
6.92765
6.9894
7.05366
7.12057
7.19022
7.26276
7.33825
7.4168
7.49845
7.58327
7.67123
7.76236
7.85662
7.95397
8.05431
8.15757
8.2636
8.37226
8.48333
8.59658
8.71169
8.8284
8.94629
9.06495
9.18391
9.30267
9.42066
9.53731
9.65193
9.76385
9.8723
9.97646
10.0754
10.1683
10.254
10.3315
10.3998
10.4578
10.5046
10.5392
10.5607
10.5683
10.5613
10.5391
10.5011
10.4468
10.3758
10.2874
10.1813
10.057
9.91403
9.75236
9.57202
9.37389
9.15825
8.92792
8.71642
8.52113
8.31499
8.07847
7.86066
7.55094
7.39787
6.87644
7.06699
5.83066
7.34238
3.5933
9.79308
5.60408
5.56448
5.52137
5.4756
5.42625
5.37318
5.3167
5.25718
5.19487
5.13011
5.06316
4.9943
4.92377
4.85184
4.77872
4.70398
4.62609
4.54268
4.4514
4.35084
4.24113
4.12356
3.99919
3.86808
3.72968
3.58359
3.42963
3.26764
3.09735
2.91839
2.73034
2.53287
2.32565
2.10844
1.88104
1.6433
1.39512
1.13643
0.867287
0.58781
0.298254
-0.0010612
-0.309613
-0.626754
-0.951659
-1.28331
-1.62045
-1.96167
-2.3052
-2.64926
-2.99165
-3.33005
-3.66199
-3.9849
-4.29602
-4.59251
-4.87144
-5.12985
-5.3649
-5.57387
-5.75435
-5.90411
-6.02114
-6.10475
-6.1522
-6.1674
-6.14128
-6.09879
-6.01899
-5.95287
-5.7903
-5.72569
-5.40056
-5.45235
-4.76378
-5.26077
-3.68661
-5.4887
-1.68006
-7.07085
5.63642
5.66604
5.69762
5.73107
5.76671
5.80477
5.84533
5.88846
5.93414
5.98232
6.03291
6.08589
6.14119
6.19887
6.25893
6.32143
6.38646
6.45411
6.52444
6.59756
6.6735
6.75233
6.83409
6.9188
7.00643
7.097
7.19039
7.28656
7.38543
7.48692
7.59077
7.69682
7.80481
7.91452
8.02556
8.13754
8.25009
8.3628
8.47514
8.58656
8.69649
8.80428
8.90923
9.01061
9.10755
9.19919
9.28455
9.36262
9.43243
9.49293
9.54319
9.58225
9.60916
9.62316
9.62359
9.60967
9.58084
9.53655
9.47602
9.3988
9.30428
9.19187
9.06124
8.91238
8.74557
8.56093
8.36073
8.17427
8.00043
7.81528
7.60171
7.40269
7.12189
6.97746
6.50889
6.66899
5.55982
6.92513
3.48158
9.30799
4.70657
4.67228
4.63503
4.59584
4.55442
4.5109
4.46568
4.41902
4.3711
4.32201
4.27168
4.21988
4.16626
4.11013
4.0507
3.98738
3.91955
3.84648
3.76753
3.6826
3.59174
3.4949
3.3921
3.28356
3.16931
3.04922
2.9231
2.79062
2.65145
2.50522
2.35154
2.19009
2.02055
1.84271
1.65636
1.46135
1.25753
1.04477
0.823058
0.592389
0.352883
0.104671
-0.151931
-0.416541
-0.688616
-0.967471
-1.25221
-1.54184
-1.83506
-2.13054
-2.42657
-2.7214
-3.01304
-3.29944
-3.5782
-3.84696
-4.10312
-4.34416
-4.56736
-4.77027
-4.95029
-5.10528
-5.23293
-5.33221
-5.40017
-5.43953
-5.44269
-5.42605
-5.37576
-5.3336
-5.2132
-5.16682
-4.90848
-4.95275
-4.38127
-4.80574
-3.44529
-5.04822
-1.60959
-6.6053
4.73509
4.7612
4.78831
4.81635
4.84564
4.87644
4.90904
4.94373
4.98064
5.01993
5.06166
5.10581
5.15238
5.20142
5.25283
5.3066
5.3628
5.42142
5.4825
5.54609
5.61223
5.68103
5.75249
5.82665
5.90355
5.98322
6.06565
6.15081
6.23865
6.3292
6.42228
6.51775
6.61551
6.71544
6.81721
6.92054
7.0252
7.1309
7.23722
7.34372
7.44997
7.5554
7.65956
7.76182
7.86144
7.95773
8.04986
8.13687
8.21795
8.29204
8.35823
8.41559
8.46305
8.49975
8.52502
8.53791
8.53766
8.5236
8.49492
8.45091
8.39098
8.31435
8.22062
8.10935
7.98055
7.83402
7.67142
7.51641
7.37034
7.21168
7.02919
6.8521
6.6137
6.47182
6.0851
6.18402
5.27036
6.40494
3.40487
8.70422
3.82325
3.79606
3.76724
3.73759
3.70702
3.67576
3.64415
3.61233
3.58009
3.54692
3.5122
3.47526
3.43569
3.39291
3.34629
3.29529
3.23964
3.1796
3.11548
3.0474
2.97537
2.89903
2.81786
2.73169
2.64077
2.54537
2.44554
2.34093
2.23119
2.11586
1.99461
1.8671
1.73309
1.59234
1.44472
1.29004
1.12818
0.958965
0.782343
0.598226
0.406632
0.207579
0.00121299
-0.212314
-0.43264
-0.659443
-0.892085
-1.13002
-1.37232
-1.61811
-1.86618
-2.11536
-2.36408
-2.6108
-2.85367
-3.0908
-3.32002
-3.53926
-3.74612
-3.9384
-4.11361
-4.26972
-4.40426
-4.51601
-4.60168
-4.66351
-4.6939
-4.70391
-4.68062
-4.66692
-4.58207
-4.56791
-4.35706
-4.43029
-3.92709
-4.36072
-3.10951
-4.6699
-1.41886
-6.30502
3.84684
3.86928
3.89264
3.91662
3.94112
3.9662
3.992
4.01879
4.04678
4.07629
4.10751
4.14064
4.17584
4.21327
4.2529
4.29478
4.33899
4.38551
4.43436
4.48554
4.53906
4.59504
4.65347
4.71435
4.7778
4.84385
4.91255
4.98393
5.05796
5.13469
5.21409
5.29607
5.38064
5.46771
5.5571
5.64862
5.74214
5.83745
5.93426
6.03227
6.13118
6.23059
6.33018
6.42937
6.52773
6.62466
6.71947
6.81132
6.89956
6.98323
7.06143
7.13332
7.19787
7.25416
7.30146
7.33879
7.3653
7.38018
7.38256
7.3716
7.34663
7.30678
7.25143
7.1799
7.09191
6.98697
6.86622
6.74712
6.63239
6.50561
6.35737
6.21188
6.01334
5.89677
5.56686
5.66842
4.85819
5.94352
3.12745
8.37468
3.09454
3.07492
3.05472
3.03429
3.01334
2.99156
2.96886
2.94492
2.91935
2.89143
2.86069
2.82688
2.79047
2.75205
2.71234
2.6716
2.62963
2.58582
2.53967
2.49029
2.43686
2.37874
2.316
2.24879
2.17744
2.1022
2.02334
1.94069
1.85405
1.76289
1.66697
1.56593
1.45967
1.34794
1.23073
1.10778
0.979061
0.844331
0.703589
0.556629
0.403489
0.244073
0.0784836
-0.0932712
-0.270949
-0.454419
-0.643235
-0.837117
-1.03541
-1.23758
-1.44275
-1.65015
-1.85859
-2.06696
-2.27385
-2.47782
-2.67714
-2.87018
-3.05496
-3.2296
-3.39191
-3.54009
-3.67173
-3.78564
-3.87845
-3.9522
-3.9991
-4.02706
-4.02287
-4.03029
-3.97249
-3.98459
-3.81158
-3.91236
-3.46362
-3.91669
-2.75042
-4.30273
-1.19361
-6.02943
3.11206
3.12986
3.14953
3.17068
3.19304
3.21629
3.24027
3.26482
3.29003
3.31594
3.34271
3.37048
3.39955
3.43003
3.46211
3.49591
3.53157
3.56912
3.6087
3.65023
3.69378
3.73942
3.78719
3.83705
3.88916
3.94344
4.00004
4.05898
4.12031
4.18404
4.25028
4.31893
4.3901
4.46373
4.53975
4.61805
4.69862
4.78123
4.86578
4.95204
5.03984
5.12886
5.2189
5.3095
5.40044
5.49118
5.58122
5.66987
5.75662
5.84067
5.92119
5.9974
6.06847
6.13346
6.19166
6.24213
6.28404
6.31659
6.33892
6.35019
6.34969
6.33644
6.30977
6.26889
6.21336
6.14244
6.05699
5.96887
5.88192
5.78372
5.6669
5.55097
5.38935
5.29893
5.02
5.13363
4.40921
5.48437
2.80397
8.08099
2.45873
2.44642
2.43289
2.41838
2.40278
2.38588
2.36751
2.34727
2.32484
2.29976
2.272
2.24172
2.20962
2.17633
2.14253
2.10857
2.07452
2.03997
2.00446
1.96727
1.92794
1.88565
1.83987
1.79031
1.73723
1.68074
1.62107
1.55818
1.49203
1.42216
1.34834
1.27023
1.1878
1.10088
1.00956
0.913612
0.813064
0.707657
0.597379
0.481995
0.361538
0.235845
0.105012
-0.0310443
-0.172144
-0.318285
-0.46915
-0.624632
-0.784268
-0.947772
-1.11447
-1.28392
-1.4552
-1.62754
-1.79988
-1.97115
-2.14001
-2.30522
-2.46518
-2.61839
-2.76298
-2.89747
-3.01966
-3.12852
-3.22076
-3.29826
-3.35339
-3.39184
-3.40041
-3.42194
-3.38464
-3.4155
-3.27442
-3.39511
-2.99762
-3.46136
-2.38271
-3.91559
-0.962793
-5.70517
2.4691
2.47961
2.49194
2.50608
2.522
2.53957
2.55855
2.57872
2.59994
2.62209
2.64511
2.66901
2.69393
2.71991
2.74713
2.77572
2.80584
2.83755
2.87103
2.90626
2.94335
2.98229
3.02316
3.06591
3.11063
3.15724
3.20585
3.25643
3.30908
3.36374
3.42059
3.47948
3.5406
3.60385
3.66925
3.73675
3.80638
3.87794
3.95146
4.02672
4.10368
4.18205
4.26177
4.34247
4.42404
4.50605
4.58817
4.66986
4.75069
4.83002
4.9072
4.9815
5.05226
5.1186
5.17992
5.23537
5.28421
5.32575
5.35925
5.38384
5.39888
5.4034
5.39673
5.37814
5.34708
5.30274
5.24563
5.18351
5.12016
5.04719
4.95826
4.86935
4.74186
4.6758
4.44646
4.56991
3.93486
4.98987
2.46999
7.69658
1.93356
1.92354
1.9117
1.89833
1.88354
1.86733
1.84968
1.83038
1.80938
1.78659
1.76233
1.73698
1.71111
1.68492
1.65852
1.63168
1.60432
1.57628
1.54755
1.51783
1.48695
1.45463
1.42068
1.38447
1.34573
1.30427
1.26023
1.21352
1.16424
1.11205
1.05675
0.997984
0.935734
0.869928
0.800742
0.728044
0.651873
0.571941
0.488209
0.400407
0.308534
0.212398
0.112057
0.00737469
-0.101535
-0.214763
-0.332103
-0.453566
-0.578839
-0.707794
-0.839967
-0.97508
-1.11248
-1.25164
-1.39176
-1.5321
-1.6716
-1.80936
-1.94409
-2.07467
-2.19955
-2.31755
-2.42671
-2.52623
-2.61297
-2.68877
-2.74623
-2.78974
-2.80597
-2.83628
-2.81356
-2.85736
-2.74209
-2.87651
-2.52449
-2.99273
-1.99846
-3.50409
-0.713855
-5.33332
1.94128
1.94833
1.95605
1.96476
1.97465
1.9859
1.99849
2.01234
2.02733
2.04336
2.06029
2.07805
2.0966
2.11599
2.13631
2.15767
2.18021
2.20405
2.22938
2.25631
2.285
2.31546
2.34781
2.38205
2.41827
2.4564
2.4965
2.53854
2.58257
2.62854
2.67655
2.72647
2.77846
2.8324
2.88834
2.94619
3.00605
3.06771
3.13124
3.19643
3.26327
3.33158
3.4013
3.47215
3.54406
3.6167
3.68989
3.76316
3.8362
3.90847
3.97949
4.04857
4.11525
4.17868
4.23841
4.29373
4.34403
4.3887
4.42717
4.45867
4.48261
4.49815
4.50466
4.50151
4.4882
4.46388
4.42908
4.38796
4.34454
4.29302
4.22869
4.16376
4.06747
4.02346
3.84082
3.97229
3.42366
4.45187
2.10082
7.23234
1.44462
1.43483
1.42377
1.41183
1.39936
1.38632
1.37279
1.35858
1.34386
1.32861
1.31321
1.29781
1.28265
1.26738
1.25165
1.23472
1.21631
1.19616
1.17473
1.15222
1.12894
1.1047
1.0795
1.05307
1.02525
0.99553
0.963711
0.929505
0.893004
0.854071
0.812731
0.768707
0.722044
0.672739
0.621065
0.566974
0.510538
0.451468
0.389671
0.324855
0.256994
0.185879
0.111529
0.0337694
-0.0473552
-0.132007
-0.220089
-0.31169
-0.40664
-0.504913
-0.606226
-0.710411
-0.817038
-0.925779
-1.03603
-1.14732
-1.25882
-1.3699
-1.47958
-1.58704
-1.69103
-1.79061
-1.88414
-1.971
-2.04832
-2.11795
-2.17283
-2.21669
-2.23623
-2.27044
-2.25719
-2.3084
-2.21296
-2.35535
-2.04195
-2.5096
-1.59057
-3.06474
-0.432855
-4.91036
1.45215
1.45877
1.46546
1.47249
1.48019
1.48885
1.49869
1.50971
1.52197
1.53531
1.54961
1.56466
1.5804
1.59664
1.61344
1.63071
1.64858
1.66705
1.68637
1.70661
1.72799
1.7506
1.77466
1.80021
1.82747
1.85639
1.88711
1.91963
1.95405
1.99032
2.02851
2.06854
2.11057
2.15444
2.20021
2.2478
2.29728
2.34846
2.4014
2.45592
2.51199
2.56947
2.62833
2.6883
2.74936
2.81125
2.87387
2.93683
2.9999
3.06267
3.12473
3.18553
3.2447
3.30153
3.35564
3.40647
3.45357
3.49642
3.53459
3.56752
3.59471
3.61544
3.62924
3.63552
3.63393
3.62373
3.60539
3.58076
3.55317
3.51949
3.4757
3.43167
3.36249
3.33813
3.19718
3.3346
2.86493
3.86301
1.67448
6.69224
0.932722
0.926807
0.920686
0.91446
0.908149
0.901644
0.894984
0.888198
0.881466
0.874863
0.868558
0.862511
0.856629
0.850466
0.843518
0.835112
0.824889
0.812704
0.798917
0.78405
0.768787
0.753487
0.738192
0.722528
0.706266
0.689067
0.670621
0.650467
0.628292
0.603825
0.577149
0.548314
0.517463
0.484639
0.450057
0.413734
0.375724
0.335811
0.293869
0.249644
0.203092
0.154051
0.102547
0.0484167
-0.00833568
-0.0678863
-0.130205
-0.195425
-0.263456
-0.334342
-0.407898
-0.484081
-0.562585
-0.643243
-0.725619
-0.809417
-0.894029
-0.979035
-1.06369
-1.14745
-1.22929
-1.30855
-1.38383
-1.45482
-1.51889
-1.57796
-1.6255
-1.66523
-1.68387
-1.71758
-1.70875
-1.76224
-1.68069
-1.82521
-1.54319
-2.00379
-1.15241
-2.58229
-0.115189
-4.38415
0.93802
0.942922
0.947867
0.952852
0.958115
0.963996
0.970835
0.978906
0.988428
0.99945
1.01194
1.02575
1.04075
1.05669
1.07344
1.0908
1.10868
1.12701
1.1458
1.16504
1.18481
1.20521
1.22637
1.24838
1.27139
1.29549
1.3208
1.34739
1.37538
1.40478
1.43566
1.46804
1.50198
1.53746
1.57448
1.61305
1.65315
1.69469
1.73763
1.78193
1.82746
1.87414
1.92191
1.97058
2.02014
2.07037
2.12121
2.17239
2.22373
2.27491
2.32564
2.37549
2.42417
2.4711
2.51604
2.55851
2.59823
2.63483
2.66807
2.69754
2.72294
2.74368
2.75952
2.7699
2.77462
2.77313
2.76591
2.75308
2.73759
2.71762
2.69052
2.66333
2.61716
2.60864
2.50371
2.64282
2.24218
3.20279
1.16504
6.00693
0.756306
0.750932
0.745795
0.74106
0.736705
0.732567
0.728489
0.724374
0.720192
0.715885
0.711461
0.706751
0.70157
0.695585
0.688476
0.679833
0.669506
0.657418
0.643776
0.628881
0.613315
0.597602
0.582222
0.567216
0.552334
0.53705
0.521005
0.503806
0.48518
0.464885
0.44296
0.419661
0.395382
0.370279
0.344413
0.317733
0.290207
0.261636
0.23185
0.20064
0.167963
0.133768
0.0980955
0.0608805
0.0221144
-0.0183176
-0.060442
-0.104374
-0.15011
-0.197744
-0.247215
-0.298581
-0.351693
-0.406526
-0.4628
-0.520423
-0.578972
-0.638227
-0.697646
-0.756915
-0.815242
-0.872225
-0.926766
-0.97884
-1.02618
-1.07081
-1.10679
-1.13856
-1.15264
-1.18177
-1.17296
-1.22405
-1.15055
-1.29245
-1.03332
-1.48132
-0.688059
-2.05184
0.229938
-3.69332
0.761125
0.76557
0.769617
0.77287
0.775251
0.776838
0.777931
0.77891
0.780229
0.782233
0.785204
0.789285
0.794529
0.800866
0.808171
0.816287
0.825078
0.834437
0.844236
0.85441
0.864915
0.875782
0.887043
0.898729
0.910914
0.923711
0.937201
0.951497
0.966677
0.982866
1.00011
1.01851
1.03814
1.05904
1.08124
1.10482
1.12976
1.15604
1.1836
1.21245
1.24247
1.27361
1.30577
1.33887
1.37284
1.40754
1.44287
1.47871
1.51486
1.5511
1.58718
1.6228
1.65764
1.69134
1.72365
1.75422
1.78287
1.80941
1.83373
1.85562
1.87494
1.89129
1.90457
1.91437
1.92061
1.92297
1.9219
1.91684
1.90946
1.89933
1.88418
1.86979
1.84108
1.84399
1.76739
1.90301
1.55693
2.46875
0.578389
5.10723
0.249783
0.247752
0.246299
0.245156
0.244127
0.242865
0.241076
0.238618
0.235405
0.231446
0.226652
0.221002
0.21431
0.206536
0.197469
0.18706
0.175178
0.162115
0.148241
0.134456
0.121707
0.11139
0.104783
0.103337
0.107842
0.118532
0.134616
0.154747
0.176555
0.197008
0.212695
0.221354
0.222729
0.218818
0.212058
0.204005
0.194812
0.184147
0.171627
0.15719
0.140877
0.122888
0.103397
0.0825946
0.0605979
0.0374823
0.0133058
-0.011901
-0.0380796
-0.0652375
-0.0933083
-0.122343
-0.152234
-0.183034
-0.214546
-0.24682
-0.279576
-0.312792
-0.3461
-0.379425
-0.412225
-0.444414
-0.475218
-0.504959
-0.531795
-0.557942
-0.578139
-0.598015
-0.604226
-0.625475
-0.613111
-0.657466
-0.589715
-0.719689
-0.489947
-0.891055
-0.208233
-1.36487
0.501129
-2.5296
0.252794
0.25681
0.261616
0.266795
0.271775
0.276281
0.280007
0.283113
0.285724
0.288309
0.291152
0.29475
0.299256
0.30493
0.311645
0.319445
0.328051
0.337436
0.34726
0.357514
0.367944
0.378603
0.38928
0.40008
0.410853
0.421754
0.432672
0.443787
0.455005
0.466551
0.478333
0.490578
0.503212
0.516431
0.530177
0.544628
0.559704
0.575504
0.591939
0.609087
0.626782
0.645073
0.663848
0.683116
0.702758
0.722791
0.743115
0.763701
0.784455
0.805255
0.825979
0.846394
0.866343
0.885497
0.90376
0.920814
0.936667
0.951189
0.964479
0.976422
0.987164
0.996468
1.00448
1.01086
1.01579
1.01895
1.02093
1.02033
1.01847
1.01504
1.00902
1.00389
0.988721
0.99928
0.94496
1.07001
0.771068
1.56392
-0.0720262
3.57262
0.562877
0.569263
0.57528
0.580683
0.585575
0.590066
0.59415
0.597928
0.601419
0.604748
0.607905
0.611006
0.614055
0.617219
0.620586
0.624446
0.629007
0.634562
0.641026
0.648093
0.654809
0.659805
0.660981
0.655879
0.64162
0.615541
0.575556
0.521354
0.455423
0.383799
0.314673
0.255444
0.20945
0.175259
0.148775
0.126369
0.106274
0.0880674
0.0716504
0.0567618
0.0431452
0.0306064
0.0191513
0.00870718
-0.000717423
-0.00930647
-0.0170924
-0.0242974
-0.0309391
-0.037279
-0.0433432
-0.0494163
-0.0554902
-0.0618474
-0.0684045
-0.0754003
-0.0826866
-0.0904322
-0.0983971
-0.106695
-0.115001
-0.123461
-0.131613
-0.14
-0.147309
-0.155575
-0.160746
-0.168926
-0.16749
-0.178795
-0.164501
-0.195588
-0.142441
-0.236109
-0.0749925
-0.341823
0.088082
-0.587076
0.457501
-1.03513
0.556687
0.550911
0.545695
0.541078
0.536736
0.532384
0.527456
0.521638
0.514547
0.506196
0.496592
0.486125
0.475082
0.463981
0.453073
0.44273
0.432988
0.424
0.415594
0.407763
0.400269
0.393069
0.385918
0.378812
0.371552
0.364179
0.356549
0.348747
0.340667
0.332454
0.324045
0.315629
0.307185
0.298937
0.290907
0.283324
0.276214
0.269769
0.264013
0.259074
0.254916
0.251612
0.249137
0.247492
0.24666
0.246615
0.247355
0.248788
0.250936
0.253619
0.256841
0.260286
0.263947
0.267423
0.270776
0.273614
0.27614
0.27813
0.27987
0.281177
0.282362
0.283218
0.283996
0.284488
0.284931
0.285169
0.285727
0.286582
0.286045
0.28496
0.282616
0.281343
0.274612
0.28293
0.250319
0.326463
0.141011
0.607998
-0.298164
1.60958
)
;

boundaryField
{
    inlet
    {
        type            freestreamPressure;
        freestreamValue uniform 0;
        supersonic      false;
        value           nonuniform List<scalar> 
134
(
1.95483
0.999607
-0.0411829
-0.994647
-1.73268
-2.24972
-2.4552
-2.32946
-1.87068
-0.9247
-0.191162
-0.307432
-0.523859
-0.738785
-0.962135
-1.1992
-1.45117
-1.71865
-2.00458
-2.31471
2.84855
-2.65708
-3.03462
-3.42809
-3.79164
-4.04809
-4.16702
-4.37504
-4.3752
-4.44956
-5.25114
-4.8398
-4.84312
-4.91878
-4.97217
-4.99138
-5.00811
-5.07391
-5.25921
-5.48768
3.65176
4.42635
4.99551
5.181
4.84325
3.77195
1.78986
-6.00217
-5.85357
-5.63169
-5.48081
-5.36483
-5.23749
-5.09598
-4.95104
-4.80624
-4.65984
-4.51042
-4.358
-4.20296
-4.0446
-3.88177
-3.71197
-3.53086
-3.33421
-3.11478
-2.97325
-2.84332
-2.69037
-2.51493
-2.31534
-2.06703
-1.74105
-1.19226
-0.487732
0.510355
1.17127
1.93317
2.69646
3.44658
4.16649
4.77905
5.24008
5.55816
5.74403
5.82951
5.85003
5.83597
5.81088
5.80864
5.88537
6.06569
6.27033
6.43476
6.56476
6.67414
6.76579
6.8356
6.88112
6.90356
6.90714
6.90191
6.90832
6.97832
7.19189
7.68255
7.89942
7.70328
7.47161
7.32273
7.20292
7.06789
6.92017
6.77074
6.62163
6.46993
6.31416
6.15314
5.98617
5.81085
5.62416
5.42151
5.19471
4.93739
4.61712
4.44235
4.28669
4.08299
3.83704
3.55091
3.18779
2.71093
1.8968
0.854943
)
;
    }
    outlet
    {
        type            freestreamPressure;
        freestreamValue uniform 0;
        supersonic      false;
        value           nonuniform List<scalar> 
160
(
0.000371052
0.000367205
0.000374985
0.000363581
0.000378679
0.00036029
0.000381983
0.000357366
0.00038495
0.00035462
0.000387651
0.00035188
0.00039008
0.000348794
0.000392305
0.000345164
0.000394339
0.000340732
0.000396258
0.000335496
0.000398055
0.000329441
0.000399799
0.000322805
0.00040148
0.000315759
0.000403193
0.000308633
0.00040499
0.000301592
0.000407088
0.000294884
0.000409678
0.000288543
0.000413029
0.000282679
0.000417164
0.00027719
0.000421929
0.000272082
0.000426709
0.000267199
0.000430565
0.000262521
0.000432043
0.000257885
0.000429432
0.000253289
0.000420741
0.0002486
0.000404146
0.000243845
0.000378245
0.000238923
0.000342825
0.000233892
0.000299531
0.000228678
0.000252344
0.000223376
0.000206689
0.000217942
0.000167504
0.000212503
0.00013706
0.00020704
0.000114459
0.000201706
9.70162e-05
0.000196514
8.23232e-05
0.000191618
6.91841e-05
0.000187037
5.72938e-05
0.000182904
4.65793e-05
0.000179235
3.68697e-05
0.000176122
2.79974e-05
0.000173543
1.9833e-05
0.000171552
1.23768e-05
0.000170135
5.57861e-06
0.000169299
-5.57015e-07
0.000169034
-6.15102e-06
0.000169329
-1.12249e-05
0.000170188
-1.59248e-05
0.000171553
-2.02631e-05
0.000173446
-2.44122e-05
0.00017575
-2.83899e-05
0.000178476
-3.23844e-05
0.000181413
-3.6392e-05
0.000184561
-4.06007e-05
0.000187648
-4.49583e-05
0.00019072
-4.96259e-05
0.000193508
-5.45103e-05
0.000196151
-5.9729e-05
0.000198495
-6.51296e-05
0.000200745
-7.07952e-05
0.000202768
-7.65189e-05
0.000204794
-8.24032e-05
0.000206675
-8.81557e-05
0.000208599
-9.41327e-05
0.000210417
-9.94943e-05
0.000212306
-0.000105554
0.00021416
-0.000109704
0.000216369
-0.000115772
0.000218668
-0.000115513
0.000219752
-0.000123607
0.00022059
-0.000115039
0.000220616
-0.000136376
0.000221616
-0.000101787
0.000218641
-0.000165263
0.000227396
-5.56347e-05
0.000204622
-0.000236204
0.000267386
7.01615e-05
0.000120586
-0.00038249
0.000495108
0.000419908
-0.000286086
-0.000565404
0.00117571
)
;
    }
    walls
    {
        type            zeroGradient;
    }
    frontAndBack
    {
        type            empty;
    }
}


// ************************************************************************* //
