/*--------------------------------*- C++ -*----------------------------------*\
  =========                 |
  \\      /  F ield         | OpenFOAM: The Open Source CFD Toolbox
   \\    /   O peration     | Website:  https://openfoam.org
    \\  /    A nd           | Version:  12
     \\/     M anipulation  |
\*---------------------------------------------------------------------------*/
FoamFile
{
    format      ascii;
    class       volScalarField;
    location    "300";
    object      p;
}
// * * * * * * * * * * * * * * * * * * * * * * * * * * * * * * * * * * * * * //

dimensions      [0 2 -2 0 0 0 0];

internalField   nonuniform List<scalar> 
10720
(
-215.923
-394.166
-604.328
-810.038
-998.918
-1191.43
-1361.2
-1502.96
-1626
-1721.71
-1794.77
-1848.2
-1884.1
-1905.35
-1912.75
-1905.17
-1884.87
-1848.71
-1799.47
-1733.89
-1654.46
-1559.27
-1453.65
-1339.8
-1226.1
-1124.77
-1033.48
-943.633
-854.516
-766.659
-679.62
-593.052
-506.692
-419.988
-332.309
-241.036
-145.082
-30.3301
85.906
-35.7738
128.075
304.678
470.696
613.74
724.264
793.289
819.654
818.061
791.781
744.091
688.505
632.111
577.259
525.573
476.788
431.144
387.66
345.72
304.136
262.797
220.937
178.784
137.305
101.066
72.6405
49.5038
30.7169
16.2804
6.34069
0.666603
-1.00274
1.14187
7.10896
16.9402
31.6273
52.5996
88.6466
150.047
58.2086
-77.4378
-228.933
-389.356
-553.746
-721.665
-884.27
-1036.49
-1176.83
-1301.04
-1408.37
-1498.86
-1572.67
-1629.91
-1670.4
-1693.31
-1700.05
-1689.63
-1663.33
-1619.68
-1560.05
-1483.8
-1394.97
-1296.28
-1195.14
-1101.94
-1015.7
-929.738
-843.602
-758.055
-672.879
-587.819
-502.679
-416.954
-330.033
-239.325
-143.793
-29.2651
85.1769
180.518
297.513
414.742
528.629
629.88
712.212
768.272
795.052
796.134
774.386
735.875
688.903
638.634
587.675
537.818
489.718
443.777
399.628
356.846
314.666
272.874
230.971
189.164
148.441
112.354
83.1057
58.9678
39.1484
23.697
12.7481
6.1342
3.62124
5.01176
10.3114
19.5847
33.8334
54.4609
90.3023
149.219
97.8663
-23.6851
-160.063
-310.233
-465.518
-624.271
-782.673
-934.198
-1075.02
-1202.76
-1314.46
-1409.37
-1486.94
-1547.08
-1590.37
-1617.26
-1628.25
-1622.87
-1601.58
-1563.83
-1510.34
-1441.28
-1359.68
-1268.62
-1174.23
-1085
-1001.28
-917.91
-834.091
-750.478
-666.922
-583.186
-499.107
-414.222
-327.952
-237.756
-142.65
-28.5953
84.5885
207.808
315.118
422.304
524.453
613.464
685.438
735.347
761.593
766.071
750.715
720.047
679.65
634.013
586.183
538.239
491.299
445.93
402.122
359.586
317.77
276.38
235.081
194.031
154.131
118.195
88.3809
63.7176
43.4478
27.5691
16.1918
9.17468
6.2826
7.32313
12.3049
21.313
35.3518
55.8183
91.3589
147.857
158.341
56.1739
-60.1893
-187.932
-321.773
-461.528
-603.157
-742.279
-875.671
-1000.59
-1114.31
-1215.23
-1302.15
-1374.44
-1431.58
-1473.59
-1499.82
-1509.54
-1502.59
-1478.7
-1438.25
-1381.76
-1311.71
-1231.28
-1145.78
-1062.47
-982.814
-903.057
-822.259
-741.091
-659.565
-577.499
-494.772
-410.971
-325.552
-236.047
-141.533
-28.265
83.6151
250.016
338.4
427.348
513.658
589.834
652.875
698.304
724.356
731.785
721.805
697.936
664.322
624.585
581.53
537.178
492.771
449.041
406.264
364.358
323.007
281.999
241.159
200.666
161.367
125.576
95.3257
70.1411
49.325
32.8574
20.8614
13.2259
9.74265
10.2417
14.7458
23.3581
37.0801
57.2789
92.3351
146.431
177.794
86.9393
-17.0478
-131.99
-252.764
-380.349
-511.366
-641.846
-769.306
-890.953
-1004.02
-1106.58
-1197.02
-1274.06
-1336.78
-1384.63
-1416.65
-1432.56
-1432.02
-1415.01
-1381.78
-1333.05
-1270.82
-1198.14
-1119.58
-1041.16
-964.911
-888.191
-810.05
-731.125
-651.546
-571.156
-489.848
-407.234
-322.791
-234.118
-140.364
-28.1485
82.0536
259.536
337.917
417
493.719
561.465
618.214
660.371
686.216
695.932
690.463
672.474
645.065
611.037
572.803
532.265
490.704
448.99
407.608
366.686
326.12
285.797
245.662
205.921
167.369
131.923
101.441
75.8421
54.5697
37.6086
25.0914
16.9381
12.9663
13.0198
17.1248
25.3966
38.8314
58.7543
93.257
144.918
190.427
109.921
17.2719
-85.0953
-192.718
-307.307
-425.719
-544.788
-662.699
-776.892
-885.002
-985.18
-1075.64
-1154.85
-1221.64
-1275.02
-1314.1
-1338.27
-1346.84
-1339.44
-1316.07
-1277.27
-1224.7
-1161.09
-1090.43
-1017.83
-945.654
-872.359
-797.145
-720.638
-643.095
-564.432
-484.586
-403.205
-319.801
-232.057
-139.203
-28.3145
79.9253
262.854
332.02
402.284
470.925
531.846
583.561
623.104
648.644
660.03
658.157
645.023
623.022
594.329
560.93
524.513
486.285
447.144
407.69
368.212
328.779
289.4
250.125
211.209
173.407
138.355
107.742
81.7869
60.0994
42.6689
29.6337
20.9482
16.4559
16.019
19.6763
27.5599
40.6595
60.2512
94.0873
143.274
193.144
120.504
36.6756
-56.0231
-153.296
-257.433
-365.625
-475.104
-584.649
-691.968
-795.01
-892.097
-981.394
-1061.26
-1130.32
-1187.33
-1231.12
-1260.71
-1275.28
-1274.36
-1257.92
-1226.51
-1181.51
-1125.38
-1061.56
-994.287
-926.051
-856.106
-783.82
-709.768
-634.3
-557.405
-479.057
-398.951
-316.64
-229.901
-138.08
-28.7859
77.2595
258.561
320.828
384.393
446.736
502.268
549.935
587.286
612.4
624.979
625.917
616.746
599.351
575.44
546.607
514.286
479.542
443.233
406.017
368.289
330.252
292.038
253.795
215.825
178.855
144.306
113.719
87.5252
65.5021
47.6591
34.1454
24.9531
19.9581
19.0431
22.2603
29.756
42.5073
61.7347
94.8017
141.514
191.432
125.485
49.2094
-35.0693
-123.278
-218.024
-316.719
-416.951
-517.921
-617.674
-714.426
-806.774
-893.016
-971.541
-1040.89
-1099.69
-1146.6
-1180.59
-1200.72
-1206.32
-1197.12
-1173.42
-1136.3
-1087.86
-1031.03
-969.38
-905.395
-839.004
-769.807
-698.349
-625.071
-550.039
-473.267
-394.496
-313.334
-227.67
-136.997
-29.5364
74.0947
250.908
307.389
365.359
422.478
473.55
517.843
553.268
577.854
591.259
594.352
588.364
574.824
555.092
530.439
502.05
470.816
437.516
402.795
367.101
330.731
293.913
256.879
219.979
183.916
149.966
119.534
93.203
70.9111
52.7034
38.7437
29.0626
23.5713
22.1743
24.9388
32.0265
44.3982
63.2126
95.4029
139.652
186.421
126.039
56.1113
-21.0953
-101.653
-188.33
-278.784
-370.833
-464.031
-556.667
-647.245
-734.622
-817.253
-893.624
-962.307
-1021.86
-1070.86
-1108.11
-1132.55
-1143.29
-1139.9
-1122.6
-1092.23
-1050.58
-1000.14
-943.863
-884.106
-821.279
-755.208
-686.417
-615.406
-542.317
-467.2
-389.843
-309.899
-225.382
-135.947
-30.5237
70.5004
240.956
292.66
345.978
398.72
446.016
487.463
521.157
545.136
559.089
563.823
560.376
550.026
533.885
512.969
488.239
460.415
430.167
398.084
364.618
330.122
294.892
259.23
223.521
188.459
155.207
125.064
98.709
76.2304
57.7197
43.3591
33.218
27.2457
25.3722
27.6808
34.349
46.3156
64.6717
95.8861
137.688
179.529
123.922
59.4725
-11.5997
-85.522
-165.127
-248.234
-332.875
-418.852
-504.66
-589.068
-671.16
-749.559
-822.941
-889.938
-949.109
-999.033
-1038.43
-1066.17
-1081.31
-1083.18
-1071.83
-1047.85
-1012.68
-968.407
-917.468
-862.029
-802.85
-739.985
-673.947
-605.287
-534.221
-460.84
-384.974
-306.329
-223.048
-134.933
-31.7236
66.5611
229.839
277.469
326.817
375.809
419.864
458.837
490.96
514.276
528.551
534.523
533.096
525.364
512.27
494.638
473.243
448.649
421.405
392.02
360.915
328.457
294.985
260.843
226.449
192.483
160.031
130.303
104.041
81.4602
62.7105
47.996
37.4255
30.989
28.6448
30.4924
36.7265
48.2591
66.1091
96.2519
135.628
171.477
119.995
60.2961
-5.4487
-73.5925
-147.003
-223.627
-301.675
-381.091
-460.571
-539.108
-615.992
-690.011
-760.007
-824.74
-882.843
-932.91
-973.644
-1003.83
-1022.48
-1028.73
-1022.48
-1004.13
-974.817
-936.257
-890.436
-839.289
-783.783
-724.164
-660.948
-594.715
-525.748
-454.18
-379.885
-302.62
-220.667
-133.963
-33.1254
62.3329
218.134
262.262
308.174
353.913
395.144
431.931
462.599
485.23
499.652
506.545
506.711
501.122
490.597
475.815
457.409
435.813
411.454
384.748
356.066
325.759
294.175
261.686
228.72
195.945
164.393
135.203
109.15
86.5589
67.64
52.6253
41.6622
34.7833
31.9783
33.3634
39.1513
50.2219
67.5179
96.501
133.481
162.797
114.932
59.41
-1.64729
-64.7161
-132.65
-203.503
-275.624
-349.083
-422.717
-495.703
-567.505
-637.078
-703.439
-765.471
-821.907
-871.42
-912.726
-944.563
-965.96
-975.897
-974.115
-960.828
-936.896
-903.689
-862.797
-815.906
-764.091
-707.755
-647.421
-583.688
-516.895
-447.218
-374.573
-298.771
-218.242
-133.045
-34.7249
57.8494
206.263
247.332
290.236
333.108
371.853
406.676
435.986
457.924
472.35
479.915
481.339
477.497
469.12
456.791
441.034
422.172
400.528
376.428
350.174
322.079
292.482
261.753
230.316
198.825
168.271
139.736
114.008
91.5008
72.4873
57.2301
45.9156
38.6198
35.3667
36.289
41.6186
52.1986
68.8927
96.6361
131.253
153.841
109.167
57.3489
0.446275
-58.1304
-121.196
-186.901
-253.7
-321.76
-390.049
-457.863
-524.825
-590.034
-652.669
-711.756
-766.145
-814.6
-855.882
-888.73
-912.174
-925.12
-927.135
-918.281
-899.179
-870.897
-834.681
-791.956
-743.817
-690.78
-633.375
-572.206
-507.659
-439.949
-369.036
-294.785
-215.778
-132.189
-36.5133
53.1308
194.474
232.858
273.087
313.403
349.934
382.978
411.013
432.256
446.586
454.625
457.032
454.609
448.028
437.799
424.362
407.962
388.835
367.222
343.353
317.488
289.934
261.041
231.221
201.102
171.64
143.869
118.58
96.2535
77.2234
61.7862
50.1664
42.4837
38.7984
39.2604
44.121
54.1827
70.2278
96.6591
128.954
144.841
103.012
54.5059
1.31686
-53.2512
-111.964
-173.056
-235.061
-298.233
-361.628
-424.649
-487.039
-548.037
-606.952
-662.963
-715.042
-762.04
-802.806
-836.105
-860.97
-876.312
-881.523
-876.531
-861.753
-837.989
-806.184
-767.506
-723.004
-673.265
-618.822
-560.273
-498.039
-432.371
-363.272
-290.659
-213.275
-131.403
-38.4829
48.1955
182.946
218.932
256.775
294.788
329.33
360.739
387.572
408.129
422.283
430.644
433.817
432.544
427.456
419.013
407.596
393.392
376.568
357.293
335.726
312.067
286.576
259.571
231.435
202.765
174.48
147.575
122.835
100.787
81.8219
66.2708
54.3961
46.3603
42.2622
42.2688
46.6511
56.1673
71.5179
96.5755
126.593
135.954
96.6838
51.1589
1.31344
-49.6586
-104.46
-161.391
-219.074
-277.804
-336.717
-395.314
-453.428
-510.415
-565.71
-618.605
-668.207
-713.476
-753.344
-786.644
-812.402
-829.581
-837.422
-835.74
-824.781
-805.115
-777.426
-742.637
-701.706
-655.244
-603.781
-547.898
-488.038
-424.483
-357.279
-286.394
-210.734
-130.687
-40.6259
43.0658
171.785
205.616
241.3
277.231
309.964
339.865
365.566
385.442
399.364
407.922
411.685
411.342
407.495
400.57
390.902
378.643
363.905
346.796
327.416
305.902
282.462
257.37
230.968
203.81
176.777
150.833
126.744
105.072
86.2546
70.6591
58.5836
50.233
45.745
45.3038
49.2001
58.1451
72.7573
96.3893
124.181
127.285
90.3357
47.5111
0.694906
-47.0325
-98.2937
-151.459
-205.226
-259.915
-314.73
-369.255
-423.39
-476.584
-528.382
-578.196
-625.239
-668.59
-707.271
-740.196
-766.393
-784.912
-794.875
-795.993
-788.372
-772.392
-748.514
-717.433
-679.981
-636.757
-588.275
-535.092
-477.66
-416.288
-351.058
-281.99
-208.155
-130.041
-42.9275
37.7635
161.058
192.938
226.66
260.69
291.765
320.266
344.898
364.104
377.75
386.412
390.622
391.029
388.211
382.569
374.412
363.862
350.997
335.876
318.547
299.092
277.662
254.478
229.835
204.237
178.525
153.623
130.282
109.08
90.4944
74.926
62.7075
54.0839
49.232
48.3538
51.7583
60.1084
73.9413
96.1071
121.727
118.908
84.0703
43.7062
-0.347552
-45.1314
-93.1729
-142.919
-193.122
-244.127
-295.199
-345.975
-396.409
-446.042
-494.505
-541.311
-585.781
-627.098
-664.384
-696.633
-722.904
-742.317
-753.941
-757.388
-752.649
-739.951
-719.568
-691.986
-657.895
-617.85
-572.334
-521.873
-466.916
-407.788
-344.609
-277.448
-205.539
-129.462
-45.3714
32.3113
150.801
180.907
212.831
245.113
274.664
301.857
325.476
344.026
357.363
366.054
370.597
371.605
369.64
365.085
358.227
349.174
337.978
324.666
309.241
291.736
272.249
250.946
228.066
204.059
179.719
155.933
133.426
112.785
94.5142
79.0461
66.745
57.8937
52.7075
51.4062
54.3152
62.0491
75.0655
95.7354
119.243
110.867
77.9615
39.8585
-1.67308
-43.7644
-88.8736
-135.496
-182.45
-230.087
-277.727
-325.049
-372.062
-418.365
-463.672
-507.576
-549.496
-588.724
-624.463
-655.801
-681.842
-701.768
-714.645
-719.993
-717.711
-707.905
-690.699
-666.391
-635.52
-598.574
-555.994
-508.263
-455.816
-398.991
-337.937
-272.77
-202.883
-128.947
-47.9377
26.7387
141.035
169.516
199.785
230.454
258.59
284.561
307.217
325.122
338.131
346.792
351.576
353.065
351.807
348.17
342.427
334.679
324.964
313.283
299.609
283.932
266.302
246.83
225.698
203.296
180.365
157.755
136.16
116.163
98.2883
82.9938
70.6726
61.6421
56.1541
54.4468
56.8593
63.9587
76.1256
95.2821
116.741
103.186
72.0618
36.0378
-3.16818
-42.7967
-85.213
-128.976
-172.952
-217.507
-261.995
-306.14
-349.983
-393.184
-435.513
-476.643
-516.074
-553.194
-587.294
-617.549
-643.12
-663.233
-677.004
-683.866
-683.646
-676.36
-662.014
-640.742
-612.932
-578.988
-539.294
-494.287
-444.379
-389.905
-331.045
-267.956
-200.188
-128.489
-50.6052
21.0735
131.765
158.748
187.487
216.661
243.476
268.299
290.04
307.317
319.982
328.567
333.518
335.39
334.717
331.855
327.069
320.457
312.049
301.831
289.754
275.776
259.901
242.19
222.771
201.971
180.476
159.088
138.47
119.194
101.793
86.7441
74.4665
65.3076
59.5533
57.4606
59.3783
65.8284
77.1182
94.7548
114.235
95.8828
66.4051
32.303
-4.75659
-42.115
-82.0562
-123.186
-164.431
-206.154
-247.745
-288.958
-329.868
-370.176
-409.708
-448.202
-485.23
-520.262
-552.676
-581.722
-606.631
-626.666
-641.016
-649.047
-650.529
-645.415
-633.618
-615.135
-590.211
-559.152
-522.282
-479.979
-432.623
-380.543
-323.94
-263.01
-197.45
-128.081
-53.3512
15.3455
122.987
148.585
175.903
203.686
229.264
253.002
273.874
290.54
302.85
311.325
316.387
318.56
318.369
316.163
312.198
306.573
299.315
290.402
279.772
267.356
253.125
237.094
219.335
200.119
180.067
159.934
140.347
121.86
105.005
90.2733
78.1028
68.8684
62.8859
60.4313
61.8592
67.6494
78.04
94.1619
111.734
88.9601
61.0113
28.6951
-6.37454
-41.6369
-79.2907
-117.995
-156.724
-195.837
-234.758
-273.27
-311.464
-349.086
-386
-421.997
-456.72
-489.706
-520.411
-548.164
-572.264
-592.006
-606.666
-615.561
-618.422
-615.156
-605.608
-589.664
-567.437
-539.134
-505.007
-465.374
-420.573
-370.919
-316.629
-257.933
-194.667
-127.712
-56.1507
9.58746
114.696
139.005
164.997
191.48
215.897
238.612
258.654
274.727
286.679
295.015
300.138
302.549
302.756
301.104
297.842
293.073
286.824
279.072
269.745
258.758
246.052
231.607
215.446
197.777
179.16
160.302
141.789
124.149
107.906
93.5585
81.5582
72.302
66.1317
63.3419
64.2884
69.4125
78.8885
93.512
109.253
82.4182
55.8937
25.2394
-7.97764
-41.2953
-76.8309
-113.29
-149.695
-186.394
-222.852
-258.867
-294.551
-329.676
-364.142
-397.791
-430.311
-461.313
-490.318
-516.727
-539.906
-559.186
-573.927
-583.423
-587.371
-585.655
-578.072
-564.419
-544.694
-519.002
-487.524
-450.512
-408.257
-361.052
-309.124
-252.731
-191.835
-127.37
-58.9768
3.83359
106.877
129.983
154.734
179.998
203.322
225.069
244.32
259.816
271.409
279.586
284.734
287.327
287.863
286.679
284.021
279.994
274.63
267.905
259.746
250.056
238.758
225.796
211.155
194.985
177.786
160.208
142.797
126.051
110.48
96.579
84.81
75.5859
69.2702
66.1742
66.6517
71.1085
79.6612
92.813
106.802
76.2515
51.0565
21.9566
-9.53131
-41.0443
-74.6078
-108.985
-143.235
-177.705
-211.88
-245.586
-278.941
-311.745
-343.929
-375.369
-405.801
-434.891
-462.224
-487.267
-509.447
-528.135
-542.763
-552.633
-557.417
-556.978
-551.09
-539.485
-522.061
-498.829
-469.892
-435.438
-395.707
-350.963
-301.435
-247.405
-188.949
-127.042
-61.8051
-1.88407
99.513
121.497
145.082
169.198
191.492
212.321
230.815
245.753
256.986
264.992
270.133
272.865
273.672
272.886
270.744
267.36
262.771
256.953
249.836
241.319
231.309
219.727
206.52
191.79
175.975
159.67
143.378
127.562
112.713
99.3163
87.8365
78.698
72.2807
68.9099
68.9346
72.7282
80.3565
92.0731
104.395
70.4509
46.5013
18.8576
-11.0119
-40.8404
-72.568
-105.007
-137.259
-169.658
-201.721
-233.287
-264.482
-295.128
-325.18
-354.547
-383.004
-410.266
-435.968
-459.641
-480.77
-498.77
-513.129
-523.18
-528.579
-529.173
-524.733
-514.944
-499.62
-478.687
-452.172
-420.202
-382.958
-340.675
-293.578
-241.961
-186.004
-126.71
-64.6063
-7.5302
92.5887
113.518
136.009
159.042
180.363
200.318
218.087
232.484
243.364
251.187
256.299
259.132
260.162
259.711
258.015
255.189
251.276
246.259
240.069
232.606
223.77
213.461
201.599
188.24
173.765
158.713
143.543
128.683
114.596
101.754
90.6181
81.6172
75.142
71.5301
71.1223
74.2624
80.9727
91.2997
102.04
65.004
42.2257
15.9496
-12.4023
-40.6542
-70.6676
-101.299
-131.689
-162.165
-192.267
-221.846
-251.034
-279.675
-307.743
-335.166
-361.759
-387.278
-411.403
-433.722
-453.769
-471.013
-484.978
-495.051
-500.87
-502.283
-499.063
-490.868
-477.444
-458.645
-434.427
-404.851
-370.05
-330.217
-285.565
-236.406
-182.994
-126.36
-67.3526
-13.0711
86.0854
106.024
127.481
149.491
169.888
189.012
206.088
219.965
230.496
238.128
243.191
246.099
247.312
247.145
245.831
243.49
240.168
235.855
230.487
223.97
216.195
207.054
196.443
184.381
171.191
157.363
143.308
129.418
116.124
103.88
93.1369
84.3228
77.8342
74.0162
73.2
75.7019
81.5085
90.4995
99.7487
59.899
38.2242
13.2349
-13.691
-40.4651
-68.8735
-97.8152
-126.468
-155.153
-183.429
-211.163
-238.485
-265.259
-291.476
-317.081
-341.919
-365.783
-388.394
-409.386
-428.342
-444.78
-458.258
-468.22
-474.297
-476.339
-474.133
-467.323
-455.606
-438.773
-416.719
-389.443
-357.023
-319.615
-277.419
-230.741
-179.915
-125.971
-70.0153
-18.4731
79.9849
98.989
119.47
140.508
160.03
178.363
194.775
208.149
218.339
225.776
230.777
233.734
235.096
235.172
234.186
232.265
229.459
225.765
221.126
215.452
208.636
200.559
191.105
180.258
168.295
155.65
142.692
129.774
117.295
105.685
95.3774
86.7964
80.3379
76.3503
75.1529
77.0379
81.9625
89.6786
97.5283
55.1232
34.4879
10.7141
-14.8695
-40.2551
-67.1575
-94.5173
-121.548
-148.56
-175.134
-201.151
-226.738
-251.776
-276.264
-300.17
-323.358
-345.653
-366.815
-386.516
-404.389
-419.989
-432.909
-442.654
-448.85
-451.358
-449.984
-444.37
-434.173
-419.14
-399.11
-374.029
-343.922
-308.902
-269.152
-224.978
-176.759
-125.525
-72.5702
-23.7042
74.2677
92.3892
111.945
132.063
150.753
168.332
184.107
196.995
206.852
214.093
219.019
222.007
223.49
223.77
223.07
221.513
219.159
216.008
212.014
207.09
201.134
194.024
185.633
175.921
165.117
153.606
141.716
129.764
118.112
107.161
97.3268
89.0212
82.6345
78.5145
76.967
78.2616
82.3337
88.8414
95.3858
50.6617
31.0099
8.38261
-15.9324
-40.0129
-65.4992
-91.374
-116.887
-142.335
-167.322
-191.737
-215.709
-239.127
-262.006
-284.321
-305.959
-326.774
-346.554
-365.01
-381.813
-396.563
-408.875
-418.319
-424.521
-427.355
-426.651
-422.054
-413.206
-399.81
-381.664
-358.665
-330.79
-298.113
-260.79
-219.121
-173.521
-125.005
-74.988
-28.7339
68.915
86.2019
104.881
124.125
142.021
158.883
174.045
186.466
195.997
203.042
207.887
210.889
212.471
212.925
212.469
211.23
209.27
206.597
203.171
198.914
193.727
187.491
180.072
171.411
161.695
151.264
140.407
129.402
118.579
108.306
98.9759
90.9824
84.7072
80.4927
78.6287
79.3646
82.6206
87.9925
93.3265
46.5001
27.7793
6.23742
-16.8788
-39.7292
-63.8833
-88.362
-112.451
-136.436
-159.94
-182.858
-205.324
-227.233
-248.608
-269.436
-289.622
-309.041
-327.509
-344.769
-360.526
-374.421
-386.096
-395.172
-401.292
-404.334
-404.156
-400.422
-392.756
-380.842
-364.441
-343.406
-317.674
-287.278
-252.354
-213.179
-170.196
-124.388
-77.2454
-33.5311
63.9092
80.4042
98.2516
116.662
133.803
149.979
164.556
176.524
185.739
192.59
197.346
200.35
202.012
202.615
202.369
201.407
199.791
197.537
194.612
190.945
186.446
180.997
174.462
166.768
158.068
148.658
138.791
128.709
118.707
109.122
100.317
92.6689
86.5416
82.2694
80.1251
80.3389
82.822
87.134
91.3535
42.6245
24.7856
4.273
-17.7093
-39.398
-62.2948
-85.4603
-108.211
-130.824
-152.939
-174.46
-195.518
-216.02
-235.991
-255.429
-274.255
-292.36
-309.583
-325.701
-340.445
-353.495
-364.515
-373.177
-379.137
-382.29
-382.519
-379.505
-372.873
-362.29
-347.495
-328.305
-304.62
-276.438
-243.864
-207.163
-166.777
-123.659
-79.3162
-38.0684
59.232
74.9747
92.0315
109.649
126.07
141.59
155.605
167.137
176.045
182.702
187.367
190.363
192.087
192.817
192.755
192.033
190.719
188.832
186.347
183.203
179.315
174.572
168.838
162.031
154.273
145.821
136.894
127.703
118.508
109.611
101.349
94.071
88.1251
83.8312
81.4446
81.1773
82.9362
86.2676
89.4679
39.0202
22.0188
2.48223
-18.4249
-39.0159
-60.7261
-82.6535
-104.147
-125.471
-146.284
-166.499
-186.241
-205.428
-224.087
-242.227
-259.777
-276.648
-292.696
-307.724
-321.492
-333.712
-344.071
-352.287
-358.031
-361.216
-361.746
-359.329
-353.594
-344.204
-330.879
-313.412
-291.672
-265.625
-235.348
-201.081
-163.263
-122.8
-81.1802
-42.3236
54.8658
69.8941
86.1979
103.059
118.792
133.685
147.159
158.274
166.884
173.351
177.92
180.9
182.674
183.511
183.607
183.095
182.045
180.48
178.382
175.7
172.355
168.242
163.232
157.234
150.344
142.785
134.747
126.408
117.996
109.782
102.069
95.1833
89.4478
85.1668
82.5772
81.8729
82.9614
85.3936
87.669
35.6734
19.4674
0.858288
-19.0291
-38.5815
-59.1698
-79.929
-100.238
-120.352
-139.944
-158.934
-177.445
-195.403
-212.837
-229.761
-246.118
-261.829
-276.769
-290.762
-303.596
-315.007
-324.712
-332.458
-337.945
-341.097
-341.842
-339.913
-334.953
-326.624
-314.641
-298.776
-278.876
-254.875
-226.828
-194.945
-159.651
-121.795
-82.8179
-46.2765
50.7937
65.1427
80.7291
96.8677
111.943
126.236
139.192
149.904
158.225
164.506
168.978
171.936
173.748
174.675
174.909
174.58
173.76
172.477
170.721
168.445
165.581
162.03
157.67
152.406
146.313
139.583
132.376
124.846
117.189
109.643
102.483
96.0029
90.5029
86.2671
83.5142
82.4197
82.8957
84.511
85.9544
32.5699
17.1206
-0.606503
-19.5256
-38.0939
-57.6203
-77.2759
-96.4686
-115.443
-133.888
-151.731
-169.09
-185.898
-202.188
-217.976
-233.214
-247.837
-261.734
-274.748
-286.689
-297.32
-306.379
-313.646
-318.846
-321.916
-322.804
-321.269
-316.973
-309.588
-298.822
-284.442
-266.271
-244.224
-218.329
-188.768
-155.939
-120.633
-84.212
-49.9077
46.9998
60.7017
75.6037
91.0523
105.499
119.217
131.676
141.998
150.041
156.14
160.514
163.444
165.285
166.288
166.64
166.471
165.853
164.818
163.36
161.443
159.004
155.954
152.176
147.576
142.209
136.242
129.81
123.043
116.106
109.21
102.596
96.5301
91.2861
87.1254
84.2486
82.8125
82.7366
83.6178
84.3195
29.6963
14.9675
-1.92016
-19.919
-37.5537
-56.0751
-74.6866
-92.8263
-110.726
-128.094
-144.86
-161.139
-176.87
-192.09
-206.816
-221.009
-234.612
-247.529
-259.618
-270.71
-280.59
-289.023
-295.807
-300.701
-303.651
-304.624
-303.404
-299.676
-293.123
-283.461
-270.448
-253.897
-233.705
-209.875
-182.561
-152.129
-119.302
-85.3486
-53.2042
43.4683
56.5534
70.8021
85.5912
99.4358
112.603
124.584
134.532
142.305
148.226
152.502
155.399
157.26
158.328
158.783
158.753
158.312
157.493
156.298
154.695
152.631
150.025
146.766
142.765
138.059
132.791
127.076
121.021
114.768
108.496
102.417
96.7686
91.7964
87.7378
84.7754
83.0472
82.482
82.711
82.7585
27.04
12.9973
-3.09075
-20.2143
-36.9632
-54.5315
-72.1558
-89.3003
-106.189
-122.542
-138.296
-153.564
-168.288
-182.505
-196.238
-209.453
-222.099
-234.095
-245.313
-255.601
-264.765
-272.591
-278.899
-283.477
-286.278
-287.288
-286.317
-283.073
-277.255
-268.587
-256.83
-241.79
-223.349
-201.491
-176.339
-148.223
-117.796
-86.2183
-56.1545
40.184
52.6807
66.3053
80.4635
93.7318
106.371
117.893
127.48
134.992
140.739
144.917
147.778
149.653
150.776
151.32
151.41
151.123
150.494
149.528
148.202
146.468
144.254
141.459
137.993
133.886
129.256
124.2
118.807
113.195
107.517
101.958
96.725
92.0358
88.103
85.0916
83.1209
82.1295
81.7867
81.2637
24.5878
11.1996
-4.12657
-20.4169
-36.3243
-52.9885
-69.6772
-85.8816
-101.816
-117.213
-132.018
-146.336
-160.116
-173.396
-186.2
-198.499
-210.251
-221.384
-231.782
-241.31
-249.794
-257.038
-262.88
-267.137
-269.771
-270.781
-270.005
-267.172
-261.999
-254.226
-243.618
-229.982
-213.186
-193.199
-170.116
-144.225
-116.11
-86.8129
-58.7515
37.1328
49.0678
62.0957
75.6502
88.3666
100.498
111.579
120.819
128.079
133.656
137.737
140.559
142.441
143.608
144.229
144.425
144.273
143.809
143.044
141.96
140.516
138.648
136.264
133.278
129.709
125.658
121.205
116.422
111.409
106.294
101.234
96.4085
92.0091
88.2228
85.1963
83.0317
81.6769
80.8404
79.8266
22.3279
9.56408
-5.03572
-20.5327
-35.6402
-51.4464
-67.2489
-82.5643
-97.5977
-112.095
-126.005
-139.432
-152.327
-164.73
-176.665
-188.109
-199.024
-209.347
-218.977
-227.79
-235.629
-242.317
-247.709
-251.647
-254.102
-255.086
-254.457
-251.972
-247.368
-240.398
-230.839
-218.499
-203.242
-185.022
-163.906
-140.143
-114.243
-87.1293
-60.9912
34.3011
45.6992
58.1564
71.1326
83.3201
94.965
105.621
114.526
121.542
126.954
130.938
133.719
135.603
136.808
137.493
137.781
137.746
137.427
136.838
135.965
134.776
133.212
131.191
128.633
125.547
122.018
118.114
113.891
109.433
104.844
100.259
95.8312
91.7241
88.1011
85.0909
82.7791
81.1222
79.8669
78.4378
20.2486
8.08093
-5.82611
-20.5669
-34.9141
-49.9053
-64.8678
-79.3418
-93.5234
-107.173
-120.243
-132.833
-144.899
-156.479
-167.602
-178.245
-188.378
-197.945
-206.854
-214.994
-222.225
-228.386
-233.346
-236.972
-239.241
-240.178
-239.662
-237.471
-233.365
-227.116
-218.512
-207.366
-193.542
-176.979
-157.725
-135.984
-112.195
-87.1664
-62.873
31.6749
42.5606
54.471
66.8934
78.5736
89.7512
99.9986
108.58
115.36
120.611
124.499
127.237
129.118
130.353
131.094
131.462
131.528
131.335
130.899
130.211
129.244
127.947
126.247
124.069
121.414
118.355
114.947
111.236
107.287
103.189
99.0529
95.0068
91.191
87.7446
84.7788
82.3641
80.464
78.8611
77.0874
18.3387
6.73996
-6.50546
-20.5256
-34.1497
-48.3659
-62.5317
-76.2092
-89.587
-102.437
-114.715
-126.519
-137.807
-148.619
-158.981
-168.876
-178.279
-187.138
-195.372
-202.883
-209.542
-215.204
-219.754
-223.077
-225.16
-226.037
-225.603
-223.662
-219.994
-214.39
-206.651
-196.602
-184.105
-169.092
-151.588
-131.759
-109.974
-86.928
-64.4005
29.2423
39.6376
51.0249
62.9159
74.1097
84.8382
94.6922
102.962
109.514
114.608
118.401
121.094
122.968
124.226
125.015
125.45
125.605
125.521
125.217
124.69
123.917
122.855
121.437
119.594
117.324
114.685
111.724
108.476
104.994
101.349
97.6326
93.9513
90.4223
87.1624
84.2654
81.7888
79.7011
77.8177
75.765
16.5875
5.53236
-7.08172
-20.4144
-33.3503
-46.8302
-60.2396
-73.1631
-85.7806
-97.8762
-109.41
-120.474
-131.033
-141.125
-150.776
-159.972
-168.693
-176.891
-184.496
-191.417
-197.54
-202.734
-206.896
-209.929
-211.828
-212.634
-212.261
-210.532
-207.249
-202.222
-195.268
-186.221
-174.949
-161.376
-145.509
-127.478
-107.586
-86.4203
-65.5794
26.9911
36.9176
47.8035
59.1853
69.912
80.2089
89.684
97.6532
103.984
108.925
112.624
115.27
117.134
118.409
119.237
119.73
119.961
119.972
119.783
119.396
118.791
117.933
116.762
115.216
113.287
111.023
108.461
105.631
102.573
99.3442
96.0181
92.6822
89.4325
86.3652
83.5585
81.0569
78.8333
76.7314
74.4605
14.9846
4.44894
-7.56207
-20.2393
-32.5201
-45.2998
-57.9912
-70.2007
-82.0991
-93.4828
-104.315
-114.685
-124.56
-133.977
-142.963
-151.507
-159.59
-167.173
-174.191
-180.562
-186.183
-190.939
-194.736
-197.494
-199.215
-199.946
-199.616
-198.067
-195.124
-190.612
-184.367
-176.234
-166.087
-153.847
-139.504
-123.154
-105.041
-85.653
-66.4189
24.9102
34.3875
44.7936
55.6865
65.9647
75.8463
84.9563
92.6353
98.7519
103.543
107.149
109.747
111.597
112.884
113.744
114.286
114.582
114.675
114.586
114.318
113.86
113.18
112.225
110.939
109.311
107.379
105.175
102.72
100.045
97.195
94.2293
91.2176
88.2374
85.3662
82.667
80.1736
77.8611
75.5979
73.1641
13.5202
3.48123
-7.95374
-20.0055
-31.6624
-43.7766
-55.7861
-67.3189
-78.5379
-89.2496
-99.4215
-109.139
-118.372
-127.157
-135.522
-143.457
-150.946
-157.954
-164.425
-170.284
-175.439
-179.785
-183.24
-185.739
-187.291
-187.946
-187.645
-186.25
-183.605
-179.555
-173.95
-166.648
-157.531
-146.519
-133.587
-118.802
-102.354
-84.6382
-66.9316
22.9883
32.036
41.9814
52.4056
62.2529
71.7351
80.4933
87.8916
93.8003
98.4455
101.959
104.508
106.34
107.635
108.52
109.104
109.456
109.617
109.614
109.45
109.118
108.591
107.825
106.767
105.404
103.766
101.879
99.7578
97.4272
94.9214
92.2863
89.5769
86.8542
84.1794
81.6017
79.1452
76.786
74.4129
71.8665
12.1851
2.62077
-8.26344
-19.7188
-30.781
-42.2622
-53.6248
-64.5164
-75.092
-85.1695
-94.7192
-103.823
-112.454
-120.648
-128.432
-135.798
-142.734
-149.209
-155.17
-160.553
-165.273
-169.239
-172.376
-174.634
-176.025
-176.603
-176.323
-175.061
-172.68
-169.042
-164.014
-157.467
-149.289
-139.401
-127.77
-114.435
-99.537
-83.3912
-67.1319
21.2152
29.8514
39.3554
49.3295
58.7628
67.8606
76.2794
83.406
89.1132
93.6158
97.0379
99.5362
101.348
102.645
103.551
104.169
104.567
104.788
104.857
104.782
104.559
104.165
103.562
102.702
101.571
100.192
98.5851
96.7611
94.7383
92.5425
90.2087
87.7792
85.3008
82.8203
80.3747
77.9793
75.6104
73.1734
70.5594
10.9703
1.86
-8.49807
-19.384
-29.8802
-40.759
-51.5069
-61.7905
-71.758
-81.2371
-90.2007
-98.728
-106.794
-114.434
-121.675
-128.511
-134.932
-140.91
-146.398
-151.339
-155.657
-159.27
-162.113
-164.147
-165.387
-165.892
-165.625
-164.479
-162.332
-159.063
-154.554
-148.689
-141.365
-132.504
-122.067
-110.068
-96.6078
-81.9287
-67.0365
19.5812
27.8232
36.9039
46.4455
55.4808
64.2084
72.2996
79.164
84.6751
89.038
92.3694
94.816
96.6051
97.9003
98.8208
99.4661
99.9031
100.174
100.304
100.306
100.174
99.8945
99.4327
98.746
97.8178
96.6655
95.3045
93.7434
91.9945
90.0768
88.0161
85.8441
83.5957
81.3052
78.999
76.6846
74.338
71.8773
69.2353
9.86737
1.19138
-8.66391
-19.0063
-28.9634
-39.2688
-49.4331
-59.1406
-68.5327
-77.4466
-85.8582
-93.8433
-101.38
-108.502
-115.236
-121.577
-127.519
-133.035
-138.085
-142.616
-146.562
-149.849
-152.421
-154.246
-155.348
-155.783
-155.525
-154.48
-152.541
-149.602
-145.56
-140.311
-133.76
-125.835
-116.487
-105.716
-93.5832
-80.2695
-66.664
18.077
25.9411
34.6157
43.7421
52.3948
60.7659
68.5408
75.1509
80.4715
84.6978
87.9391
90.3327
92.0961
93.3861
94.3161
94.9833
95.4521
95.7638
95.9462
96.0115
95.9594
95.7768
95.4359
94.8986
94.1466
93.1922
92.0472
90.7173
89.211
87.5414
85.727
83.7908
81.7573
79.6508
77.4883
75.2707
72.9729
70.5233
67.8879
8.86831
0.60779
-8.76682
-18.5905
-28.0337
-37.7936
-47.4035
-56.565
-65.4129
-73.7931
-81.6848
-89.1605
-96.2
-102.837
-109.098
-114.979
-120.475
-125.563
-130.206
-134.359
-137.961
-140.947
-143.27
-144.905
-145.878
-146.25
-145.998
-145.041
-143.288
-140.645
-137.022
-132.327
-126.476
-119.398
-111.042
-101.392
-90.4803
-78.4334
-66.0352
16.6935
24.1957
32.4805
41.2083
49.4926
57.5199
64.9895
71.3535
76.4888
80.5813
83.7328
86.0727
87.8078
89.089
90.0242
90.7076
91.2017
91.5473
91.7728
91.8918
91.9061
91.8062
91.5689
91.1601
90.5606
89.7782
88.8215
87.6943
86.4019
84.9527
83.3595
81.6377
79.8041
77.8741
75.8568
73.7479
71.5209
69.1116
66.5123
7.96553
0.102506
-8.81272
-18.1412
-27.0947
-36.3358
-45.4191
-54.063
-62.3957
-70.2724
-77.6745
-84.6713
-91.2454
-97.4292
-103.248
-108.7
-113.781
-118.472
-122.74
-126.543
-129.828
-132.539
-134.632
-136.093
-136.95
-137.263
-137.015
-136.138
-134.55
-132.172
-128.925
-124.73
-119.508
-113.196
-105.739
-97.1108
-87.3176
-76.4409
-65.1711
15.4226
22.5778
30.4886
38.8332
46.7632
54.4593
61.6336
67.7591
72.714
76.6752
79.7376
82.0224
83.7274
84.9963
85.9327
86.6272
87.141
87.514
87.7747
87.9379
88.008
87.9779
87.8285
87.5298
87.0616
86.428
85.635
84.6847
83.58
82.3258
80.9302
79.4028
77.7537
75.9916
74.119
72.1272
69.988
67.643
65.1048
7.1519
-0.330851
-8.80683
-17.6626
-26.1496
-34.897
-43.4803
-51.6336
-59.479
-66.8802
-73.8212
-80.3682
-86.5056
-92.2656
-97.6722
-102.725
-107.421
-111.744
-115.665
-119.146
-122.14
-124.596
-126.481
-127.785
-128.536
-128.795
-128.551
-127.745
-126.305
-124.165
-121.256
-117.508
-112.854
-107.23
-100.586
-92.8847
-84.1122
-74.313
-64.0938
14.2564
21.0789
28.6306
36.607
44.196
51.5726
58.4616
64.3556
69.1348
72.9671
75.9411
78.1698
79.8423
81.0961
82.0299
82.7311
83.2594
83.6538
83.943
84.1426
84.2587
84.2868
84.2118
84.0069
83.6512
83.1456
82.4942
81.6977
80.7572
79.6749
78.4551
77.103
75.6236
74.0199
72.2895
70.4198
68.3815
66.1199
63.663
6.42064
-0.698313
-8.75437
-17.1588
-25.2014
-33.4788
-41.5873
-49.2755
-56.66
-63.6125
-70.1193
-76.2438
-81.9721
-87.3356
-92.3577
-97.0392
-101.378
-105.361
-108.96
-112.145
-114.871
-117.097
-118.792
-119.951
-120.608
-120.819
-120.58
-119.836
-118.531
-116.604
-113.998
-110.652
-106.505
-101.502
-95.589
-88.7255
-80.8812
-72.0705
-62.8258
13.1873
19.6909
26.8978
34.5203
41.781
48.8494
55.4625
61.1319
65.7397
69.4454
72.3314
74.5031
76.1413
77.3772
78.305
79.0091
79.5472
79.9577
80.2691
80.4982
80.6519
80.7283
80.7156
80.5899
80.3303
79.9343
79.4048
78.7415
77.944
77.0126
75.9487
74.7542
73.4298
71.9747
70.3823
68.6373
66.7089
64.5455
62.186
5.76527
-1.00551
-8.66009
-16.6339
-24.2528
-32.0832
-39.7404
-46.9879
-53.9366
-60.4658
-66.5636
-72.291
-77.636
-82.629
-87.2929
-91.6289
-95.6368
-99.3041
-102.608
-105.519
-108.002
-110.016
-111.538
-112.569
-113.14
-113.309
-113.074
-112.389
-111.204
-109.469
-107.134
-104.147
-100.455
-96.0072
-90.7519
-84.6436
-77.6407
-69.7338
-61.3897
12.2082
18.4062
25.2821
32.5642
39.5087
46.2799
52.6258
58.0773
62.5181
66.0993
68.8977
71.0118
72.6136
73.829
74.7477
75.4511
75.9951
76.4171
76.7455
76.9975
77.1816
77.2976
77.3365
77.2775
77.0992
76.7969
76.3718
75.8233
75.15
74.3506
73.4245
72.3709
71.1879
69.8712
68.4114
66.7909
64.9783
62.9238
60.6739
5.17981
-1.25786
-8.52854
-16.0913
-23.3065
-30.7114
-37.9403
-44.7701
-51.3065
-57.4361
-63.149
-68.5036
-73.4895
-78.136
-82.4658
-86.4809
-90.1819
-93.5581
-96.5895
-99.2505
-101.509
-103.331
-104.696
-105.611
-106.107
-106.239
-106.009
-105.377
-104.301
-102.738
-100.646
-97.9813
-94.6961
-90.7444
-86.0778
-80.6483
-74.4059
-67.3226
-59.8077
11.3128
17.2175
23.7754
30.7303
37.3704
43.8546
49.942
55.1818
59.4596
62.9184
65.6297
67.6853
69.2493
70.442
71.3489
72.0484
72.5945
73.0239
73.3645
73.6342
73.8422
73.9902
74.0717
74.068
73.9581
73.7352
73.3994
72.9495
72.3836
71.6993
70.8946
69.9668
68.912
67.7235
66.3899
64.892
63.198
61.2596
59.128
4.65856
-1.46026
-8.36413
-15.5344
-22.3649
-29.3651
-36.187
-42.621
-48.7672
-54.5197
-59.8704
-64.8748
-69.5245
-73.8475
-77.8661
-81.5829
-84.9995
-88.1068
-90.8874
-93.3187
-95.3723
-97.0194
-98.2443
-99.0544
-99.4835
-99.5845
-99.3596
-98.7765
-97.7987
-96.3909
-94.5172
-92.1397
-89.2175
-85.709
-81.5687
-76.7478
-71.1906
-64.8555
-58.1013
10.4945
16.1181
22.3708
29.0108
35.3575
41.5647
47.4019
52.436
56.5546
59.8931
62.5178
64.5144
66.0392
67.2071
68.0996
68.7923
69.3374
69.7705
70.1194
70.402
70.6285
70.8017
70.9176
70.9597
70.9072
70.7512
70.491
70.1255
69.6522
69.0681
68.37
67.5542
66.6151
65.5448
64.3303
62.9517
61.3767
59.5585
57.5506
4.19618
-1.61754
-8.17061
-14.9663
-21.4304
-28.0454
-34.4809
-40.5396
-46.317
-51.7137
-56.7232
-61.3989
-65.7334
-69.7542
-73.483
-76.9229
-80.076
-82.9352
-85.4851
-87.7058
-89.5728
-91.0614
-92.1592
-92.8762
-93.2464
-93.3204
-93.102
-92.564
-91.6756
-90.4071
-88.7287
-86.6078
-84.0093
-80.8959
-77.225
-72.9485
-68.0073
-62.3498
-56.2912
9.74753
15.1016
21.061
27.3984
33.4624
39.4019
44.9968
49.831
53.7941
57.0142
59.553
61.49
62.9743
64.1156
64.9916
65.675
66.2163
66.6501
67.0036
67.2951
67.5351
67.7279
67.8713
67.9508
67.9458
67.8459
67.6498
67.3562
66.9625
66.4651
65.8605
65.144
64.3093
63.3474
62.2445
60.9804
59.5229
57.8263
55.9452
3.78769
-1.73409
-7.95181
-14.39
-20.5048
-26.7534
-32.822
-38.5249
-43.9535
-49.0143
-53.7027
-58.0695
-62.109
-65.8477
-69.3064
-72.489
-75.3984
-78.0286
-80.3665
-82.3946
-84.0916
-85.4365
-86.42
-87.0541
-87.3726
-87.4239
-87.2128
-86.7166
-85.9095
-84.7664
-83.2628
-81.371
-79.0609
-76.2992
-73.0464
-69.2559
-64.8671
-59.8216
-54.3969
9.06645
14.1618
19.8398
25.8858
31.6774
37.3585
42.7185
47.3585
51.1697
54.2734
56.7268
58.6039
60.0467
61.1598
62.0173
62.6892
63.2243
63.6559
64.0111
64.3079
64.5575
64.765
64.9298
65.0395
65.0734
65.0203
64.878
64.6454
64.3198
63.8976
63.3747
62.7462
62.0051
61.1422
60.1433
58.9881
57.645
56.0693
54.3154
3.42836
-1.81401
-7.7112
-13.8082
-19.5902
-25.49
-31.21
-36.5758
-41.6743
-46.4182
-50.8043
-54.8812
-58.6443
-62.1193
-65.3266
-68.2705
-70.9543
-73.3734
-75.5163
-77.3682
-78.9106
-80.1254
-81.0063
-81.567
-81.8404
-81.8726
-81.6696
-81.2122
-80.479
-79.4491
-78.102
-76.4148
-74.3613
-71.9121
-69.0312
-65.6738
-61.7794
-57.2855
-52.4365
8.44598
13.2933
18.7009
24.4667
29.9957
35.4272
40.5594
45.0106
48.6733
51.6624
54.0312
55.8482
57.2486
58.3322
59.1696
59.8282
60.3549
60.7822
61.1363
61.4354
61.6911
61.909
62.0903
62.2238
62.2894
62.2747
62.1775
61.9966
61.7292
61.3718
60.9203
60.3694
59.7122
58.9394
58.0367
56.9842
55.7511
54.2938
52.6659
3.11382
-1.86119
-7.45201
-13.2232
-18.688
-24.2562
-29.645
-34.6913
-39.4775
-43.9221
-48.0236
-51.8281
-55.3323
-58.5612
-61.5343
-64.2565
-66.7315
-68.9559
-70.9198
-72.6107
-74.0122
-75.1096
-75.8987
-76.3941
-76.6283
-76.6451
-76.451
-76.0298
-75.3636
-74.4357
-73.2289
-71.7242
-69.899
-67.7277
-65.1772
-62.2053
-58.7524
-54.7544
-50.4271
7.8813
12.4907
17.6386
23.1349
28.4106
33.6008
38.5124
42.7799
46.2973
49.1737
51.4588
53.2156
54.5729
55.6259
56.4419
57.0855
57.6021
58.023
58.3739
58.6728
58.9315
59.1565
59.3497
59.5018
59.5927
59.6096
59.5499
59.4124
59.1946
58.8931
58.5037
58.0213
57.4391
56.7479
55.9339
54.9775
53.8492
52.5064
51.0015
2.83998
-1.87926
-7.17724
-12.6375
-17.8002
-23.0526
-28.1268
-32.8701
-37.3607
-41.5229
-45.356
-48.9047
-52.1663
-55.1651
-57.9201
-60.4364
-62.7184
-64.7632
-66.5628
-68.1064
-69.3801
-70.3715
-71.0784
-71.5163
-71.7167
-71.7209
-71.536
-71.1487
-70.5439
-69.708
-68.627
-67.285
-65.663
-63.7384
-61.4812
-58.8517
-55.7928
-52.2398
-48.3837
7.36785
11.749
16.6476
21.8844
26.9159
31.8731
36.5706
40.6594
44.0345
46.8004
49.0026
50.6994
52.0132
53.0346
53.828
54.4553
54.9603
55.3731
55.719
56.0157
56.2749
56.5038
56.7055
56.8715
56.9824
57.0249
56.9961
56.8951
56.7195
56.466
56.1306
55.7086
55.1933
54.5758
53.843
52.9761
51.9466
50.7135
49.3272
2.60299
-1.87155
-6.88968
-12.0533
-16.9279
-21.8798
-26.6551
-31.1109
-35.3218
-39.2171
-42.7975
-46.1055
-49.1398
-51.9236
-54.4753
-56.8004
-58.9035
-60.7829
-62.4318
-63.8407
-64.9983
-65.8941
-66.5275
-66.9146
-67.0859
-67.0803
-66.9052
-66.5495
-66.0009
-65.248
-64.2798
-63.0832
-61.6419
-59.9364
-57.9394
-55.6141
-52.9061
-49.7516
-46.3202
6.90139
11.0636
15.7229
20.71
25.5059
30.2378
34.7275
38.6425
41.8782
44.5354
46.6562
48.2933
49.5631
50.5523
51.3221
51.9321
52.4243
52.8278
53.1671
53.4597
53.7175
53.9479
54.1548
54.331
54.4574
54.5205
54.5171
54.4465
54.3066
54.0943
53.806
53.437
52.9812
52.4301
51.7715
50.9872
50.0503
48.9212
47.6483
2.39922
-1.84126
-6.5919
-11.4725
-16.0726
-20.7384
-25.2295
-29.4126
-33.3584
-37.0014
-40.3436
-43.4254
-46.2462
-48.8291
-51.1913
-53.3387
-55.2763
-57.0029
-58.5133
-59.7994
-60.8515
-61.6611
-62.229
-62.5714
-62.7179
-62.705
-62.5399
-62.2137
-61.7164
-61.0387
-60.1719
-59.1051
-57.8247
-56.3135
-54.5473
-52.4921
-50.0963
-47.2983
-44.2489
6.47791
10.4303
14.8597
19.6067
24.1753
28.6894
32.9772
36.723
39.8218
42.3727
44.4135
45.9914
47.2171
48.1735
48.9191
49.5108
49.9891
50.3822
50.7137
51.001
51.2556
51.4855
51.6952
51.8784
52.0165
52.0957
52.1131
52.0679
51.9582
51.7812
51.5337
51.2113
50.8084
50.3171
49.7259
49.0177
48.1669
47.1357
45.9701
2.22536
-1.79138
-6.28647
-10.8969
-15.2353
-19.6288
-23.8497
-27.774
-31.4684
-34.8729
-37.99
-40.8587
-43.4795
-45.8743
-48.0597
-50.0418
-51.8259
-53.4117
-54.7948
-55.9687
-56.925
-57.6569
-58.1664
-58.4698
-58.5952
-58.5768
-58.4222
-58.1237
-57.6734
-57.0639
-56.2881
-55.3374
-54.2002
-52.8617
-51.3001
-49.4845
-47.3664
-44.8869
-42.1804
6.09367
9.84483
14.0538
18.5696
22.9191
27.2225
31.3144
34.8953
37.8592
40.306
42.2686
43.7879
44.9694
45.8928
46.6136
47.1865
47.6503
48.0321
48.355
48.6357
48.886
49.1137
49.324
49.5115
49.6582
49.7501
49.7842
49.76
49.6758
49.5292
49.317
49.0356
48.6797
48.242
47.7118
47.0733
46.3022
45.3625
44.2978
2.07835
-1.72453
-5.97552
-10.3283
-14.4173
-18.5515
-22.5154
-26.1937
-29.6497
-32.8283
-35.7328
-38.4004
-40.8331
-43.0519
-45.0722
-46.9003
-48.5421
-49.9979
-51.264
-52.3352
-53.2045
-53.8665
-54.3241
-54.5933
-54.7009
-54.6791
-54.535
-54.2627
-53.8556
-53.3079
-52.6142
-51.7673
-50.7577
-49.5727
-48.1927
-46.5897
-44.7184
-42.5232
-40.124
5.7453
9.30354
13.301
17.5941
21.7323
25.8321
29.7333
33.1538
35.9846
38.3299
40.2164
41.6777
42.815
43.7051
44.401
44.9546
45.4034
45.7734
46.0869
46.3603
46.6051
46.8294
47.0387
47.2284
47.381
47.4827
47.5302
47.5233
47.4607
47.34
47.1586
46.9132
46.5989
46.2093
45.7344
45.1595
44.4618
43.607
42.6365
1.95536
-1.64304
-5.66105
-9.76777
-13.6191
-17.5063
-21.2255
-24.6704
-27.8998
-30.8645
-33.5678
-36.0455
-38.3015
-40.3552
-42.221
-43.9054
-45.4149
-46.7504
-47.9089
-48.8862
-49.6765
-50.2756
-50.687
-50.9265
-51.0193
-50.9956
-50.8623
-50.6146
-50.2472
-49.7558
-49.1361
-48.3824
-47.4867
-46.4382
-45.2195
-43.8051
-42.1532
-40.2116
-38.0877
5.42968
8.8029
12.5974
16.676
20.61
24.5126
28.2282
31.4926
34.1922
36.4399
38.2525
39.6561
40.749
41.6059
42.2766
42.8108
43.2442
43.6021
43.9057
44.1712
44.4098
44.6297
44.8367
45.0269
45.1834
45.2922
45.3505
45.3579
45.3135
45.2151
45.0605
44.8467
44.5694
44.2228
43.7978
43.2807
42.6504
41.8742
40.9913
1.85346
-1.5495
-5.34522
-9.21717
-12.8419
-16.4935
-19.9796
-23.2024
-26.2159
-28.9781
-31.4903
-33.7887
-35.8792
-37.7783
-39.4988
-41.0486
-42.435
-43.659
-44.7182
-45.6093
-46.3277
-46.8703
-47.2408
-47.4544
-47.5352
-47.5109
-47.3886
-47.1642
-46.8337
-46.3936
-45.8409
-45.1709
-44.3771
-43.4502
-42.3749
-41.128
-39.6712
-37.9558
-36.078
5.14359
8.33985
11.9401
15.8119
19.5491
23.2602
26.7942
29.9062
32.4751
34.6307
36.3728
37.7186
38.7669
39.5907
40.2365
40.7512
41.169
41.5144
41.8079
42.0651
42.2969
42.5117
42.7153
42.9047
43.0633
43.1775
43.2442
43.2635
43.2345
43.1554
43.0242
42.8382
42.5939
42.2858
41.9059
41.4413
40.8726
40.1687
39.367
1.76976
-1.44735
-5.03135
-8.6798
-12.0883
-15.5156
-18.779
-21.7898
-24.5967
-27.1671
-29.4952
-31.6229
-33.5593
-35.3139
-36.8976
-38.321
-39.5926
-40.7133
-41.681
-42.493
-43.146
-43.6375
-43.9716
-44.1629
-44.2339
-44.2104
-44.0991
-43.8969
-43.6005
-43.2075
-42.7155
-42.121
-41.4186
-40.6002
-39.6525
-38.5547
-37.2716
-35.758
-34.1003
4.88411
7.91165
11.3265
15.0001
18.5483
22.0744
25.4312
28.3926
30.8241
32.8935
34.5702
35.859
36.863
37.6545
38.2761
38.7715
39.1739
39.5068
39.7901
40.0387
40.2634
40.4725
40.6722
40.8597
41.0192
41.1372
41.2107
41.2399
41.2239
41.1615
41.0507
40.8894
40.6744
40.4009
40.0616
39.6447
39.1321
38.4947
37.7679
1.70213
-1.33819
-4.72088
-8.15688
-11.3597
-14.5739
-17.6249
-20.4337
-23.0428
-25.4327
-27.5793
-29.5416
-31.334
-32.9534
-34.4075
-35.712
-36.8768
-37.9019
-38.7851
-39.5249
-40.1184
-40.5643
-40.8666
-41.0388
-41.1023
-41.0807
-40.9807
-40.7997
-40.5351
-40.1855
-39.7488
-39.2226
-38.6022
-37.881
-37.0473
-36.0822
-34.9537
-33.6202
-32.1596
4.64881
7.51523
10.7534
14.2367
17.6039
20.9517
24.1383
26.9522
29.2361
31.2235
32.8393
34.0715
35.0316
35.7918
36.3899
36.8666
37.254
37.5747
37.8479
38.0881
38.3056
38.5089
38.7043
38.8895
39.0489
39.1698
39.2488
39.2863
39.2817
39.2339
39.1414
39.002
38.8133
38.5709
38.2682
37.8945
37.4332
36.8565
36.1986
1.6508
-1.22003
-4.40977
-7.64288
-10.6498
-13.661
-16.5109
-19.1288
-21.5508
-23.7682
-25.7406
-27.5504
-29.2097
-30.6984
-32.0266
-33.2176
-34.2816
-35.2167
-36.0205
-36.6931
-37.2324
-37.6372
-37.9115
-38.0677
-38.1254
-38.1069
-38.0183
-37.8578
-37.6232
-37.3137
-36.9278
-36.4634
-35.9174
-35.2836
-34.5517
-33.7053
-32.715
-31.5427
-30.2582
4.43639
7.14793
10.214
13.5116
16.7025
19.875
22.8981
25.5702
27.721
29.6369
31.1887
32.3592
33.2744
34.0035
34.5776
35.035
35.4069
35.7153
35.9785
36.2101
36.4206
36.618
36.809
36.9914
37.1502
37.2732
37.3568
37.4015
37.4069
37.3722
37.2959
37.1762
37.0111
36.7967
36.5273
36.193
35.7783
35.257
34.6623
1.61479
-1.09327
-4.09638
-7.1347
-9.95288
-12.7685
-15.4249
-17.8618
-20.1065
-22.1583
-23.9624
-25.6509
-27.1969
-28.5531
-29.7533
-30.8356
-31.8049
-32.6541
-33.3823
-33.9915
-34.4804
-34.8476
-35.0967
-35.2393
-35.2933
-35.2791
-35.2025
-35.0619
-34.8557
-34.5838
-34.2447
-33.8366
-33.3577
-32.8027
-32.1621
-31.4217
-30.5549
-29.5271
-28.4011
4.24565
6.8073
9.70486
12.8185
15.8338
18.8283
21.688
24.2128
26.2602
28.1426
29.6269
30.7226
31.5907
32.2903
32.8407
33.2783
33.6346
33.9307
34.1838
34.4069
34.6101
34.8015
34.9876
35.1668
35.3248
35.4491
35.5365
35.5876
35.6019
35.5788
35.517
35.4152
35.2715
35.0825
34.843
34.5443
34.172
33.7016
33.1649
1.58936
-0.991223
-3.8493
-6.72252
-9.37174
-11.9981
-14.4418
-16.6588
-18.6545
-20.4811
-21.972
-23.6297
-25.1966
-26.5014
-27.6435
-28.6907
-29.6342
-30.4577
-31.1623
-31.7526
-32.2275
-32.5852
-32.8289
-32.9696
-33.026
-33.0183
-32.9533
-32.8283
-32.6439
-32.4009
-32.0908
-31.7211
-31.2889
-30.7886
-30.2115
-29.5447
-28.7644
-27.8388
-26.8255
4.1005
6.54163
9.30732
12.2566
15.1019
17.8953
20.5223
22.7666
24.576
26.6322
28.1533
29.222
30.0856
30.7936
31.3479
31.7861
32.1426
32.4395
32.6932
32.9169
33.121
33.3135
33.5014
33.6834
33.8453
33.974
34.0666
34.1238
34.1454
34.1308
34.0792
33.9894
33.8598
33.6876
33.4681
33.1928
32.8488
32.4123
31.9144
1.57104
-0.904487
-3.63872
-6.36705
-8.85841
-11.2955
-13.5173
-15.4873
-17.1889
-18.7404
-19.8182
-21.5317
-23.2102
-24.5195
-25.6511
-26.7114
-27.6747
-28.513
-29.2294
-29.8308
-30.3162
-30.6835
-30.9365
-31.0857
-31.151
-31.1531
-31.1
-30.988
-30.8209
-30.6007
-30.307
-29.9621
-29.5623
-29.0996
-28.566
-27.9504
-27.231
-26.3771
-25.4429
3.98288
6.32347
8.97111
11.7667
14.4397
17.0095
19.3591
21.2711
22.7824
25.1123
26.7466
27.826
28.7118
29.4514
30.0291
30.4822
30.8501
31.1566
31.4184
31.6491
31.8594
32.0584
32.253
32.4422
32.6116
32.7474
32.8464
32.9099
32.938
32.9301
32.8857
32.804
32.6836
32.5224
32.3158
32.0559
31.7303
31.3157
30.8434
1.55681
-0.812598
-3.42179
-6.00427
-8.33808
-10.5867
-12.592
-14.3211
-15.7456
-17.0295
-17.7232
-19.4588
-21.2256
-22.5335
-23.645
-24.7071
-25.6826
-26.5313
-27.2557
-27.8653
-28.3601
-28.7365
-28.9989
-29.1567
-29.2312
-29.2437
-29.2037
-29.1061
-28.9579
-28.7627
-28.4876
-28.1696
-27.8044
-27.3809
-26.8917
-26.3278
-25.6694
-24.8876
-24.0383
3.86778
6.10723
8.63516
11.2764
13.7794
16.1251
18.2075
19.8073
21.0257
23.5721
25.324
26.4156
27.3143
28.0802
28.6802
29.1476
29.5261
29.8413
30.1107
30.348
30.5643
30.7693
30.9706
31.1671
31.344
31.4868
31.5927
31.663
31.6978
31.6971
31.6605
31.5873
31.4767
31.3266
31.133
30.8888
30.5818
30.1895
29.743
1.54601
-0.717242
-3.20109
-5.6385
-7.8162
-9.87861
-11.674
-13.1681
-14.3342
-15.3476
-15.7008
-17.42
-19.241
-20.5436
-21.6303
-22.6831
-23.6624
-24.5162
-25.2451
-25.8603
-26.3625
-26.7475
-27.0189
-27.1854
-27.2692
-27.2918
-27.2645
-27.1801
-27.0497
-26.8774
-26.619
-26.3254
-25.9925
-25.6062
-25.1596
-24.6458
-24.0466
-23.3327
-22.5511
3.75548
5.89436
8.30192
10.7897
13.1264
15.2474
17.0758
18.3745
19.3177
22.0136
23.881
24.9934
25.8991
26.6847
27.3044
27.7858
28.1745
28.498
28.7746
29.0181
29.2403
29.451
29.6585
29.8623
30.0467
30.1967
30.3097
30.387
30.429
30.4361
30.4077
30.3438
30.2438
30.1058
29.926
29.698
29.41
29.0403
28.6194
1.5387
-0.619376
-2.97875
-5.27315
-7.29765
-9.1776
-10.7709
-12.0361
-12.9625
-13.699
-13.7594
-15.4244
-17.2597
-18.5487
-19.6068
-20.641
-21.6147
-22.4684
-23.1984
-23.8167
-24.3244
-24.7176
-24.9982
-25.176
-25.2729
-25.3107
-25.3019
-25.2378
-25.1328
-24.9909
-24.7583
-24.4968
-24.2022
-23.8578
-23.457
-22.9944
-22.4552
-21.8159
-21.138
3.6471
5.68657
7.9742
10.311
12.4855
14.3813
15.97
16.9677
17.6563
20.4394
22.4121
23.5556
24.4687
25.2698
25.9061
26.3989
26.7958
27.1272
27.4112
27.6616
27.8901
28.107
28.3211
28.5325
28.7251
28.8833
29.0041
29.0891
29.1392
29.1543
29.1345
29.0801
28.9906
28.8646
28.6991
28.4877
28.2196
27.8733
27.4795
1.53453
-0.520676
-2.75836
-4.91306
-6.78889
-8.4917
-9.89196
-10.9359
-11.64
-12.0909
-11.9033
-13.4774
-15.2843
-16.5476
-17.5738
-18.5812
-19.5401
-20.3878
-21.1157
-21.7353
-22.2477
-22.6479
-22.936
-23.1205
-23.2226
-23.266
-23.2646
-23.2088
-23.1156
-22.9894
-22.7691
-22.5275
-22.2604
-21.9496
-21.5892
-21.1751
-20.6904
-20.1031
-19.4391
3.54401
5.48677
7.65578
9.84613
11.862
13.5321
14.8946
15.5823
16.0315
18.8515
20.914
22.0941
23.0177
23.8365
24.4924
24.9976
25.4002
25.7351
26.0233
26.2788
26.513
26.7362
26.9574
27.1768
27.3782
27.5458
27.6763
27.7715
27.8323
27.8588
27.8509
27.8089
27.7323
27.62
27.4694
27.2745
27.0252
26.7
26.3266
1.53296
-0.424645
-2.54615
-4.56697
-6.29918
-7.83112
-9.04647
-9.87602
-10.3724
-10.5281
-10.1346
-11.5824
-13.3184
-14.5407
-15.5293
-16.5019
-17.4372
-18.2719
-18.9935
-19.6123
-20.1306
-20.5436
-20.8519
-21.0645
-21.2001
-21.2792
-21.3166
-21.3021
-21.2551
-21.1798
-21.005
-20.8114
-20.5949
-20.3346
-20.0247
-19.664
-19.2464
-18.7638
-18.3034
3.44888
5.29994
7.35394
9.40379
11.2606
12.6999
13.8444
14.2024
14.4195
17.2479
19.3919
20.6085
21.5356
22.3657
23.0457
23.5754
23.9957
24.3403
24.6329
24.8906
25.127
25.3535
25.5799
25.8061
26.0152
26.1904
26.3284
26.4313
26.5006
26.5367
26.5405
26.5124
26.4523
26.3593
26.2305
26.0603
25.8394
25.5502
25.2279
1.5329
-0.335637
-2.35023
-4.24596
-5.84117
-7.20861
-8.24306
-8.86013
-9.1579
-9.01254
-8.45109
-9.73964
-11.3646
-12.5273
-13.4695
-14.3988
-15.3023
-16.1183
-16.8292
-17.441
-17.9533
-18.3583
-18.6521
-18.8396
-18.945
-18.9976
-19.0125
-18.9784
-18.915
-18.8248
-18.6394
-18.4467
-18.2427
-18.0067
-17.7327
-17.4167
-17.036
-16.5401
-15.8944
3.36345
5.12995
7.07563
8.99352
10.6865
11.8876
12.8171
12.8101
12.7804
15.6061
17.8478
19.1251
20.0599
20.8775
21.5481
22.0819
22.5204
22.8908
23.2086
23.4863
23.7371
23.9745
24.2108
24.4486
24.6728
24.8647
25.0192
25.1373
25.2195
25.2659
25.2771
25.254
25.1974
25.1077
24.9839
24.8212
24.6089
24.3173
23.955
1.53337
-0.253769
-2.17111
-3.95349
-5.42257
-6.63756
-7.49711
-7.90675
-8.01627
-7.56364
-6.85102
-7.94706
-9.42565
-10.5074
-11.3904
-12.2637
-13.1227
-13.9145
-14.6233
-15.2533
-15.8041
-16.2709
-16.6543
-16.96
-17.1912
-17.3575
-17.4801
-17.5518
-17.6019
-17.6303
-17.5464
-17.4441
-17.3225
-17.1586
-16.9487
-16.6996
-16.4281
-16.168
-16.0866
3.28514
4.97316
6.81896
8.61796
10.1484
11.1272
11.8557
11.4133
11.0788
13.8717
16.2149
17.6061
18.6307
19.4987
20.1657
20.6529
21.0316
21.3566
21.6528
21.9289
22.1899
22.4426
22.6955
22.9488
23.1874
23.397
23.5761
23.7267
23.8492
23.9435
24.0089
24.0446
24.049
24.0197
23.9537
23.8479
23.7036
23.5288
23.4052
1.53505
-0.176325
-2.00437
-3.68534
-5.04442
-6.13005
-6.83625
-7.07027
-7.01352
-6.22456
-5.3359
-6.20995
-7.50568
-8.47882
-9.2925
-10.1017
-10.8922
-11.6138
-12.2515
-12.8066
-13.2725
-13.6313
-13.8663
-13.9775
-14.016
-14.0347
-14.0378
-14.0031
-13.9425
-13.8555
-13.69
-13.5368
-13.3895
-13.2276
-13.043
-12.8234
-12.518
-12.0198
-11.1518
3.21327
4.82861
6.58416
8.27907
9.66066
10.473
11.0168
10.0117
9.31235
12.0391
14.3912
15.8191
16.9446
17.9879
18.8576
19.506
19.9638
20.2864
20.53
20.737
20.9352
21.1425
21.3709
21.6161
21.848
22.0388
22.183
22.2835
22.3445
22.3696
22.3622
22.327
22.269
22.1921
22.0962
21.9709
21.7816
21.4411
20.8427
1.53851
-0.121924
-1.8842
-3.48186
-4.74539
-5.71405
-6.27448
-6.35756
-6.12234
-4.9422
-3.87983
-4.54953
-5.62149
-6.43046
-7.1481
-7.91382
-8.71086
-9.49222
-10.2402
-10.9549
-11.6388
-12.2974
-12.9327
-13.5265
-14.0076
-14.3529
-14.6302
-14.8578
-15.0943
-15.3303
-15.4049
-15.4158
-15.4092
-15.3699
-15.289
-15.1865
-15.1375
-15.2757
-15.9499
3.16915
4.7358
6.42286
8.02231
9.25176
9.90765
10.1434
8.40925
7.44703
10.2733
12.6421
13.9517
14.8551
15.6717
16.4497
17.2004
17.9175
18.5667
19.1198
19.5718
19.9373
20.2403
20.5153
20.8111
21.1609
21.5352
21.8927
22.2203
22.5146
22.7732
22.9911
23.1614
23.2786
23.3402
23.351
23.3306
23.3408
23.5186
24.1354
1.53718
-0.143782
-1.90724
-3.46501
-4.64291
-5.46224
-5.80158
-5.63143
-5.04354
-3.42859
-2.37176
-2.94836
-3.82927
-4.42675
-4.89156
-5.34459
-5.79272
-6.21562
-6.6003
-6.93338
-7.18361
-7.30105
-7.24935
-7.05046
-6.86701
-6.78498
-6.74483
-6.66526
-6.52448
-6.42288
-6.25339
-6.10617
-6.00025
-5.9042
-5.80045
-5.6669
-5.3873
-4.75218
-3.29294
3.19016
4.76873
6.43708
7.94913
8.97751
9.31906
8.82635
6.23207
5.24309
8.51126
11.438
13.3369
14.5329
15.1647
15.2985
15.1237
14.8446
14.6265
14.5391
14.589
14.7558
15.0183
15.3371
15.6133
15.7381
15.7553
15.7494
15.7333
15.7045
15.6622
15.6158
15.5775
15.5562
15.5546
15.5607
15.5295
15.3281
14.686
13.1627
1.52038
-0.239188
-2.0644
-3.63338
-4.74975
-5.40681
-5.47227
-4.93728
-3.81252
-1.77718
-0.757691
-1.22355
-2.04017
-2.80617
-3.57829
-4.38501
-5.23404
-6.13003
-7.08594
-8.12491
-9.27854
-10.5629
-11.918
-13.1903
-14.1068
-14.6667
-15.2179
-15.6563
-16.3858
-17.4469
-17.1431
-17.1996
-17.5257
-17.766
-17.882
-17.9941
-18.2947
-19.0575
-20.8038
3.2477
4.88315
6.57793
8.03124
8.85771
8.77813
7.30788
3.94687
2.38614
5.29696
8.53445
11.7441
14.8718
17.842
20.3673
22.3028
23.6928
24.5816
25.0876
25.343
25.4634
25.5427
25.718
26.2081
27.0969
28.0638
28.8608
29.5178
30.0894
30.5853
30.9884
31.29
31.4953
31.6216
31.709
31.8395
32.2201
33.1647
35.1835
289.687
284.828
278.577
271.127
262.112
251.466
239.26
225.72
211.269
196.423
181.633
167.176
153.175
139.665
126.65
114.132
102.116
90.6049
79.599
69.096
59.0876
49.5654
40.5171
31.9309
23.7942
16.0958
8.8251
1.97092
-4.47638
-10.5273
-16.1883
-21.4627
-26.3539
-30.8622
-34.9879
-38.7318
-42.0947
-45.0792
-47.6888
-49.929
-51.8066
-53.3315
-54.5152
-55.3707
-55.9138
-56.1619
-56.1334
-55.8483
-55.3273
-54.592
-53.6641
-52.5651
-51.3164
-49.9387
-48.4516
-46.8738
-45.2228
-43.5146
-41.7639
-39.984
-38.1866
-36.3819
-34.5792
-32.7858
-31.0092
-29.2531
-27.5264
-26.0496
-24.7324
-23.404
-21.9629
-20.6515
-18.9326
-18.007
-15.3804
-16.0916
-10.4761
-16.4436
-2.3642
-22.0258
288.822
279.947
270.25
260.28
250.138
239.996
229.989
220.183
210.618
201.325
192.33
183.658
175.333
167.373
159.793
152.605
145.815
139.425
133.433
127.833
122.615
117.765
113.267
109.104
105.255
101.701
98.4199
95.3918
92.5959
90.0126
87.6232
85.4091
83.3525
81.437
79.6461
77.9643
76.3764
74.8677
73.4242
72.0325
70.6799
69.3544
68.0451
66.742
65.4363
64.1205
62.7883
61.4349
60.0567
58.6513
57.2178
55.7564
54.2681
52.7551
51.2204
49.6676
48.1008
46.5246
44.9437
43.3628
41.787
40.2209
38.6692
37.1364
35.6275
34.1458
32.6991
31.4836
30.4359
29.36
28.2604
27.1462
26.009
24.9596
23.6325
23.3087
20.3181
24.5721
12.1256
36.0391
118.898
117.778
116.988
116.277
115.475
114.565
113.47
112.07
110.251
107.942
105.117
101.779
97.9432
93.6392
88.9066
83.7921
78.3469
72.6241
66.6768
60.559
54.3229
48.0198
41.6969
35.3982
29.1642
23.0296
17.0256
11.1813
5.5266
0.0863665
-5.11819
-10.0691
-14.7532
-19.1581
-23.2735
-27.0915
-30.6048
-33.8085
-36.6988
-39.2735
-41.5324
-43.4778
-45.1137
-46.4458
-47.4827
-48.2353
-48.7154
-48.937
-48.9159
-48.669
-48.2139
-47.5691
-46.7532
-45.7851
-44.683
-43.465
-42.1483
-40.7492
-39.2827
-37.7631
-36.2031
-34.6144
-33.0073
-31.3909
-29.7739
-28.1616
-26.5633
-25.1877
-23.9544
-22.7124
-21.3454
-20.1177
-18.4588
-17.6133
-15.0467
-15.7924
-10.3363
-16.1114
-2.61564
-21.5409
119.529
120.078
121.4
122.565
123.486
124.144
124.517
124.598
124.39
123.9
123.137
122.113
120.842
119.341
117.631
115.734
113.676
111.483
109.183
106.804
104.376
101.924
99.4735
97.0477
94.6665
92.3461
90.0999
87.9382
85.8672
83.8905
82.0091
80.2216
78.5243
76.9123
75.3794
73.9184
72.5213
71.1798
69.8852
68.6288
67.4018
66.1956
65.0021
63.8133
62.6221
61.4221
60.2076
58.974
57.7174
56.4353
55.1259
53.7889
52.4243
51.0336
49.6187
48.1826
46.7285
45.2604
43.7825
42.2992
40.8152
39.3351
37.8637
36.4055
34.9658
33.5476
32.1597
30.9909
29.982
28.9444
27.8814
26.8038
25.6997
24.6884
23.3876
23.0998
20.1653
24.2936
12.3457
35.1957
64.4543
63.5366
62.6406
61.7347
60.7486
59.6849
58.5458
57.3314
56.05
54.7157
53.3436
51.9421
50.5024
49.0008
47.4065
45.6872
43.8151
41.7669
39.5239
37.0734
34.4094
31.5327
28.45
25.175
21.7271
18.1306
14.4146
10.6095
6.74706
2.85923
-1.02132
-4.8615
-8.63069
-12.2992
-15.8394
-19.2268
-22.4392
-25.4571
-28.2636
-30.8445
-33.1886
-35.2876
-37.1356
-38.729
-40.0675
-41.1535
-41.9913
-42.5877
-42.9517
-43.0943
-43.0279
-42.7663
-42.3243
-41.7173
-40.9612
-40.072
-39.0656
-37.9573
-36.7618
-35.4933
-34.1649
-32.7888
-31.3763
-29.9371
-28.4812
-27.0152
-25.5482
-24.2776
-23.1316
-21.9771
-20.6909
-19.5423
-17.9646
-17.1689
-14.7282
-15.4076
-10.2779
-15.6276
-3.00015
-20.7864
65.1053
65.6905
66.3747
67.0371
67.7796
68.593
69.4663
70.3876
71.3428
72.3158
73.2898
74.2465
75.1682
76.0366
76.8346
77.5453
78.1536
78.646
79.0118
79.2435
79.3358
79.2875
79.1
78.779
78.3324
77.7704
77.1054
76.3511
75.5217
74.6311
73.6931
72.72
71.7228
70.7107
69.6912
68.6697
67.6499
66.6338
65.6219
64.6133
63.6063
62.5981
61.5855
60.5647
59.5318
58.483
57.4148
56.3238
55.2072
54.0629
52.8896
51.6865
50.4537
49.1921
47.9033
46.5895
45.2536
43.8989
42.5293
41.1488
39.7618
38.3729
36.987
35.6086
34.2429
32.8932
31.5686
30.4506
29.4844
28.4889
27.4666
26.4294
25.3635
24.3891
23.1316
22.8426
20.0562
23.8868
12.6942
34.2245
65.4326
64.9039
64.3358
63.7219
63.0066
62.1456
61.104
59.8498
58.3666
56.6617
54.7656
52.7237
50.5776
48.3532
46.0637
43.7153
41.3135
38.8628
36.3654
33.8217
31.2304
28.5887
25.8928
23.1393
20.3255
17.4498
14.5138
11.5205
8.47671
5.39133
2.27698
-0.850361
-3.97307
-7.0712
-10.1231
-13.1068
-16.0002
-18.7817
-21.4309
-23.9285
-26.2579
-28.4044
-30.3556
-32.1014
-33.6349
-34.9514
-36.0489
-36.9282
-37.5922
-38.0463
-38.2979
-38.356
-38.2315
-37.9361
-37.4828
-36.8852
-36.1572
-35.3126
-34.3654
-33.329
-32.2164
-31.0399
-29.811
-28.5402
-27.2379
-25.912
-24.5715
-23.4018
-22.3376
-21.2644
-20.054
-18.9805
-17.4774
-16.7364
-14.3966
-15.057
-10.1492
-15.2625
-3.16094
-20.2968
65.867
66.2654
66.6182
66.9276
67.2076
67.446
67.6477
67.8157
67.9531
68.0635
68.1512
68.2197
68.2729
68.3143
68.3467
68.3719
68.3911
68.4036
68.4077
68.4009
68.3787
68.3364
68.2682
68.1681
68.0306
67.8503
67.6225
67.3442
67.0132
66.6292
66.1931
65.7069
65.1739
64.5978
63.983
63.3338
62.6542
61.9476
61.2171
60.4645
59.6912
58.8976
58.0832
57.2472
56.3883
55.5046
54.5943
53.6554
52.6864
51.6857
50.6524
49.5859
48.4864
47.3547
46.1918
44.9998
43.7813
42.5392
41.2769
39.9984
38.7079
37.4098
36.1087
34.8094
33.5171
32.2352
30.9733
29.9048
28.9794
28.0243
27.0413
26.0431
25.0143
24.0754
22.8565
22.5786
19.8926
23.5647
12.7977
33.6045
57.235
56.715
56.189
55.681
55.1615
54.6014
53.9796
53.2736
52.4573
51.5078
50.4124
49.1719
47.7965
46.296
44.6747
42.932
41.0675
39.083
36.9831
34.7743
32.4645
30.0624
27.5774
25.0189
22.3966
19.7196
16.9967
14.2363
11.4472
8.63775
5.81662
2.99374
0.179037
-2.61629
-5.37963
-8.09756
-10.7555
-13.3381
-15.8295
-18.2138
-20.4756
-22.6003
-24.5744
-26.3855
-28.0236
-29.4803
-30.7494
-31.8272
-32.712
-33.4043
-33.9073
-34.2255
-34.3655
-34.3356
-34.1455
-33.8058
-33.3279
-32.724
-32.0062
-31.187
-30.2785
-29.2926
-28.2409
-27.1338
-25.982
-24.7942
-23.5792
-22.5096
-21.5269
-20.5346
-19.4003
-18.4027
-16.9723
-16.2934
-14.039
-14.7142
-9.96539
-14.9506
-3.20189
-19.9337
57.635
57.9674
58.3114
58.661
59.0076
59.3473
59.6791
59.9985
60.3021
60.5862
60.8471
61.0817
61.287
61.4608
61.6012
61.7073
61.7788
61.8163
61.8209
61.7943
61.7386
61.6561
61.5492
61.4198
61.2696
61.0998
60.9106
60.7021
60.4733
60.2232
59.9501
59.6525
59.3288
58.9774
58.5973
58.1879
57.7486
57.2793
56.7799
56.2506
55.6916
55.1026
54.4833
53.8334
53.1522
52.4386
51.6917
50.9105
50.0938
49.2409
48.3512
47.4242
46.4604
45.4603
44.4251
43.3564
42.2567
41.1285
39.9752
38.8004
37.6081
36.4025
35.1883
33.97
32.7532
31.5412
30.344
29.3263
28.4426
27.5288
26.5863
25.628
24.6374
23.7348
22.5543
22.2944
19.6857
23.2648
12.7716
33.0973
45.4396
44.9657
44.4815
44.0165
43.5494
43.0661
42.5539
41.9995
41.3885
40.7061
39.9412
39.0899
38.1563
37.1486
36.0728
34.93
33.7156
32.4234
31.0474
29.5828
28.0259
26.3744
24.6271
22.7846
20.8491
18.8246
16.7169
14.5332
12.2821
9.97351
7.61795
5.22718
2.813
0.387811
-2.03539
-4.44352
-6.82305
-9.1603
-11.4411
-13.6514
-15.7773
-17.805
-19.7212
-21.5132
-23.1699
-24.6808
-26.0373
-27.2326
-28.2614
-29.1207
-29.8095
-30.3285
-30.6806
-30.8701
-30.9033
-30.7877
-30.5319
-30.1454
-29.6386
-29.0222
-28.307
-27.5041
-26.6242
-25.6777
-24.675
-23.6254
-22.5369
-21.5688
-20.67
-19.7613
-18.7066
-17.7875
-16.4339
-15.819
-13.6554
-14.3446
-9.76348
-14.6097
-3.23699
-19.5271
45.7798
46.0492
46.3437
46.648
46.9631
47.2901
47.629
47.9787
48.3386
48.7073
49.0833
49.4647
49.8491
50.2337
50.6154
50.991
51.3564
51.7079
52.0419
52.3545
52.6424
52.9026
53.1325
53.3301
53.4942
53.6239
53.7189
53.7794
53.806
53.7994
53.7601
53.6888
53.586
53.4519
53.2866
53.0898
52.8611
52.6
52.3059
51.9781
51.6161
51.2191
50.7863
50.3171
49.8107
49.2664
48.6833
48.0607
47.398
46.6945
45.9501
45.1644
44.338
43.4715
42.5657
41.6224
40.6437
39.632
38.5903
37.522
36.4309
35.3212
34.1973
33.0639
31.9262
30.7879
29.6591
28.6955
27.8566
26.9872
26.0882
25.1725
24.2233
23.3586
22.2216
21.9766
19.4569
22.9201
12.7372
32.5198
37.8416
37.4525
37.0478
36.6503
36.2469
35.8332
35.4043
34.9485
34.4525
33.9035
33.2882
32.5972
31.8287
30.9889
30.0873
29.1319
28.1269
27.072
25.9647
24.802
23.5817
22.302
20.9604
19.5551
18.0841
16.5464
14.9411
13.2688
11.531
9.7306
7.87166
5.96011
4.00295
2.00868
-0.0128509
-2.05085
-4.0935
-6.12841
-8.1424
-10.1221
-12.054
-13.9246
-15.7206
-17.4289
-19.0377
-20.5354
-21.9116
-23.1574
-24.265
-25.2288
-26.0443
-26.7092
-27.2228
-27.5861
-27.802
-27.8748
-27.8102
-27.6151
-27.2975
-26.866
-26.33
-25.6989
-24.9826
-24.1908
-23.3332
-22.4193
-21.4564
-20.5902
-19.7761
-18.9518
-17.9788
-17.1392
-15.8664
-15.3147
-13.2498
-13.9459
-9.54898
-14.2343
-3.2689
-19.0691
38.134
38.3835
38.6518
38.926
39.2095
39.5019
39.8028
40.1122
40.4299
40.7558
41.0898
41.4314
41.7803
42.136
42.4981
42.8657
43.2376
43.6126
43.9891
44.3653
44.7388
45.107
45.4668
45.8155
46.1497
46.4659
46.761
47.032
47.2762
47.491
47.6744
47.8247
47.9407
48.0213
48.066
48.0741
48.0453
47.9792
47.8753
47.7333
47.5527
47.3328
47.0732
46.773
46.4316
46.0483
45.6224
45.1532
44.6402
44.0828
43.481
42.8347
42.1442
41.41
40.6331
39.8149
38.9574
38.0627
37.1335
36.1732
35.1851
34.1733
33.1421
32.096
31.0404
29.9787
28.9214
28.0147
27.2232
26.4006
25.5477
24.6771
23.772
22.9467
21.8581
21.6231
19.2075
22.5272
12.6967
31.8872
32.8059
32.4817
32.1403
31.7988
31.4493
31.0917
30.7279
30.353
29.9572
29.5301
29.0604
28.5358
27.9466
27.2897
26.5685
25.7899
24.96
24.0823
23.157
22.1821
21.1555
20.0765
18.9445
17.7592
16.5206
15.2286
13.8836
12.4862
11.0373
9.53819
7.99086
6.39803
4.76299
3.09004
1.38468
-0.346685
-2.09643
-3.85596
-5.61555
-7.36466
-9.09214
-10.7863
-12.4353
-14.0267
-15.549
-16.9904
-18.3401
-19.5881
-20.7252
-21.7436
-22.637
-23.4004
-24.0304
-24.5253
-24.885
-25.111
-25.2062
-25.1748
-25.0225
-24.7555
-24.3815
-23.9082
-23.3443
-22.6983
-21.979
-21.196
-20.3554
-19.5892
-18.8589
-18.1181
-17.2271
-16.4664
-15.2762
-14.7867
-12.824
-13.5251
-9.31504
-13.8413
-3.27251
-18.6003
33.0602
33.287
33.5282
33.7765
34.0343
34.3008
34.5759
34.8594
35.1512
35.4509
35.7582
36.0726
36.3936
36.7208
37.0534
37.3911
37.7328
38.0781
38.4261
38.776
39.127
39.4779
39.8276
40.1747
40.5179
40.8552
41.1847
41.5042
41.8115
42.1038
42.3785
42.6328
42.8642
43.0701
43.2479
43.3956
43.5109
43.5922
43.6379
43.6464
43.6166
43.5473
43.4373
43.2857
43.0915
42.8537
42.5716
42.2443
41.8711
41.4516
40.9854
40.4723
39.9124
39.3063
38.6547
37.9588
37.2202
36.4408
35.6232
34.7702
33.8851
32.9717
32.034
31.0765
30.1043
29.1211
28.1371
27.2891
26.5464
25.7723
24.9673
24.1433
23.2846
22.4994
21.4627
21.2346
18.9315
22.0989
12.6231
31.2468
28.5496
28.2745
27.9831
27.6883
27.3829
27.0673
26.7458
26.4197
26.085
25.7345
25.3601
24.9528
24.5021
23.9991
23.4403
22.8278
22.1665
21.4612
20.7149
19.9276
19.097
18.2207
17.297
16.3249
15.3035
14.2324
13.1115
11.9411
10.7219
9.45511
8.14254
6.78654
5.38981
3.95571
2.48838
0.992475
-0.526568
-2.0625
-3.6083
-5.15611
-6.69743
-8.22306
-9.72321
-11.1876
-12.6057
-13.9671
-15.2613
-16.4784
-17.6087
-18.6439
-19.5761
-20.3988
-21.1068
-21.6961
-22.1644
-22.5108
-22.7357
-22.8409
-22.8297
-22.7063
-22.4762
-22.1455
-21.7212
-21.2108
-20.6218
-19.9634
-19.2404
-18.5712
-17.9229
-17.2639
-16.4544
-15.7715
-14.6648
-14.2366
-12.3777
-13.0845
-9.05818
-13.4356
-3.24242
-18.1325
28.7682
28.9656
29.1756
29.3933
29.6205
29.8566
30.1019
30.3566
30.6205
30.8938
31.1761
31.4675
31.7676
32.0762
32.3928
32.7168
33.0476
33.3846
33.7268
34.0735
34.4235
34.7758
35.1292
35.4825
35.8345
36.1838
36.5288
36.8683
37.2005
37.5238
37.8362
38.1358
38.4207
38.6885
38.9368
39.1634
39.3658
39.5416
39.6884
39.804
39.8861
39.9328
39.942
39.9122
39.8415
39.7287
39.5722
39.3709
39.1237
38.8299
38.4887
38.0997
37.6627
37.1779
36.6458
36.0672
35.4435
34.7762
34.0675
33.32
32.5367
31.7209
30.8766
30.008
29.12
28.2162
27.3068
26.5188
25.8261
25.1018
24.346
23.5701
22.7593
22.0151
21.0333
20.8101
18.6245
21.6385
12.5099
30.6037
24.9359
24.7022
24.4541
24.2014
23.9374
23.6607
23.375
23.0835
22.7871
22.4836
22.1676
21.8323
21.4702
21.0725
20.631
20.1417
19.6063
19.0286
18.4131
17.7628
17.0785
16.3585
15.6005
14.8027
13.9641
13.0836
12.1604
11.1938
10.1837
9.12994
8.03318
6.89456
5.71554
4.49831
3.24577
1.96133
0.649126
-0.685995
-2.03851
-3.4022
-4.77023
-6.13517
-7.48895
-8.82294
-10.1282
-11.3956
-12.6156
-13.7789
-14.8763
-15.8991
-16.8393
-17.6893
-18.4429
-19.0947
-19.6406
-20.0776
-20.4043
-20.6204
-20.7269
-20.7262
-20.6218
-20.4179
-20.1199
-19.7339
-19.2662
-18.7252
-18.1143
-17.5384
-16.9698
-16.3904
-15.6614
-15.0549
-14.0322
-13.6642
-11.9102
-12.623
-8.77844
-13.014
-3.18445
-17.659
25.1238
25.2956
25.4784
25.6686
25.8673
26.0744
26.2903
26.515
26.7487
26.9916
27.2437
27.5051
27.7757
28.0556
28.3447
28.6427
28.9494
29.2645
29.5876
29.9181
30.2554
30.5986
30.9469
31.2993
31.6545
32.0113
32.3683
32.7239
33.0766
33.4246
33.7662
34.0994
34.4225
34.7333
35.0299
35.31
35.5714
35.8119
36.0292
36.2209
36.3846
36.518
36.6188
36.6848
36.7138
36.7038
36.6531
36.5598
36.4225
36.2399
36.0108
35.7344
35.4103
35.038
34.6177
34.1499
33.6354
33.0755
32.472
31.8269
31.143
30.4233
29.6713
28.8912
28.0874
27.2635
26.4296
25.7025
25.0607
24.3872
23.6819
22.9552
22.1941
21.4915
20.5673
20.3479
18.2845
21.1432
12.3624
29.945
21.9819
21.783
21.5716
21.3553
21.1285
20.8891
20.6389
20.3799
20.1144
19.8439
19.5675
19.281
18.9789
18.6547
18.301
17.9099
17.477
17.003
16.4911
15.945
15.3681
14.7615
14.1243
13.4543
12.7502
12.011
11.2359
10.4243
9.57578
8.68989
7.76658
6.80619
5.80928
4.77684
3.71048
2.61223
1.48475
0.331316
-0.844073
-2.0368
-3.24161
-4.45262
-5.66329
-6.86647
-8.05462
-9.21978
-10.3536
-11.4476
-12.4933
-13.4824
-14.4068
-15.2588
-16.0315
-16.7186
-17.3149
-17.8162
-18.2193
-18.5222
-18.7243
-18.8259
-18.8288
-18.7355
-18.5497
-18.2762
-17.9197
-17.4879
-16.9826
-16.4954
-16.0034
-15.5008
-14.8507
-14.3185
-13.3796
-13.0703
-11.422
-12.1404
-8.47659
-12.5744
-3.10231
-17.1739
22.1442
22.2948
22.4548
22.6216
22.7961
22.9782
23.1684
23.3667
23.5733
23.7885
24.0123
24.2449
24.4865
24.7369
24.9963
25.2647
25.542
25.828
26.1227
26.4257
26.7367
27.0552
27.3809
27.7131
28.051
28.3937
28.7403
29.0896
29.4404
29.7911
30.1403
30.4862
30.827
31.1607
31.4853
31.7986
32.0985
32.3826
32.6486
32.8942
33.1169
33.3144
33.4841
33.6238
33.731
33.8034
33.8389
33.8354
33.791
33.7039
33.5727
33.396
33.1729
32.9026
32.5848
32.2195
31.8071
31.3484
30.8448
30.2978
29.7099
29.0835
28.4219
27.7288
27.0085
26.2643
25.5058
24.8401
24.2498
23.6278
22.974
22.2976
21.5873
20.9273
20.0627
19.8465
17.9097
20.6108
12.1837
29.2631
19.526
19.3558
19.175
18.9894
18.7943
18.5879
18.3712
18.1446
17.909
17.6663
17.4186
17.1659
16.9051
16.6318
16.3407
16.0252
15.678
15.2943
14.8737
14.4189
13.9332
13.4194
12.8792
12.3122
11.7163
11.0903
10.4331
9.74429
9.02328
8.26968
7.48322
6.664
5.81218
4.92829
4.01329
3.06841
2.09535
1.09628
0.0739406
-0.968388
-2.02689
-3.09714
-4.17409
-5.25208
-6.32495
-7.38608
-8.42834
-9.44434
-10.4264
-11.3669
-12.2582
-13.0927
-13.8635
-14.5638
-15.1879
-15.7304
-16.1872
-16.555
-16.8317
-17.0162
-17.1084
-17.1095
-17.0215
-16.8478
-16.5916
-16.2597
-15.8525
-15.4487
-15.0295
-14.6001
-14.0263
-13.5656
-12.7095
-12.4568
-10.9142
-11.6373
-8.15337
-12.1169
-2.99699
-16.6772
19.6665
19.7984
19.9384
20.0845
20.2376
20.3977
20.565
20.7399
20.9224
21.1128
21.3113
21.518
21.7331
21.9568
22.1891
22.43
22.6797
22.938
23.205
23.4805
23.7643
24.0562
24.3559
24.663
24.9769
25.2972
25.6232
25.9539
26.2887
26.6263
26.9657
27.3054
27.6441
27.9801
28.3117
28.6369
28.9537
29.26
29.5535
29.8319
30.0927
30.3335
30.5518
30.7451
30.9108
31.0465
31.1498
31.2184
31.25
31.2426
31.1944
31.1035
30.9686
30.7887
30.5627
30.2904
29.9716
29.6066
29.1963
28.7419
28.2451
27.7082
27.1338
26.5254
25.8868
25.2211
24.5375
23.9329
23.3942
22.824
22.222
21.5965
20.9379
20.3211
19.5179
19.3045
17.4982
20.0404
11.9738
28.5548
17.4333
17.287
17.1316
16.9719
16.8039
16.6258
16.4383
16.2417
16.0358
15.8208
15.5984
15.3706
15.1381
14.8994
14.6507
14.3875
14.1043
13.7943
13.4525
13.0777
12.6719
12.2378
11.7783
11.2953
10.7886
10.2567
9.69817
9.11197
8.49766
7.85474
7.18282
6.48172
5.75135
4.99189
4.20386
3.38802
2.54546
1.67767
0.786581
-0.125438
-1.05557
-2.00051
-2.95641
-3.91884
-4.88291
-5.84325
-6.79391
-7.72865
-8.64085
-9.52364
-10.3701
-11.1731
-11.926
-12.6221
-13.2552
-13.8197
-14.3106
-14.7239
-15.0561
-15.3051
-15.4696
-15.5491
-15.5445
-15.4576
-15.2904
-15.0486
-14.7311
-14.4046
-14.0535
-13.693
-13.1922
-12.7997
-12.0244
-11.8258
-10.3882
-11.115
-7.80952
-11.6419
-2.87086
-16.1691
17.5551
17.6705
17.7928
17.9207
18.0547
18.1951
18.3421
18.4958
18.6566
18.8245
18.9999
19.1829
19.3738
19.5726
19.7795
19.9947
20.2182
20.4502
20.6906
20.9395
21.1968
21.4624
21.7361
22.0177
22.3068
22.6031
22.9061
23.2152
23.5297
23.8489
24.1718
24.4974
24.8245
25.152
25.4782
25.8017
26.1208
26.4335
26.738
27.032
27.3134
27.5797
27.8286
28.0576
28.2641
28.4456
28.5996
28.7235
28.8151
28.8718
28.8917
28.8727
28.813
28.711
28.5656
28.3757
28.141
27.8612
27.5366
27.168
26.7566
26.3041
25.8129
25.2857
24.7261
24.1369
23.5267
22.9825
22.4948
21.9762
21.4261
20.8515
20.2451
19.6719
18.9313
18.7209
17.0481
19.4309
11.7327
27.8157
15.6311
15.5049
15.3709
15.233
15.0881
14.9343
14.7719
14.6012
14.4222
14.2344
14.038
13.8337
13.6236
13.409
13.1892
12.9615
12.722
12.466
12.1875
11.8814
11.5456
11.1815
10.7913
10.3779
9.94338
9.488
9.01051
8.5094
7.98383
7.43325
6.85728
6.25563
5.62802
4.97434
4.29478
3.58971
2.85974
2.10582
1.32926
0.531714
-0.284766
-1.11773
-1.96423
-2.82084
-3.68368
-4.54844
-5.41024
-6.26389
-7.10374
-7.92386
-8.71807
-9.48002
-10.2033
-10.8817
-11.5091
-12.0797
-12.5882
-13.0299
-13.4009
-13.6979
-13.9185
-14.0614
-14.126
-14.1131
-14.0233
-13.8613
-13.6245
-13.3685
-13.0805
-12.7841
-12.3522
-12.0239
-11.327
-11.1793
-9.84527
-10.574
-7.44593
-11.1488
-2.72643
-15.6466
15.7369
15.8379
15.9448
16.0567
16.1741
16.2972
16.4261
16.5612
16.7025
16.8504
17.005
17.1666
17.3353
17.5113
17.6949
17.8861
18.0852
18.2922
18.5073
18.7305
18.9618
19.2014
19.449
19.7046
19.968
20.239
20.5173
20.8025
21.0941
21.3916
21.6941
22.0011
22.3115
22.6243
22.9383
23.2523
23.5648
23.8742
24.1788
24.4767
24.7661
25.0446
25.3102
25.5605
25.793
26.0054
26.195
26.3594
26.4961
26.6025
26.6765
26.7157
26.718
26.6817
26.6051
26.4869
26.3261
26.1222
25.8749
25.5845
25.2517
24.8779
24.4646
24.0144
23.5303
23.0146
22.4756
21.9903
21.5527
21.0849
20.5861
20.0623
19.508
18.9787
18.3011
18.0944
16.5577
18.7803
11.4618
27.0376
14.0657
13.9566
13.8406
13.7213
13.5959
13.4628
13.3223
13.1742
13.0184
12.8547
12.6832
12.5035
12.3158
12.1218
11.9231
11.72
11.5106
11.2916
11.0591
10.8078
10.5325
10.2306
9.90261
9.55054
9.17696
8.78411
8.37276
7.9419
7.49018
7.01666
6.52086
6.00251
5.46126
4.89688
4.30933
3.69871
3.06533
2.40974
1.73276
1.03552
0.319463
-0.413658
-1.16163
-1.92185
-2.69129
-3.46653
-4.24365
-5.01832
-5.78585
-6.54117
-7.27892
-7.99347
-8.67905
-9.32981
-9.93999
-10.504
-11.0163
-11.4722
-11.8671
-12.1973
-12.4595
-12.6517
-12.7721
-12.8206
-12.7966
-12.7038
-12.5387
-12.346
-12.1155
-11.8777
-11.5104
-11.2415
-10.6197
-10.5192
-9.28736
-10.0149
-7.06481
-10.6359
-2.5683
-15.1046
14.1578
14.2462
14.3397
14.4376
14.5405
14.6484
14.7615
14.8801
15.0043
15.1344
15.2706
15.413
15.562
15.7176
15.88
16.0495
16.2263
16.4104
16.602
16.8013
17.0082
17.223
17.4455
17.6758
17.9139
18.1595
18.4126
18.6729
18.94
19.2137
19.4934
19.7784
20.0682
20.362
20.6587
20.9574
21.2569
21.5559
21.8528
22.1462
22.4342
22.715
22.9867
23.247
23.4938
23.7247
23.9374
24.1293
24.2981
24.4413
24.5564
24.641
24.693
24.7103
24.691
24.6334
24.5363
24.3986
24.2196
23.9992
23.7377
23.4358
23.0947
22.7163
22.3032
21.8575
21.3866
20.9581
20.5691
20.1509
19.7024
19.2286
18.7259
18.2406
17.626
17.4239
16.0255
18.0857
11.1642
26.2078
12.6934
12.5987
12.4981
12.3945
12.2856
12.1702
12.0482
11.9196
11.7841
11.6413
11.4913
11.3341
11.1693
10.9967
10.8173
10.6329
10.4442
10.2504
10.0488
9.83614
9.60788
9.35908
9.08672
8.7907
8.47261
8.13471
7.77928
7.40729
7.01795
6.60983
6.18201
5.73418
5.26609
4.77753
4.2683
3.73832
3.18767
2.61668
2.02584
1.41592
0.787881
0.143
-0.517112
-1.19046
-1.87476
-2.56731
-3.26499
-3.9643
-4.66134
-5.35189
-6.03135
-6.69484
-7.33726
-7.95332
-8.5377
-9.08507
-9.59023
-10.0482
-10.4545
-10.8048
-11.0956
-11.324
-11.4875
-11.5855
-11.6159
-11.582
-11.4789
-11.3422
-11.1632
-10.9782
-10.6704
-10.456
-9.90566
-9.84769
-8.71679
-9.43749
-6.66946
-10.1004
-2.40153
-14.5341
12.7738
12.8511
12.9329
13.0187
13.1089
13.2035
13.3027
13.4068
13.5159
13.6303
13.7502
13.8756
14.0069
14.1442
14.2878
14.4377
14.5943
14.7576
14.9278
15.105
15.2895
15.4812
15.6803
15.8868
16.1007
16.322
16.5505
16.7863
17.029
17.2785
17.5343
17.796
18.0633
18.3355
18.6118
18.8915
19.1735
19.4569
19.7404
20.0228
20.3024
20.5778
20.8472
21.1086
21.3601
21.5996
21.8248
22.0334
22.2232
22.3915
22.5362
22.6548
22.7449
22.8045
22.8313
22.8236
22.7798
22.6984
22.5786
22.4197
22.2214
21.9841
21.7086
21.3963
21.0492
20.6689
20.2624
19.8879
19.5454
19.175
18.7753
18.3504
17.8983
17.4565
16.9044
16.7077
15.451
17.3414
10.8467
25.31
11.4734
11.391
11.3035
11.2134
11.1187
11.0183
10.9123
10.8005
10.6826
10.5583
10.4273
10.2896
10.1453
9.99394
9.83518
9.66928
9.49776
9.32214
9.14225
8.9562
8.76107
8.55286
8.32674
8.07952
7.81107
7.52301
7.21722
6.89564
6.55942
6.20783
5.83924
5.45262
5.04767
4.62435
4.18259
3.72221
3.24314
2.7455
2.22958
1.69589
1.14511
0.578137
-0.00384552
-0.599337
-1.20658
-1.82347
-2.44755
-3.07601
-3.70565
-4.33303
-4.95423
-5.56509
-6.16119
-6.73779
-7.29015
-7.81342
-8.30266
-8.75307
-9.16005
-9.51941
-9.82722
-10.0802
-10.2754
-10.4115
-10.4857
-10.5003
-10.4499
-10.3614
-10.2279
-10.0896
-9.83597
-9.66999
-9.18821
-9.16535
-8.13774
-8.83953
-6.26728
-9.53208
-2.23813
-13.9197
11.5435
11.6113
11.683
11.7582
11.8372
11.9202
12.0074
12.0988
12.1947
12.2953
12.4008
12.5113
12.627
12.7481
12.8748
13.0073
13.1458
13.2904
13.4413
13.5987
13.7626
13.9333
14.1108
14.2952
14.4866
14.685
14.8903
15.1026
15.3218
15.5476
15.7798
16.0182
16.2625
16.5121
16.7665
17.0252
17.2874
17.5522
17.8186
18.0856
18.352
18.6163
18.8772
19.1329
19.3817
19.6217
19.8509
20.0673
20.2685
20.4524
20.6166
20.7588
20.8767
20.9681
21.0309
21.0629
21.0624
21.0279
20.9579
20.8516
20.7085
20.5282
20.3114
20.0587
19.7718
19.452
19.1053
18.7818
18.4833
18.1584
17.8053
17.4275
17.0245
16.6259
16.1354
15.9432
14.8362
16.5363
10.5273
24.3133
10.4001
10.3286
10.2526
10.1743
10.092
10.0049
9.91284
9.81581
9.71351
9.60566
9.49211
9.37279
9.24762
9.11607
8.97635
8.82512
8.65911
8.47786
8.28487
8.08602
7.8873
7.69415
7.50971
7.33102
7.14822
6.94814
6.71877
6.45404
6.15758
5.83992
5.51007
5.17035
4.81803
4.45001
4.06484
3.66257
3.24364
2.80835
2.35678
1.88913
1.40577
0.907283
0.394531
-0.131364
-0.669136
-1.21711
-1.77341
-2.33582
-2.9017
-3.46831
-4.03236
-4.59029
-5.13835
-5.67251
-6.18851
-6.68195
-7.14834
-7.5832
-7.98207
-8.34088
-8.65559
-8.92274
-9.13909
-9.30257
-9.41016
-9.46346
-9.45635
-9.40833
-9.31422
-9.21585
-9.01157
-8.886
-8.47189
-8.47181
-7.55649
-8.21524
-5.86859
-8.92096
-2.09628
-13.2454
10.4612
10.5204
10.583
10.6486
10.7176
10.7901
10.8663
10.9462
11.0301
11.1182
11.2105
11.3073
11.4087
11.515
11.6263
11.7427
11.8645
11.9918
12.1248
12.2637
12.4085
12.5595
12.7167
12.8804
13.0505
13.2271
13.4102
13.5999
13.7962
13.9989
14.208
14.4232
14.6442
14.8709
15.1028
15.3393
15.58
15.8242
16.0712
16.3199
16.5695
16.8188
17.0665
17.3112
17.5515
17.7858
18.0121
18.2286
18.4334
18.6243
18.7993
18.9561
19.0924
19.2061
19.2951
19.3572
19.3905
19.3934
19.3642
19.3018
19.2054
19.0742
18.9083
18.7085
18.4754
18.2103
17.9183
17.6418
17.3844
17.102
16.7929
16.4602
16.1041
15.7473
15.318
15.126
14.1856
15.6547
10.2293
23.1953
9.11331
9.05383
8.99049
8.92514
8.85654
8.7839
8.70719
8.62631
8.54105
8.45116
8.35632
8.25618
8.15049
8.03903
7.92204
7.80012
7.67363
7.54215
7.40489
7.26191
7.11396
6.96108
6.80184
6.6344
6.45637
6.26475
6.05777
5.83578
5.59915
5.34703
5.07912
4.79688
4.50167
4.19376
3.87241
3.53695
3.18698
2.8224
2.44323
2.04967
1.64188
1.2202
0.785101
0.337306
-0.12237
-0.592734
-1.07247
-1.55996
-2.05329
-2.5503
-3.0485
-3.54506
-4.03695
-4.52085
-4.99314
-5.44997
-5.88743
-6.30143
-6.68786
-7.04267
-7.3619
-7.6419
-7.87919
-8.07113
-8.21433
-8.30916
-8.35009
-8.34595
-8.29764
-8.24108
-8.0979
-8.00938
-7.68666
-7.69056
-6.93618
-7.50126
-5.47135
-8.21513
-2.00128
-12.4909
9.16439
9.21402
9.26645
9.32153
9.37948
9.44036
9.50432
9.57157
9.64216
9.7163
9.79415
9.8758
9.96144
10.0513
10.1454
10.244
10.3473
10.4554
10.5685
10.6866
10.8101
10.9391
11.0736
11.2138
11.3598
11.5118
11.6697
11.8337
12.0038
12.1801
12.3623
12.5505
12.7445
12.9444
13.1496
13.3598
13.5748
13.7941
14.0172
14.2434
14.4719
14.7017
14.9321
15.162
15.39
15.6149
15.8352
16.0491
16.2551
16.4512
16.6357
16.8065
16.9614
17.0983
17.2153
17.3103
17.381
17.4259
17.443
17.4309
17.3884
17.3146
17.2091
17.0718
16.9031
16.7039
16.478
16.2589
16.0519
15.8218
15.5675
15.2909
14.9939
14.6898
14.3411
14.1442
13.4379
14.5739
9.96474
21.8241
7.7782
7.73127
7.68127
7.62966
7.57549
7.51812
7.45753
7.39366
7.32636
7.25538
7.1805
7.10137
7.01805
6.93071
6.84002
6.74734
6.65407
6.56099
6.46685
6.36804
6.25984
6.13865
6.00299
5.85344
5.69192
5.52153
5.34505
5.16338
4.97557
4.77908
4.57053
4.34786
4.11159
3.86366
3.60507
3.33549
3.05404
2.76017
2.45366
2.13456
1.80288
1.45882
1.10249
0.734269
0.354642
-0.0357496
-0.436004
-0.845121
-1.26179
-1.68446
-2.11137
-2.54051
-2.96949
-3.39571
-3.81637
-4.22828
-4.62812
-5.01237
-5.37736
-5.71936
-6.03457
-6.31942
-6.57026
-6.78419
-6.95739
-7.08947
-7.17467
-7.21382
-7.20852
-7.19733
-7.1092
-7.07157
-6.82061
-6.86993
-6.21785
-6.79614
-4.93504
-7.60514
-1.71148
-12.0108
7.81881
7.85845
7.90032
7.94435
7.9907
8.03941
8.09066
8.14457
8.20121
8.26078
8.32335
8.38904
8.45803
8.53052
8.60652
8.68622
8.76985
8.85748
8.94934
9.04549
9.14609
9.25141
9.3615
9.47642
9.59643
9.72161
9.85213
9.98803
10.1294
10.2762
10.4287
10.5867
10.7503
10.9195
11.094
11.2737
11.4586
11.6482
11.8422
12.0403
12.2419
12.4463
12.6532
12.8613
13.0702
13.2786
13.4853
13.6891
13.8888
14.0826
14.269
14.4464
14.6128
14.7663
14.9051
15.0271
15.1303
15.2129
15.2729
15.3087
15.3189
15.3021
15.2576
15.1848
15.0835
14.9541
14.7997
14.6433
14.4918
14.3204
14.1277
13.9152
13.6853
13.4467
13.1816
13.0189
12.491
13.5043
9.32492
20.9465
6.63968
6.6021
6.56204
6.52067
6.47724
6.43125
6.38262
6.33137
6.27738
6.22043
6.16037
6.09698
6.03017
5.95972
5.88539
5.80711
5.72469
5.63815
5.54762
5.453
5.35367
5.24855
5.13702
5.01992
4.89877
4.7747
4.64709
4.51387
4.37214
4.2193
4.05441
3.87767
3.68921
3.48944
3.2794
3.06001
2.83134
2.59279
2.34378
2.08399
1.81334
1.53195
1.23984
0.937214
0.624289
0.301425
-0.0308201
-0.371815
-0.720657
-1.07632
-1.43751
-1.80282
-2.17046
-2.53848
-2.90469
-3.26658
-3.62148
-3.96648
-4.2985
-4.61427
-4.91042
-5.18368
-5.43058
-5.64823
-5.83286
-5.98366
-6.09478
-6.16195
-6.1864
-6.20777
-6.16116
-6.16349
-5.96996
-6.05988
-5.49068
-6.09336
-4.36599
-7.01061
-1.36427
-11.5595
6.67248
6.70459
6.73849
6.77416
6.8117
6.85124
6.89283
6.93654
6.98256
7.03095
7.08176
7.13516
7.19129
7.25027
7.31214
7.37713
7.44532
7.51687
7.59193
7.67057
7.75288
7.83914
7.92942
8.02383
8.12257
8.22566
8.33329
8.44559
8.56259
8.68439
8.81114
8.94275
9.07942
9.22111
9.3677
9.5192
9.67554
9.83649
10.0019
10.1716
10.3451
10.5221
10.7022
10.8847
11.0691
11.2547
11.4405
11.6254
11.8087
11.989
12.165
12.3353
12.4985
12.6527
12.7966
12.9281
13.0456
13.1472
13.2311
13.2957
13.3395
13.3611
13.3593
13.3334
13.2829
13.2077
13.1103
13.0052
12.8999
12.7782
12.6386
12.4826
12.3127
12.135
11.946
11.8234
11.4546
12.4026
8.57836
20.0871
5.60287
5.57272
5.54063
5.50745
5.47259
5.43568
5.39668
5.35554
5.3122
5.2665
5.21829
5.16742
5.11382
5.05729
4.99763
4.93477
4.86852
4.79874
4.72537
4.6484
4.56795
4.48392
4.39569
4.3023
4.20326
4.0995
3.99245
3.88271
3.76942
3.6505
3.52347
3.38661
3.23943
3.08195
2.91428
2.73703
2.55131
2.35778
2.15618
1.94589
1.72646
1.49777
1.25983
1.01278
0.756751
0.491933
0.218648
-0.0627074
-0.351531
-0.647141
-0.948589
-1.2549
-1.56476
-1.87668
-2.18905
-2.4999
-2.80712
-3.10841
-3.40126
-3.68293
-3.95055
-4.2013
-4.43208
-4.64027
-4.82231
-4.97731
-5.09955
-5.18189
-5.22486
-5.26735
-5.2508
-5.28163
-5.13503
-5.25441
-4.76134
-5.37568
-3.78462
-6.38278
-1.00739
-11.0156
5.62928
5.65514
5.68252
5.71127
5.74158
5.77353
5.80713
5.84245
5.87964
5.91877
5.95991
6.00315
6.04865
6.09645
6.14665
6.19943
6.25484
6.31301
6.37407
6.43809
6.50523
6.57559
6.64934
6.72656
6.80739
6.8919
6.98024
7.07255
7.16887
7.26931
7.37402
7.48295
7.59628
7.714
7.83606
7.96255
8.0934
8.2285
8.36779
8.5111
8.65825
8.80896
8.96289
9.1197
9.27896
9.44013
9.60253
9.76544
9.92807
10.0896
10.2488
10.4048
10.5562
10.7018
10.8402
10.9698
11.0891
11.1966
11.2907
11.3698
11.4326
11.4775
11.5035
11.5098
11.4955
11.4605
11.4066
11.3419
11.274
11.1931
11.0981
10.9904
10.8727
10.75
10.6289
10.5464
10.3263
11.2107
7.77035
18.9972
4.63333
4.60961
4.58436
4.55823
4.53076
4.5017
4.471
4.43861
4.40449
4.36851
4.33056
4.29053
4.24831
4.20379
4.15682
4.10733
4.05515
4.00014
3.9422
3.88122
3.81714
3.75001
3.67991
3.60656
3.52918
3.44692
3.35963
3.26836
3.17459
3.07868
2.97955
2.87519
2.76348
2.64318
2.51395
2.37575
2.22894
2.07447
1.91334
1.74574
1.57116
1.38907
1.19919
1.00152
0.79615
0.583219
0.362899
0.135417
-0.0988618
-0.33946
-0.585761
-0.837039
-1.09238
-1.35068
-1.61073
-1.87106
-2.13003
-2.38583
-2.63646
-2.87975
-3.11329
-3.33475
-3.54148
-3.73121
-3.90076
-4.04933
-4.17151
-4.25897
-4.31147
-4.36573
-4.36936
-4.41907
-4.30927
-4.44883
-4.02218
-4.63928
-3.17777
-5.71584
-0.620429
-10.3824
4.65418
4.67463
4.6963
4.71907
4.74307
4.76834
4.79495
4.82295
4.85241
4.88344
4.9161
4.95046
4.98658
5.02456
5.0645
5.10651
5.15063
5.19695
5.24561
5.29672
5.35038
5.40664
5.46564
5.52748
5.5923
5.66016
5.73115
5.80542
5.88305
5.96416
6.0488
6.13703
6.22899
6.32471
6.42415
6.52741
6.63453
6.74543
6.86007
6.97838
7.10021
7.22546
7.35389
7.48526
7.61922
7.75543
7.89348
8.03278
8.17268
8.31261
8.45172
8.58917
8.72409
8.85525
8.98169
9.1022
9.2154
9.32008
9.41486
9.49838
9.56942
9.62669
9.66908
9.69583
9.70617
9.69986
9.67806
9.64424
9.60544
9.55714
9.49848
9.43091
9.35694
9.28171
9.2184
9.17292
9.08355
9.90259
6.84232
17.699
3.74054
3.72228
3.70281
3.68262
3.66141
3.63899
3.6153
3.59029
3.56394
3.53614
3.50681
3.47587
3.44324
3.40881
3.37251
3.33426
3.2939
3.25131
3.20642
3.15912
3.10929
3.05689
3.00194
2.94448
2.88447
2.82156
2.75492
2.68372
2.60822
2.52967
2.44933
2.36723
2.2821
2.19211
2.09555
1.99152
1.87981
1.76052
1.63442
1.50258
1.3656
1.22326
1.07504
0.920626
0.75995
0.593109
0.420235
0.241435
0.0568832
-0.13312
-0.328217
-0.527861
-0.731472
-0.938253
-1.14733
-1.35766
-1.56799
-1.77698
-1.98308
-2.18461
-2.3797
-2.56643
-2.74267
-2.90658
-3.05541
-3.18862
-3.30128
-3.38526
-3.43932
-3.49706
-3.51182
-3.57156
-3.4886
-3.63967
-3.26848
-3.88097
-2.53467
-5.00395
-0.180476
-9.64999
3.75665
3.77242
3.7891
3.80666
3.82515
3.84464
3.86515
3.88672
3.90944
3.93337
3.95854
3.98503
4.01288
4.04217
4.073
4.1054
4.13945
4.1752
4.21278
4.25226
4.29369
4.33718
4.3828
4.43063
4.48081
4.53336
4.58836
4.64595
4.70621
4.76923
4.83505
4.90374
4.97546
5.0502
5.12795
5.20885
5.29293
5.38014
5.47052
5.56404
5.66057
5.76013
5.86257
5.96768
6.07529
6.18515
6.29703
6.41047
6.52506
6.64036
6.75572
6.87054
6.98422
7.09576
7.20442
7.30931
7.40932
7.50345
7.59057
7.66968
7.73967
7.79944
7.84812
7.88494
7.90926
7.92085
7.92049
7.90849
7.89091
7.86681
7.83569
7.7992
7.7596
7.72272
7.70484
7.68944
7.7084
8.45955
5.74839
16.1893
2.80987
2.79647
2.78217
2.76731
2.75173
2.73526
2.71786
2.69951
2.68018
2.65978
2.63827
2.61559
2.59167
2.56647
2.53991
2.51192
2.48239
2.45127
2.41848
2.38392
2.34749
2.30913
2.2688
2.2265
2.18228
2.13619
2.0881
2.03752
1.98355
1.92568
1.8645
1.80147
1.73757
1.67263
1.6054
1.53427
1.45797
1.3758
1.28748
1.19334
1.09426
0.990937
0.883296
0.770725
0.652767
0.529399
0.400846
0.267369
0.129193
-0.0134767
-0.160384
-0.311158
-0.465349
-0.622401
-0.781678
-0.942422
-1.10375
-1.26467
-1.42407
-1.58074
-1.73329
-1.88028
-2.0201
-2.15141
-2.27196
-2.3815
-2.47581
-2.54821
-2.59634
-2.6497
-2.66703
-2.72816
-2.66233
-2.81605
-2.4889
-3.08763
-1.84357
-4.22249
0.319208
-8.7126
2.82177
2.83342
2.84578
2.85877
2.87247
2.88695
2.90219
2.91823
2.93514
2.95295
2.9717
2.99145
3.01225
3.03416
3.05724
3.0815
3.10702
3.13387
3.16213
3.19182
3.223
3.25578
3.29024
3.32637
3.3643
3.40409
3.44577
3.48946
3.53522
3.5831
3.63316
3.68545
3.74007
3.79703
3.85635
3.91813
3.98237
4.04905
4.11819
4.18983
4.26385
4.34025
4.41893
4.49976
4.58268
4.66745
4.75394
4.84186
4.93093
5.02081
5.11107
5.20134
5.2911
5.37974
5.46671
5.55133
5.63282
5.71048
5.78342
5.85094
5.91213
5.96615
6.01247
6.05029
6.07914
6.09896
6.11018
6.11132
6.10753
6.09974
6.08777
6.07329
6.05791
6.04805
6.05961
6.05939
6.15514
6.83131
4.40978
14.3163
2.05536
2.04617
2.03638
2.02623
2.01556
2.00425
1.9923
1.9797
1.96639
1.9523
1.93745
1.92178
1.90522
1.88775
1.86932
1.84985
1.82928
1.80759
1.7847
1.76052
1.73501
1.70809
1.67969
1.64976
1.61831
1.58536
1.55098
1.51521
1.47778
1.43795
1.39486
1.34839
1.29957
1.24972
1.19921
1.14711
1.09181
1.03196
0.967122
0.897436
0.823425
0.746072
0.6666
0.585555
0.502533
0.416777
0.327779
0.235461
0.139958
0.0414269
-0.0599789
-0.164086
-0.270652
-0.379359
-0.489805
-0.601528
-0.713946
-0.826393
-0.938126
-1.04835
-1.15609
-1.26039
-1.36014
-1.45446
-1.54167
-1.62186
-1.69154
-1.74665
-1.78318
-1.82606
-1.83891
-1.89438
-1.83689
-1.98608
-1.69101
-2.26749
-1.11214
-3.362
0.859744
-7.4458
2.06342
2.0712
2.07947
2.08815
2.09729
2.1069
2.117
2.12763
2.13883
2.1506
2.16295
2.17592
2.18957
2.20393
2.219
2.2348
2.2514
2.26886
2.28717
2.30637
2.32649
2.34762
2.3698
2.39302
2.41734
2.44283
2.46953
2.49747
2.52671
2.55731
2.58929
2.62272
2.65765
2.69408
2.73206
2.77169
2.81301
2.85597
2.90059
2.94697
2.99503
3.04477
3.09617
3.14921
3.2038
3.25985
3.31726
3.3759
3.43558
3.49605
3.55712
3.61849
3.6798
3.74072
3.80087
3.85975
3.91684
3.97172
4.02377
4.07252
4.11733
4.15766
4.19318
4.22329
4.24775
4.26655
4.27999
4.28675
4.28901
4.2887
4.28606
4.28276
4.28001
4.28542
4.31289
4.31545
4.45348
5.04875
2.85771
11.9148
0.873564
0.867883
0.861785
0.855448
0.848788
0.841742
0.834306
0.826465
0.818184
0.80943
0.800201
0.790466
0.78017
0.769292
0.757819
0.745681
0.732834
0.719254
0.704879
0.689646
0.673509
0.656398
0.638232
0.618934
0.598437
0.57667
0.553526
0.528808
0.502126
0.473034
0.441323
0.407707
0.375169
0.349939
0.340344
0.353088
0.388996
0.440986
0.495062
0.53478
0.54758
0.529458
0.485622
0.426741
0.363026
0.300166
0.239241
0.17915
0.11878
0.0577728
-0.00374374
-0.0655643
-0.127588
-0.189747
-0.251942
-0.314046
-0.375868
-0.437168
-0.497657
-0.557019
-0.614827
-0.670667
-0.723991
-0.774483
-0.82106
-0.864222
-0.901232
-0.931544
-0.950011
-0.975808
-0.977214
-1.01966
-0.963848
-1.09676
-0.835853
-1.3485
-0.349939
-2.25007
1.23593
-5.20549
0.878648
0.883678
0.889038
0.894683
0.900657
0.906957
0.913583
0.920605
0.928045
0.935888
0.944144
0.952849
0.962058
0.971771
0.981997
0.992766
1.00412
1.01611
1.02871
1.04195
1.05589
1.07056
1.08596
1.10211
1.11906
1.13681
1.15542
1.17487
1.19519
1.21643
1.23856
1.26163
1.2856
1.3105
1.33631
1.36307
1.39075
1.41931
1.44877
1.4791
1.51022
1.54213
1.57481
1.6082
1.64222
1.67685
1.71196
1.74748
1.78332
1.81934
1.85546
1.8915
1.92731
1.96273
1.99761
2.03171
2.06482
2.09681
2.12733
2.15612
2.18286
2.20729
2.22924
2.24827
2.26433
2.27744
2.28783
2.29388
2.29831
2.3025
2.30679
2.3118
2.31599
2.32356
2.34217
2.30963
2.39984
2.88706
0.926613
8.16991
0.734877
0.734377
0.733887
0.73336
0.732768
0.732123
0.731425
0.730661
0.729822
0.728922
0.727965
0.726942
0.725842
0.724667
0.723436
0.72215
0.720812
0.719436
0.718033
0.716638
0.715285
0.714008
0.71286
0.711837
0.710864
0.709789
0.708515
0.70749
0.708331
0.714327
0.729983
0.758533
0.797724
0.836095
0.853232
0.825994
0.738528
0.591394
0.405062
0.215168
0.0596291
-0.0370122
-0.0731359
-0.066982
-0.0434773
-0.0211128
-0.007135
-0.000875027
0.000561788
-0.000988143
-0.0050779
-0.011765
-0.0209735
-0.0324172
-0.0457229
-0.0605358
-0.0765307
-0.0933832
-0.110776
-0.12842
-0.146028
-0.163369
-0.180153
-0.196357
-0.211415
-0.226112
-0.238785
-0.251698
-0.257065
-0.268839
-0.263554
-0.290582
-0.247805
-0.341403
-0.164964
-0.499338
0.117968
-0.967652
0.996198
-2.24589
0.735285
0.735604
0.735921
0.736208
0.736482
0.736735
0.736938
0.737108
0.737241
0.737321
0.737338
0.737285
0.737167
0.736966
0.736673
0.736277
0.735773
0.735165
0.734415
0.733531
0.732521
0.731353
0.730021
0.72853
0.726877
0.725049
0.723065
0.720906
0.718584
0.716121
0.713518
0.710792
0.707945
0.705019
0.702039
0.699024
0.696006
0.693017
0.690122
0.687332
0.68467
0.682185
0.679933
0.677923
0.676193
0.674789
0.673709
0.672987
0.672628
0.672664
0.673101
0.673888
0.675001
0.676347
0.677849
0.679376
0.680837
0.682206
0.683334
0.684197
0.684766
0.685058
0.685104
0.684889
0.684662
0.684344
0.684333
0.687822
0.686111
0.681112
0.673428
0.664808
0.657311
0.660168
0.685646
0.693614
0.77588
1.0394
0.0126354
3.43049
)
;

boundaryField
{
    inlet
    {
        type            freestreamPressure;
        freestreamValue uniform 0;
        supersonic      false;
        value           nonuniform List<scalar> 
134
(
1.51303
-0.238033
-2.05443
-3.61583
-4.72681
-5.3807
-5.44584
-4.91344
-3.79411
-1.76859
-0.326542
-0.52762
-0.880509
-1.21231
-1.54757
-1.89867
-2.2691
-2.66097
-3.08004
-3.53647
3.23202
-4.04412
-4.61003
-5.20789
-5.77017
-6.1769
-6.37504
-6.72357
-6.7338
-6.8678
-8.19825
-7.53967
-7.56884
-7.71653
-7.82641
-7.88138
-7.93461
-8.07113
-8.41244
-8.82613
4.85956
6.54617
7.99245
8.81493
8.73573
7.27259
3.92781
-9.73053
-9.51689
-9.18384
-8.96809
-8.8084
-8.62945
-8.42779
-8.22139
-8.01541
-7.80687
-7.59319
-7.37432
-7.15034
-6.91991
-6.68078
-6.42893
-6.15755
-5.8596
-5.52591
-5.31356
-5.11383
-4.87296
-4.59239
-4.26781
-3.85242
-3.29123
-2.30008
-0.991772
1.35727
3.01079
4.84725
6.66519
8.43462
10.1135
11.5396
12.6314
13.4141
13.9133
14.1957
14.3364
14.4007
14.4415
14.5363
14.8086
15.3058
15.8472
16.2925
16.6588
16.9769
17.2524
17.4757
17.6418
17.7538
17.8214
17.8671
17.937
18.1479
18.6762
19.811
20.2922
19.8179
19.2715
18.9228
18.6374
18.3124
17.9563
17.5959
17.2339
16.8631
16.4794
16.0807
15.6649
15.2271
14.7604
14.2554
13.6949
13.0661
12.2947
11.8017
11.3193
10.7072
9.97802
9.12973
8.07656
6.72492
4.61356
1.93881
)
;
    }
    outlet
    {
        type            freestreamPressure;
        freestreamValue uniform 0;
        supersonic      false;
        value           nonuniform List<scalar> 
160
(
0.00210864
0.00210997
0.00210703
0.00211107
0.00210544
0.00211217
0.00210373
0.0021132
0.00210182
0.00211421
0.00209975
0.00211517
0.00209751
0.00211601
0.00209507
0.00211676
0.0020924
0.00211743
0.00208954
0.00211797
0.0020865
0.00211835
0.00208325
0.00211856
0.00207977
0.0021186
0.00207605
0.00211843
0.00207215
0.00211803
0.00206807
0.00211736
0.00206381
0.00211641
0.00205943
0.00211521
0.00205493
0.00211363
0.00205043
0.00211171
0.00204601
0.00210948
0.00204178
0.00210684
0.0020379
0.00210377
0.00203439
0.00210031
0.00203109
0.00209644
0.00202755
0.00209213
0.00202337
0.00208744
0.00201949
0.00208232
0.00202006
0.0020768
0.00203401
0.00207096
0.00207415
0.0020648
0.00215035
0.00205839
0.00225784
0.00205172
0.00236643
0.00204493
0.00242003
0.00203811
0.00235213
0.0020313
0.00211306
0.00202461
0.0016987
0.00201815
0.00116543
0.00201212
0.000618416
0.00200656
0.000170826
0.00200154
-0.000105589
0.00199724
-0.000207832
0.00199382
-0.000189813
0.00199134
-0.000123019
0.00198993
-5.97067e-05
0.00198975
-2.01774e-05
0.00199081
-2.47487e-06
0.00199325
1.58911e-06
0.00199713
-2.79538e-06
0.00200255
-1.43665e-05
0.0020096
-3.32912e-05
0.00201816
-5.93631e-05
0.00202819
-9.17844e-05
0.00203949
-0.000129516
0.00205186
-0.000171576
0.00206497
-0.00021707
0.00207859
-0.000265113
0.00209269
-0.000314844
0.00210687
-0.000365481
0.00212112
-0.000416258
0.00213537
-0.000466563
0.00214975
-0.00051562
0.0021644
-0.000563399
0.00217933
-0.000608354
0.00219539
-0.000652724
0.00221244
-0.000691882
0.00223185
-0.000731736
0.00226107
-0.000750049
0.0022717
-0.000786877
0.00227333
-0.000775761
0.00226782
-0.000857271
0.00226105
-0.00073891
0.00226024
-0.00101427
0.00229754
-0.000502867
0.00241808
-0.00148125
0.00248604
0.000376275
0.00282516
-0.00277213
0.00385583
0.0035416
4.95861e-05
-0.00553875
0.0123571
)
;
    }
    walls
    {
        type            zeroGradient;
    }
    frontAndBack
    {
        type            empty;
    }
}


// ************************************************************************* //
