/*--------------------------------*- C++ -*----------------------------------*\
  =========                 |
  \\      /  F ield         | OpenFOAM: The Open Source CFD Toolbox
   \\    /   O peration     | Website:  https://openfoam.org
    \\  /    A nd           | Version:  12
     \\/     M anipulation  |
\*---------------------------------------------------------------------------*/
FoamFile
{
    format      ascii;
    class       volScalarField;
    location    "300";
    object      nuTilda;
}
// * * * * * * * * * * * * * * * * * * * * * * * * * * * * * * * * * * * * * //

dimensions      [0 2 -1 0 0 0 0];

internalField   nonuniform List<scalar> 
10720
(
0.143638
0.150828
0.159408
0.169812
0.181891
0.196178
0.212835
0.231406
0.251508
0.272236
0.292025
0.308984
0.321285
0.328006
0.3293
0.326161
0.319869
0.31154
0.301816
0.29108
0.27932
0.266542
0.252832
0.23868
0.225273
0.213683
0.203802
0.194295
0.18599
0.171473
0.155671
0.144237
0.123033
0.113821
0.0882782
0.0644709
0.0561069
0.0819103
0.0856678
0.136988
0.130659
0.123749
0.116746
0.109259
0.101313
0.0928135
0.0836285
0.0735691
0.0621758
0.0490673
0.0357071
0.0339676
0.0421279
0.0512926
0.059394
0.067086
0.0748973
0.0829806
0.0912831
0.0996599
0.107975
0.1161
0.123918
0.131114
0.137348
0.142601
0.146999
0.150698
0.153819
0.156441
0.15861
0.160386
0.161816
0.162901
0.163717
0.163967
0.164584
0.16066
0.110607
0.110369
0.110024
0.110462
0.111389
0.112688
0.114677
0.117719
0.122444
0.129109
0.137943
0.14912
0.162282
0.176989
0.192861
0.209394
0.226327
0.243304
0.260028
0.275998
0.290793
0.303807
0.314522
0.322583
0.327844
0.33021
0.329594
0.326182
0.320937
0.313048
0.302805
0.291788
0.282221
0.268833
0.254805
0.22826
0.202734
0.27992
0.273592
0.110834
0.110918
0.111035
0.11088
0.11052
0.109876
0.108816
0.10726
0.105237
0.102857
0.100116
0.0970295
0.093105
0.0885794
0.0841824
0.0801217
0.0764232
0.073112
0.070262
0.0679181
0.0661241
0.0648983
0.0642392
0.0641079
0.0644727
0.0652734
0.0664065
0.0677606
0.0692405
0.0707647
0.0722807
0.0740329
0.0767597
0.0803777
0.0842653
0.0880175
0.0912865
0.0952492
0.102961
0.128616
0.128504
0.128226
0.128242
0.128433
0.128633
0.128819
0.129032
0.129345
0.129684
0.129979
0.130404
0.1313
0.133006
0.135851
0.140108
0.145932
0.153487
0.159725
0.169446
0.184856
0.204497
0.227506
0.252507
0.277681
0.301767
0.323777
0.342681
0.358039
0.369583
0.377278
0.381607
0.384611
0.384519
0.38576
0.373535
0.368807
0.511391
0.535587
0.128737
0.128699
0.128722
0.128551
0.12828
0.127868
0.127254
0.126371
0.125214
0.123796
0.122102
0.120163
0.117971
0.115517
0.112887
0.110127
0.107256
0.104297
0.101305
0.0983062
0.0953369
0.0924074
0.0895219
0.0865956
0.0835931
0.0805881
0.0776334
0.0747844
0.0720897
0.0695846
0.0673401
0.0651809
0.0645945
0.0657954
0.0680178
0.0707297
0.0740912
0.0770565
0.083879
0.132958
0.132885
0.132745
0.132583
0.132558
0.132606
0.132671
0.132741
0.132813
0.132888
0.13294
0.132873
0.132611
0.131608
0.130237
0.129572
0.129591
0.130379
0.131789
0.134086
0.138133
0.144861
0.154762
0.165974
0.185136
0.210253
0.240322
0.273862
0.308941
0.343408
0.375375
0.403646
0.428685
0.44972
0.471353
0.480652
0.494732
0.685894
0.82296
0.133015
0.133024
0.133028
0.132962
0.132835
0.132636
0.132336
0.13191
0.131354
0.130664
0.129834
0.128849
0.12769
0.126365
0.124896
0.12329
0.121553
0.119689
0.117721
0.115657
0.113517
0.111306
0.10902
0.106585
0.103943
0.101128
0.0981592
0.0950665
0.0918793
0.0886284
0.0853534
0.082072
0.0788877
0.0759441
0.0734132
0.0710839
0.0707791
0.071713
0.0725594
0.135322
0.13527
0.135175
0.13504
0.134881
0.134657
0.134525
0.13448
0.13446
0.13445
0.134449
0.134445
0.13441
0.134292
0.134014
0.133578
0.133024
0.132421
0.131886
0.131515
0.131438
0.131975
0.133766
0.136867
0.142564
0.152659
0.164819
0.187426
0.220264
0.262463
0.311587
0.363917
0.416385
0.46608
0.515475
0.554105
0.591472
0.816387
1.11692
0.135364
0.135366
0.135368
0.13532
0.13524
0.135111
0.134925
0.134663
0.134325
0.133909
0.133416
0.132829
0.13215
0.131378
0.130513
0.129552
0.128499
0.127351
0.126115
0.12479
0.123382
0.121889
0.120301
0.118564
0.116627
0.114497
0.112174
0.109669
0.106988
0.104145
0.101157
0.0980454
0.0948388
0.0915774
0.0883203
0.0850877
0.0819432
0.0796465
0.0740502
0.136635
0.136596
0.13653
0.136434
0.136319
0.136174
0.135998
0.135793
0.135552
0.135326
0.135168
0.135053
0.134934
0.134769
0.13447
0.134041
0.133538
0.132959
0.132286
0.13152
0.130602
0.130148
0.130029
0.130375
0.131338
0.133751
0.137577
0.145111
0.158733
0.183239
0.223971
0.282158
0.354669
0.434586
0.51796
0.593877
0.66194
0.907871
1.3257
0.136659
0.136664
0.136664
0.136631
0.136576
0.136486
0.13636
0.136185
0.135962
0.135691
0.135369
0.13499
0.134557
0.134066
0.133515
0.132902
0.132224
0.131482
0.130677
0.129807
0.128872
0.127866
0.126781
0.125578
0.124218
0.122696
0.121005
0.11914
0.117097
0.114873
0.11247
0.109895
0.107159
0.104281
0.10128
0.0982024
0.0948985
0.0922989
0.0849154
0.137473
0.137443
0.13739
0.137317
0.137231
0.137122
0.136991
0.136841
0.136667
0.136469
0.136247
0.135995
0.135764
0.135509
0.13519
0.134817
0.13439
0.133903
0.13334
0.132689
0.131896
0.131029
0.130124
0.12934
0.129118
0.129339
0.130153
0.131975
0.13576
0.144202
0.161803
0.199207
0.266046
0.362282
0.47846
0.597556
0.704905
0.966419
1.45944
0.137493
0.137494
0.137494
0.137467
0.137426
0.137359
0.137266
0.13714
0.136981
0.136792
0.136567
0.136306
0.13601
0.135677
0.135304
0.134889
0.134431
0.133927
0.133378
0.132781
0.132136
0.131438
0.130678
0.129831
0.128867
0.12778
0.126562
0.125203
0.123692
0.122022
0.120184
0.118174
0.115992
0.113646
0.111135
0.108498
0.105561
0.103181
0.096461
0.138042
0.138017
0.137978
0.137922
0.137855
0.137771
0.13767
0.137554
0.137419
0.137266
0.137094
0.136898
0.13668
0.136434
0.136153
0.135832
0.135466
0.135048
0.134572
0.134031
0.133406
0.13267
0.131808
0.130824
0.129857
0.128911
0.128564
0.128717
0.129452
0.131493
0.136534
0.150589
0.188002
0.270605
0.402396
0.562924
0.717079
0.994774
1.53259
0.138055
0.138057
0.138056
0.138036
0.138003
0.137951
0.13788
0.137786
0.137667
0.137528
0.137364
0.137175
0.136961
0.136723
0.136458
0.136165
0.135841
0.135486
0.135097
0.134673
0.134212
0.13371
0.133161
0.132547
0.131846
0.131054
0.130162
0.129162
0.128043
0.126795
0.125409
0.123875
0.122186
0.12034
0.118329
0.11618
0.113731
0.111687
0.106086
0.138449
0.138428
0.138396
0.138352
0.138298
0.138231
0.138151
0.138061
0.137956
0.137837
0.137703
0.137552
0.137382
0.137191
0.136975
0.136728
0.136443
0.136116
0.135736
0.135298
0.134792
0.134205
0.133517
0.132701
0.131772
0.130713
0.129658
0.128647
0.128197
0.128336
0.129292
0.132607
0.145097
0.191283
0.306835
0.492031
0.694717
0.993144
1.55396
0.13846
0.138462
0.138461
0.138445
0.138419
0.138377
0.138321
0.138247
0.138155
0.138048
0.137924
0.137782
0.137622
0.137445
0.137249
0.137035
0.136798
0.136539
0.136255
0.135944
0.135605
0.135235
0.134828
0.13437
0.133848
0.133257
0.132589
0.131839
0.130997
0.130054
0.129001
0.127829
0.126529
0.125095
0.123515
0.121805
0.119825
0.118129
0.113629
0.138753
0.138736
0.13871
0.138674
0.138631
0.138578
0.138515
0.138443
0.138359
0.138265
0.138158
0.138037
0.137902
0.137749
0.137576
0.137379
0.137153
0.136896
0.136602
0.136262
0.135867
0.135408
0.134873
0.134249
0.133524
0.13267
0.131676
0.130521
0.129365
0.128263
0.12787
0.128161
0.130147
0.145019
0.217909
0.395696
0.636257
0.959976
1.52938
0.138762
0.138764
0.138763
0.13875
0.13873
0.138695
0.13865
0.138591
0.138518
0.138434
0.138336
0.138226
0.138102
0.137966
0.137818
0.137656
0.137478
0.137283
0.13707
0.136836
0.136581
0.136301
0.135993
0.135645
0.135248
0.134796
0.134286
0.133712
0.133067
0.132343
0.131532
0.130627
0.12962
0.128502
0.127263
0.125911
0.124332
0.122951
0.119399
0.138987
0.138972
0.138951
0.138922
0.138887
0.138843
0.138792
0.138734
0.138666
0.13859
0.138504
0.138407
0.138298
0.138175
0.138037
0.137881
0.137702
0.137498
0.137264
0.136994
0.136681
0.136318
0.135896
0.13541
0.134854
0.134209
0.133443
0.132507
0.131393
0.130086
0.128757
0.127872
0.127436
0.128177
0.156024
0.293023
0.545763
0.893581
1.46301
0.138994
0.138997
0.138997
0.138987
0.13897
0.138941
0.138904
0.138855
0.138796
0.138728
0.13865
0.138562
0.138464
0.138357
0.138241
0.138116
0.137979
0.137829
0.137665
0.137487
0.137291
0.137075
0.136837
0.136567
0.136259
0.135908
0.135512
0.135065
0.134561
0.133997
0.133363
0.132655
0.131865
0.130986
0.130008
0.128936
0.127678
0.126556
0.123773
0.139172
0.13916
0.139143
0.139118
0.13909
0.139054
0.139013
0.138965
0.138911
0.138849
0.13878
0.138701
0.138613
0.138513
0.1384
0.138272
0.138126
0.137959
0.137769
0.137551
0.137299
0.137008
0.136672
0.136284
0.135844
0.135342
0.134757
0.134057
0.133194
0.132103
0.130746
0.129267
0.127935
0.126076
0.127065
0.205676
0.435056
0.794534
1.35788
0.139178
0.13918
0.139181
0.139173
0.139161
0.139136
0.139104
0.139064
0.139015
0.138958
0.138894
0.138823
0.138745
0.138659
0.138566
0.138467
0.138359
0.138242
0.138114
0.137975
0.137821
0.137653
0.137465
0.137253
0.13701
0.136734
0.136421
0.136068
0.13567
0.135222
0.134721
0.134159
0.133532
0.132833
0.132053
0.131196
0.130189
0.129274
0.127091
0.139321
0.139312
0.139298
0.139278
0.139255
0.139226
0.139192
0.139153
0.139108
0.139057
0.139
0.138936
0.138863
0.138781
0.138688
0.138582
0.138462
0.138326
0.138169
0.13799
0.137784
0.137546
0.137272
0.136958
0.136602
0.136197
0.135732
0.135188
0.134536
0.133721
0.132656
0.131232
0.129706
0.128339
0.120995
0.147317
0.32188
0.668451
1.21726
0.139326
0.139329
0.13933
0.139324
0.139315
0.139294
0.139267
0.139233
0.139191
0.139144
0.13909
0.139031
0.138967
0.138896
0.138821
0.138741
0.138655
0.138562
0.138461
0.13835
0.138229
0.138095
0.137945
0.137776
0.137582
0.137361
0.137111
0.136829
0.13651
0.136151
0.135749
0.135298
0.134794
0.134232
0.133605
0.132913
0.1321
0.13135
0.129629
0.139445
0.139437
0.139426
0.13941
0.139392
0.139368
0.139341
0.139309
0.139271
0.139229
0.139182
0.139128
0.139068
0.139
0.138922
0.138835
0.138735
0.138621
0.13849
0.138341
0.13817
0.137973
0.137747
0.137489
0.137197
0.136866
0.136485
0.136043
0.135525
0.134901
0.134114
0.133037
0.131471
0.130645
0.124867
0.120382
0.225085
0.52733
1.04703
0.139449
0.139451
0.139452
0.139448
0.139441
0.139423
0.1394
0.139371
0.139336
0.139295
0.13925
0.1392
0.139147
0.139088
0.139026
0.13896
0.13889
0.138815
0.138734
0.138645
0.138547
0.13844
0.13832
0.138183
0.138026
0.137848
0.137646
0.137417
0.13716
0.136869
0.136543
0.136177
0.135768
0.135311
0.134801
0.134238
0.133577
0.132957
0.13159
0.139548
0.139543
0.139535
0.139522
0.139507
0.139489
0.139466
0.139439
0.139408
0.139372
0.139332
0.139286
0.139235
0.139178
0.139113
0.139039
0.138955
0.13886
0.13875
0.138625
0.138482
0.138317
0.138129
0.137915
0.137674
0.1374
0.137084
0.136719
0.136291
0.135786
0.135169
0.134407
0.133103
0.132231
0.129942
0.115774
0.157382
0.388117
0.857619
0.139551
0.139553
0.139554
0.139552
0.139547
0.139532
0.139511
0.139486
0.139455
0.13942
0.139381
0.139339
0.139294
0.139245
0.139193
0.139139
0.139081
0.139019
0.138953
0.138881
0.138802
0.138714
0.138616
0.138505
0.138377
0.138232
0.138067
0.13788
0.13767
0.137432
0.137165
0.136866
0.13653
0.136156
0.135738
0.135276
0.134733
0.134218
0.133123
0.139637
0.139633
0.139627
0.139618
0.139606
0.139591
0.139572
0.139549
0.139522
0.139491
0.139456
0.139417
0.139373
0.139324
0.139269
0.139206
0.139135
0.139055
0.138962
0.138856
0.138735
0.138597
0.138439
0.13826
0.138059
0.137831
0.137568
0.137264
0.136907
0.136487
0.135977
0.135372
0.134533
0.133311
0.133252
0.121749
0.121889
0.268457
0.664616
0.139638
0.139639
0.13964
0.139639
0.139636
0.139623
0.139605
0.139583
0.139556
0.139525
0.139491
0.139455
0.139416
0.139375
0.139331
0.139285
0.139237
0.139186
0.139132
0.139072
0.139007
0.138936
0.138856
0.138764
0.138659
0.138539
0.138404
0.13825
0.138076
0.137881
0.13766
0.137413
0.137136
0.136827
0.136481
0.136099
0.135651
0.135219
0.134335
0.139713
0.139711
0.139708
0.139701
0.139692
0.139679
0.139662
0.139642
0.139618
0.13959
0.13956
0.139526
0.139487
0.139445
0.139397
0.139344
0.139283
0.139214
0.139136
0.139046
0.138943
0.138825
0.138692
0.138542
0.138373
0.138182
0.137962
0.137708
0.13741
0.137057
0.136634
0.136105
0.135542
0.13443
0.134707
0.129402
0.112178
0.181036
0.486843
0.139713
0.139713
0.139714
0.139714
0.139711
0.139701
0.139685
0.139665
0.139641
0.139614
0.139584
0.139553
0.139519
0.139484
0.139447
0.139408
0.139367
0.139325
0.139279
0.13923
0.139176
0.139117
0.139051
0.138975
0.138888
0.138788
0.138676
0.138548
0.138404
0.138242
0.138059
0.137854
0.137623
0.137366
0.137078
0.13676
0.136387
0.136024
0.135305
0.139779
0.13978
0.139778
0.139773
0.139766
0.139754
0.139739
0.13972
0.139699
0.139674
0.139647
0.139616
0.139583
0.139546
0.139504
0.139458
0.139405
0.139346
0.139279
0.139202
0.139114
0.139014
0.138901
0.138773
0.13863
0.138469
0.138285
0.138071
0.137821
0.137525
0.137174
0.136719
0.136237
0.13544
0.135131
0.134377
0.117038
0.129426
0.341345
0.139778
0.139778
0.139777
0.139777
0.139776
0.139768
0.139754
0.139736
0.139715
0.13969
0.139664
0.139636
0.139607
0.139576
0.139544
0.139511
0.139477
0.139441
0.139402
0.139361
0.139317
0.139267
0.139212
0.139149
0.139076
0.138993
0.138899
0.138792
0.138672
0.138537
0.138384
0.138212
0.138019
0.137804
0.137563
0.137296
0.136984
0.136676
0.136088
0.139838
0.13984
0.13984
0.139836
0.139829
0.139818
0.139804
0.139787
0.139767
0.139744
0.13972
0.139693
0.139663
0.139631
0.139595
0.139554
0.139509
0.139457
0.139399
0.139333
0.139258
0.139171
0.139074
0.138965
0.138843
0.138707
0.13855
0.13837
0.13816
0.13791
0.137616
0.137241
0.136793
0.136251
0.135492
0.136538
0.126432
0.108513
0.237206
0.139835
0.139833
0.139832
0.139833
0.139833
0.139827
0.139814
0.139797
0.139778
0.139756
0.139732
0.139707
0.139682
0.139655
0.139628
0.139599
0.139569
0.139539
0.139506
0.139472
0.139434
0.139393
0.139346
0.139293
0.139232
0.139162
0.139083
0.138994
0.138893
0.138779
0.138651
0.138506
0.138344
0.138163
0.13796
0.137735
0.137472
0.137211
0.136725
0.13989
0.139893
0.139894
0.139891
0.139884
0.139873
0.13986
0.139843
0.139825
0.139805
0.139783
0.139759
0.139733
0.139704
0.139672
0.139637
0.139597
0.139553
0.139502
0.139445
0.139379
0.139305
0.139221
0.139126
0.139022
0.138905
0.138772
0.138618
0.13844
0.138229
0.137979
0.137674
0.137275
0.136841
0.136017
0.136861
0.134247
0.107686
0.172802
0.139886
0.139883
0.139881
0.139881
0.139882
0.139877
0.139866
0.139851
0.139833
0.139813
0.139791
0.139769
0.139747
0.139723
0.139699
0.139674
0.139649
0.139623
0.139595
0.139566
0.139534
0.139499
0.139459
0.139414
0.139363
0.139304
0.139237
0.139161
0.139076
0.13898
0.138872
0.13875
0.138613
0.13846
0.138288
0.138097
0.137874
0.137651
0.13725
0.139937
0.139941
0.139942
0.139938
0.139931
0.13992
0.139907
0.139892
0.139875
0.139857
0.139838
0.139816
0.139793
0.139768
0.13974
0.139709
0.139674
0.139635
0.139591
0.139541
0.139484
0.13942
0.139346
0.139265
0.139174
0.139073
0.138958
0.138827
0.138674
0.138495
0.138282
0.138029
0.137692
0.137316
0.136656
0.136517
0.138307
0.115953
0.139582
0.139931
0.139927
0.139923
0.139923
0.139926
0.139922
0.139912
0.139898
0.139881
0.139862
0.139843
0.139823
0.139803
0.139782
0.139761
0.139739
0.139717
0.139695
0.139671
0.139646
0.139619
0.139589
0.139555
0.139517
0.139473
0.139423
0.139366
0.139302
0.13923
0.139148
0.139056
0.138953
0.138837
0.138707
0.138561
0.138398
0.138209
0.138018
0.137683
0.139978
0.139983
0.139983
0.139979
0.139972
0.139961
0.139949
0.139935
0.13992
0.139903
0.139886
0.139868
0.139847
0.139825
0.139801
0.139774
0.139743
0.139709
0.13967
0.139626
0.139577
0.13952
0.139456
0.139385
0.139306
0.139218
0.139118
0.139004
0.138873
0.138719
0.138537
0.138322
0.138045
0.137705
0.137279
0.136378
0.139445
0.125562
0.127387
0.139972
0.139966
0.139962
0.139961
0.139964
0.139962
0.139953
0.139939
0.139923
0.139906
0.139888
0.13987
0.139851
0.139833
0.139814
0.139795
0.139776
0.139757
0.139736
0.139715
0.139691
0.139666
0.139637
0.139604
0.139567
0.139524
0.139475
0.13942
0.139359
0.139289
0.139211
0.139123
0.139024
0.138913
0.138789
0.13865
0.138489
0.138325
0.138045
0.140015
0.14002
0.14002
0.140014
0.140007
0.139997
0.139985
0.139972
0.139959
0.139945
0.13993
0.139914
0.139897
0.139878
0.139856
0.139832
0.139806
0.139775
0.139741
0.139703
0.139659
0.139609
0.139553
0.139491
0.139421
0.139344
0.139257
0.139158
0.139044
0.138911
0.138754
0.138568
0.13834
0.138031
0.137764
0.136679
0.139057
0.132705
0.126609
0.140009
0.140001
0.139996
0.139994
0.139998
0.139997
0.139988
0.139976
0.139961
0.139944
0.139928
0.139911
0.139894
0.139878
0.139861
0.139845
0.139828
0.139811
0.139793
0.139774
0.139754
0.139732
0.139707
0.139679
0.139647
0.13961
0.139568
0.139521
0.139468
0.139409
0.139342
0.139267
0.139182
0.139088
0.138981
0.138862
0.138724
0.138583
0.138348
0.140049
0.140053
0.140051
0.140046
0.140038
0.140028
0.140018
0.140007
0.139995
0.139984
0.139971
0.139957
0.139942
0.139926
0.139907
0.139886
0.139863
0.139836
0.139806
0.139772
0.139733
0.139689
0.13964
0.139585
0.139524
0.139456
0.13938
0.139292
0.139193
0.139077
0.138941
0.138779
0.138589
0.138314
0.13812
0.137217
0.138308
0.13661
0.130067
0.140042
0.140034
0.140026
0.140024
0.140029
0.140028
0.14002
0.140008
0.139994
0.139978
0.139963
0.139947
0.139932
0.139917
0.139902
0.139888
0.139873
0.139858
0.139843
0.139826
0.139809
0.139789
0.139768
0.139743
0.139715
0.139683
0.139647
0.139607
0.139562
0.139511
0.139453
0.139389
0.139317
0.139235
0.139144
0.139042
0.138924
0.138802
0.138604
0.140079
0.140082
0.140079
0.140073
0.140065
0.140057
0.140048
0.140039
0.140029
0.14002
0.140009
0.139998
0.139985
0.13997
0.139954
0.139936
0.139915
0.139891
0.139864
0.139834
0.1398
0.139761
0.139717
0.139669
0.139615
0.139556
0.139489
0.139412
0.139324
0.139223
0.139104
0.138963
0.1388
0.138563
0.138383
0.13778
0.13785
0.138086
0.133722
0.140072
0.140063
0.140054
0.140051
0.140056
0.140056
0.140049
0.140037
0.140023
0.140008
0.139994
0.139979
0.139965
0.139952
0.139939
0.139926
0.139913
0.139899
0.139886
0.139871
0.139856
0.139839
0.13982
0.139799
0.139774
0.139747
0.139715
0.139681
0.139642
0.139598
0.139548
0.139493
0.139431
0.139361
0.139283
0.139195
0.139094
0.138988
0.138821
0.140105
0.140107
0.140103
0.140097
0.14009
0.140082
0.140075
0.140068
0.140061
0.140054
0.140045
0.140035
0.140024
0.140012
0.139997
0.139981
0.139963
0.139942
0.139918
0.139891
0.13986
0.139826
0.139788
0.139745
0.139698
0.139645
0.139586
0.139519
0.139441
0.139352
0.139248
0.139125
0.138982
0.138783
0.138596
0.138223
0.137836
0.138403
0.136198
0.140099
0.140089
0.140079
0.140075
0.140081
0.140081
0.140074
0.140062
0.140049
0.140035
0.140021
0.140008
0.139995
0.139983
0.139971
0.139959
0.139947
0.139936
0.139923
0.139911
0.139897
0.139882
0.139866
0.139847
0.139825
0.139801
0.139774
0.139744
0.13971
0.139672
0.13963
0.139582
0.139529
0.139469
0.139402
0.139326
0.139239
0.139148
0.139006
0.140129
0.140129
0.140125
0.140119
0.140113
0.140107
0.140102
0.140097
0.140091
0.140085
0.140078
0.14007
0.140061
0.14005
0.140037
0.140023
0.140007
0.139988
0.139967
0.139943
0.139916
0.139885
0.139851
0.139813
0.139772
0.139726
0.139673
0.139614
0.139546
0.139467
0.139376
0.139268
0.139143
0.138976
0.138788
0.138547
0.138089
0.13835
0.137475
0.140124
0.140114
0.140102
0.140097
0.140103
0.140104
0.140097
0.140085
0.140072
0.140059
0.140045
0.140033
0.140021
0.14001
0.139999
0.139988
0.139978
0.139967
0.139956
0.139945
0.139933
0.13992
0.139905
0.139889
0.13987
0.139849
0.139825
0.139799
0.139769
0.139737
0.1397
0.139659
0.139613
0.139562
0.139504
0.139439
0.139364
0.139285
0.139165
0.14015
0.140149
0.140144
0.140139
0.140134
0.14013
0.140127
0.140123
0.14012
0.140115
0.14011
0.140103
0.140095
0.140085
0.140075
0.140062
0.140047
0.140031
0.140012
0.13999
0.139966
0.139939
0.139909
0.139875
0.139839
0.139798
0.139752
0.1397
0.13964
0.139571
0.13949
0.139396
0.139285
0.139144
0.138968
0.138782
0.138417
0.138338
0.138024
0.140146
0.140136
0.140123
0.140117
0.140123
0.140124
0.140118
0.140106
0.140093
0.14008
0.140067
0.140055
0.140044
0.140034
0.140024
0.140014
0.140005
0.139995
0.139985
0.139975
0.139964
0.139953
0.13994
0.139925
0.139908
0.13989
0.139869
0.139846
0.139821
0.139792
0.139761
0.139725
0.139686
0.139642
0.139592
0.139537
0.139473
0.139404
0.139302
0.140169
0.140167
0.140162
0.140157
0.140154
0.140152
0.14015
0.140149
0.140147
0.140143
0.140139
0.140133
0.140126
0.140118
0.140109
0.140098
0.140085
0.14007
0.140053
0.140034
0.140013
0.139988
0.139961
0.139932
0.1399
0.139864
0.139823
0.139777
0.139725
0.139664
0.139593
0.13951
0.139412
0.139291
0.139135
0.138969
0.138716
0.138462
0.138274
0.140165
0.140156
0.140142
0.140135
0.140141
0.140143
0.140136
0.140124
0.140111
0.140099
0.140087
0.140075
0.140065
0.140055
0.140046
0.140037
0.140028
0.14002
0.140011
0.140001
0.139992
0.139981
0.13997
0.139957
0.139942
0.139926
0.139907
0.139887
0.139865
0.139841
0.139813
0.139783
0.139749
0.139712
0.139669
0.139622
0.139566
0.139507
0.13942
0.140185
0.140182
0.140178
0.140174
0.140173
0.140173
0.140173
0.140173
0.140172
0.140169
0.140166
0.140161
0.140156
0.140149
0.140141
0.140131
0.14012
0.140107
0.140092
0.140075
0.140055
0.140034
0.14001
0.139984
0.139955
0.139924
0.139888
0.139847
0.139801
0.139747
0.139685
0.139612
0.139526
0.13942
0.139288
0.139132
0.138953
0.138669
0.138459
0.140183
0.140175
0.14016
0.140151
0.140158
0.140159
0.140152
0.140141
0.140128
0.140115
0.140104
0.140093
0.140083
0.140074
0.140065
0.140057
0.140049
0.140041
0.140033
0.140024
0.140016
0.140006
0.139996
0.139984
0.139971
0.139957
0.139941
0.139923
0.139904
0.139883
0.139859
0.139834
0.139805
0.139773
0.139736
0.139695
0.139648
0.139596
0.139522
0.1402
0.140197
0.140193
0.140191
0.140191
0.140193
0.140195
0.140195
0.140195
0.140193
0.140191
0.140188
0.140183
0.140177
0.14017
0.140162
0.140152
0.140141
0.140127
0.140112
0.140095
0.140076
0.140054
0.140031
0.140006
0.139978
0.139946
0.139911
0.13987
0.139822
0.139768
0.139704
0.139628
0.139535
0.139423
0.139282
0.139142
0.138895
0.138658
0.140199
0.140192
0.140176
0.140166
0.140173
0.140174
0.140167
0.140155
0.140142
0.14013
0.140119
0.140109
0.140099
0.14009
0.140082
0.140074
0.140067
0.140059
0.140052
0.140044
0.140036
0.140028
0.140019
0.140009
0.139997
0.139984
0.13997
0.139955
0.139938
0.13992
0.1399
0.139878
0.139854
0.139826
0.139795
0.139759
0.139718
0.139673
0.13961
0.140212
0.14021
0.140206
0.140207
0.14021
0.140213
0.140215
0.140216
0.140217
0.140216
0.140215
0.140212
0.140209
0.140204
0.140198
0.140191
0.140182
0.140172
0.14016
0.140146
0.140131
0.140114
0.140095
0.140074
0.140052
0.140027
0.139999
0.139968
0.139932
0.13989
0.139842
0.139786
0.13972
0.139637
0.139543
0.139419
0.139303
0.139103
0.138871
0.140213
0.140207
0.140191
0.14018
0.140187
0.140188
0.14018
0.140168
0.140155
0.140143
0.140132
0.140122
0.140113
0.140105
0.140097
0.140089
0.140082
0.140076
0.140069
0.140062
0.140055
0.140047
0.140039
0.14003
0.140019
0.140008
0.139996
0.139982
0.139968
0.139953
0.139936
0.139918
0.139897
0.139873
0.139846
0.139815
0.13978
0.13974
0.139686
0.140224
0.140222
0.140219
0.140222
0.140227
0.140231
0.140234
0.140236
0.140237
0.140238
0.140237
0.140235
0.140232
0.140228
0.140223
0.140217
0.140209
0.1402
0.14019
0.140177
0.140164
0.140148
0.140132
0.140113
0.140094
0.140072
0.140047
0.14002
0.139988
0.139951
0.13991
0.13986
0.139801
0.139729
0.139651
0.139546
0.139447
0.139285
0.13908
0.140225
0.140221
0.140205
0.140193
0.140199
0.1402
0.140192
0.140179
0.140166
0.140155
0.140144
0.140134
0.140125
0.140117
0.140109
0.140102
0.140096
0.14009
0.140083
0.140077
0.140071
0.140064
0.140056
0.140048
0.140039
0.140029
0.140018
0.140007
0.139995
0.139982
0.139968
0.139952
0.139934
0.139914
0.13989
0.139863
0.139833
0.139796
0.13976
0.140235
0.140233
0.140232
0.140238
0.140243
0.140247
0.140251
0.140254
0.140257
0.140258
0.140258
0.140256
0.140254
0.140251
0.140247
0.140241
0.140234
0.140227
0.140217
0.140206
0.140194
0.140181
0.140166
0.14015
0.140132
0.140113
0.140091
0.140067
0.140039
0.140007
0.139969
0.139925
0.139874
0.139813
0.13975
0.139662
0.13958
0.139443
0.139272
0.140235
0.140234
0.140217
0.140204
0.14021
0.140211
0.140202
0.140189
0.140176
0.140165
0.140154
0.140144
0.140135
0.140127
0.14012
0.140114
0.140107
0.140102
0.140096
0.14009
0.140084
0.140078
0.140072
0.140064
0.140056
0.140047
0.140038
0.140029
0.140019
0.140009
0.139996
0.139983
0.139967
0.139949
0.139929
0.139905
0.13988
0.139845
0.139824
0.140245
0.140243
0.140244
0.140253
0.140258
0.140262
0.140268
0.140271
0.140274
0.140276
0.140276
0.140276
0.140274
0.140272
0.140268
0.140264
0.140258
0.140251
0.140243
0.140234
0.140223
0.140211
0.140198
0.140183
0.140168
0.140151
0.140131
0.140109
0.140084
0.140056
0.140022
0.139983
0.139941
0.139893
0.139842
0.13977
0.139701
0.139583
0.139441
0.140244
0.140244
0.140229
0.140214
0.14022
0.140221
0.140211
0.140198
0.140185
0.140173
0.140162
0.140153
0.140144
0.140136
0.140129
0.140123
0.140117
0.140112
0.140107
0.140102
0.140096
0.140091
0.140085
0.140078
0.140071
0.140064
0.140057
0.140049
0.140041
0.140032
0.140022
0.14001
0.139996
0.13998
0.139963
0.139942
0.13992
0.139889
0.139876
0.140254
0.140253
0.140255
0.140266
0.140271
0.140276
0.140281
0.140285
0.140288
0.14029
0.140291
0.140292
0.140292
0.140291
0.140289
0.140285
0.140281
0.140276
0.140269
0.140261
0.140252
0.140241
0.140229
0.140217
0.140203
0.140188
0.140171
0.140151
0.140129
0.140103
0.140074
0.140043
0.140009
0.139971
0.139928
0.13987
0.139812
0.139708
0.13959
0.140252
0.14025
0.140238
0.140223
0.140229
0.140229
0.140219
0.140205
0.140192
0.140181
0.14017
0.14016
0.140151
0.140144
0.140137
0.140131
0.140126
0.140121
0.140116
0.140111
0.140107
0.140102
0.140097
0.140091
0.140085
0.14008
0.140074
0.140068
0.140061
0.140053
0.140044
0.140033
0.140021
0.140007
0.139992
0.139975
0.139956
0.139928
0.139921
0.140262
0.140261
0.140266
0.140275
0.14028
0.140284
0.140289
0.140292
0.140296
0.140298
0.1403
0.140302
0.140303
0.140304
0.140304
0.140303
0.140301
0.140299
0.140295
0.140289
0.140283
0.140275
0.140266
0.140256
0.140245
0.140232
0.140218
0.140201
0.140182
0.140161
0.140138
0.140112
0.140083
0.14005
0.140012
0.139963
0.139913
0.139821
0.139721
0.140258
0.140254
0.140244
0.140232
0.140236
0.140234
0.140225
0.140211
0.140198
0.140187
0.140175
0.140166
0.140157
0.14015
0.140144
0.140138
0.140133
0.140128
0.140124
0.14012
0.140116
0.140112
0.140107
0.140103
0.140098
0.140094
0.14009
0.140085
0.140078
0.140071
0.140063
0.140054
0.140043
0.140032
0.140019
0.140004
0.139989
0.139964
0.13996
0.140266
0.140269
0.140273
0.14028
0.140285
0.140289
0.140294
0.140298
0.140301
0.140304
0.140307
0.140309
0.140311
0.140312
0.140313
0.140313
0.140313
0.140313
0.140312
0.140309
0.140307
0.140303
0.140298
0.140293
0.140286
0.140278
0.140268
0.140256
0.140241
0.140225
0.140206
0.140184
0.140159
0.14013
0.140096
0.140052
0.140008
0.139926
0.139838
0.140261
0.140256
0.140248
0.140238
0.140239
0.140236
0.140228
0.140216
0.140203
0.140191
0.14018
0.14017
0.140162
0.140155
0.140149
0.140144
0.140139
0.140135
0.140131
0.140127
0.140124
0.14012
0.140117
0.140114
0.140111
0.140108
0.140104
0.140099
0.140094
0.140087
0.14008
0.140072
0.140064
0.140054
0.140044
0.140032
0.140019
0.139997
0.139996
0.140269
0.140272
0.140277
0.140283
0.140288
0.140293
0.140298
0.140302
0.140305
0.140309
0.140312
0.140314
0.140316
0.140318
0.14032
0.140321
0.140322
0.140322
0.140322
0.140321
0.14032
0.140319
0.140317
0.140315
0.140311
0.140307
0.140302
0.140295
0.140286
0.140275
0.140262
0.140246
0.140226
0.140202
0.140174
0.140136
0.140098
0.140023
0.139947
0.140263
0.140258
0.140249
0.140241
0.140241
0.140237
0.140228
0.140217
0.140206
0.140195
0.140183
0.140174
0.140166
0.140159
0.140153
0.140148
0.140144
0.140141
0.140137
0.140134
0.140131
0.140129
0.140127
0.140125
0.140123
0.14012
0.140116
0.140112
0.140107
0.140102
0.140096
0.14009
0.140083
0.140076
0.140068
0.140058
0.140048
0.140029
0.140029
0.14027
0.140275
0.14028
0.140286
0.140291
0.140296
0.140301
0.140305
0.140309
0.140313
0.140316
0.140319
0.140321
0.140323
0.140325
0.140327
0.140328
0.140329
0.14033
0.14033
0.14033
0.14033
0.140329
0.140328
0.140327
0.140325
0.140322
0.140318
0.140314
0.140308
0.1403
0.14029
0.140277
0.14026
0.140239
0.14021
0.140179
0.140113
0.140048
0.140265
0.140259
0.14025
0.140243
0.140241
0.140236
0.140228
0.140217
0.140206
0.140196
0.140185
0.140176
0.140168
0.140162
0.140157
0.140152
0.140149
0.140146
0.140143
0.14014
0.140138
0.140137
0.140136
0.140136
0.140134
0.140131
0.140127
0.140123
0.140119
0.140116
0.140112
0.140107
0.140103
0.140098
0.140092
0.140084
0.140076
0.14006
0.140061
0.140271
0.140276
0.140282
0.140288
0.140293
0.140298
0.140303
0.140308
0.140312
0.140316
0.140319
0.140322
0.140325
0.140328
0.14033
0.140332
0.140334
0.140335
0.140336
0.140337
0.140338
0.140338
0.140338
0.140338
0.140337
0.140337
0.140335
0.140334
0.140331
0.140328
0.140324
0.140318
0.14031
0.1403
0.140286
0.140266
0.140244
0.140193
0.140141
0.140266
0.140259
0.140251
0.140243
0.140241
0.140235
0.140226
0.140215
0.140204
0.140194
0.140185
0.140177
0.14017
0.140164
0.14016
0.140156
0.140153
0.14015
0.140148
0.140146
0.140145
0.140145
0.140144
0.140144
0.140142
0.140139
0.140136
0.140134
0.140131
0.140129
0.140127
0.140124
0.140122
0.140118
0.140114
0.140107
0.140103
0.14009
0.140092
0.140272
0.140277
0.140283
0.140289
0.140295
0.1403
0.140305
0.14031
0.140314
0.140318
0.140322
0.140326
0.140329
0.140331
0.140334
0.140336
0.140338
0.14034
0.140342
0.140343
0.140344
0.140345
0.140346
0.140346
0.140346
0.140346
0.140346
0.140345
0.140344
0.140342
0.14034
0.140337
0.140333
0.140327
0.140319
0.140306
0.140292
0.140258
0.14022
0.140266
0.14026
0.140251
0.140243
0.14024
0.140234
0.140224
0.140212
0.140201
0.140191
0.140183
0.140176
0.14017
0.140165
0.140161
0.140158
0.140156
0.140154
0.140152
0.140151
0.14015
0.140149
0.140149
0.140148
0.140147
0.140145
0.140143
0.140141
0.14014
0.140138
0.140137
0.140136
0.140134
0.140132
0.14013
0.140125
0.140125
0.140113
0.140115
0.140272
0.140278
0.140284
0.14029
0.140296
0.140301
0.140307
0.140312
0.140316
0.140321
0.140325
0.140328
0.140332
0.140335
0.140338
0.14034
0.140343
0.140345
0.140347
0.140348
0.14035
0.140351
0.140352
0.140353
0.140354
0.140354
0.140354
0.140354
0.140354
0.140353
0.140352
0.140351
0.140348
0.140345
0.140341
0.140334
0.140326
0.140304
0.140281
0.140266
0.140259
0.14025
0.140243
0.140239
0.140232
0.140221
0.140209
0.140198
0.140188
0.140179
0.140173
0.140168
0.140164
0.14016
0.140158
0.140156
0.140154
0.140153
0.140152
0.140151
0.14015
0.14015
0.140149
0.140148
0.140147
0.140146
0.140145
0.140144
0.140143
0.140142
0.140141
0.14014
0.140139
0.140138
0.140136
0.140137
0.140125
0.140127
0.140272
0.140278
0.140284
0.140291
0.140297
0.140303
0.140308
0.140313
0.140318
0.140323
0.140327
0.140331
0.140334
0.140338
0.140341
0.140344
0.140346
0.140349
0.140351
0.140353
0.140355
0.140357
0.140358
0.140359
0.14036
0.140361
0.140362
0.140363
0.140363
0.140363
0.140363
0.140362
0.140361
0.140359
0.140357
0.140353
0.140349
0.140336
0.140324
0.140266
0.140259
0.14025
0.140242
0.140238
0.14023
0.140218
0.140205
0.140194
0.140184
0.140175
0.140169
0.140164
0.140161
0.140158
0.140156
0.140154
0.140153
0.140152
0.140151
0.14015
0.14015
0.140149
0.140149
0.140148
0.140147
0.140146
0.140146
0.140145
0.140144
0.140144
0.140143
0.140143
0.140142
0.140141
0.14014
0.140142
0.140131
0.140133
0.140272
0.140278
0.140284
0.140291
0.140297
0.140303
0.140309
0.140315
0.14032
0.140324
0.140329
0.140333
0.140336
0.14034
0.140343
0.140346
0.140349
0.140352
0.140355
0.140357
0.140359
0.140361
0.140363
0.140365
0.140366
0.140368
0.140369
0.14037
0.140371
0.140371
0.140372
0.140372
0.140371
0.140371
0.14037
0.140368
0.140366
0.140358
0.140354
0.140265
0.140258
0.140249
0.14024
0.140236
0.140227
0.140215
0.140201
0.140189
0.140179
0.140171
0.140165
0.140161
0.140157
0.140155
0.140153
0.140152
0.140151
0.14015
0.140149
0.140149
0.140148
0.140147
0.140147
0.140146
0.140146
0.140145
0.140144
0.140144
0.140143
0.140143
0.140142
0.140142
0.140142
0.140141
0.14014
0.140142
0.140132
0.140134
0.140272
0.140278
0.140284
0.140291
0.140298
0.140304
0.14031
0.140315
0.140321
0.140326
0.14033
0.140334
0.140338
0.140342
0.140346
0.140349
0.140352
0.140355
0.140358
0.140361
0.140363
0.140366
0.140368
0.14037
0.140372
0.140373
0.140375
0.140376
0.140377
0.140379
0.140379
0.14038
0.140381
0.140381
0.140381
0.14038
0.14038
0.140374
0.140375
0.140265
0.140257
0.140247
0.140239
0.140234
0.140224
0.140211
0.140197
0.140184
0.140174
0.140166
0.140161
0.140157
0.140154
0.140152
0.14015
0.140149
0.140148
0.140147
0.140146
0.140146
0.140145
0.140145
0.140144
0.140144
0.140143
0.140142
0.140142
0.140141
0.14014
0.14014
0.140139
0.140139
0.140138
0.140138
0.140137
0.140139
0.14013
0.140133
0.140271
0.140277
0.140284
0.140291
0.140298
0.140304
0.14031
0.140316
0.140322
0.140327
0.140331
0.140336
0.14034
0.140344
0.140348
0.140351
0.140355
0.140358
0.140361
0.140364
0.140367
0.14037
0.140372
0.140374
0.140376
0.140378
0.14038
0.140382
0.140384
0.140385
0.140387
0.140388
0.140389
0.14039
0.140391
0.140391
0.140392
0.140388
0.140391
0.140264
0.140256
0.140246
0.140237
0.140231
0.140221
0.140206
0.140192
0.140179
0.140169
0.140161
0.140156
0.140152
0.14015
0.140148
0.140146
0.140145
0.140144
0.140144
0.140143
0.140142
0.140142
0.140141
0.14014
0.14014
0.140139
0.140138
0.140137
0.140136
0.140136
0.140135
0.140134
0.140134
0.140133
0.140132
0.140131
0.140133
0.140125
0.140128
0.14027
0.140276
0.140283
0.140291
0.140298
0.140304
0.140311
0.140316
0.140322
0.140327
0.140332
0.140337
0.140341
0.140345
0.140349
0.140353
0.140357
0.14036
0.140364
0.140367
0.14037
0.140373
0.140376
0.140378
0.140381
0.140383
0.140385
0.140387
0.140389
0.140391
0.140393
0.140395
0.140396
0.140398
0.140399
0.1404
0.140402
0.1404
0.140404
0.140262
0.140254
0.140244
0.140235
0.140228
0.140217
0.140202
0.140186
0.140173
0.140164
0.140156
0.140152
0.140148
0.140146
0.140144
0.140142
0.140141
0.14014
0.140139
0.140139
0.140138
0.140137
0.140136
0.140135
0.140134
0.140133
0.140132
0.140131
0.14013
0.140129
0.140128
0.140126
0.140125
0.140125
0.140124
0.140122
0.140123
0.140116
0.140119
0.140268
0.140275
0.140283
0.14029
0.140297
0.140304
0.14031
0.140316
0.140322
0.140328
0.140333
0.140337
0.140342
0.140346
0.14035
0.140354
0.140358
0.140362
0.140366
0.140369
0.140373
0.140376
0.140379
0.140382
0.140385
0.140387
0.14039
0.140392
0.140394
0.140397
0.140399
0.140401
0.140403
0.140405
0.140407
0.140409
0.140411
0.14041
0.140416
0.140261
0.140253
0.140242
0.140232
0.140225
0.140213
0.140197
0.140181
0.140168
0.140158
0.140151
0.140147
0.140143
0.140141
0.140139
0.140138
0.140136
0.140135
0.140134
0.140133
0.140132
0.140131
0.14013
0.140128
0.140127
0.140125
0.140124
0.140122
0.140121
0.140119
0.140118
0.140116
0.140115
0.140113
0.140112
0.14011
0.140111
0.140103
0.140105
0.140267
0.140274
0.140282
0.140289
0.140296
0.140303
0.14031
0.140316
0.140322
0.140328
0.140333
0.140338
0.140342
0.140347
0.140351
0.140355
0.140359
0.140363
0.140367
0.140371
0.140375
0.140378
0.140382
0.140385
0.140388
0.140391
0.140393
0.140396
0.140399
0.140401
0.140404
0.140407
0.140409
0.140412
0.140414
0.140416
0.14042
0.140419
0.140427
0.140259
0.140251
0.14024
0.14023
0.140222
0.140209
0.140191
0.140175
0.140162
0.140153
0.140146
0.140142
0.140138
0.140136
0.140134
0.140132
0.14013
0.140129
0.140127
0.140126
0.140125
0.140123
0.140122
0.14012
0.140118
0.140116
0.140113
0.140111
0.140109
0.140107
0.140105
0.140103
0.140101
0.140099
0.140097
0.140095
0.140094
0.140086
0.140087
0.140265
0.140272
0.14028
0.140288
0.140295
0.140302
0.140309
0.140315
0.140321
0.140327
0.140332
0.140337
0.140342
0.140347
0.140351
0.140356
0.14036
0.140364
0.140368
0.140372
0.140376
0.14038
0.140384
0.140387
0.14039
0.140394
0.140397
0.1404
0.140403
0.140406
0.140409
0.140412
0.140415
0.140418
0.140421
0.140423
0.140427
0.140428
0.140435
0.140257
0.140249
0.140238
0.140227
0.140219
0.140204
0.140185
0.140169
0.140156
0.140147
0.140141
0.140136
0.140133
0.14013
0.140127
0.140125
0.140123
0.140121
0.140119
0.140117
0.140116
0.140114
0.140111
0.140109
0.140106
0.140103
0.140101
0.140098
0.140095
0.140092
0.140089
0.140086
0.140083
0.14008
0.140077
0.140072
0.14007
0.140061
0.140061
0.140263
0.140271
0.140279
0.140287
0.140294
0.140301
0.140308
0.140314
0.14032
0.140326
0.140331
0.140337
0.140341
0.140346
0.140351
0.140355
0.14036
0.140364
0.140368
0.140373
0.140377
0.140381
0.140385
0.140389
0.140392
0.140396
0.140399
0.140403
0.140406
0.140409
0.140413
0.140416
0.140419
0.140423
0.140426
0.140429
0.140434
0.140435
0.140443
0.140255
0.140246
0.140235
0.140224
0.140215
0.140199
0.14018
0.140163
0.14015
0.140142
0.140135
0.14013
0.140126
0.140123
0.140119
0.140117
0.140114
0.140111
0.140109
0.140107
0.140104
0.140102
0.140099
0.140096
0.140092
0.140089
0.140085
0.140081
0.140077
0.140073
0.140069
0.140064
0.140059
0.140053
0.140047
0.140039
0.140034
0.140025
0.140025
0.140261
0.140269
0.140277
0.140285
0.140292
0.1403
0.140306
0.140313
0.140319
0.140325
0.14033
0.140335
0.14034
0.140345
0.14035
0.140354
0.140359
0.140363
0.140368
0.140373
0.140377
0.140382
0.140386
0.14039
0.140394
0.140397
0.140401
0.140405
0.140408
0.140412
0.140416
0.14042
0.140423
0.140427
0.140431
0.140435
0.14044
0.140442
0.14045
0.140253
0.140243
0.140232
0.140221
0.140211
0.140193
0.140173
0.140156
0.140144
0.140136
0.140129
0.140124
0.140119
0.140114
0.14011
0.140106
0.140103
0.1401
0.140097
0.140094
0.140091
0.140088
0.140084
0.14008
0.140076
0.140071
0.140066
0.140061
0.140055
0.140049
0.140042
0.140035
0.140028
0.140022
0.140015
0.14001
0.140003
0.14
0.139999
0.140258
0.140266
0.140274
0.140283
0.14029
0.140298
0.140304
0.140311
0.140317
0.140323
0.140328
0.140333
0.140338
0.140343
0.140348
0.140352
0.140357
0.140362
0.140367
0.140372
0.140376
0.140381
0.140386
0.14039
0.140394
0.140398
0.140402
0.140406
0.14041
0.140414
0.140418
0.140423
0.140427
0.140431
0.140435
0.14044
0.140445
0.140448
0.140456
0.14025
0.140241
0.140229
0.140217
0.140206
0.140188
0.140167
0.14015
0.140138
0.14013
0.140122
0.140116
0.14011
0.140104
0.140099
0.140094
0.14009
0.140086
0.140083
0.140079
0.140075
0.140071
0.140067
0.140062
0.140056
0.14005
0.140043
0.140036
0.14003
0.140024
0.140019
0.140015
0.140011
0.140008
0.140005
0.140004
0.140001
0.140002
0.140002
0.140255
0.140263
0.140272
0.14028
0.140288
0.140295
0.140302
0.140308
0.140314
0.14032
0.140325
0.14033
0.140335
0.14034
0.140345
0.14035
0.140355
0.140359
0.140364
0.14037
0.140375
0.14038
0.140385
0.140389
0.140394
0.140398
0.140402
0.140407
0.140411
0.140416
0.14042
0.140425
0.140429
0.140434
0.140439
0.140444
0.140449
0.140453
0.140461
0.140247
0.140237
0.140225
0.140213
0.140201
0.140182
0.14016
0.140144
0.140132
0.140123
0.140114
0.140107
0.140099
0.140092
0.140086
0.140081
0.140076
0.140071
0.140067
0.140062
0.140058
0.140053
0.140048
0.140042
0.140036
0.14003
0.140025
0.140021
0.140019
0.140017
0.140017
0.140018
0.140019
0.140021
0.140023
0.140025
0.140027
0.14003
0.14003
0.140252
0.14026
0.140269
0.140277
0.140285
0.140292
0.140299
0.140305
0.140311
0.140316
0.140321
0.140326
0.140331
0.140336
0.140341
0.140346
0.140351
0.140356
0.140361
0.140366
0.140372
0.140377
0.140382
0.140387
0.140392
0.140397
0.140401
0.140406
0.140411
0.140416
0.140421
0.140426
0.140431
0.140436
0.140441
0.140447
0.140453
0.140458
0.140466
0.140244
0.140234
0.140222
0.140209
0.140197
0.140176
0.140154
0.140137
0.140126
0.140115
0.140106
0.140096
0.140087
0.140079
0.140072
0.140066
0.14006
0.140055
0.14005
0.140045
0.140041
0.140036
0.140031
0.140028
0.140025
0.140024
0.140025
0.140027
0.14003
0.140033
0.140036
0.140039
0.140042
0.140045
0.140048
0.140051
0.140053
0.140057
0.140055
0.140249
0.140257
0.140266
0.140274
0.140281
0.140289
0.140295
0.140301
0.140307
0.140312
0.140317
0.140322
0.140326
0.140331
0.140336
0.140341
0.140346
0.140351
0.140357
0.140362
0.140368
0.140373
0.140379
0.140384
0.140389
0.140394
0.140399
0.140404
0.14041
0.140415
0.14042
0.140426
0.140431
0.140437
0.140443
0.140449
0.140455
0.140461
0.14047
0.14024
0.14023
0.140218
0.140205
0.140191
0.140169
0.140147
0.140131
0.140119
0.140107
0.140095
0.140084
0.140074
0.140065
0.140057
0.14005
0.140045
0.14004
0.140036
0.140032
0.14003
0.140029
0.140029
0.140031
0.140034
0.140038
0.140042
0.140046
0.14005
0.140054
0.140057
0.140061
0.140064
0.140067
0.14007
0.140074
0.140076
0.140081
0.140079
0.140245
0.140253
0.140262
0.14027
0.140277
0.140284
0.140291
0.140296
0.140302
0.140307
0.140311
0.140316
0.14032
0.140325
0.14033
0.140335
0.14034
0.140345
0.140351
0.140356
0.140362
0.140368
0.140374
0.14038
0.140385
0.140391
0.140396
0.140401
0.140407
0.140413
0.140418
0.140424
0.14043
0.140436
0.140443
0.140449
0.140457
0.140463
0.140473
0.140236
0.140226
0.140213
0.1402
0.140186
0.140162
0.14014
0.140124
0.140111
0.140098
0.140084
0.140071
0.14006
0.140051
0.140044
0.140038
0.140034
0.140033
0.140033
0.140034
0.140036
0.14004
0.140043
0.140048
0.140052
0.140057
0.140061
0.140065
0.14007
0.140074
0.140078
0.140081
0.140085
0.140089
0.140092
0.140096
0.1401
0.140104
0.140105
0.140241
0.140249
0.140258
0.140266
0.140273
0.140279
0.140285
0.140291
0.140296
0.1403
0.140305
0.140309
0.140313
0.140318
0.140322
0.140327
0.140332
0.140338
0.140343
0.140349
0.140356
0.140362
0.140368
0.140374
0.14038
0.140385
0.140391
0.140397
0.140403
0.140409
0.140415
0.140421
0.140428
0.140435
0.140442
0.140449
0.140457
0.140464
0.140474
0.140232
0.140222
0.140209
0.140195
0.14018
0.140155
0.140133
0.140117
0.140103
0.140087
0.140072
0.140059
0.140048
0.14004
0.140036
0.140036
0.140038
0.140041
0.140045
0.140048
0.140052
0.140056
0.14006
0.140065
0.14007
0.140075
0.14008
0.140085
0.14009
0.140094
0.140099
0.140104
0.140108
0.140113
0.140117
0.140122
0.140126
0.140131
0.140133
0.140236
0.140245
0.140253
0.140261
0.140268
0.140274
0.140279
0.140284
0.140288
0.140293
0.140297
0.140301
0.140305
0.140309
0.140313
0.140318
0.140323
0.140329
0.140335
0.140341
0.140347
0.140354
0.14036
0.140367
0.140373
0.140379
0.140385
0.140391
0.140397
0.140404
0.14041
0.140417
0.140424
0.140431
0.140439
0.140446
0.140455
0.140463
0.140474
0.140227
0.140217
0.140204
0.14019
0.140173
0.140148
0.140126
0.14011
0.140093
0.140076
0.14006
0.140047
0.14004
0.140039
0.140042
0.140046
0.140051
0.140055
0.14006
0.140064
0.140068
0.140072
0.140077
0.140083
0.140089
0.140095
0.140101
0.140107
0.140113
0.140119
0.140124
0.14013
0.140135
0.140141
0.140146
0.140152
0.140157
0.140163
0.140166
0.140231
0.140239
0.140248
0.140255
0.140262
0.140267
0.140272
0.140276
0.14028
0.140284
0.140287
0.140291
0.140295
0.140299
0.140303
0.140308
0.140313
0.140319
0.140324
0.140331
0.140337
0.140344
0.140351
0.140358
0.140364
0.14037
0.140377
0.140383
0.14039
0.140397
0.140404
0.140411
0.140418
0.140426
0.140434
0.140442
0.140452
0.140461
0.140472
0.140222
0.140212
0.140199
0.140184
0.140167
0.140141
0.140119
0.140102
0.140083
0.140064
0.140049
0.14004
0.140041
0.140046
0.140053
0.140059
0.140065
0.14007
0.140075
0.14008
0.140086
0.140091
0.140097
0.140104
0.140112
0.140119
0.140126
0.140133
0.14014
0.140147
0.140154
0.14016
0.140167
0.140173
0.140179
0.140185
0.140191
0.140198
0.140202
0.140226
0.140234
0.140242
0.140249
0.140255
0.14026
0.140264
0.140268
0.140271
0.140274
0.140277
0.14028
0.140283
0.140287
0.140291
0.140296
0.140301
0.140306
0.140312
0.140318
0.140325
0.140332
0.14034
0.140347
0.140353
0.14036
0.140367
0.140374
0.140381
0.140388
0.140396
0.140403
0.140411
0.140419
0.140428
0.140437
0.140447
0.140457
0.140468
0.140217
0.140207
0.140193
0.140178
0.14016
0.140133
0.140112
0.140093
0.140072
0.140053
0.140042
0.140043
0.140049
0.140057
0.140066
0.140074
0.140081
0.140088
0.140094
0.140101
0.140107
0.140114
0.140121
0.14013
0.140138
0.140147
0.140155
0.140164
0.140171
0.140179
0.140186
0.140194
0.1402
0.140207
0.140214
0.140221
0.140227
0.140235
0.140239
0.14022
0.140228
0.140235
0.140242
0.140247
0.140252
0.140255
0.140258
0.14026
0.140263
0.140265
0.140268
0.140271
0.140274
0.140277
0.140281
0.140286
0.140291
0.140297
0.140303
0.14031
0.140317
0.140325
0.140332
0.140339
0.140346
0.140354
0.140361
0.140369
0.140377
0.140385
0.140393
0.140402
0.140411
0.14042
0.140429
0.14044
0.14045
0.140463
0.140211
0.140201
0.140187
0.140172
0.140153
0.140126
0.140104
0.140084
0.140062
0.140045
0.140042
0.140049
0.14006
0.140071
0.140082
0.140092
0.140101
0.140109
0.140117
0.140125
0.140133
0.14014
0.140149
0.140158
0.140168
0.140177
0.140186
0.140195
0.140204
0.140212
0.140219
0.140227
0.140234
0.140241
0.140248
0.140255
0.140261
0.140269
0.140274
0.140213
0.140221
0.140228
0.140234
0.140239
0.140242
0.140245
0.140247
0.140248
0.14025
0.140252
0.140254
0.140256
0.140258
0.140261
0.140264
0.140268
0.140273
0.140278
0.140284
0.140291
0.140298
0.140306
0.140314
0.140321
0.140329
0.140337
0.140345
0.140353
0.140362
0.140371
0.14038
0.140389
0.140399
0.140409
0.140419
0.14043
0.140442
0.140455
0.140204
0.140194
0.140181
0.140165
0.140146
0.140118
0.140096
0.140074
0.140052
0.140041
0.140047
0.140059
0.140074
0.140088
0.140102
0.140114
0.140125
0.140134
0.140143
0.140152
0.14016
0.140169
0.140178
0.140188
0.140198
0.140208
0.140217
0.140226
0.140235
0.140243
0.14025
0.140258
0.140265
0.140271
0.140278
0.140285
0.140292
0.1403
0.140305
0.140206
0.140213
0.14022
0.140225
0.140229
0.140232
0.140233
0.140234
0.140235
0.140236
0.140237
0.140238
0.140239
0.14024
0.140242
0.140244
0.140248
0.140252
0.140257
0.140262
0.140269
0.140276
0.140284
0.140292
0.140299
0.140307
0.140315
0.140324
0.140333
0.140342
0.140352
0.140362
0.140372
0.140383
0.140394
0.140405
0.140418
0.140431
0.140445
0.140197
0.140187
0.140174
0.140158
0.140138
0.14011
0.140088
0.140063
0.140044
0.140044
0.140056
0.140073
0.140091
0.140109
0.140124
0.140138
0.140151
0.140161
0.140171
0.14018
0.140189
0.140198
0.140207
0.140217
0.140227
0.140236
0.140246
0.140254
0.140262
0.14027
0.140277
0.140284
0.140291
0.140298
0.140305
0.140311
0.140318
0.140326
0.140332
0.140198
0.140205
0.140211
0.140216
0.140219
0.14022
0.140221
0.140221
0.14022
0.14022
0.14022
0.140219
0.140219
0.14022
0.140221
0.140223
0.140226
0.14023
0.140234
0.14024
0.140246
0.140253
0.14026
0.140268
0.140275
0.140283
0.140291
0.1403
0.140308
0.140318
0.140328
0.140338
0.140349
0.140361
0.140373
0.140386
0.140399
0.140414
0.14043
0.14019
0.14018
0.140167
0.140151
0.14013
0.140102
0.140079
0.140054
0.14004
0.140048
0.140067
0.140089
0.140111
0.140132
0.140149
0.140164
0.140177
0.140188
0.140198
0.140207
0.140216
0.140224
0.140233
0.140243
0.140252
0.140262
0.14027
0.140279
0.140286
0.140294
0.140301
0.140308
0.140315
0.140322
0.140329
0.140336
0.140343
0.140351
0.140357
0.140189
0.140196
0.140201
0.140205
0.140207
0.140207
0.140207
0.140206
0.140204
0.140203
0.140201
0.1402
0.140199
0.140199
0.1402
0.140201
0.140204
0.140207
0.140211
0.140217
0.140223
0.14023
0.140237
0.140244
0.140252
0.140259
0.140267
0.140275
0.140284
0.140293
0.140303
0.140314
0.140324
0.140336
0.140348
0.140362
0.140376
0.140392
0.14041
0.140182
0.140172
0.140159
0.140143
0.140122
0.140094
0.14007
0.140045
0.140042
0.140057
0.140081
0.140108
0.140134
0.140156
0.140175
0.14019
0.140203
0.140214
0.140223
0.140232
0.14024
0.140248
0.140257
0.140266
0.140275
0.140284
0.140293
0.140301
0.14031
0.140318
0.140326
0.140333
0.140341
0.140349
0.140356
0.140364
0.140372
0.140381
0.140388
0.140181
0.140187
0.140192
0.140195
0.140196
0.140194
0.140193
0.140189
0.140187
0.140183
0.14018
0.140178
0.140177
0.140177
0.140178
0.140179
0.140182
0.140185
0.14019
0.140195
0.140201
0.140208
0.140216
0.140223
0.140231
0.140238
0.140246
0.140254
0.140263
0.140272
0.140282
0.140292
0.140303
0.140314
0.140326
0.140339
0.140354
0.14037
0.140388
0.140174
0.140165
0.140152
0.140136
0.140114
0.140086
0.140059
0.140039
0.140045
0.140067
0.140098
0.140128
0.140155
0.140178
0.140196
0.140211
0.140223
0.140233
0.140242
0.14025
0.140258
0.140266
0.140275
0.140284
0.140294
0.140304
0.140313
0.140323
0.140332
0.140342
0.140351
0.140361
0.14037
0.140379
0.140388
0.140398
0.140408
0.140419
0.140427
0.140174
0.14018
0.140184
0.140185
0.140185
0.140182
0.140178
0.140172
0.140168
0.140158
0.140154
0.140153
0.140153
0.140153
0.140154
0.140156
0.140159
0.140163
0.140167
0.140173
0.140179
0.140186
0.140194
0.140202
0.14021
0.140218
0.140226
0.140234
0.140243
0.140252
0.140262
0.140272
0.140282
0.140293
0.140305
0.140318
0.140333
0.140349
0.140367
0.140167
0.140158
0.140145
0.140129
0.140107
0.140078
0.140049
0.140037
0.140051
0.140081
0.140116
0.140147
0.140174
0.140196
0.140213
0.140227
0.140238
0.140248
0.140257
0.140265
0.140273
0.140282
0.140291
0.140301
0.140312
0.140323
0.140335
0.140346
0.140357
0.140369
0.14038
0.140391
0.140402
0.140414
0.140425
0.140436
0.140448
0.140462
0.140472
0.140167
0.140172
0.140174
0.140175
0.140173
0.140168
0.140163
0.140154
0.140147
0.140131
0.140126
0.140125
0.140125
0.140127
0.140128
0.140131
0.140134
0.140138
0.140142
0.140148
0.140154
0.140161
0.140169
0.140177
0.140185
0.140193
0.140201
0.14021
0.140219
0.140229
0.140238
0.140248
0.140259
0.14027
0.140282
0.140294
0.140308
0.140324
0.140342
0.14016
0.140151
0.140139
0.140122
0.140099
0.14007
0.140039
0.140038
0.140061
0.140098
0.140135
0.140166
0.140192
0.140212
0.140229
0.140242
0.140254
0.140264
0.140273
0.140282
0.140291
0.1403
0.140311
0.140323
0.140336
0.140349
0.140363
0.140376
0.14039
0.140403
0.140416
0.140429
0.140442
0.140454
0.140467
0.14048
0.140493
0.140508
0.140521
0.140158
0.140162
0.140164
0.140163
0.14016
0.140153
0.140145
0.140134
0.140124
0.140102
0.140096
0.140096
0.140097
0.140099
0.140101
0.140104
0.140107
0.140111
0.140116
0.140122
0.140128
0.140135
0.140142
0.14015
0.140158
0.140166
0.140174
0.140182
0.140192
0.140201
0.140211
0.140221
0.140232
0.140243
0.140254
0.140267
0.140281
0.140296
0.140313
0.140152
0.140143
0.140131
0.140114
0.140091
0.140061
0.14003
0.140041
0.140074
0.140116
0.140153
0.140184
0.140208
0.140228
0.140244
0.140258
0.140271
0.140282
0.140292
0.140303
0.140313
0.140325
0.140337
0.140351
0.140366
0.140382
0.140397
0.140412
0.140427
0.140441
0.140454
0.140468
0.140481
0.140493
0.140506
0.140518
0.140531
0.140545
0.140558
0.140148
0.140152
0.140152
0.14015
0.140145
0.140137
0.140127
0.140113
0.1401
0.140074
0.140067
0.140067
0.140069
0.140071
0.140074
0.140077
0.14008
0.140084
0.140089
0.140094
0.1401
0.140107
0.140114
0.140121
0.140129
0.140136
0.140144
0.140152
0.140161
0.14017
0.140179
0.140189
0.1402
0.140211
0.140223
0.140235
0.140249
0.140265
0.140281
0.140142
0.140134
0.140122
0.140106
0.140083
0.140052
0.140022
0.140046
0.140088
0.140133
0.14017
0.1402
0.140224
0.140244
0.140262
0.140278
0.140292
0.140305
0.140318
0.14033
0.140342
0.140355
0.140369
0.140384
0.1404
0.140415
0.14043
0.140444
0.140457
0.140469
0.14048
0.140491
0.1405
0.14051
0.140519
0.140527
0.140536
0.140545
0.140554
0.140137
0.14014
0.140139
0.140136
0.140129
0.140119
0.140107
0.140091
0.140074
0.140048
0.140042
0.140042
0.140044
0.140046
0.140049
0.140051
0.140054
0.140058
0.140062
0.140067
0.140072
0.140079
0.140085
0.140092
0.140098
0.140105
0.140112
0.14012
0.140128
0.140136
0.140145
0.140154
0.140164
0.140175
0.140186
0.140198
0.140212
0.140227
0.140244
0.140132
0.140125
0.140113
0.140096
0.140074
0.140043
0.140016
0.140054
0.140102
0.140149
0.140185
0.140214
0.14024
0.140263
0.140283
0.140302
0.140319
0.140333
0.140347
0.14036
0.140372
0.140384
0.140396
0.140409
0.140422
0.140434
0.140443
0.140452
0.140459
0.140465
0.140469
0.140473
0.140476
0.140479
0.140481
0.140482
0.140483
0.140484
0.140486
0.140124
0.140126
0.140125
0.14012
0.140112
0.140101
0.140086
0.140069
0.140049
0.14003
0.140025
0.140025
0.140025
0.140026
0.140027
0.140029
0.14003
0.140033
0.140036
0.140039
0.140043
0.140048
0.140054
0.14006
0.140066
0.140072
0.140078
0.140085
0.140093
0.140101
0.140109
0.140118
0.140127
0.140137
0.140147
0.140159
0.140172
0.140186
0.140202
0.14012
0.140113
0.140102
0.140086
0.140065
0.140033
0.140012
0.140062
0.140114
0.140161
0.140198
0.14023
0.140259
0.140285
0.140308
0.140327
0.140344
0.140357
0.140368
0.140378
0.140387
0.140394
0.140401
0.140407
0.140411
0.140414
0.140415
0.140414
0.140412
0.14041
0.140407
0.140403
0.140399
0.140396
0.140392
0.140389
0.140386
0.140383
0.140382
0.14011
0.140111
0.140109
0.140103
0.140094
0.140081
0.140066
0.140047
0.140027
0.140023
0.140024
0.140025
0.140027
0.140028
0.140029
0.140029
0.140029
0.140029
0.140029
0.140029
0.140028
0.140029
0.140031
0.140034
0.140037
0.14004
0.140045
0.14005
0.140056
0.140062
0.140068
0.140076
0.140084
0.140092
0.140102
0.140112
0.140123
0.140137
0.140152
0.140107
0.140101
0.140091
0.140075
0.140055
0.140024
0.140012
0.140069
0.140123
0.140171
0.140211
0.140248
0.140279
0.140305
0.140325
0.140339
0.140349
0.140356
0.14036
0.140362
0.140363
0.140363
0.140361
0.140357
0.140352
0.140346
0.14034
0.140334
0.140329
0.140325
0.140322
0.14032
0.140321
0.140323
0.140328
0.140334
0.140343
0.140357
0.140372
0.140095
0.140095
0.140092
0.140085
0.140075
0.140062
0.140046
0.140028
0.140012
0.140023
0.14003
0.140034
0.140038
0.140041
0.140043
0.140045
0.140045
0.140045
0.140045
0.140043
0.140042
0.14004
0.140038
0.140036
0.140035
0.140034
0.140033
0.140033
0.140035
0.140036
0.140039
0.140043
0.140048
0.140053
0.14006
0.140068
0.140077
0.140088
0.140101
0.140092
0.140087
0.140078
0.140064
0.140045
0.140016
0.140016
0.140073
0.140126
0.140179
0.140224
0.14026
0.140286
0.140302
0.14031
0.140312
0.140311
0.140308
0.140304
0.140299
0.140294
0.140289
0.140283
0.140278
0.140275
0.140275
0.140278
0.140284
0.140293
0.140307
0.140325
0.140348
0.140374
0.140404
0.140438
0.140475
0.140517
0.140566
0.140613
0.140077
0.140077
0.140073
0.140066
0.140056
0.140044
0.140028
0.140013
0.140007
0.140027
0.140038
0.140046
0.140053
0.140058
0.140062
0.140065
0.140067
0.140068
0.140068
0.140068
0.140066
0.140064
0.140062
0.140059
0.140057
0.140054
0.140052
0.140049
0.140047
0.140045
0.140044
0.140043
0.140043
0.140043
0.140044
0.140047
0.14005
0.140055
0.140062
0.140075
0.140071
0.140063
0.140051
0.140034
0.140009
0.140019
0.140071
0.140126
0.140184
0.140225
0.140248
0.140255
0.140253
0.140247
0.14024
0.140234
0.14023
0.140229
0.140229
0.140232
0.140237
0.140246
0.140262
0.140286
0.140317
0.140352
0.140391
0.140433
0.140477
0.140522
0.140567
0.140612
0.140656
0.140701
0.140747
0.140794
0.140845
0.140891
0.140058
0.140057
0.140053
0.140046
0.140038
0.140027
0.140014
0.140005
0.140011
0.140029
0.140042
0.140054
0.140065
0.140073
0.140081
0.140087
0.140092
0.140096
0.140099
0.140101
0.140102
0.140102
0.140101
0.140099
0.140096
0.140093
0.14009
0.140085
0.140079
0.140076
0.140071
0.140066
0.140062
0.140058
0.140055
0.140052
0.14005
0.140049
0.14005
0.140057
0.140054
0.140048
0.140038
0.140024
0.140004
0.14002
0.140061
0.14012
0.14017
0.14019
0.140187
0.140179
0.140174
0.140175
0.140181
0.140195
0.140214
0.140237
0.140262
0.140291
0.140323
0.14036
0.140404
0.140452
0.1405
0.140546
0.14059
0.140632
0.14067
0.140706
0.140738
0.140768
0.140795
0.140819
0.140842
0.140863
0.140882
0.140899
0.140036
0.140035
0.140032
0.140027
0.140021
0.140013
0.140004
0.140005
0.140013
0.140023
0.140036
0.14005
0.140065
0.140076
0.140085
0.140092
0.140097
0.140102
0.140106
0.140109
0.140113
0.140116
0.14012
0.140123
0.140127
0.140131
0.140134
0.140138
0.140142
0.140144
0.140147
0.14015
0.140153
0.140156
0.140159
0.140162
0.140165
0.140169
0.140172
0.140036
0.140034
0.14003
0.140023
0.140014
0.140002
0.140017
0.140043
0.140097
0.140113
0.140109
0.140101
0.140118
0.140152
0.140193
0.140235
0.140276
0.140313
0.140347
0.140379
0.140409
0.140439
0.140468
0.140498
0.140525
0.140549
0.140567
0.140582
0.140594
0.140602
0.140608
0.140611
0.140612
0.140611
0.140608
0.140603
0.140595
0.140585
0.140573
0.140013
0.140012
0.140011
0.140009
0.140006
0.140003
0.140001
0.140003
0.140007
0.140008
0.140021
0.140041
0.140066
0.14009
0.140113
0.140134
0.140153
0.140169
0.140183
0.140195
0.140205
0.140213
0.140219
0.140224
0.140227
0.140229
0.14023
0.14023
0.140229
0.140229
0.140227
0.140224
0.140222
0.14022
0.14022
0.140221
0.140223
0.140226
0.140227
0.140012
0.140012
0.14001
0.140008
0.140004
0.140001
0.140007
0.140015
0.140038
0.140022
0.14004
0.140076
0.140116
0.140152
0.140182
0.140206
0.140224
0.140238
0.140248
0.140256
0.14026
0.140262
0.140261
0.140258
0.140254
0.140248
0.140242
0.140235
0.140228
0.140221
0.140213
0.140206
0.140198
0.140189
0.14018
0.14017
0.14016
0.140149
0.14014
0.514508
0.926968
1.27906
1.54851
1.74079
1.86496
1.93682
1.97932
2.05209
2.09046
2.07628
1.9998
1.85755
1.65208
1.39299
1.09885
0.798699
0.530744
0.332145
0.21542
0.158251
0.132853
0.125055
0.126701
0.131262
0.134922
0.13702
0.137896
0.138227
0.138414
0.138597
0.138802
0.139015
0.139217
0.139398
0.139555
0.139693
0.139815
0.139927
0.140032
0.140129
0.140212
0.140276
0.140322
0.140354
0.140376
0.140392
0.140405
0.140416
0.140423
0.140433
0.140444
0.140452
0.140459
0.140465
0.14047
0.140475
0.140478
0.14048
0.14048
0.140479
0.140476
0.140471
0.140463
0.140454
0.14044
0.14042
0.140399
0.140378
0.140352
0.140324
0.140291
0.140254
0.140212
0.140161
0.140109
0.140066
0.14005
0.140174
0.140228
0.181947
0.0832219
0.082037
0.0831476
0.0902038
0.099276
0.107399
0.114055
0.119305
0.123398
0.126579
0.129063
0.131017
0.132569
0.133815
0.134824
0.135648
0.136327
0.136891
0.137362
0.137757
0.138091
0.138375
0.138618
0.138826
0.139005
0.13916
0.139295
0.139411
0.139512
0.139601
0.139683
0.139759
0.139823
0.139875
0.13992
0.139961
0.139998
0.140034
0.140069
0.140099
0.140118
0.140128
0.140132
0.140133
0.140131
0.140126
0.140117
0.140103
0.140084
0.140056
0.140021
0.14
0.140007
0.140035
0.140059
0.140084
0.140111
0.14014
0.140174
0.140211
0.140248
0.140283
0.140313
0.140339
0.140364
0.140397
0.140439
0.140485
0.140534
0.140569
0.140558
0.140483
0.140379
0.14039
0.140653
0.140924
0.140908
0.140563
0.140136
0.397841
0.790285
1.1713
1.4941
1.75356
1.95261
2.09529
2.18754
2.23824
2.25889
2.27065
2.25816
2.19634
2.06728
1.8617
1.58095
1.24044
0.874102
0.537178
0.294219
0.173263
0.135604
0.128147
0.127314
0.129357
0.132905
0.136019
0.137724
0.138287
0.138427
0.138552
0.138743
0.138957
0.139162
0.139347
0.139509
0.139652
0.139778
0.139894
0.140003
0.140103
0.14019
0.14026
0.140314
0.14035
0.140374
0.140392
0.140406
0.140416
0.140424
0.140435
0.140446
0.140455
0.140462
0.140469
0.140475
0.140479
0.140483
0.140485
0.140486
0.140485
0.140482
0.140477
0.14047
0.140461
0.140447
0.140428
0.140407
0.140386
0.14036
0.140331
0.140298
0.140261
0.140218
0.140167
0.140114
0.140069
0.14005
0.140176
0.140229
0.131402
0.0853487
0.094702
0.100217
0.106949
0.112883
0.117828
0.121847
0.125071
0.127653
0.129726
0.131401
0.132763
0.133881
0.134804
0.135573
0.136217
0.13676
0.137221
0.137613
0.137948
0.138237
0.138486
0.138702
0.13889
0.139054
0.139196
0.139321
0.139431
0.139528
0.139615
0.139696
0.139768
0.139827
0.139878
0.139923
0.139964
0.140002
0.140038
0.140071
0.140097
0.140112
0.140121
0.140126
0.14013
0.140129
0.140123
0.140113
0.140097
0.140075
0.140046
0.140013
0.139999
0.140012
0.14004
0.140064
0.140089
0.140117
0.140147
0.140181
0.140219
0.140256
0.14029
0.14032
0.140345
0.140371
0.140405
0.140449
0.140497
0.140545
0.140577
0.14056
0.140477
0.140376
0.140408
0.140685
0.140947
0.140911
0.140554
0.140133
0.195139
0.45484
0.8023
1.15001
1.4643
1.73493
1.95723
2.12839
2.2476
2.31804
2.34667
2.3444
2.33077
2.28993
2.19534
2.02606
1.77053
1.43164
1.03452
0.636017
0.320933
0.153155
0.111475
0.12023
0.130238
0.133484
0.134867
0.136519
0.137892
0.138489
0.138625
0.1387
0.138859
0.13907
0.139273
0.139448
0.139599
0.139734
0.139859
0.139976
0.140082
0.140174
0.14025
0.140308
0.140347
0.140374
0.140393
0.140408
0.140418
0.140427
0.140438
0.140449
0.140459
0.140467
0.140474
0.14048
0.140485
0.140488
0.140491
0.140492
0.140491
0.140489
0.140484
0.140477
0.140468
0.140455
0.140436
0.140416
0.140394
0.140368
0.140338
0.140306
0.140268
0.140225
0.140174
0.140119
0.140072
0.14005
0.140178
0.140232
0.101557
0.103325
0.110101
0.114744
0.118948
0.122332
0.125129
0.127438
0.129345
0.130927
0.132244
0.133347
0.134275
0.135061
0.135729
0.1363
0.13679
0.137213
0.137579
0.137896
0.138174
0.138416
0.138629
0.138815
0.13898
0.139124
0.139252
0.139365
0.139466
0.139558
0.139642
0.139717
0.139783
0.139838
0.139887
0.13993
0.13997
0.140008
0.140042
0.140072
0.140096
0.140111
0.14012
0.140127
0.140129
0.140128
0.140121
0.140109
0.140092
0.140066
0.140034
0.140005
0.139997
0.140017
0.140045
0.14007
0.140095
0.140124
0.140155
0.14019
0.140227
0.140264
0.140298
0.140327
0.140352
0.140378
0.140415
0.14046
0.140509
0.140557
0.140584
0.14056
0.140471
0.140375
0.140429
0.14072
0.140971
0.140913
0.140544
0.14013
0.114917
0.18795
0.394178
0.696347
1.02292
1.33473
1.61596
1.85847
2.05655
2.20639
2.30663
2.35968
2.37214
2.35394
2.3298
2.26946
2.14566
1.93713
1.63376
1.24542
0.81579
0.429899
0.18162
0.0959168
0.104095
0.127276
0.13707
0.137817
0.137369
0.137814
0.138443
0.138742
0.138845
0.138982
0.139178
0.139376
0.139548
0.139696
0.139829
0.139951
0.140062
0.14016
0.14024
0.140302
0.140344
0.140373
0.140394
0.14041
0.140421
0.14043
0.140441
0.140453
0.140463
0.140471
0.140479
0.140485
0.14049
0.140494
0.140497
0.140498
0.140498
0.140496
0.140491
0.140484
0.140475
0.140463
0.140444
0.140424
0.140402
0.140376
0.140347
0.140313
0.140275
0.140232
0.140181
0.140124
0.140075
0.14005
0.14018
0.140236
0.111943
0.11807
0.121349
0.124077
0.126325
0.128173
0.12974
0.131078
0.132227
0.133215
0.134068
0.134807
0.135448
0.136006
0.136493
0.13692
0.137294
0.137623
0.137914
0.138171
0.138398
0.1386
0.138779
0.138939
0.13908
0.139206
0.139319
0.139421
0.139514
0.139599
0.139676
0.139744
0.139802
0.139853
0.139899
0.139941
0.139979
0.140015
0.140049
0.140078
0.1401
0.140114
0.140123
0.140129
0.14013
0.140127
0.140119
0.140106
0.140086
0.140057
0.140022
0.139997
0.139997
0.140022
0.140051
0.140076
0.140102
0.140131
0.140163
0.140198
0.140236
0.140273
0.140306
0.140334
0.140359
0.140386
0.140425
0.140473
0.140523
0.14057
0.140592
0.140559
0.140464
0.140375
0.140454
0.140758
0.140994
0.140914
0.140533
0.140126
0.118308
0.115658
0.154854
0.294195
0.541218
0.843223
1.15181
1.44258
1.7037
1.9275
2.10807
2.24144
2.32642
2.36632
2.3702
2.34984
2.3108
2.22602
2.06754
1.81464
1.46215
1.03482
0.60259
0.2694
0.107051
0.0860009
0.115412
0.136503
0.140974
0.139217
0.138043
0.138229
0.138692
0.138971
0.139138
0.139308
0.139488
0.139654
0.139797
0.139924
0.14004
0.140143
0.140228
0.140294
0.140341
0.140373
0.140395
0.140412
0.140425
0.140434
0.140445
0.140457
0.140468
0.140477
0.140484
0.140491
0.140496
0.140501
0.140504
0.140505
0.140505
0.140503
0.140499
0.140492
0.140483
0.140471
0.140453
0.140433
0.140412
0.140385
0.140355
0.140321
0.140283
0.140239
0.140188
0.140131
0.140079
0.140051
0.140182
0.140241
0.124082
0.12655
0.128127
0.12955
0.130737
0.131772
0.132684
0.133492
0.134209
0.134847
0.135415
0.13592
0.13637
0.13677
0.137126
0.137445
0.13773
0.137986
0.138215
0.138422
0.138608
0.138775
0.138925
0.139059
0.139181
0.139291
0.139391
0.139483
0.139567
0.139643
0.139712
0.139772
0.139824
0.139871
0.139914
0.139955
0.139994
0.14003
0.140062
0.140088
0.140106
0.140119
0.140127
0.140131
0.140131
0.140126
0.140117
0.140101
0.140078
0.140047
0.140011
0.139991
0.139999
0.140028
0.140056
0.140082
0.140109
0.140138
0.140171
0.140208
0.140246
0.140282
0.140314
0.140342
0.140366
0.140395
0.140436
0.140486
0.140537
0.140582
0.140598
0.140557
0.140456
0.140377
0.140483
0.140797
0.141018
0.140914
0.140521
0.140121
0.128434
0.122917
0.11554
0.127268
0.202431
0.37817
0.638698
0.936209
1.2338
1.51205
1.76021
1.97069
2.13766
2.25748
2.32969
2.35874
2.35354
2.32849
2.27399
2.16083
1.96142
1.65871
1.25933
0.811668
0.411461
0.159705
0.0796749
0.0976094
0.129174
0.142138
0.141774
0.139039
0.138145
0.138542
0.139045
0.139305
0.139453
0.1396
0.139753
0.139893
0.140016
0.140123
0.140214
0.140285
0.140336
0.140372
0.140397
0.140415
0.140428
0.140439
0.140449
0.140462
0.140473
0.140482
0.14049
0.140497
0.140502
0.140507
0.14051
0.140512
0.140512
0.140511
0.140507
0.1405
0.140492
0.140479
0.140462
0.140443
0.140421
0.140395
0.140364
0.14033
0.140291
0.140247
0.140196
0.140137
0.140083
0.140052
0.140184
0.140246
0.130302
0.131206
0.132028
0.132779
0.133454
0.13407
0.134633
0.135147
0.135615
0.136042
0.136431
0.136785
0.137107
0.1374
0.137665
0.137906
0.138125
0.138323
0.138504
0.138668
0.138817
0.138953
0.139076
0.139188
0.13929
0.139384
0.139471
0.139552
0.139626
0.139692
0.139752
0.139805
0.139853
0.139898
0.13994
0.13998
0.140017
0.14005
0.140078
0.140099
0.140114
0.140125
0.140131
0.140133
0.140131
0.140125
0.140113
0.140096
0.14007
0.140035
0.14
0.139987
0.140003
0.140035
0.140063
0.140089
0.140116
0.140147
0.140181
0.140218
0.140256
0.140291
0.140323
0.14035
0.140374
0.140404
0.140448
0.140501
0.140552
0.140595
0.140604
0.140553
0.140448
0.140382
0.140516
0.140838
0.141041
0.140912
0.140509
0.140116
0.132979
0.131699
0.127319
0.118741
0.114631
0.142589
0.243056
0.43809
0.704466
0.999464
1.29127
1.56212
1.80143
2.00152
2.15667
2.26375
2.32337
2.34116
2.32532
2.29318
2.2185
2.06991
1.82196
1.46652
1.03047
0.590854
0.257081
0.098547
0.0818748
0.115395
0.139119
0.143817
0.140819
0.138552
0.13842
0.139019
0.139425
0.139597
0.139715
0.139849
0.139983
0.1401
0.140198
0.140274
0.14033
0.14037
0.140397
0.140417
0.140432
0.140443
0.140454
0.140466
0.140478
0.140487
0.140496
0.140503
0.140509
0.140514
0.140518
0.14052
0.14052
0.140519
0.140515
0.140509
0.1405
0.140489
0.140472
0.140453
0.140431
0.140405
0.140374
0.140339
0.1403
0.140256
0.140204
0.140145
0.140088
0.140054
0.140187
0.140252
0.133441
0.133911
0.134378
0.134818
0.135234
0.135625
0.135991
0.136332
0.13665
0.136944
0.137217
0.13747
0.137704
0.137919
0.138118
0.138302
0.13847
0.138625
0.138767
0.138897
0.139017
0.139127
0.139229
0.139322
0.139409
0.139489
0.139564
0.139633
0.139696
0.139752
0.139804
0.139851
0.139895
0.139936
0.139975
0.140011
0.140043
0.140071
0.140093
0.14011
0.140123
0.140131
0.140135
0.140135
0.140131
0.140123
0.140109
0.140089
0.140059
0.140021
0.13999
0.139986
0.14001
0.140042
0.14007
0.140096
0.140125
0.140156
0.140191
0.140228
0.140266
0.140301
0.140332
0.140358
0.140383
0.140414
0.140461
0.140517
0.140568
0.140607
0.140609
0.140548
0.140441
0.140389
0.140554
0.140881
0.141063
0.140908
0.140496
0.140109
0.13509
0.134857
0.134183
0.131396
0.124297
0.114533
0.115473
0.156916
0.274645
0.48173
0.752595
1.04763
1.3371
1.6035
1.83599
2.02677
2.17037
2.26436
2.31107
2.31918
2.29969
2.25183
2.14573
1.9502
1.64554
1.23984
0.787881
0.391646
0.150031
0.0778741
0.0987361
0.130994
0.143832
0.142882
0.13959
0.138497
0.138927
0.139472
0.139723
0.139834
0.139945
0.140067
0.140176
0.140261
0.140323
0.140367
0.140398
0.14042
0.140436
0.140447
0.140459
0.140471
0.140483
0.140493
0.140502
0.140509
0.140516
0.140521
0.140525
0.140528
0.140528
0.140527
0.140524
0.140518
0.14051
0.140498
0.140482
0.140463
0.140442
0.140416
0.140384
0.140349
0.14031
0.140265
0.140213
0.140153
0.140093
0.140055
0.140189
0.140259
0.135339
0.135639
0.135928
0.136209
0.13648
0.136739
0.136985
0.137219
0.137439
0.137646
0.13784
0.138022
0.138193
0.138353
0.138502
0.138641
0.13877
0.13889
0.139002
0.139106
0.139202
0.139292
0.139376
0.139454
0.139527
0.139595
0.139658
0.139715
0.139768
0.139816
0.13986
0.139902
0.13994
0.139977
0.14001
0.140041
0.140068
0.14009
0.140108
0.140121
0.140131
0.140136
0.140138
0.140136
0.14013
0.14012
0.140104
0.14008
0.140046
0.140006
0.139983
0.139989
0.140018
0.14005
0.140078
0.140105
0.140134
0.140166
0.140202
0.14024
0.140277
0.140312
0.140341
0.140367
0.140392
0.140426
0.140476
0.140534
0.140585
0.14062
0.140612
0.140541
0.140433
0.1404
0.140596
0.140926
0.141084
0.140902
0.140481
0.1401
0.136462
0.13629
0.136183
0.135962
0.13461
0.13002
0.120755
0.110915
0.116935
0.169286
0.300045
0.516801
0.792837
1.09
1.37919
1.64254
1.86877
2.05005
2.18157
2.26228
2.29656
2.29245
2.26448
2.1931
2.04511
1.79261
1.42846
0.985954
0.550909
0.233991
0.0931945
0.0846526
0.118585
0.140715
0.144403
0.14114
0.138929
0.138864
0.13945
0.139815
0.139951
0.140042
0.140145
0.140241
0.140314
0.140363
0.140397
0.140422
0.140439
0.140452
0.140464
0.140476
0.140488
0.140499
0.140508
0.140516
0.140523
0.140529
0.140533
0.140536
0.140537
0.140536
0.140533
0.140527
0.140519
0.140508
0.140492
0.140474
0.140453
0.140427
0.140395
0.140359
0.14032
0.140274
0.140222
0.140161
0.140099
0.140058
0.140192
0.140266
0.136645
0.136842
0.137032
0.137218
0.137399
0.137574
0.137742
0.137903
0.138057
0.138203
0.138342
0.138474
0.138598
0.138716
0.138828
0.138933
0.139032
0.139125
0.139212
0.139295
0.139373
0.139446
0.139515
0.139579
0.139639
0.139695
0.139747
0.139795
0.139838
0.139879
0.139917
0.139952
0.139985
0.140016
0.140044
0.140069
0.14009
0.140107
0.140121
0.140132
0.140138
0.140141
0.14014
0.140136
0.140128
0.140116
0.140097
0.140069
0.140031
0.139993
0.139978
0.139995
0.140027
0.140059
0.140086
0.140113
0.140143
0.140177
0.140213
0.140252
0.140289
0.140322
0.140351
0.140376
0.140402
0.140438
0.140492
0.140552
0.140602
0.140631
0.140614
0.140533
0.140426
0.140415
0.140643
0.140972
0.141103
0.140894
0.140465
0.140091
0.137474
0.13733
0.137192
0.137131
0.13714
0.13674
0.134475
0.128138
0.11719
0.107795
0.118658
0.180623
0.323032
0.549466
0.831983
1.13279
1.42263
1.68308
1.90244
2.07296
2.19065
2.25633
2.27736
2.26327
2.21791
2.11059
1.90787
1.5906
1.17319
0.721582
0.344584
0.131561
0.0787936
0.104283
0.134121
0.144508
0.142841
0.139772
0.138936
0.13939
0.139862
0.140057
0.140138
0.140217
0.140296
0.140357
0.140397
0.140424
0.140443
0.140457
0.140469
0.140482
0.140494
0.140505
0.140515
0.140523
0.14053
0.140536
0.140541
0.140544
0.140546
0.140545
0.140542
0.140537
0.140529
0.140518
0.140503
0.140486
0.140465
0.140439
0.140407
0.140371
0.14033
0.140285
0.140232
0.14017
0.140106
0.140061
0.140194
0.140274
0.137598
0.137728
0.137854
0.137978
0.138099
0.138218
0.138333
0.138444
0.138551
0.138654
0.138753
0.138847
0.138938
0.139025
0.139108
0.139187
0.139263
0.139335
0.139403
0.139468
0.13953
0.139589
0.139644
0.139696
0.139744
0.139789
0.13983
0.139869
0.139905
0.139938
0.13997
0.139999
0.140027
0.140052
0.140074
0.140093
0.14011
0.140123
0.140134
0.140141
0.140145
0.140145
0.140142
0.140135
0.140126
0.140111
0.140089
0.140056
0.140015
0.139982
0.139979
0.140004
0.140038
0.140068
0.140095
0.140123
0.140154
0.140189
0.140226
0.140265
0.140301
0.140333
0.140361
0.140385
0.140413
0.140452
0.14051
0.140572
0.14062
0.140642
0.140614
0.140523
0.14042
0.140437
0.140695
0.141019
0.141121
0.140884
0.140448
0.14008
0.138233
0.138134
0.138016
0.137896
0.137833
0.137897
0.137961
0.137246
0.133963
0.125974
0.113655
0.10504
0.120907
0.192574
0.347131
0.5845
0.874934
1.18023
1.47067
1.72718
1.93779
2.09529
2.19711
2.24653
2.25174
2.22612
2.15207
1.99448
1.72522
1.34268
0.892727
0.473637
0.19271
0.0855011
0.0912285
0.124567
0.142585
0.144224
0.140947
0.139227
0.139343
0.139865
0.14014
0.140228
0.140284
0.140344
0.140393
0.140426
0.140447
0.140462
0.140475
0.140487
0.1405
0.140512
0.140522
0.140531
0.140538
0.140545
0.14055
0.140553
0.140555
0.140555
0.140552
0.140547
0.14054
0.140529
0.140515
0.140498
0.140478
0.140452
0.14042
0.140383
0.140342
0.140295
0.140243
0.14018
0.140113
0.140064
0.140197
0.140283
0.138313
0.138399
0.138482
0.138564
0.138645
0.138725
0.138802
0.138878
0.138952
0.139024
0.139094
0.139162
0.139228
0.139291
0.139353
0.139412
0.139469
0.139524
0.139576
0.139626
0.139674
0.139719
0.139762
0.139802
0.139839
0.139874
0.139907
0.139938
0.139966
0.139993
0.140018
0.140042
0.140064
0.140083
0.1401
0.140115
0.140128
0.140138
0.140145
0.140149
0.14015
0.140147
0.140142
0.140134
0.140122
0.140104
0.140077
0.14004
0.139998
0.139975
0.139984
0.140014
0.140048
0.140078
0.140105
0.140134
0.140166
0.140202
0.14024
0.140278
0.140314
0.140345
0.140371
0.140396
0.140425
0.140468
0.140529
0.140592
0.140637
0.140652
0.140611
0.140512
0.140417
0.140466
0.140752
0.141066
0.141136
0.140872
0.14043
0.140068
0.13881
0.138744
0.138665
0.138569
0.138464
0.138385
0.138413
0.138596
0.138655
0.137523
0.133146
0.123537
0.110055
0.102659
0.124325
0.207071
0.375559
0.625724
0.925319
1.23523
1.52518
1.77565
1.97469
2.11604
2.19929
2.2314
2.22141
2.17364
2.05558
1.83284
1.49066
1.05623
0.612522
0.273261
0.106985
0.0825026
0.113258
0.138412
0.144829
0.142286
0.139771
0.139366
0.139841
0.140194
0.140307
0.140344
0.140384
0.140423
0.140451
0.140468
0.140481
0.140494
0.140507
0.140519
0.140529
0.140539
0.140546
0.140553
0.140559
0.140563
0.140565
0.140565
0.140563
0.140558
0.140551
0.140541
0.140527
0.14051
0.140491
0.140465
0.140433
0.140395
0.140354
0.140307
0.140254
0.140191
0.140121
0.140068
0.140199
0.140292
0.138862
0.138918
0.138972
0.139025
0.139078
0.139131
0.139183
0.139234
0.139284
0.139334
0.139383
0.13943
0.139477
0.139523
0.139567
0.13961
0.139652
0.139692
0.13973
0.139767
0.139802
0.139836
0.139867
0.139896
0.139924
0.139951
0.139975
0.139999
0.140021
0.140042
0.140061
0.140079
0.140096
0.140111
0.140124
0.140135
0.140143
0.14015
0.140154
0.140155
0.140153
0.140149
0.140141
0.140131
0.140116
0.140094
0.140062
0.140021
0.139983
0.139973
0.139993
0.140026
0.14006
0.140088
0.140116
0.140146
0.140179
0.140216
0.140254
0.140292
0.140327
0.140357
0.140382
0.140407
0.140438
0.140485
0.14055
0.140614
0.140655
0.140659
0.140606
0.1405
0.140417
0.140503
0.140813
0.141113
0.141149
0.140857
0.140409
0.140053
0.139258
0.139214
0.139161
0.139098
0.139022
0.138931
0.138843
0.138817
0.138948
0.139237
0.139234
0.137581
0.131992
0.120721
0.106277
0.100858
0.129891
0.226113
0.411219
0.676296
0.985879
1.29966
1.58693
1.82808
2.01181
2.13362
2.19603
2.2073
2.18053
2.09575
1.91607
1.61633
1.20695
0.753788
0.36831
0.143518
0.0806352
0.1018
0.132158
0.14429
0.143542
0.140538
0.139497
0.139807
0.14022
0.140376
0.140404
0.140423
0.14045
0.140472
0.140487
0.1405
0.140513
0.140526
0.140537
0.140547
0.140555
0.140562
0.140568
0.140572
0.140575
0.140576
0.140574
0.14057
0.140563
0.140553
0.140539
0.140523
0.140505
0.140479
0.140447
0.140409
0.140367
0.140319
0.140265
0.140202
0.14013
0.140073
0.140202
0.140301
0.139291
0.139326
0.139361
0.139395
0.139429
0.139463
0.139496
0.13953
0.139563
0.139595
0.139628
0.13966
0.139691
0.139722
0.139753
0.139782
0.13981
0.139838
0.139864
0.139889
0.139913
0.139936
0.139958
0.139979
0.139998
0.140017
0.140035
0.140052
0.140069
0.140084
0.140099
0.140112
0.140124
0.140135
0.140144
0.140151
0.140157
0.14016
0.140161
0.140159
0.140155
0.140148
0.140139
0.140126
0.140108
0.140082
0.140045
0.140002
0.139973
0.139976
0.140004
0.140039
0.140071
0.1401
0.140128
0.140159
0.140193
0.140231
0.140269
0.140307
0.14034
0.140369
0.140393
0.140419
0.140453
0.140504
0.140573
0.140637
0.140671
0.140664
0.140598
0.140488
0.140422
0.140549
0.140878
0.14116
0.141158
0.14084
0.140386
0.140042
0.139614
0.139585
0.139549
0.139507
0.139456
0.139396
0.139322
0.139236
0.139171
0.139209
0.139452
0.139832
0.139696
0.13738
0.130396
0.11737
0.102283
0.100057
0.138914
0.252017
0.457
0.738941
1.05855
1.37433
1.65553
1.88297
2.04676
2.14502
2.18496
2.17603
2.11871
1.97776
1.72023
1.34204
0.891712
0.472692
0.193668
0.0871796
0.0918498
0.124362
0.142474
0.144518
0.141481
0.139764
0.139773
0.140196
0.140407
0.14045
0.14046
0.140478
0.140494
0.140508
0.140521
0.140534
0.140545
0.140555
0.140564
0.140572
0.140578
0.140583
0.140586
0.140587
0.140586
0.140582
0.140575
0.140566
0.140552
0.140537
0.140519
0.140494
0.140462
0.140424
0.14038
0.140332
0.140278
0.140214
0.14014
0.140079
0.140204
0.140311
0.139633
0.139654
0.139675
0.139695
0.139715
0.139735
0.139755
0.139774
0.139794
0.139813
0.139833
0.139852
0.139871
0.139889
0.139908
0.139925
0.139943
0.139959
0.139976
0.139991
0.140006
0.140021
0.140035
0.140048
0.140061
0.140074
0.140086
0.140098
0.14011
0.14012
0.14013
0.14014
0.140148
0.140155
0.140161
0.140165
0.140168
0.140168
0.140166
0.140162
0.140156
0.140147
0.140135
0.14012
0.140097
0.140065
0.140024
0.139985
0.139969
0.139985
0.140018
0.140053
0.140084
0.140112
0.140141
0.140173
0.140209
0.140247
0.140286
0.140322
0.140354
0.140381
0.140405
0.140432
0.14047
0.140526
0.140598
0.14066
0.140686
0.140667
0.140587
0.140475
0.140433
0.140603
0.140948
0.141205
0.141164
0.140819
0.140361
0.140034
0.139896
0.139879
0.139855
0.139827
0.139794
0.139754
0.139707
0.139648
0.139574
0.139495
0.13946
0.139575
0.139938
0.140387
0.140023
0.136835
0.12819
0.113317
0.0981686
0.101048
0.15321
0.287491
0.515777
0.815883
1.14438
1.45888
1.72919
1.93755
2.07667
2.14861
2.16094
2.12712
2.02043
1.80349
1.46001
1.02197
0.581297
0.254765
0.102462
0.0846315
0.115599
0.139252
0.14495
0.142522
0.140267
0.139887
0.140222
0.140437
0.140476
0.14048
0.140498
0.140517
0.140531
0.140542
0.140554
0.140564
0.140574
0.140581
0.140588
0.140593
0.140597
0.140598
0.140598
0.140594
0.140588
0.140579
0.140566
0.140551
0.140534
0.14051
0.140478
0.140439
0.140395
0.140346
0.140292
0.140227
0.140151
0.140086
0.140207
0.14032
0.139905
0.139915
0.139925
0.139934
0.139943
0.139953
0.139961
0.13997
0.139979
0.139988
0.139997
0.140005
0.140014
0.140023
0.140032
0.14004
0.140049
0.140057
0.140066
0.140074
0.140082
0.14009
0.140098
0.140106
0.140114
0.140122
0.140129
0.140137
0.140144
0.140151
0.140158
0.140163
0.140168
0.140172
0.140175
0.140176
0.140176
0.140174
0.14017
0.140163
0.140155
0.140144
0.140129
0.14011
0.140082
0.140045
0.140003
0.139973
0.139973
0.139998
0.140033
0.140067
0.140097
0.140125
0.140155
0.140189
0.140226
0.140264
0.140302
0.140338
0.140368
0.140394
0.140418
0.140447
0.140489
0.14055
0.140624
0.140683
0.140699
0.140665
0.140573
0.140464
0.140451
0.140667
0.14102
0.141247
0.141166
0.140795
0.140335
0.14003
0.14011
0.140102
0.14009
0.140073
0.140052
0.140027
0.139998
0.139962
0.139917
0.139859
0.139785
0.139715
0.139721
0.13993
0.140424
0.140901
0.140159
0.135803
0.125154
0.108427
0.0942694
0.105133
0.17529
0.335712
0.590392
0.908735
1.2433
1.55155
1.80468
1.98756
2.0963
2.13877
2.12545
2.04818
1.86898
1.56161
1.14265
0.690674
0.32443
0.126754
0.0817402
0.107079
0.134874
0.144399
0.142992
0.140458
0.139871
0.140256
0.140532
0.140548
0.140508
0.140509
0.140533
0.140553
0.140565
0.140574
0.140583
0.140592
0.140599
0.140605
0.140609
0.140611
0.14061
0.140607
0.140602
0.140593
0.140581
0.140566
0.14055
0.140527
0.140496
0.140456
0.140411
0.140361
0.140306
0.140241
0.140163
0.140094
0.140209
0.14033
0.140111
0.140113
0.140114
0.140115
0.140116
0.140117
0.140117
0.140118
0.140119
0.14012
0.140121
0.140122
0.140123
0.140125
0.140127
0.140129
0.140131
0.140134
0.140137
0.140139
0.140143
0.140146
0.140149
0.140153
0.140157
0.140161
0.140165
0.140169
0.140173
0.140177
0.140181
0.140183
0.140185
0.140187
0.140187
0.140185
0.140182
0.140178
0.140171
0.140162
0.140151
0.140138
0.14012
0.140096
0.140063
0.140022
0.139984
0.139968
0.139982
0.140014
0.14005
0.140082
0.140111
0.140139
0.140171
0.140206
0.140244
0.140283
0.14032
0.140354
0.140382
0.140407
0.140432
0.140463
0.140511
0.140576
0.140652
0.140705
0.140709
0.14066
0.140557
0.140456
0.14048
0.140741
0.141095
0.141287
0.141163
0.140768
0.140308
0.14003
0.140261
0.14026
0.140256
0.140249
0.140239
0.140225
0.140209
0.140188
0.140163
0.140131
0.140089
0.14003
0.139957
0.139902
0.139963
0.14029
0.14092
0.141355
0.140007
0.134072
0.121028
0.102679
0.0913333
0.114303
0.208373
0.400186
0.683561
1.01903
1.35568
1.65146
1.88012
2.03066
2.10549
2.11181
2.06006
1.91552
1.64444
1.24945
0.794928
0.397164
0.156743
0.0824781
0.10017
0.131962
0.145601
0.144735
0.140974
0.139558
0.139937
0.140484
0.140639
0.140587
0.140542
0.140548
0.14057
0.140586
0.140596
0.140603
0.14061
0.140616
0.140621
0.140623
0.140624
0.140621
0.140616
0.140608
0.140596
0.140582
0.140566
0.140544
0.140514
0.140474
0.140429
0.140378
0.140321
0.140256
0.140176
0.140103
0.140212
0.14034
0.140256
0.140252
0.140247
0.140242
0.140237
0.140233
0.140228
0.140223
0.140219
0.140214
0.140211
0.140207
0.140204
0.140201
0.140198
0.140196
0.140194
0.140193
0.140192
0.140191
0.140191
0.140191
0.140191
0.140192
0.140193
0.140194
0.140195
0.140196
0.140198
0.140199
0.1402
0.1402
0.140199
0.140198
0.140195
0.140191
0.140186
0.140179
0.14017
0.140159
0.140146
0.140129
0.140107
0.140078
0.14004
0.14
0.139971
0.139972
0.139997
0.140032
0.140067
0.140098
0.140126
0.140156
0.140189
0.140225
0.140263
0.140302
0.140338
0.14037
0.140397
0.140421
0.140447
0.140482
0.140535
0.140606
0.140681
0.140725
0.140715
0.14065
0.140539
0.140453
0.140524
0.140823
0.14117
0.141323
0.141155
0.140736
0.140281
0.140035
0.140358
0.140361
0.140363
0.140363
0.140361
0.140356
0.14035
0.140341
0.140329
0.140313
0.140293
0.140265
0.140226
0.140167
0.140097
0.140067
0.140204
0.14067
0.141419
0.141681
0.139416
0.131496
0.115948
0.0969591
0.091394
0.131156
0.253154
0.476484
0.78449
1.1315
1.46549
1.7454
1.94754
2.06416
2.10213
2.07288
1.95827
1.7221
1.3544
0.903797
0.4788
0.191795
0.0783242
0.0818587
0.119408
0.143248
0.147512
0.143608
0.140376
0.139689
0.140151
0.140553
0.140645
0.140608
0.140582
0.140588
0.140604
0.140616
0.140623
0.140629
0.140634
0.140637
0.140638
0.140636
0.140631
0.140623
0.140612
0.140598
0.140583
0.140562
0.140533
0.140494
0.140447
0.140395
0.140338
0.140272
0.14019
0.140114
0.140215
0.14035
0.14035
0.140342
0.140334
0.140326
0.140318
0.14031
0.140303
0.140295
0.140288
0.140281
0.140274
0.140268
0.140262
0.140256
0.140251
0.140246
0.140242
0.140238
0.140235
0.140232
0.140229
0.140227
0.140225
0.140223
0.140222
0.140221
0.14022
0.140219
0.140218
0.140217
0.140215
0.140213
0.14021
0.140206
0.140201
0.140195
0.140187
0.140178
0.140167
0.140153
0.140137
0.140117
0.14009
0.140055
0.140015
0.13998
0.139967
0.139983
0.140015
0.140052
0.140085
0.140114
0.140142
0.140173
0.140208
0.140246
0.140284
0.140322
0.140357
0.140387
0.140412
0.140436
0.140464
0.140504
0.140563
0.140637
0.14071
0.140743
0.140717
0.140635
0.14052
0.140458
0.140582
0.140914
0.141246
0.141353
0.141141
0.140701
0.140254
0.140043
0.140422
0.140428
0.140432
0.140436
0.140438
0.14044
0.14044
0.14044
0.140437
0.140433
0.140427
0.140418
0.140405
0.140386
0.140355
0.140308
0.140257
0.140257
0.140425
0.140875
0.141475
0.141383
0.138666
0.130746
0.116783
0.102281
0.104181
0.150851
0.272798
0.485412
0.77644
1.10819
1.43319
1.70949
1.90986
2.02427
2.04768
1.98989
1.82477
1.53185
1.13242
0.70385
0.351218
0.144969
0.0794465
0.093328
0.124409
0.142507
0.145928
0.143231
0.140742
0.140021
0.140253
0.140553
0.140653
0.14064
0.140621
0.140624
0.140635
0.140644
0.14065
0.140653
0.140655
0.140654
0.140649
0.140642
0.140631
0.140618
0.140604
0.140584
0.140555
0.140517
0.14047
0.140416
0.140357
0.140291
0.140207
0.140127
0.140219
0.140361
0.140413
0.140404
0.140395
0.140386
0.140377
0.140368
0.140359
0.14035
0.140342
0.140333
0.140325
0.140317
0.14031
0.140303
0.140296
0.14029
0.140284
0.140278
0.140273
0.140268
0.140264
0.14026
0.140256
0.140252
0.140249
0.140246
0.140243
0.140239
0.140236
0.140232
0.140228
0.140223
0.140217
0.140211
0.140203
0.140194
0.140183
0.140171
0.140157
0.14014
0.140119
0.140091
0.140058
0.14002
0.139986
0.13997
0.139979
0.140007
0.140043
0.140077
0.140107
0.140136
0.140166
0.140199
0.140235
0.140273
0.140312
0.140348
0.14038
0.140408
0.140431
0.140456
0.140487
0.140535
0.140601
0.140678
0.140743
0.140758
0.14071
0.140612
0.1405
0.140478
0.140668
0.141025
0.141328
0.141379
0.141119
0.140659
0.140228
0.140057
0.140462
0.140468
0.140474
0.140478
0.140482
0.140486
0.140489
0.140492
0.140495
0.140496
0.140497
0.140497
0.140496
0.140494
0.14049
0.140481
0.14046
0.140419
0.140368
0.140363
0.140543
0.141077
0.141918
0.142292
0.140206
0.132724
0.11826
0.100947
0.0953814
0.127021
0.22537
0.410189
0.678266
0.999853
1.32876
1.61875
1.83508
1.96244
1.98992
1.92065
1.73061
1.41306
1.00866
0.604745
0.295556
0.128516
0.0833225
0.100726
0.128373
0.143194
0.145389
0.142752
0.14062
0.14011
0.140373
0.140626
0.140688
0.140667
0.140653
0.140659
0.140669
0.140674
0.140676
0.140675
0.140671
0.140664
0.140654
0.140641
0.140627
0.140608
0.140581
0.140544
0.140496
0.14044
0.140379
0.140312
0.140226
0.140142
0.140224
0.140372
0.140454
0.140446
0.140437
0.140428
0.140419
0.14041
0.140401
0.140393
0.140384
0.140375
0.140367
0.140358
0.14035
0.140343
0.140335
0.140328
0.140321
0.140314
0.140308
0.140301
0.140295
0.14029
0.140284
0.140279
0.140273
0.140268
0.140262
0.140256
0.14025
0.140243
0.140236
0.140228
0.140219
0.140209
0.140198
0.140185
0.140171
0.140155
0.140136
0.140113
0.140084
0.140051
0.140015
0.139985
0.139971
0.13998
0.140007
0.140042
0.140076
0.140107
0.140136
0.140166
0.140198
0.140233
0.14027
0.140308
0.140345
0.140378
0.140407
0.140432
0.140455
0.140482
0.14052
0.140577
0.14065
0.140726
0.140776
0.140765
0.140692
0.14058
0.140487
0.140525
0.140787
0.141155
0.141413
0.141397
0.141085
0.140608
0.140201
0.140075
0.140484
0.140489
0.140494
0.140498
0.140502
0.140506
0.140509
0.140512
0.140515
0.140518
0.14052
0.140522
0.140524
0.140526
0.140528
0.140529
0.140529
0.140524
0.140506
0.14047
0.140431
0.140465
0.140735
0.141413
0.142386
0.142683
0.140013
0.131229
0.114687
0.0942649
0.0834979
0.106462
0.192495
0.364062
0.622343
0.940904
1.27361
1.57124
1.79416
1.92044
1.93705
1.83915
1.60959
1.26085
0.853768
0.481533
0.224112
0.104737
0.086927
0.111319
0.135264
0.144931
0.144566
0.141778
0.140314
0.14024
0.140549
0.140706
0.140708
0.140683
0.140681
0.14069
0.140696
0.140697
0.140694
0.140688
0.140678
0.140666
0.140652
0.140634
0.140609
0.140572
0.140524
0.140467
0.140404
0.140335
0.140247
0.14016
0.14023
0.140382
0.140477
0.14047
0.140462
0.140454
0.140446
0.140438
0.140429
0.140421
0.140412
0.140404
0.140395
0.140387
0.140379
0.14037
0.140363
0.140355
0.140347
0.14034
0.140332
0.140325
0.140318
0.14031
0.140303
0.140296
0.140288
0.140281
0.140273
0.140264
0.140255
0.140246
0.140235
0.140224
0.140212
0.140199
0.140185
0.140168
0.14015
0.140128
0.140103
0.140074
0.140041
0.140009
0.139983
0.139972
0.139983
0.14001
0.140044
0.140079
0.14011
0.140139
0.140168
0.140199
0.140234
0.14027
0.140308
0.140345
0.140379
0.140409
0.140434
0.140457
0.140481
0.140513
0.14056
0.140626
0.140704
0.140774
0.140801
0.140759
0.140663
0.140548
0.140491
0.140607
0.140927
0.141288
0.141488
0.141402
0.14104
0.140552
0.140176
0.140097
0.140497
0.140501
0.140505
0.140508
0.140512
0.140514
0.140517
0.140519
0.140522
0.140524
0.140525
0.140527
0.140529
0.14053
0.140532
0.140534
0.140536
0.140538
0.14054
0.140537
0.140522
0.140491
0.140465
0.140526
0.140841
0.141561
0.14249
0.142524
0.139263
0.129571
0.111799
0.0895608
0.0757985
0.0942822
0.175016
0.342244
0.599248
0.920243
1.25724
1.55659
1.77452
1.88317
1.87179
1.731
1.45561
1.07931
0.680583
0.35321
0.157327
0.0889889
0.0964752
0.123968
0.141521
0.145423
0.143118
0.140834
0.140219
0.140464
0.140714
0.140766
0.140737
0.140718
0.140717
0.140719
0.140718
0.140712
0.140703
0.140691
0.140678
0.140661
0.140637
0.140602
0.140554
0.140495
0.14043
0.140359
0.140269
0.140179
0.140236
0.140391
0.140492
0.140486
0.140479
0.140472
0.140464
0.140456
0.140448
0.14044
0.140432
0.140423
0.140415
0.140406
0.140398
0.14039
0.140381
0.140373
0.140364
0.140356
0.140347
0.140339
0.14033
0.140321
0.140312
0.140303
0.140293
0.140283
0.140272
0.140262
0.14025
0.140238
0.140224
0.14021
0.140195
0.140178
0.14016
0.140139
0.140116
0.140089
0.140059
0.140028
0.14
0.13998
0.139975
0.139988
0.140016
0.14005
0.140085
0.140116
0.140145
0.140174
0.140205
0.140238
0.140274
0.140311
0.140348
0.140382
0.140413
0.140439
0.140462
0.140484
0.140512
0.140551
0.140609
0.140683
0.140762
0.140817
0.140813
0.140738
0.140624
0.140522
0.140521
0.140725
0.141085
0.141418
0.14155
0.141392
0.140985
0.140495
0.140165
0.140121
0.140502
0.140505
0.140508
0.140511
0.140514
0.140516
0.140517
0.140519
0.140521
0.140522
0.140523
0.140524
0.140525
0.140526
0.140526
0.140527
0.140528
0.140529
0.14053
0.140533
0.140535
0.140532
0.140516
0.140482
0.140455
0.140531
0.140892
0.141684
0.142655
0.142596
0.138991
0.128627
0.109772
0.0860035
0.0705488
0.0880506
0.169945
0.341619
0.60598
0.934465
1.27453
1.56707
1.76596
1.83996
1.78504
1.58999
1.26647
0.872058
0.499981
0.235603
0.109289
0.0881025
0.111819
0.135676
0.145006
0.144353
0.141587
0.140289
0.140299
0.140596
0.140734
0.140748
0.140743
0.140744
0.140744
0.140739
0.140729
0.140718
0.140705
0.140689
0.140666
0.140633
0.140586
0.140526
0.140458
0.140386
0.140294
0.1402
0.140243
0.1404
0.140498
0.140493
0.140487
0.140481
0.140474
0.140467
0.140459
0.140451
0.140443
0.140434
0.140426
0.140417
0.140408
0.140399
0.14039
0.14038
0.140371
0.140361
0.140351
0.140341
0.14033
0.140319
0.140308
0.140297
0.140285
0.140273
0.14026
0.140247
0.140232
0.140217
0.140201
0.140184
0.140165
0.140145
0.140122
0.140097
0.14007
0.140042
0.140015
0.139992
0.139979
0.13998
0.139997
0.140026
0.140061
0.140095
0.140126
0.140155
0.140184
0.140214
0.140247
0.140282
0.140318
0.140354
0.140388
0.140419
0.140445
0.140468
0.14049
0.140515
0.140549
0.140599
0.140667
0.140747
0.140818
0.14085
0.140808
0.1407
0.140582
0.140514
0.140594
0.140879
0.141253
0.14154
0.141595
0.141366
0.140918
0.140437
0.140169
0.140147
0.140496
0.140499
0.140502
0.140504
0.140506
0.140508
0.140509
0.140511
0.140512
0.140513
0.140514
0.140514
0.140515
0.140515
0.140515
0.140516
0.140516
0.140516
0.140516
0.140516
0.140517
0.140519
0.14052
0.140515
0.140494
0.140454
0.14043
0.14054
0.140988
0.141917
0.143006
0.142912
0.138932
0.127675
0.1074
0.0821455
0.0664367
0.086983
0.177234
0.36259
0.642489
0.981665
1.32035
1.59404
1.75708
1.7838
1.66887
1.4096
1.04221
0.649695
0.330696
0.146137
0.0880352
0.10057
0.127859
0.143057
0.145332
0.142845
0.140997
0.140611
0.140748
0.140814
0.140784
0.140759
0.14076
0.140765
0.140759
0.140748
0.140735
0.140718
0.140697
0.140665
0.14062
0.14056
0.14049
0.140414
0.140321
0.140224
0.140252
0.140408
0.140493
0.140489
0.140484
0.140478
0.140472
0.140465
0.140458
0.14045
0.140441
0.140433
0.140424
0.140414
0.140405
0.140395
0.140385
0.140374
0.140363
0.140352
0.140341
0.140329
0.140317
0.140304
0.140291
0.140278
0.140264
0.14025
0.140234
0.140219
0.140202
0.140184
0.140165
0.140144
0.140122
0.140098
0.140073
0.140048
0.140024
0.140002
0.139987
0.139982
0.13999
0.140011
0.140042
0.140076
0.140109
0.14014
0.140169
0.140197
0.140227
0.140259
0.140294
0.140329
0.140364
0.140398
0.140428
0.140455
0.140477
0.140498
0.140521
0.140552
0.140596
0.140657
0.140734
0.140813
0.140869
0.140867
0.140783
0.140652
0.140548
0.140541
0.140719
0.141061
0.141424
0.141648
0.14162
0.14132
0.140842
0.140384
0.14019
0.140174
0.140475
0.140478
0.140481
0.140483
0.140485
0.140487
0.140489
0.14049
0.140492
0.140493
0.140494
0.140495
0.140496
0.140496
0.140497
0.140497
0.140497
0.140498
0.140498
0.140498
0.140497
0.140498
0.140499
0.1405
0.140501
0.140492
0.140466
0.140421
0.140408
0.14057
0.141135
0.142235
0.143462
0.143271
0.138663
0.126027
0.103805
0.0772154
0.0633057
0.0921135
0.199274
0.408097
0.710172
1.05921
1.38664
1.62709
1.73588
1.69915
1.50943
1.18477
0.792898
0.435918
0.198314
0.0989334
0.0932396
0.119131
0.138381
0.143526
0.141892
0.140218
0.140126
0.140619
0.140881
0.140874
0.140811
0.140784
0.14078
0.140776
0.140765
0.140749
0.140727
0.140698
0.140655
0.140595
0.140523
0.140445
0.140348
0.140249
0.140263
0.140416
0.140473
0.140469
0.140465
0.140459
0.140453
0.140447
0.140439
0.140431
0.140423
0.140414
0.140404
0.140394
0.140384
0.140373
0.140362
0.14035
0.140338
0.140326
0.140313
0.1403
0.140286
0.140272
0.140257
0.140242
0.140227
0.14021
0.140193
0.140175
0.140156
0.140136
0.140115
0.140093
0.14007
0.140048
0.140026
0.140008
0.139995
0.139988
0.139992
0.140006
0.140031
0.140063
0.140097
0.140129
0.140159
0.140187
0.140215
0.140245
0.140277
0.14031
0.140345
0.140379
0.140411
0.140441
0.140466
0.140489
0.140509
0.140531
0.140558
0.140598
0.140655
0.140728
0.140809
0.140879
0.140906
0.140862
0.140738
0.140598
0.140537
0.14062
0.140892
0.141264
0.141591
0.141737
0.141622
0.141257
0.140757
0.140339
0.140225
0.1402
0.140435
0.140438
0.140441
0.140444
0.140446
0.140448
0.140451
0.140453
0.140455
0.140456
0.140458
0.14046
0.140461
0.140463
0.140464
0.140465
0.140467
0.140468
0.140469
0.140469
0.14047
0.140471
0.140472
0.140473
0.140474
0.140477
0.140476
0.140465
0.140432
0.140383
0.140385
0.140614
0.141323
0.142626
0.143974
0.143516
0.137829
0.123076
0.0983126
0.0709691
0.0622122
0.106668
0.241224
0.483143
0.810449
1.16259
1.46231
1.6475
1.68234
1.55964
1.28441
0.908591
0.531111
0.252822
0.117624
0.0952676
0.120347
0.143426
0.149697
0.146001
0.141672
0.140094
0.140288
0.140728
0.140882
0.140862
0.140824
0.140806
0.140797
0.140784
0.140764
0.140736
0.140695
0.140637
0.140564
0.140482
0.140383
0.140281
0.140273
0.140428
0.140434
0.140431
0.140427
0.140422
0.140416
0.140409
0.140402
0.140394
0.140385
0.140376
0.140366
0.140356
0.140345
0.140334
0.140322
0.14031
0.140297
0.140284
0.14027
0.140256
0.140242
0.140227
0.140211
0.140195
0.140179
0.140161
0.140143
0.140124
0.140105
0.140085
0.140066
0.140047
0.140029
0.140015
0.140004
0.139999
0.140002
0.140013
0.140033
0.14006
0.140092
0.140124
0.140155
0.140183
0.140211
0.140239
0.140268
0.1403
0.140333
0.140366
0.140399
0.14043
0.140458
0.140483
0.140505
0.140525
0.140546
0.140572
0.140609
0.14066
0.140728
0.140807
0.140883
0.14093
0.14092
0.140832
0.140685
0.140569
0.140585
0.140776
0.141111
0.141477
0.141741
0.141795
0.141591
0.141169
0.140665
0.140306
0.140279
0.140229
0.140378
0.14038
0.140383
0.140386
0.140389
0.140391
0.140394
0.140397
0.140399
0.140402
0.140404
0.140406
0.140409
0.140411
0.140413
0.140416
0.140418
0.14042
0.140423
0.140425
0.140428
0.14043
0.140433
0.140435
0.140438
0.140441
0.140445
0.140449
0.140449
0.140434
0.140392
0.140338
0.140362
0.140679
0.141576
0.14312
0.144541
0.143521
0.136072
0.118211
0.0902409
0.0633218
0.0645973
0.134144
0.30824
0.593739
0.951365
1.30517
1.57206
1.68931
1.63488
1.40503
1.03773
0.627555
0.291015
0.101568
0.0519936
0.0790462
0.118947
0.141282
0.145976
0.143547
0.141209
0.14054
0.140667
0.140828
0.140861
0.140843
0.140823
0.140807
0.140788
0.140761
0.140723
0.140667
0.140592
0.140509
0.140405
0.140304
0.140296
0.14043
0.140377
0.140374
0.140371
0.140366
0.140361
0.140355
0.140347
0.14034
0.140331
0.140321
0.140311
0.140301
0.14029
0.140278
0.140266
0.140253
0.14024
0.140226
0.140212
0.140197
0.140182
0.140166
0.14015
0.140133
0.140116
0.140099
0.140081
0.140064
0.140047
0.140032
0.140018
0.140007
0.140001
0.139999
0.140004
0.140016
0.140034
0.140059
0.140088
0.140119
0.14015
0.140179
0.140206
0.140233
0.140261
0.140291
0.140322
0.140355
0.140387
0.140418
0.140447
0.140473
0.140496
0.140516
0.140534
0.140553
0.140577
0.140611
0.14066
0.140726
0.140808
0.140892
0.140958
0.140974
0.140914
0.140776
0.140611
0.140542
0.140663
0.140952
0.141327
0.141672
0.141869
0.141838
0.141555
0.141083
0.14058
0.140288
0.140333
0.140246
0.140256
0.140257
0.140259
0.140261
0.140263
0.140265
0.140267
0.140269
0.140271
0.140273
0.140276
0.140279
0.140282
0.140285
0.140288
0.140292
0.140296
0.1403
0.140305
0.14031
0.140315
0.140321
0.140327
0.140333
0.14034
0.140347
0.140354
0.140362
0.140371
0.140381
0.140385
0.140372
0.140328
0.140266
0.140281
0.1406
0.141531
0.143169
0.144771
0.144029
0.136953
0.119653
0.0927464
0.06776
0.0711389
0.139164
0.300967
0.557239
0.870986
1.17643
1.40586
1.49986
1.4354
1.21421
0.88998
0.557205
0.303917
0.165645
0.120645
0.122413
0.134145
0.140818
0.142081
0.141451
0.140949
0.140847
0.140878
0.140897
0.14089
0.140873
0.140853
0.140827
0.140792
0.14074
0.140668
0.140578
0.140474
0.140358
0.140304
0.140464
0.140257
0.140256
0.140255
0.140252
0.140248
0.140244
0.140238
0.140232
0.140226
0.140218
0.14021
0.140202
0.140193
0.140183
0.140173
0.140163
0.140152
0.140142
0.140131
0.14012
0.140109
0.140097
0.140086
0.140076
0.140066
0.140057
0.140049
0.140044
0.140041
0.140041
0.140044
0.14005
0.140062
0.140077
0.140097
0.14012
0.140147
0.140174
0.140203
0.14023
0.140257
0.140283
0.140309
0.140336
0.140364
0.140393
0.140422
0.14045
0.140476
0.1405
0.140523
0.140543
0.140562
0.140582
0.140606
0.140636
0.140677
0.140732
0.1408
0.140876
0.140949
0.140999
0.141003
0.140943
0.140822
0.140688
0.140638
0.140763
0.141034
0.14138
0.141715
0.141942
0.14198
0.141791
0.141394
0.140889
0.140468
0.140352
0.140445
0.140299
)
;

boundaryField
{
    inlet
    {
        type            freestream;
        freestreamValue uniform 0.14;
        value           nonuniform List<scalar> 
134
(
0.14
0.14
0.14
0.14
0.14
0.14
0.14
0.14
0.14
0.14
0.140021
0.140041
0.140066
0.14009
0.140113
0.140134
0.140153
0.140169
0.140183
0.140195
0.14
0.140205
0.140213
0.140219
0.140224
0.140227
0.140229
0.14023
0.14023
0.140229
0.140229
0.140227
0.140224
0.140222
0.14022
0.14022
0.140221
0.140223
0.140226
0.140227
0.14
0.14
0.14
0.14
0.14
0.14
0.14
0.140228
0.140229
0.140232
0.140236
0.140241
0.140246
0.140252
0.140259
0.140266
0.140274
0.140283
0.140292
0.140301
0.140311
0.14032
0.14033
0.14034
0.14035
0.140361
0.140372
0.140382
0.140391
0.1404
0.140408
0.140416
0.140428
0.14043
0.140464
0.14
0.14
0.14
0.14
0.14
0.14
0.14
0.14
0.14
0.14
0.14
0.14
0.14
0.14
0.14
0.14
0.14
0.14
0.14
0.14
0.14
0.14
0.14
0.14
0.14
0.14
0.14
0.14
0.14
0.14
0.14
0.14
0.14
0.14
0.14
0.14
0.14
0.14
0.14
0.14
0.14
0.14
0.14
0.14
0.14
0.14
0.14
0.14
0.14
0.14
0.14
0.14
0.14
0.14
0.14
0.14
0.14
0.14
0.14
)
;
    }
    outlet
    {
        type            freestream;
        freestreamValue uniform 0.14;
        value           nonuniform List<scalar> 
160
(
0.140256
0.140257
0.140257
0.140256
0.140259
0.140255
0.140261
0.140252
0.140263
0.140248
0.140265
0.140244
0.140267
0.140238
0.140269
0.140232
0.140271
0.140226
0.140273
0.140218
0.140276
0.14021
0.140279
0.140202
0.140282
0.140193
0.140285
0.140183
0.140288
0.140173
0.140292
0.140163
0.140296
0.140152
0.1403
0.140142
0.140305
0.140131
0.14031
0.14012
0.140315
0.140109
0.140321
0.140097
0.140327
0.140086
0.140333
0.140076
0.14034
0.140066
0.140347
0.140057
0.140354
0.140049
0.140362
0.140044
0.140371
0.140041
0.140381
0.140041
0.140385
0.140044
0.140372
0.14005
0.140328
0.140062
0.140266
0.140077
0.140281
0.140097
0.1406
0.14012
0.141531
0.140147
0.143169
0.140174
0.144771
0.140203
0.144029
0.14023
0.136953
0.140257
0.119653
0.140283
0.0927464
0.140309
0.06776
0.140336
0.0711389
0.140364
0.139164
0.140393
0.300967
0.140422
0.557239
0.14045
0.870986
0.140476
1.17643
0.1405
1.40586
0.140523
1.49986
0.140543
1.4354
0.140562
1.21421
0.140582
0.88998
0.140606
0.557205
0.140636
0.303917
0.140677
0.165645
0.140732
0.120645
0.1408
0.122413
0.140876
0.134145
0.140949
0.140818
0.140999
0.142081
0.141003
0.141451
0.140943
0.140949
0.140822
0.140847
0.140688
0.140878
0.140638
0.140897
0.140763
0.14089
0.141034
0.140873
0.14138
0.140853
0.141715
0.140827
0.141942
0.140792
0.14198
0.14074
0.141791
0.140668
0.141394
0.140578
0.140889
0.140474
0.140468
0.140358
0.140352
0.140304
0.140445
0.140464
0.140299
)
;
    }
    walls
    {
        type            fixedValue;
        value           nonuniform List<scalar> 
78
(
0.123574
0.129374
0.136264
0.144224
0.15373
0.164976
0.178185
0.193006
0.209209
0.22561
0.241265
0.255193
0.266416
0.274226
0.278266
0.278729
0.27599
0.27056
0.262615
0.252328
0.239406
0.223632
0.204506
0.181772
0.156405
0.126164
0.101103
0.0819959
0.055332
0.0755036
0.127427
0.164601
0.0964452
0.195467
0.20548
0.180737
0.154211
0.117394
0.0987019
0.118115
0.112399
0.10619
0.0991002
0.0912795
0.0822974
0.0717316
0.0587009
0.0432684
0.0406976
0.0439699
0.0544886
0.0630444
0.0705156
0.077761
0.0850829
0.0925309
0.100099
0.107789
0.11561
0.123499
0.13131
0.138827
0.145822
0.151899
0.156744
0.160485
0.163403
0.165824
0.168027
0.17006
0.171925
0.173614
0.17508
0.176207
0.177034
0.177124
0.1775
0.174255
)
;
    }
    frontAndBack
    {
        type            empty;
    }
}


// ************************************************************************* //
