/*--------------------------------*- C++ -*----------------------------------*\
  =========                 |
  \\      /  F ield         | OpenFOAM: The Open Source CFD Toolbox
   \\    /   O peration     | Website:  https://openfoam.org
    \\  /    A nd           | Version:  12
     \\/     M anipulation  |
\*---------------------------------------------------------------------------*/
FoamFile
{
    format      ascii;
    class       volScalarField;
    location    "150";
    object      nuTilda;
}
// * * * * * * * * * * * * * * * * * * * * * * * * * * * * * * * * * * * * * //

dimensions      [0 2 -1 0 0 0 0];

internalField   nonuniform List<scalar> 
10720
(
0.13142
0.137945
0.145628
0.154876
0.165574
0.178174
0.192957
0.209779
0.228218
0.24755
0.266529
0.283589
0.297051
0.305825
0.309675
0.309147
0.305205
0.298809
0.290607
0.28103
0.270162
0.258056
0.244827
0.230925
0.217464
0.205495
0.195192
0.185372
0.176751
0.162116
0.14675
0.135819
0.111875
0.103708
0.0765994
0.0616883
0.0530153
0.0711663
0.0870462
0.125414
0.119583
0.113185
0.106529
0.0992788
0.0913877
0.082633
0.0726826
0.0611588
0.047732
0.0373493
0.035377
0.045878
0.0547255
0.0621621
0.0692841
0.0766495
0.0843939
0.0924256
0.100598
0.108751
0.116773
0.124567
0.132046
0.138899
0.144779
0.14967
0.153708
0.157053
0.159831
0.162128
0.164004
0.165514
0.166692
0.167533
0.168113
0.168117
0.16867
0.154857
0.110474
0.110165
0.109687
0.109325
0.109607
0.110448
0.111817
0.113653
0.116697
0.121184
0.127303
0.135482
0.145572
0.157301
0.170382
0.184335
0.198869
0.213586
0.228206
0.242246
0.255326
0.266939
0.276667
0.284144
0.289118
0.291524
0.291405
0.288934
0.285078
0.278721
0.26984
0.25991
0.251032
0.237322
0.222646
0.193555
0.168193
0.266103
0.254182
0.110784
0.110922
0.111122
0.111002
0.110669
0.110048
0.109009
0.107489
0.105543
0.103255
0.100353
0.0966542
0.092248
0.0878681
0.0837576
0.0799345
0.07646
0.0733954
0.0708145
0.0687563
0.0672558
0.066324
0.0659505
0.066099
0.0667344
0.0677787
0.0691137
0.0706164
0.0721877
0.0737545
0.075493
0.0780584
0.0815369
0.0854175
0.0892229
0.0927387
0.0960399
0.101028
0.101336
0.128171
0.128029
0.127752
0.127325
0.126866
0.126756
0.126804
0.126896
0.127016
0.127223
0.127524
0.127785
0.128198
0.12903
0.130572
0.133115
0.136895
0.142191
0.147935
0.153107
0.161081
0.174941
0.192664
0.212694
0.233382
0.253678
0.272824
0.289934
0.304598
0.316408
0.325036
0.330644
0.335503
0.337089
0.341163
0.329591
0.325869
0.474074
0.499596
0.128331
0.12832
0.12836
0.128197
0.127922
0.127487
0.126832
0.125915
0.124741
0.123348
0.121717
0.119791
0.117618
0.115204
0.112605
0.109838
0.106951
0.10399
0.101009
0.0980327
0.0950973
0.0922157
0.089394
0.0865484
0.0836378
0.0807352
0.0778941
0.0751703
0.0726085
0.0702586
0.0680884
0.0666322
0.0672162
0.0690529
0.0715903
0.0745646
0.0780319
0.0816354
0.0875702
0.132801
0.132709
0.132558
0.132338
0.132185
0.132159
0.132166
0.132169
0.132154
0.132125
0.132101
0.132073
0.13194
0.131698
0.130821
0.129442
0.127877
0.127164
0.127495
0.128544
0.130446
0.133967
0.140413
0.147342
0.159121
0.176688
0.199203
0.225697
0.254946
0.285395
0.315347
0.343315
0.369625
0.392992
0.419758
0.432647
0.453237
0.648815
0.778719
0.132866
0.13287
0.132863
0.132789
0.132649
0.132438
0.132118
0.13167
0.131098
0.130415
0.129578
0.128574
0.127415
0.126099
0.124637
0.12303
0.121286
0.119421
0.117456
0.1154
0.113274
0.111083
0.108823
0.106422
0.103817
0.101041
0.0981155
0.0950693
0.0919326
0.0887392
0.0855198
0.0823216
0.079288
0.0765628
0.0741766
0.0726482
0.0731132
0.074521
0.0762316
0.135171
0.135118
0.135014
0.134861
0.134681
0.134453
0.134178
0.133866
0.133507
0.133131
0.132905
0.132777
0.132663
0.132501
0.132176
0.131555
0.130628
0.129531
0.128601
0.127915
0.127484
0.127348
0.127988
0.129409
0.132264
0.138082
0.145806
0.160259
0.183663
0.216439
0.257895
0.30563
0.35689
0.407927
0.462849
0.506581
0.55728
0.793417
1.08697
0.135191
0.135191
0.13519
0.135156
0.135079
0.134956
0.134762
0.134485
0.134133
0.133714
0.133211
0.132618
0.131938
0.131164
0.130298
0.129335
0.128278
0.127127
0.12589
0.124566
0.123162
0.121675
0.120099
0.118379
0.116462
0.114356
0.112061
0.109586
0.106938
0.10413
0.10118
0.0981095
0.094951
0.0917513
0.0885559
0.0854273
0.082486
0.0801765
0.0761138
0.136482
0.136462
0.136413
0.136332
0.136226
0.136087
0.135915
0.135713
0.135516
0.135347
0.135198
0.13506
0.134926
0.134774
0.134562
0.134259
0.133822
0.133168
0.132214
0.131071
0.129811
0.128463
0.127034
0.126508
0.126557
0.127498
0.129365
0.133421
0.141928
0.157815
0.188554
0.237679
0.304916
0.383684
0.471157
0.551778
0.638904
0.908964
1.40571
0.136492
0.136505
0.136514
0.1365
0.136452
0.136372
0.136242
0.136056
0.135822
0.135543
0.135212
0.134828
0.134388
0.133891
0.133335
0.132717
0.132037
0.131293
0.130486
0.129614
0.128679
0.127675
0.126595
0.1254
0.124051
0.122542
0.120867
0.119021
0.117
0.114801
0.112426
0.109882
0.10718
0.10434
0.101379
0.0983396
0.0950946
0.0924576
0.0852876
0.137314
0.137294
0.137258
0.137201
0.137125
0.137025
0.136899
0.13675
0.13657
0.136361
0.136119
0.135843
0.135539
0.135203
0.134842
0.134459
0.134053
0.133615
0.133108
0.132487
0.131707
0.130744
0.129515
0.128192
0.126825
0.126006
0.125887
0.126445
0.128274
0.132945
0.144477
0.173539
0.233329
0.326529
0.444837
0.566598
0.69602
0.996949
1.67287
0.137342
0.137365
0.137374
0.137361
0.137322
0.137261
0.137165
0.137032
0.136869
0.136675
0.136446
0.13618
0.135877
0.135535
0.135154
0.134733
0.13427
0.133762
0.13321
0.132611
0.131964
0.131266
0.130507
0.129663
0.128704
0.127624
0.126413
0.125064
0.123566
0.121912
0.120095
0.11811
0.115956
0.11364
0.111161
0.108555
0.105646
0.103264
0.096485
0.137919
0.137895
0.137863
0.137817
0.13776
0.137687
0.137598
0.137493
0.137369
0.137226
0.137063
0.136879
0.136676
0.136467
0.136227
0.135908
0.135509
0.135051
0.134541
0.133978
0.133341
0.132613
0.131753
0.130795
0.129688
0.128305
0.12691
0.1256
0.125268
0.125924
0.128491
0.137766
0.170681
0.252582
0.387699
0.549315
0.725519
1.05635
1.87003
0.137945
0.137957
0.137953
0.137935
0.137899
0.13785
0.137779
0.137681
0.137563
0.137424
0.13726
0.13707
0.136854
0.136608
0.136336
0.136035
0.135704
0.135342
0.134948
0.13452
0.134056
0.133553
0.133005
0.132392
0.131695
0.130906
0.13002
0.129027
0.127917
0.126682
0.12531
0.123794
0.122127
0.120305
0.118322
0.116199
0.113769
0.111732
0.106052
0.138357
0.138337
0.138308
0.138268
0.13822
0.138159
0.138087
0.138003
0.137905
0.137794
0.137666
0.137521
0.137355
0.137166
0.136949
0.136705
0.136425
0.1361
0.13572
0.135277
0.134762
0.134169
0.133488
0.132723
0.131956
0.131088
0.130029
0.128732
0.12701
0.125417
0.125086
0.126106
0.135227
0.184752
0.310864
0.500599
0.724237
1.08526
1.99873
0.138366
0.138363
0.138352
0.138334
0.138303
0.138265
0.138211
0.138138
0.138051
0.137948
0.137827
0.137687
0.137528
0.137347
0.137148
0.136926
0.136683
0.136416
0.136125
0.135809
0.135467
0.135094
0.134686
0.13423
0.133709
0.133121
0.132458
0.131714
0.130879
0.129946
0.128906
0.127749
0.126467
0.125054
0.123497
0.121812
0.119853
0.118172
0.113607
0.138666
0.138657
0.138643
0.138617
0.138581
0.138536
0.13848
0.138415
0.138339
0.138254
0.138157
0.13805
0.13793
0.137797
0.137646
0.137472
0.137262
0.137012
0.136716
0.13637
0.135965
0.135493
0.134946
0.134321
0.133661
0.132999
0.132289
0.131468
0.130286
0.128705
0.126577
0.125239
0.124034
0.139389
0.231496
0.426121
0.690249
1.08141
2.06159
0.13866
0.138654
0.138644
0.138631
0.138606
0.138578
0.138536
0.138479
0.138412
0.138333
0.13824
0.138134
0.138013
0.137877
0.137727
0.137561
0.137377
0.137176
0.136957
0.136718
0.136459
0.136176
0.135865
0.135516
0.135119
0.13467
0.134164
0.133595
0.132957
0.132241
0.131442
0.13055
0.129557
0.128458
0.12724
0.125911
0.124353
0.122988
0.119398
0.138894
0.138898
0.138913
0.138906
0.138888
0.138865
0.138829
0.138781
0.138728
0.138665
0.138592
0.13851
0.138414
0.138303
0.138172
0.138021
0.137856
0.137673
0.137467
0.137228
0.136945
0.136609
0.136209
0.135739
0.1352
0.134613
0.133989
0.133339
0.132585
0.131592
0.129977
0.127963
0.124854
0.121422
0.167675
0.337612
0.624734
1.04287
2.06104
0.138878
0.138878
0.138873
0.138865
0.138846
0.138823
0.138789
0.138743
0.138689
0.138625
0.138552
0.138469
0.138376
0.138271
0.138156
0.138028
0.137887
0.137733
0.137565
0.137381
0.13718
0.13696
0.136719
0.136448
0.136139
0.135789
0.135396
0.134954
0.134457
0.1339
0.133276
0.132579
0.131803
0.13094
0.129981
0.128929
0.127691
0.126587
0.123784
0.139083
0.139104
0.13915
0.139164
0.139166
0.139165
0.139151
0.139126
0.139096
0.139057
0.139013
0.138962
0.138903
0.138834
0.138754
0.138662
0.138548
0.13841
0.138245
0.138051
0.137822
0.137557
0.137249
0.136891
0.136481
0.136012
0.135476
0.13488
0.134235
0.13352
0.132526
0.131078
0.128698
0.120609
0.128572
0.250328
0.53358
0.969054
2.00071
0.139054
0.139062
0.13906
0.139055
0.139039
0.13902
0.138991
0.138952
0.138907
0.138855
0.138795
0.138728
0.138654
0.138571
0.138481
0.138382
0.138272
0.138152
0.13802
0.137876
0.137719
0.137546
0.137355
0.137141
0.136897
0.136621
0.13631
0.135961
0.135569
0.135129
0.134636
0.134085
0.133469
0.132785
0.132022
0.131184
0.130196
0.129298
0.127108
0.139245
0.139286
0.139343
0.139373
0.139389
0.1394
0.1394
0.13939
0.139374
0.13935
0.139321
0.139286
0.139245
0.139196
0.13914
0.139073
0.138995
0.138901
0.138789
0.138652
0.138486
0.138287
0.138052
0.137779
0.137468
0.137113
0.136697
0.136206
0.135633
0.134992
0.134252
0.133222
0.132156
0.126532
0.114484
0.178876
0.427686
0.862272
1.88434
0.139202
0.139215
0.139216
0.139212
0.139196
0.139179
0.139154
0.139122
0.139084
0.13904
0.138991
0.138936
0.138875
0.138809
0.138737
0.138657
0.13857
0.138475
0.138371
0.138257
0.138132
0.137994
0.137841
0.13767
0.137474
0.137253
0.137005
0.136725
0.136411
0.136059
0.135665
0.135224
0.134731
0.134182
0.13357
0.132896
0.1321
0.131367
0.129647
0.13938
0.139433
0.139491
0.139527
0.139551
0.139568
0.139574
0.139573
0.139567
0.139554
0.139536
0.139514
0.139487
0.139455
0.139417
0.139372
0.13932
0.139256
0.139178
0.139082
0.138965
0.138822
0.138649
0.138443
0.138207
0.137938
0.137624
0.137252
0.136797
0.136243
0.135611
0.134715
0.1341
0.132393
0.116613
0.131862
0.321278
0.728958
1.71574
0.139332
0.139346
0.139352
0.139351
0.139324
0.139308
0.139287
0.139264
0.139235
0.139199
0.139158
0.139112
0.139062
0.139007
0.138947
0.138882
0.138811
0.138734
0.13865
0.138557
0.138456
0.138344
0.138221
0.138081
0.137923
0.137744
0.137542
0.137316
0.137062
0.136777
0.136459
0.136102
0.135703
0.135259
0.134763
0.134215
0.133571
0.132967
0.131606
0.139497
0.139552
0.139608
0.139645
0.13967
0.13969
0.139699
0.139702
0.139701
0.139695
0.139684
0.139671
0.139653
0.139632
0.139606
0.139575
0.13954
0.139496
0.139443
0.139378
0.139298
0.139199
0.139077
0.138929
0.138755
0.138552
0.138315
0.138036
0.137697
0.137262
0.136746
0.135985
0.135142
0.13573
0.125217
0.11022
0.228632
0.580151
1.50206
0.139454
0.139466
0.139481
0.139485
0.139433
0.139415
0.139401
0.13939
0.139372
0.139346
0.139314
0.139276
0.139234
0.139187
0.139135
0.139079
0.139018
0.138952
0.138881
0.138804
0.13872
0.138627
0.138525
0.138409
0.138279
0.138132
0.137967
0.137781
0.137574
0.137341
0.137081
0.136789
0.136464
0.136101
0.135696
0.135248
0.134721
0.134222
0.133136
0.139605
0.139654
0.139705
0.139739
0.139764
0.139784
0.139795
0.139799
0.1398
0.139797
0.139791
0.139782
0.13977
0.139756
0.139738
0.139718
0.139693
0.139663
0.139627
0.139581
0.139526
0.139458
0.139375
0.139273
0.13915
0.139003
0.138828
0.138619
0.138368
0.138045
0.137645
0.137101
0.136034
0.136846
0.133221
0.108107
0.160368
0.430584
1.25486
0.139572
0.139582
0.139609
0.13962
0.139541
0.139515
0.139506
0.139512
0.139508
0.139493
0.139471
0.139442
0.139406
0.139363
0.139315
0.139264
0.139208
0.139149
0.139085
0.139017
0.138943
0.138864
0.138776
0.138679
0.138569
0.138446
0.138308
0.138155
0.137983
0.137791
0.137576
0.137336
0.137068
0.136769
0.136436
0.136067
0.135633
0.135217
0.134344
0.139696
0.139738
0.139783
0.139815
0.139839
0.139858
0.139869
0.139875
0.139877
0.139875
0.13987
0.139864
0.139856
0.139846
0.139834
0.13982
0.139803
0.139783
0.139757
0.139726
0.139687
0.139639
0.139581
0.139511
0.139427
0.139325
0.1392
0.139048
0.138864
0.138629
0.13832
0.137982
0.137021
0.136969
0.138239
0.116687
0.120675
0.296223
0.990736
0.139676
0.139692
0.139729
0.139743
0.139657
0.139618
0.139614
0.139635
0.139644
0.139639
0.139628
0.139607
0.139576
0.139537
0.139492
0.139442
0.139388
0.139331
0.139271
0.139208
0.139141
0.139069
0.138992
0.138906
0.138811
0.138706
0.138589
0.13846
0.138316
0.138156
0.137977
0.137777
0.137554
0.137307
0.13703
0.136723
0.136364
0.136016
0.135308
0.139769
0.139804
0.139845
0.139875
0.139899
0.139917
0.139928
0.139934
0.139936
0.139935
0.139932
0.139927
0.139921
0.139914
0.139905
0.139895
0.139884
0.13987
0.139852
0.13983
0.139803
0.139769
0.139728
0.139679
0.139621
0.139551
0.139465
0.139359
0.139227
0.139061
0.138825
0.138607
0.137983
0.137085
0.139985
0.127735
0.106753
0.190653
0.730873
0.139758
0.139782
0.139826
0.139839
0.13977
0.139725
0.139723
0.139751
0.139766
0.139767
0.139763
0.13975
0.139728
0.139696
0.139656
0.139608
0.139556
0.139501
0.139443
0.139382
0.139319
0.139252
0.139181
0.139103
0.139019
0.138926
0.138825
0.138714
0.138592
0.138456
0.138305
0.138137
0.137951
0.137743
0.137512
0.137256
0.136956
0.136664
0.136087
0.139824
0.139855
0.139893
0.139922
0.139945
0.139963
0.139974
0.13998
0.139982
0.139982
0.13998
0.139976
0.139972
0.139966
0.13996
0.139952
0.139944
0.139935
0.139923
0.139908
0.139889
0.139865
0.139836
0.139802
0.13976
0.139712
0.139653
0.139581
0.139489
0.139376
0.139205
0.139034
0.138752
0.137546
0.139776
0.136066
0.110726
0.121614
0.49864
0.139821
0.13985
0.139894
0.139907
0.139859
0.13982
0.139818
0.13984
0.139853
0.139855
0.139853
0.139846
0.139834
0.139814
0.139788
0.13975
0.139704
0.139652
0.139596
0.139538
0.139478
0.139414
0.139348
0.139276
0.139199
0.139116
0.139027
0.13893
0.138824
0.138707
0.138578
0.138436
0.138278
0.138103
0.137908
0.137693
0.137441
0.137194
0.13672
0.139869
0.139897
0.139932
0.139959
0.139981
0.139998
0.140009
0.140015
0.140018
0.140018
0.140016
0.140014
0.14001
0.140006
0.140002
0.139996
0.139991
0.139984
0.139976
0.139966
0.139953
0.139937
0.139917
0.139892
0.139863
0.139829
0.139788
0.139739
0.139677
0.139601
0.139488
0.139338
0.139267
0.138258
0.139032
0.140399
0.122974
0.0888055
0.315093
0.13987
0.1399
0.139942
0.139956
0.13992
0.13989
0.139887
0.1399
0.139908
0.13991
0.139908
0.139904
0.139896
0.139886
0.139872
0.139852
0.139821
0.139778
0.139728
0.139674
0.139617
0.139557
0.139494
0.139428
0.139357
0.139281
0.139201
0.139115
0.139021
0.138919
0.138808
0.138686
0.138551
0.138402
0.138236
0.138054
0.137841
0.137632
0.13724
0.139909
0.139933
0.139965
0.139991
0.140011
0.140027
0.140037
0.140042
0.140045
0.140045
0.140044
0.140042
0.14004
0.140037
0.140034
0.14003
0.140026
0.140022
0.140017
0.14001
0.140001
0.13999
0.139977
0.13996
0.13994
0.139916
0.139888
0.139855
0.139813
0.139762
0.139694
0.139569
0.139569
0.13898
0.138606
0.141249
0.135466
0.0844168
0.192768
0.139913
0.13994
0.139978
0.139991
0.139962
0.139938
0.139935
0.139942
0.139947
0.139948
0.139947
0.139944
0.139938
0.139931
0.139922
0.139911
0.139896
0.139871
0.139834
0.139787
0.139736
0.13968
0.139622
0.139559
0.139494
0.139424
0.139351
0.139274
0.13919
0.139101
0.139003
0.138897
0.138781
0.138653
0.138511
0.138356
0.138174
0.138001
0.137673
0.139946
0.139968
0.139996
0.140019
0.140037
0.140051
0.140059
0.140063
0.140065
0.140066
0.140065
0.140064
0.140063
0.140061
0.140059
0.140056
0.140054
0.140051
0.140048
0.140043
0.140038
0.140031
0.140022
0.14001
0.139997
0.139981
0.139962
0.13994
0.139913
0.139878
0.13984
0.13975
0.13974
0.13953
0.138729
0.140254
0.143697
0.0967133
0.130118
0.13995
0.139972
0.140004
0.140016
0.139991
0.139972
0.139969
0.139974
0.139978
0.139979
0.139978
0.139975
0.13997
0.139965
0.139958
0.13995
0.13994
0.139928
0.139909
0.139878
0.139834
0.139784
0.13973
0.139673
0.139612
0.139548
0.139482
0.139411
0.139337
0.139257
0.139171
0.139078
0.138976
0.138866
0.138744
0.138614
0.138455
0.138337
0.138062
0.139979
0.139999
0.140024
0.140044
0.14006
0.140071
0.140078
0.140081
0.140082
0.140082
0.140082
0.140081
0.14008
0.140079
0.140077
0.140076
0.140075
0.140074
0.140072
0.14007
0.140066
0.140062
0.140056
0.140049
0.14004
0.14003
0.140018
0.140004
0.139987
0.139964
0.139943
0.13989
0.139852
0.139853
0.139227
0.138948
0.146893
0.114223
0.110953
0.13998
0.139996
0.140023
0.140033
0.140011
0.139995
0.139993
0.139998
0.140001
0.140002
0.140001
0.139999
0.139996
0.139991
0.139986
0.13998
0.139973
0.139964
0.139953
0.139937
0.13991
0.13987
0.139822
0.139771
0.139716
0.139658
0.139598
0.139534
0.139467
0.139396
0.13932
0.139238
0.139151
0.139057
0.138956
0.138855
0.138723
0.138653
0.138421
0.140006
0.140025
0.140048
0.140066
0.14008
0.140089
0.140094
0.140095
0.140096
0.140095
0.140095
0.140094
0.140093
0.140093
0.140092
0.140092
0.140091
0.140091
0.140091
0.14009
0.140088
0.140086
0.140083
0.140078
0.140073
0.140067
0.140059
0.140051
0.140041
0.140028
0.140015
0.139993
0.139945
0.139992
0.139806
0.138213
0.146313
0.129319
0.112896
0.140003
0.140014
0.140036
0.140045
0.140026
0.140013
0.140011
0.140016
0.140019
0.14002
0.14002
0.140018
0.140015
0.140012
0.140008
0.140003
0.139997
0.13999
0.139982
0.139972
0.139958
0.139935
0.139899
0.139856
0.139809
0.139761
0.139709
0.139654
0.139595
0.139533
0.139467
0.139399
0.139328
0.139256
0.139178
0.139105
0.139009
0.138963
0.138756
0.140026
0.140045
0.140067
0.140084
0.140095
0.140103
0.140106
0.140107
0.140107
0.140106
0.140106
0.140105
0.140105
0.140104
0.140104
0.140104
0.140105
0.140105
0.140106
0.140106
0.140106
0.140105
0.140104
0.140102
0.140099
0.140095
0.140091
0.140087
0.140082
0.140076
0.140069
0.140064
0.14003
0.14003
0.140241
0.138245
0.143967
0.138857
0.122697
0.140019
0.140027
0.140046
0.140056
0.140039
0.140027
0.140026
0.140029
0.140032
0.140034
0.140034
0.140032
0.14003
0.140027
0.140024
0.14002
0.140016
0.140011
0.140004
0.139996
0.139987
0.139974
0.139954
0.139927
0.139893
0.139858
0.139818
0.139774
0.139727
0.139677
0.139626
0.139572
0.139516
0.139461
0.139402
0.139346
0.139274
0.139242
0.139059
0.14004
0.14006
0.140081
0.140096
0.140107
0.140113
0.140116
0.140116
0.140116
0.140115
0.140115
0.140114
0.140114
0.140114
0.140114
0.140115
0.140116
0.140117
0.140118
0.14012
0.14012
0.140121
0.140121
0.14012
0.140119
0.140118
0.140116
0.140115
0.140113
0.140112
0.140109
0.140112
0.140105
0.140042
0.140448
0.138805
0.141543
0.143109
0.131595
0.140032
0.140038
0.140056
0.140066
0.14005
0.140039
0.140037
0.14004
0.140043
0.140044
0.140044
0.140043
0.140042
0.140039
0.140037
0.140034
0.14003
0.140026
0.140021
0.140015
0.140008
0.139999
0.139987
0.139971
0.139952
0.139929
0.139904
0.139875
0.139842
0.139806
0.139767
0.139726
0.139684
0.13964
0.139594
0.13955
0.139493
0.139471
0.139316
0.140052
0.140071
0.140091
0.140105
0.140115
0.14012
0.140122
0.140123
0.140122
0.140122
0.140122
0.140122
0.140122
0.140122
0.140123
0.140124
0.140125
0.140127
0.140129
0.140131
0.140132
0.140134
0.140135
0.140135
0.140135
0.140135
0.140136
0.140136
0.140137
0.140139
0.140141
0.140144
0.140162
0.140068
0.140464
0.13952
0.139937
0.143754
0.137427
0.140044
0.14005
0.140066
0.140075
0.140061
0.14005
0.140048
0.14005
0.140052
0.140052
0.140052
0.140052
0.14005
0.140048
0.140046
0.140044
0.140041
0.140038
0.140034
0.140029
0.140024
0.140016
0.140008
0.139998
0.139986
0.139973
0.139958
0.13994
0.139919
0.139895
0.139869
0.13984
0.139809
0.139777
0.139741
0.139707
0.139662
0.139647
0.139525
0.140063
0.14008
0.140099
0.140112
0.14012
0.140125
0.140127
0.140127
0.140127
0.140127
0.140127
0.140128
0.140128
0.140129
0.14013
0.140132
0.140134
0.140136
0.140138
0.14014
0.140143
0.140144
0.140146
0.140147
0.140148
0.14015
0.140151
0.140153
0.140156
0.14016
0.140165
0.140168
0.140199
0.140115
0.14038
0.140104
0.139308
0.14271
0.140465
0.140057
0.140061
0.140076
0.140083
0.14007
0.14006
0.140057
0.140058
0.140059
0.14006
0.140059
0.140058
0.140057
0.140055
0.140054
0.140052
0.140049
0.140047
0.140044
0.14004
0.140036
0.14003
0.140023
0.140016
0.140007
0.139999
0.139989
0.139978
0.139966
0.139951
0.139934
0.139915
0.139894
0.139871
0.139846
0.139821
0.139787
0.139777
0.139687
0.140074
0.14009
0.140106
0.140118
0.140125
0.140129
0.14013
0.14013
0.140131
0.140131
0.140132
0.140133
0.140134
0.140136
0.140137
0.140139
0.140141
0.140143
0.140146
0.140149
0.140151
0.140154
0.140156
0.140158
0.140159
0.140161
0.140164
0.140167
0.14017
0.140175
0.140183
0.140186
0.14022
0.140171
0.140284
0.140434
0.139382
0.141369
0.141563
0.140068
0.140071
0.140083
0.140089
0.140076
0.140067
0.140065
0.140065
0.140066
0.140065
0.140065
0.140064
0.140062
0.140061
0.140059
0.140057
0.140056
0.140053
0.140051
0.140048
0.140044
0.14004
0.140035
0.140029
0.140022
0.140016
0.14001
0.140003
0.139995
0.139985
0.139975
0.139963
0.139949
0.139934
0.139917
0.1399
0.139875
0.13987
0.139808
0.140085
0.140099
0.140114
0.140123
0.140129
0.140132
0.140133
0.140133
0.140134
0.140135
0.140136
0.140138
0.140139
0.140141
0.140143
0.140145
0.140148
0.14015
0.140153
0.140156
0.140159
0.140162
0.140164
0.140166
0.140169
0.140171
0.140174
0.140177
0.140182
0.140187
0.140196
0.140201
0.140229
0.14022
0.140224
0.14053
0.139768
0.140408
0.141647
0.140077
0.140078
0.140087
0.140093
0.140081
0.140073
0.14007
0.140071
0.140071
0.14007
0.140069
0.140068
0.140066
0.140065
0.140063
0.140062
0.14006
0.140058
0.140056
0.140054
0.140051
0.140047
0.140043
0.140038
0.140033
0.140029
0.140024
0.140019
0.140014
0.140008
0.140001
0.139994
0.139985
0.139976
0.139965
0.139954
0.139937
0.139935
0.139894
0.140093
0.140106
0.14012
0.140128
0.140133
0.140135
0.140135
0.140136
0.140137
0.140138
0.14014
0.140142
0.140143
0.140146
0.140148
0.14015
0.140153
0.140156
0.140159
0.140162
0.140165
0.140168
0.140171
0.140174
0.140176
0.140179
0.140182
0.140186
0.140191
0.140196
0.140206
0.140213
0.140233
0.140254
0.14021
0.140487
0.140159
0.139977
0.141308
0.140084
0.140083
0.14009
0.140095
0.140084
0.140076
0.140074
0.140074
0.140074
0.140073
0.140072
0.140071
0.140069
0.140068
0.140066
0.140065
0.140063
0.140062
0.14006
0.140058
0.140055
0.140052
0.140049
0.140045
0.140041
0.140038
0.140034
0.140031
0.140027
0.140023
0.140019
0.140015
0.14001
0.140004
0.139997
0.139991
0.13998
0.139982
0.139954
0.140099
0.140112
0.140125
0.140132
0.140136
0.140137
0.140138
0.140138
0.14014
0.140141
0.140143
0.140145
0.140147
0.14015
0.140152
0.140155
0.140158
0.140161
0.140164
0.140168
0.140171
0.140174
0.140177
0.14018
0.140182
0.140185
0.140188
0.140192
0.140197
0.140203
0.140212
0.140222
0.140235
0.14027
0.140228
0.140398
0.140406
0.139954
0.140834
0.140089
0.140086
0.140093
0.140097
0.140086
0.140079
0.140077
0.140077
0.140076
0.140075
0.140074
0.140072
0.140071
0.140069
0.140068
0.140067
0.140065
0.140064
0.140062
0.14006
0.140058
0.140056
0.140053
0.14005
0.140047
0.140044
0.140042
0.140039
0.140036
0.140034
0.140031
0.140029
0.140026
0.140023
0.140019
0.140017
0.14001
0.140014
0.139995
0.140103
0.140116
0.140128
0.140134
0.140138
0.140139
0.140139
0.14014
0.140142
0.140144
0.140146
0.140148
0.140151
0.140153
0.140156
0.140159
0.140161
0.140165
0.140168
0.140172
0.140175
0.140179
0.140182
0.140185
0.140187
0.14019
0.140194
0.140198
0.140203
0.140209
0.140217
0.140227
0.140237
0.140272
0.140255
0.140325
0.140493
0.140129
0.140429
0.140092
0.140089
0.140095
0.140099
0.140088
0.140081
0.140079
0.140078
0.140078
0.140076
0.140075
0.140073
0.140072
0.14007
0.140069
0.140068
0.140066
0.140065
0.140064
0.140062
0.14006
0.140058
0.140056
0.140053
0.140051
0.140049
0.140047
0.140045
0.140043
0.140042
0.14004
0.140039
0.140037
0.140036
0.140035
0.140034
0.14003
0.140036
0.140023
0.140106
0.140119
0.14013
0.140136
0.140139
0.14014
0.140141
0.140142
0.140144
0.140147
0.140149
0.140151
0.140154
0.140156
0.140159
0.140162
0.140165
0.140168
0.140171
0.140175
0.140179
0.140182
0.140186
0.140189
0.140192
0.140195
0.140198
0.140202
0.140207
0.140213
0.14022
0.140231
0.14024
0.140268
0.140277
0.140287
0.140475
0.140323
0.140233
0.140096
0.140092
0.140097
0.140101
0.14009
0.140083
0.14008
0.140079
0.140078
0.140077
0.140075
0.140073
0.140072
0.14007
0.140069
0.140068
0.140067
0.140065
0.140064
0.140063
0.140061
0.140059
0.140057
0.140055
0.140053
0.140052
0.14005
0.140049
0.140048
0.140047
0.140046
0.140045
0.140045
0.140045
0.140045
0.140046
0.140044
0.140051
0.140042
0.140109
0.140121
0.140131
0.140137
0.140139
0.140141
0.140142
0.140144
0.140146
0.140149
0.140151
0.140154
0.140156
0.140159
0.140161
0.140164
0.140167
0.140171
0.140174
0.140178
0.140182
0.140185
0.140189
0.140192
0.140195
0.140198
0.140201
0.140205
0.14021
0.140215
0.140222
0.140232
0.140242
0.140262
0.140287
0.140279
0.140414
0.140445
0.14024
0.140099
0.140095
0.1401
0.140102
0.140093
0.140085
0.140082
0.14008
0.140079
0.140076
0.140074
0.140072
0.140071
0.140069
0.140068
0.140067
0.140066
0.140065
0.140064
0.140063
0.140061
0.140059
0.140058
0.140056
0.140054
0.140053
0.140052
0.140051
0.140051
0.14005
0.14005
0.14005
0.14005
0.140051
0.140052
0.140054
0.140054
0.140061
0.140055
0.140112
0.140123
0.140133
0.140138
0.14014
0.140141
0.140143
0.140145
0.140148
0.140151
0.140153
0.140156
0.140158
0.140161
0.140164
0.140167
0.14017
0.140173
0.140177
0.14018
0.140184
0.140187
0.140191
0.140194
0.140197
0.1402
0.140204
0.140207
0.140212
0.140217
0.140224
0.140233
0.140243
0.140257
0.140286
0.140285
0.140356
0.140479
0.140342
0.140103
0.140098
0.140102
0.140104
0.140094
0.140087
0.140083
0.140081
0.140079
0.140076
0.140074
0.140071
0.14007
0.140068
0.140067
0.140066
0.140065
0.140064
0.140063
0.140062
0.14006
0.140059
0.140058
0.140056
0.140055
0.140054
0.140053
0.140052
0.140052
0.140052
0.140052
0.140053
0.140054
0.140055
0.140056
0.140059
0.14006
0.140067
0.140063
0.140116
0.140126
0.140135
0.140139
0.14014
0.140142
0.140144
0.140147
0.14015
0.140153
0.140155
0.140158
0.14016
0.140163
0.140166
0.140169
0.140172
0.140175
0.140178
0.140182
0.140186
0.140189
0.140193
0.140196
0.140199
0.140202
0.140205
0.140209
0.140213
0.140218
0.140224
0.140232
0.140242
0.140254
0.140279
0.140291
0.14032
0.140453
0.140432
0.140107
0.140101
0.140104
0.140105
0.140096
0.140088
0.140084
0.140081
0.140078
0.140075
0.140072
0.14007
0.140068
0.140067
0.140065
0.140064
0.140063
0.140063
0.140062
0.14006
0.140059
0.140058
0.140057
0.140055
0.140054
0.140054
0.140053
0.140053
0.140053
0.140053
0.140053
0.140054
0.140055
0.140057
0.140058
0.140061
0.140063
0.140071
0.140068
0.140119
0.140129
0.140137
0.14014
0.140141
0.140143
0.140146
0.140149
0.140152
0.140154
0.140157
0.14016
0.140162
0.140165
0.140168
0.140171
0.140174
0.140177
0.14018
0.140184
0.140187
0.140191
0.140194
0.140197
0.1402
0.140203
0.140206
0.14021
0.140214
0.140219
0.140225
0.140232
0.140241
0.140251
0.140271
0.140292
0.140303
0.140405
0.140462
0.140109
0.140102
0.140104
0.140105
0.140096
0.140089
0.140084
0.140081
0.140077
0.140074
0.140071
0.140068
0.140066
0.140065
0.140064
0.140062
0.140062
0.140061
0.14006
0.140059
0.140058
0.140057
0.140055
0.140054
0.140053
0.140053
0.140052
0.140052
0.140052
0.140053
0.140053
0.140054
0.140056
0.140057
0.140059
0.140062
0.140065
0.140072
0.140071
0.140122
0.140131
0.140138
0.140141
0.140142
0.140144
0.140147
0.140151
0.140154
0.140156
0.140159
0.140162
0.140164
0.140167
0.14017
0.140173
0.140176
0.140179
0.140182
0.140185
0.140189
0.140192
0.140195
0.140198
0.140201
0.140204
0.140207
0.14021
0.140214
0.140219
0.140224
0.140231
0.140239
0.140249
0.140263
0.140287
0.140297
0.140362
0.140441
0.140112
0.140103
0.140104
0.140104
0.140096
0.140089
0.140084
0.14008
0.140076
0.140072
0.140069
0.140066
0.140064
0.140063
0.140061
0.14006
0.140059
0.140059
0.140058
0.140057
0.140056
0.140055
0.140054
0.140053
0.140052
0.140052
0.140051
0.140051
0.140051
0.140052
0.140053
0.140054
0.140055
0.140057
0.140059
0.140062
0.140065
0.140072
0.140071
0.140123
0.140133
0.140139
0.140141
0.140143
0.140146
0.140149
0.140152
0.140155
0.140158
0.140161
0.140164
0.140166
0.140169
0.140172
0.140175
0.140177
0.14018
0.140184
0.140187
0.14019
0.140193
0.140196
0.140199
0.140202
0.140204
0.140207
0.14021
0.140214
0.140218
0.140223
0.140229
0.140236
0.140246
0.140257
0.140279
0.140293
0.140333
0.1404
0.140113
0.140104
0.140104
0.140104
0.140095
0.140088
0.140083
0.140078
0.140074
0.14007
0.140066
0.140064
0.140062
0.14006
0.140059
0.140058
0.140057
0.140056
0.140055
0.140054
0.140054
0.140053
0.140052
0.140051
0.14005
0.14005
0.14005
0.14005
0.14005
0.140051
0.140051
0.140052
0.140054
0.140056
0.140058
0.140061
0.140063
0.140071
0.14007
0.140124
0.140133
0.14014
0.140141
0.140143
0.140147
0.140151
0.140154
0.140157
0.14016
0.140163
0.140166
0.140168
0.140171
0.140174
0.140176
0.140179
0.140182
0.140185
0.140188
0.140191
0.140194
0.140197
0.1402
0.140202
0.140205
0.140207
0.14021
0.140214
0.140217
0.140222
0.140227
0.140234
0.140242
0.140252
0.14027
0.140287
0.140316
0.140361
0.140114
0.140104
0.140103
0.140103
0.140094
0.140087
0.140081
0.140076
0.140071
0.140067
0.140064
0.140061
0.140059
0.140057
0.140056
0.140055
0.140054
0.140053
0.140053
0.140052
0.140051
0.14005
0.140049
0.140048
0.140048
0.140048
0.140048
0.140048
0.140048
0.140049
0.140049
0.140051
0.140052
0.140054
0.140056
0.140059
0.140061
0.140068
0.140068
0.140125
0.140134
0.14014
0.140141
0.140144
0.140148
0.140152
0.140156
0.140159
0.140162
0.140165
0.140168
0.140171
0.140173
0.140176
0.140179
0.140181
0.140184
0.140187
0.14019
0.140193
0.140195
0.140198
0.1402
0.140203
0.140205
0.140207
0.14021
0.140213
0.140216
0.14022
0.140225
0.140231
0.140238
0.140247
0.140261
0.140279
0.140304
0.140332
0.140115
0.140105
0.140103
0.140102
0.140093
0.140086
0.14008
0.140074
0.140068
0.140064
0.14006
0.140058
0.140056
0.140054
0.140053
0.140052
0.140051
0.14005
0.14005
0.140049
0.140048
0.140047
0.140047
0.140046
0.140045
0.140045
0.140045
0.140045
0.140046
0.140046
0.140047
0.140048
0.14005
0.140051
0.140053
0.140056
0.140059
0.140065
0.140065
0.140126
0.140134
0.14014
0.140141
0.140145
0.14015
0.140154
0.140157
0.140161
0.140164
0.140167
0.14017
0.140173
0.140176
0.140178
0.140181
0.140183
0.140186
0.140189
0.140191
0.140194
0.140197
0.140199
0.140201
0.140203
0.140205
0.140207
0.140209
0.140212
0.140215
0.140219
0.140223
0.140227
0.140234
0.140242
0.140253
0.140268
0.140293
0.140312
0.140117
0.140106
0.140103
0.140101
0.140092
0.140084
0.140078
0.140071
0.140065
0.14006
0.140057
0.140054
0.140052
0.14005
0.140049
0.140049
0.140048
0.140047
0.140046
0.140046
0.140045
0.140044
0.140044
0.140043
0.140043
0.140042
0.140042
0.140043
0.140043
0.140044
0.140044
0.140046
0.140047
0.140049
0.14005
0.140053
0.140055
0.140062
0.140061
0.140127
0.140135
0.14014
0.140141
0.140146
0.140151
0.140155
0.140159
0.140163
0.140166
0.140169
0.140172
0.140175
0.140178
0.140181
0.140183
0.140186
0.140188
0.140191
0.140193
0.140196
0.140198
0.1402
0.140202
0.140203
0.140205
0.140207
0.140209
0.140211
0.140214
0.140217
0.14022
0.140224
0.140229
0.140235
0.140245
0.140257
0.140281
0.140296
0.140119
0.140108
0.140103
0.1401
0.140091
0.140083
0.140076
0.140068
0.140062
0.140057
0.140053
0.14005
0.140048
0.140047
0.140046
0.140045
0.140044
0.140044
0.140043
0.140042
0.140042
0.140041
0.14004
0.14004
0.140039
0.140039
0.140039
0.14004
0.14004
0.140041
0.140041
0.140042
0.140044
0.140045
0.140047
0.140049
0.140051
0.140057
0.140057
0.140129
0.140137
0.14014
0.140142
0.140148
0.140154
0.140157
0.140161
0.140165
0.140169
0.140172
0.140175
0.140178
0.140181
0.140183
0.140186
0.140188
0.14019
0.140193
0.140195
0.140197
0.140199
0.140201
0.140203
0.140204
0.140206
0.140207
0.140209
0.14021
0.140212
0.140214
0.140217
0.14022
0.140224
0.140229
0.140236
0.140246
0.140267
0.14028
0.140122
0.140113
0.140103
0.1401
0.140091
0.140082
0.140074
0.140065
0.140058
0.140053
0.140049
0.140046
0.140044
0.140043
0.140042
0.140041
0.14004
0.14004
0.140039
0.140039
0.140038
0.140037
0.140037
0.140036
0.140036
0.140036
0.140036
0.140036
0.140036
0.140037
0.140038
0.140038
0.14004
0.140041
0.140043
0.140045
0.140047
0.140052
0.140052
0.140133
0.140139
0.140142
0.140146
0.140152
0.140157
0.14016
0.140165
0.140169
0.140172
0.140175
0.140178
0.140181
0.140183
0.140186
0.140188
0.140191
0.140193
0.140195
0.140197
0.140199
0.140201
0.140203
0.140204
0.140205
0.140206
0.140207
0.140208
0.140209
0.140211
0.140212
0.140214
0.140216
0.140219
0.140223
0.140228
0.140235
0.140252
0.140263
0.140127
0.140118
0.140105
0.140099
0.140091
0.140081
0.140071
0.140062
0.140055
0.140049
0.140045
0.140042
0.14004
0.140038
0.140037
0.140037
0.140036
0.140035
0.140035
0.140034
0.140034
0.140033
0.140033
0.140032
0.140032
0.140032
0.140032
0.140032
0.140032
0.140032
0.140033
0.140034
0.140035
0.140036
0.140038
0.14004
0.140042
0.140047
0.140047
0.140138
0.140142
0.140146
0.140152
0.140158
0.140162
0.140167
0.14017
0.140174
0.140176
0.140179
0.140182
0.140185
0.140187
0.140189
0.140191
0.140194
0.140196
0.140198
0.140199
0.140201
0.140203
0.140204
0.140205
0.140206
0.140207
0.140208
0.140208
0.140208
0.140209
0.140209
0.14021
0.140212
0.140214
0.140216
0.140221
0.140225
0.140237
0.140245
0.140132
0.140123
0.140108
0.140099
0.140093
0.140081
0.140069
0.140059
0.140051
0.140045
0.140041
0.140038
0.140036
0.140034
0.140033
0.140032
0.140031
0.140031
0.14003
0.14003
0.140029
0.140028
0.140028
0.140027
0.140027
0.140027
0.140027
0.140027
0.140027
0.140027
0.140028
0.140029
0.14003
0.140031
0.140033
0.140035
0.140036
0.140041
0.140041
0.140142
0.140147
0.140152
0.140159
0.140164
0.140169
0.140174
0.140178
0.140181
0.140184
0.140186
0.140188
0.14019
0.140192
0.140194
0.140195
0.140197
0.140199
0.140201
0.140202
0.140204
0.140205
0.140206
0.140207
0.140207
0.140207
0.140207
0.140207
0.140207
0.140206
0.140207
0.140207
0.140208
0.140209
0.140211
0.140214
0.140217
0.140225
0.140229
0.140136
0.140129
0.140113
0.140101
0.140096
0.140082
0.140067
0.140055
0.140047
0.140041
0.140037
0.140034
0.140031
0.14003
0.140028
0.140027
0.140026
0.140026
0.140025
0.140024
0.140024
0.140023
0.140023
0.140022
0.140022
0.140021
0.140022
0.140022
0.140022
0.140023
0.140024
0.140025
0.140026
0.140027
0.140029
0.140031
0.140033
0.140038
0.140038
0.140147
0.140151
0.140158
0.140165
0.140171
0.140176
0.140181
0.140186
0.14019
0.140193
0.140195
0.140197
0.140198
0.140199
0.140199
0.1402
0.140202
0.140203
0.140204
0.140205
0.140207
0.140208
0.140209
0.140209
0.140208
0.140207
0.140206
0.140205
0.140205
0.140205
0.140205
0.140205
0.140206
0.140207
0.140208
0.14021
0.140212
0.140217
0.140216
0.140141
0.140134
0.140118
0.140105
0.140099
0.140084
0.140064
0.140052
0.140044
0.140038
0.140033
0.14003
0.140027
0.140025
0.140023
0.140022
0.140021
0.14002
0.14002
0.140019
0.140018
0.140018
0.140017
0.140017
0.140017
0.140017
0.140018
0.140018
0.140019
0.14002
0.140022
0.140023
0.140025
0.140027
0.140029
0.140031
0.140034
0.140039
0.140039
0.140151
0.140156
0.140163
0.14017
0.140177
0.140183
0.140188
0.140193
0.140198
0.140201
0.140204
0.140206
0.140207
0.140208
0.140209
0.140209
0.140208
0.140208
0.140209
0.14021
0.14021
0.14021
0.14021
0.140209
0.140207
0.140206
0.140205
0.140204
0.140204
0.140204
0.140204
0.140205
0.140206
0.140207
0.140208
0.14021
0.140211
0.140215
0.14021
0.140145
0.140137
0.140122
0.140108
0.140102
0.140085
0.140062
0.140049
0.14004
0.140034
0.140029
0.140025
0.140022
0.14002
0.140018
0.140017
0.140016
0.140015
0.140015
0.140014
0.140014
0.140014
0.140014
0.140014
0.140015
0.140016
0.140017
0.140019
0.14002
0.140022
0.140024
0.140026
0.140029
0.140031
0.140034
0.140037
0.140039
0.140045
0.140045
0.140153
0.140159
0.140165
0.140173
0.140179
0.140185
0.140191
0.140197
0.140201
0.140206
0.140209
0.140212
0.140215
0.140217
0.140218
0.140218
0.140218
0.140217
0.140216
0.140214
0.140213
0.140212
0.14021
0.140208
0.140206
0.140205
0.140206
0.140206
0.140206
0.140207
0.140208
0.140209
0.14021
0.140211
0.140212
0.140213
0.140214
0.140218
0.140209
0.140146
0.140138
0.140126
0.140112
0.140104
0.140086
0.14006
0.140046
0.140037
0.14003
0.140024
0.14002
0.140017
0.140015
0.140014
0.140013
0.140012
0.140012
0.140012
0.140012
0.140013
0.140013
0.140014
0.140015
0.140017
0.140019
0.140021
0.140023
0.140026
0.140029
0.140031
0.140034
0.140037
0.14004
0.140044
0.140047
0.140051
0.140056
0.140057
0.140154
0.14016
0.140167
0.140175
0.140181
0.140188
0.140194
0.140199
0.140204
0.140209
0.140213
0.140216
0.140219
0.140222
0.140224
0.140226
0.140227
0.140227
0.140226
0.140224
0.140223
0.14022
0.140219
0.140217
0.140217
0.140217
0.140216
0.140216
0.140215
0.140216
0.140216
0.140217
0.140217
0.140218
0.140219
0.14022
0.14022
0.140223
0.140213
0.140146
0.140138
0.140126
0.140114
0.140106
0.140086
0.140058
0.140043
0.140033
0.140026
0.14002
0.140016
0.140013
0.140012
0.140011
0.140011
0.140011
0.140012
0.140013
0.140014
0.140015
0.140016
0.140018
0.14002
0.140023
0.140026
0.140029
0.140032
0.140036
0.140039
0.140043
0.140046
0.14005
0.140054
0.140057
0.140062
0.140065
0.140072
0.140073
0.140154
0.140161
0.140168
0.140176
0.140183
0.14019
0.140196
0.140202
0.140207
0.140212
0.140216
0.140219
0.140223
0.140226
0.140228
0.140231
0.140232
0.140234
0.140235
0.140235
0.140235
0.140235
0.140235
0.140235
0.140236
0.140236
0.140235
0.140234
0.140233
0.140231
0.14023
0.140229
0.140229
0.140228
0.140228
0.140229
0.140228
0.14023
0.140223
0.140147
0.140138
0.140126
0.140115
0.140104
0.140085
0.140056
0.140039
0.140029
0.140021
0.140015
0.140012
0.14001
0.14001
0.140011
0.140012
0.140013
0.140015
0.140017
0.140019
0.140021
0.140023
0.140026
0.140029
0.140033
0.140037
0.140041
0.140045
0.140049
0.140053
0.140057
0.140061
0.140065
0.140069
0.140073
0.140078
0.140082
0.140088
0.14009
0.140155
0.140162
0.140169
0.140177
0.140185
0.140191
0.140198
0.140204
0.140209
0.140214
0.140218
0.140222
0.140225
0.140229
0.140231
0.140234
0.140236
0.140238
0.14024
0.140241
0.140242
0.140243
0.140245
0.140246
0.140247
0.140248
0.140248
0.140249
0.140249
0.140248
0.140247
0.140245
0.140244
0.140242
0.140241
0.140241
0.140239
0.140239
0.140236
0.140147
0.140138
0.140126
0.140115
0.140103
0.140084
0.140054
0.140036
0.140026
0.140017
0.140011
0.140009
0.140009
0.140011
0.140013
0.140016
0.140019
0.140021
0.140024
0.140027
0.14003
0.140033
0.140037
0.140041
0.140046
0.14005
0.140055
0.140059
0.140064
0.140068
0.140072
0.140077
0.140081
0.140085
0.14009
0.140094
0.140099
0.140105
0.140107
0.140155
0.140162
0.14017
0.140178
0.140186
0.140193
0.140199
0.140205
0.140211
0.140215
0.14022
0.140224
0.140227
0.140231
0.140234
0.140237
0.140239
0.140241
0.140244
0.140245
0.140247
0.140249
0.14025
0.140252
0.140253
0.140255
0.140256
0.140258
0.140259
0.14026
0.14026
0.14026
0.14026
0.140258
0.140257
0.140255
0.140253
0.140252
0.14025
0.140147
0.140138
0.140126
0.140114
0.140102
0.140081
0.140052
0.140034
0.140023
0.140013
0.140009
0.140009
0.140011
0.140015
0.140019
0.140023
0.140027
0.140031
0.140035
0.140038
0.140042
0.140046
0.14005
0.140055
0.14006
0.140065
0.14007
0.140075
0.140079
0.140084
0.140089
0.140093
0.140098
0.140102
0.140106
0.140111
0.140116
0.140122
0.140125
0.140155
0.140162
0.140171
0.140179
0.140187
0.140194
0.1402
0.140206
0.140212
0.140217
0.140221
0.140225
0.140229
0.140232
0.140236
0.140239
0.140241
0.140244
0.140246
0.140248
0.14025
0.140252
0.140254
0.140256
0.140258
0.14026
0.140262
0.140264
0.140265
0.140267
0.140268
0.14027
0.140271
0.140271
0.140271
0.140271
0.14027
0.140266
0.140267
0.140147
0.140138
0.140126
0.140113
0.1401
0.140078
0.14005
0.140033
0.140021
0.140011
0.140008
0.140011
0.140016
0.140022
0.140027
0.140033
0.140038
0.140043
0.140047
0.140051
0.140055
0.14006
0.140065
0.14007
0.140075
0.140081
0.140086
0.140091
0.140096
0.140101
0.140105
0.14011
0.140114
0.140119
0.140123
0.140128
0.140133
0.140139
0.140142
0.140155
0.140163
0.140171
0.14018
0.140187
0.140195
0.140201
0.140207
0.140213
0.140218
0.140222
0.140226
0.14023
0.140233
0.140237
0.14024
0.140243
0.140245
0.140248
0.140251
0.140253
0.140255
0.140258
0.14026
0.140262
0.140264
0.140266
0.140269
0.140271
0.140273
0.140275
0.140277
0.140278
0.14028
0.140281
0.140282
0.140283
0.140281
0.140283
0.140147
0.140138
0.140125
0.140112
0.140098
0.140074
0.140049
0.140033
0.14002
0.140011
0.140011
0.140016
0.140023
0.140031
0.140038
0.140045
0.140051
0.140056
0.140061
0.140065
0.14007
0.140075
0.14008
0.140085
0.140091
0.140097
0.140102
0.140107
0.140113
0.140118
0.140122
0.140127
0.140132
0.140137
0.140142
0.140147
0.140151
0.140158
0.140161
0.140155
0.140163
0.140171
0.14018
0.140188
0.140195
0.140202
0.140208
0.140213
0.140218
0.140222
0.140226
0.14023
0.140233
0.140237
0.14024
0.140243
0.140246
0.140249
0.140252
0.140255
0.140257
0.14026
0.140262
0.140265
0.140267
0.14027
0.140272
0.140275
0.140277
0.14028
0.140282
0.140284
0.140286
0.140289
0.14029
0.140292
0.140293
0.140295
0.140146
0.140137
0.140124
0.140111
0.140095
0.140071
0.140048
0.140033
0.14002
0.140012
0.140015
0.140023
0.140033
0.140042
0.14005
0.140058
0.140064
0.14007
0.140075
0.14008
0.140085
0.14009
0.140096
0.140102
0.140108
0.140114
0.140119
0.140125
0.14013
0.140136
0.140141
0.140146
0.140151
0.140156
0.140162
0.140167
0.140172
0.140179
0.140183
0.140154
0.140162
0.140171
0.14018
0.140188
0.140195
0.140202
0.140207
0.140213
0.140217
0.140221
0.140225
0.140229
0.140233
0.140236
0.140239
0.140243
0.140246
0.140249
0.140252
0.140255
0.140258
0.140261
0.140264
0.140267
0.14027
0.140272
0.140275
0.140278
0.140281
0.140283
0.140286
0.140289
0.140292
0.140294
0.140297
0.1403
0.140301
0.140305
0.140146
0.140136
0.140123
0.14011
0.140093
0.140068
0.140046
0.140032
0.140019
0.140014
0.140021
0.140032
0.140043
0.140054
0.140063
0.140072
0.140079
0.140085
0.140091
0.140096
0.140101
0.140107
0.140112
0.140119
0.140125
0.140132
0.140138
0.140144
0.14015
0.140156
0.140162
0.140168
0.140173
0.140179
0.140185
0.140191
0.140196
0.140204
0.140208
0.140153
0.140162
0.140171
0.14018
0.140187
0.140194
0.140201
0.140206
0.140211
0.140216
0.14022
0.140224
0.140228
0.140231
0.140235
0.140238
0.140241
0.140245
0.140248
0.140252
0.140255
0.140258
0.140261
0.140265
0.140268
0.140271
0.140274
0.140277
0.14028
0.140283
0.140286
0.140289
0.140292
0.140295
0.140299
0.140302
0.140305
0.140308
0.140312
0.140145
0.140135
0.140122
0.140108
0.14009
0.140064
0.140043
0.14003
0.140018
0.140019
0.140029
0.140042
0.140055
0.140067
0.140077
0.140086
0.140094
0.140101
0.140107
0.140113
0.140118
0.140124
0.14013
0.140137
0.140145
0.140152
0.140159
0.140166
0.140173
0.140179
0.140186
0.140192
0.140199
0.140205
0.140211
0.140218
0.140224
0.140232
0.140237
0.140152
0.140161
0.14017
0.140179
0.140186
0.140193
0.1402
0.140205
0.14021
0.140214
0.140218
0.140222
0.140225
0.140229
0.140232
0.140236
0.140239
0.140243
0.140246
0.14025
0.140253
0.140257
0.140261
0.140264
0.140267
0.140271
0.140274
0.140277
0.140281
0.140284
0.140287
0.140291
0.140294
0.140298
0.140302
0.140305
0.140309
0.140313
0.140318
0.140144
0.140134
0.140121
0.140106
0.140087
0.140061
0.140041
0.140027
0.140017
0.140023
0.140037
0.140053
0.140068
0.140081
0.140092
0.140102
0.14011
0.140118
0.140124
0.140131
0.140137
0.140144
0.140151
0.140159
0.140167
0.140175
0.140183
0.140191
0.140198
0.140206
0.140213
0.14022
0.140227
0.140233
0.14024
0.140247
0.140254
0.140262
0.140268
0.140151
0.14016
0.140169
0.140178
0.140185
0.140192
0.140198
0.140203
0.140207
0.140211
0.140215
0.140218
0.140222
0.140225
0.140228
0.140232
0.140235
0.140239
0.140243
0.140247
0.14025
0.140254
0.140258
0.140262
0.140266
0.140269
0.140273
0.140277
0.14028
0.140284
0.140288
0.140292
0.140296
0.1403
0.140304
0.140308
0.140312
0.140317
0.140322
0.140142
0.140132
0.140119
0.140104
0.140084
0.140057
0.140038
0.140024
0.140018
0.14003
0.140047
0.140065
0.140082
0.140096
0.140108
0.140119
0.140128
0.140137
0.140144
0.140152
0.140159
0.140166
0.140174
0.140183
0.140192
0.140201
0.14021
0.140218
0.140226
0.140234
0.140241
0.140249
0.140256
0.140263
0.14027
0.140277
0.140284
0.140293
0.140298
0.140149
0.140158
0.140167
0.140176
0.140183
0.140189
0.140195
0.140199
0.140203
0.140207
0.14021
0.140214
0.140217
0.14022
0.140223
0.140227
0.14023
0.140233
0.140237
0.140241
0.140245
0.140249
0.140254
0.140258
0.140262
0.140266
0.14027
0.140274
0.140278
0.140282
0.140287
0.140291
0.140295
0.1403
0.140304
0.140309
0.140314
0.140319
0.140325
0.14014
0.140131
0.140117
0.140102
0.140081
0.140054
0.140035
0.140021
0.140022
0.140037
0.140058
0.140078
0.140097
0.140113
0.140126
0.140138
0.140149
0.140158
0.140167
0.140175
0.140183
0.140191
0.1402
0.140209
0.140219
0.140228
0.140237
0.140245
0.140254
0.140261
0.140269
0.140276
0.140283
0.14029
0.140297
0.140305
0.140312
0.14032
0.140326
0.140147
0.140156
0.140165
0.140173
0.14018
0.140186
0.140191
0.140195
0.140198
0.140202
0.140205
0.140208
0.140211
0.140213
0.140216
0.140219
0.140222
0.140225
0.140229
0.140233
0.140237
0.140241
0.140246
0.14025
0.140255
0.140259
0.140264
0.140268
0.140273
0.140278
0.140283
0.140288
0.140293
0.140298
0.140303
0.140309
0.140315
0.14032
0.140327
0.140138
0.140128
0.140115
0.1401
0.140077
0.14005
0.140031
0.140019
0.140026
0.140046
0.14007
0.140093
0.140113
0.140131
0.140147
0.14016
0.140172
0.140182
0.140191
0.1402
0.140208
0.140217
0.140226
0.140235
0.140245
0.140254
0.140263
0.140271
0.140279
0.140287
0.140294
0.140301
0.140308
0.140314
0.140321
0.140328
0.140335
0.140343
0.140349
0.140145
0.140153
0.140162
0.14017
0.140176
0.140181
0.140186
0.140189
0.140192
0.140195
0.140198
0.1402
0.140202
0.140205
0.140207
0.140209
0.140212
0.140215
0.140219
0.140223
0.140227
0.140231
0.140236
0.14024
0.140245
0.14025
0.140254
0.140259
0.140265
0.14027
0.140276
0.140282
0.140288
0.140294
0.1403
0.140306
0.140313
0.14032
0.140327
0.140136
0.140126
0.140112
0.140097
0.140074
0.140047
0.140028
0.140018
0.140031
0.140056
0.140083
0.140109
0.140132
0.140152
0.140169
0.140184
0.140196
0.140207
0.140216
0.140225
0.140233
0.140241
0.14025
0.140259
0.140268
0.140277
0.140285
0.140293
0.1403
0.140308
0.140314
0.140321
0.140328
0.140334
0.14034
0.140347
0.140354
0.140362
0.140368
0.140141
0.14015
0.140158
0.140166
0.140171
0.140176
0.14018
0.140183
0.140185
0.140187
0.140189
0.140191
0.140192
0.140194
0.140196
0.140198
0.140201
0.140204
0.140208
0.140212
0.140216
0.14022
0.140225
0.140229
0.140234
0.140238
0.140243
0.140248
0.140254
0.140259
0.140265
0.140271
0.140278
0.140285
0.140292
0.140299
0.140307
0.140315
0.140324
0.140133
0.140123
0.140109
0.140093
0.14007
0.140043
0.140024
0.140019
0.140039
0.140068
0.140098
0.140127
0.140153
0.140175
0.140193
0.140208
0.14022
0.140231
0.14024
0.140248
0.140256
0.140263
0.140271
0.140279
0.140288
0.140296
0.140304
0.140311
0.140318
0.140325
0.140332
0.140338
0.140345
0.140351
0.140358
0.140365
0.140372
0.14038
0.140386
0.140137
0.140146
0.140154
0.140161
0.140166
0.140169
0.140172
0.140175
0.140176
0.140178
0.140179
0.14018
0.140181
0.140183
0.140185
0.140187
0.14019
0.140193
0.140197
0.140201
0.140205
0.140209
0.140214
0.140219
0.140223
0.140228
0.140233
0.140238
0.140243
0.140249
0.140254
0.140261
0.140267
0.140274
0.140281
0.140289
0.140298
0.140307
0.140317
0.140129
0.140119
0.140106
0.14009
0.140066
0.140039
0.14002
0.140023
0.140047
0.14008
0.140115
0.140147
0.140174
0.140197
0.140215
0.14023
0.140242
0.140251
0.14026
0.140267
0.140274
0.140281
0.140288
0.140296
0.140304
0.140312
0.14032
0.140327
0.140335
0.140342
0.140349
0.140357
0.140364
0.140371
0.140379
0.140386
0.140394
0.140404
0.140411
0.140133
0.140141
0.140149
0.140155
0.140159
0.140162
0.140164
0.140165
0.140166
0.140166
0.140166
0.140167
0.140169
0.140171
0.140173
0.140175
0.140178
0.140182
0.140185
0.140189
0.140194
0.140199
0.140204
0.140209
0.140214
0.140218
0.140223
0.140229
0.140234
0.14024
0.140246
0.140252
0.140259
0.140266
0.140273
0.140281
0.14029
0.1403
0.14031
0.140125
0.140115
0.140102
0.140086
0.140062
0.140036
0.140017
0.140028
0.140057
0.140094
0.140133
0.140166
0.140194
0.140216
0.140233
0.140247
0.140258
0.140267
0.140274
0.140281
0.140288
0.140294
0.140302
0.140309
0.140318
0.140326
0.140335
0.140344
0.140352
0.140361
0.14037
0.140378
0.140387
0.140396
0.140405
0.140415
0.140424
0.140436
0.140445
0.14013
0.140138
0.140145
0.14015
0.140153
0.140155
0.140156
0.140155
0.140154
0.14015
0.14015
0.140151
0.140154
0.140156
0.140159
0.140162
0.140165
0.140169
0.140173
0.140177
0.140182
0.140187
0.140193
0.140198
0.140203
0.140208
0.140213
0.140219
0.140225
0.140231
0.140237
0.140243
0.14025
0.140257
0.140265
0.140273
0.140282
0.140292
0.140303
0.140122
0.140113
0.140099
0.140083
0.140058
0.140033
0.140014
0.140034
0.140069
0.140111
0.14015
0.140184
0.14021
0.140231
0.140247
0.140259
0.140269
0.140278
0.140285
0.140292
0.140299
0.140306
0.140313
0.140322
0.140332
0.140342
0.140352
0.140362
0.140372
0.140383
0.140393
0.140404
0.140414
0.140425
0.140436
0.140447
0.140459
0.140472
0.140483
0.140126
0.140134
0.14014
0.140144
0.140146
0.140146
0.140145
0.140142
0.14014
0.140132
0.140131
0.140133
0.140136
0.140139
0.140142
0.140146
0.140149
0.140153
0.140158
0.140163
0.140168
0.140174
0.14018
0.140185
0.140191
0.140196
0.140201
0.140207
0.140213
0.140219
0.140225
0.140232
0.140238
0.140246
0.140254
0.140262
0.140272
0.140282
0.140293
0.140119
0.140109
0.140096
0.140079
0.140054
0.140029
0.140012
0.140042
0.140083
0.140128
0.140168
0.1402
0.140224
0.140243
0.140258
0.14027
0.14028
0.140289
0.140297
0.140304
0.140312
0.14032
0.140329
0.14034
0.140351
0.140363
0.140375
0.140388
0.1404
0.140412
0.140424
0.140436
0.140448
0.14046
0.140472
0.140484
0.140497
0.140512
0.140524
0.140121
0.140128
0.140133
0.140136
0.140137
0.140136
0.140133
0.140128
0.140124
0.140111
0.14011
0.140112
0.140116
0.14012
0.140124
0.140128
0.140132
0.140136
0.140142
0.140147
0.140153
0.140159
0.140165
0.140171
0.140177
0.140182
0.140188
0.140194
0.1402
0.140206
0.140212
0.140218
0.140225
0.140232
0.14024
0.140248
0.140257
0.140267
0.140279
0.140114
0.140105
0.140092
0.140075
0.14005
0.140025
0.140011
0.140051
0.140097
0.140145
0.140183
0.140213
0.140236
0.140254
0.140269
0.140282
0.140293
0.140303
0.140313
0.140322
0.140331
0.140341
0.140352
0.140365
0.140378
0.140392
0.140406
0.14042
0.140433
0.140446
0.140458
0.14047
0.140482
0.140493
0.140505
0.140517
0.140529
0.140542
0.140554
0.140115
0.140121
0.140126
0.140127
0.140127
0.140124
0.140119
0.140111
0.140106
0.140089
0.140087
0.14009
0.140094
0.140098
0.140103
0.140108
0.140112
0.140118
0.140123
0.140129
0.140135
0.140142
0.140148
0.140154
0.14016
0.140166
0.140172
0.140178
0.140185
0.140191
0.140197
0.140203
0.14021
0.140217
0.140224
0.140232
0.140241
0.140251
0.140262
0.140108
0.140099
0.140087
0.14007
0.140045
0.140021
0.140011
0.140061
0.140112
0.14016
0.140196
0.140224
0.140246
0.140265
0.140282
0.140297
0.14031
0.140323
0.140334
0.140346
0.140357
0.140368
0.14038
0.140394
0.140409
0.140423
0.140436
0.140448
0.140459
0.14047
0.140479
0.140488
0.140497
0.140505
0.140513
0.14052
0.140528
0.140536
0.140544
0.140108
0.140113
0.140117
0.140117
0.140115
0.14011
0.140104
0.140094
0.140086
0.140067
0.140064
0.140067
0.140071
0.140076
0.140081
0.140086
0.140091
0.140097
0.140103
0.140109
0.140116
0.140123
0.140129
0.140136
0.140142
0.140148
0.140155
0.140161
0.140167
0.140174
0.14018
0.140187
0.140193
0.1402
0.140207
0.140215
0.140223
0.140233
0.140243
0.140102
0.140093
0.140081
0.140064
0.14004
0.140017
0.140013
0.140071
0.140125
0.140172
0.140206
0.140234
0.140258
0.14028
0.1403
0.140318
0.140334
0.140348
0.140361
0.140372
0.140383
0.140394
0.140406
0.140417
0.140428
0.140438
0.140446
0.140453
0.140458
0.140462
0.140465
0.140468
0.140469
0.14047
0.140471
0.140471
0.140471
0.140471
0.140472
0.1401
0.140104
0.140106
0.140105
0.140102
0.140096
0.140087
0.140076
0.140066
0.140045
0.140042
0.140044
0.140049
0.140054
0.140059
0.140064
0.140069
0.140075
0.140081
0.140088
0.140094
0.140101
0.140109
0.140115
0.140122
0.140128
0.140135
0.140141
0.140148
0.140154
0.140161
0.140168
0.140175
0.140182
0.140189
0.140197
0.140205
0.140214
0.140223
0.140094
0.140086
0.140074
0.140058
0.140035
0.140013
0.140017
0.14008
0.140134
0.14018
0.140215
0.140246
0.140274
0.1403
0.140322
0.140341
0.140356
0.140369
0.14038
0.140388
0.140396
0.140402
0.140408
0.140412
0.140415
0.140415
0.140414
0.140412
0.140409
0.140404
0.1404
0.140395
0.140389
0.140384
0.140379
0.140375
0.14037
0.140366
0.140364
0.14009
0.140093
0.140094
0.140092
0.140087
0.14008
0.14007
0.140058
0.140046
0.140028
0.140024
0.140026
0.140029
0.140033
0.140037
0.140042
0.140047
0.140053
0.140058
0.140065
0.140071
0.140078
0.140085
0.140092
0.140099
0.140105
0.140112
0.140118
0.140125
0.140132
0.140138
0.140145
0.140152
0.140159
0.140166
0.140174
0.140182
0.14019
0.1402
0.140084
0.140077
0.140066
0.140051
0.140029
0.14001
0.140022
0.140085
0.140138
0.140186
0.140225
0.140261
0.140292
0.140317
0.140336
0.14035
0.140359
0.140365
0.140368
0.14037
0.140369
0.140368
0.140364
0.140359
0.140352
0.140344
0.140336
0.140329
0.140321
0.140315
0.14031
0.140307
0.140306
0.140306
0.140309
0.140313
0.140319
0.14033
0.140341
0.140078
0.14008
0.14008
0.140077
0.140072
0.140063
0.140053
0.140041
0.140028
0.140016
0.140013
0.140012
0.140013
0.140015
0.140018
0.140021
0.140025
0.14003
0.140035
0.140041
0.140047
0.140054
0.14006
0.140067
0.140074
0.14008
0.140087
0.140093
0.140101
0.140107
0.140114
0.140121
0.140128
0.140135
0.140142
0.14015
0.140158
0.140167
0.140176
0.140073
0.140067
0.140057
0.140043
0.140023
0.140008
0.140026
0.140086
0.140138
0.140191
0.140236
0.140272
0.140297
0.140312
0.140319
0.140321
0.140318
0.140314
0.140309
0.140302
0.140296
0.140289
0.140282
0.140275
0.140269
0.140267
0.140267
0.140271
0.140277
0.140287
0.140302
0.14032
0.140343
0.140368
0.140396
0.140427
0.140462
0.140502
0.140541
0.140064
0.140066
0.140065
0.140061
0.140055
0.140047
0.140037
0.140025
0.140013
0.140012
0.140013
0.140014
0.140015
0.140015
0.140015
0.140015
0.140014
0.140015
0.140018
0.140021
0.140025
0.14003
0.140036
0.140041
0.140047
0.140053
0.140059
0.140065
0.140071
0.140078
0.140084
0.14009
0.140097
0.140103
0.14011
0.140117
0.140124
0.140132
0.140141
0.140061
0.140056
0.140047
0.140035
0.140018
0.140007
0.140029
0.14008
0.140134
0.140193
0.140235
0.140257
0.140264
0.140261
0.140253
0.140244
0.140236
0.14023
0.140227
0.140225
0.140226
0.140228
0.140235
0.140247
0.140268
0.140294
0.140324
0.140358
0.140393
0.14043
0.140468
0.140506
0.140543
0.140579
0.140615
0.140651
0.140687
0.140725
0.14076
0.140049
0.140049
0.140048
0.140044
0.140038
0.140031
0.140022
0.140012
0.140005
0.140011
0.140015
0.140018
0.140021
0.140023
0.140023
0.140023
0.140023
0.140022
0.140021
0.140021
0.14002
0.14002
0.140022
0.140024
0.140027
0.140032
0.140036
0.140041
0.140047
0.140052
0.140058
0.140064
0.14007
0.140077
0.140084
0.140091
0.140098
0.140106
0.140115
0.140046
0.140042
0.140036
0.140026
0.140012
0.140007
0.140028
0.140066
0.140126
0.140177
0.140197
0.140193
0.140183
0.140175
0.140174
0.140177
0.140187
0.140203
0.140223
0.140245
0.14027
0.140298
0.140331
0.140369
0.14041
0.140451
0.14049
0.140526
0.140559
0.140589
0.140616
0.14064
0.140661
0.140679
0.140694
0.140707
0.140719
0.140727
0.140734
0.140031
0.140031
0.140029
0.140026
0.140022
0.140016
0.14001
0.140004
0.140003
0.14001
0.140015
0.14002
0.140025
0.140027
0.140028
0.140028
0.140026
0.140025
0.140022
0.14002
0.140018
0.140017
0.140017
0.140017
0.140018
0.14002
0.140023
0.140027
0.140033
0.140036
0.140041
0.140048
0.140055
0.140062
0.14007
0.140078
0.140087
0.140098
0.140109
0.14003
0.140027
0.140023
0.140016
0.140007
0.140005
0.140021
0.140045
0.1401
0.140116
0.140111
0.140102
0.140114
0.140143
0.14018
0.140218
0.140255
0.140288
0.140318
0.140346
0.140372
0.140397
0.140422
0.140445
0.140467
0.140483
0.140496
0.140504
0.14051
0.140512
0.140512
0.140509
0.140505
0.140498
0.14049
0.14048
0.140468
0.140453
0.140438
0.140011
0.140011
0.14001
0.140009
0.140007
0.140005
0.140002
0.14
0.140002
0.140004
0.140011
0.14002
0.140032
0.140042
0.140051
0.140058
0.140064
0.140069
0.140072
0.140073
0.140073
0.140072
0.14007
0.140067
0.140063
0.140059
0.140054
0.14005
0.140048
0.140048
0.140049
0.140051
0.140054
0.140059
0.140064
0.14007
0.140077
0.140085
0.140093
0.14001
0.140009
0.140008
0.140005
0.140002
0.140002
0.140009
0.140016
0.14004
0.140021
0.140037
0.140071
0.140108
0.140141
0.140168
0.140189
0.140205
0.140216
0.140224
0.140229
0.140232
0.140232
0.140229
0.140224
0.140218
0.14021
0.140202
0.140194
0.140185
0.140177
0.140168
0.14016
0.140151
0.140142
0.140132
0.140122
0.140112
0.140101
0.140093
0.973664
1.4581
1.8789
2.23864
2.54026
2.78447
2.97312
3.11191
3.21456
3.34653
3.44495
3.48297
3.4443
3.31711
3.09405
2.77479
2.36848
1.89502
1.38705
0.8928
0.473173
0.189491
0.0715635
0.0810683
0.103582
0.129028
0.141525
0.14303
0.141111
0.139645
0.139818
0.140685
0.141172
0.140985
0.140552
0.140322
0.140345
0.14045
0.140501
0.140482
0.140431
0.140383
0.140349
0.140325
0.140304
0.140283
0.140261
0.14024
0.140222
0.14021
0.140207
0.140213
0.140226
0.140241
0.140256
0.140271
0.140285
0.140297
0.140308
0.140316
0.140322
0.140326
0.14033
0.140332
0.140332
0.14033
0.140324
0.140318
0.140311
0.140301
0.140287
0.140269
0.14025
0.14023
0.140207
0.140183
0.140147
0.140121
0.140115
0.1401
0.461796
0.132596
0.0802212
0.0845408
0.0901435
0.0987269
0.106916
0.113681
0.119035
0.123211
0.126449
0.128971
0.13095
0.132519
0.133775
0.13479
0.135618
0.136298
0.136862
0.137337
0.137748
0.138125
0.138481
0.138806
0.139093
0.139332
0.139525
0.139677
0.139794
0.13988
0.139941
0.139985
0.140017
0.140039
0.140053
0.140063
0.140069
0.140071
0.140072
0.140071
0.140069
0.140066
0.140062
0.140058
0.140053
0.140047
0.140042
0.140039
0.140041
0.140049
0.140061
0.140078
0.140095
0.140113
0.14013
0.140148
0.140167
0.140189
0.140215
0.140245
0.140276
0.140307
0.140334
0.140357
0.140375
0.140393
0.14042
0.140455
0.140495
0.140536
0.140564
0.140547
0.140467
0.140359
0.140356
0.140573
0.140782
0.140734
0.140423
0.140088
1.13586
1.64788
2.11458
2.53396
2.90688
3.23312
3.51213
3.74365
3.92808
4.06676
4.16024
4.21556
4.26978
4.2696
4.19162
4.01417
3.71994
3.30009
2.75995
2.12349
1.43891
0.786763
0.277408
0.0907412
0.00462975
0.0675127
0.119324
0.152421
0.159136
0.151774
0.142262
0.137537
0.137812
0.139681
0.140849
0.140963
0.140669
0.140491
0.14048
0.140502
0.140484
0.140437
0.14039
0.140353
0.140326
0.140301
0.140275
0.14025
0.140226
0.140209
0.140205
0.140212
0.140228
0.140243
0.140257
0.140273
0.140288
0.1403
0.140311
0.140319
0.140325
0.14033
0.140334
0.140336
0.140337
0.140334
0.140329
0.140324
0.140317
0.140307
0.140293
0.140275
0.140256
0.140236
0.140212
0.140188
0.140153
0.140126
0.140119
0.140107
0.604605
0.186927
0.0880308
0.0992223
0.105432
0.111768
0.11703
0.121293
0.124699
0.127413
0.129577
0.131313
0.132716
0.13386
0.1348
0.135579
0.136229
0.136775
0.13724
0.137643
0.138001
0.13833
0.138637
0.13892
0.139171
0.139382
0.139554
0.13969
0.139795
0.139874
0.139932
0.139976
0.140009
0.140032
0.140048
0.140058
0.140065
0.140068
0.140069
0.140068
0.140066
0.140064
0.14006
0.140056
0.140051
0.140045
0.140041
0.140039
0.140042
0.140051
0.140065
0.140082
0.1401
0.140117
0.140135
0.140153
0.140172
0.140195
0.140222
0.140252
0.140283
0.140314
0.140341
0.140362
0.14038
0.140399
0.140427
0.140465
0.140506
0.140546
0.14057
0.140547
0.140461
0.140356
0.14037
0.140599
0.140798
0.140731
0.140412
0.140085
0.816826
1.28514
1.74515
2.18541
2.60378
2.99672
3.35924
3.6857
3.97039
4.2081
4.39548
4.53179
4.61901
4.66307
4.67725
4.6527
4.55718
4.35938
4.03307
3.56209
2.94599
2.20896
1.41368
0.663857
0.145896
0.0657552
0.00403653
0.075895
0.126471
0.162021
0.166873
0.157178
0.143643
0.136719
0.136872
0.139221
0.140718
0.141001
0.140789
0.140598
0.140515
0.140472
0.140429
0.140387
0.140351
0.14032
0.14029
0.14026
0.140231
0.140209
0.140202
0.140211
0.140227
0.140244
0.140258
0.140276
0.140291
0.140304
0.140315
0.140323
0.14033
0.140335
0.140338
0.14034
0.140341
0.14034
0.140335
0.14033
0.140323
0.140313
0.140299
0.140281
0.140262
0.140242
0.140218
0.140194
0.140158
0.140132
0.140122
0.140114
0.399346
0.143478
0.10503
0.112901
0.117391
0.121261
0.124384
0.126931
0.129012
0.130718
0.132122
0.133285
0.134254
0.135067
0.135752
0.136333
0.13683
0.137259
0.137634
0.137968
0.13827
0.138546
0.138802
0.139039
0.139251
0.139431
0.139581
0.139701
0.139796
0.13987
0.139926
0.139968
0.14
0.140023
0.14004
0.140051
0.140058
0.140061
0.140063
0.140062
0.140061
0.140058
0.140055
0.140051
0.140046
0.140042
0.140038
0.140038
0.140043
0.140053
0.140068
0.140086
0.140104
0.140122
0.140139
0.140158
0.140178
0.140202
0.140229
0.14026
0.140291
0.140321
0.140348
0.140369
0.140386
0.140406
0.140436
0.140476
0.140517
0.140557
0.140577
0.140546
0.140454
0.140353
0.140387
0.140626
0.140813
0.140727
0.140399
0.140082
0.335108
0.64446
1.04288
1.46917
1.89742
2.31919
2.72908
3.12081
3.48735
3.82153
4.11661
4.36661
4.56666
4.71443
4.80993
4.85578
4.85956
4.83059
4.73538
4.5393
4.21031
3.72541
3.07882
2.29645
1.46071
0.72657
0.211278
0.0886457
0.0316873
0.046035
0.112425
0.156144
0.167868
0.159334
0.144677
0.136965
0.13697
0.139291
0.140716
0.140971
0.140772
0.140577
0.140473
0.140417
0.140377
0.140342
0.140307
0.140272
0.140238
0.140211
0.1402
0.140207
0.140224
0.140243
0.14026
0.14028
0.140295
0.140308
0.140319
0.140328
0.140334
0.140339
0.140343
0.140345
0.140346
0.140345
0.140341
0.140336
0.14033
0.14032
0.140306
0.140288
0.140268
0.140248
0.140224
0.140199
0.140164
0.140137
0.140125
0.140121
0.173031
0.120554
0.119458
0.122993
0.125538
0.127637
0.12938
0.130846
0.132086
0.133139
0.134038
0.134809
0.135472
0.136044
0.136538
0.136969
0.137346
0.137681
0.137983
0.138256
0.138505
0.138733
0.138944
0.13914
0.139316
0.139469
0.139598
0.139706
0.139793
0.139862
0.139916
0.139958
0.139989
0.140013
0.140029
0.140041
0.140048
0.140052
0.140054
0.140054
0.140053
0.140051
0.140048
0.140045
0.140041
0.140037
0.140035
0.140037
0.140043
0.140056
0.140072
0.14009
0.140109
0.140127
0.140144
0.140163
0.140184
0.140209
0.140237
0.140268
0.1403
0.14033
0.140355
0.140375
0.140392
0.140413
0.140445
0.140487
0.14053
0.140568
0.140583
0.140544
0.140446
0.140352
0.140408
0.140655
0.140827
0.140722
0.140386
0.140078
0.138183
0.204846
0.374109
0.666467
1.04584
1.46186
1.88597
2.30659
2.71698
3.11059
3.48055
3.82007
4.12274
4.38287
4.59574
4.75815
4.86954
4.93106
4.94645
4.92545
4.84915
4.67882
4.37663
3.91416
3.28256
2.5124
1.68715
0.910877
0.351059
0.0206798
0.0428396
0.0329725
0.0938576
0.146096
0.165926
0.158004
0.144116
0.13765
0.137924
0.139793
0.140757
0.140836
0.140643
0.140489
0.140409
0.140363
0.140326
0.140287
0.140248
0.140214
0.140197
0.140201
0.140219
0.140241
0.140264
0.140284
0.1403
0.140313
0.140324
0.140333
0.140339
0.140344
0.140348
0.14035
0.140352
0.140351
0.140347
0.140343
0.140337
0.140328
0.140313
0.140295
0.140275
0.140255
0.140231
0.140206
0.14017
0.140143
0.140129
0.140129
0.125035
0.126106
0.12816
0.129572
0.130786
0.131835
0.132756
0.133568
0.134285
0.134919
0.135481
0.13598
0.136424
0.136819
0.137171
0.137486
0.13777
0.13803
0.13827
0.13849
0.138692
0.138877
0.13905
0.139212
0.13936
0.13949
0.139603
0.1397
0.139781
0.139848
0.139901
0.139943
0.139975
0.139998
0.140016
0.140028
0.140036
0.140041
0.140044
0.140045
0.140045
0.140043
0.140041
0.140038
0.140035
0.140032
0.140032
0.140035
0.140044
0.140058
0.140076
0.140095
0.140114
0.140132
0.14015
0.140169
0.140191
0.140217
0.140246
0.140277
0.140309
0.140338
0.140362
0.140382
0.140399
0.140421
0.140456
0.1405
0.140543
0.14058
0.140589
0.140541
0.140437
0.140352
0.140432
0.140686
0.140841
0.140715
0.140373
0.140074
0.125318
0.12075
0.132071
0.192175
0.347412
0.626765
1.00144
1.41895
1.84617
2.26892
2.67993
3.07304
3.44208
3.78109
4.08458
4.34773
4.56667
4.73875
4.86362
4.94299
4.98
4.97968
4.93346
4.80072
4.54036
4.12098
3.531
2.7932
1.97214
1.18076
0.538488
0.118672
0.0669459
0.026866
0.0928712
0.14612
0.162565
0.153569
0.142313
0.13844
0.139118
0.140308
0.140723
0.140651
0.140499
0.1404
0.140345
0.140302
0.14026
0.14022
0.140195
0.140193
0.140211
0.140238
0.140267
0.140289
0.140306
0.140319
0.14033
0.140338
0.140345
0.14035
0.140354
0.140356
0.140358
0.140357
0.140354
0.140351
0.140345
0.140336
0.140321
0.140303
0.140283
0.140262
0.140238
0.140212
0.140177
0.140149
0.140134
0.140138
0.130122
0.132407
0.133114
0.133643
0.13415
0.134628
0.13508
0.135509
0.135904
0.136268
0.136603
0.13691
0.137194
0.137459
0.137703
0.137928
0.138136
0.138331
0.138513
0.138683
0.13884
0.138987
0.139127
0.139259
0.139381
0.139493
0.139593
0.139682
0.139759
0.139824
0.139877
0.139921
0.139954
0.13998
0.139999
0.140012
0.140022
0.140028
0.140032
0.140034
0.140035
0.140035
0.140033
0.140031
0.140029
0.140028
0.140029
0.140035
0.140046
0.140062
0.140081
0.1401
0.140119
0.140138
0.140156
0.140176
0.140199
0.140225
0.140255
0.140287
0.140318
0.140347
0.14037
0.140389
0.140406
0.14043
0.140467
0.140514
0.140557
0.140592
0.140593
0.140536
0.140428
0.140354
0.140459
0.140717
0.140855
0.140707
0.140359
0.140069
0.134235
0.130444
0.123066
0.115107
0.120627
0.172
0.317724
0.590045
0.962969
1.38328
1.81452
2.23999
2.65147
3.04291
3.40869
3.74353
4.04275
4.30259
4.52036
4.69483
4.82667
4.91894
4.97602
5.00261
4.98767
4.88957
4.66579
4.28187
3.72116
3.00017
2.16954
1.33516
0.636293
0.170704
0.070793
0.00912075
0.102672
0.151784
0.15764
0.147877
0.140788
0.139346
0.140026
0.140545
0.140598
0.140484
0.140384
0.140321
0.140272
0.140226
0.140193
0.140185
0.140203
0.140235
0.140269
0.140294
0.140312
0.140325
0.140335
0.140344
0.140351
0.140356
0.14036
0.140362
0.140364
0.140363
0.140361
0.140359
0.140354
0.140344
0.14033
0.140311
0.140291
0.14027
0.140246
0.140219
0.140183
0.140155
0.140138
0.140146
0.135454
0.135862
0.136027
0.136202
0.13639
0.136585
0.136784
0.136983
0.137178
0.137367
0.137548
0.137722
0.137889
0.138051
0.138204
0.138351
0.138489
0.138621
0.138749
0.138872
0.13899
0.1391
0.139206
0.139306
0.139402
0.139493
0.139579
0.139657
0.139727
0.139789
0.139842
0.139887
0.139924
0.139954
0.139976
0.139992
0.140004
0.140013
0.140018
0.140022
0.140024
0.140025
0.140025
0.140024
0.140023
0.140024
0.140027
0.140035
0.140049
0.140066
0.140086
0.140106
0.140125
0.140144
0.140162
0.140183
0.140207
0.140234
0.140265
0.140297
0.140328
0.140356
0.140378
0.140396
0.140414
0.140439
0.14048
0.140529
0.140572
0.140603
0.140597
0.14053
0.140419
0.140359
0.140489
0.14075
0.140867
0.140697
0.140345
0.140062
0.137684
0.137247
0.135552
0.130983
0.122071
0.110967
0.111574
0.157125
0.29557
0.559174
0.927312
1.34929
1.78562
2.21598
2.6303
3.02191
3.3852
3.71526
4.0081
4.26098
4.47261
4.64356
4.77648
4.87654
4.94959
5.00348
5.01272
4.93371
4.72297
4.34458
3.77957
3.03697
2.17042
1.29379
0.551792
0.109754
0.0559078
0.0476825
0.123185
0.152265
0.150306
0.143201
0.140197
0.14006
0.140423
0.140521
0.140449
0.140359
0.14029
0.140233
0.140191
0.140175
0.140192
0.140231
0.140271
0.1403
0.140319
0.140332
0.140342
0.14035
0.140357
0.140362
0.140366
0.140369
0.14037
0.14037
0.140368
0.140367
0.140363
0.140354
0.140339
0.14032
0.1403
0.140278
0.140254
0.140227
0.140191
0.140162
0.140144
0.140154
0.137713
0.137731
0.137763
0.137809
0.137865
0.137931
0.138003
0.138081
0.138163
0.138248
0.138334
0.138421
0.138509
0.138596
0.138682
0.138767
0.138851
0.138934
0.139016
0.139095
0.139172
0.139246
0.139318
0.139388
0.139456
0.139522
0.139583
0.139645
0.139704
0.139757
0.139804
0.139847
0.139886
0.139919
0.139945
0.139966
0.139982
0.139994
0.140002
0.140008
0.140012
0.140015
0.140017
0.140017
0.140018
0.14002
0.140026
0.140036
0.140052
0.140071
0.140092
0.140112
0.140132
0.14015
0.14017
0.140191
0.140216
0.140245
0.140276
0.140308
0.140339
0.140366
0.140387
0.140404
0.140422
0.14045
0.140494
0.140545
0.140588
0.140614
0.140599
0.140523
0.140411
0.140366
0.140524
0.140784
0.140877
0.140685
0.14033
0.140055
0.13881
0.138821
0.138792
0.138413
0.136728
0.131752
0.12137
0.107519
0.104318
0.144339
0.273169
0.52436
0.885472
1.30962
1.75375
2.19274
2.61355
3.0082
3.37072
3.69637
3.98188
4.22564
4.42809
4.59211
4.72331
4.82994
4.92006
4.99372
5.0103
4.92433
4.69169
4.27551
3.65682
2.84963
1.92137
1.01595
0.342145
0.03934
0.0249431
0.0971056
0.14086
0.148632
0.144259
0.140991
0.140262
0.140378
0.140449
0.140401
0.140322
0.140249
0.140193
0.140168
0.140182
0.140225
0.140271
0.140306
0.140327
0.14034
0.14035
0.140358
0.140364
0.140369
0.140373
0.140376
0.140378
0.140377
0.140376
0.140375
0.140372
0.140363
0.140349
0.14033
0.140309
0.140287
0.140262
0.140235
0.140198
0.140169
0.14015
0.140162
0.138806
0.138807
0.138812
0.138818
0.138827
0.138839
0.138854
0.138873
0.138896
0.138922
0.138951
0.138985
0.13902
0.139058
0.139098
0.13914
0.139183
0.139227
0.139272
0.139317
0.139363
0.139408
0.139453
0.139498
0.139542
0.139586
0.139629
0.139672
0.139713
0.139752
0.139787
0.13982
0.139853
0.139884
0.139909
0.139933
0.139953
0.139969
0.139982
0.139992
0.14
0.140005
0.140008
0.14001
0.140013
0.140017
0.140026
0.140039
0.140056
0.140077
0.140098
0.140119
0.140138
0.140158
0.140178
0.1402
0.140226
0.140256
0.140288
0.14032
0.14035
0.140376
0.140396
0.140412
0.140432
0.140462
0.140509
0.140562
0.140604
0.140624
0.140599
0.140514
0.140402
0.140378
0.140562
0.140818
0.140886
0.140672
0.140313
0.140046
0.139372
0.139346
0.139334
0.139369
0.139438
0.139229
0.13757
0.132017
0.120142
0.103883
0.096861
0.130081
0.247732
0.486614
0.842544
1.27178
1.7271
2.17791
2.60764
3.00668
3.36852
3.68874
3.96499
4.19728
4.38836
4.54397
4.67301
4.78594
4.89635
4.9732
4.97093
4.84263
4.54354
4.03796
3.31223
2.39722
1.41234
0.5859
0.134467
0.0359862
0.0841625
0.130724
0.145054
0.143984
0.141381
0.140453
0.14037
0.140382
0.140336
0.140266
0.140204
0.140169
0.140179
0.140219
0.140269
0.140309
0.140334
0.140349
0.140359
0.140366
0.140372
0.140377
0.140381
0.140383
0.140385
0.140385
0.140384
0.140385
0.140382
0.140374
0.140359
0.14034
0.140319
0.140297
0.140272
0.140244
0.140206
0.140176
0.140156
0.140171
0.139412
0.139429
0.139438
0.139441
0.139441
0.139438
0.139434
0.139429
0.139424
0.139421
0.13942
0.139422
0.139426
0.139433
0.139443
0.139455
0.139469
0.139486
0.139504
0.139523
0.139544
0.139567
0.13959
0.139614
0.139639
0.139665
0.139692
0.139719
0.139746
0.139773
0.139799
0.139824
0.139848
0.13987
0.139889
0.139906
0.139924
0.139942
0.139957
0.139971
0.139983
0.139992
0.139999
0.140004
0.140009
0.140015
0.140026
0.140042
0.140061
0.140083
0.140105
0.140126
0.140146
0.140165
0.140186
0.14021
0.140237
0.140268
0.1403
0.140332
0.140362
0.140386
0.140405
0.140421
0.140442
0.140475
0.140526
0.140581
0.14062
0.140633
0.140598
0.140503
0.140395
0.140396
0.140605
0.140852
0.140893
0.140656
0.140295
0.140036
0.139698
0.139674
0.139636
0.139593
0.139581
0.139671
0.139886
0.139839
0.138101
0.131946
0.118759
0.100198
0.0890509
0.115377
0.224096
0.456437
0.813956
1.2534
1.72283
2.18652
2.62465
3.02612
3.38422
3.6952
3.95822
4.17553
4.35292
4.50024
4.63126
4.76146
4.87501
4.92687
4.86874
4.6522
4.23266
3.57888
2.69604
1.68003
0.77024
0.226465
0.0641686
0.0843724
0.125291
0.141747
0.143065
0.141409
0.140565
0.140371
0.140316
0.140256
0.140201
0.140173
0.140182
0.140221
0.140271
0.140314
0.140342
0.140357
0.140368
0.140375
0.140381
0.140386
0.140389
0.140392
0.140393
0.140393
0.140393
0.140394
0.140392
0.140384
0.14037
0.140351
0.140329
0.140307
0.140282
0.140253
0.140215
0.140184
0.140163
0.140179
0.139744
0.139771
0.139791
0.139804
0.139811
0.139812
0.139808
0.1398
0.139789
0.139776
0.139762
0.13975
0.139738
0.139728
0.139719
0.139712
0.139708
0.139705
0.139705
0.139706
0.139709
0.139714
0.139721
0.139729
0.139739
0.13975
0.139764
0.139779
0.139794
0.139811
0.139828
0.139844
0.13986
0.139875
0.139889
0.139902
0.139915
0.139928
0.139939
0.139949
0.139962
0.139975
0.139987
0.139997
0.140006
0.140015
0.140028
0.140046
0.140067
0.14009
0.140113
0.140134
0.140154
0.140174
0.140196
0.140221
0.140249
0.140281
0.140314
0.140345
0.140374
0.140396
0.140414
0.140431
0.140453
0.14049
0.140545
0.1406
0.140636
0.140641
0.140594
0.140491
0.14039
0.14042
0.140651
0.140886
0.140897
0.140639
0.140277
0.140028
0.139934
0.139942
0.139932
0.139903
0.139859
0.13982
0.139848
0.14006
0.14049
0.140646
0.13889
0.132237
0.11777
0.0967351
0.0815268
0.103006
0.209487
0.446763
0.817133
1.27332
1.75832
2.23277
2.67487
3.07289
3.42061
3.71572
3.95975
4.15838
4.322
4.46588
4.6078
4.74456
4.83134
4.81851
4.65558
4.29319
3.68922
2.83179
1.80689
0.866045
0.287022
0.0932943
0.0923015
0.124324
0.139622
0.142067
0.141228
0.1406
0.140374
0.140268
0.140195
0.140158
0.140167
0.140212
0.140272
0.140323
0.140355
0.14037
0.140378
0.140384
0.14039
0.140395
0.140399
0.140401
0.140402
0.140402
0.140402
0.140404
0.140403
0.140396
0.140382
0.140362
0.14034
0.140317
0.140292
0.140263
0.140224
0.140192
0.140171
0.140187
0.13995
0.139967
0.139984
0.14
0.140014
0.140023
0.140027
0.140025
0.140018
0.140008
0.139995
0.139981
0.139965
0.139948
0.139931
0.139915
0.1399
0.139886
0.139874
0.139863
0.139854
0.139847
0.139841
0.139837
0.139836
0.139837
0.13984
0.139845
0.139851
0.139859
0.139868
0.139877
0.139885
0.139894
0.139902
0.13991
0.139919
0.139927
0.139934
0.139942
0.13995
0.13996
0.139973
0.139989
0.140003
0.140016
0.140031
0.140051
0.140074
0.140098
0.140121
0.140142
0.140163
0.140184
0.140207
0.140233
0.140263
0.140295
0.140328
0.140359
0.140386
0.140407
0.140424
0.140441
0.140466
0.140506
0.140565
0.140621
0.140652
0.140647
0.140587
0.140477
0.140389
0.140451
0.1407
0.140919
0.140899
0.140619
0.140257
0.140023
0.140222
0.140276
0.140308
0.140326
0.140338
0.140348
0.140361
0.140399
0.140546
0.140947
0.141622
0.141985
0.140195
0.132931
0.116815
0.0927993
0.0741627
0.0954725
0.211586
0.470856
0.868122
1.34687
1.84593
2.32507
2.76261
3.14759
3.47536
3.74626
3.96555
4.14402
4.2982
4.44784
4.59955
4.70809
4.72231
4.5901
4.259
3.67973
2.83208
1.80731
0.875422
0.309808
0.115058
0.102768
0.12612
0.138624
0.141215
0.140932
0.140561
0.140389
0.140278
0.140194
0.140161
0.140185
0.140247
0.140315
0.140364
0.140388
0.140396
0.140398
0.1404
0.140404
0.140408
0.14041
0.140412
0.140411
0.140412
0.140414
0.140414
0.140408
0.140394
0.140374
0.140352
0.140329
0.140303
0.140274
0.140233
0.140201
0.14018
0.140196
0.140168
0.140141
0.140128
0.140125
0.140129
0.140134
0.14014
0.140143
0.140143
0.14014
0.140134
0.140125
0.140113
0.140099
0.140082
0.140064
0.140046
0.140028
0.14001
0.139992
0.139976
0.139961
0.139947
0.139936
0.139926
0.139919
0.139915
0.139912
0.139912
0.139912
0.139914
0.139916
0.139918
0.139921
0.139924
0.139927
0.139931
0.139934
0.139938
0.139942
0.139947
0.139955
0.139967
0.139981
0.14
0.140018
0.140036
0.140058
0.140082
0.140106
0.140129
0.140151
0.140172
0.140194
0.140218
0.140246
0.140277
0.14031
0.140343
0.140373
0.140398
0.140418
0.140434
0.140452
0.14048
0.140525
0.140587
0.140642
0.140666
0.140651
0.140578
0.140464
0.140391
0.140489
0.140752
0.14095
0.140897
0.140597
0.140236
0.140021
0.140679
0.140789
0.140877
0.140968
0.141062
0.141152
0.141236
0.141304
0.141356
0.141434
0.141659
0.142212
0.143113
0.143668
0.141722
0.13338
0.114651
0.0868174
0.066549
0.0966139
0.240854
0.542953
0.979451
1.48209
1.98895
2.46243
2.88331
3.24306
3.54012
3.77913
3.9711
4.1336
4.28868
4.44982
4.57064
4.59803
4.47824
4.15615
3.57769
2.72327
1.70623
0.817539
0.302231
0.128163
0.112774
0.129103
0.138386
0.14053
0.140539
0.140423
0.140386
0.140333
0.140267
0.140231
0.140242
0.140288
0.140342
0.140384
0.140408
0.140417
0.140418
0.140417
0.140417
0.140419
0.140421
0.140421
0.140422
0.140425
0.140425
0.14042
0.140407
0.140387
0.140364
0.140341
0.140315
0.140285
0.140243
0.140209
0.140189
0.140205
0.14052
0.140416
0.140338
0.140284
0.14025
0.140229
0.140216
0.14021
0.140207
0.140205
0.140203
0.140199
0.140194
0.140185
0.140174
0.14016
0.140145
0.140127
0.140109
0.140091
0.140072
0.140054
0.140036
0.14002
0.140006
0.139995
0.139985
0.139977
0.13997
0.139965
0.139961
0.139957
0.139954
0.139952
0.13995
0.139949
0.139948
0.139947
0.139946
0.139947
0.13995
0.139957
0.139968
0.139982
0.139999
0.14002
0.140042
0.140065
0.14009
0.140115
0.140138
0.14016
0.140182
0.140205
0.140231
0.140261
0.140293
0.140326
0.140358
0.140387
0.140411
0.140429
0.140445
0.140464
0.140496
0.140545
0.14061
0.140663
0.14068
0.140651
0.140565
0.14045
0.140399
0.140535
0.140807
0.140979
0.140891
0.140572
0.140216
0.140023
0.141383
0.141559
0.141711
0.141854
0.141991
0.14212
0.142239
0.142345
0.142431
0.142488
0.14252
0.142588
0.142859
0.143567
0.144725
0.145433
0.142953
0.132438
0.109333
0.0769589
0.0600928
0.115443
0.313295
0.677709
1.15835
1.67871
2.18153
2.63522
3.02508
3.34679
3.60383
3.80732
3.9762
4.13514
4.30146
4.4269
4.45602
4.33319
4.00056
3.40146
2.52846
1.53261
0.717931
0.276742
0.134799
0.121303
0.132503
0.138805
0.140145
0.140125
0.140131
0.140242
0.140328
0.140358
0.14036
0.140359
0.140364
0.140376
0.140392
0.140411
0.140425
0.140432
0.140433
0.140431
0.140431
0.14043
0.140431
0.140435
0.140437
0.140432
0.14042
0.1404
0.140377
0.140353
0.140327
0.140297
0.140254
0.140219
0.1402
0.140213
0.141108
0.140899
0.140726
0.14059
0.140484
0.140404
0.140345
0.140304
0.140275
0.140256
0.140244
0.140236
0.14023
0.140224
0.140217
0.140208
0.140197
0.140184
0.14017
0.140154
0.140137
0.14012
0.140103
0.140086
0.140071
0.140057
0.140044
0.140033
0.140023
0.140013
0.140005
0.139997
0.13999
0.139984
0.139978
0.139973
0.139968
0.139963
0.139959
0.139956
0.139957
0.139963
0.139973
0.139987
0.140004
0.140024
0.140049
0.140074
0.1401
0.140125
0.140148
0.140171
0.140194
0.140218
0.140246
0.140277
0.14031
0.140343
0.140375
0.140402
0.140424
0.140441
0.140457
0.140478
0.140514
0.140568
0.140635
0.140684
0.140691
0.140648
0.14055
0.140438
0.140414
0.140588
0.140863
0.141005
0.140881
0.140545
0.140196
0.140028
0.142287
0.142487
0.142658
0.142819
0.142971
0.143114
0.143245
0.143363
0.143465
0.143544
0.14359
0.143589
0.143556
0.143582
0.143904
0.144827
0.146308
0.146998
0.143065
0.128283
0.0983961
0.0629193
0.0623809
0.170612
0.44979
0.886095
1.4038
1.92733
2.40934
2.82658
3.17069
3.4435
3.65617
3.82922
3.99039
4.15789
4.28096
4.3016
4.16191
3.80092
3.16353
2.26939
1.31659
0.601142
0.244081
0.136628
0.127334
0.135535
0.139814
0.140392
0.140022
0.139839
0.139927
0.140122
0.140306
0.140429
0.140482
0.140478
0.140449
0.140424
0.140417
0.140425
0.140436
0.140442
0.140444
0.140442
0.140442
0.140446
0.140448
0.140445
0.140433
0.140414
0.14039
0.140366
0.14034
0.140309
0.140266
0.140229
0.140211
0.140222
0.141951
0.141654
0.141381
0.141139
0.140937
0.140768
0.14063
0.14052
0.140435
0.140371
0.140324
0.140291
0.140267
0.14025
0.140237
0.140226
0.140216
0.140205
0.140194
0.140183
0.14017
0.140156
0.140142
0.140128
0.140114
0.140101
0.140088
0.140076
0.140064
0.140053
0.140042
0.140032
0.140022
0.140013
0.140005
0.139997
0.139988
0.13998
0.139973
0.139968
0.139968
0.139973
0.139983
0.139996
0.140012
0.140032
0.140056
0.140084
0.14011
0.140135
0.140159
0.140182
0.140206
0.140233
0.140262
0.140294
0.140328
0.140361
0.140391
0.140417
0.140437
0.140453
0.140469
0.140494
0.140534
0.140594
0.140661
0.140704
0.140699
0.140641
0.140533
0.140428
0.140438
0.140649
0.140919
0.141027
0.140867
0.140515
0.140177
0.140035
0.143166
0.14337
0.143548
0.143715
0.143874
0.144023
0.144159
0.144279
0.144379
0.144455
0.144504
0.144517
0.144478
0.144372
0.144231
0.144211
0.144663
0.145986
0.14791
0.148075
0.140713
0.118287
0.0801228
0.0502603
0.0929823
0.290284
0.669196
1.17103
1.70776
2.21428
2.65607
3.01946
3.30443
3.52225
3.69562
3.85627
4.02049
4.13421
4.13655
3.96673
3.56085
2.87346
1.96832
1.08759
0.489058
0.215056
0.137578
0.131541
0.137833
0.141197
0.141519
0.140808
0.140159
0.139868
0.139883
0.140066
0.140286
0.140451
0.140527
0.140528
0.140492
0.140457
0.14044
0.140439
0.140446
0.14045
0.140453
0.140458
0.14046
0.140458
0.140447
0.140428
0.140403
0.140379
0.140353
0.140323
0.140278
0.140239
0.140222
0.140232
0.142839
0.142526
0.142222
0.141929
0.141654
0.141397
0.141165
0.14096
0.14079
0.140649
0.140537
0.140449
0.14038
0.140328
0.140288
0.140258
0.140235
0.140217
0.140202
0.140188
0.140176
0.140165
0.140153
0.140142
0.140131
0.140121
0.14011
0.140099
0.140088
0.140077
0.140066
0.140056
0.140045
0.140035
0.140025
0.140015
0.140004
0.139994
0.139986
0.13998
0.13998
0.139984
0.139994
0.140006
0.140022
0.140042
0.140066
0.140095
0.140121
0.140147
0.140171
0.140195
0.140221
0.140249
0.14028
0.140313
0.140347
0.14038
0.140409
0.140432
0.140451
0.140466
0.140483
0.140511
0.140558
0.140622
0.140688
0.140723
0.140703
0.140629
0.140514
0.140424
0.140475
0.140717
0.140975
0.141044
0.140847
0.140483
0.140159
0.140046
0.143905
0.144107
0.14429
0.144464
0.144628
0.14478
0.144915
0.145029
0.145117
0.145175
0.145202
0.145197
0.145158
0.145075
0.144931
0.144721
0.144523
0.144624
0.145565
0.14772
0.150011
0.148046
0.133647
0.100378
0.0589098
0.0580932
0.182212
0.49214
0.962231
1.5054
2.03842
2.50999
2.89712
3.19584
3.41696
3.58579
3.73849
3.89159
3.98797
3.96268
3.75043
3.28585
2.54501
1.64723
0.860324
0.380692
0.182203
0.131698
0.129955
0.136094
0.140139
0.141648
0.141713
0.141199
0.140623
0.140236
0.14009
0.140129
0.140256
0.140391
0.140482
0.140516
0.140507
0.140481
0.140461
0.140453
0.140456
0.140466
0.140472
0.140471
0.140461
0.140442
0.140417
0.140392
0.140367
0.140337
0.140291
0.140251
0.140235
0.140241
0.143619
0.143331
0.14304
0.142748
0.142458
0.142173
0.141898
0.141637
0.141396
0.141177
0.140982
0.140811
0.140668
0.140553
0.140459
0.140384
0.140325
0.140278
0.140242
0.140213
0.140191
0.140173
0.140158
0.140146
0.140135
0.140126
0.140116
0.140107
0.140098
0.140089
0.140079
0.14007
0.14006
0.14005
0.140039
0.140028
0.140017
0.140007
0.139998
0.139993
0.139993
0.139998
0.140007
0.14002
0.140036
0.140056
0.14008
0.140107
0.140134
0.14016
0.140185
0.140211
0.140238
0.140267
0.1403
0.140334
0.140368
0.140399
0.140426
0.140448
0.140464
0.140479
0.140499
0.140532
0.140585
0.140653
0.140716
0.140739
0.140702
0.140613
0.140495
0.140427
0.140524
0.14079
0.141029
0.141056
0.140823
0.140448
0.140142
0.14006
0.144514
0.144728
0.144928
0.145116
0.145287
0.145437
0.14556
0.145653
0.145716
0.145749
0.145755
0.14574
0.145712
0.14568
0.145656
0.145638
0.145604
0.145545
0.145577
0.146063
0.147508
0.149851
0.150932
0.145157
0.125298
0.0918587
0.0696064
0.116797
0.303531
0.659628
1.14524
1.68062
2.19281
2.63516
2.98675
3.24743
3.43494
3.57776
3.71211
3.79418
3.75785
3.5341
3.06238
2.34323
1.5156
0.816523
0.391058
0.204177
0.14513
0.133083
0.13334
0.135815
0.138279
0.14016
0.141242
0.141558
0.141359
0.140952
0.140562
0.140312
0.140232
0.140287
0.140398
0.140487
0.140517
0.140501
0.140479
0.140474
0.140478
0.14048
0.140474
0.140456
0.140432
0.140406
0.14038
0.140351
0.140305
0.140263
0.140249
0.140252
0.144282
0.144045
0.143807
0.143564
0.143313
0.143054
0.142789
0.142522
0.142257
0.141998
0.141751
0.141519
0.141303
0.141107
0.140931
0.140775
0.14064
0.140523
0.140427
0.140351
0.140289
0.14024
0.140202
0.140173
0.14015
0.140132
0.140118
0.140107
0.140097
0.140089
0.140081
0.140073
0.140066
0.140057
0.140048
0.140038
0.140028
0.14002
0.140013
0.140011
0.140012
0.140018
0.140028
0.140041
0.140058
0.140078
0.140101
0.140126
0.140152
0.140178
0.140204
0.140231
0.140261
0.140292
0.140326
0.14036
0.140394
0.140423
0.140448
0.140466
0.140481
0.140497
0.140521
0.140561
0.140621
0.140692
0.140746
0.140751
0.140694
0.140589
0.140475
0.140443
0.140596
0.140878
0.141085
0.141061
0.14079
0.140409
0.140127
0.140077
0.144854
0.145122
0.145365
0.145576
0.145754
0.145902
0.146025
0.146132
0.146229
0.146325
0.146432
0.146558
0.146718
0.146908
0.147119
0.147344
0.147569
0.147758
0.147867
0.147899
0.148057
0.148872
0.15097
0.153978
0.154603
0.145712
0.12043
0.0842505
0.069362
0.135439
0.343495
0.712555
1.20109
1.73362
2.23894
2.66891
3.00081
3.23677
3.39837
3.51965
3.59782
3.57123
3.36656
2.92118
2.24067
1.46326
0.808328
0.407596
0.228717
0.167303
0.147829
0.139991
0.136088
0.134906
0.135813
0.137791
0.139787
0.141139
0.141679
0.141559
0.14108
0.140573
0.140271
0.140233
0.140352
0.140471
0.140518
0.140521
0.140506
0.140494
0.140484
0.14047
0.140447
0.140421
0.140395
0.140366
0.140321
0.140276
0.140264
0.140264
0.144613
0.144397
0.1442
0.144018
0.143842
0.143664
0.143478
0.143281
0.143072
0.142852
0.142624
0.142391
0.142158
0.141928
0.141705
0.141493
0.141295
0.141113
0.140947
0.1408
0.140669
0.140556
0.140459
0.140377
0.140307
0.14025
0.140203
0.140166
0.140138
0.140115
0.140097
0.140083
0.14007
0.14006
0.14005
0.140041
0.140034
0.140028
0.140026
0.140027
0.140031
0.140039
0.140051
0.140065
0.140083
0.140104
0.140127
0.140153
0.140179
0.140206
0.140233
0.140262
0.140294
0.140327
0.140361
0.140395
0.140426
0.140452
0.140473
0.140488
0.140503
0.140521
0.140552
0.140602
0.14067
0.140738
0.140777
0.140755
0.140673
0.140557
0.14046
0.140483
0.140696
0.140979
0.141138
0.141055
0.140746
0.140365
0.140121
0.140097
0.145127
0.14549
0.145784
0.146033
0.146266
0.146497
0.146744
0.147008
0.14731
0.147631
0.147962
0.148294
0.148623
0.148946
0.149259
0.149561
0.149854
0.150133
0.150378
0.150546
0.150605
0.150647
0.151067
0.152556
0.155432
0.158017
0.154999
0.138642
0.105775
0.069534
0.068475
0.160499
0.395059
0.779317
1.26962
1.79525
2.28843
2.70179
3.01292
3.22577
3.35488
3.43367
3.41106
3.21205
2.77541
2.11521
1.37144
0.751664
0.377806
0.220382
0.175944
0.164049
0.155798
0.147191
0.139831
0.135515
0.134529
0.135892
0.138185
0.140281
0.141552
0.141823
0.141363
0.140703
0.140292
0.140239
0.140371
0.140486
0.140532
0.140529
0.140507
0.140484
0.14046
0.140434
0.140409
0.140382
0.140336
0.14029
0.14028
0.140276
0.144736
0.144428
0.14417
0.143964
0.143798
0.14366
0.143541
0.14343
0.143316
0.143194
0.143059
0.142908
0.142741
0.14256
0.142369
0.14217
0.141968
0.141768
0.141573
0.141386
0.141211
0.141048
0.140901
0.140768
0.140651
0.140549
0.14046
0.140384
0.14032
0.140266
0.140221
0.140183
0.140151
0.140125
0.140103
0.140086
0.140072
0.140063
0.140059
0.14006
0.140065
0.140074
0.140086
0.140102
0.14012
0.140142
0.140165
0.14019
0.140215
0.140242
0.140271
0.140301
0.140334
0.140367
0.140401
0.140433
0.14046
0.140482
0.140499
0.140512
0.140528
0.140552
0.140592
0.140652
0.140723
0.140784
0.140799
0.140747
0.140643
0.140525
0.140462
0.140552
0.14081
0.141077
0.14118
0.141036
0.140694
0.140322
0.140126
0.140118
0.145967
0.146431
0.146818
0.147224
0.147641
0.148058
0.14847
0.14887
0.149257
0.149627
0.149977
0.150307
0.150614
0.1509
0.151165
0.151409
0.151635
0.151849
0.152051
0.152235
0.152374
0.152425
0.152406
0.152536
0.153341
0.155365
0.158119
0.158544
0.150548
0.127988
0.0923493
0.0623988
0.0782055
0.190789
0.437604
0.81965
1.29787
1.80991
2.29255
2.69717
2.99714
3.19116
3.28741
3.27246
3.07976
2.65337
2.01258
1.29049
0.682869
0.315121
0.169731
0.149762
0.162392
0.168044
0.164107
0.15492
0.145004
0.137767
0.134507
0.134694
0.136876
0.139506
0.141353
0.141862
0.141361
0.140649
0.140296
0.140276
0.140403
0.140506
0.140531
0.140509
0.140476
0.140447
0.140421
0.140397
0.140353
0.140306
0.140297
0.140288
0.1453
0.144757
0.144296
0.143916
0.143611
0.143375
0.143198
0.143069
0.142977
0.142908
0.14285
0.142794
0.142731
0.142656
0.142564
0.142455
0.142329
0.142187
0.142032
0.141869
0.141702
0.141534
0.14137
0.141213
0.141066
0.14093
0.140807
0.140696
0.140598
0.140513
0.140438
0.140374
0.140319
0.140272
0.140233
0.1402
0.140175
0.140156
0.140144
0.140138
0.140137
0.140141
0.14015
0.140162
0.140178
0.140197
0.140217
0.14024
0.140264
0.140291
0.140319
0.14035
0.140382
0.140415
0.140446
0.140473
0.140496
0.140513
0.140527
0.14054
0.140558
0.140591
0.140641
0.140709
0.14078
0.140825
0.140808
0.140723
0.140605
0.140499
0.140487
0.140651
0.140936
0.141169
0.141207
0.141003
0.140635
0.140284
0.140144
0.14014
0.147691
0.148187
0.148613
0.149009
0.149381
0.149729
0.150052
0.150351
0.150624
0.150874
0.1511
0.151305
0.15149
0.151655
0.151804
0.151937
0.152056
0.152165
0.152267
0.152367
0.152465
0.152545
0.152573
0.152527
0.152497
0.152814
0.153998
0.156215
0.158162
0.156024
0.144073
0.118551
0.0846252
0.0630052
0.0901691
0.208208
0.446985
0.808702
1.264
1.7605
2.23862
2.64547
2.94492
3.11346
3.14112
2.9821
2.5905
1.98409
1.28307
0.666277
0.268286
0.100108
0.0822533
0.117078
0.149087
0.16511
0.167343
0.16015
0.149633
0.140424
0.135126
0.134148
0.136251
0.139329
0.141394
0.14175
0.141106
0.140518
0.140292
0.140337
0.14046
0.140517
0.140504
0.140468
0.140436
0.140411
0.140371
0.140323
0.140314
0.140301
0.146842
0.146026
0.145294
0.144634
0.144059
0.14357
0.143169
0.142851
0.14261
0.142435
0.142317
0.142242
0.142199
0.142176
0.142162
0.142147
0.142123
0.142085
0.14203
0.141957
0.141866
0.141761
0.141644
0.141518
0.141388
0.141258
0.141129
0.141007
0.140891
0.140785
0.140689
0.140603
0.140527
0.140462
0.140405
0.140358
0.140319
0.140289
0.140266
0.14025
0.140241
0.140237
0.140238
0.140245
0.140255
0.140269
0.140286
0.140305
0.140328
0.140353
0.14038
0.140409
0.140439
0.140468
0.140495
0.140517
0.140534
0.140546
0.140558
0.140573
0.140598
0.14064
0.140702
0.140774
0.140836
0.140856
0.140801
0.140686
0.140565
0.140491
0.140548
0.140779
0.141067
0.141249
0.141216
0.140956
0.140571
0.140251
0.140173
0.140161
0.148896
0.149224
0.149499
0.14974
0.149951
0.150137
0.150298
0.150436
0.150554
0.150654
0.150737
0.150807
0.150863
0.15091
0.150948
0.15098
0.151006
0.151029
0.15105
0.151071
0.151097
0.151129
0.151162
0.151172
0.15113
0.151055
0.151113
0.151671
0.153099
0.155141
0.155981
0.151778
0.137918
0.112737
0.0828826
0.0672756
0.0964102
0.205064
0.420338
0.749979
1.17635
1.65774
2.13697
2.55196
2.8482
2.97481
2.90304
2.59422
2.06233
1.40379
0.776216
0.312484
0.0657711
0.00938602
0.0481874
0.0978805
0.137157
0.161011
0.168553
0.163824
0.153267
0.142398
0.135413
0.133893
0.136511
0.140025
0.141778
0.141866
0.141143
0.140518
0.140329
0.140404
0.140487
0.140493
0.140461
0.140429
0.140389
0.140341
0.140333
0.140315
0.148364
0.147729
0.147042
0.146322
0.145591
0.144867
0.144184
0.143582
0.14306
0.142624
0.142274
0.142001
0.141801
0.141666
0.141583
0.141541
0.141528
0.141531
0.141541
0.14155
0.141551
0.14154
0.141515
0.141475
0.141419
0.141349
0.141268
0.14118
0.141086
0.140991
0.140898
0.140809
0.140726
0.140651
0.140584
0.140527
0.140478
0.140438
0.140406
0.140381
0.140363
0.140352
0.140345
0.140345
0.140349
0.140357
0.14037
0.140386
0.140405
0.140428
0.140452
0.140478
0.140504
0.140527
0.140547
0.140562
0.140573
0.140583
0.140594
0.140614
0.140649
0.140703
0.140772
0.140842
0.140886
0.140871
0.140775
0.140639
0.140532
0.140512
0.140653
0.140928
0.141194
0.141311
0.141204
0.140893
0.140502
0.140226
0.140212
0.14018
0.14883
0.148972
0.149081
0.149161
0.149219
0.149257
0.149279
0.149289
0.149288
0.149278
0.149262
0.149242
0.149218
0.149193
0.149168
0.149143
0.149119
0.149098
0.149079
0.149063
0.149052
0.149046
0.149049
0.149057
0.149061
0.149036
0.148973
0.148931
0.149108
0.149822
0.151252
0.15286
0.152745
0.147583
0.13397
0.111373
0.0857445
0.0724322
0.0961863
0.186846
0.371552
0.665218
1.06205
1.53021
2.01246
2.43289
2.71458
2.78846
2.62465
2.22462
1.65712
1.04364
0.515035
0.17029
0.0080577
0.000681184
0.042439
0.0840985
0.126861
0.156915
0.168911
0.166355
0.154961
0.142155
0.134
0.132921
0.136488
0.139984
0.141611
0.141623
0.140954
0.140495
0.140408
0.140455
0.140471
0.14045
0.14041
0.140361
0.140352
0.14033
0.148663
0.148347
0.147946
0.147474
0.146945
0.146371
0.145765
0.145144
0.144522
0.143914
0.143335
0.142797
0.142324
0.141939
0.141626
0.141387
0.141216
0.1411
0.141033
0.141002
0.141
0.141015
0.141039
0.141064
0.141085
0.141096
0.141095
0.141081
0.141052
0.141012
0.140962
0.140906
0.140845
0.140783
0.140723
0.140667
0.140617
0.140574
0.140538
0.140509
0.140486
0.14047
0.140459
0.140453
0.140453
0.140457
0.140466
0.140478
0.140494
0.140513
0.140533
0.140553
0.140571
0.140587
0.140599
0.140608
0.140615
0.140623
0.140639
0.140668
0.140715
0.140779
0.140851
0.140909
0.140922
0.140863
0.14073
0.140588
0.14052
0.140578
0.140798
0.141089
0.14131
0.141351
0.14117
0.140817
0.140435
0.140221
0.14026
0.140198
0.147842
0.147814
0.147786
0.147747
0.147699
0.147647
0.147593
0.147538
0.147485
0.147436
0.14739
0.147349
0.147314
0.147284
0.14726
0.147241
0.147228
0.147219
0.147214
0.147213
0.147214
0.147218
0.147225
0.147234
0.147247
0.147259
0.147256
0.147224
0.147171
0.147177
0.147432
0.148174
0.149436
0.150602
0.150005
0.145038
0.133152
0.113852
0.0915393
0.0779691
0.0932288
0.164085
0.319053
0.580388
0.953246
1.4127
1.89716
2.31559
2.57445
2.60351
2.38647
1.96102
1.41362
0.862368
0.411946
0.124574
0.0462233
0.0129789
0.0277642
0.0715224
0.115994
0.151217
0.174045
0.175328
0.162235
0.146326
0.136781
0.134368
0.136666
0.139639
0.141083
0.141084
0.140688
0.140485
0.140456
0.140458
0.140433
0.140383
0.140374
0.140347
0.147981
0.147955
0.147829
0.147616
0.147327
0.146973
0.146568
0.146121
0.145641
0.145137
0.144619
0.144096
0.143579
0.143081
0.14261
0.142177
0.14179
0.141452
0.141175
0.140968
0.140817
0.140719
0.140665
0.140646
0.140653
0.140678
0.140712
0.14075
0.140784
0.14081
0.140826
0.14083
0.140822
0.140804
0.140778
0.140746
0.140712
0.140679
0.140648
0.14062
0.140598
0.140582
0.14057
0.140564
0.140562
0.140564
0.14057
0.140579
0.140591
0.140605
0.140619
0.140632
0.140643
0.140651
0.140656
0.14066
0.140665
0.140677
0.1407
0.14074
0.140797
0.140866
0.14093
0.140962
0.140935
0.140834
0.140679
0.140559
0.140558
0.140707
0.140977
0.141249
0.141402
0.141358
0.141108
0.140727
0.140376
0.140243
0.140316
0.140217
0.14628
0.146139
0.146037
0.145947
0.145866
0.145796
0.145738
0.145692
0.145659
0.145639
0.145631
0.145634
0.145649
0.145672
0.145705
0.145745
0.145792
0.145844
0.1459
0.14596
0.146023
0.146089
0.146156
0.146226
0.146299
0.146374
0.146451
0.146522
0.146577
0.146607
0.146629
0.146723
0.147042
0.147743
0.148792
0.149661
0.149048
0.144905
0.135076
0.11875
0.0986616
0.0835764
0.0900545
0.142999
0.27354
0.511894
0.873225
1.33795
1.83982
2.27624
2.54324
2.57141
2.34719
1.9213
1.38386
0.837691
0.378327
0.0614701
0.0581623
0.0344974
0.0326147
0.0288609
0.067045
0.109791
0.145538
0.158757
0.15435
0.145786
0.139678
0.137804
0.138902
0.140295
0.14078
0.140677
0.140522
0.140464
0.14044
0.140402
0.140394
0.140362
0.146666
0.146917
0.147073
0.147134
0.147101
0.146981
0.146786
0.146526
0.146214
0.145859
0.145472
0.14506
0.144629
0.144188
0.143743
0.143302
0.142871
0.142459
0.142074
0.141722
0.141408
0.141138
0.140912
0.140731
0.140594
0.140502
0.140454
0.140439
0.140451
0.140481
0.14052
0.140563
0.140603
0.140637
0.140664
0.140681
0.14069
0.140691
0.140687
0.14068
0.140673
0.140666
0.140662
0.140659
0.140659
0.140662
0.140666
0.140673
0.14068
0.140687
0.140694
0.140698
0.140699
0.140699
0.140697
0.140698
0.140705
0.140724
0.14076
0.140815
0.140886
0.140957
0.141006
0.141004
0.140926
0.140776
0.140607
0.140532
0.140624
0.14086
0.141156
0.141395
0.141478
0.141354
0.141042
0.14064
0.140325
0.140277
0.140367
0.140225
0.143999
0.143964
0.143982
0.144026
0.144093
0.144183
0.144294
0.144425
0.144573
0.144737
0.144915
0.145106
0.145307
0.145518
0.145736
0.145961
0.146191
0.146427
0.146668
0.146916
0.147173
0.147445
0.147726
0.14801
0.148292
0.148569
0.148838
0.149097
0.149341
0.149564
0.149755
0.149907
0.150034
0.150189
0.150476
0.151009
0.1518
0.15256
0.152505
0.150241
0.144025
0.132552
0.116401
0.100053
0.0937967
0.115667
0.192607
0.355972
0.628239
1.00441
1.43975
1.85586
2.1654
2.30282
2.24301
2.00533
1.64517
1.23416
0.858704
0.56407
0.359406
0.230447
0.150466
0.115376
0.114447
0.127722
0.140037
0.145934
0.145422
0.142511
0.140381
0.139958
0.140319
0.140577
0.140589
0.140529
0.140481
0.14044
0.140428
0.140401
0.144278
0.144555
0.144821
0.145058
0.145247
0.145379
0.145448
0.145454
0.145401
0.145295
0.145141
0.144948
0.144721
0.144466
0.144188
0.143892
0.143584
0.143269
0.142953
0.14264
0.142336
0.142046
0.141775
0.141526
0.141303
0.14111
0.140947
0.140816
0.140716
0.140645
0.140599
0.140573
0.140564
0.140566
0.140576
0.14059
0.140607
0.140624
0.140642
0.140658
0.140672
0.140685
0.140698
0.140711
0.140724
0.140736
0.140746
0.140755
0.140761
0.140767
0.14077
0.140771
0.140773
0.140775
0.140782
0.140797
0.140823
0.140864
0.140917
0.140978
0.141034
0.141064
0.141046
0.140966
0.140832
0.14069
0.140627
0.140719
0.140937
0.141205
0.141438
0.141549
0.141484
0.141236
0.140865
0.140502
0.140321
0.140385
0.140452
0.140261
)
;

boundaryField
{
    inlet
    {
        type            freestream;
        freestreamValue uniform 0.14;
        value           nonuniform List<scalar> 
134
(
0.14
0.14
0.14
0.14
0.14
0.14
0.14
0.14
0.14
0.14
0.140011
0.14002
0.140032
0.140042
0.140051
0.140058
0.140064
0.140069
0.140072
0.140073
0.14
0.140073
0.140072
0.14007
0.140067
0.140063
0.140059
0.140054
0.14005
0.140048
0.140048
0.140049
0.140051
0.140054
0.140059
0.140064
0.14007
0.140077
0.140085
0.140093
0.14
0.14
0.14
0.14
0.14
0.14
0.14
0.1401
0.140107
0.140114
0.140121
0.140129
0.140138
0.140146
0.140154
0.140162
0.140171
0.140179
0.140187
0.140196
0.140205
0.140213
0.140222
0.140232
0.140241
0.140252
0.140264
0.140276
0.140288
0.140301
0.140315
0.14033
0.140347
0.140362
0.140401
0.14
0.14
0.14
0.14
0.14
0.14
0.14
0.14
0.14
0.14
0.14
0.14
0.14
0.14
0.14
0.14
0.14
0.14
0.14
0.14
0.14
0.14
0.14
0.14
0.14
0.14
0.14
0.14
0.14
0.14
0.14
0.14
0.14
0.14
0.14
0.14
0.14
0.14
0.14
0.14
0.14
0.14
0.14
0.14
0.14
0.14
0.14
0.14
0.14
0.14
0.14
0.14
0.14
0.14
0.14
0.14
0.14
0.14
0.14
)
;
    }
    outlet
    {
        type            freestream;
        freestreamValue uniform 0.14;
        value           nonuniform List<scalar> 
160
(
0.143999
0.144278
0.143964
0.144555
0.143982
0.144821
0.144026
0.145058
0.144093
0.145247
0.144183
0.145379
0.144294
0.145448
0.144425
0.145454
0.144573
0.145401
0.144737
0.145295
0.144915
0.145141
0.145106
0.144948
0.145307
0.144721
0.145518
0.144466
0.145736
0.144188
0.145961
0.143892
0.146191
0.143584
0.146427
0.143269
0.146668
0.142953
0.146916
0.14264
0.147173
0.142336
0.147445
0.142046
0.147726
0.141775
0.14801
0.141526
0.148292
0.141303
0.148569
0.14111
0.148838
0.140947
0.149097
0.140816
0.149341
0.140716
0.149564
0.140645
0.149755
0.140599
0.149907
0.140573
0.150034
0.140564
0.150189
0.140566
0.150476
0.140576
0.151009
0.14059
0.1518
0.140607
0.15256
0.140624
0.152505
0.140642
0.150241
0.140658
0.144025
0.140672
0.132552
0.140685
0.116401
0.140698
0.100053
0.140711
0.0937967
0.140724
0.115667
0.140736
0.192607
0.140746
0.355972
0.140755
0.628239
0.140761
1.00441
0.140767
1.43975
0.14077
1.85586
0.140771
2.1654
0.140773
2.30282
0.140775
2.24301
0.140782
2.00533
0.140797
1.64517
0.140823
1.23416
0.140864
0.858704
0.140917
0.56407
0.140978
0.359406
0.141034
0.230447
0.141064
0.150466
0.141046
0.115376
0.140966
0.114447
0.140832
0.127722
0.14069
0.140037
0.140627
0.145934
0.140719
0.145422
0.140937
0.142511
0.141205
0.140381
0.141438
0.139958
0.141549
0.140319
0.141484
0.140577
0.141236
0.140589
0.140865
0.140529
0.140502
0.140481
0.140321
0.14044
0.140385
0.140428
0.140452
0.140401
0.140261
)
;
    }
    walls
    {
        type            fixedValue;
        value           nonuniform List<scalar> 
78
(
0.123574
0.129374
0.136264
0.144224
0.15373
0.164976
0.178185
0.193006
0.209209
0.22561
0.241265
0.255193
0.266416
0.274226
0.278266
0.278729
0.27599
0.27056
0.262615
0.252328
0.239406
0.223632
0.204506
0.181772
0.156405
0.126164
0.101103
0.0819959
0.055332
0.0755036
0.127427
0.164601
0.0964452
0.195467
0.20548
0.180737
0.154211
0.117394
0.0987019
0.118115
0.112399
0.10619
0.0991002
0.0912795
0.0822974
0.0717316
0.0587009
0.0432684
0.0406976
0.0439699
0.0544886
0.0630444
0.0705156
0.077761
0.0850829
0.0925309
0.100099
0.107789
0.11561
0.123499
0.13131
0.138827
0.145822
0.151899
0.156744
0.160485
0.163403
0.165824
0.168027
0.17006
0.171925
0.173614
0.17508
0.176207
0.177034
0.177124
0.1775
0.174255
)
;
    }
    frontAndBack
    {
        type            empty;
    }
}


// ************************************************************************* //
