/*--------------------------------*- C++ -*----------------------------------*\
  =========                 |
  \\      /  F ield         | OpenFOAM: The Open Source CFD Toolbox
   \\    /   O peration     | Website:  https://openfoam.org
    \\  /    A nd           | Version:  12
     \\/     M anipulation  |
\*---------------------------------------------------------------------------*/
FoamFile
{
    format      ascii;
    class       volScalarField;
    location    "150";
    object      p;
}
// * * * * * * * * * * * * * * * * * * * * * * * * * * * * * * * * * * * * * //

dimensions      [0 2 -2 0 0 0 0];

internalField   nonuniform List<scalar> 
10720
(
-1320.58
-1556.67
-1827.41
-2069.67
-2264.75
-2452
-2595.82
-2690.16
-2757.13
-2791.8
-2799.24
-2784.07
-2748.27
-2694.84
-2626.35
-2542.94
-2448.45
-2340.36
-2222
-2090.71
-1949.53
-1797.31
-1639.73
-1479.42
-1323.59
-1182.03
-1051.87
-925.117
-800.608
-678.602
-559.105
-442.58
-332.802
-234.386
-162.465
-108.157
-107.857
-118.7
-162.925
-1060.67
-818.699
-528.011
-231.049
53.8429
312.175
529.271
692.419
799.234
855.532
873.586
869.14
846.335
811.068
770.663
727.586
683.046
637.661
591.832
545.102
497.453
448.359
397.945
346.927
299.084
256.959
218.863
184.233
153.188
125.915
102.296
82.018
64.7299
50.1252
37.7216
27.4263
19.0949
16.3808
20.7588
-670.365
-860.173
-1061.35
-1260.91
-1454.06
-1641.43
-1811.26
-1960.63
-2089.41
-2191.21
-2267.12
-2318.16
-2346.51
-2353.8
-2340.63
-2307.08
-2255.11
-2184.14
-2096.59
-1991.93
-1872.86
-1739.72
-1597.64
-1450.01
-1303.78
-1168.09
-1041.48
-917.353
-794.895
-674.522
-556.201
-440.579
-331.414
-233.341
-161.781
-107.655
-107.722
-120.803
-166.354
-492.948
-318.116
-134.411
58.4276
247.965
425.777
581.157
704.221
790.498
840.47
860.187
857.784
838.127
807.159
770.129
729.465
686.537
642.212
597.001
550.779
503.541
455.008
405.353
355.366
308.044
265.591
226.944
191.668
159.932
131.936
107.59
86.6162
68.6873
53.5094
40.6295
29.9704
21.4181
18.572
22.3411
-558.808
-729.594
-911.582
-1104.22
-1293.17
-1475.52
-1647.62
-1801.23
-1930.51
-2035
-2115.25
-2172.46
-2207.85
-2222.09
-2215.85
-2190.05
-2145.98
-2084.27
-2006.43
-1912.85
-1805.2
-1684.34
-1553.96
-1417.47
-1280.58
-1150.95
-1028.41
-907.73
-788.005
-669.702
-552.94
-438.476
-330.034
-232.373
-160.966
-107.013
-107.37
-121.856
-169.528
-397.441
-230.682
-54.479
124.653
295.54
452.861
588.735
696.216
772.648
818.85
839.657
840.484
825.175
798.513
764.686
726.312
685.023
641.873
597.492
551.982
505.376
457.559
408.713
359.589
312.608
269.888
230.966
195.437
163.436
135.144
110.49
89.2123
70.9992
55.5648
42.4802
31.6833
23.0881
20.1927
23.6644
-361.633
-505.979
-663.658
-829.216
-995.478
-1161.1
-1320.79
-1469.45
-1603.13
-1720.05
-1818.95
-1899.26
-1959.89
-1999.82
-2018.83
-2017.34
-1995.89
-1955.2
-1896.29
-1820.06
-1728.02
-1621.68
-1504.29
-1379.53
-1252.49
-1129.67
-1011.97
-895.512
-779.293
-663.787
-549.242
-436.441
-329.071
-231.955
-160.483
-106.619
-107.199
-121.871
-171.496
-227.767
-93.3186
48.4324
195.511
337.227
469.751
586.306
680.294
748.932
792.534
814.566
818.614
807.589
785.393
755.479
720.309
681.559
640.37
597.466
553.129
507.497
460.603
412.675
364.455
317.976
275.232
236.15
200.377
168.047
139.355
114.268
92.5551
73.9285
58.1166
44.7206
33.6975
24.9778
21.9649
25.0981
-271.486
-401.271
-543.688
-695.217
-848.262
-1003.17
-1155.56
-1300.28
-1434.19
-1554.51
-1658.72
-1745.35
-1812.89
-1860.68
-1888.64
-1896.91
-1885.73
-1855.69
-1807.49
-1742.09
-1660.72
-1565.02
-1457.78
-1342.58
-1223.93
-1107.28
-994.132
-881.755
-769.143
-656.737
-544.852
-434.209
-328.333
-231.987
-160.376
-106.571
-107.292
-121.377
-172.134
-150.456
-29.4314
97.9993
229.002
354.153
471.243
574.858
659.247
721.953
763.609
786.678
793.541
786.598
768.843
743.07
711.445
675.6
636.722
595.619
552.731
508.308
462.511
415.629
368.394
322.546
279.919
240.746
204.792
172.204
143.188
117.745
95.6699
76.6969
60.5688
46.9137
35.7059
26.8906
23.7761
26.5656
-191.123
-306.234
-433.775
-569.425
-707.112
-848.112
-988.046
-1122.89
-1250.19
-1367.14
-1471.45
-1561.51
-1635.84
-1693.5
-1733.49
-1755.17
-1758.09
-1742.35
-1708.25
-1656.52
-1588.21
-1504.9
-1409.09
-1304.17
-1194.28
-1084.1
-975.661
-867.331
-758.308
-649.072
-540.028
-431.859
-327.833
-232.502
-160.714
-106.898
-107.493
-120.614
-171.367
-84.1122
22.0823
134.348
250.396
361.307
465.701
558.895
635.56
693.428
733.417
757.234
766.448
763.108
749.492
727.821
699.932
667.317
631.134
592.226
551.14
508.232
463.766
418.094
371.946
326.852
284.494
245.34
209.292
176.508
147.208
121.423
98.9864
79.6556
63.1929
49.2569
37.8397
28.9047
25.6476
28.0642
-138.219
-242.562
-358.642
-482.47
-608.164
-737.936
-867.859
-994.311
-1115.54
-1228.89
-1332.15
-1423.61
-1501.54
-1564.33
-1610.72
-1639.85
-1651.14
-1644.48
-1620.01
-1578.28
-1520.15
-1447.07
-1361.22
-1265.67
-1164.04
-1060.31
-956.712
-852.478
-747.066
-641.027
-534.932
-429.466
-327.621
-233.598
-161.642
-107.7
-107.765
-119.676
-169.24
-41.2048
54.5646
155.987
260.806
360.818
455.304
540.217
610.559
664.452
702.931
727.144
738.245
737.967
728.067
710.291
686.132
656.887
623.631
587.194
548.179
507.028
464.096
419.788
374.837
330.618
288.686
249.674
213.62
180.707
151.171
125.082
102.309
82.6394
65.8556
51.6465
40.0231
30.9652
27.5425
29.5763
-97.4986
-192.317
-298.241
-411.225
-525.864
-644.873
-764.563
-881.79
-995.3
-1102.75
-1202.08
-1291.76
-1370.05
-1435.32
-1486.39
-1522.15
-1541.6
-1544.2
-1529.69
-1498.31
-1450.64
-1387.92
-1312.06
-1225.84
-1132.48
-1035.42
-936.948
-837.023
-735.374
-632.627
-529.552
-426.954
-327.596
-235.232
-163.26
-109.102
-108.144
-118.532
-166.014
-9.32662
77.3669
169.467
264.851
355.849
442.154
520.171
585.172
635.707
672.746
697.038
709.593
711.841
705.173
690.964
670.388
644.53
614.334
580.576
543.869
504.705
463.506
420.725
377.092
333.876
292.525
253.781
217.816
184.848
155.133
128.78
105.697
85.7039
68.606
54.1244
42.2885
33.0958
29.4761
31.1105
-67.6764
-154.592
-251.942
-355.813
-461.043
-570.654
-681.297
-790.127
-896.334
-997.815
-1092.78
-1179.88
-1257.46
-1323.92
-1377.85
-1417.98
-1443.09
-1452.4
-1445.51
-1422.43
-1383.54
-1329.87
-1263.04
-1185.48
-1100.02
-1009.56
-916.352
-820.879
-723.142
-623.827
-523.857
-424.222
-327.59
-237.241
-165.555
-111.191
-108.677
-117.181
-161.964
13.1845
92.4336
176.845
264.387
347.876
427.352
499.526
559.98
607.587
643.213
667.362
680.967
685.248
681.331
670.301
653.068
630.504
603.401
572.441
538.211
501.223
461.937
420.835
378.645
336.56
295.937
257.592
221.817
188.875
159.045
132.474
109.114
88.818
71.4186
56.67
44.6198
35.2836
31.4392
32.6593
-45.0889
-125.135
-214.972
-310.782
-407.675
-508.819
-611.092
-711.951
-810.909
-906.075
-995.939
-1079.36
-1154.79
-1220.77
-1275.86
-1318.77
-1348.28
-1363.32
-1363.25
-1347.83
-1317.17
-1272.04
-1213.78
-1144.51
-1066.7
-982.788
-894.943
-804.035
-710.332
-614.58
-517.82
-421.207
-327.451
-239.42
-168.4
-113.964
-109.398
-115.629
-157.224
29.4421
102.29
180.105
260.943
338.041
411.659
478.778
535.313
580.324
614.536
638.388
652.703
658.578
656.956
648.703
634.516
615.074
591.009
562.893
531.255
496.59
459.367
420.086
379.464
338.636
298.885
261.074
225.598
192.768
162.892
136.154
112.554
91.9799
74.2941
59.2852
47.019
37.5297
33.4326
34.222
-28.0689
-102.153
-185.428
-274.18
-363.727
-457.348
-552.103
-645.702
-737.851
-826.896
-911.581
-990.969
-1063.65
-1128.3
-1183.56
-1228.09
-1260.64
-1280
-1285.34
-1276.28
-1252.71
-1215.17
-1164.74
-1103.21
-1032.68
-955.204
-872.77
-786.518
-696.947
-604.875
-511.435
-417.897
-327.069
-241.611
-171.614
-117.32
-110.334
-113.897
-151.878
40.9735
108.311
180.426
255.468
327.046
395.577
458.262
511.371
554.032
586.853
610.27
625.026
632.127
632.386
626.514
615.049
598.502
577.354
552.061
523.066
490.825
455.791
418.456
379.517
340.067
301.329
264.186
229.119
196.493
166.644
139.798
115.999
95.1767
77.223
61.9632
49.4811
39.8299
35.4539
35.7971
-15.1679
-83.9923
-161.451
-243.932
-326.95
-413.815
-501.749
-588.662
-674.435
-757.588
-837.078
-912.16
-981.587
-1044.19
-1098.7
-1143.8
-1178.31
-1200.96
-1210.76
-1207.16
-1189.88
-1159.22
-1116
-1061.7
-998.104
-926.9
-849.886
-768.353
-683.002
-594.711
-504.695
-414.307
-326.394
-243.669
-175.029
-121.074
-111.469
-111.982
-145.971
49.0513
111.561
178.685
248.638
315.389
379.434
438.195
488.262
528.759
560.226
583.113
598.093
606.105
607.88
604.026
594.952
581.041
562.641
540.087
513.735
483.973
451.22
415.932
378.783
340.826
303.232
266.888
232.344
200.018
170.277
143.385
119.435
98.3967
80.1973
64.6983
52.0018
42.1805
37.5009
37.382
-5.40486
-69.5706
-141.84
-218.724
-295.91
-376.704
-458.471
-539.273
-619.142
-696.756
-771.22
-841.975
-907.919
-968.043
-1021.21
-1066.16
-1101.75
-1126.75
-1140.03
-1140.94
-1129.06
-1104.48
-1067.78
-1020.17
-963.113
-897.981
-826.349
-749.574
-668.508
-584.088
-497.592
-410.445
-325.448
-245.481
-178.508
-125.042
-112.764
-109.903
-139.616
54.5206
112.781
175.475
240.923
303.39
363.44
418.713
466.034
504.518
534.681
556.963
571.991
580.659
583.644
581.47
574.472
562.925
547.067
527.13
503.368
476.097
445.674
412.514
377.25
340.89
304.561
269.145
235.239
203.311
173.762
146.893
122.843
101.627
83.2075
67.484
54.5766
44.5775
39.5722
38.9768
1.9536
-58.0456
-125.648
-197.496
-269.438
-344.75
-420.925
-496.142
-570.564
-642.987
-712.647
-779.13
-841.489
-898.854
-950.228
-994.46
-1030.4
-1056.97
-1072.93
-1077.54
-1070.28
-1051.06
-1020.24
-978.769
-927.85
-868.554
-802.225
-730.214
-653.478
-573.004
-490.109
-406.291
-324.258
-246.982
-181.909
-129.08
-114.142
-107.687
-132.933
58.0371
112.5
171.247
232.654
291.291
347.745
399.883
444.708
481.308
510.219
531.846
546.787
555.901
559.827
559.039
553.817
544.363
530.827
513.348
492.085
467.273
439.198
408.22
374.914
340.243
305.291
270.923
237.769
206.341
177.071
150.296
126.203
104.852
86.2419
70.3115
57.1986
47.0155
41.6645
40.5781
7.44927
-48.7887
-112.172
-179.464
-246.673
-317.02
-388.101
-458.224
-527.624
-595.2
-660.319
-722.678
-781.465
-835.947
-885.241
-928.321
-964.081
-991.552
-1009.48
-1017.06
-1013.68
-999.112
-973.539
-937.675
-892.472
-838.74
-777.593
-710.32
-637.936
-561.461
-482.238
-401.819
-322.828
-248.182
-185.086
-133.103
-115.549
-105.389
-126.074
60.0734
111.123
166.308
224.074
279.25
332.451
381.747
424.274
459.114
486.811
507.751
522.498
531.893
536.542
536.884
533.17
525.546
514.102
498.897
480.009
457.588
431.849
403.077
371.784
338.878
305.401
272.193
239.903
209.075
180.174
153.57
129.496
108.056
89.2887
73.1722
59.8618
49.4894
43.7765
42.187
11.5003
-41.3184
-100.869
-164.018
-226.934
-292.753
-359.185
-424.649
-489.423
-552.499
-613.356
-671.778
-727.063
-778.605
-825.646
-867.264
-902.426
-930.258
-949.553
-959.454
-959.299
-948.748
-927.819
-897.03
-857.111
-808.65
-752.53
-689.94
-621.907
-549.468
-473.971
-397.002
-321.124
-249.103
-187.928
-137.017
-116.951
-103.044
-119.163
60.9845
108.947
160.901
215.357
267.385
317.621
364.321
404.721
437.909
464.437
484.671
499.146
508.682
513.867
515.122
512.671
506.637
497.054
483.93
467.268
447.144
423.692
397.124
367.877
336.797
304.879
272.932
241.61
211.482
183.041
156.689
132.699
111.221
92.3334
76.0545
62.5571
51.9923
45.9038
43.7998
14.4266
-35.2768
-91.3241
-150.682
-209.685
-271.365
-333.55
-394.736
-455.248
-514.165
-571.034
-625.715
-677.62
-726.239
-770.932
-810.881
-845.14
-872.903
-893.067
-904.732
-907.202
-900.068
-883.213
-856.982
-821.919
-778.411
-727.13
-669.133
-605.424
-537.036
-465.306
-391.829
-319.11
-249.758
-190.398
-140.716
-118.352
-100.716
-112.332
61.0427
106.196
155.198
206.624
255.773
303.292
347.603
386.027
417.658
443.061
462.576
476.717
486.289
491.862
493.839
492.442
487.771
479.834
468.591
453.993
436.044
414.806
390.413
363.221
334.008
303.717
273.121
242.865
213.536
185.646
159.626
135.789
114.328
95.3617
78.9478
65.2766
54.5178
48.0447
45.4177
16.4739
-30.3744
-83.1963
-139.085
-194.495
-252.388
-310.67
-367.93
-424.512
-479.572
-532.719
-583.885
-632.554
-678.321
-720.633
-758.776
-791.91
-819.263
-839.879
-852.823
-857.396
-853.137
-839.825
-817.659
-787.027
-748.144
-701.486
-647.962
-588.523
-524.18
-456.24
-386.283
-316.749
-250.118
-192.508
-144.073
-119.739
-98.4726
-105.667
60.4569
103.038
149.33
197.971
244.464
289.49
331.586
368.157
398.325
422.643
441.439
455.205
464.727
470.563
473.106
472.577
469.068
462.569
453.012
440.305
424.396
405.275
383.004
357.853
330.529
301.917
272.747
243.647
215.208
187.959
162.355
138.742
117.356
98.3558
81.8375
68.0086
57.0573
50.1936
47.0369
17.8335
-26.3837
-76.2351
-128.918
-181.032
-235.435
-290.127
-343.766
-396.729
-448.217
-497.901
-545.762
-591.362
-634.365
-674.315
-710.582
-742.427
-769.121
-789.846
-803.665
-809.883
-808.01
-797.75
-779.182
-752.561
-717.966
-675.692
-626.497
-571.252
-510.922
-446.778
-380.358
-314.022
-250.147
-194.284
-147.009
-121.076
-96.4125
-99.2438
59.3903
99.6027
143.396
189.461
233.497
276.22
316.253
351.084
379.867
403.141
421.223
434.582
443.989
449.989
452.967
453.148
450.621
445.371
437.312
426.323
412.303
395.186
374.961
351.82
326.389
299.489
271.805
243.939
216.476
189.955
164.849
141.534
120.285
101.299
84.7104
70.7434
59.6031
52.348
48.6589
18.6576
-23.1261
-70.2293
-119.948
-169.019
-220.203
-271.578
-321.881
-371.496
-419.676
-466.133
-510.901
-553.593
-593.947
-631.582
-665.951
-696.402
-722.255
-742.813
-757.165
-764.635
-764.714
-757.057
-741.648
-718.637
-687.99
-649.845
-604.808
-553.654
-497.288
-436.922
-374.043
-310.908
-249.801
-195.726
-149.495
-122.276
-94.6107
-93.0976
57.9662
95.9914
137.469
181.146
222.902
263.478
301.582
334.777
362.247
384.52
401.898
414.83
424.068
430.152
433.457
434.212
432.511
428.337
421.598
412.155
399.87
384.63
366.36
345.176
321.62
296.449
270.296
243.73
217.321
191.611
167.083
144.14
123.092
104.171
87.5494
73.4666
62.1447
54.5011
50.2792
19.063
-20.4615
-65.0087
-111.978
-158.233
-206.435
-254.744
-301.962
-348.478
-393.589
-437.052
-478.926
-518.884
-556.712
-592.1
-624.578
-653.572
-678.452
-698.622
-713.229
-721.613
-723.263
-717.803
-705.148
-685.365
-658.328
-624.046
-582.975
-535.786
-483.308
-426.684
-367.335
-307.394
-249.054
-196.817
-151.556
-123.253
-93.1148
-87.2708
56.2865
92.2799
131.605
173.055
212.688
251.264
287.555
319.208
345.433
366.741
383.427
395.921
404.954
411.055
414.596
415.809
414.797
411.545
405.962
397.899
387.195
373.697
357.278
337.979
316.264
292.819
268.226
243.013
217.727
192.904
169.033
146.538
125.756
106.954
90.3391
76.1668
64.6731
56.6491
51.899
19.147
-18.2731
-60.4415
-104.849
-148.49
-193.925
-239.39
-283.749
-327.385
-369.652
-410.329
-449.506
-486.893
-522.328
-555.559
-586.174
-613.681
-637.503
-657.116
-671.752
-680.764
-683.653
-680.028
-669.751
-652.835
-629.08
-598.384
-561.073
-517.7
-469.017
-416.079
-360.23
-303.468
-247.879
-197.523
-153.221
-123.945
-91.9129
-81.7945
54.4259
88.5282
125.842
165.212
202.859
239.564
274.152
304.343
329.383
349.767
365.778
377.826
386.624
392.691
396.393
397.97
397.527
395.06
390.484
383.645
374.369
362.474
347.789
330.292
310.367
288.632
265.611
241.789
217.684
193.816
170.677
148.701
128.252
109.625
93.06
78.8272
67.1759
58.7837
53.5131
18.9859
-16.4723
-56.4152
-98.4325
-139.644
-182.501
-225.323
-267.025
-307.993
-347.611
-385.697
-422.353
-457.331
-490.506
-521.674
-550.48
-576.495
-599.208
-618.142
-632.623
-642.025
-645.863
-643.753
-635.522
-621.13
-600.337
-572.952
-539.179
-499.46
-454.454
-405.127
-352.732
-299.123
-246.262
-197.816
-154.511
-124.344
-90.9719
-76.7278
52.4439
84.7839
120.217
157.632
193.421
228.37
261.348
290.155
314.063
333.562
348.914
360.514
369.059
375.054
378.856
380.713
380.738
378.936
375.23
369.47
361.475
351.045
337.973
322.182
303.983
283.923
262.472
240.064
217.186
194.335
171.995
150.609
130.559
112.165
95.6952
81.4344
69.6429
60.8998
55.1224
18.6394
-14.9815
-52.8416
-92.6218
-131.566
-172.019
-212.379
-251.611
-290.093
-327.253
-362.926
-397.232
-429.951
-460.993
-490.198
-517.259
-541.804
-563.377
-581.542
-595.726
-605.32
-609.864
-608.987
-602.495
-590.315
-572.181
-547.835
-517.37
-481.126
-439.662
-393.852
-344.844
-294.351
-244.19
-197.671
-155.428
-124.47
-90.2367
-72.179
50.3911
81.0789
114.747
150.325
184.37
217.664
249.12
276.611
299.446
318.093
332.805
343.959
352.235
358.124
361.979
364.05
364.456
363.214
360.257
355.442
348.59
339.487
327.904
313.717
297.166
278.734
258.833
237.851
216.233
194.448
172.971
152.241
132.653
114.55
98.2238
83.9699
72.0599
62.987
56.7202
18.1543
-13.7408
-49.6458
-87.3292
-124.149
-162.359
-200.419
-237.347
-273.517
-308.387
-341.813
-373.924
-404.531
-433.571
-460.913
-486.3
-509.406
-529.832
-547.174
-560.945
-570.574
-575.618
-575.729
-570.704
-560.451
-544.69
-523.112
-495.721
-462.759
-424.69
-382.281
-336.585
-289.154
-241.659
-197.076
-155.967
-124.366
-89.6608
-68.3126
48.3041
77.4428
109.45
143.296
175.7
207.431
237.444
263.687
285.497
303.326
317.417
328.132
336.13
341.889
345.757
347.985
348.7
347.926
345.609
341.62
335.781
327.874
317.654
304.961
289.974
273.11
254.728
235.167
214.829
194.153
173.591
153.578
134.516
116.762
100.627
86.4191
74.4157
65.0393
58.3067
17.5711
-12.7001
-46.7682
-82.4821
-117.313
-153.421
-189.33
-224.107
-258.12
-290.855
-322.186
-352.248
-380.877
-408.037
-433.62
-457.408
-479.121
-498.407
-514.892
-528.17
-537.7
-543.077
-543.966
-540.168
-531.583
-517.925
-498.855
-474.301
-444.419
-409.58
-370.45
-327.966
-283.534
-238.669
-196.02
-156.118
-124.061
-89.1891
-65.2244
46.2135
73.8943
104.336
136.546
167.403
197.655
226.297
251.355
272.185
289.23
302.72
313.004
320.719
326.331
330.18
332.517
333.477
333.093
331.323
328.049
323.104
316.268
307.29
295.979
282.464
267.099
250.192
232.035
212.985
193.445
173.844
154.604
136.126
118.777
102.884
88.7619
76.6945
67.0444
59.8734
16.9217
-11.8225
-44.1566
-78.0187
-110.981
-145.117
-179.014
-211.779
-243.776
-274.516
-303.894
-332.045
-358.827
-384.221
-408.146
-430.413
-450.783
-468.949
-484.561
-497.287
-506.618
-512.184
-513.672
-510.889
-503.737
-491.937
-475.129
-453.18
-426.17
-394.386
-358.394
-319.015
-277.503
-235.221
-194.509
-155.88
-123.58
-88.7802
-62.8632
44.142
70.4486
99.4114
130.078
159.47
188.322
215.661
239.587
259.484
275.776
288.686
298.547
305.977
311.428
315.234
317.643
318.796
318.734
317.427
314.772
310.61
304.728
296.873
286.836
274.695
260.751
245.265
228.482
210.716
192.331
173.726
155.307
137.468
120.578
104.977
90.9829
78.8844
68.9953
61.4193
16.2307
-11.0707
-41.7719
-73.8859
-105.094
-137.377
-169.384
-200.269
-230.379
-259.257
-286.81
-313.177
-338.23
-361.97
-384.333
-405.159
-424.242
-441.315
-456.055
-468.187
-477.243
-482.882
-484.819
-482.868
-476.94
-466.77
-451.987
-432.417
-408.071
-379.16
-346.151
-309.754
-271.076
-231.325
-192.545
-155.25
-122.935
-88.3933
-61.0645
42.1067
67.1171
94.6817
123.886
151.893
179.415
205.512
228.36
247.364
262.936
275.286
284.735
291.881
297.162
300.904
303.354
304.655
304.858
303.944
301.819
298.341
293.307
286.463
277.589
266.722
254.117
239.989
224.54
208.041
190.817
173.235
155.676
138.523
122.146
106.885
93.0629
80.9694
70.8777
62.9338
15.5173
-10.4213
-39.5782
-70.0428
-99.5982
-130.14
-160.371
-189.492
-217.836
-244.974
-270.819
-295.518
-318.958
-341.146
-362.041
-381.506
-399.362
-415.378
-429.256
-440.767
-449.489
-455.109
-457.366
-456.092
-451.203
-442.455
-429.481
-412.068
-390.18
-363.954
-333.766
-300.22
-264.273
-226.997
-190.145
-154.236
-122.124
-88.0084
-59.6617
40.123
63.9073
90.1478
117.965
144.658
170.915
195.831
217.649
235.8
250.681
262.492
271.541
278.406
283.512
287.173
289.639
291.052
291.47
290.884
289.216
286.333
282.047
276.108
268.29
258.6
247.247
234.406
220.244
204.986
188.918
172.372
155.706
139.283
123.465
108.593
94.9862
82.9359
72.6839
64.4144
14.7984
-9.85081
-37.5467
-66.4532
-94.451
-123.35
-151.913
-179.376
-206.065
-231.571
-255.822
-278.961
-300.89
-321.628
-341.144
-359.324
-376.015
-391.012
-404.049
-414.928
-423.275
-428.802
-431.276
-430.541
-426.529
-419.017
-407.647
-392.183
-372.547
-348.816
-321.282
-290.446
-257.125
-222.251
-187.324
-152.846
-121.144
-87.606
-58.5622
38.2007
60.8235
85.8083
112.311
137.755
162.808
186.598
207.433
224.767
238.985
250.278
258.939
265.527
270.455
274.026
276.486
277.981
278.571
278.26
276.981
274.615
270.984
265.853
258.991
250.379
240.189
228.563
215.629
201.575
186.649
171.146
155.393
139.735
124.519
110.08
96.7341
84.7681
74.3989
65.8486
14.086
-9.3421
-35.6541
-63.0862
-89.613
-116.965
-143.956
-169.862
-194.997
-218.977
-241.733
-263.414
-283.93
-303.308
-321.53
-338.5
-354.087
-368.11
-380.329
-390.576
-398.519
-403.897
-406.5
-406.191
-402.914
-396.47
-386.517
-372.805
-355.225
-333.799
-308.747
-280.472
-249.662
-217.118
-184.102
-151.097
-119.992
-87.1762
-57.7501
36.3473
57.8699
81.6623
106.915
131.173
155.078
177.793
197.69
214.244
227.827
238.619
246.905
253.223
257.97
261.443
263.881
265.431
266.159
266.076
265.128
263.207
260.152
255.738
249.736
242.108
232.993
222.502
210.734
197.84
184.031
169.566
154.741
139.875
125.298
111.336
98.2934
86.4539
76.0137
67.2321
13.3905
-8.87971
-33.8802
-59.9164
-85.0548
-110.944
-136.455
-160.898
-184.574
-207.12
-228.479
-248.793
-267.987
-286.091
-303.1
-318.932
-333.474
-346.568
-358.002
-367.623
-375.145
-380.332
-382.992
-383.01
-380.346
-374.822
-366.114
-353.971
-338.254
-318.95
-296.205
-270.342
-241.922
-211.625
-180.504
-149.008
-118.666
-86.704
-57.2234
34.568
55.0475
77.7061
101.77
124.9
147.71
169.399
188.4
204.207
217.181
227.494
235.418
241.471
246.037
249.404
251.808
253.392
254.229
254.334
253.665
252.129
249.576
245.795
240.565
233.829
225.701
216.267
205.598
193.813
181.088
167.647
153.753
139.699
125.793
112.344
99.6473
87.977
77.5131
68.55
12.7183
-8.4533
-32.2084
-56.922
-80.7459
-105.255
-129.369
-152.432
-174.737
-195.939
-215.988
-235.023
-252.98
-269.894
-285.765
-300.528
-314.083
-326.296
-336.975
-345.984
-353.077
-358.039
-360.701
-360.968
-358.81
-354.073
-346.457
-335.709
-321.679
-304.313
-283.706
-260.099
-233.945
-205.808
-176.558
-146.6
-117.17
-86.1788
-56.951
32.867
52.3552
73.9357
96.867
118.923
140.691
161.399
179.541
194.635
207.026
216.877
224.452
230.247
234.636
237.893
240.251
241.853
242.771
243.032
242.599
241.392
239.275
236.053
231.511
225.582
218.356
209.9
200.26
189.528
177.847
165.407
152.44
139.209
125.998
113.097
100.785
89.3276
78.8887
69.7962
12.0755
-8.05182
-30.6253
-54.0839
-76.6646
-99.8684
-122.663
-144.428
-165.442
-185.38
-204.201
-222.039
-238.837
-254.636
-269.443
-283.202
-295.83
-307.207
-317.165
-325.58
-332.243
-336.958
-339.578
-340.024
-338.283
-334.22
-327.555
-318.047
-305.532
-289.933
-271.294
-249.79
-225.773
-199.706
-172.293
-143.898
-115.506
-85.5889
-56.8782
31.246
49.7924
70.345
92.1996
113.233
134.005
153.774
171.097
185.508
197.339
206.748
213.985
219.531
223.744
226.889
229.194
230.799
231.779
232.165
231.93
231.004
229.266
226.534
222.604
217.402
210.997
203.439
194.757
185.018
174.334
162.866
150.814
138.409
125.91
113.585
101.695
90.4912
80.1259
70.9558
11.4666
-7.66949
-29.119
-51.3871
-72.7893
-94.7593
-116.308
-136.848
-156.648
-175.399
-193.066
-209.782
-225.497
-240.252
-254.062
-266.88
-278.634
-289.222
-298.494
-306.338
-312.575
-317.029
-319.573
-320.145
-318.74
-315.249
-309.414
-301.002
-289.844
-275.846
-259.013
-239.46
-217.454
-193.361
-167.746
-140.926
-113.684
-84.9285
-56.9445
29.7061
47.3559
66.9304
87.7581
107.817
127.638
146.51
163.049
176.805
188.101
197.085
203.998
209.302
213.342
216.376
218.62
220.217
221.241
221.727
221.657
220.971
219.56
217.257
213.869
209.319
203.658
196.923
189.127
180.318
170.581
160.049
148.89
137.308
125.531
113.805
102.369
91.4602
81.2167
72.0228
10.8936
-7.29863
-27.6807
-48.8178
-69.104
-89.9042
-110.276
-129.661
-148.317
-165.952
-182.537
-198.201
-212.899
-226.678
-239.555
-251.491
-262.426
-272.269
-280.891
-288.186
-294.007
-298.192
-300.636
-301.287
-300.155
-297.149
-292.033
-284.587
-274.642
-262.09
-246.906
-229.155
-209.031
-186.815
-162.952
-137.711
-111.709
-84.1897
-57.1037
28.2472
45.0441
63.6854
83.5358
102.664
121.576
139.59
155.378
168.509
179.291
187.869
194.47
199.54
203.412
206.332
208.513
210.091
211.145
211.71
211.778
211.294
210.165
208.237
205.328
201.359
196.37
190.385
183.405
175.461
166.618
156.98
146.688
135.915
124.864
113.754
102.801
92.2234
82.1489
72.9822
10.3586
-6.93618
-26.3024
-46.3653
-65.5919
-85.2862
-104.544
-122.839
-140.417
-157.002
-172.571
-187.248
-200.995
-213.86
-225.863
-236.974
-247.14
-256.283
-264.289
-271.063
-276.478
-280.393
-282.716
-283.411
-282.498
-279.901
-275.407
-268.81
-259.945
-248.695
-235.013
-218.921
-200.552
-180.115
-157.949
-134.28
-109.589
-83.368
-57.3187
26.8689
42.853
60.6057
79.5227
97.7634
115.807
133
148.069
160.601
170.892
179.079
185.381
190.227
193.934
196.741
198.855
200.408
201.478
202.105
202.285
201.973
201.086
199.484
196.998
193.546
189.16
183.855
177.624
170.482
162.474
153.685
144.227
134.247
123.918
113.434
102.987
92.7764
82.9157
73.8287
9.86274
-6.57702
-24.9776
-44.019
-62.242
-80.8861
-99.0914
-116.356
-132.917
-148.515
-163.129
-176.882
-189.738
-201.747
-212.933
-223.271
-232.717
-241.203
-248.627
-254.905
-259.932
-263.577
-265.768
-266.478
-265.736
-263.484
-259.528
-253.676
-245.769
-235.689
-223.368
-208.8
-192.062
-173.304
-152.777
-130.663
-107.332
-82.4577
-57.5582
25.5689
40.7795
57.6835
75.7111
93.1033
110.316
126.723
141.105
153.065
162.885
170.698
176.712
181.341
184.889
187.585
189.629
191.151
192.227
192.901
193.172
193.006
192.325
191.005
188.891
185.899
182.053
177.363
171.814
165.41
158.182
150.191
141.53
132.319
122.703
112.849
102.926
93.1129
83.508
74.5483
9.40614
-6.22055
-23.7006
-41.7711
-59.0409
-76.6905
-93.899
-110.191
-125.794
-140.462
-154.179
-167.064
-179.085
-190.294
-200.716
-210.33
-219.102
-226.972
-233.85
-239.659
-244.311
-247.693
-249.743
-250.446
-249.839
-247.877
-244.384
-239.184
-232.128
-223.095
-212.006
-198.831
-183.606
-166.427
-147.474
-126.887
-104.949
-81.4567
-57.7928
24.3461
38.8189
54.9146
72.0914
88.6738
105.092
120.748
134.472
145.883
155.253
162.707
168.446
172.866
176.259
178.846
180.82
182.305
183.38
184.088
184.433
184.386
183.882
182.808
181.017
178.432
175.069
170.932
166.003
160.276
153.769
146.528
138.623
130.15
121.232
112.008
102.623
93.2323
83.9218
75.137
8.98848
-5.86296
-22.4678
-39.6146
-55.9801
-72.6855
-88.9504
-104.323
-119.022
-132.815
-145.689
-157.759
-168.998
-179.458
-189.166
-198.105
-206.247
-213.538
-219.903
-225.27
-229.566
-232.692
-234.597
-235.277
-234.773
-233.053
-229.96
-225.332
-219.028
-210.932
-200.956
-189.052
-175.223
-159.526
-142.078
-122.982
-102.451
-80.3627
-57.9957
23.1978
36.9679
52.2915
68.6573
84.4648
100.124
115.06
128.154
139.041
147.979
155.089
160.565
164.783
168.027
170.508
172.41
173.856
174.922
175.652
176.056
176.11
175.756
174.892
173.385
171.159
168.225
164.586
160.217
155.107
149.265
142.721
135.529
127.763
119.521
110.92
102.079
93.1329
84.151
75.5827
8.60892
-5.50458
-21.2752
-37.5435
-53.0496
-68.861
-84.2315
-98.7357
-112.581
-125.55
-137.632
-148.937
-159.444
-169.203
-178.243
-186.55
-194.103
-200.855
-206.739
-211.69
-215.649
-218.528
-220.288
-220.931
-220.506
-218.989
-216.241
-212.112
-206.475
-199.214
-190.242
-179.495
-166.955
-152.641
-136.626
-118.977
-99.8496
-79.1753
-58.1425
22.122
35.2213
49.8095
65.3992
80.4668
95.3995
109.647
122.138
132.522
141.047
147.829
153.052
157.077
160.177
162.553
164.383
165.787
166.839
167.584
168.033
168.169
167.942
167.259
166
164.09
161.537
158.342
154.477
149.929
144.696
138.799
132.274
125.178
117.589
109.599
101.304
92.8187
84.1955
75.884
8.26646
-5.14318
-20.12
-35.5525
-50.2431
-65.205
-79.7287
-93.4122
-106.452
-118.644
-129.981
-140.569
-150.39
-159.493
-167.909
-175.627
-182.63
-188.878
-194.312
-198.873
-202.514
-205.157
-206.773
-207.371
-207.005
-205.658
-203.208
-199.516
-194.468
-187.953
-179.884
-170.19
-158.834
-145.81
-131.152
-114.9
-97.159
-77.8941
-58.2152
21.1156
33.5757
47.4606
62.3104
76.6699
90.9076
104.497
116.411
126.314
134.444
140.91
145.891
149.731
152.691
154.966
156.725
158.085
159.118
159.87
160.353
160.556
160.435
159.908
158.863
157.231
155.016
152.216
148.805
144.765
140.089
134.786
128.883
122.42
115.454
108.059
100.307
92.2934
84.0534
76.0311
7.95997
-4.77987
-18.9995
-33.6373
-47.5519
-61.7096
-75.4314
-88.3379
-100.618
-112.078
-122.715
-132.63
-141.807
-150.297
-158.129
-165.298
-171.788
-177.566
-182.579
-186.777
-190.119
-192.538
-194.014
-194.561
-194.237
-193.033
-190.84
-187.533
-183.005
-177.157
-169.9
-161.163
-150.892
-139.066
-125.689
-110.776
-94.3927
-76.5209
-58.1969
20.1757
32.0262
45.2406
59.3825
73.0657
86.6388
99.597
110.958
120.401
128.153
134.318
139.066
142.729
145.555
147.73
149.42
150.735
151.745
152.497
153.006
153.263
153.23
152.836
151.977
150.588
148.671
146.223
143.218
139.636
135.465
130.709
125.382
119.511
113.138
106.317
99.1019
91.5652
83.7282
76.0267
7.68788
-4.41304
-17.9124
-31.7935
-44.9724
-58.3652
-71.3273
-83.4997
-95.0619
-105.833
-115.811
-125.094
-133.669
-141.585
-148.873
-155.528
-161.541
-166.881
-171.503
-175.361
-178.422
-180.63
-181.971
-182.466
-182.171
-181.088
-179.118
-176.148
-172.082
-166.828
-160.304
-152.433
-143.158
-132.442
-120.268
-106.63
-91.5646
-75.0577
-58.0753
19.2996
30.5685
43.1426
56.6085
69.6445
82.5816
94.9363
105.769
114.772
122.161
128.038
132.563
136.055
138.753
140.832
142.453
143.721
144.706
145.453
145.979
146.279
146.321
146.04
145.342
144.165
142.51
140.373
137.731
134.561
130.848
126.59
121.794
116.476
110.663
104.392
97.7008
90.6424
83.2228
75.8641
7.44841
-4.04402
-16.8566
-30.018
-42.4972
-55.1652
-67.4075
-78.8851
-89.7705
-99.8924
-109.251
-117.94
-125.951
-133.331
-140.111
-146.288
-151.856
-156.788
-161.046
-164.587
-167.388
-169.398
-170.61
-171.05
-170.777
-169.796
-168.02
-165.347
-161.691
-156.969
-151.102
-144.017
-135.653
-125.962
-114.914
-102.486
-88.6887
-73.508
-57.8401
18.4843
29.1981
41.1613
53.9809
66.3985
78.7275
90.5042
100.831
109.412
116.455
122.056
126.368
129.697
132.27
134.257
135.81
137.032
137.989
138.726
139.263
139.596
139.699
139.513
138.953
137.962
136.537
134.677
132.357
129.555
126.256
122.452
118.143
113.337
108.049
102.303
96.1204
89.5367
82.5436
75.5493
7.23992
-3.67212
-15.8311
-28.3074
-40.1226
-52.1017
-63.6623
-74.4836
-84.7296
-94.2394
-103.015
-111.148
-118.631
-125.509
-131.814
-137.546
-142.7
-147.254
-151.173
-154.421
-156.979
-158.805
-159.895
-160.281
-160.023
-159.13
-157.523
-155.113
-151.822
-147.576
-142.301
-135.929
-128.395
-119.65
-109.65
-98.3632
-85.7775
-71.8759
-57.4849
17.7262
27.9106
39.2902
51.493
63.3187
75.0656
86.2897
96.1326
104.311
111.022
116.359
120.468
123.639
126.093
127.99
129.477
130.652
131.58
132.305
132.847
133.205
133.356
133.251
132.81
131.979
130.757
129.14
127.107
124.635
121.707
118.314
114.451
110.117
105.32
100.071
94.3775
88.2605
81.6984
75.0801
7.06026
-3.29895
-14.8349
-26.6593
-37.8428
-49.1699
-60.0841
-70.2842
-79.9266
-88.8601
-97.0884
-104.699
-111.687
-118.097
-123.959
-129.276
-134.045
-138.247
-141.853
-144.83
-147.163
-148.817
-149.795
-150.128
-149.88
-149.063
-147.606
-145.429
-142.464
-138.643
-133.903
-128.175
-121.4
-113.524
-104.498
-94.2804
-82.8446
-70.1663
-57.0051
17.0225
26.7016
37.5243
49.1369
60.3971
71.5877
82.2826
91.6627
99.4553
105.85
110.934
114.848
117.87
120.208
122.019
123.441
124.57
125.467
126.176
126.718
127.094
127.286
127.248
126.909
126.217
125.172
123.769
121.989
119.811
117.217
114.195
110.737
106.838
102.497
97.7152
92.49
86.8281
80.6962
74.4653
6.90752
-2.92438
-13.867
-25.0712
-35.6553
-46.3623
-56.6648
-66.2781
-75.3503
-83.7407
-91.4544
-98.5754
-105.1
-111.072
-116.522
-121.453
-125.864
-129.74
-133.056
-135.781
-137.907
-139.402
-140.275
-140.561
-140.32
-139.568
-138.244
-136.275
-133.602
-130.164
-125.905
-120.762
-114.678
-107.599
-99.4734
-90.2538
-79.9013
-68.3852
-56.3987
16.3696
25.5666
35.8571
46.9063
57.6257
68.284
78.4732
87.4104
94.8343
100.926
105.769
109.496
112.374
114.603
116.33
117.69
118.772
119.638
120.329
120.868
121.256
121.478
121.496
121.244
120.673
119.782
118.568
117.012
115.095
112.799
110.112
107.021
103.52
99.6007
95.2568
90.4763
85.2546
79.5483
73.7064
6.77939
-2.55023
-12.9272
-23.5411
-33.555
-43.6746
-53.3974
-62.455
-70.9897
-78.8686
-86.0984
-92.76
-98.8504
-104.414
-109.479
-114.051
-118.131
-121.705
-124.752
-127.245
-129.181
-130.531
-131.308
-131.548
-131.313
-130.62
-129.415
-127.632
-125.221
-122.128
-118.303
-113.689
-108.234
-101.885
-94.5893
-86.2966
-76.9585
-66.5386
-55.6659
15.7644
24.5011
34.2838
44.7945
54.9969
65.1466
74.8518
83.3655
90.4371
96.2394
100.851
104.4
107.142
109.265
110.912
112.21
113.247
114.081
114.753
115.284
115.679
115.926
115.989
115.811
115.344
114.588
113.539
112.181
110.496
108.466
106.079
103.321
100.183
96.6513
92.7151
88.3548
83.556
78.2665
72.8157
6.67371
-2.17671
-12.0151
-22.0674
-31.54
-41.1011
-50.2746
-58.8075
-66.8344
-74.2317
-81.0067
-87.2371
-92.9217
-98.1032
-102.81
-107.049
-110.821
-114.115
-116.914
-119.195
-120.956
-122.173
-122.863
-123.063
-122.833
-122.193
-121.094
-119.479
-117.304
-114.522
-111.089
-106.955
-102.071
-96.389
-89.8558
-82.4196
-74.0259
-64.6331
-54.8089
15.2035
23.5013
32.7991
42.7955
52.5034
62.1669
71.4092
79.5182
86.2532
91.7788
96.1702
99.5493
102.159
104.181
105.751
106.99
107.983
108.784
109.435
109.957
110.355
110.62
110.72
110.604
110.227
109.588
108.684
107.501
106.02
104.227
102.109
99.6521
96.843
93.6677
90.1096
86.1438
81.7483
76.8639
71.7973
6.58839
-1.80576
-11.1306
-20.6485
-29.6063
-38.6382
-47.291
-55.3271
-62.8752
-69.8186
-76.1663
-81.9925
-87.2976
-92.1225
-96.4959
-100.424
-103.911
-106.948
-109.519
-111.604
-113.204
-114.301
-114.912
-115.076
-114.852
-114.26
-113.258
-111.796
-109.834
-107.333
-104.255
-100.555
-96.1907
-91.1155
-85.2797
-78.6315
-71.1121
-62.6756
-53.8318
14.6842
22.563
31.3984
40.9035
50.1392
59.3377
68.1372
75.8593
82.2725
87.5337
91.7147
94.9314
97.4158
99.3414
100.837
102.019
102.968
103.738
104.367
104.876
105.274
105.551
105.683
105.618
105.318
104.78
104.003
102.973
101.675
100.093
98.2151
96.0282
93.5176
90.6676
87.4583
83.8611
79.8477
75.3534
70.6655
6.52158
-1.43748
-10.2739
-19.2832
-27.7522
-36.281
-44.4407
-52.0074
-59.1027
-65.6186
-71.5646
-77.0117
-81.9619
-86.4543
-90.5171
-94.1577
-97.3807
-100.179
-102.54
-104.446
-105.9
-106.888
-107.428
-107.561
-107.344
-106.797
-105.884
-104.56
-102.791
-100.545
-97.7876
-94.4819
-90.5879
-86.0648
-80.8655
-74.9389
-68.2245
-60.673
-52.74
14.2036
21.683
30.0773
39.1134
47.8975
56.6518
65.028
72.38
78.4855
83.4941
87.4742
90.536
92.9008
94.734
96.1582
97.2855
98.1922
98.9297
99.5362
100.033
100.427
100.713
100.868
100.847
100.613
100.163
99.4969
98.6017
97.4636
96.069
94.4061
92.4615
90.221
87.6671
84.7786
81.524
77.8707
73.7499
69.427
6.47149
-1.07347
-9.4444
-17.97
-25.9743
-34.0265
-41.7188
-48.8407
-55.5092
-61.6222
-67.1905
-72.2821
-76.8999
-81.082
-84.8561
-88.2297
-91.2083
-93.787
-95.9551
-97.6974
-99.0189
-99.908
-100.386
-100.492
-100.282
-99.7781
-98.9464
-97.7486
-96.1561
-94.141
-91.6747
-88.725
-85.2575
-81.2352
-76.6144
-71.3462
-65.3691
-58.6321
-51.5404
13.7593
20.858
28.8319
37.4203
45.7731
54.1027
62.0739
69.072
74.8834
79.6506
83.439
86.3531
88.6037
90.3487
91.7048
92.779
93.6445
94.3505
94.934
95.416
95.8044
96.0953
96.269
96.2847
96.1075
95.7337
95.1637
94.3869
93.3904
92.1621
90.6905
88.9634
86.966
84.6813
82.0863
79.1488
75.8324
72.0661
68.0965
6.43677
-0.713748
-8.64203
-16.7077
-24.271
-31.8702
-39.1198
-45.8216
-52.0865
-57.8197
-63.0329
-67.791
-72.0979
-75.9905
-79.4956
-82.6216
-85.3744
-87.7507
-89.7417
-91.3347
-92.5359
-93.3369
-93.7594
-93.843
-93.6424
-93.1789
-92.4228
-91.3409
-89.909
-88.1035
-85.9007
-83.2734
-80.1916
-76.6225
-72.526
-67.856
-62.5513
-56.5597
-50.2404
13.3491
20.0849
27.658
35.8192
43.7597
51.6836
59.2674
65.9275
71.4575
75.9943
79.5996
82.3729
84.5147
86.1754
87.4663
88.4895
89.3152
89.9903
90.5508
91.0171
91.3981
91.691
91.8786
91.9245
91.7955
91.4877
91.002
90.3292
89.4576
88.3765
87.0754
85.5427
83.7644
81.723
79.3963
76.7506
73.7483
70.3168
66.6829
6.41581
-0.359461
-7.8663
-15.4949
-22.639
-29.8092
-36.639
-42.943
-48.8271
-54.2025
-59.0817
-63.5268
-67.5427
-71.165
-74.4199
-77.3161
-79.8602
-82.05
-83.8787
-85.3357
-86.4283
-87.1503
-87.5248
-87.5905
-87.4003
-86.9753
-86.2896
-85.3141
-84.0288
-82.4141
-80.4502
-78.1144
-75.3809
-72.221
-68.5982
-64.4695
-59.7749
-54.4622
-48.8481
12.9706
19.3606
26.5518
34.305
41.8519
49.3883
56.6015
62.9384
68.1995
72.5161
75.9471
78.586
80.6241
82.2045
83.4331
84.4075
85.1947
85.8397
86.3772
86.8273
87.1994
87.4916
87.6898
87.7604
87.6722
87.4215
87.0095
86.4278
85.6664
84.7157
83.5663
82.2073
80.6256
78.8045
76.7214
74.3437
71.6322
68.5142
65.1995
6.40725
-0.010713
-7.11699
-14.33
-21.0766
-27.8392
-34.2717
-40.1997
-45.7239
-50.7619
-55.3269
-59.4783
-63.2217
-66.5917
-69.6136
-72.2965
-74.6475
-76.6658
-78.3457
-79.6791
-80.6735
-81.3255
-81.6584
-81.71
-81.5315
-81.1437
-80.5237
-79.6463
-78.4949
-77.0537
-75.3062
-73.2339
-70.8146
-68.0233
-64.8273
-61.1866
-57.0434
-52.3456
-47.372
12.6214
18.6817
25.5089
32.8729
40.0434
47.2098
54.0689
60.0971
65.101
69.2077
72.4727
74.9839
76.9231
78.4269
79.596
80.5237
81.2738
81.8896
82.4044
82.838
83.1999
83.4898
83.6951
83.7858
83.7324
83.5311
83.1831
82.6816
82.0174
81.1821
80.1675
78.9636
77.5583
75.9354
74.0738
71.9408
69.4975
66.672
63.6568
6.40934
0.33122
-6.39376
-13.2119
-19.5807
-25.9573
-32.0132
-37.5854
-42.7699
-47.4898
-51.7591
-55.6347
-59.1229
-62.2572
-65.062
-67.5469
-69.7195
-71.5796
-73.1233
-74.344
-75.2503
-75.8403
-76.1374
-76.1786
-76.0129
-75.6607
-75.1023
-74.3154
-73.2866
-72.0032
-70.4518
-68.6172
-66.4808
-64.021
-61.2083
-58.0059
-54.3588
-50.2155
-45.8209
12.2992
18.0451
24.5253
31.5174
38.3287
45.1421
51.6625
57.3958
62.1542
66.061
69.1682
71.5578
73.403
74.8337
75.9462
76.8293
77.5439
78.1315
78.6241
79.0411
79.3922
79.6779
79.8879
79.9947
79.9706
79.8118
79.5198
79.0885
78.5101
77.7771
76.8823
75.8169
74.5694
73.1253
71.4637
69.5536
67.3561
64.8015
62.0669
6.42038
0.665953
-5.69664
-12.1396
-18.1501
-24.16
-29.8593
-35.095
-39.9583
-44.3782
-48.3691
-51.9856
-55.2347
-58.1487
-60.7514
-63.0523
-65.0596
-66.774
-68.193
-69.3113
-70.138
-70.6731
-70.9396
-70.9736
-70.8218
-70.504
-70.0029
-69.2996
-68.383
-67.2432
-65.8694
-64.2491
-62.367
-60.2045
-57.7352
-54.9253
-51.7226
-48.0773
-44.2035
12.0012
17.4472
23.5966
30.2341
36.7023
43.1785
49.3752
54.8275
59.351
63.0679
66.0254
68.2997
70.0553
71.4166
72.4752
73.3158
73.9965
74.557
75.0281
75.4287
75.7685
76.0489
76.2613
76.3808
76.3814
76.2592
76.0158
75.6461
75.1434
74.501
73.7128
72.7708
71.6648
70.3809
68.9
67.1919
65.2194
62.9148
60.4404
6.43851
0.991959
-5.02563
-11.1121
-16.7821
-22.4448
-27.806
-32.7228
-37.2826
-41.4194
-45.1482
-48.5212
-51.5459
-54.254
-56.668
-58.7981
-60.6522
-62.2323
-63.5368
-64.5619
-65.317
-65.8036
-66.0442
-66.0736
-65.9364
-65.6518
-65.2043
-64.5779
-63.764
-62.7545
-61.5413
-60.1142
-58.4603
-56.5638
-54.4012
-51.9417
-49.1357
-45.9356
-42.5285
11.725
16.8853
22.7197
29.0184
35.1593
41.3139
47.2008
52.385
56.6842
60.2208
63.0368
65.2015
66.8721
68.1675
69.1749
69.975
70.6235
71.1581
71.6085
71.993
72.3213
72.5957
72.8089
72.9383
72.9596
72.8686
72.6674
72.3518
71.9156
71.3535
70.6599
69.8279
68.8483
67.7084
66.39
64.8651
63.0972
61.022
58.7886
6.46214
1.30851
-4.38127
-10.129
-15.4761
-20.8087
-25.8495
-30.4647
-34.7372
-38.6065
-42.0879
-45.2316
-48.0459
-50.5611
-52.7991
-54.77
-56.4822
-57.9382
-59.1377
-60.0777
-60.7683
-61.2119
-61.4307
-61.4577
-61.3357
-61.0826
-60.6852
-60.1296
-59.4094
-58.5183
-57.4501
-56.1965
-54.7471
-53.0882
-51.199
-49.0511
-46.5983
-43.7948
-40.8046
11.4684
16.3566
21.8913
27.8669
33.6957
39.5434
45.1339
50.0623
54.1462
57.5122
60.1945
62.2554
63.8453
65.0783
66.0373
66.7991
67.4169
67.927
68.3576
68.7265
69.0436
69.3114
69.5241
69.6612
69.6998
69.6357
69.4711
69.2025
68.8249
68.3336
67.724
66.99
66.1233
65.1123
63.9403
62.5805
60.9989
59.1332
57.1206
6.48983
1.61439
-3.76373
-9.1898
-14.2299
-19.25
-23.9867
-28.3159
-32.3164
-35.9326
-39.1804
-42.1077
-44.724
-47.0586
-49.1321
-50.9545
-52.5349
-53.8763
-54.979
-55.8415
-56.4737
-56.8792
-57.0795
-57.1061
-56.9992
-56.7763
-56.4255
-55.9351
-55.3002
-54.5164
-53.5787
-52.4808
-51.2141
-49.767
-48.1208
-46.2497
-44.1103
-41.6593
-39.0398
11.2298
15.8591
21.109
26.7763
32.3076
37.8622
43.1685
47.8531
51.7305
54.9355
57.4919
59.454
60.9673
62.1414
63.0548
63.7805
64.3694
64.8561
65.2679
65.6219
65.9279
66.189
66.4004
66.5436
66.5967
66.5558
66.4228
66.1954
65.8692
65.4404
64.9051
64.2582
63.4922
62.5965
61.5558
60.3451
58.9315
57.2566
55.4461
6.52071
1.90956
-3.17311
-8.29362
-13.0428
-17.7659
-22.2142
-26.2725
-30.0148
-33.3915
-36.4181
-39.1409
-41.5709
-43.736
-45.6552
-47.3387
-48.7961
-50.0312
-51.0449
-51.8364
-52.4159
-52.7876
-52.972
-52.9995
-52.9077
-52.7132
-52.4054
-51.9746
-51.4172
-50.7304
-49.9102
-48.9518
-47.8482
-46.5893
-45.1588
-43.5328
-41.6709
-39.5322
-37.2416
11.0077
15.3911
20.3705
25.7436
30.9913
36.2653
41.2986
45.7509
49.4298
52.4846
54.9226
56.7905
58.231
59.3497
60.2202
60.912
61.4736
61.9383
62.3322
62.6721
62.9674
63.2218
63.4314
63.5793
63.6449
63.6241
63.5189
63.3274
63.0462
62.6724
62.2029
61.6331
60.9567
60.164
59.2408
58.1636
56.9022
55.3995
53.773
6.55397
2.19348
-2.60902
-7.43989
-11.913
-16.3545
-20.529
-24.3303
-27.8272
-30.977
-33.7935
-36.3225
-38.5776
-40.5836
-42.3576
-43.9104
-45.2526
-46.3887
-47.3199
-48.0461
-48.5776
-48.9192
-49.0903
-49.1197
-49.0427
-48.8748
-48.6067
-48.2302
-47.7433
-47.1438
-46.4292
-45.5955
-44.637
-43.5453
-42.3057
-40.8963
-39.2797
-37.4169
-35.4174
10.8011
14.9514
19.6746
24.7669
29.7448
34.7497
39.5198
43.7495
47.2352
50.1517
52.4795
54.2574
55.6292
56.6962
57.527
58.1872
58.7232
59.1672
59.5443
59.8706
60.1557
60.4035
60.611
60.7628
60.8393
60.836
60.7551
60.5951
60.3535
60.0281
59.6164
59.1149
58.5178
57.8167
56.9983
56.041
54.9157
53.5689
52.1083
6.58874
2.46517
-2.07241
-6.62923
-10.8407
-15.0154
-18.9297
-22.4869
-25.7496
-28.6846
-31.2988
-33.6427
-35.734
-37.5914
-39.2282
-40.6575
-41.8917
-42.9353
-43.7898
-44.4555
-44.9428
-45.2569
-45.4164
-45.4482
-45.3853
-45.2422
-45.0106
-44.6836
-44.2603
-43.7396
-43.1195
-42.3971
-41.5677
-40.6241
-39.5533
-38.3351
-36.9347
-35.3154
-33.573
10.6087
14.5386
19.0193
23.8447
28.567
33.3145
37.8325
41.8473
45.1357
47.9254
50.1526
51.8452
53.1524
54.1721
54.9668
55.5982
56.111
56.5361
56.8977
57.2116
57.4871
57.7285
57.9339
58.0891
58.1751
58.1875
58.1281
57.996
57.7892
57.5062
57.1453
56.7038
56.1768
55.5567
54.8316
53.981
52.9777
51.7709
50.4596
6.62345
2.72373
-1.56331
-5.86123
-9.82499
-13.748
-17.415
-20.7407
-23.7795
-26.5125
-28.9283
-31.0917
-33.0296
-34.7478
-36.2542
-37.5662
-38.6989
-39.6565
-40.4397
-41.0498
-41.4967
-41.7861
-41.9357
-41.9702
-41.9209
-41.8007
-41.6024
-41.3203
-40.9543
-40.5043
-39.9688
-39.3455
-38.6307
-37.8182
-36.8963
-35.8465
-34.6365
-33.2317
-31.7164
10.4283
14.1495
18.4007
22.9716
27.4519
31.9538
36.234
40.0435
43.1291
45.8026
47.9367
49.5473
50.7932
51.7691
52.5305
53.1355
53.6275
54.036
54.3841
54.6871
54.9541
55.19
55.3935
55.5517
55.6464
55.6731
55.6333
55.5261
55.3502
55.1047
54.7885
54.3996
53.9342
53.3856
52.743
51.9874
51.093
50.0116
48.8343
6.6581
2.97151
-1.07747
-5.1297
-8.85912
-12.543
-15.9769
-19.0845
-21.9109
-24.452
-26.6754
-28.6699
-30.4665
-32.0512
-33.4297
-34.6281
-35.664
-36.5395
-37.2547
-37.812
-38.2211
-38.4876
-38.6281
-38.6654
-38.6285
-38.5293
-38.3613
-38.12
-37.8058
-37.4196
-36.9596
-36.4247
-35.8117
-35.1154
-34.3248
-33.4237
-32.3813
-31.1657
-29.8496
10.2582
13.7808
17.81
22.1352
26.3822
30.645
34.7
38.3166
41.2283
43.8051
45.8446
47.3695
48.5555
49.4891
50.2178
50.7972
51.2697
51.663
51.9992
52.2927
52.5525
52.7837
52.9859
53.147
53.2497
53.2894
53.2672
53.1826
53.0343
52.8218
52.5448
52.2016
51.7898
51.3035
50.7335
50.0617
49.2642
48.2946
47.237
6.69324
3.20898
-0.611809
-4.43017
-7.93527
-11.3909
-14.6013
-17.5031
-20.1282
-22.4869
-24.5178
-26.3735
-28.0543
-29.5063
-30.7533
-31.8407
-32.7846
-33.5812
-34.2302
-34.7367
-35.1098
-35.3546
-35.4866
-35.5268
-35.5015
-35.4214
-35.281
-35.0762
-34.8087
-34.4795
-34.0872
-33.6303
-33.1076
-32.5135
-31.8386
-31.0675
-30.1727
-29.1231
-27.9848
10.0988
13.4314
17.2459
21.3298
25.3486
29.3707
33.2048
36.6232
39.4055
41.9375
43.8812
45.3094
46.4369
47.3326
48.0304
48.5854
49.0399
49.4202
49.7466
50.0326
50.287
50.5146
50.7158
50.8799
50.9903
51.0422
51.0365
50.9728
50.8495
50.6669
50.4241
50.1212
49.7553
49.3229
48.8149
48.2161
47.5031
46.633
45.683
6.72087
3.39395
-0.250295
-3.87102
-7.1758
-10.4101
-13.3739
-16.0241
-18.3626
-20.4698
-22.1396
-23.9589
-25.683
-27.0999
-28.2937
-29.3503
-30.2778
-31.0612
-31.6989
-32.1993
-32.5689
-32.815
-32.9529
-33.0033
-32.9914
-32.9281
-32.8097
-32.6316
-32.3982
-32.1114
-31.7614
-31.3575
-30.8972
-30.3742
-29.7796
-29.0992
-28.3075
-27.3758
-26.3604
9.97659
13.1566
16.8062
20.6751
24.4815
28.2371
31.7743
34.8279
37.3114
40.0565
42.0373
43.4345
44.5609
45.4675
46.1699
46.7261
47.1826
47.5666
47.8972
48.1879
48.4473
48.6808
48.8891
49.0625
49.1848
49.2504
49.2606
49.215
49.1125
48.9526
48.7355
48.4607
48.1268
47.7306
47.2649
46.7151
46.0604
45.2579
44.3832
6.74305
3.54626
0.053301
-3.3937
-6.51051
-9.52391
-12.2304
-14.5997
-16.6016
-18.4104
-19.6034
-21.4839
-23.3551
-24.7996
-25.9907
-27.0671
-28.0262
-28.8391
-29.5023
-30.0268
-30.4183
-30.6856
-30.8428
-30.9104
-30.9144
-30.8674
-30.7678
-30.6103
-30.4029
-30.1489
-29.8239
-29.4558
-29.0395
-28.5662
-28.0273
-27.4105
-26.6911
-25.8408
-24.9119
9.87379
12.9271
16.4272
20.0962
23.6888
27.1528
30.3419
32.9747
35.1061
38.1851
40.2967
41.7103
42.8686
43.8154
44.5459
45.1206
45.5922
45.9899
46.3332
46.636
46.9072
47.1525
47.3732
47.5601
47.6969
47.777
47.8021
47.7725
47.6873
47.5461
47.349
47.0955
46.7846
46.414
45.9773
45.4615
44.8468
44.091
43.2686
6.7627
3.69711
0.355739
-2.9177
-5.84875
-8.64443
-11.1028
-13.2032
-14.8919
-16.4195
-17.1711
-19.0751
-21.0615
-22.5222
-23.6971
-24.7775
-25.7566
-26.5906
-27.2736
-27.816
-28.2259
-28.5113
-28.6857
-28.7695
-28.789
-28.7579
-28.6775
-28.5405
-28.359
-28.1378
-27.8377
-27.5042
-27.1315
-26.7067
-26.2215
-25.6654
-25.0154
-24.2424
-23.3996
9.76647
12.693
16.0397
19.5098
22.8927
26.0644
28.9224
31.1675
32.9559
36.3075
38.5593
39.9905
41.1703
42.1515
42.9092
43.5013
43.9866
44.3969
44.7526
45.0674
45.3506
45.608
45.8417
46.0424
46.1933
46.2874
46.3268
46.3125
46.2442
46.122
45.9453
45.7138
45.4267
45.0817
44.6733
44.1898
43.6126
42.9008
42.1296
6.77897
3.84428
0.653979
-2.44831
-5.19691
-7.7806
-10.0021
-11.8449
-13.2467
-14.4984
-14.8633
-16.7453
-18.8
-20.2671
-21.4186
-22.4883
-23.4738
-24.3199
-25.0151
-25.57
-25.9942
-26.2947
-26.4846
-26.5833
-26.6174
-26.6014
-26.5392
-26.4214
-26.2648
-26.0746
-25.7977
-25.4967
-25.1653
-24.7861
-24.3518
-23.8531
-23.2688
-22.5687
-21.8045
9.65566
12.457
15.6489
18.9241
22.1028
24.9811
27.5276
29.4045
30.8668
34.4255
36.8221
38.2809
39.4763
40.4863
41.2683
41.8759
42.3728
42.7942
43.1612
43.488
43.7834
44.0537
44.3011
44.5165
44.6822
44.7903
44.8436
44.8438
44.7918
44.6876
44.5314
44.3222
44.0595
43.7402
43.3601
42.9075
42.366
41.6948
40.9708
6.79285
3.98687
0.945093
-1.99019
-4.56219
-6.94101
-8.93846
-10.5358
-11.6773
-12.6538
-12.6933
-14.5078
-16.5772
-18.0348
-19.1572
-20.2044
-21.1826
-22.0304
-22.7301
-23.2922
-23.7264
-24.0394
-24.2432
-24.3566
-24.4057
-24.4059
-24.3628
-24.2656
-24.1348
-23.9767
-23.7249
-23.4572
-23.1663
-22.8322
-22.447
-22.0032
-21.4811
-20.8524
-20.1724
9.54472
12.2241
15.2623
18.3495
21.329
23.9107
26.1664
27.6768
28.8275
32.5375
35.0754
36.5728
37.7871
38.8277
39.6355
40.2573
40.7621
41.1908
41.5666
41.9036
42.2111
42.4948
42.7568
42.9885
43.1708
43.2946
43.3625
43.3777
43.3417
43.2555
43.1193
42.9329
42.6947
42.4022
42.0505
41.6289
41.1214
40.4891
39.8075
6.80674
4.12478
1.2262
-1.54819
-3.95144
-6.13478
-7.92214
-9.28684
-10.1945
-10.8948
-10.6695
-12.374
-14.4009
-15.826
-16.9119
-17.9277
-18.886
-19.7239
-20.4201
-20.9839
-21.4238
-21.7455
-21.9595
-22.0838
-22.1434
-22.1552
-22.1267
-22.0454
-21.9353
-21.8035
-21.5725
-21.3336
-21.0791
-20.7861
-20.4471
-20.0554
-19.5918
-19.0258
-18.4018
9.43904
12.0016
14.8891
17.7969
20.5786
22.8577
24.842
25.9698
26.8162
30.6464
33.3187
34.8546
36.0854
37.1614
38.0065
38.6534
39.1711
39.6067
39.9879
40.3318
40.6483
40.9441
41.2212
41.4709
41.6723
41.8144
41.8991
41.9302
41.9101
41.8408
41.7236
41.5586
41.3445
41.0784
40.7555
40.3648
39.8903
39.2945
38.6484
6.82226
4.2559
1.49135
-1.13209
-3.37641
-5.37502
-6.96567
-8.11074
-8.808
-9.23008
-8.79828
-10.349
-12.2804
-13.6424
-14.6822
-15.6585
-16.5846
-17.4006
-18.0854
-18.6459
-19.0892
-19.4199
-19.6481
-19.7905
-19.8707
-19.9042
-19.9
-19.8452
-19.7664
-19.6711
-19.4708
-19.2678
-19.0546
-18.8056
-18.5127
-18.1711
-17.766
-17.274
-16.7569
9.34303
11.7951
14.536
17.2737
19.8494
21.8132
23.54
24.2479
24.7838
28.7487
31.5778
33.1561
34.3856
35.4724
36.3438
37.0204
37.5658
38.0232
38.4208
38.777
39.1053
39.4139
39.7073
39.9776
40.2037
40.3715
40.4809
40.5351
40.5364
40.4876
40.3907
40.2469
40.0554
39.8144
39.5183
39.1576
38.7146
38.1543
37.5338
6.83346
4.37224
1.72894
-0.756877
-2.85454
-4.68071
-6.08602
-7.02119
-7.52679
-7.6675
-7.08084
-8.44322
-10.2203
-11.4857
-12.4675
-13.3948
-14.2763
-15.0584
-15.721
-16.2678
-16.7031
-17.0292
-17.2536
-17.3901
-17.4641
-17.4945
-17.4918
-17.4411
-17.3715
-17.2897
-17.1014
-16.9185
-16.7338
-16.52
-16.269
-15.9755
-15.6204
-15.1675
-14.6367
9.25152
11.5985
14.1982
16.7744
19.1303
20.7712
22.2533
22.4691
22.647
26.7837
29.8428
31.5381
32.8078
33.8969
34.7457
35.3941
35.9219
36.3778
36.7847
37.1555
37.4998
37.8254
38.137
38.4278
38.6781
38.8742
39.0158
39.1046
39.1416
39.1285
39.0673
38.9589
38.8027
38.5962
38.3346
38.0081
37.6013
37.0867
36.5208
6.83014
4.46623
1.93335
-0.429386
-2.39535
-4.06579
-5.30005
-6.03918
-6.36994
-6.2251
-5.52021
-6.65982
-8.22352
-9.3642
-10.2723
-11.1348
-11.9583
-12.6989
-13.3397
-13.8816
-14.3271
-14.6787
-14.944
-15.1361
-15.2692
-15.3539
-15.4045
-15.4076
-15.3973
-15.3785
-15.244
-15.1127
-14.9789
-14.8133
-14.6082
-14.3625
-14.0731
-13.7342
-13.4424
9.1509
11.3969
13.8636
16.2916
18.424
19.7807
21.0499
20.6331
20.3337
24.6109
27.9069
29.7997
31.2649
32.5281
33.4764
34.1364
34.6148
34.9986
35.3384
35.6597
35.9747
36.2899
36.6071
36.913
37.1772
37.3832
37.5332
37.6312
37.6792
37.6795
37.6349
37.5474
37.4172
37.2421
37.0159
36.7261
36.3501
35.8566
35.284
6.8222
4.54604
2.11266
-0.140961
-1.99313
-3.5322
-4.62099
-5.19574
-5.37648
-4.93443
-4.12078
-4.99775
-6.30265
-7.29253
-8.10434
-8.87713
-9.61083
-10.27
-10.8401
-11.3192
-11.7054
-11.9933
-12.1814
-12.2786
-12.3211
-12.3403
-12.3427
-12.3065
-12.2598
-12.2067
-12.0488
-11.9108
-11.7857
-11.6452
-11.4802
-11.2827
-11.0232
-10.6393
-10.0732
9.05643
11.2147
13.5696
15.8674
17.7908
18.953
20.0111
18.7148
17.8719
22.267
25.6193
27.4904
29.022
30.5014
31.7703
32.7642
33.5143
34.0703
34.4906
34.8295
35.1298
35.4216
35.7268
36.0509
36.3692
36.6412
36.8474
36.9875
37.0655
37.0847
37.0493
36.9629
36.8302
36.6546
36.4367
36.1698
35.8314
35.3686
34.7387
6.85225
4.61956
2.24477
0.0672422
-1.69619
-3.12395
-4.07724
-4.50679
-4.53069
-3.76521
-2.86239
-3.46697
-4.47707
-5.27798
-5.97213
-6.66206
-7.34406
-7.98928
-8.5837
-9.12513
-9.61435
-10.0565
-10.4562
-10.8118
-11.0925
-11.2892
-11.4425
-11.5524
-11.6687
-11.7904
-11.7694
-11.7251
-11.6788
-11.606
-11.4947
-11.3525
-11.2101
-11.123
-11.3072
9.04637
11.1634
13.4519
15.6349
17.3402
18.3012
18.8706
16.3734
15.2639
20.279
23.8902
25.6053
26.7102
27.6613
28.5136
29.3234
30.1215
30.883
31.5659
32.148
32.6301
33.0276
33.3641
33.6726
33.985
34.3027
34.6057
34.876
35.103
35.2817
35.4088
35.4779
35.4829
35.4175
35.2783
35.0688
34.8188
34.6227
34.7549
6.909
4.62328
2.20998
0.0368293
-1.67315
-2.97978
-3.74159
-3.93967
-3.66707
-2.53356
-1.66558
-2.07478
-2.78976
-3.33192
-3.7756
-4.19124
-4.58173
-4.93306
-5.236
-5.48287
-5.6576
-5.73471
-5.69681
-5.55987
-5.42709
-5.35417
-5.30822
-5.23127
-5.13432
-5.06185
-4.89255
-4.76096
-4.67513
-4.59799
-4.51479
-4.41144
-4.21788
-3.79902
-2.8757
9.15342
11.3018
13.5762
15.6463
17.07
17.5733
16.9414
13.0024
11.9721
18.4684
23.5849
26.6788
28.6241
29.7147
30.0479
29.8982
29.5596
29.263
29.1176
29.1514
29.3513
29.6983
30.1496
30.5848
30.849
30.9575
30.996
30.9901
30.9462
30.8661
30.7603
30.6442
30.5316
30.4296
30.331
30.1885
29.863
29.0517
27.2728
6.82273
4.448
1.95496
-0.251527
-1.92366
-3.09546
-3.6204
-3.50135
-2.79095
-1.29195
-0.470448
-0.745832
-1.28517
-1.81626
-2.37168
-2.96313
-3.58908
-4.24638
-4.93791
-5.67381
-6.47216
-7.34523
-8.26181
-9.13233
-9.77895
-10.1871
-10.5905
-10.887
-11.4039
-12.2033
-11.956
-11.9731
-12.1763
-12.3151
-12.3578
-12.3723
-12.4717
-12.8238
-13.835
9.14068
11.3268
13.5816
15.5349
16.6738
16.5741
14.4385
9.29744
6.73958
13.0064
19.0584
24.4695
29.3761
33.7827
37.3782
40.0674
41.9778
43.2016
43.9032
44.2589
44.4192
44.505
44.691
45.2566
46.3019
47.4048
48.256
48.9094
49.4393
49.8587
50.1475
50.2962
50.3123
50.2137
50.0435
49.8855
49.9596
50.5819
52.4015
49.1812
46.727
46.8981
46.5838
46.3461
46.5678
47.1704
48.0071
48.9085
49.8044
50.7196
51.6805
52.5441
53.0601
52.9191
51.8243
49.5238
45.8599
40.8106
34.581
27.5525
20.1621
12.8144
5.87798
-0.317699
-5.59297
-9.96643
-13.5826
-16.6265
-19.2679
-21.6451
-23.8563
-25.9626
-27.9859
-29.932
-31.8033
-33.6049
-35.337
-36.9954
-38.5682
-40.0418
-41.3997
-42.6277
-43.7097
-44.6344
-45.3912
-45.9726
-46.373
-46.5904
-46.6249
-46.4798
-46.16
-45.673
-45.0271
-44.2323
-43.2994
-42.24
-41.0657
-39.7887
-38.4204
-36.973
-35.4566
-33.8822
-32.2583
-30.5969
-28.9007
-27.1889
-25.6791
-24.3073
-22.8721
-21.3419
-19.7858
-18.0554
-16.5113
-14.3594
-13.3812
-9.75308
-11.5884
-2.33222
-14.7859
61.453
62.5444
61.8335
60.8604
59.7583
58.6732
57.6382
56.6751
55.7874
54.9863
54.2752
53.6636
53.154
52.7543
52.4646
52.291
52.2309
52.2883
52.4573
52.7394
53.1256
53.6149
54.1958
54.8653
55.6095
56.4237
57.2931
58.2122
59.1656
60.1475
61.1413
62.1403
63.1264
64.0914
65.0166
65.8945
66.7068
67.4471
68.098
68.6545
69.1014
69.4354
69.6445
69.7282
69.6775
69.4955
69.177
68.7285
68.1485
67.4463
66.624
65.6933
64.6591
63.5333
62.3238
61.0417
59.6965
58.2987
56.8582
55.3854
53.8885
52.3769
50.8595
49.3433
47.837
46.3455
44.8887
43.6566
42.5902
41.499
40.3825
39.2597
38.1392
37.0584
36.1108
34.9154
34.2247
34.9933
25.9866
53.0503
45.7985
43.9949
40.6329
36.472
32.2497
28.1317
24.194
20.4897
17.1007
14.0395
11.3117
8.89559
6.91074
5.55298
5.0722
5.59268
7.11831
9.46462
12.3167
15.2042
17.6374
19.2317
19.8046
19.3704
18.0643
16.0513
13.5935
10.9379
8.18818
5.32952
2.34037
-0.752218
-3.87783
-6.97714
-10.0154
-12.9822
-15.8682
-18.6652
-21.3577
-23.9308
-26.3663
-28.6496
-30.7644
-32.6973
-34.4358
-35.9711
-37.2941
-38.4003
-39.2861
-39.9529
-40.4027
-40.6412
-40.6755
-40.5151
-40.1701
-39.6531
-38.9765
-38.1537
-37.1982
-36.1236
-34.9429
-33.6685
-32.3131
-30.8869
-29.4038
-27.8678
-26.2992
-24.8979
-23.6211
-22.2828
-20.8426
-19.373
-17.7202
-16.2504
-14.1686
-13.2401
-9.70554
-11.4935
-2.52044
-14.6738
46.9258
47.3551
47.7049
48.0928
48.5114
48.9242
49.3231
49.6985
50.0567
50.3915
50.7103
51.0074
51.2915
51.5575
51.8156
52.0622
52.3087
52.5529
52.8074
53.0711
53.3569
53.6638
54.0038
54.3752
54.7878
55.2375
55.7317
56.264
56.8389
57.4472
58.0905
58.7565
59.4434
60.1357
60.829
61.5065
62.162
62.7783
63.3491
63.8576
64.2984
64.6558
64.9264
65.0968
65.1656
65.1228
64.9695
64.6995
64.3169
63.8186
63.2119
62.497
61.6829
60.773
59.7776
58.7023
57.5565
56.3486
55.0878
53.7826
52.4429
51.0772
49.6925
48.298
46.902
45.5109
44.147
42.9892
41.9835
40.9517
39.8904
38.8154
37.7375
36.6896
35.7709
34.6406
33.8785
34.7706
26.0153
51.8663
61.1311
61.6874
61.9453
61.8465
61.3712
60.5074
59.257
57.7084
55.9341
54.0447
52.1074
50.2146
48.4153
46.7591
45.2541
43.9786
43.0257
42.4843
42.3299
42.4276
42.4914
42.2274
41.412
40.0116
38.1126
35.8243
33.1814
30.2219
27.0462
23.7823
20.4732
17.0839
13.5706
9.96002
6.30819
2.66478
-0.944223
-4.49149
-7.9519
-11.2941
-14.4933
-17.5242
-20.3683
-23.0059
-25.4245
-27.611
-29.5578
-31.2573
-32.7083
-33.9096
-34.865
-35.5791
-36.0604
-36.3176
-36.363
-36.2088
-35.869
-35.3576
-34.6895
-33.8788
-32.9409
-31.8885
-30.7362
-29.495
-28.1801
-26.7976
-25.3661
-24.0742
-22.8921
-21.6483
-20.2989
-18.9159
-17.3481
-15.9482
-13.959
-13.0515
-9.68229
-11.3119
-2.80535
-14.3462
60.4297
59.7484
58.933
58.111
57.2966
56.5044
55.7348
55.0011
54.3016
53.6495
53.0424
52.4935
51.9993
51.5721
51.2071
50.9151
50.6899
50.5399
50.4573
50.4484
50.504
50.6284
50.8112
51.0555
51.3507
51.6986
52.0888
52.5234
52.9923
53.4977
54.0297
54.5893
55.166
55.7592
56.3567
56.9562
57.5438
58.1159
58.6575
59.1641
59.6208
60.0229
60.3564
60.6174
60.7936
60.883
60.8756
60.7718
60.5643
60.2562
59.8433
59.3311
58.719
58.0145
57.2195
56.3422
55.3873
54.3632
53.2769
52.1374
50.9522
49.7297
48.4783
47.2054
45.9202
44.6305
43.36
42.2771
41.3345
40.3633
39.3593
38.3374
37.3069
36.2989
35.407
34.3457
33.5585
34.4026
26.1939
50.5142
48.3613
48.5776
48.8869
49.292
49.7553
50.2036
50.6072
50.9536
51.2641
51.5453
51.8328
52.1423
52.5148
52.9602
53.5104
54.1779
55.0041
56.0204
57.2674
58.6908
60.1134
61.2249
61.6798
61.1737
59.5871
57.0397
53.8147
50.1527
46.1716
41.9083
37.4792
33.0551
28.7248
24.4397
20.1438
15.8387
11.5705
7.37669
3.29185
-0.660802
-4.45459
-8.07017
-11.4843
-14.6806
-17.6408
-20.3539
-22.8073
-24.9963
-26.9149
-28.5643
-29.9454
-31.0642
-31.9272
-32.5452
-32.9288
-33.0915
-33.0465
-32.8094
-32.395
-31.8195
-31.0973
-30.2435
-29.2729
-28.198
-27.0348
-25.7902
-24.4846
-23.2933
-22.1944
-21.0322
-19.7613
-18.4539
-16.9609
-15.6266
-13.7157
-12.8424
-9.60115
-11.1423
-2.95689
-14.1005
48.1163
47.8984
47.6878
47.4942
47.3106
47.1357
46.9707
46.8117
46.6618
46.5166
46.3802
46.2491
46.1286
46.0159
45.9181
45.8333
45.7704
45.7288
45.7182
45.7384
45.7993
45.9002
46.0499
46.2456
46.4943
46.7909
47.1396
47.5329
47.9735
48.4522
48.9699
49.5164
50.0918
50.6846
51.2938
51.9074
52.5231
53.1281
53.7191
54.2827
54.8151
55.3026
55.7408
56.1171
56.4278
56.6611
56.8149
56.8791
56.8542
56.7317
56.5146
56.1979
55.7869
55.2794
54.6819
53.9956
53.2277
52.3823
51.4671
50.488
49.4542
48.3728
47.2506
46.0964
44.9195
43.7287
42.548
41.5354
40.6502
39.7357
38.787
37.8168
36.8351
35.8701
35.0123
34.0088
33.2279
34.0243
26.1497
49.5436
41.8609
42.1448
42.4015
42.7748
43.416
44.3173
45.4059
46.656
48.0551
49.5883
51.2291
52.9659
54.78
56.6652
58.5987
60.5676
62.5378
64.476
66.333
68.0712
69.6516
71.0162
72.0106
72.3893
71.86
70.2193
67.4561
63.8033
59.5819
55.0345
50.2457
45.2581
40.1819
35.1859
30.3324
25.5755
20.8755
16.2588
11.7644
7.42739
3.26471
-0.705149
-4.46917
-8.0086
-11.311
-14.3611
-17.1509
-19.6707
-21.918
-23.8894
-25.5878
-27.0149
-28.1789
-29.0866
-29.7493
-30.1777
-30.3861
-30.3881
-30.1996
-29.8346
-29.3098
-28.6392
-27.8384
-26.9199
-25.9005
-24.7881
-23.6026
-22.5077
-21.4885
-20.4037
-19.2074
-17.9729
-16.5511
-15.2812
-13.4428
-12.6086
-9.47707
-10.9631
-3.02485
-13.8914
41.4771
41.1028
40.7604
40.4497
40.1716
39.9262
39.7146
39.5364
39.3926
39.2825
39.2061
39.1632
39.1525
39.1737
39.2245
39.3052
39.4127
39.5484
39.7088
39.8966
40.1089
40.3497
40.6165
40.9144
41.2408
41.6016
41.9932
42.4212
42.8813
43.3778
43.9045
44.4642
45.0495
45.6609
46.2891
46.9336
47.5832
48.2361
48.8801
49.5121
50.1197
50.6987
51.2364
51.7286
52.1633
52.5367
52.8371
53.0631
53.2035
53.2588
53.2208
53.0919
52.8665
52.5489
52.1365
51.6353
51.0458
50.3743
49.6242
48.8039
47.9186
46.9754
45.9822
44.9462
43.8774
42.7851
41.6935
40.7493
39.9207
39.0615
38.1669
37.2497
36.3179
35.3981
34.5748
33.6189
32.8599
33.6157
25.97
48.6974
37.6463
37.9999
38.2194
38.3472
38.5524
38.9682
39.6431
40.5639
41.7218
43.1131
44.7247
46.5271
48.4939
50.5966
52.8099
55.0996
57.4322
59.7578
62.0275
64.1699
66.1183
67.7963
69.1461
70.0879
70.4954
70.1765
68.9465
66.7014
63.5063
59.5771
55.2025
50.5844
45.7763
40.791
35.7619
30.843
26.0761
21.4268
16.8925
12.4953
8.26452
4.21576
0.366244
-3.27188
-6.68278
-9.85652
-12.7806
-15.4504
-17.8583
-20.0037
-21.884
-23.5032
-24.8635
-25.9722
-26.8357
-27.4655
-27.872
-28.0688
-28.0682
-27.8859
-27.535
-27.0303
-26.3862
-25.6151
-24.7335
-23.749
-22.6831
-21.6829
-20.7434
-19.7381
-18.6195
-17.4599
-16.1126
-14.9087
-13.1474
-12.3505
-9.33638
-10.7601
-3.07602
-13.6543
37.1766
36.7185
36.2952
35.907
35.5531
35.2343
34.9492
34.699
34.4827
34.3016
34.1557
34.0459
33.9726
33.9364
33.9382
33.9778
34.0563
34.1725
34.3282
34.5212
34.7534
35.0221
35.3293
35.6715
36.051
36.4636
36.9118
37.3908
37.9035
38.4447
39.0168
39.6141
40.2389
40.884
41.5506
42.2307
42.9238
43.6204
44.3187
45.0083
45.6859
46.34
46.9666
47.5542
48.0987
48.5879
49.0195
49.3805
49.6701
49.8774
50.0027
50.0375
49.9835
49.8352
49.5963
49.264
48.8433
48.3344
47.744
47.0745
46.3337
45.5272
44.6605
43.7424
42.7817
41.7884
40.7862
39.9117
39.14
38.337
37.4982
36.6347
35.754
34.88
34.0924
33.1791
32.4512
33.1486
25.7664
47.7669
33.1269
33.5495
33.8326
33.9782
34.0699
34.1754
34.3569
34.6955
35.247
36.03
37.0381
38.2662
39.692
41.2934
43.0384
44.9027
46.8495
48.8494
50.8565
52.8274
54.7012
56.4189
57.904
59.0938
59.9228
60.3257
60.1941
59.4069
57.8496
55.486
52.3875
48.7455
44.775
40.6032
36.2382
31.7398
27.2614
22.9093
18.6821
14.566
10.5693
6.71707
3.02939
-0.47436
-3.782
-6.8788
-9.75761
-12.4075
-14.8243
-17.0008
-18.9371
-20.6303
-22.0836
-23.2982
-24.2814
-25.0393
-25.5823
-25.9189
-26.0624
-26.0231
-25.8154
-25.4511
-24.9437
-24.3042
-23.5487
-22.6847
-21.7314
-20.8236
-19.963
-19.0367
-17.9967
-16.914
-15.6445
-14.5082
-12.8298
-12.0695
-9.18052
-10.5378
-3.11741
-13.39
32.6004
32.0838
31.6081
31.1709
30.7733
30.4153
30.0963
29.8168
29.5758
29.3743
29.2112
29.0875
29.0021
28.9567
28.9498
28.9835
29.056
29.1694
29.3222
29.5164
29.7502
30.0257
30.3408
30.6981
31.0943
31.5318
32.0068
32.5212
33.0704
33.6558
34.2716
34.9189
35.5916
36.2901
37.0072
37.7429
38.4893
39.2454
40.0024
40.7582
41.5031
42.2338
42.9399
43.6179
44.2558
44.8522
45.3929
45.8767
46.2913
46.6358
46.8994
47.0821
47.1758
47.182
47.0954
46.9188
46.6496
46.2929
45.848
45.3223
44.7181
44.0408
43.297
42.4936
41.6392
40.7437
39.8303
39.0249
38.3105
37.5634
36.7796
35.9707
35.1415
34.3153
33.5634
32.69
32.0015
32.6178
25.5467
46.7554
28.2295
28.6644
28.9709
29.1462
29.2548
29.3248
29.3585
29.3702
29.4209
29.59
29.9331
30.455
31.1542
32.0232
33.0553
34.2243
35.5107
36.8837
38.3194
39.7799
41.2317
42.6266
43.9182
45.0443
45.9504
46.5783
46.883
46.7998
46.2591
45.1807
43.5151
41.2596
38.5016
35.3901
32.065
28.564
24.9088
21.1947
17.5306
13.9471
10.4433
7.02765
3.72526
0.556669
-2.4583
-5.31037
-7.98472
-10.4738
-12.7652
-14.8545
-16.7337
-18.4014
-19.8535
-21.0923
-22.1188
-22.9392
-23.5574
-23.9832
-24.2229
-24.2888
-24.1905
-23.9381
-23.5433
-23.016
-22.3711
-21.614
-20.7654
-19.9439
-19.1576
-18.3075
-17.3442
-16.3364
-15.1446
-14.0761
-12.4827
-11.7615
-8.99926
-10.2959
-3.13483
-13.107
27.6951
27.1683
26.6824
26.2336
25.8251
25.4557
25.1274
24.8392
24.593
24.3877
24.2251
24.1038
24.0257
23.9892
23.9963
24.0453
24.1381
24.2729
24.4516
24.6722
24.9364
25.2419
25.5904
25.9793
26.4105
26.8808
27.392
27.9405
28.528
29.1503
29.8081
30.4965
31.2162
31.9608
32.7302
33.5174
34.3212
35.1343
35.9542
36.7729
37.5872
38.3883
39.1727
39.9294
40.6579
41.3437
41.9861
42.572
43.1004
43.559
43.947
44.2543
44.4809
44.6191
44.67
44.6285
44.4979
44.275
43.9659
43.5694
43.0909
42.5352
41.9067
41.2124
40.4603
39.6594
38.8322
38.0944
37.4353
36.7425
36.0132
35.2568
34.4786
33.6995
32.985
32.1496
31.5083
32.0253
25.2895
45.7135
23.1329
23.5457
23.843
24.0191
24.1269
24.1981
24.229
24.2042
24.1184
23.9991
23.9002
23.8863
23.9905
24.2196
24.5704
25.0508
25.6536
26.3678
27.1707
28.0453
28.962
29.8953
30.8061
31.6588
32.4034
32.9945
33.3813
33.5259
33.3831
32.9122
32.0663
30.8185
29.1598
27.1318
24.8207
22.3274
19.6899
16.9136
14.0417
11.1546
8.29727
5.48648
2.73427
0.0633855
-2.51346
-4.97807
-7.32053
-9.5241
-11.5802
-13.4754
-15.2038
-16.7557
-18.1283
-19.3168
-20.3226
-21.1444
-21.7874
-22.253
-22.5504
-22.6851
-22.6651
-22.4976
-22.1929
-21.7588
-21.2085
-20.5467
-19.7916
-19.0499
-18.3335
-17.5548
-16.6645
-15.7288
-14.613
-13.611
-12.103
-11.4213
-8.78618
-10.0264
-3.12276
-12.8018
22.6296
22.1362
21.6813
21.2637
20.8843
20.5444
20.2436
19.9837
19.7642
19.5867
19.4505
19.3575
19.3067
19.2998
19.3355
19.4158
19.539
19.7072
19.9185
20.1748
20.4741
20.8183
21.2047
21.6351
22.1067
22.6206
23.1734
23.7662
24.3954
25.0614
25.7601
26.4918
27.252
28.0401
28.851
29.6836
30.5319
31.3939
32.2628
33.1356
34.0049
34.8674
35.7127
36.5412
37.3383
38.1043
38.8254
39.5013
40.119
40.6776
41.1655
41.5818
41.9173
42.1715
42.3373
42.4164
42.4034
42.3026
42.1102
41.8304
41.466
41.0204
40.4985
39.9065
39.2508
38.5402
37.7957
37.1227
36.5174
35.8771
35.1992
34.494
33.7647
33.0327
32.354
31.554
30.9656
31.3703
24.9849
44.6492
18.3602
18.7308
19.0012
19.1611
19.2522
19.3065
19.3312
19.3128
19.2378
19.0999
18.9078
18.6805
18.4589
18.2855
18.1865
18.158
18.2044
18.3342
18.558
18.8656
19.248
19.6838
20.155
20.6313
21.0844
21.4738
21.7617
21.9027
21.8629
21.6064
21.1074
20.3407
19.3016
17.9978
16.4679
14.7666
12.9501
11.035
9.01697
6.91006
4.76323
2.61531
0.489784
-1.6072
-3.65826
-5.65336
-7.57393
-9.40966
-11.1433
-12.7661
-14.2638
-15.6293
-16.8526
-17.9301
-18.8553
-19.6285
-20.2459
-20.7125
-21.0294
-21.2005
-21.2297
-21.123
-20.8876
-20.5296
-20.06
-19.4809
-18.8112
-18.1431
-17.4911
-16.78
-15.9596
-15.093
-14.0518
-13.1148
-11.692
-11.0502
-8.54272
-9.72829
-3.08292
-12.4715
17.918
17.4868
17.092
16.7312
16.4073
16.1197
15.8703
15.6587
15.4869
15.3541
15.2625
15.2112
15.2022
15.2343
15.3097
15.4268
15.5876
15.7904
16.0372
16.3261
16.6589
17.0336
17.4519
17.9116
18.4142
18.9569
19.541
20.1634
20.8246
21.5211
22.2526
23.0153
23.8086
24.6278
25.4719
26.3361
27.2182
28.1131
29.0179
29.9268
30.8366
31.7383
32.6325
33.505
34.357
35.1751
35.9593
36.6967
37.3867
38.0172
38.5868
39.0852
39.5112
39.856
40.1197
40.2953
40.3855
40.3843
40.2939
40.1154
39.8508
39.504
39.0789
38.58
38.0138
37.3878
36.7214
36.111
35.5573
34.9673
34.3396
33.6826
33.0002
32.3129
31.6695
30.9028
30.371
30.6538
24.6346
43.5542
14.1556
14.4604
14.6796
14.8043
14.8631
14.886
14.8834
14.8489
14.7699
14.6441
14.4702
14.2483
13.9773
13.6723
13.3613
13.0787
12.8312
12.6114
12.4202
12.2808
12.2044
12.1934
12.236
12.3223
12.4312
12.5418
12.6219
12.6393
12.554
12.3341
11.9499
11.3834
10.6231
9.67794
8.57408
7.3604
6.0841
4.77035
3.41612
2.01078
0.54888
-0.949907
-2.46891
-3.99075
-5.51061
-7.01219
-8.48607
-9.91431
-11.2873
-12.5889
-13.8101
-14.9378
-15.9653
-16.8817
-17.6833
-18.3612
-18.9165
-19.346
-19.6494
-19.8259
-19.8784
-19.8093
-19.624
-19.3252
-18.9224
-18.416
-17.8227
-17.2218
-16.6302
-15.9828
-15.2296
-14.4304
-13.4628
-12.5903
-11.2533
-10.651
-8.27225
-9.40446
-3.01973
-12.1202
13.8018
13.4604
13.1498
12.8703
12.6221
12.4073
12.2252
12.0784
11.966
11.8908
11.8515
11.8511
11.8882
11.9655
12.0814
12.2385
12.4351
12.6734
12.9516
13.2716
13.6317
14.0332
14.4745
14.9567
15.478
16.0391
16.6383
17.2759
17.9498
18.6598
19.403
20.1788
20.984
21.8171
22.6742
23.5531
24.4497
25.3607
26.282
27.2097
28.137
29.0637
29.9769
30.878
31.7544
32.6071
33.4234
34.2034
34.9349
35.6167
36.2382
36.7977
37.2854
37.7005
38.0346
38.2894
38.4566
38.5371
38.5298
38.4352
38.256
37.9948
37.6536
37.2376
36.7519
36.2035
35.6103
35.0588
34.5546
34.0132
33.4325
32.822
32.1841
31.5404
30.9298
30.1948
29.7213
29.8767
24.2376
42.4168
10.6485
10.8301
10.9563
11.0172
11.0187
10.9828
10.9268
10.849
10.7394
10.5952
10.4184
10.2091
9.96242
9.67484
9.34897
8.99902
8.64674
8.30869
7.97642
7.63453
7.2894
6.96624
6.6804
6.43611
6.22886
6.05128
5.88725
5.71628
5.50864
5.23236
4.85504
4.35407
3.7148
2.93679
2.03581
1.05386
0.0499964
-0.926324
-1.86845
-2.79049
-3.71131
-4.65669
-5.63465
-6.64361
-7.67167
-8.71429
-9.75632
-10.7889
-11.7962
-12.7696
-13.6957
-14.5672
-15.3715
-16.1023
-16.7474
-17.3049
-17.7679
-18.1327
-18.3944
-18.552
-18.6046
-18.553
-18.3992
-18.1443
-17.7955
-17.3504
-16.8256
-16.2861
-15.7496
-15.1623
-14.4742
-13.7405
-12.8459
-12.0375
-10.7868
-10.2252
-7.97627
-9.05859
-2.93521
-11.7516
10.4236
10.2073
10.0143
9.84507
9.70029
9.58127
9.48856
9.4234
9.38649
9.37912
9.40205
9.45657
9.5434
9.66383
9.8185
10.0086
10.2345
10.4972
10.7968
11.1342
11.5091
11.9221
12.3728
12.8613
13.3872
13.9501
14.5494
15.1845
15.8546
16.5586
17.2951
18.0626
18.8592
19.6826
20.5304
21.3998
22.2873
23.19
24.104
25.0251
25.9502
26.8706
27.7852
28.6841
29.5676
30.4244
31.2542
32.0457
32.7978
33.5004
34.1515
34.7414
35.2687
35.7241
36.1089
36.4132
36.6367
36.7768
36.8321
36.804
36.6935
36.5011
36.2301
35.8844
35.4689
34.9896
34.4627
33.9663
33.5083
33.0123
32.477
31.91
31.3146
30.7118
30.133
29.4292
29.0144
29.0398
23.7925
41.234
7.23857
7.28718
7.308
7.29421
7.23049
7.13233
7.0208
6.89897
6.75584
6.58786
6.39767
6.18889
5.9585
5.70312
5.42116
5.11592
4.79241
4.46031
4.13045
3.80223
3.45219
3.06182
2.64226
2.21998
1.81168
1.42463
1.05934
0.71041
0.364159
-0.00122406
-0.413538
-0.900604
-1.48211
-2.16613
-2.94775
-3.8031
-4.68194
-5.51586
-6.25974
-6.91655
-7.50841
-8.06242
-8.61727
-9.1979
-9.81233
-10.4536
-11.1159
-11.7859
-12.4566
-13.1166
-13.7604
-14.3763
-14.9579
-15.4913
-15.9737
-16.3959
-16.7516
-17.0333
-17.2366
-17.3575
-17.3941
-17.344
-17.2074
-16.9834
-16.6769
-16.2846
-15.8196
-15.3355
-14.8497
-14.3192
-13.6931
-13.023
-12.2004
-11.4557
-10.2921
-9.77205
-7.65397
-8.6899
-2.83118
-11.3672
7.16172
7.09035
7.03697
7.00175
6.98569
6.98995
7.01498
7.06226
7.13193
7.22565
7.3433
7.48669
7.65562
7.85207
8.07573
8.32865
8.6105
8.92325
9.26646
9.64188
10.0489
10.4889
10.9611
11.4666
12.0043
12.5749
13.177
13.8111
14.4754
15.1699
15.8926
16.6431
17.419
18.2195
19.0417
19.8842
20.7434
21.6172
22.501
23.3922
24.2858
25.1793
26.0669
26.9461
27.8078
28.6499
29.4627
30.2452
30.9879
31.689
32.3393
32.9369
33.4728
33.9479
34.3519
34.6832
34.9388
35.1156
35.2136
35.2323
35.1708
35.0309
34.8144
34.5257
34.1687
33.7484
33.2801
32.8328
32.417
31.9634
31.4698
30.944
30.3884
29.8256
29.2764
28.6037
28.2463
28.1426
23.2959
39.9967
4.67515
4.57462
4.47152
4.36174
4.21428
4.03351
3.84709
3.65895
3.46115
3.2447
3.01591
2.77783
2.53283
2.2744
2.00262
1.71766
1.42617
1.12985
0.833331
0.539217
0.249951
-0.0548646
-0.408134
-0.825273
-1.28509
-1.76258
-2.23954
-2.70899
-3.16746
-3.62205
-4.08647
-4.58427
-5.13758
-5.76238
-6.46053
-7.22254
-8.01812
-8.79153
-9.47227
-10.0248
-10.4595
-10.8025
-11.087
-11.3615
-11.6558
-11.979
-12.3257
-12.6925
-13.0712
-13.4588
-13.8474
-14.2324
-14.6018
-14.9526
-15.2754
-15.563
-15.8066
-15.9998
-16.1365
-16.2125
-16.2232
-16.1648
-16.036
-15.8337
-15.5632
-15.2147
-14.8041
-14.37
-13.9314
-13.4539
-12.8876
-12.2788
-11.5267
-10.8451
-9.76834
-9.2912
-7.30479
-8.29823
-2.70768
-10.9648
4.75693
4.83979
4.93355
5.03735
5.15392
5.2824
5.42593
5.58351
5.75829
5.94919
6.1592
6.38723
6.63609
6.90463
7.19547
7.50757
7.84344
8.20209
8.58586
8.99382
9.42812
9.88778
10.3747
10.8877
11.4284
11.9954
12.5901
13.2107
13.8581
14.5303
15.2276
15.9474
16.6901
17.4523
18.2341
19.0317
19.8446
20.6685
21.5026
22.3416
23.1841
24.0243
24.8605
25.6861
26.4996
27.2933
28.0656
28.8076
29.5171
30.1857
30.8115
31.3861
31.9096
32.3721
32.7719
33.1054
33.3686
33.5608
33.6799
33.7239
33.6931
33.588
33.4107
33.165
32.8537
32.4819
32.0622
31.6579
31.2795
30.8637
30.409
29.9211
29.4034
28.8776
28.357
27.7162
27.4138
27.1846
22.7468
38.6989
2.42569
2.18531
1.96022
1.75247
1.51849
1.2574
0.997851
0.746324
0.492514
0.226644
-0.0457153
-0.316758
-0.582687
-0.848206
-1.11727
-1.39049
-1.66367
-1.93218
-2.19263
-2.44285
-2.68154
-2.90829
-3.13697
-3.40268
-3.7405
-4.14818
-4.60144
-5.07669
-5.56283
-6.05145
-6.54309
-7.04399
-7.57132
-8.14044
-8.76297
-9.43521
-10.1442
-10.8545
-11.5077
-12.0379
-12.4237
-12.6791
-12.831
-12.9173
-12.9889
-13.0729
-13.1801
-13.3083
-13.458
-13.6244
-13.8063
-13.9954
-14.1897
-14.3809
-14.5628
-14.7269
-14.8667
-14.9756
-15.0482
-15.0785
-15.0609
-14.991
-14.8658
-14.6834
-14.4424
-14.1356
-13.7742
-13.3881
-12.9929
-12.5666
-12.058
-11.5088
-10.8262
-10.2071
-9.21752
-8.78369
-6.93017
-7.88267
-2.56735
-10.5433
2.67123
2.91776
3.16954
3.42678
3.69081
3.96087
4.23938
4.52619
4.82364
5.13137
5.4517
5.78415
6.13084
6.49116
6.86701
7.25779
7.66504
8.08846
8.5292
8.98717
9.46315
9.95746
10.4704
11.0024
11.5533
12.1239
12.7134
13.3228
13.9505
14.5976
15.2618
15.9442
16.6418
17.3556
18.0819
18.8214
19.5699
20.328
21.0908
21.8587
22.6257
23.392
24.1507
24.9018
25.6382
26.3595
27.0579
27.7331
28.377
28.9887
29.5593
30.0885
30.5672
30.9938
31.3646
31.6752
31.9246
32.1096
32.2277
32.2776
32.259
32.1721
32.0188
31.8017
31.524
31.1881
30.8086
30.4395
30.0933
29.7114
29.2909
28.8381
28.3553
27.8655
27.3715
26.764
26.513
26.1643
22.1443
37.3252
1.43428
1.02278
0.651926
0.329997
-0.00594913
-0.368203
-0.72738
-1.07042
-1.40547
-1.7451
-2.08598
-2.41928
-2.73716
-3.0429
-3.3403
-3.63356
-3.91961
-4.19642
-4.45883
-4.70519
-4.93078
-5.13461
-5.31452
-5.48071
-5.6607
-5.89923
-6.2142
-6.59462
-7.01793
-7.47405
-7.95131
-8.44496
-8.95108
-9.47913
-10.0368
-10.631
-11.2523
-11.8846
-12.4868
-13.0019
-13.3764
-13.6057
-13.7061
-13.7061
-13.6475
-13.5799
-13.5249
-13.4922
-13.4804
-13.4923
-13.5227
-13.5716
-13.6318
-13.6996
-13.7672
-13.8302
-13.8828
-13.9205
-13.9375
-13.9271
-13.8846
-13.8043
-13.6856
-13.5198
-13.3095
-13.0402
-12.7286
-12.3875
-12.0344
-11.6571
-11.2053
-10.7148
-10.101
-9.54395
-8.64164
-8.25153
-6.53277
-7.44459
-2.41325
-10.099
1.85149
2.26582
2.67661
3.08541
3.49332
3.90056
4.30807
4.71601
5.12549
5.53691
5.95129
6.36923
6.79213
7.22042
7.6555
8.09757
8.54818
9.00723
9.4763
9.95485
10.4447
10.9449
11.4574
11.981
12.5178
13.066
13.628
14.2016
14.7892
15.3879
16.0002
16.6227
17.2576
17.9008
18.5547
19.2143
19.8818
20.5517
21.2263
21.8993
22.5729
23.2401
23.9028
24.5537
25.194
25.816
26.4209
27.0008
27.5567
28.0805
28.5728
29.025
29.4365
29.8023
30.12
30.3863
30.5992
30.7549
30.852
30.889
30.865
30.7805
30.6359
30.4343
30.1762
29.867
29.5169
29.1766
28.8566
28.5028
28.1128
27.6911
27.2411
26.7842
26.3163
25.7446
25.54
25.0795
21.4919
35.8618
0.385094
-0.172756
-0.669117
-1.08822
-1.50989
-1.95405
-2.3931
-2.805
-3.19778
-3.58428
-3.96873
-4.34006
-4.69041
-5.01632
-5.32394
-5.61582
-5.8947
-6.15695
-6.40211
-6.6265
-6.82966
-7.00587
-7.15264
-7.26487
-7.34818
-7.42105
-7.52953
-7.7104
-7.97282
-8.29892
-8.67902
-9.09946
-9.55038
-10.0175
-10.5027
-11.0068
-11.5341
-12.0723
-12.6017
-13.0731
-13.4309
-13.6378
-13.7086
-13.6656
-13.5429
-13.384
-13.2335
-13.1048
-13.0032
-12.9235
-12.8671
-12.8276
-12.804
-12.7887
-12.7805
-12.7747
-12.7692
-12.7586
-12.7375
-12.7014
-12.6451
-12.5666
-12.4589
-12.3178
-12.1396
-11.9136
-11.6524
-11.3583
-11.0473
-10.7201
-10.3256
-9.89501
-9.35087
-8.85613
-8.04303
-7.69561
-6.11723
-6.98197
-2.25323
-9.6276
0.966278
1.54472
2.11693
2.68363
3.24474
3.80027
4.35097
4.89672
5.43811
5.97574
6.50974
7.04112
7.56978
8.09732
8.62327
9.14955
9.67522
10.2026
10.7304
11.2609
11.7923
12.3273
12.8635
13.4039
13.9456
14.4919
15.0394
15.592
16.1456
16.7044
17.2641
17.8288
18.3938
18.9634
19.5321
20.1042
20.6739
21.2452
21.8118
22.3776
22.9357
23.49
24.033
24.5681
25.0878
25.5948
26.0813
26.5498
26.9925
27.4115
27.799
28.1568
28.4778
28.7634
29.0072
29.2096
29.3653
29.4737
29.532
29.5395
29.4953
29.3982
29.2498
29.0502
28.8031
28.5095
28.1812
27.8623
27.5628
27.2327
26.8681
26.4743
26.0546
25.6294
25.1858
24.6535
24.4887
23.9238
20.7978
34.2773
0.564193
-0.127865
-0.733464
-1.2403
-1.73857
-2.26089
-2.77462
-3.25402
-3.6991
-4.12945
-4.552
-4.96282
-5.34854
-5.70541
-6.03263
-6.33645
-6.61702
-6.87644
-7.11077
-7.32139
-7.50505
-7.66276
-7.78735
-7.87319
-7.90816
-7.89201
-7.83926
-7.808
-7.87524
-8.09436
-8.44861
-8.89667
-9.39355
-9.91136
-10.4212
-10.9087
-11.3543
-11.7449
-12.0637
-12.3029
-12.4396
-12.4636
-12.4011
-12.3201
-12.2595
-12.2168
-12.1669
-12.1038
-12.0315
-11.9605
-11.8928
-11.829
-11.7669
-11.7089
-11.6557
-11.6088
-11.5662
-11.5244
-11.4811
-11.4315
-11.3752
-11.3039
-11.2154
-11.0998
-10.9581
-10.7754
-10.5664
-10.3187
-10.049
-9.77001
-9.43271
-9.06016
-8.58539
-8.15077
-7.42866
-7.11894
-5.69009
-6.49386
-2.09791
-9.11965
1.29276
2.01887
2.73149
3.43418
4.12442
4.80384
5.4719
6.1293
6.77588
7.41189
8.03796
8.65369
9.26022
9.85659
10.4448
11.0235
11.595
12.1575
12.7143
13.2628
13.8068
14.3432
14.8761
15.4018
15.9247
16.4409
16.9552
17.4626
17.9682
18.4667
18.9637
19.4536
19.9416
20.4219
20.8999
21.3697
21.8363
22.2935
22.7462
23.1883
23.6242
24.0479
24.4629
24.8635
25.2528
25.6251
25.9826
26.3199
26.6385
26.9334
27.2052
27.4497
27.667
27.8534
28.008
28.1276
28.2108
28.2556
28.2602
28.224
28.1449
28.0233
27.8575
27.6512
27.4036
27.1171
26.8013
26.4968
26.2121
25.8991
25.5554
25.1859
24.7941
24.3973
23.9766
23.4896
23.3567
22.6866
20.0808
32.5491
1.93257
1.07354
0.327091
-0.281329
-0.855394
-1.45307
-2.05329
-2.62176
-3.14028
-3.62414
-4.08625
-4.53531
-4.962
-5.3623
-5.72865
-6.06611
-6.37237
-6.65288
-6.90353
-7.12837
-7.32331
-7.49279
-7.63226
-7.74517
-7.82486
-7.87316
-7.88566
-7.86741
-7.82319
-7.79129
-7.8158
-7.92707
-8.10357
-8.31655
-8.5365
-8.75926
-8.97912
-9.20311
-9.42153
-9.63246
-9.82668
-10.0025
-10.1425
-10.2397
-10.2809
-10.2703
-10.2141
-10.1324
-10.0356
-9.93934
-9.84793
-9.76762
-9.69677
-9.63886
-9.59098
-9.55358
-9.52364
-9.5029
-9.48974
-9.48354
-9.47838
-9.46866
-9.44815
-9.41016
-9.35223
-9.26106
-9.14826
-8.9834
-8.78374
-8.58238
-8.33394
-8.04801
-7.67288
-7.31926
-6.72212
-6.45579
-5.22426
-5.94284
-1.95971
-8.5711
2.82612
3.71407
4.58127
5.43123
6.26233
7.07533
7.87057
8.6473
9.40709
10.1481
10.8725
11.5783
12.2677
12.938
13.5925
14.2279
14.8474
15.4476
16.0325
16.598
17.1486
17.6794
18.1962
18.6932
19.1765
19.6401
20.0907
20.5218
20.9405
21.3397
21.7273
22.096
22.4535
22.7925
23.1212
23.4321
23.7331
24.0166
24.2906
24.5477
24.7955
25.027
25.2487
25.4541
25.6494
25.8286
25.9968
26.1482
26.2873
26.4087
26.5158
26.6038
26.675
26.725
26.7558
26.7632
26.7481
26.7074
26.641
26.5464
26.4232
26.2695
26.0857
25.872
25.6275
25.3536
25.0582
24.7768
24.5152
24.2303
23.9201
23.5884
23.2386
22.884
22.4994
22.0858
21.9936
21.2155
19.3
30.5112
5.93215
4.93499
4.05781
3.34084
2.69283
2.0388
1.37365
0.726513
0.129064
-0.420761
-0.933701
-1.42521
-1.89321
-2.33759
-2.74901
-3.13133
-3.47962
-3.80001
-4.08814
-4.3495
-4.57907
-4.78269
-4.95615
-5.10696
-5.23055
-5.33083
-5.3957
-5.41837
-5.37868
-5.27488
-5.11579
-4.95396
-4.84284
-4.82567
-4.89411
-5.03334
-5.2188
-5.45186
-5.72707
-6.04656
-6.38443
-6.71651
-7.00141
-7.20662
-7.29309
-7.25865
-7.13115
-6.96763
-6.80091
-6.65069
-6.52055
-6.4219
-6.35512
-6.32138
-6.31337
-6.331
-6.37205
-6.43948
-6.52942
-6.63782
-6.75544
-6.87582
-6.99239
-7.098
-7.18866
-7.24788
-7.28939
-7.25266
-7.16286
-7.08014
-6.95905
-6.79744
-6.55262
-6.32109
-5.86386
-5.69877
-4.6384
-5.38535
-1.70403
-8.15021
6.95848
7.9745
8.96285
9.92528
10.8614
11.7703
12.6532
13.5081
14.3374
15.1382
15.9139
16.6607
17.3823
18.0744
18.7419
19.3794
19.9918
20.5739
21.131
21.6575
22.159
22.629
23.0746
23.4888
23.8783
24.2361
24.5695
24.8714
25.1496
25.3965
25.6204
25.8139
25.9851
26.127
26.2483
26.3419
26.4164
26.4653
26.4973
26.506
26.5003
26.4745
26.4368
26.3818
26.3176
26.2397
26.1549
26.0592
25.9589
25.8501
25.738
25.6192
25.4974
25.3694
25.2379
25.0999
24.9568
24.8058
24.647
24.4776
24.2972
24.1034
23.8958
23.6729
23.4323
23.175
22.9077
22.6576
22.4275
22.1822
21.9176
21.6365
21.3431
21.0467
20.7156
20.3874
20.3776
19.553
18.1483
28.8383
11.8503
10.8881
10.0186
9.29334
8.66534
8.063
7.45175
6.84105
6.263
5.72831
5.23374
4.76484
4.31911
3.89332
3.49395
3.11757
2.76888
2.44235
2.14182
1.86182
1.60689
1.37143
1.15963
0.964952
0.792081
0.633488
0.494383
0.368097
0.260608
0.165847
0.0903484
0.0264492
-0.0289986
-0.106821
-0.22874
-0.415791
-0.649819
-0.912821
-1.17551
-1.43639
-1.68861
-1.93177
-2.14467
-2.32419
-2.46693
-2.57794
-2.64423
-2.6722
-2.67836
-2.68947
-2.71224
-2.75223
-2.80724
-2.88299
-2.98181
-3.11113
-3.27226
-3.46603
-3.68448
-3.92052
-4.16574
-4.41567
-4.66508
-4.90645
-5.13501
-5.33258
-5.51438
-5.59548
-5.60149
-5.62231
-5.61146
-5.56079
-5.43246
-5.31445
-4.98614
-4.92277
-4.02105
-4.81756
-1.40649
-7.73376
12.8341
13.8022
14.7415
15.6511
16.5332
17.3844
18.2082
19.0005
19.7649
20.497
21.201
21.8716
22.5131
23.1205
23.6986
24.2412
24.7538
25.2303
25.6763
26.0859
26.4645
26.8058
27.1164
27.3896
27.6321
27.8376
28.0126
28.1511
28.2601
28.3335
28.3788
28.39
28.3745
28.327
28.2551
28.1535
28.0302
27.88
27.7109
27.5184
27.3103
27.0827
26.8433
26.5885
26.3257
26.0523
25.7751
25.4916
25.2084
24.9233
24.6418
24.3622
24.0888
23.8196
23.5579
23.3017
23.0527
22.8089
22.5706
22.3357
22.1036
21.8716
21.6392
21.4043
21.1631
20.9159
20.6706
20.4447
20.2393
20.0248
19.7965
19.5584
19.3157
19.0742
18.7986
18.5572
18.6279
17.8025
16.828
27.1018
17.7831
17.0292
16.3399
15.7523
15.2587
14.8095
14.3564
13.8909
13.4365
13.0073
12.607
12.225
11.8589
11.5038
11.1644
10.8364
10.5239
10.2216
9.93352
9.65448
9.38869
9.13025
8.88322
8.64123
8.4083
8.17755
7.95328
7.72837
7.50649
7.28101
7.05699
6.83084
6.61394
6.40778
6.22003
6.03408
5.83527
5.60106
5.33637
5.04994
4.76272
4.47972
4.21019
3.95407
3.71433
3.47103
3.21055
2.92896
2.64109
2.34546
2.03778
1.71187
1.37494
1.02894
0.674081
0.302476
-0.0869737
-0.493571
-0.909777
-1.33078
-1.7501
-2.16418
-2.56753
-2.95315
-3.31746
-3.6434
-3.94924
-4.12872
-4.21174
-4.31314
-4.39143
-4.42937
-4.39619
-4.37039
-4.15186
-4.17273
-3.4161
-4.24802
-1.10562
-7.27296
18.5322
19.2648
19.9757
20.6603
21.324
21.9601
22.5749
23.1607
23.7242
24.258
24.7684
25.2479
25.7028
26.1258
26.523
26.8873
27.2245
27.5279
27.8033
28.0446
28.2566
28.4338
28.5812
28.6939
28.7765
28.8247
28.8426
28.8269
28.7817
28.704
28.5983
28.4619
28.2993
28.1089
27.8949
27.656
27.3971
27.1168
26.8201
26.506
26.1795
25.8397
25.4917
25.1348
24.7738
24.4084
24.0433
23.6779
23.3168
22.9598
22.6107
22.269
21.9381
21.6169
21.3079
21.0101
20.7244
20.4497
20.1864
19.9325
19.6877
19.4496
19.2178
18.9904
18.7628
18.536
18.3179
18.1184
17.9366
17.7509
17.5561
17.3577
17.1617
16.9704
16.7496
16.5908
16.7287
15.9379
15.3489
25.0775
22.1368
21.8154
21.4871
21.1699
20.9169
20.7191
20.5242
20.3098
20.0847
19.8648
19.6539
19.4488
19.2448
19.0408
18.8364
18.6314
18.4252
18.2168
18.006
17.7924
17.5759
17.3556
17.1309
16.9003
16.6634
16.4181
16.1644
15.9004
15.6265
15.3403
15.0414
14.7273
14.3989
14.0563
13.7081
13.3611
13.0245
12.6937
12.3595
12.0082
11.6384
11.2574
10.8805
10.5156
10.1644
9.81249
9.4354
9.00065
8.49798
7.93663
7.33442
6.69853
6.03644
5.35507
4.66614
3.97784
3.29758
2.62685
1.96734
1.31823
0.681949
0.0629459
-0.53087
-1.09027
-1.61248
-2.08113
-2.517
-2.79406
-2.94979
-3.12569
-3.28379
-3.40064
-3.4477
-3.4993
-3.37336
-3.46277
-2.83379
-3.68656
-0.802132
-6.7779
22.4497
22.7538
23.0523
23.3398
23.6194
23.8869
24.145
24.3892
24.6224
24.8404
25.0461
25.2352
25.4103
25.5676
25.7095
25.8328
25.9393
26.0259
26.0944
26.1428
26.1724
26.1808
26.1693
26.1368
26.0839
26.0101
25.9151
25.7995
25.6632
25.5068
25.3302
25.1344
24.9198
24.6878
24.4383
24.1736
23.8944
23.6027
23.2994
22.9867
22.6655
22.3386
22.0072
21.6733
21.3383
21.0045
20.6735
20.3466
20.0255
19.7116
19.4061
19.1098
18.8241
18.5486
18.2844
18.0311
17.7887
17.5566
17.3345
17.1213
16.9159
16.7171
16.5245
16.3365
16.1484
15.9625
15.7867
15.6211
15.4686
15.3165
15.1589
15.0023
14.8524
14.7091
14.5405
14.4595
14.6518
13.917
13.6596
22.7914
24.0055
24.23
24.3802
24.4475
24.5332
24.667
24.8045
24.9172
25.0023
25.075
25.1367
25.1894
25.2258
25.2487
25.2536
25.2447
25.2169
25.1736
25.1101
25.0301
24.9284
24.8085
24.666
24.5039
24.3171
24.1084
23.8732
23.614
23.327
23.0151
22.6742
22.3062
21.9063
21.475
21.0097
20.5152
19.9975
19.4716
18.9486
18.4374
17.9344
17.4321
16.9214
16.4037
15.8841
15.3655
14.8352
14.262
13.611
12.862
12.0218
11.1138
10.1638
9.19023
8.20753
7.22991
6.2721
5.34278
4.44557
3.58046
2.74885
1.95456
1.20448
0.508285
-0.132351
-0.704669
-1.23536
-1.5848
-1.79455
-2.02583
-2.24831
-2.42874
-2.54333
-2.66049
-2.61512
-2.76394
-2.24758
-3.11422
-0.47446
-6.23668
23.7835
23.5658
23.3609
23.1649
22.9797
22.8037
22.6366
22.4772
22.3252
22.1799
22.0399
21.905
21.7733
21.6452
21.5188
21.3943
21.2695
21.145
21.0187
20.8918
20.7614
20.6293
20.4925
20.3531
20.2083
20.0601
19.9051
19.7468
19.5813
19.4123
19.2357
19.0553
18.8681
18.6775
18.4799
18.2801
18.0746
17.8676
17.6565
17.4456
17.2316
17.0194
16.8066
16.5966
16.388
16.1839
15.9831
15.7882
15.5981
15.4152
15.2381
15.0688
14.9061
14.7507
14.6014
14.4588
14.3211
14.1882
14.0587
13.9325
13.8077
13.6842
13.5617
13.439
13.3119
13.1843
13.0641
12.9422
12.8258
12.7121
12.5945
12.4798
12.3739
12.2737
12.1542
12.1411
12.3751
11.7044
11.7114
20.2298
23.0148
23.7123
24.2953
24.729
25.134
25.5694
26.0021
26.4062
26.7699
27.1086
27.4214
27.7146
27.9781
28.2178
28.4264
28.6109
28.7632
28.8897
28.9821
29.0466
29.0749
29.073
29.0338
28.9628
28.8536
28.7111
28.5283
28.31
28.0507
27.7549
27.4176
27.0431
26.6266
26.1712
25.6717
25.1308
24.5458
23.9249
23.2742
22.6105
21.9453
21.2897
20.6402
19.9882
19.3182
18.6281
17.9195
17.1923
16.4272
15.5944
14.67
13.6557
12.5758
11.4645
10.3503
9.25358
8.18642
7.15578
6.16418
5.21215
4.2982
3.42152
2.58326
1.7921
1.05631
0.398257
-0.205801
-0.606643
-0.848422
-1.11068
-1.3712
-1.5915
-1.74768
-1.90566
-1.91675
-2.10303
-1.67828
-2.53906
-0.133579
-5.61308
22.3247
21.6502
21.0028
20.38
19.7807
19.2075
18.6563
18.1305
17.6258
17.1458
16.6857
16.2497
15.8327
15.4389
15.0632
14.7094
14.3724
14.0566
13.7567
13.4766
13.2107
12.9643
12.7314
12.516
12.3133
12.1272
11.9523
11.7931
11.6444
11.5102
11.385
11.2733
11.1699
11.0788
10.9947
10.9223
10.8563
10.8007
10.7505
10.7102
10.6742
10.647
10.6233
10.6069
10.5935
10.586
10.5806
10.5797
10.5799
10.5832
10.5863
10.5909
10.594
10.5968
10.5963
10.5936
10.5858
10.5737
10.555
10.5304
10.4976
10.4577
10.4107
10.3559
10.2898
10.2189
10.1504
10.0672
9.98224
9.90158
9.81793
9.73962
9.67232
9.61246
9.53845
9.58521
9.84964
9.25217
9.42358
17.2668
18.6837
19.6355
20.4703
21.1348
21.7475
22.3725
22.9942
23.5865
24.1404
24.6614
25.1542
25.6193
26.0523
26.4533
26.8209
27.1555
27.4549
27.7199
27.9477
28.1384
28.2895
28.4015
28.4717
28.501
28.4873
28.4319
28.3319
28.1891
28.0001
27.7668
27.4868
27.1627
26.7925
26.3785
25.9183
25.4142
24.8642
24.2706
23.6339
22.9619
22.2608
21.5449
20.8236
20.106
19.3867
18.6567
17.9019
17.1231
16.3259
15.511
14.6609
13.754
12.7753
11.731
10.639
9.52477
8.40863
7.30858
6.23837
5.21533
4.25867
3.39082
2.62715
1.96464
1.37493
0.844825
0.333222
-0.00519511
-0.192856
-0.409474
-0.640395
-0.843745
-0.997078
-1.16358
-1.20456
-1.41223
-1.063
-1.90098
0.261141
-4.79318
17.7211
16.775
15.8598
14.9714
14.1131
13.284
12.4855
11.7173
10.9806
10.2747
9.60036
8.95753
8.34684
7.76806
7.22116
6.70624
6.22325
5.77287
5.35372
4.96689
4.61089
4.28745
3.99486
3.7339
3.50297
3.30361
3.13351
2.99423
2.88318
2.80222
2.74777
2.72232
2.72197
2.74877
2.79886
2.87454
2.97149
3.09115
3.22922
3.38753
3.5607
3.75013
3.95053
4.16295
4.38174
4.60756
4.83485
5.06403
5.2897
5.51204
5.72624
5.93236
6.1261
6.3079
6.47403
6.62502
6.75782
6.87374
6.97046
7.04958
7.10961
7.15309
7.18119
7.19441
7.19118
7.17958
7.16609
7.1274
7.07674
7.0284
6.97536
6.92505
6.88448
6.8463
6.795
6.86084
7.12197
6.5937
6.77983
13.7122
13.7289
14.8122
15.7692
16.5407
17.2375
17.9315
18.6184
19.278
19.8942
20.4735
21.0169
21.5305
22.0059
22.4462
22.8451
23.2079
23.5283
23.8115
24.0504
24.2499
24.4037
24.5164
24.5809
24.6023
24.5743
24.5026
24.3816
24.2164
24.0017
23.7421
23.4329
23.0794
22.6782
22.234
21.7439
21.2131
20.6389
20.0257
19.3714
18.6811
17.9536
17.1954
16.4073
15.5964
14.7642
13.9124
13.0333
12.1245
11.1933
10.2737
9.41459
8.66473
8.04821
7.56664
7.20144
6.92253
6.68162
6.41539
6.05229
5.54003
4.86451
4.06651
3.22568
2.43877
1.76297
1.21351
0.718334
0.398289
0.213504
-0.00221486
-0.232503
-0.420763
-0.549876
-0.68563
-0.713685
-0.886645
-0.588665
-1.29709
0.493424
-3.53883
12.6573
11.6099
10.5979
9.62152
8.6797
7.77595
6.90711
6.07898
5.28718
4.53683
3.82365
3.15331
2.52156
1.93312
1.3836
0.877904
0.411611
-0.0106257
-0.394238
-0.734216
-1.03589
-1.29519
-1.51703
-1.6979
-1.84287
-1.94894
-2.02098
-2.05675
-2.06101
-2.03188
-1.975
-1.88825
-1.77735
-1.64059
-1.48373
-1.3051
-1.11017
-0.897862
-0.673158
-0.435488
-0.189764
0.0647416
0.323424
0.586623
0.849797
1.11337
1.37279
1.62866
1.87667
2.11748
2.34705
2.56601
2.77053
2.96169
3.13612
3.29525
3.43611
3.56085
3.66674
3.75582
3.82568
3.87883
3.91412
3.93092
3.92575
3.90755
3.87996
3.82211
3.75763
3.70041
3.64355
3.60042
3.57717
3.56978
3.56013
3.66396
3.94702
3.5714
3.60039
9.0603
-2.69138
-1.96873
-1.29366
-0.715281
-0.196704
0.303788
0.805887
1.30036
1.77729
2.23048
2.66627
3.08471
3.48854
3.87306
4.24049
4.58818
4.91884
5.22919
5.52117
5.79183
6.04412
6.2753
6.48736
6.67777
6.84812
6.9967
7.12545
7.23236
7.31961
7.38549
7.43089
7.45476
7.4585
7.44109
7.40395
7.3467
7.26968
7.17283
7.0557
6.91821
6.76176
6.59156
6.41728
6.25882
6.14408
6.10902
6.18536
6.39457
6.72429
7.12129
7.48271
7.68195
7.5922
7.1289
6.26257
5.04051
3.57505
2.0442
0.651326
-0.403246
-0.989351
-1.0889
-0.834696
-0.456911
-0.179479
-0.0765571
-0.128563
-0.145901
-0.0569196
0.0228661
0.0510688
0.0512557
0.0461034
0.000140238
-0.00229664
-0.114998
0.0494517
-0.381069
0.632715
-1.52392
-3.42235
-4.13937
-4.83641
-5.51484
-6.17127
-6.80745
-7.41938
-8.00853
-8.57161
-9.10994
-9.61958
-10.1018
-10.5529
-10.9742
-11.3614
-11.716
-12.0337
-12.316
-12.559
-12.7636
-12.9269
-13.0497
-13.1286
-13.1647
-13.1554
-13.1018
-13.0016
-12.8563
-12.664
-12.4268
-12.1443
-11.8185
-11.4499
-11.0411
-10.5942
-10.1123
-9.59825
-9.05551
-8.48867
-7.90196
-7.30057
-6.68893
-6.07347
-5.45871
-4.85145
-4.25604
-3.67931
-3.12449
-2.59802
-2.10172
-1.64124
-1.21661
-0.832286
-0.486435
-0.182211
0.0839792
0.310326
0.502096
0.658708
0.786717
0.887762
0.970396
1.03939
1.10162
1.16077
1.22632
1.30082
1.36128
1.39356
1.42377
1.44041
1.44347
1.43084
1.39545
1.32716
1.28099
1.29391
1.02673
0.940889
3.18068
)
;

boundaryField
{
    inlet
    {
        type            freestreamPressure;
        freestreamValue uniform 0;
        supersonic      false;
        value           nonuniform List<scalar> 
134
(
6.70685
4.37246
1.92176
-0.247255
-1.89099
-3.04289
-3.55892
-3.44189
-2.74355
-1.27001
-0.174536
-0.276845
-0.477403
-0.675301
-0.882712
-1.10407
-1.3389
-1.58611
-1.84684
-2.12493
8.98544
-2.42719
-2.75821
-3.10616
-3.4371
-3.68374
-3.80478
-4.02905
-4.01606
-4.08354
-4.97778
-4.52176
-4.53031
-4.60922
-4.66367
-4.68159
-4.68876
-4.72817
-4.8639
-5.01381
11.1344
13.351
15.271
16.3906
16.2927
14.1933
9.13955
-5.61109
-5.56796
-5.44287
-5.34896
-5.26902
-5.17854
-5.07776
-4.9699
-4.85368
-4.72796
-4.59426
-4.45402
-4.3078
-4.15476
-3.99441
-3.82545
-3.64615
-3.45303
-3.24445
-3.08419
-2.92561
-2.75024
-2.56192
-2.35619
-2.11943
-1.8087
-1.33443
-0.574129
4.23587
8.16948
11.9632
15.351
18.4205
21.1763
23.4237
25.1036
26.2959
27.0582
27.4934
27.712
27.8081
27.8574
27.9692
28.3187
28.9687
29.6551
30.1842
30.5897
30.9183
31.1781
31.3564
31.4475
31.4559
31.3927
31.285
31.1851
31.2307
31.6199
32.76
33.1686
32.4307
31.5874
30.9825
30.4553
29.8752
29.2444
28.5945
27.9304
27.247
26.537
25.7986
25.0261
24.2157
23.3578
22.4438
21.454
20.3743
19.1006
18.0558
16.9713
15.7066
14.2778
12.6763
10.8228
8.5977
5.68284
1.99605
)
;
    }
    outlet
    {
        type            freestreamPressure;
        freestreamValue uniform 0;
        supersonic      false;
        value           nonuniform List<scalar> 
160
(
-0.0493065
-0.0621456
-0.0363803
-0.0745587
-0.0242147
-0.0864504
-0.0137092
-0.0978416
-0.00422433
-0.108678
0.00499243
-0.118998
0.0143015
-0.12874
0.023524
-0.137941
0.0324676
-0.146555
0.0410056
-0.154619
0.0492468
-0.162078
0.057181
-0.168971
0.0648518
-0.175248
0.0721628
-0.180949
0.0791498
-0.186019
0.0857549
-0.190499
0.0920238
-0.194335
0.0978884
-0.197568
0.103381
-0.200148
0.108442
-0.202109
0.113123
-0.203417
0.11737
-0.204099
0.121218
-0.204113
0.124618
-0.20349
0.1276
-0.202202
0.130133
-0.200273
0.132252
-0.197681
0.133923
-0.194455
0.135187
-0.190576
0.136016
-0.186084
0.13643
-0.180979
0.136414
-0.175299
0.135998
-0.169054
0.135169
-0.162291
0.13396
-0.155046
0.132369
-0.147366
0.130412
-0.139297
0.128094
-0.130892
0.125413
-0.122222
0.122375
-0.113347
0.11901
-0.104344
0.115413
-0.095274
0.111756
-0.0862279
0.10838
-0.0772662
0.105745
-0.0684818
0.104416
-0.0599295
0.10485
-0.0516999
0.107306
-0.04383
0.111483
-0.0364023
0.116471
-0.0294332
0.120686
-0.0229932
0.122315
-0.0170741
0.119632
-0.0117301
0.111539
-0.00692871
0.0976306
-0.00270763
0.0784892
0.000987728
0.055549
0.0041362
0.031311
0.00681308
0.00890335
0.00901214
-0.00825887
0.0108247
-0.0177334
0.0122737
-0.0190015
0.0134775
-0.0142814
0.0145021
-0.00753323
0.0154437
-0.00257617
0.0163549
-0.000674378
0.01737
-0.00145058
0.0185286
-0.00178448
0.0194902
-0.000448548
0.0200378
0.000743909
0.0205761
0.00111687
0.0209333
0.00104848
0.0211108
0.000908919
0.0210745
0.000147265
0.0207179
7.14859e-05
0.0198812
-0.00168748
0.0193743
0.000808003
0.0197835
-0.0057277
0.015929
0.00981354
0.0147602
-0.0221796
0.0503957
)
;
    }
    walls
    {
        type            zeroGradient;
    }
    frontAndBack
    {
        type            empty;
    }
}


// ************************************************************************* //
