/*--------------------------------*- C++ -*----------------------------------*\
  =========                 |
  \\      /  F ield         | OpenFOAM: The Open Source CFD Toolbox
   \\    /   O peration     | Website:  https://openfoam.org
    \\  /    A nd           | Version:  12
     \\/     M anipulation  |
\*---------------------------------------------------------------------------*/
FoamFile
{
    format      ascii;
    class       volScalarField;
    location    "50";
    object      omega;
}
// * * * * * * * * * * * * * * * * * * * * * * * * * * * * * * * * * * * * * //

dimensions      [0 0 -1 0 0 0 0];

internalField   nonuniform List<scalar> 
10720
(
0.94573
0.94675
0.945865
0.95027
0.952249
0.954392
0.957526
0.960474
0.963429
0.966661
0.969547
0.972393
0.975425
0.978218
0.981102
0.984243
0.987644
0.991491
0.996085
1.00147
1.00841
1.01879
1.42509
66.0971
107.974
144.839
182.577
210.001
221.47
221.733
219.126
211.673
199.993
186.447
171.435
155.361
141.058
125.63
149.232
0.946215
0.948362
0.94634
0.950013
0.953225
0.956937
0.967901
0.9753
0.982492
0.989979
0.997948
1.00592
1.01391
1.02176
1.0298
1.03811
1.04678
1.05599
1.066
1.07691
1.08881
1.10196
1.11642
1.13157
1.14717
1.16329
3.09957
47.8788
71.2124
88.0822
99.8023
107.151
110.843
111.57
109.928
106.373
100.999
93.5546
84.2572
3.96286
3.98463
4.01953
4.06082
4.10397
4.15586
4.21308
4.27268
4.33785
4.40561
4.47604
4.55057
4.62888
4.69612
4.74242
4.76112
4.74774
4.71177
4.66947
4.65113
4.70629
4.93687
7.33333
182.747
277.558
289.896
246.165
193.953
164.017
144.976
130.083
116.917
105.12
94.4348
84.7091
75.6611
69.1466
64.0487
73.6479
3.93854
3.92485
3.90339
3.88931
3.87748
3.87396
3.89728
3.92608
3.9604
4.00201
4.04977
4.10042
4.15243
4.20607
4.25901
4.31211
4.36504
4.41872
4.47398
4.53271
4.59646
4.6719
4.76214
4.87471
5.01574
5.1961
5.43012
7.93396
13.0809
20.0391
27.9444
36.1023
44.1117
51.9164
59.9864
69.7084
81.8145
99.0094
127.881
3.28056
3.28411
3.29038
3.29822
3.30704
3.31786
3.33025
3.34391
3.35973
3.37751
3.39783
3.42129
3.44839
3.47984
3.5173
3.57013
3.64375
3.73883
3.85665
3.99414
4.16147
4.33511
5.37042
72.8708
161.37
236.13
259.349
239.662
207.395
171.284
142.37
120.072
102.203
87.3082
74.9098
64.5206
56.8951
51.1378
53.9487
3.27689
3.27559
3.27328
3.2731
3.2744
3.28084
3.29227
3.30657
3.32247
3.33939
3.35651
3.37309
3.39029
3.4154
3.44647
3.48292
3.52455
3.57154
3.62429
3.67521
3.72084
3.76672
3.8171
3.87368
3.93502
4.00284
4.08155
4.18058
4.33166
4.70898
5.56368
7.1245
9.52363
12.7748
16.8355
21.7757
28.0265
36.9862
46.3748
3.14127
3.14495
3.15012
3.15647
3.16384
3.17249
3.18204
3.19235
3.20348
3.2157
3.22966
3.24537
3.2629
3.28241
3.30415
3.3291
3.36169
3.40485
3.46526
3.55231
3.6835
3.87069
4.36331
25.0429
65.974
118.427
165.324
194.465
201.076
187.228
164.083
138.698
115.074
94.8536
78.4471
65.2775
55.4022
47.796
46.5028
3.13805
3.13605
3.13421
3.13395
3.136
3.14466
3.1547
3.1685
3.18596
3.20664
3.23014
3.25637
3.28545
3.31757
3.35287
3.39176
3.4346
3.48191
3.53428
3.59252
3.65685
3.72696
3.80342
3.88816
3.95955
4.01195
4.05219
4.0851
4.11347
4.13879
4.16839
4.22804
4.37219
4.69961
5.3675
6.62694
8.91217
13.5072
17.755
3.10011
3.1042
3.10971
3.1164
3.1243
3.13366
3.14411
3.15579
3.16877
3.18298
3.19858
3.21568
3.23443
3.25505
3.27777
3.30291
3.33119
3.3635
3.40215
3.45191
3.52353
3.63525
3.87541
11.1732
28.1873
53.4145
82.2027
110.367
133.631
146.184
145.897
135.455
119.609
101.946
84.7829
69.5521
57.5551
48.0016
43.7584
3.09673
3.09449
3.09264
3.09233
3.09494
3.10453
3.11561
3.12955
3.14639
3.16625
3.18883
3.21402
3.24199
3.27291
3.3069
3.34439
3.38571
3.43138
3.48195
3.53822
3.59451
3.64135
3.68138
3.71387
3.73705
3.75095
3.75747
3.75896
3.75745
3.75501
3.75515
3.7587
3.76754
3.78951
3.84701
4.00187
4.41625
5.79164
7.77442
3.0731
3.07798
3.08426
3.09166
3.10026
3.11032
3.12144
3.13376
3.14739
3.16225
3.1785
3.19629
3.21572
3.23706
3.26052
3.28642
3.31524
3.3473
3.38342
3.42522
3.47683
3.54618
3.67073
6.07533
13.2867
25.7116
41.0587
57.2953
73.5436
88.3231
99.3313
104.295
102.308
94.5475
83.6349
71.4524
59.9026
49.4214
43.2527
3.06897
3.06594
3.06325
3.06179
3.06375
3.07177
3.0818
3.09487
3.11085
3.12982
3.15144
3.17558
3.20244
3.23214
3.26483
3.30091
3.34073
3.38476
3.43355
3.48786
3.54853
3.61436
3.67363
3.71903
3.75061
3.76939
3.77801
3.77887
3.77353
3.76301
3.74646
3.7221
3.69034
3.65282
3.61344
3.58352
3.59774
3.86845
4.55599
3.04787
3.05346
3.06042
3.06842
3.07761
3.08825
3.09991
3.11278
3.12696
3.14236
3.1592
3.1776
3.19768
3.21972
3.24395
3.27066
3.30025
3.3332
3.36992
3.4112
3.45863
3.51566
3.59195
4.31027
6.96138
12.6385
21.0326
30.651
40.2859
49.4798
58.472
66.7908
72.876
74.9771
72.5184
66.5502
58.7692
49.8922
43.3919
3.04305
3.0393
3.03583
3.03319
3.03459
3.04104
3.0502
3.0624
3.07751
3.09556
3.11621
3.13929
3.165
3.19345
3.22479
3.25943
3.29768
3.34002
3.38698
3.43931
3.49769
3.54522
3.5823
3.60976
3.62736
3.63538
3.63508
3.6279
3.61484
3.59714
3.57649
3.55462
3.5319
3.50812
3.48262
3.45592
3.43176
3.46388
3.67046
3.02364
3.02985
3.0374
3.04589
3.05554
3.06666
3.07874
3.09204
3.10667
3.12252
3.13984
3.15876
3.17941
3.20208
3.227
3.25448
3.2849
3.31876
3.35639
3.39843
3.44574
3.49984
3.56457
3.7982
4.68251
6.88914
10.8172
16.1927
22.2651
28.2742
34.0215
39.8131
45.8607
51.6426
55.3547
55.8293
53.1019
47.7496
42.5516
3.01821
3.01377
3.00957
3.00572
3.00645
3.01164
3.01988
3.03119
3.04539
3.06251
3.08214
3.10411
3.12863
3.15578
3.18571
3.21882
3.25543
3.29597
3.341
3.39121
3.44646
3.49381
3.53033
3.55705
3.5742
3.58203
3.58176
3.57468
3.56174
3.54373
3.52113
3.49355
3.46137
3.42532
3.38623
3.34575
3.30571
3.28635
3.34038
2.99993
3.00666
3.0147
3.02355
3.03355
3.04502
3.05742
3.07104
3.08601
3.10221
3.11991
3.13927
3.1604
3.18362
3.20917
3.23737
3.26859
3.30337
3.342
3.38502
3.43314
3.48724
3.54898
3.65972
3.96866
4.76009
6.34708
8.85597
12.157
15.9031
19.8179
23.8846
28.2701
33.1336
38.1436
42.3519
44.1093
42.8985
39.9476
2.99391
2.98884
2.98394
2.97893
2.97892
2.983
2.99028
3.00066
3.0139
3.03001
3.04856
3.06938
3.09264
3.11841
3.14683
3.17832
3.21315
3.25177
3.2947
3.34251
3.39048
3.42708
3.4539
3.4721
3.48219
3.48452
3.48009
3.46999
3.45503
3.43602
3.41351
3.38823
3.36015
3.3293
3.29558
3.25959
3.22165
3.19226
3.19738
2.97639
2.98356
2.99197
3.00109
3.01131
3.02301
3.0356
3.04944
3.06463
3.08107
3.09906
3.11875
3.14027
3.16396
3.19005
3.21888
3.25084
3.28648
3.3261
3.37017
3.41934
3.47429
3.53596
3.61514
3.75606
4.05404
4.65928
5.70091
7.22964
9.19068
11.5007
14.1627
17.2734
20.9692
25.2677
29.9197
33.897
36.1079
35.6523
2.96987
2.96419
2.95862
2.95246
2.95167
2.95473
2.96101
2.97038
2.98258
2.99759
3.01498
3.03455
3.05646
3.08075
3.10756
3.13727
3.17016
3.20665
3.24717
3.29193
3.33161
3.36099
3.3815
3.39442
3.4005
3.40011
3.39405
3.38321
3.36829
3.34982
3.3281
3.30326
3.27503
3.24366
3.20944
3.17336
3.1361
3.10627
3.09887
2.9528
2.96032
2.96899
2.97824
2.98858
3.00038
3.01306
3.02698
3.04228
3.05886
3.07702
3.09693
3.11874
3.14278
3.16931
3.19869
3.23131
3.2676
3.30816
3.35328
3.40357
3.45962
3.52215
3.5926
3.68293
3.82344
4.07034
4.49076
5.14184
6.05076
7.22854
8.72245
10.6409
13.1511
16.4293
20.4962
24.7599
28.6608
30.2809
2.94583
2.93957
2.93333
2.92608
2.92453
2.92655
2.93177
2.94005
2.95111
2.96491
2.98102
2.99921
3.01964
3.04231
3.06734
3.0951
3.1258
3.15983
3.1974
3.23711
3.26644
3.28689
3.29966
3.30606
3.30697
3.30274
3.29398
3.2814
3.26548
3.24672
3.22539
3.20185
3.1758
3.1474
3.11682
3.08482
3.05202
3.02571
3.01837
2.92899
2.93676
2.94557
2.95484
2.96516
2.97695
2.98959
3.00347
3.01876
3.03534
3.05356
3.07357
3.09553
3.11981
3.14667
3.17647
3.20965
3.24663
3.28808
3.3342
3.38559
3.44279
3.50498
3.56969
3.64227
3.7317
3.8567
4.04389
4.32326
4.72346
5.27395
6.02558
7.07127
8.56384
10.7296
13.8154
17.6168
21.877
24.6063
2.92163
2.91482
2.90791
2.8996
2.89732
2.89828
2.90235
2.90943
2.91922
2.93165
2.94632
2.96298
2.98176
3.00263
3.02565
3.05117
3.07931
3.11033
3.14369
3.17246
3.1925
3.20506
3.21116
3.21208
3.20877
3.20153
3.19082
3.17711
3.16084
3.14231
3.1217
3.09927
3.07464
3.04796
3.01944
2.99005
2.96061
2.9383
2.93463
2.90482
2.91274
2.92157
2.93074
2.94094
2.95257
2.96503
2.97875
2.9939
3.01035
3.02847
3.04843
3.07041
3.09477
3.1218
3.1519
3.1855
3.22306
3.26532
3.31239
3.36484
3.4232
3.48222
3.54258
3.60678
3.67708
3.75894
3.86175
3.99772
4.18173
4.4335
4.78877
5.31258
6.11779
7.39607
9.44625
12.3952
16.3269
19.4236
2.89716
2.88984
2.88221
2.87293
2.86991
2.86975
2.87257
2.87834
2.8867
2.89756
2.91059
2.92552
2.94241
2.9612
2.98191
3.00475
3.02971
3.05664
3.08232
3.10012
3.1111
3.1162
3.11621
3.1123
3.10535
3.09559
3.08327
3.0687
3.05214
3.03384
3.01393
2.99269
2.96978
2.94523
2.91931
2.89282
2.86674
2.84754
2.84754
2.88019
2.88815
2.89689
2.90585
2.91578
2.92711
2.93926
2.95267
2.96751
2.98368
3.00154
3.02129
3.0431
3.06736
3.0944
3.12461
3.15846
3.19644
3.2394
3.28733
3.3408
3.39786
3.45328
3.50963
3.56837
3.6298
3.69471
3.76545
3.84615
3.9432
4.0666
4.23547
4.48711
4.89326
5.58775
6.82184
8.85832
12.062
15.1032
2.87231
2.86451
2.85614
2.84597
2.84217
2.84085
2.8423
2.84661
2.85333
2.86239
2.87352
2.88644
2.90114
2.91747
2.93537
2.95482
2.97546
2.99596
3.00998
3.01853
3.02222
3.02163
3.0173
3.01015
3.00094
2.98973
2.97665
2.96184
2.94548
2.92769
2.90853
2.88828
2.86665
2.84373
2.81969
2.79539
2.77186
2.75514
2.75692
2.85501
2.8629
2.87143
2.88006
2.88959
2.90047
2.91215
2.92508
2.93945
2.95515
2.97257
2.99189
3.01331
3.03725
3.06405
3.09413
3.128
3.1662
3.20937
3.25804
3.31245
3.36506
3.41684
3.46944
3.52383
3.57987
3.63686
3.69456
3.75359
3.81589
3.8855
3.97212
4.09511
4.29398
4.65089
5.34153
6.62837
8.98788
11.6925
2.847
2.83877
2.82959
2.81865
2.81402
2.81145
2.81143
2.8141
2.81893
2.82591
2.83482
2.84539
2.85746
2.87073
2.88507
2.89983
2.91383
2.9233
2.92896
2.93121
2.93026
2.92634
2.91972
2.91106
2.90091
2.88928
2.87617
2.86164
2.84574
2.82859
2.8102
2.79061
2.77009
2.74847
2.72594
2.70329
2.68164
2.66633
2.66876
2.82919
2.83693
2.84513
2.8533
2.86229
2.87256
2.88361
2.89587
2.90955
2.92456
2.94128
2.95991
2.98067
3.00398
3.03021
3.05983
3.0934
3.13148
3.17478
3.224
3.27358
3.32199
3.37039
3.41973
3.47058
3.52276
3.57528
3.62692
3.67687
3.72514
3.77311
3.82504
3.89025
3.98951
4.16836
4.53586
5.29582
6.89888
9.10954
2.82114
2.81254
2.80252
2.79091
2.78538
2.78149
2.77984
2.78068
2.78332
2.78785
2.79414
2.80192
2.8107
2.81997
2.82957
2.83701
2.84215
2.84525
2.84634
2.84539
2.84231
2.83707
2.82975
2.8208
2.81064
2.79921
2.78647
2.77243
2.75712
2.74057
2.7228
2.70381
2.68395
2.66307
2.64135
2.61953
2.59869
2.58365
2.58484
2.80269
2.81017
2.81792
2.82551
2.8338
2.84328
2.8535
2.86489
2.87764
2.89169
2.9074
2.925
2.94469
2.96694
2.99214
3.02076
3.05342
3.09075
3.13358
3.1781
3.22227
3.26663
3.3119
3.35844
3.40644
3.45573
3.50536
3.55391
3.60012
3.64299
3.68231
3.72004
3.76067
3.81446
3.90572
4.09688
4.52447
5.5471
7.23132
2.7947
2.7858
2.77485
2.76269
2.7562
2.75088
2.74745
2.74623
2.74631
2.74796
2.75113
2.75552
2.76
2.76366
2.76667
2.76902
2.77055
2.77107
2.77035
2.76821
2.76444
2.75894
2.75167
2.74293
2.73306
2.722
2.70971
2.69617
2.68137
2.66534
2.64809
2.62962
2.61023
2.58977
2.56846
2.54691
2.52618
2.51034
2.50916
2.77545
2.78258
2.78975
2.7966
2.80405
2.81256
2.82174
2.83199
2.84353
2.85627
2.87058
2.88665
2.90473
2.92525
2.94865
2.97522
3.00559
3.0397
3.0753
3.11331
3.15273
3.19375
3.23668
3.28137
3.32761
3.37522
3.42331
3.47048
3.51533
3.55663
3.59367
3.62689
3.65822
3.69284
3.74312
3.84361
4.07831
4.70071
5.91074
2.76761
2.75848
2.74656
2.73395
2.72642
2.71957
2.71418
2.71062
2.70767
2.70592
2.70532
2.70549
2.70613
2.70701
2.70783
2.70838
2.70842
2.70776
2.70614
2.70337
2.69924
2.69362
2.68642
2.67784
2.66815
2.65733
2.64531
2.63207
2.61759
2.60187
2.58491
2.5667
2.54748
2.5272
2.50598
2.48436
2.46326
2.4461
2.44153
2.74743
2.75413
2.76056
2.76651
2.77296
2.78029
2.78819
2.79702
2.80696
2.81795
2.8303
2.8442
2.85984
2.8776
2.8979
2.91967
2.94315
2.96872
2.99686
3.02877
3.06371
3.10166
3.14262
3.18604
3.23135
3.27827
3.32599
3.37317
3.41844
3.46044
3.49807
3.53128
3.56082
3.58902
3.62233
3.67953
3.80931
4.17812
5.00933
2.73983
2.73056
2.71761
2.70466
2.69599
2.68749
2.67994
2.67392
2.66928
2.66587
2.66361
2.66214
2.66117
2.66051
2.65988
2.65909
2.65795
2.65625
2.65379
2.65037
2.6458
2.63991
2.63259
2.62399
2.61431
2.60355
2.59164
2.57855
2.56425
2.54872
2.53195
2.51394
2.49485
2.47463
2.45338
2.43157
2.40997
2.39131
2.38326
2.71977
2.72522
2.73031
2.73519
2.74046
2.74637
2.75268
2.75969
2.76754
2.77616
2.78577
2.79645
2.80825
2.82137
2.83592
2.85206
2.87005
2.89011
2.9126
2.93803
2.96791
3.00164
3.03922
3.07998
3.12326
3.16876
3.21576
3.26295
3.30897
3.35245
3.39228
3.42789
3.45931
3.48753
3.51578
3.55453
3.6315
3.84967
4.40287
2.71324
2.70462
2.69118
2.67876
2.66986
2.66081
2.65238
2.64524
2.63932
2.6345
2.63078
2.62786
2.62547
2.62344
2.62152
2.61953
2.61729
2.61461
2.61131
2.6072
2.60209
2.59583
2.58826
2.57947
2.56965
2.5588
2.54685
2.53376
2.51947
2.50398
2.48724
2.46924
2.45011
2.42982
2.40843
2.3863
2.36409
2.344
2.3325
2.69932
2.70369
2.70739
2.71077
2.71432
2.71822
2.72236
2.727
2.73226
2.73815
2.74483
2.75238
2.76088
2.77048
2.78131
2.79352
2.80731
2.82292
2.84064
2.86082
2.88497
2.9128
2.94453
2.97977
3.01808
3.05937
3.10311
3.14818
3.19331
3.23716
3.27846
3.31648
3.35087
3.38181
3.41104
3.44452
3.49743
3.63149
3.99443
2.69371
2.68568
2.67157
2.65964
2.6504
2.64076
2.63146
2.62327
2.61617
2.61007
2.60503
2.60082
2.59717
2.59393
2.59086
2.58779
2.58455
2.58096
2.57686
2.57206
2.56639
2.55967
2.55176
2.54269
2.53262
2.52158
2.5095
2.4963
2.48196
2.46643
2.44967
2.43166
2.41249
2.39211
2.37056
2.34813
2.32537
2.30394
2.28942
2.68463
2.68808
2.69056
2.69266
2.69473
2.6969
2.69918
2.70177
2.70482
2.70836
2.71253
2.71741
2.72308
2.72966
2.73728
2.74607
2.75623
2.76794
2.78149
2.79716
2.81611
2.83825
2.86382
2.89265
2.92456
2.95971
2.99792
3.03837
3.0801
3.12196
3.16281
3.20177
3.23825
3.27208
3.30414
3.33797
3.38191
3.47151
3.71087
2.67984
2.67234
2.65749
2.64588
2.63628
2.62603
2.61587
2.60668
2.59848
2.59118
2.58495
2.57959
2.57481
2.57049
2.56641
2.56237
2.55823
2.55382
2.54897
2.54351
2.53727
2.53007
2.52175
2.51232
2.50194
2.49063
2.47832
2.46495
2.45045
2.43479
2.41791
2.39977
2.38043
2.35986
2.33807
2.31526
2.2919
2.26928
2.25207
2.6746
2.67724
2.67867
2.67966
2.68044
2.68109
2.68175
2.68257
2.68369
2.68519
2.68719
2.68976
2.69298
2.69696
2.70179
2.70761
2.71459
2.7229
2.73278
2.74448
2.75888
2.776
2.79602
2.81887
2.84447
2.87311
2.90488
2.93931
2.97583
3.0136
3.05166
3.08926
3.12587
3.16116
3.19568
3.23157
3.27304
3.34052
3.50352
2.67053
2.66353
2.64788
2.63647
2.62647
2.61559
2.60459
2.59443
2.58518
2.57678
2.56946
2.56305
2.55726
2.55197
2.54698
2.54209
2.53714
2.53199
2.52645
2.52036
2.51357
2.50589
2.49714
2.48731
2.47657
2.46494
2.45236
2.43875
2.42405
2.40822
2.3912
2.37293
2.35345
2.33271
2.3107
2.28758
2.26371
2.24001
2.22053
2.66839
2.67032
2.67082
2.67084
2.67048
2.66979
2.66902
2.66827
2.6677
2.66742
2.66751
2.66806
2.66914
2.67084
2.67325
2.67647
2.68066
2.68598
2.69263
2.70083
2.71126
2.724
2.73918
2.75675
2.77667
2.79926
2.82474
2.85289
2.88342
2.91584
2.9495
2.9839
3.01855
3.05326
3.0884
3.12533
3.16634
3.22314
3.34053
2.66495
2.65844
2.64196
2.63064
2.62022
2.60868
2.59684
2.58573
2.57548
2.56604
2.5577
2.55032
2.54361
2.53746
2.53166
2.526
2.52034
2.51451
2.50834
2.50168
2.49436
2.4862
2.47701
2.46676
2.45562
2.44364
2.43074
2.41686
2.40192
2.38586
2.36863
2.35016
2.33043
2.30944
2.28716
2.26365
2.23922
2.2146
2.19315
2.66535
2.66666
2.66633
2.66547
2.66409
2.6622
2.66014
2.65801
2.65592
2.65406
2.65247
2.65124
2.65043
2.65012
2.65039
2.65133
2.65307
2.65575
2.65954
2.66466
2.67159
2.68049
2.69146
2.70444
2.71941
2.73666
2.75642
2.77864
2.80322
2.8299
2.85834
2.88823
2.91934
2.95159
2.98538
3.02174
3.06192
3.11326
3.20415
2.66248
2.65643
2.63909
2.62778
2.61691
2.6047
2.59199
2.57995
2.56873
2.5583
2.549
2.54072
2.53316
2.52622
2.51969
2.51335
2.50704
2.50061
2.49388
2.48669
2.47888
2.47025
2.46062
2.44994
2.4384
2.42605
2.41281
2.39863
2.38342
2.36712
2.34968
2.33101
2.31107
2.28987
2.26735
2.24354
2.21867
2.1932
2.17012
2.66498
2.66574
2.66466
2.66301
2.6607
2.65771
2.65449
2.65109
2.64764
2.64435
2.64125
2.63842
2.63594
2.63385
2.63222
2.63114
2.6307
2.63104
2.63231
2.63468
2.63845
2.64399
2.65129
2.6603
2.67099
2.68358
2.69832
2.71521
2.73427
2.7554
2.77846
2.80334
2.82997
2.85841
2.88916
2.92311
2.96136
3.00904
3.08405
2.66261
2.65702
2.63883
2.62744
2.61608
2.60317
2.58959
2.57663
2.56445
2.55305
2.54284
2.53372
2.52537
2.5177
2.5105
2.50353
2.49665
2.48967
2.48243
2.47476
2.46648
2.45742
2.44735
2.43624
2.42429
2.41156
2.39797
2.38347
2.36796
2.3514
2.3337
2.31479
2.29461
2.27314
2.25033
2.22616
2.2008
2.17461
2.15014
2.6669
2.66716
2.6654
2.66302
2.65985
2.65585
2.65155
2.64698
2.64229
2.6377
2.63322
2.62896
2.62496
2.62127
2.61794
2.61504
2.61267
2.61092
2.60994
2.60988
2.61091
2.61348
2.61755
2.6231
2.63005
2.63861
2.64893
2.66112
2.67521
2.69123
2.70912
2.7289
2.75067
2.77459
2.80127
2.83163
2.86681
2.91097
2.97564
2.66498
2.65981
2.64078
2.62926
2.61738
2.60373
2.58927
2.57537
2.56225
2.5499
2.5388
2.52887
2.51977
2.51143
2.50361
2.49607
2.48866
2.48119
2.47348
2.46536
2.45666
2.44718
2.4367
2.42517
2.4128
2.39968
2.38575
2.37091
2.35511
2.33828
2.32033
2.3012
2.28081
2.25913
2.23609
2.21164
2.18591
2.15906
2.13342
2.67081
2.67062
2.66823
2.66517
2.66119
2.65624
2.65093
2.64527
2.63941
2.63362
2.62788
2.62229
2.61692
2.61177
2.6069
2.60237
2.59825
2.59463
2.59164
2.5894
2.58807
2.58803
2.58927
2.59177
2.59548
2.60049
2.60698
2.61503
2.62471
2.6361
2.64922
2.66417
2.68108
2.70026
2.72232
2.74827
2.77945
2.81964
2.87634
2.6693
2.66454
2.64467
2.63295
2.62053
2.6061
2.59073
2.57588
2.56181
2.54852
2.53656
2.52585
2.51603
2.50704
2.49864
2.49058
2.48268
2.47476
2.46662
2.45809
2.449
2.43912
2.42824
2.41629
2.40352
2.39002
2.37572
2.36056
2.34445
2.32732
2.30911
2.28973
2.26908
2.24715
2.22383
2.19906
2.17293
2.14553
2.11893
2.67649
2.67589
2.6729
2.66919
2.66444
2.65858
2.65232
2.64562
2.63866
2.63174
2.62482
2.618
2.61135
2.60486
2.59859
2.59256
2.58686
2.58155
2.57674
2.57255
2.56913
2.56677
2.56551
2.56536
2.56623
2.56817
2.5713
2.57572
2.58152
2.58878
2.59758
2.60803
2.62034
2.63484
2.65218
2.67343
2.70006
2.7356
2.78526
2.67533
2.67096
2.65029
2.63832
2.6253
2.61007
2.59376
2.57794
2.56291
2.54868
2.53585
2.52437
2.51386
2.50425
2.4953
2.48673
2.47838
2.47004
2.46151
2.4526
2.44313
2.43289
2.42161
2.40926
2.39609
2.38221
2.36756
2.35207
2.33565
2.31824
2.29977
2.28015
2.25929
2.23715
2.21361
2.18861
2.16217
2.13426
2.10686
2.68377
2.68279
2.67923
2.6749
2.6694
2.66266
2.65547
2.64778
2.63977
2.63177
2.62372
2.61575
2.6079
2.60016
2.59258
2.58519
2.57803
2.57118
2.56472
2.55877
2.55346
2.54903
2.54557
2.54309
2.54149
2.54074
2.54093
2.54217
2.54454
2.54814
2.55307
2.55945
2.5675
2.57758
2.59028
2.60672
2.62842
2.6588
2.70156
2.68293
2.67891
2.65747
2.64519
2.63155
2.61547
2.59818
2.58136
2.56535
2.55017
2.53648
2.52423
2.51303
2.50282
2.49334
2.4843
2.47551
2.46678
2.45788
2.44861
2.43879
2.42819
2.41654
2.40379
2.39023
2.37598
2.36098
2.34515
2.32842
2.31072
2.29198
2.2721
2.25101
2.22862
2.20484
2.17956
2.15278
2.12446
2.09641
2.69253
2.6912
2.68708
2.68215
2.67591
2.6683
2.66021
2.65154
2.64251
2.63346
2.62434
2.61526
2.60628
2.59736
2.58855
2.57988
2.57137
2.5631
2.55513
2.54757
2.54055
2.53428
2.52886
2.52432
2.52055
2.51745
2.51507
2.51352
2.51288
2.51324
2.5147
2.51741
2.52158
2.52754
2.53587
2.54764
2.56432
2.58908
2.62494
2.69198
2.68828
2.66609
2.65346
2.63914
2.62218
2.60386
2.58601
2.56899
2.55284
2.53827
2.52526
2.51337
2.50256
2.49257
2.48306
2.47386
2.46475
2.4555
2.44589
2.43574
2.42479
2.41278
2.39965
2.3857
2.37108
2.35572
2.33956
2.32253
2.30455
2.28554
2.26543
2.24412
2.22153
2.19755
2.17207
2.14505
2.11634
2.08773
2.70268
2.70101
2.69635
2.69082
2.68385
2.67538
2.66638
2.65676
2.64671
2.63664
2.62647
2.61631
2.60624
2.59619
2.58622
2.57634
2.56657
2.55697
2.54761
2.53857
2.52999
2.52206
2.51488
2.50853
2.50284
2.49767
2.49304
2.48904
2.48574
2.48324
2.48163
2.48104
2.48169
2.48389
2.48813
2.49541
2.5071
2.52609
2.55509
2.70238
2.69897
2.67608
2.66303
2.64801
2.63011
2.61072
2.59179
2.57373
2.55658
2.54112
2.52732
2.51475
2.50334
2.49283
2.48286
2.47326
2.46378
2.45419
2.44426
2.43378
2.4225
2.41014
2.39662
2.38229
2.3673
2.3516
2.33511
2.31777
2.2995
2.28022
2.25986
2.23832
2.2155
2.1913
2.16559
2.13829
2.10927
2.08023
2.71418
2.71219
2.70698
2.70084
2.69314
2.6838
2.6739
2.66331
2.65225
2.64117
2.62997
2.61875
2.60761
2.59647
2.58538
2.57434
2.56337
2.55252
2.54185
2.53144
2.52143
2.51198
2.50322
2.49525
2.48787
2.48088
2.47427
2.46811
2.46248
2.45744
2.45309
2.44957
2.44705
2.44581
2.44631
2.44942
2.45635
2.46961
2.49189
2.71409
2.71093
2.68737
2.67386
2.65808
2.63919
2.61868
2.59863
2.57949
2.5613
2.54492
2.53032
2.51704
2.50503
2.494
2.48358
2.47358
2.46374
2.45381
2.44356
2.43277
2.42117
2.40845
2.39455
2.37984
2.36449
2.34844
2.33162
2.31397
2.29542
2.27588
2.25528
2.23352
2.21051
2.18613
2.16023
2.13273
2.10342
2.074
2.72698
2.72468
2.71893
2.71217
2.70373
2.6935
2.68268
2.67112
2.65905
2.64695
2.6347
2.62244
2.61024
2.59803
2.58584
2.57368
2.56156
2.54951
2.53761
2.52592
2.51456
2.50372
2.49354
2.4841
2.47522
2.46662
2.45826
2.4502
2.4425
2.43523
2.42846
2.42232
2.41695
2.41262
2.40969
2.40895
2.41144
2.41929
2.43519
2.72709
2.72413
2.69995
2.68592
2.66933
2.64939
2.6277
2.60647
2.58619
2.56693
2.5496
2.53417
2.52018
2.50755
2.49599
2.48512
2.47472
2.46452
2.45426
2.44369
2.43259
2.42067
2.4076
2.39332
2.37822
2.3625
2.3461
2.32896
2.311
2.29215
2.27235
2.25151
2.22952
2.2063
2.18171
2.15561
2.12789
2.09832
2.06862
2.74109
2.73848
2.73217
2.72479
2.71558
2.70445
2.69269
2.68013
2.66702
2.65389
2.6406
2.62728
2.61403
2.60075
2.58748
2.57422
2.56097
2.54778
2.53468
2.52177
2.50916
2.49703
2.48553
2.47477
2.46455
2.45451
2.4446
2.43486
2.42534
2.41609
2.40718
2.3987
2.3908
2.38368
2.37766
2.37343
2.37187
2.37474
2.38467
2.74138
2.73856
2.7138
2.6992
2.68174
2.6607
2.63775
2.61529
2.59383
2.57344
2.55511
2.53883
2.52409
2.51083
2.49873
2.48739
2.47658
2.46602
2.45543
2.44455
2.43313
2.42089
2.40747
2.3928
2.37731
2.36122
2.34447
2.327
2.30873
2.28959
2.26953
2.24844
2.22624
2.20282
2.17806
2.15179
2.12389
2.09409
2.06412
2.75653
2.7536
2.74672
2.7387
2.7287
2.71663
2.70389
2.69031
2.67614
2.66195
2.64759
2.63321
2.61889
2.60453
2.59019
2.57583
2.56148
2.54715
2.53291
2.51883
2.50502
2.49167
2.47894
2.46698
2.45555
2.44422
2.43293
2.4217
2.41057
2.39957
2.38876
2.37821
2.36805
2.35843
2.34963
2.34225
2.33703
2.33545
2.34001
2.75697
2.75425
2.72894
2.7137
2.69532
2.6731
2.64884
2.62507
2.60236
2.58079
2.56143
2.54425
2.52874
2.51482
2.50217
2.49035
2.47913
2.46819
2.45727
2.44606
2.43433
2.42176
2.40798
2.39292
2.37703
2.36057
2.34346
2.32565
2.30706
2.28764
2.2673
2.24597
2.22354
2.19991
2.17495
2.14849
2.12039
2.09038
2.06022
2.77331
2.77007
2.7626
2.75391
2.74309
2.73004
2.7163
2.70165
2.68638
2.6711
2.65564
2.64016
2.62475
2.60931
2.59388
2.57843
2.56297
2.54753
2.53216
2.51694
2.50198
2.48747
2.4736
2.46053
2.44798
2.4355
2.42296
2.4104
2.39783
2.38528
2.37278
2.3604
2.34823
2.3364
2.32512
2.31489
2.30639
2.30084
2.30057
2.7739
2.77121
2.7454
2.72946
2.7101
2.68663
2.66096
2.63581
2.61178
2.58898
2.56852
2.55042
2.53409
2.51949
2.50627
2.49394
2.48229
2.47098
2.45971
2.44818
2.43613
2.42322
2.40907
2.3936
2.37731
2.36047
2.34299
2.32484
2.30593
2.2862
2.26559
2.244
2.22135
2.19752
2.17238
2.14576
2.11749
2.08726
2.05692
2.7915
2.78793
2.77985
2.77046
2.75878
2.74472
2.72992
2.71415
2.69774
2.68133
2.66473
2.64812
2.63159
2.61504
2.59849
2.58193
2.56537
2.54881
2.53232
2.51597
2.4999
2.48428
2.46932
2.45521
2.44164
2.42809
2.41443
2.40067
2.38682
2.37289
2.3589
2.3449
2.33094
2.31714
2.30365
2.29088
2.27941
2.27032
2.26585
2.79222
2.78951
2.76323
2.74651
2.72611
2.70131
2.67416
2.64754
2.62212
2.59801
2.5764
2.55731
2.54014
2.52482
2.51099
2.49816
2.48606
2.47435
2.46272
2.45086
2.43847
2.42522
2.41068
2.3948
2.3781
2.36085
2.34301
2.3245
2.30525
2.28522
2.26432
2.24248
2.2196
2.19555
2.17022
2.14341
2.11495
2.08452
2.05403
2.81116
2.80725
2.79853
2.78841
2.77582
2.76069
2.74478
2.72785
2.71024
2.69265
2.67486
2.65707
2.63939
2.62168
2.604
2.5863
2.56861
2.55093
2.53332
2.51585
2.49867
2.48197
2.46597
2.45087
2.43635
2.42182
2.40713
2.39229
2.37728
2.36212
2.3468
2.33135
2.31582
2.30027
2.28482
2.26979
2.25567
2.24338
2.23514
2.812
2.80919
2.78249
2.76492
2.74339
2.71718
2.68845
2.66028
2.63338
2.60788
2.58506
2.56493
2.54687
2.5308
2.51634
2.50296
2.4904
2.47829
2.46629
2.45407
2.44134
2.42773
2.41279
2.39648
2.37934
2.36169
2.34345
2.32457
2.30499
2.28463
2.26345
2.24134
2.21822
2.19396
2.16844
2.14145
2.11281
2.08218
2.05154
2.83236
2.8281
2.81871
2.80782
2.79427
2.77801
2.76094
2.74278
2.72391
2.70507
2.68604
2.66702
2.64813
2.62923
2.61036
2.5915
2.57265
2.55382
2.53508
2.51649
2.4982
2.48044
2.46342
2.44737
2.43195
2.41651
2.40087
2.38504
2.36899
2.35271
2.33621
2.31948
2.30255
2.28545
2.26827
2.25123
2.23473
2.21956
2.20801
2.83332
2.83036
2.80325
2.78476
2.76203
2.73431
2.70389
2.67407
2.6456
2.61863
2.59452
2.57331
2.5543
2.53744
2.52231
2.50836
2.49531
2.48277
2.47038
2.45779
2.4447
2.43071
2.41537
2.39861
2.38102
2.36293
2.34429
2.32503
2.30509
2.28441
2.26292
2.24053
2.21716
2.19268
2.16695
2.13977
2.11094
2.08009
2.04933
2.8552
2.85058
2.84048
2.82877
2.81422
2.79676
2.77844
2.75899
2.73878
2.71863
2.69829
2.67798
2.65783
2.63768
2.61759
2.59752
2.57747
2.55747
2.53756
2.51783
2.49843
2.47962
2.46159
2.44462
2.42834
2.41204
2.3955
2.37876
2.36175
2.34447
2.3269
2.30903
2.29085
2.27239
2.25368
2.23487
2.21625
2.19848
2.1839
2.85628
2.85309
2.82562
2.8061
2.78209
2.75276
2.72055
2.68897
2.65883
2.63029
2.60482
2.58244
2.56244
2.54474
2.52891
2.51436
2.50079
2.4878
2.475
2.46203
2.44856
2.43418
2.4184
2.40116
2.3831
2.36457
2.3455
2.32585
2.30553
2.2845
2.2627
2.24003
2.21639
2.19168
2.16574
2.13836
2.10934
2.07827
2.04737
2.8798
2.8748
2.86394
2.85137
2.83575
2.81701
2.79739
2.77655
2.75493
2.73338
2.71166
2.68999
2.66851
2.64705
2.62567
2.60434
2.58306
2.56183
2.54073
2.51984
2.49932
2.47943
2.4604
2.44253
2.42541
2.40828
2.39091
2.37331
2.35542
2.33722
2.31868
2.29979
2.28051
2.26084
2.24077
2.22039
2.19991
2.17981
2.16255
2.881
2.87752
2.84967
2.82906
2.80368
2.77262
2.7385
2.70503
2.67311
2.64291
2.61599
2.59237
2.57131
2.55272
2.53615
2.52096
2.50685
2.49338
2.48015
2.46677
2.45291
2.43811
2.42187
2.40413
2.38558
2.36657
2.34706
2.32699
2.30629
2.2849
2.26276
2.23979
2.21589
2.19093
2.16476
2.13716
2.10794
2.07663
2.04561
2.90628
2.90087
2.88922
2.87573
2.85897
2.83888
2.81785
2.79554
2.77241
2.74939
2.7262
2.70308
2.6802
2.65736
2.63464
2.61198
2.5894
2.56691
2.54458
2.52248
2.50081
2.47983
2.4598
2.44103
2.4231
2.40516
2.38698
2.36857
2.34985
2.3308
2.31139
2.29157
2.2713
2.25056
2.2293
2.20755
2.18543
2.16325
2.14357
2.90761
2.90382
2.87551
2.85374
2.8269
2.794
2.75782
2.72234
2.68851
2.65654
2.62807
2.60314
2.58095
2.56142
2.54405
2.52819
2.5135
2.49952
2.48584
2.47203
2.45774
2.44251
2.42579
2.40753
2.38844
2.36894
2.34897
2.32846
2.30735
2.28558
2.26309
2.2398
2.21561
2.19039
2.16399
2.13617
2.10672
2.07518
2.04402
2.93479
2.92896
2.91647
2.902
2.88402
2.86248
2.83995
2.81606
2.79133
2.76673
2.74197
2.71733
2.69295
2.66865
2.64451
2.62046
2.59652
2.57271
2.54909
2.52575
2.50289
2.4808
2.45975
2.44008
2.42133
2.40261
2.38364
2.36445
2.34495
2.32511
2.30488
2.28422
2.26306
2.24136
2.21905
2.19609
2.17253
2.14854
2.12676
2.93626
2.93213
2.90329
2.88029
2.85188
2.817
2.77861
2.74098
2.70512
2.67124
2.64112
2.61479
2.59139
2.57086
2.55265
2.53607
2.52076
2.50625
2.49208
2.47782
2.46308
2.44739
2.43016
2.41133
2.39169
2.37167
2.3512
2.33023
2.30869
2.28652
2.26367
2.24004
2.21555
2.19006
2.1634
2.13535
2.10566
2.07386
2.04256
2.96551
2.95923
2.94584
2.93033
2.91104
2.88794
2.8638
2.83824
2.81177
2.78549
2.75906
2.73279
2.70682
2.68098
2.65533
2.62981
2.60444
2.57924
2.55427
2.52964
2.50555
2.48231
2.46021
2.43963
2.42005
2.40056
2.38082
2.36087
2.34062
2.32003
2.29904
2.2776
2.25564
2.23309
2.20985
2.18582
2.16101
2.13542
2.11181
2.96711
2.96263
2.93318
2.90887
2.87876
2.84175
2.801
2.76105
2.72301
2.6871
2.6552
2.62737
2.6027
2.58109
2.56198
2.54463
2.52867
2.51359
2.4989
2.48415
2.46894
2.45275
2.43498
2.41557
2.39533
2.37475
2.35376
2.3323
2.3103
2.28772
2.26448
2.2405
2.21569
2.18991
2.16299
2.13468
2.10475
2.07267
2.04122
2.99864
2.99188
2.97753
2.96089
2.94021
2.91544
2.88957
2.86218
2.83387
2.80578
2.77757
2.74954
2.72189
2.69439
2.66714
2.64007
2.61319
2.58652
2.56014
2.53415
2.50878
2.48435
2.46117
2.43965
2.41925
2.39897
2.37847
2.35778
2.3368
2.31548
2.29378
2.27162
2.24892
2.22559
2.20152
2.17656
2.15065
2.12368
2.0985
3.00037
2.9955
2.96536
2.93964
2.90772
2.86841
2.82511
2.78268
2.74228
2.70419
2.6704
2.64096
2.61491
2.59215
2.57209
2.55392
2.53726
2.52156
2.50632
2.49106
2.47534
2.45863
2.44028
2.42023
2.39937
2.3782
2.35665
2.33467
2.31219
2.28916
2.26551
2.24116
2.21602
2.18993
2.16273
2.13415
2.10395
2.07158
2.03997
3.03439
3.02712
3.01175
2.99391
2.97171
2.94514
2.9174
2.88807
2.85776
2.82773
2.7976
2.7677
2.73824
2.70898
2.68002
2.65129
2.62281
2.59459
2.56672
2.53931
2.51259
2.48692
2.46262
2.44014
2.4189
2.39782
2.37655
2.35512
2.33342
2.3114
2.28902
2.26617
2.24279
2.21876
2.19394
2.16815
2.14129
2.11311
2.0866
3.03627
3.03096
3.00005
2.97282
2.93893
2.89715
2.8511
2.80598
2.76306
2.72262
2.68679
2.65563
2.6281
2.60411
2.58301
2.56397
2.54656
2.53021
2.51438
2.49856
2.4823
2.46502
2.44606
2.42534
2.40381
2.38201
2.35987
2.33734
2.31435
2.29085
2.26677
2.24203
2.21652
2.19011
2.16261
2.13375
2.10327
2.07058
2.03881
3.07301
3.06521
3.04874
3.02961
3.00578
2.97726
2.9475
2.91605
2.8836
2.85147
2.81927
2.78737
2.75597
2.72482
2.69404
2.66355
2.63336
2.60349
2.57404
2.54513
2.51699
2.49003
2.46456
2.44109
2.41898
2.39708
2.37503
2.35286
2.33044
2.30774
2.28468
2.26119
2.23716
2.21248
2.18699
2.16046
2.13276
2.10353
2.07591
3.07504
3.06928
3.03749
3.00863
2.97261
2.92815
2.87913
2.83111
2.78546
2.74249
2.70447
2.67145
2.64233
2.61702
2.59482
2.57483
2.55662
2.53956
2.5231
2.50669
2.48985
2.47197
2.45235
2.43091
2.40866
2.38619
2.36343
2.34031
2.31678
2.29277
2.26823
2.24308
2.21719
2.19044
2.16262
2.13346
2.10268
2.06967
2.03773
3.11481
3.10644
3.08879
3.06825
3.04266
3.01202
2.98008
2.94635
2.91157
2.87717
2.84275
2.80868
2.77519
2.74202
2.70928
2.67691
2.64489
2.61328
2.58216
2.55166
2.52203
2.49369
2.46702
2.44249
2.41949
2.39675
2.37391
2.35097
2.32784
2.30445
2.28074
2.25662
2.23198
2.20669
2.18057
2.15338
2.12494
2.09479
2.06624
3.11699
3.11073
3.07797
3.04734
3.00901
2.96163
2.90939
2.85823
2.80964
2.76393
2.72354
2.68852
2.65769
2.63095
2.60755
2.58655
2.56748
2.54967
2.53252
2.51547
2.49801
2.47948
2.45915
2.43694
2.41394
2.39075
2.36732
2.34358
2.31947
2.29493
2.2699
2.2443
2.21802
2.1909
2.16275
2.13327
2.10218
2.06882
2.03669
3.16012
3.15113
3.13222
3.11016
3.08265
3.04972
3.0154
2.97918
2.94187
2.90502
2.86819
2.83178
2.79604
2.76069
2.72586
2.69146
2.65751
2.62403
2.59112
2.55893
2.52772
2.49795
2.46998
2.44438
2.42043
2.39683
2.37316
2.34945
2.32559
2.30151
2.27714
2.2524
2.22717
2.2013
2.17461
2.14682
2.1177
2.08674
2.05743
3.16245
3.15564
3.12178
3.08924
3.04839
2.99785
2.94211
2.88755
2.83575
2.78708
2.74412
2.70693
2.67426
2.64597
2.62129
2.5992
2.57918
2.56056
2.54268
2.52494
2.5068
2.48758
2.46649
2.44346
2.41965
2.3957
2.37155
2.34714
2.32241
2.2973
2.27176
2.24569
2.21899
2.19149
2.16298
2.13316
2.10174
2.06801
2.03569
3.2093
3.19966
3.17938
3.15568
3.12608
3.09064
3.05372
3.0148
2.97475
2.93523
2.89578
2.85684
2.81868
2.78098
2.74389
2.70732
2.67128
2.63581
2.601
2.56701
2.53413
2.50283
2.47351
2.44676
2.42184
2.39733
2.37281
2.3483
2.32368
2.2989
2.27388
2.24852
2.22271
2.19628
2.16904
2.14069
2.11097
2.07929
2.04932
3.21179
3.20437
3.16931
3.13467
3.09107
3.03708
2.97752
2.91926
2.86399
2.8121
2.76635
2.72681
2.69212
2.66216
2.63609
2.61281
2.59179
2.57229
2.55361
2.53513
2.51626
2.49629
2.47439
2.45047
2.42578
2.40101
2.3761
2.35098
2.32559
2.29988
2.27379
2.24723
2.22007
2.19216
2.16328
2.13311
2.10134
2.06723
2.03471
3.26281
3.25246
3.2307
3.2052
3.17332
3.13514
3.09539
3.05351
3.01046
2.96804
2.92575
2.88406
2.84327
2.80304
2.76351
2.7246
2.68632
2.64871
2.61187
2.57597
2.5413
2.50838
2.47763
2.44968
2.42373
2.39827
2.37286
2.34751
2.32212
2.29661
2.27093
2.24495
2.21856
2.19158
2.16381
2.13493
2.10465
2.07231
2.04179
3.26545
3.25737
3.22095
3.18403
3.13741
3.07964
3.01592
2.95362
2.89456
2.83916
2.79036
2.74825
2.71138
2.6796
2.65202
2.62746
2.60534
2.58488
2.56534
2.54606
2.5264
2.50563
2.48284
2.45797
2.43234
2.40669
2.38096
2.35508
2.32899
2.30264
2.27596
2.24887
2.22124
2.1929
2.16363
2.13309
2.10095
2.06643
2.0337
3.32114
3.31004
3.28667
3.25921
3.22482
3.18363
3.14077
3.09565
3.04933
3.00374
2.95835
2.91367
2.87002
2.82704
2.78488
2.74345
2.70276
2.66285
2.62382
2.58587
2.5493
2.51466
2.48239
2.45316
2.42611
2.39967
2.37331
2.34711
2.3209
2.29466
2.26828
2.24167
2.21469
2.18717
2.15889
2.1295
2.09869
2.06573
2.03475
3.32393
3.31512
3.27719
3.23776
3.18782
3.1259
3.05762
2.99091
2.9277
2.86844
2.81632
2.7714
2.73214
2.69838
2.66914
2.64318
2.61987
2.59837
2.5779
2.55774
2.53724
2.51558
2.49184
2.46595
2.43931
2.41272
2.38611
2.35942
2.33258
2.30555
2.27825
2.25059
2.22245
2.19366
2.16398
2.13305
2.10053
2.06559
2.03264
3.38488
3.37297
3.34785
3.31823
3.28108
3.23658
3.19031
3.14162
3.0917
3.04264
2.99386
2.94592
2.89916
2.85319
2.80818
2.76402
2.72072
2.67833
2.63697
2.59681
2.55821
2.52172
2.48784
2.45725
2.42906
2.40155
2.37423
2.34709
2.32006
2.29303
2.26594
2.23867
2.2111
2.18303
2.15423
2.12434
2.09303
2.05949
2.0281
3.38781
3.3782
3.33858
3.29637
3.24278
3.17629
3.103
3.03144
2.96367
2.90018
2.84439
2.79638
2.7545
2.71856
2.68752
2.66003
2.63541
2.61278
2.5913
2.57019
2.54876
2.52616
2.50138
2.47438
2.44666
2.41906
2.39151
2.36396
2.33632
2.30856
2.2806
2.25234
2.22367
2.1944
2.16428
2.13295
2.10003
2.06465
2.03148
3.4547
3.44192
3.4149
3.38289
3.3427
3.29454
3.24448
3.19187
3.13798
3.0851
3.03261
2.98111
2.93095
2.88172
2.83361
2.78648
2.74037
2.6953
2.65141
2.60889
2.5681
2.52965
2.49404
2.46201
2.4326
2.40398
2.37561
2.34753
2.3196
2.29176
2.26392
2.23598
2.20778
2.17916
2.14984
2.11946
2.08764
2.05353
2.02178
3.45778
3.44726
3.40576
3.36047
3.30283
3.23129
3.15247
3.07557
3.00277
2.9346
2.87475
2.82334
2.77856
2.74023
2.7072
2.67803
2.652
2.62813
2.60554
2.58339
2.56096
2.53733
2.51144
2.48325
2.45436
2.42567
2.39712
2.36864
2.34015
2.31162
2.28295
2.25407
2.22484
2.19506
2.16449
2.13273
2.0994
2.06357
2.03017
3.53142
3.51769
3.48858
3.45394
3.41036
3.35814
3.30389
3.24692
3.18866
3.13157
3.075
3.01958
2.9657
2.91291
2.8614
2.81105
2.76187
2.7139
2.66728
2.62221
2.57908
2.53852
2.50106
2.4675
2.43678
2.40698
2.37751
2.34841
2.31955
2.29086
2.26224
2.23359
2.20476
2.17556
2.14571
2.11481
2.08249
2.04782
2.01573
3.53462
3.5231
3.47947
3.43076
3.3686
3.29146
3.20652
3.12373
3.04535
2.97197
2.90761
2.8524
2.80443
2.76345
2.72824
2.69723
2.66963
2.64441
2.62061
2.59734
2.57381
2.54906
2.52197
2.49249
2.46234
2.4325
2.40287
2.37341
2.34402
2.31466
2.28526
2.25572
2.22589
2.19559
2.16455
2.13234
2.09857
2.06227
2.02866
3.61597
3.60121
3.5698
3.53223
3.48488
3.42813
3.3692
3.30741
3.24429
3.18255
3.12146
3.06172
3.00375
2.94705
2.89183
2.83795
2.78542
2.7343
2.68471
2.63689
2.59122
2.54839
2.50897
2.47376
2.44165
2.41059
2.37996
2.34979
2.31995
2.29035
2.26092
2.23153
2.20203
2.17223
2.14182
2.1104
2.07756
2.04234
2.00992
3.61927
3.60662
3.5606
3.50806
3.44086
3.35748
3.26573
3.17639
3.09179
3.01257
2.94315
2.88372
2.83218
2.78827
2.75065
2.71761
2.6883
2.66161
2.63648
2.61198
2.58727
2.56132
2.53293
2.50206
2.47057
2.43948
2.40871
2.37819
2.34785
2.31763
2.28745
2.25721
2.22676
2.19591
2.16437
2.13171
2.09749
2.06071
2.02687
3.70948
3.6936
3.65963
3.61879
3.56721
3.50539
3.44125
3.37405
3.30552
3.2386
3.17252
3.10801
3.04551
2.98449
2.92518
2.86741
2.81122
2.75665
2.70384
2.65302
2.60462
2.55935
2.5178
2.48084
2.44725
2.41485
2.38297
2.35167
2.32079
2.29025
2.25996
2.22979
2.19959
2.16916
2.13818
2.10622
2.07285
2.03705
2.00431
3.71286
3.69893
3.6502
3.59334
3.52049
3.43011
3.33076
3.23413
3.14253
3.05671
2.9816
2.91742
2.8619
2.81473
2.77444
2.73917
2.70799
2.67968
2.65311
2.62728
2.60129
2.57403
2.54424
2.51189
2.47896
2.44654
2.41456
2.38294
2.35158
2.32045
2.28945
2.25848
2.22739
2.19597
2.16391
2.13077
2.09609
2.05881
2.02474
3.81327
3.79617
3.75937
3.71485
3.65851
3.59097
3.52096
3.44771
3.37312
3.30044
3.22878
3.15896
3.09144
3.02563
2.96177
2.89971
2.83947
2.78111
2.72477
2.67069
2.61933
2.57142
2.5276
2.48875
2.45358
2.41975
2.38656
2.35405
2.32208
2.29053
2.25935
2.22836
2.19745
2.16635
2.13478
2.10225
2.06834
2.03194
1.99888
3.81669
3.8013
3.74951
3.68776
3.60851
3.51027
3.40238
3.29758
3.19804
3.10473
3.02315
2.95361
2.89363
2.84285
2.79962
2.7619
2.72867
2.69859
2.67046
2.64319
2.61581
2.58714
2.55586
2.52192
2.48746
2.45364
2.42037
2.38758
2.35517
2.32307
2.29122
2.25949
2.22773
2.19571
2.16312
2.12948
2.09434
2.05655
2.02225
3.92897
3.91053
3.87057
3.82187
3.76013
3.68614
3.60949
3.52941
3.44802
3.36886
3.29098
3.21522
3.14206
3.07088
3.00194
2.93509
2.87036
2.8078
2.74758
2.68994
2.63535
2.58462
2.53834
2.49748
2.46061
2.42528
2.39068
2.35691
2.32376
2.29119
2.25904
2.22723
2.19554
2.16377
2.13158
2.09848
2.06399
2.02699
1.99359
3.93238
3.91532
3.86002
3.79271
3.70619
3.59905
3.48153
3.36752
3.25889
3.15695
3.06799
2.9924
2.92744
2.87263
2.82616
2.78575
2.75029
2.7183
2.68848
2.65966
2.63079
2.60063
2.56775
2.53213
2.49605
2.46075
2.42613
2.39211
2.35859
2.3255
2.29275
2.26023
2.22777
2.19513
2.16199
2.12785
2.09221
2.05389
2.01935
4.05853
4.03861
3.9951
3.94165
3.87376
3.79241
3.70821
3.62039
3.53129
3.44485
3.35995
3.27748
3.19795
3.12068
3.04601
2.97376
2.904
2.83678
2.77228
2.71074
2.65265
2.59884
2.54994
2.50692
2.46827
2.43131
2.39525
2.36014
2.32579
2.29211
2.25899
2.22629
2.19383
2.16136
2.12853
2.09484
2.05978
2.02214
1.98843
4.06188
4.04288
3.98354
3.90985
3.81503
3.69775
3.56928
3.44484
3.32568
3.21373
3.1163
3.03386
2.96333
2.90409
2.85406
2.81073
2.77285
2.7388
2.70718
2.6767
2.64625
2.6145
2.57993
2.54254
2.50475
2.4679
2.43187
2.39656
2.36188
2.32775
2.29408
2.26073
2.22754
2.19427
2.16055
2.12588
2.08973
2.05086
2.01609
4.20437
4.18282
4.13528
4.07637
4.00141
3.91163
3.81881
3.72213
3.62428
3.52959
3.43673
3.34659
3.25973
3.17547
3.09423
3.01586
2.94042
2.868
2.79875
2.73294
2.67104
2.61392
2.5622
2.51689
2.47634
2.43769
2.40008
2.36358
2.32797
2.29316
2.25903
2.22543
2.19218
2.159
2.12554
2.09125
2.0556
2.01734
1.98331
4.20756
4.18631
4.1223
4.04123
3.93684
3.80793
3.66697
3.53064
3.39907
3.27541
3.16825
3.07808
3.00136
2.93725
2.88336
2.83687
2.79639
2.76015
2.7266
2.69437
2.66225
2.62883
2.59248
2.55323
2.51366
2.47518
2.43767
2.40104
2.36514
2.32993
2.29529
2.26109
2.22714
2.1932
2.15889
2.12366
2.08698
2.04754
2.01252
4.36948
4.34609
4.29398
4.22875
4.1456
4.04609
3.94331
3.83647
3.72858
3.62452
3.52251
3.42342
3.32798
3.23557
3.14673
3.06134
2.9795
2.90126
2.82677
2.75627
2.69024
2.62955
2.57483
2.52709
2.48454
2.44412
2.40491
2.36695
2.33005
2.29409
2.25894
2.22443
2.19038
2.1565
2.12241
2.08754
2.05133
2.01245
1.97812
4.3724
4.3485
4.27904
4.18936
4.07387
3.93154
3.77618
3.62618
3.47974
3.34228
3.22395
3.12514
3.04161
2.97221
2.91416
2.86431
2.82107
2.7825
2.74693
2.71285
2.67898
2.6438
2.6056
2.5644
2.52297
2.4828
2.44375
2.40572
2.36856
2.33222
2.29657
2.26147
2.22674
2.1921
2.15716
2.12135
2.08411
2.04407
2.00878
4.55763
4.53221
4.47481
4.40219
4.30947
4.19864
4.08429
3.96565
3.84619
3.73142
3.61868
3.5089
3.4032
3.30113
3.20343
3.11001
3.02095
2.93624
2.85599
2.78039
2.70992
2.64541
2.5875
2.53719
2.49255
2.45028
2.4094
2.36997
2.33175
2.29461
2.25843
2.22303
2.1882
2.15363
2.11894
2.0835
2.04676
2.00729
1.9727
4.5601
4.53304
4.45716
4.35737
4.22889
4.07091
3.89885
3.73303
3.56841
3.41461
3.28359
3.17519
3.08429
3.00922
2.94674
2.89333
2.84718
2.80617
2.76847
2.73245
2.69676
2.65974
2.61959
2.57636
2.53297
2.49103
2.45037
2.41087
2.3724
2.33486
2.29815
2.26212
2.22655
2.19117
2.15557
2.11914
2.0813
2.04062
2.00504
4.77358
4.74585
4.68234
4.60099
4.49699
4.37285
4.24489
4.11248
3.97956
3.85253
3.72678
3.60378
3.48554
3.37198
3.26401
3.1615
3.0644
2.97261
2.88613
2.80508
2.72983
2.66128
2.59998
2.54698
2.50013
2.45595
2.41335
2.37239
2.33282
2.2945
2.25728
2.22099
2.18538
2.15016
2.11488
2.07893
2.04168
2.00167
1.96686
4.7754
4.74455
4.66104
4.5492
4.40535
4.229
4.03737
3.85305
3.66566
3.49263
3.34738
3.22858
3.12978
3.0487
2.98156
2.9244
2.87519
2.83162
2.79168
2.75364
2.71601
2.67707
2.63488
2.5895
2.54406
2.50024
2.45788
2.41684
2.37697
2.33818
2.30034
2.26331
2.22685
2.19068
2.15437
2.11728
2.07879
2.03741
2.00151
5.02353
4.9932
4.92251
4.83068
4.71326
4.57332
4.42922
4.28052
4.13182
3.99071
3.8483
3.70833
3.57467
3.4476
3.32801
3.21549
3.10972
3.01037
2.91731
2.83046
2.75022
2.67735
2.61248
2.55658
2.50744
2.46121
2.41682
2.37425
2.33329
2.29372
2.25545
2.21823
2.18185
2.14595
2.11012
2.07365
2.03594
1.9954
1.96044
5.0244
4.98892
4.89621
4.76994
4.60772
4.40951
4.19472
3.98857
3.77187
3.57658
3.41581
3.28593
3.17881
3.0914
3.01934
2.95821
2.90577
2.85948
2.81717
2.77698
2.73731
2.69631
2.65195
2.60429
2.55667
2.51086
2.4667
2.42401
2.38266
2.34253
2.3035
2.26539
2.22798
2.19096
2.15387
2.11605
2.07686
2.03471
1.99843
5.31561
5.28227
5.20305
5.09852
4.96492
4.80599
4.64245
4.47431
4.30694
4.14977
3.9841
3.8218
3.66967
3.52747
3.39537
3.27231
3.15752
3.05037
2.95045
2.85763
2.77212
2.69471
2.62593
2.56697
2.51528
2.46687
2.42048
2.37618
2.33365
2.29276
2.2533
2.21509
2.17784
2.14123
2.10477
2.06777
2.02955
1.98849
1.95336
5.31511
5.27392
5.17001
5.02608
4.84161
4.61716
4.37465
4.14245
3.88688
3.66689
3.48979
3.34833
3.23244
3.13833
3.06101
2.99564
2.93972
2.8905
2.84564
2.80313
2.76125
2.71806
2.67136
2.62128
2.57133
2.52342
2.47732
2.43291
2.38996
2.34841
2.30809
2.26883
2.23038
2.19243
2.15449
2.11587
2.07589
2.03288
1.99615
5.66065
5.62386
5.53439
5.41418
5.2608
5.07873
4.89147
4.69984
4.51013
4.33486
4.13267
3.9418
3.7697
3.61208
3.46744
3.33379
3.20991
3.09485
2.98807
2.88924
2.79857
2.71678
2.64443
2.58224
2.52772
2.47668
2.42784
2.38136
2.33689
2.29419
2.25323
2.21373
2.1754
2.13789
2.10066
2.06299
2.02416
1.98244
1.94709
5.65819
5.6098
5.49202
5.3263
5.11452
4.85808
4.58198
4.31829
4.00953
3.76478
3.57106
3.41744
3.29215
3.19071
3.10764
3.0376
2.97788
2.92544
2.8778
2.83275
2.78851
2.74296
2.6938
2.64116
2.58878
2.53864
2.49052
2.44425
2.39963
2.35655
2.31485
2.27434
2.23476
2.19578
2.15689
2.11734
2.07641
2.03232
1.99496
5.94644
5.90881
5.81688
5.69258
5.53395
5.34558
5.15163
4.9531
4.7566
4.57766
4.32961
4.09464
3.88981
3.70717
3.54316
3.39426
3.25821
3.13337
3.01863
2.91336
2.81741
2.73137
2.65573
2.59122
2.535
2.48252
2.43243
2.38474
2.33916
2.29537
2.25337
2.21285
2.17358
2.13515
2.09709
2.05861
2.01898
1.97642
1.94064
5.94346
5.89333
5.77259
5.60144
5.38259
5.11766
4.83223
4.55803
4.17055
3.88148
3.65963
3.48745
3.34918
3.23856
3.14876
3.0736
3.00988
2.95423
2.90387
2.85645
2.81002
2.76235
2.71104
2.65621
2.6018
2.54988
2.50017
2.45249
2.4066
2.36238
2.31966
2.27824
2.23784
2.1981
2.15851
2.11828
2.07665
2.03179
1.99398
6.29294
6.25434
6.15945
6.03025
5.86537
5.66948
5.46749
5.26067
5.056
4.87243
4.56507
4.27447
4.02936
3.81655
3.62953
3.46274
3.3126
3.17649
3.05273
2.94013
2.83826
2.74757
2.66818
2.60078
2.54229
2.48792
2.43618
2.3871
2.34033
2.29547
2.25254
2.2112
2.17115
2.132
2.09324
2.05405
2.0137
1.9703
1.93404
6.28928
6.23701
6.11265
5.93504
5.70776
5.43258
5.1358
4.84881
4.36138
4.01788
3.76226
3.56811
3.41472
3.29346
3.19596
3.11496
3.04672
2.98743
2.93404
2.88396
2.83511
2.7851
2.73141
2.67419
2.61758
2.56371
2.51228
2.46307
2.4158
2.37036
2.32654
2.28412
2.24281
2.20225
2.16187
2.12087
2.07846
2.03266
1.9943
6.71921
6.67938
6.58094
6.44589
6.27346
6.06858
5.85683
5.63993
5.42525
5.23581
4.85009
4.48815
4.1928
3.94316
3.72856
3.54065
3.37405
3.22498
3.09084
2.96992
2.86136
2.7655
2.68188
2.61128
2.55023
2.49369
2.44004
2.38932
2.34109
2.29502
2.251
2.20873
2.16787
2.12803
2.08861
2.0488
2.00778
1.96362
1.92694
6.71479
6.65999
6.53116
6.34564
6.10808
5.82043
5.50974
5.20705
4.59017
4.17888
3.8822
3.66189
3.49071
3.3571
3.25075
3.16308
3.08974
3.02638
2.96961
2.91659
2.86508
2.81251
2.75625
2.69644
2.63749
2.58155
2.5283
2.47746
2.42876
2.382
2.33702
2.29352
2.25125
2.20978
2.16854
2.12668
2.08337
2.03653
1.99746
7.25303
7.21178
7.10899
6.9668
6.78521
6.56931
6.34562
6.11632
5.88926
5.69228
5.20038
4.74503
4.38598
4.09084
3.84285
3.62976
3.44385
3.27966
3.13362
3.00319
2.88724
2.78539
2.69709
2.62286
2.55898
2.50001
2.44424
2.39164
2.34181
2.29431
2.24907
2.20573
2.16395
2.12329
2.08317
2.04268
2.00101
1.95608
1.91905
7.24762
7.18973
7.05533
6.86015
6.61002
6.30697
5.97904
5.65685
4.86845
4.37117
4.02397
3.77214
3.57993
3.43196
3.31543
3.22023
3.14115
3.07329
3.0128
2.95661
2.90222
2.84696
2.78798
2.72552
2.66414
2.60611
2.55103
2.49857
2.44841
2.40035
2.35417
2.3096
2.2663
2.22387
2.1817
2.13889
2.09456
2.04653
2.00655
7.93625
7.89329
7.78522
7.63416
7.4413
7.21174
6.97318
6.72839
6.48585
6.27896
5.63871
5.05822
4.61691
4.26466
3.97572
3.73236
3.52351
3.3417
3.18184
3.04059
2.91632
2.80771
2.71409
2.63581
2.56876
2.50707
2.44893
2.39427
2.34262
2.29353
2.24691
2.20237
2.15955
2.11798
2.07704
2.0358
1.99339
1.94763
1.91021
7.92966
7.86792
7.72652
7.51931
7.25349
6.93124
6.58154
6.23493
5.21289
4.60428
4.19393
3.90379
3.68664
3.522
3.39391
3.29031
3.20497
3.13226
3.06787
3.00837
2.95109
2.89314
2.83154
2.76655
2.70293
2.643
2.58628
2.53237
2.48093
2.43171
2.38445
2.33886
2.29461
2.25123
2.20812
2.1643
2.11884
2.06944
2.02846
8.83478
8.78968
8.67505
8.51289
8.30589
8.05921
7.8018
7.53739
7.27504
7.0549
6.19953
5.44653
4.89665
4.47149
4.13164
3.8514
3.61515
3.41247
3.23674
3.08372
2.9496
2.83325
2.73357
2.65071
2.58005
2.5153
2.45449
2.3975
2.34382
2.29298
2.24481
2.19892
2.15491
2.11231
2.07044
2.02834
1.98508
1.93839
1.90053
8.82662
8.76008
8.6097
8.38731
8.10163
7.75496
7.37744
6.99955
5.64854
4.89227
4.40173
4.06477
3.81817
3.63455
3.49369
3.38114
3.28934
3.21182
3.14367
3.08117
3.02134
2.96114
2.89747
2.83061
2.76542
2.70426
2.64651
2.59174
2.53953
2.48958
2.44163
2.39534
2.35036
2.30622
2.26226
2.21747
2.17087
2.11998
2.07772
10.058
10.0102
9.88716
9.71085
9.48587
9.21727
8.93542
8.64559
8.35746
8.11913
6.93717
5.93836
5.24141
4.72133
4.31708
3.9913
3.72187
3.49542
3.30188
3.13416
2.98855
2.86319
2.75655
2.66839
2.59361
2.52536
2.46152
2.40187
2.34588
2.29303
2.24312
2.19568
2.15035
2.10656
2.06364
2.02054
1.97631
1.92855
1.89016
10.0478
9.97507
9.81291
9.57092
9.25968
8.8814
8.46752
8.04899
6.21491
5.25722
4.66352
4.26951
3.98913
3.78498
3.63126
3.51027
3.4129
3.33157
3.26083
3.19646
3.13537
3.07431
3.01016
2.94315
2.87812
2.8173
2.75998
2.70563
2.65381
2.60413
2.55633
2.51004
2.46489
2.42043
2.37594
2.3304
2.28275
2.23042
2.18662
11.7995
11.7483
11.6144
11.4198
11.1714
10.8741
10.5599
10.2363
9.91381
9.64973
7.94263
6.58529
5.68498
5.0393
4.55334
4.17189
3.86298
3.60583
3.38812
3.20171
3.04148
2.90472
2.78921
2.69434
2.61432
2.54161
2.4739
2.41087
2.35188
2.29654
2.24436
2.19498
2.1479
2.1026
2.05829
2.01392
1.96844
1.91933
1.88021
11.7865
11.7056
11.5279
11.2603
10.9153
10.495
10.0325
9.55988
6.97888
5.7379
5.01098
4.55001
4.23419
4.01136
3.84792
3.72208
3.62267
3.54092
3.47079
3.40774
3.34859
3.28997
3.2289
3.16542
3.10409
3.04676
2.99262
2.94111
2.89171
2.84404
2.79782
2.75271
2.70832
2.66419
2.61966
2.57367
2.52511
2.4713
2.42548
14.4323
14.3767
14.2285
14.0098
13.7305
13.3948
13.0372
12.6678
12.2984
11.9965
9.40134
7.49205
6.29611
5.47291
4.87197
4.41129
4.04544
3.74678
3.49808
3.28805
3.10961
2.95882
2.8325
2.72949
2.64312
2.56504
2.49268
2.42555
2.36295
2.30461
2.2497
2.19791
2.14872
2.10153
2.05552
2.00953
1.96248
1.91166
1.87154
14.4156
14.3238
14.125
13.8228
13.4325
12.9554
12.4267
11.8803
8.06431
6.41463
5.52201
4.99261
4.65062
4.42102
4.25954
4.13951
4.04736
3.97343
3.91141
3.85649
3.8058
3.75614
3.70471
3.65134
3.59958
3.55071
3.50402
3.45883
3.41477
3.37125
3.32832
3.28556
3.24271
3.19939
3.15495
3.10835
3.05853
3.00287
2.95388
18.759
18.6981
18.5314
18.281
17.9609
17.5736
17.1566
16.7245
16.2896
15.9314
11.6609
8.77458
7.10296
6.01524
5.25407
4.68962
4.25309
3.90442
3.6193
3.38215
3.18325
3.01696
2.87892
2.76722
2.67417
2.5905
2.51333
2.44205
2.37581
2.3144
2.25676
2.20259
2.15129
2.10223
2.05451
2.00692
1.95826
1.90571
1.86459
18.737
18.6304
18.4033
18.0547
17.603
17.0485
16.4281
15.7799
9.7479
7.51266
6.44788
5.88519
5.55779
5.35755
5.2275
5.1371
5.07147
5.02127
4.98051
4.94552
4.91375
4.88252
4.85014
4.81565
4.78038
4.74566
4.71054
4.67487
4.63801
4.60013
4.56112
4.52092
4.47926
4.43593
4.39047
4.34197
4.28912
4.2294
4.17408
26.7899
26.7232
26.5349
26.2459
25.8761
25.4245
24.9318
24.4185
23.8973
23.4564
15.4013
10.6934
8.2281
6.73245
5.73783
5.02825
4.49586
4.08105
3.74864
3.47687
3.25219
3.06667
2.9143
2.79219
2.69132
2.60118
2.51853
2.4426
2.37244
2.30749
2.24695
2.1903
2.1369
2.086
2.03667
1.98754
1.93736
1.883
1.84118
26.7605
26.6351
26.3724
25.9659
25.4371
24.7832
24.0425
23.2604
12.8971
9.95053
8.85077
8.39465
8.18846
8.09318
8.0469
8.02405
8.01304
8.00657
8.0038
8.00083
7.99899
7.99507
7.98993
7.98102
7.96781
7.95039
7.92921
7.90532
7.87679
7.84579
7.81119
7.77361
7.73289
7.68976
7.64279
7.59139
7.53628
7.4754
7.4135
44.7826
44.7173
44.5236
44.219
43.8263
43.3414
42.8029
42.2369
41.6538
41.1359
18.1195
1.99505
0.00267467
0.00259646
0.00252907
0.00247636
0.0024312
0.00239068
0.00235
0.00230504
0.00224734
0.00216322
0.00204949
0.0018851
0.0017453
0.00169195
0.00166386
0.00163154
0.00160279
0.00157801
0.00154326
0.00151748
0.00149683
0.00148585
0.00149185
0.0015273
0.00159339
0.00173387
0.00146728
44.7467
44.6116
44.3315
43.8948
43.3232
42.6085
41.7859
40.9053
22.432
19.4304
18.8372
18.7697
18.8261
18.9096
18.9936
19.0699
19.1382
19.198
19.2504
19.2962
19.3362
19.3708
19.3992
19.4203
19.4366
19.449
19.457
19.4602
19.4583
19.4511
19.4388
19.4212
19.3984
19.3699
19.3352
19.2923
19.2393
19.1686
19.1079
97.133
75.9099
53.237
40.8194
36.7472
35.8866
35.8065
35.5004
34.2725
31.6434
27.5329
22.5332
17.743
13.8235
10.7972
8.51814
6.84327
5.65379
4.83363
4.27921
3.90151
3.63702
3.44084
3.28594
3.1556
3.04152
2.9382
2.84201
2.75479
2.67414
2.59972
2.53143
2.4696
2.41392
2.36423
2.32002
2.2809
2.24625
2.2155
2.18809
2.16362
2.14178
2.12232
2.10503
2.08965
2.076
2.06382
2.05292
2.04311
2.0342
2.02605
2.01852
2.0115
2.0049
1.99864
1.99266
1.98692
1.98138
1.97602
1.97082
1.96573
1.96069
1.95559
1.95026
1.94455
1.93826
1.93134
1.92523
1.91887
1.91237
1.90541
1.89768
1.88902
1.87954
1.86936
1.85958
1.85098
1.84415
1.82104
0.000814287
90.5859
70.3336
28.9177
11.2066
5.60681
3.89823
3.38916
3.18097
3.06998
2.98471
2.9066
2.82637
2.7437
2.66095
2.5812
2.507
2.43985
2.38048
2.32861
2.2837
2.24493
2.21154
2.18281
2.15809
2.13692
2.11874
2.10326
2.08998
2.07875
2.06911
2.06101
2.05406
2.04824
2.04322
2.03901
2.03535
2.03225
2.02953
2.02718
2.02509
2.02323
2.02155
2.02003
2.01862
2.01734
2.01613
2.01501
2.01395
2.01294
2.01196
2.01098
2.00999
2.00894
2.0078
2.0065
2.00499
2.00321
2.00111
1.99865
1.99581
1.9926
1.98911
1.98548
1.98185
1.97844
1.97549
1.97333
1.97217
1.97132
1.97182
1.97523
1.98477
2.00742
2.05797
2.16905
2.41128
2.94443
4.17226
7.41881
19.0728
68.7862
65.5069
54.1849
42.2573
34.8769
31.5679
30.2823
29.6938
29.0242
27.6401
25.0691
21.2791
17.0665
13.3585
10.4666
8.28681
6.67755
5.5226
4.72508
4.18608
3.82033
3.56522
3.37644
3.22748
3.10219
2.99324
2.89499
2.80361
2.71999
2.64242
2.5707
2.50521
2.44609
2.39295
2.34512
2.30184
2.26278
2.22774
2.19649
2.16856
2.14355
2.12109
2.10101
2.0831
2.0672
2.0531
2.04057
2.02942
2.01942
2.0104
2.0022
1.99467
1.98768
1.98112
1.97492
1.96901
1.96334
1.95788
1.95259
1.94746
1.94246
1.9375
1.93248
1.92726
1.92166
1.91553
1.90876
1.90281
1.89656
1.89016
1.88332
1.87576
1.86729
1.85801
1.84801
1.83841
1.82989
1.82317
1.80032
0.000848062
59.8732
41.9356
19.0612
7.77621
4.45556
3.49302
3.1817
3.03781
2.94783
2.87137
2.79851
2.72321
2.64761
2.57243
2.50149
2.43536
2.37624
2.32341
2.27753
2.23724
2.20259
2.17232
2.14637
2.12377
2.10445
2.0877
2.07344
2.06114
2.05071
2.04176
2.03419
2.0277
2.02223
2.01754
2.01356
2.01014
2.00719
2.00463
2.00238
2.0004
1.99861
1.99701
1.99553
1.99419
1.99293
1.99177
1.99067
1.98964
1.98865
1.98767
1.98671
1.98573
1.98469
1.98355
1.98226
1.98076
1.979
1.97691
1.97448
1.97168
1.96854
1.96514
1.9616
1.95809
1.9548
1.95198
1.94993
1.94882
1.94809
1.94878
1.95248
1.96249
1.98593
2.03787
2.15123
2.39698
2.93514
4.17067
7.42309
19.0436
49.2432
50.5233
45.8619
38.9163
32.9149
29.0056
26.7843
25.5871
24.813
23.9539
22.481
19.9934
16.6706
13.3024
10.4692
8.28408
6.65622
5.48207
4.66895
4.12192
3.75406
3.49988
3.31382
3.16851
3.04738
2.94232
2.84827
2.76083
2.68031
2.60582
2.53749
2.47579
2.42078
2.37214
2.32874
2.28885
2.25085
2.21469
2.18129
2.15136
2.12481
2.10119
2.08012
2.06133
2.04469
2.02996
2.01698
2.00546
1.99523
1.98608
1.9778
1.97026
1.96329
1.95678
1.95064
1.9448
1.9392
1.93381
1.92861
1.92356
1.91863
1.91375
1.90882
1.9037
1.89823
1.89222
1.88563
1.87983
1.8737
1.8674
1.8607
1.85329
1.84501
1.83593
1.82613
1.8167
1.80827
1.80166
1.77905
0.000882945
41.5047
28.3507
13.8731
5.99736
3.80959
3.23141
3.02411
2.9168
2.83869
2.77045
2.70161
2.63275
2.56255
2.495
2.43055
2.3718
2.31849
2.27148
2.22998
2.19384
2.16228
2.13486
2.11106
2.09041
2.07259
2.05716
2.04394
2.03252
2.0228
2.01443
2.00733
2.00123
1.99608
1.99164
1.98787
1.9846
1.98181
1.97934
1.9772
1.97527
1.97356
1.97199
1.97057
1.96925
1.96803
1.96688
1.96582
1.96479
1.9638
1.96285
1.9619
1.96093
1.95989
1.95876
1.95747
1.95597
1.95422
1.95215
1.94975
1.947
1.94392
1.9406
1.93716
1.93377
1.93061
1.92791
1.92597
1.92492
1.92432
1.9252
1.92921
1.93971
1.964
2.01741
2.13318
2.38263
2.926
4.16922
7.42647
19.0197
36.6694
37.9357
35.7652
32.0633
28.2663
25.2467
23.1789
21.8812
21.1092
20.4847
19.5642
17.8945
15.3802
12.5541
10.0148
7.99307
6.45829
5.33658
4.5493
4.01985
3.66611
3.42182
3.24299
3.10312
2.98719
2.88714
2.79789
2.71498
2.63979
2.5725
2.51127
2.4544
2.40143
2.35373
2.31229
2.27643
2.243
2.20899
2.17385
2.14007
2.10971
2.08335
2.06033
2.04018
2.0224
2.00684
1.99317
1.9812
1.97064
1.96129
1.95292
1.94533
1.93836
1.93189
1.92581
1.92004
1.91451
1.9092
1.90407
1.8991
1.89425
1.88945
1.88461
1.87959
1.87424
1.86839
1.86194
1.8563
1.85029
1.8441
1.83752
1.83029
1.8222
1.81332
1.80372
1.79447
1.78612
1.77962
1.75724
0.000918955
31.8522
23.052
12.6632
5.80497
3.55001
3.07877
2.92007
2.82911
2.75889
2.69473
2.63
2.5647
2.49865
2.43532
2.37537
2.32095
2.27155
2.22804
2.18939
2.15582
2.12625
2.1007
2.07828
2.05899
2.04214
2.02771
2.01516
2.00446
1.99519
1.98732
1.98054
1.97478
1.96982
1.96561
1.96196
1.95884
1.9561
1.95374
1.95162
1.94976
1.94807
1.94654
1.94513
1.94384
1.94263
1.94151
1.94044
1.93942
1.93844
1.93749
1.93655
1.93558
1.93455
1.93341
1.93212
1.93063
1.92888
1.92683
1.92446
1.92175
1.91874
1.91551
1.91217
1.9089
1.90586
1.90329
1.90145
1.90046
1.90001
1.9011
1.90543
1.91646
1.94166
1.99662
2.11494
2.36824
2.91702
4.16785
7.42911
19
29.597
29.5189
27.8701
25.5836
23.3355
21.4681
20.0503
18.9737
18.1158
17.2935
16.2823
14.8253
12.8746
10.7271
8.76435
7.15908
5.91359
4.98232
4.31474
3.85516
3.54254
3.32286
3.15948
3.02996
2.92341
2.83217
2.75205
2.67921
2.62097
2.57705
2.53741
2.4948
2.44307
2.38205
2.32211
2.27285
2.23482
2.20213
2.16957
2.13482
2.1004
2.06935
2.04283
2.02019
2.00075
1.98392
1.96937
1.95675
1.94577
1.93614
1.9276
1.91993
1.91295
1.9065
1.90046
1.89475
1.8893
1.88406
1.87901
1.87411
1.86934
1.86462
1.85987
1.85495
1.84971
1.844
1.83773
1.83224
1.82635
1.82026
1.81382
1.80675
1.79885
1.79018
1.78078
1.77172
1.76347
1.75707
1.73489
0.000956084
27.3127
22.1835
14.694
7.75006
4.20414
3.10704
2.87877
2.7844
2.71784
2.65142
2.58937
2.52196
2.4577
2.39369
2.33642
2.28265
2.23579
2.19307
2.1564
2.12349
2.09534
2.07027
2.04888
2.02995
2.01384
1.99967
1.98767
1.97716
1.9683
1.96056
1.95405
1.94838
1.94361
1.93944
1.93592
1.93281
1.93016
1.92779
1.92573
1.92385
1.92219
1.92065
1.91926
1.91796
1.91677
1.91563
1.91455
1.91354
1.91257
1.91162
1.91067
1.9097
1.90866
1.90752
1.90623
1.90474
1.903
1.90097
1.89862
1.89596
1.89302
1.88987
1.88664
1.88348
1.88057
1.87812
1.87639
1.87547
1.87517
1.87648
1.88115
1.89276
1.91892
1.97553
2.09654
2.35387
2.90826
4.16657
7.43124
18.9839
24.2967
23.738
22.5129
21.0667
19.6698
18.4728
17.4804
16.6342
15.817
14.9057
13.7652
12.3264
10.6301
8.90274
7.37385
6.14732
5.20569
4.50854
4.00479
3.65164
3.40335
3.22372
3.08314
2.96911
2.87581
2.79939
2.73679
2.69066
2.66056
2.65094
2.64601
2.65005
2.64985
2.60498
2.49954
2.3749
2.27768
2.21442
2.16966
2.13168
2.09495
2.0598
2.02859
2.00225
1.98019
1.96159
1.94577
1.93229
1.92071
1.9107
1.90192
1.89413
1.88709
1.88064
1.87463
1.86897
1.86358
1.85841
1.85343
1.8486
1.84391
1.83927
1.8346
1.82978
1.82466
1.81909
1.81298
1.80765
1.80189
1.79591
1.78959
1.78269
1.77499
1.76652
1.75733
1.74845
1.7403
1.73401
1.71201
0.000994369
23.5043
20.9615
16.0976
9.96237
5.24707
3.20673
2.85501
2.75888
2.68846
2.625
2.55865
2.49156
2.42395
2.36141
2.30301
2.25118
2.20397
2.16297
2.12622
2.09462
2.06643
2.04233
2.02091
2.00266
1.98652
1.97284
1.96079
1.95063
1.94171
1.93421
1.92765
1.92213
1.91731
1.91323
1.90966
1.90661
1.9039
1.90156
1.89945
1.89759
1.89589
1.89435
1.89294
1.89163
1.89041
1.88926
1.88819
1.88716
1.88619
1.88523
1.88428
1.8833
1.88226
1.88111
1.87981
1.87832
1.87658
1.87457
1.87225
1.86964
1.86676
1.8637
1.86057
1.85753
1.85475
1.85243
1.8508
1.84996
1.84982
1.85137
1.8564
1.86862
1.89581
1.95418
2.078
2.33954
2.89971
4.16536
7.4329
18.9707
20.3769
20.2418
19.527
18.5811
17.5923
16.6601
15.8245
15.0604
14.3244
13.5457
12.6597
11.5961
10.334
8.93495
7.55472
6.32562
5.31843
4.53199
3.94679
3.56422
3.30941
3.1344
3.00768
2.90764
2.82812
2.76792
2.72497
2.69702
2.68551
2.69398
2.70829
2.7492
2.86699
2.9937
2.96958
2.76921
2.52062
2.33477
2.22168
2.14993
2.09787
2.05507
2.01814
1.98699
1.9613
1.94017
1.92264
1.90797
1.89561
1.88506
1.87596
1.86797
1.86084
1.85434
1.84835
1.84272
1.83738
1.83227
1.82735
1.8226
1.81797
1.81341
1.80882
1.80409
1.7991
1.79367
1.78772
1.78255
1.77691
1.77105
1.76487
1.75813
1.75061
1.74236
1.73338
1.72469
1.71664
1.71045
1.68861
0.00103376
19.4492
17.0474
12.9352
8.07049
4.4607
3.00875
2.75635
2.6761
2.61439
2.55427
2.49291
2.42951
2.3681
2.30988
2.25687
2.20833
2.16515
2.12635
2.09235
2.06205
2.03571
2.01233
1.99211
1.97423
1.95888
1.94535
1.93382
1.92367
1.91508
1.90754
1.90117
1.89558
1.89086
1.8867
1.88317
1.88003
1.87734
1.87493
1.87281
1.87089
1.86917
1.8676
1.86616
1.86482
1.86357
1.86241
1.86132
1.86029
1.8593
1.85834
1.85738
1.85639
1.85533
1.85417
1.85287
1.85138
1.84965
1.84765
1.84536
1.84279
1.83999
1.83701
1.83399
1.83107
1.82841
1.82621
1.82469
1.82394
1.82397
1.82576
1.83119
1.84406
1.87236
1.93259
2.05938
2.3253
2.89142
4.16424
7.43426
18.9604
14.8269
15.4728
15.9633
16.02
15.7813
15.3625
14.8543
14.3036
13.7286
13.1187
12.4509
11.691
10.8096
9.80253
8.71069
7.6065
6.56496
5.64101
4.8623
4.25065
3.78646
3.44124
3.18607
2.99868
2.86273
2.76864
2.70691
2.67041
2.65411
2.65856
2.67095
2.69196
2.82582
3.14877
3.42129
3.36801
3.03545
2.66399
2.39889
2.23655
2.13425
2.06513
2.01466
1.97558
1.94471
1.92008
1.90022
1.88399
1.87057
1.85935
1.8498
1.84153
1.83424
1.82768
1.82165
1.81604
1.81073
1.80566
1.80081
1.79612
1.79155
1.78706
1.78255
1.77792
1.77303
1.76775
1.76195
1.75694
1.75144
1.74569
1.73964
1.73307
1.72575
1.7177
1.70894
1.70043
1.6925
1.6864
1.66469
0.00107429
13.1887
10.7575
7.78913
5.06839
3.38692
2.7675
2.63041
2.56363
2.50612
2.44972
2.39379
2.33826
2.28551
2.23612
2.19094
2.1497
2.11252
2.07911
2.04924
2.02265
1.99897
1.97805
1.95947
1.94319
1.92879
1.91628
1.90526
1.89575
1.88739
1.88022
1.87392
1.86854
1.8638
1.85974
1.85615
1.85305
1.85028
1.84787
1.84568
1.84375
1.84197
1.84038
1.83889
1.83751
1.83625
1.83507
1.83397
1.83293
1.83193
1.83095
1.82998
1.82897
1.8279
1.82673
1.82542
1.82393
1.8222
1.82021
1.81796
1.81545
1.8127
1.80983
1.80691
1.80411
1.80157
1.7995
1.79808
1.79743
1.79763
1.7997
1.80555
1.81912
1.8486
1.91081
2.04072
2.31118
2.8834
4.16319
7.43535
18.9522
8.64846
9.40484
10.5481
11.4459
12.0822
12.4712
12.6481
12.6529
12.5214
12.2779
11.9364
11.4985
10.9587
10.3099
9.55686
8.72029
7.83946
6.96245
6.13713
5.40408
4.78309
4.27368
3.86397
3.53759
3.28028
3.08049
2.92933
2.81839
2.74189
2.69675
2.67293
2.64973
2.69391
3.00854
3.52164
3.79762
3.61
3.15397
2.7209
2.42188
2.23143
2.10833
2.02724
1.97176
1.93187
1.90197
1.87885
1.86054
1.84577
1.83364
1.8235
1.81487
1.80735
1.80066
1.79459
1.78895
1.78366
1.77863
1.77382
1.76918
1.76468
1.76024
1.75581
1.75127
1.74649
1.74134
1.73571
1.73085
1.72548
1.71986
1.71393
1.70752
1.7004
1.69256
1.68402
1.6757
1.66788
1.66188
1.64027
0.00111593
7.34537
5.87538
4.45839
3.39005
2.81024
2.59055
2.51071
2.4526
2.39834
2.34561
2.29458
2.24575
2.20022
2.15822
2.12004
2.08532
2.0541
2.02591
2.00069
1.97798
1.95774
1.93955
1.92341
1.90897
1.89623
1.88488
1.87495
1.86612
1.85845
1.85164
1.84576
1.84054
1.83603
1.83201
1.82853
1.82541
1.82269
1.82022
1.81805
1.81605
1.81428
1.81262
1.81111
1.80972
1.80844
1.80725
1.80613
1.80507
1.80406
1.80307
1.80207
1.80106
1.79997
1.7988
1.79748
1.79598
1.79425
1.79229
1.79008
1.78761
1.78495
1.78215
1.77935
1.77666
1.77425
1.77229
1.77098
1.77045
1.77084
1.77319
1.7795
1.79383
1.82457
1.88887
2.02206
2.29725
2.87569
4.16225
7.43632
18.9461
4.74802
5.22832
6.09816
6.98483
7.83139
8.59207
9.23448
9.74259
10.1097
10.339
10.4351
10.4056
10.2534
9.98218
9.59306
9.09433
8.50072
7.84048
7.14937
6.46933
5.83471
5.26816
4.77683
4.35849
4.00496
3.70809
3.45993
3.25433
3.08624
2.9534
2.84916
2.75289
2.69204
2.87589
3.4074
3.92849
4.00808
3.6345
3.11598
2.68761
2.39221
2.19532
2.06569
1.98137
1.92557
1.88703
1.85905
1.83786
1.8213
1.80802
1.79715
1.78804
1.78022
1.77335
1.76717
1.76149
1.75619
1.75119
1.74641
1.74182
1.73735
1.73298
1.72861
1.72416
1.71949
1.71448
1.70901
1.70429
1.69906
1.69356
1.68776
1.68152
1.67458
1.66697
1.65864
1.65051
1.64282
1.63691
1.61534
0.00115892
4.13437
3.53702
3.03857
2.6988
2.51644
2.43078
2.37833
2.33159
2.28599
2.2417
2.19876
2.15812
2.11998
2.08493
2.05272
2.02356
1.99705
1.97325
1.95171
1.93246
1.91505
1.89953
1.88552
1.87307
1.86186
1.85194
1.84304
1.83519
1.82816
1.82199
1.81648
1.81165
1.80733
1.80354
1.80014
1.79713
1.79442
1.792
1.78981
1.78783
1.78601
1.78436
1.78283
1.78143
1.78013
1.77893
1.7778
1.77672
1.7757
1.77468
1.77369
1.77265
1.77156
1.77037
1.76905
1.76753
1.76583
1.7639
1.76172
1.75932
1.75671
1.75401
1.75131
1.74875
1.74646
1.74463
1.74342
1.74302
1.74361
1.74627
1.75307
1.76821
1.8003
1.86682
2.00344
2.28353
2.86829
4.16138
7.43716
18.9413
3.06496
3.27185
3.70229
4.22191
4.81243
5.44628
6.09257
6.7191
7.29807
7.80465
8.22186
8.5357
8.73908
8.82543
8.79339
8.64209
8.37821
8.01338
7.57028
7.07703
6.56634
6.06564
5.59536
5.16521
4.77838
4.43281
4.12531
3.85159
3.60824
3.39211
3.19834
3.01357
2.85822
2.91123
3.3378
3.91637
4.20327
3.99045
3.48803
2.98195
2.59417
2.32027
2.13255
2.00865
1.92884
1.87685
1.84154
1.81627
1.79732
1.78259
1.77078
1.76108
1.75288
1.74577
1.73944
1.73369
1.72837
1.72336
1.71861
1.71404
1.70962
1.70529
1.70099
1.69661
1.69206
1.68717
1.68185
1.67728
1.6722
1.66681
1.66115
1.65507
1.64832
1.64092
1.63281
1.62488
1.61731
1.6115
1.58993
0.00120264
2.84381
2.64519
2.49049
2.38473
2.31994
2.27709
2.24135
2.20644
2.17209
2.13807
2.10517
2.07339
2.04346
2.01523
1.98918
1.96499
1.94298
1.92278
1.90456
1.88796
1.87307
1.85956
1.84749
1.83656
1.82683
1.81803
1.81022
1.80317
1.79692
1.79129
1.7863
1.7818
1.77781
1.77421
1.771
1.7681
1.76548
1.76311
1.76096
1.75899
1.7572
1.75554
1.75403
1.75261
1.75131
1.7501
1.74896
1.74789
1.74684
1.74583
1.74481
1.74378
1.74267
1.74148
1.74013
1.73864
1.73696
1.73505
1.73293
1.73056
1.72803
1.72542
1.72283
1.72038
1.71822
1.71651
1.71543
1.71516
1.71597
1.71896
1.72629
1.7423
1.77584
1.84471
1.98493
2.27009
2.86125
4.16062
7.43798
18.9381
2.41712
2.48561
2.65833
2.89239
3.19418
3.56367
3.99474
4.47373
4.98257
5.49866
5.99949
6.46188
6.86618
7.1943
7.43328
7.57252
7.60767
7.53873
7.37403
7.12783
6.82117
6.47621
6.11432
5.75137
5.39854
5.06143
4.74275
4.44206
4.15769
3.88607
3.62261
3.36252
3.13663
3.10017
3.40778
3.92552
4.29009
4.21445
3.78222
3.25578
2.80594
2.46654
2.22174
2.05344
1.9433
1.87285
1.82713
1.79614
1.774
1.75739
1.74445
1.73401
1.72535
1.71792
1.71142
1.70558
1.70021
1.69518
1.69042
1.68588
1.68148
1.67721
1.67295
1.66866
1.66419
1.65944
1.65427
1.64984
1.64489
1.63965
1.63411
1.62819
1.62164
1.61445
1.60656
1.59882
1.59139
1.58567
1.56405
0.00124787
2.3442
2.27952
2.22847
2.18973
2.16021
2.13494
2.11089
2.08666
2.0625
2.03831
2.01459
1.99132
1.96897
1.94748
1.92722
1.90806
1.89027
1.87367
1.85847
1.84445
1.83172
1.82008
1.80959
1.80005
1.79149
1.78373
1.77679
1.7705
1.76489
1.7598
1.75526
1.75114
1.74744
1.74409
1.74107
1.73832
1.73583
1.73354
1.73146
1.72955
1.72778
1.72616
1.72465
1.72326
1.72197
1.72077
1.71964
1.71854
1.71752
1.71649
1.71548
1.71443
1.71333
1.7121
1.71078
1.70931
1.70764
1.70578
1.70367
1.70137
1.69891
1.69641
1.69392
1.6916
1.68956
1.68798
1.687
1.6869
1.68793
1.69129
1.69919
1.71615
1.75123
1.82259
1.96658
2.25696
2.85456
4.15994
7.43876
18.9357
2.1349
2.1526
2.2192
2.31414
2.44613
2.62326
2.85204
3.13521
3.47103
3.85229
4.26706
4.69924
5.1304
5.54079
5.91171
6.22631
6.47117
6.63598
6.71549
6.70975
6.62538
6.47369
6.26941
6.02736
5.76118
5.48144
5.19557
4.90724
4.61674
4.32121
4.01766
3.71161
3.44982
3.37089
3.58934
4.04672
4.46471
4.34751
3.9897
3.48106
3.00184
2.61585
2.32286
2.11163
1.96836
1.87563
1.81647
1.77788
1.75151
1.73252
1.71815
1.70686
1.69762
1.68986
1.68315
1.67717
1.67172
1.66665
1.66189
1.65734
1.65299
1.64873
1.64455
1.64031
1.63595
1.6313
1.6263
1.62199
1.6172
1.61206
1.60667
1.6009
1.59454
1.58756
1.57991
1.57236
1.56506
1.55943
1.5377
0.00129406
2.10821
2.08331
2.06198
2.0435
2.02683
2.01085
1.99492
1.97874
1.96243
1.94597
1.92959
1.91328
1.89731
1.88164
1.86655
1.85198
1.83815
1.82501
1.81272
1.80119
1.79056
1.7807
1.77171
1.76343
1.75595
1.74911
1.74295
1.73733
1.73229
1.72768
1.72356
1.71977
1.71639
1.71326
1.71046
1.70786
1.70552
1.70333
1.70136
1.6995
1.6978
1.69621
1.69476
1.6934
1.69214
1.69095
1.68982
1.68876
1.68772
1.68672
1.68568
1.68464
1.6835
1.68232
1.68101
1.67956
1.67793
1.67607
1.67401
1.67176
1.6694
1.66698
1.66463
1.66242
1.66051
1.65904
1.6582
1.65825
1.65955
1.66329
1.67182
1.68978
1.72653
1.80051
1.94845
2.2442
2.84826
4.15937
7.43958
18.9345
1.97498
1.97732
2.00517
2.04448
2.09975
2.17779
2.28506
2.42922
2.61527
2.84742
3.12476
3.44389
3.79513
4.16716
4.54444
4.9131
5.25718
5.56265
5.81368
5.99864
6.10867
6.14288
6.10477
6.00404
5.85148
5.65932
5.43677
5.19037
4.92154
4.62914
4.31419
3.99528
3.73442
3.65339
3.81856
4.23911
4.6332
4.42658
4.12344
3.64938
3.16657
2.75392
2.42533
2.17725
2.00169
1.88483
1.80982
1.76177
1.73005
1.70804
1.69197
1.6796
1.66975
1.66159
1.65462
1.64847
1.64292
1.63781
1.63301
1.62848
1.62412
1.61992
1.61576
1.61162
1.60732
1.60282
1.59792
1.59378
1.58909
1.58411
1.57884
1.57323
1.56706
1.5603
1.55287
1.54552
1.53836
1.53283
1.51091
0.00134148
1.96326
1.95061
1.93878
1.92785
1.91706
1.90662
1.89586
1.88521
1.87418
1.86326
1.85203
1.84097
1.82971
1.81874
1.80773
1.79712
1.78662
1.77666
1.76696
1.75787
1.74916
1.74111
1.73349
1.72654
1.72001
1.71412
1.70863
1.70371
1.69912
1.69503
1.69122
1.68783
1.68466
1.68183
1.67917
1.6768
1.67455
1.67253
1.67063
1.66889
1.66725
1.66575
1.66433
1.66303
1.6618
1.66065
1.65956
1.65851
1.6575
1.65647
1.65547
1.65439
1.6533
1.65212
1.65084
1.64942
1.64779
1.64596
1.64395
1.64178
1.6395
1.6372
1.63494
1.63287
1.63107
1.62975
1.62901
1.62928
1.63083
1.63501
1.6442
1.66326
1.70177
1.77855
1.93058
2.23184
2.84235
4.15888
7.44039
18.934
1.87211
1.87182
1.88607
1.90422
1.92851
1.96244
2.01056
2.07821
2.17136
2.29615
2.45814
2.66023
2.90246
3.18157
3.49225
3.82706
4.17788
4.53229
4.87358
5.18032
5.43315
5.61653
5.72402
5.75534
5.71797
5.62102
5.47499
5.28576
5.05616
4.78589
4.48334
4.18119
3.95312
3.89888
4.03938
4.4016
4.73339
4.47024
4.19963
3.7634
3.29406
2.87195
2.52095
2.24438
2.04016
1.89929
1.80704
1.74799
1.70976
1.68408
1.66587
1.65233
1.64172
1.6331
1.62582
1.61949
1.61383
1.60865
1.60383
1.59928
1.59495
1.59075
1.58668
1.58256
1.57838
1.57394
1.56922
1.56516
1.56066
1.55578
1.55066
1.5452
1.53922
1.53267
1.52547
1.51832
1.5113
1.50586
1.48369
0.00138964
1.86267
1.85329
1.84462
1.83641
1.82851
1.8208
1.8132
1.80559
1.79804
1.79039
1.78278
1.77502
1.76733
1.7595
1.7518
1.74401
1.73644
1.72886
1.7216
1.71442
1.70766
1.70106
1.69493
1.68903
1.68362
1.67847
1.6738
1.66938
1.6654
1.66166
1.6583
1.65515
1.65232
1.64967
1.64728
1.64503
1.64299
1.64107
1.63932
1.63767
1.63614
1.63471
1.63339
1.63214
1.63098
1.62987
1.62882
1.62781
1.62682
1.62584
1.62481
1.6238
1.62271
1.62156
1.62031
1.61888
1.61726
1.61548
1.61353
1.61144
1.60926
1.60705
1.60493
1.60296
1.60133
1.60008
1.59952
1.59996
1.60184
1.60646
1.6164
1.63663
1.67703
1.75673
1.91305
2.21994
2.83684
4.15853
7.44126
18.9347
1.78688
1.78813
1.79694
1.80724
1.81956
1.83609
1.85862
1.89075
1.93583
1.99968
2.08741
2.20451
2.35369
2.53851
2.76031
3.0211
3.32133
3.65948
4.02276
4.38932
4.73003
5.0196
5.23836
5.37851
5.43955
5.42942
5.35586
5.22619
5.04135
4.80448
4.53047
4.26777
4.0935
4.08224
4.21607
4.50968
4.77083
4.49636
4.2311
3.83054
3.38443
2.96618
2.60459
2.30847
2.08076
1.9176
1.80775
1.73654
1.6908
1.66067
1.64001
1.62498
1.61356
1.60438
1.59679
1.59024
1.58446
1.5792
1.57434
1.56979
1.56544
1.56132
1.55723
1.55322
1.54907
1.54478
1.54014
1.53626
1.53186
1.52715
1.52213
1.51684
1.51104
1.50471
1.49773
1.49078
1.48392
1.47857
1.45606
0.00143911
1.7798
1.7719
1.76459
1.75799
1.75166
1.74593
1.74027
1.73504
1.72967
1.72463
1.71933
1.71428
1.70889
1.70373
1.69821
1.69293
1.68733
1.68202
1.67645
1.67123
1.66585
1.66086
1.6558
1.65117
1.64655
1.64239
1.63826
1.63459
1.631
1.62782
1.62472
1.622
1.61935
1.61703
1.61477
1.61278
1.61084
1.60913
1.60746
1.60597
1.60452
1.60322
1.60196
1.60081
1.5997
1.59866
1.59766
1.59669
1.59575
1.59478
1.59383
1.59281
1.59177
1.59064
1.5894
1.58797
1.58641
1.58467
1.58278
1.58077
1.57868
1.5766
1.57458
1.57278
1.57122
1.57016
1.56969
1.57042
1.57258
1.57772
1.58843
1.60994
1.65234
1.73516
1.89591
2.20853
2.83173
4.15827
7.44229
18.9361
1.72055
1.72206
1.72817
1.73425
1.74156
1.75016
1.76204
1.77795
1.80101
1.83366
1.88083
1.94559
2.03228
2.14429
2.28818
2.46927
2.69757
2.98153
3.32207
3.70007
4.08517
4.44076
4.73892
4.95953
5.09765
5.15509
5.14138
5.06161
4.91941
4.71766
4.48131
4.26897
4.15823
4.19406
4.33213
4.55438
4.75488
4.5095
4.22779
3.85909
3.44123
3.03615
2.6738
2.36654
2.12109
1.9385
1.81145
1.7275
1.67324
1.63803
1.61432
1.59766
1.58519
1.57548
1.56749
1.56075
1.55481
1.54948
1.54458
1.53999
1.53571
1.53154
1.52754
1.52353
1.51951
1.51527
1.5108
1.507
1.50279
1.49818
1.49333
1.48816
1.48256
1.47643
1.46969
1.46293
1.45623
1.45098
1.42805
0.00148957
1.71394
1.70642
1.69975
1.69367
1.68833
1.68326
1.67883
1.67442
1.67054
1.66649
1.66287
1.65897
1.65541
1.65151
1.64789
1.6439
1.64017
1.6361
1.63229
1.62818
1.62437
1.62032
1.61661
1.61273
1.60922
1.60561
1.60238
1.5991
1.5962
1.5933
1.59074
1.5882
1.58598
1.58378
1.58186
1.57996
1.57829
1.57666
1.5752
1.57378
1.5725
1.57126
1.57013
1.56905
1.56803
1.56705
1.56611
1.56521
1.5643
1.56339
1.56245
1.5615
1.56046
1.55938
1.55813
1.55677
1.55522
1.55355
1.55173
1.5498
1.54783
1.54583
1.54399
1.54226
1.54088
1.53989
1.53963
1.54059
1.54315
1.54881
1.56039
1.58324
1.62781
1.71387
1.87923
2.19764
2.82702
4.15815
7.44336
18.9387
1.66305
1.66424
1.66746
1.67123
1.6753
1.68066
1.68725
1.69675
1.70946
1.72792
1.75351
1.79003
1.83932
1.90545
1.9926
2.10919
2.26587
2.48234
2.77293
3.13325
3.53204
3.92856
4.28151
4.56325
4.75713
4.8633
4.88787
4.84183
4.72946
4.55993
4.36205
4.20381
4.15455
4.23447
4.38122
4.53398
4.69092
4.47373
4.19661
3.85758
3.47011
3.08422
2.72857
2.4172
2.15976
1.96091
1.81788
1.72081
1.65737
1.61623
1.58906
1.57034
1.55676
1.54634
1.53799
1.53099
1.5249
1.5195
1.51453
1.50997
1.50564
1.50154
1.49753
1.49361
1.48962
1.48551
1.48114
1.47751
1.4734
1.46897
1.46422
1.45923
1.45378
1.44787
1.44135
1.4348
1.42827
1.42311
1.39965
0.0015412
1.65921
1.65247
1.64599
1.6403
1.63487
1.63019
1.62567
1.62182
1.61802
1.61477
1.61146
1.6086
1.60557
1.60289
1.59996
1.59732
1.59438
1.59169
1.58869
1.58593
1.58289
1.58009
1.57705
1.57427
1.57131
1.56864
1.56583
1.56332
1.56074
1.55844
1.55612
1.55406
1.552
1.55018
1.54839
1.54679
1.54523
1.54382
1.54246
1.54123
1.54004
1.53895
1.5379
1.53692
1.53598
1.53509
1.53422
1.53336
1.53252
1.53165
1.53076
1.52984
1.52885
1.52778
1.52658
1.52525
1.52376
1.52216
1.5204
1.51858
1.51668
1.51486
1.51308
1.51152
1.51023
1.50941
1.50931
1.5106
1.51352
1.51981
1.53228
1.55662
1.60346
1.69296
1.86304
2.1873
2.82273
4.15816
7.44446
18.9423
1.5886
1.589
1.58997
1.59113
1.59258
1.59484
1.59773
1.60237
1.60869
1.61784
1.62986
1.647
1.67057
1.70311
1.74587
1.80429
1.88611
2.00882
2.19897
2.48004
2.84469
3.25578
3.66098
4.01505
4.28488
4.4563
4.52897
4.51487
4.42739
4.28481
4.12402
4.01624
4.02614
4.15177
4.32356
4.4375
4.55154
4.37475
4.12073
3.8183
3.47298
3.1204
2.78421
2.47802
2.21292
1.99721
1.83369
1.7175
1.63919
1.5878
1.5543
1.53185
1.51629
1.50478
1.49596
1.48872
1.48268
1.47735
1.47263
1.46829
1.46429
1.46051
1.45691
1.45339
1.44989
1.44628
1.44253
1.43938
1.43589
1.43198
1.42789
1.42351
1.41883
1.4137
1.40809
1.40245
1.39686
1.39262
1.36928
0.00158677
1.58646
1.58037
1.57437
1.56907
1.564
1.55962
1.55534
1.55178
1.54825
1.54538
1.54243
1.54008
1.53757
1.53557
1.53333
1.53153
1.52943
1.52771
1.52566
1.52394
1.52188
1.52012
1.51805
1.51627
1.5142
1.51242
1.51041
1.50868
1.50676
1.50513
1.50337
1.50187
1.50027
1.49892
1.49751
1.49631
1.49507
1.49401
1.49294
1.492
1.49108
1.49025
1.48945
1.4887
1.488
1.48731
1.48668
1.48602
1.48541
1.48472
1.48409
1.48334
1.48263
1.48174
1.48083
1.47971
1.47857
1.47722
1.47585
1.47436
1.47291
1.47148
1.47018
1.46907
1.46826
1.46795
1.46849
1.47057
1.4744
1.48178
1.49595
1.52263
1.57295
1.66723
1.84355
2.17495
2.81698
4.15511
7.43528
18.8962
1.54116
1.54208
1.5422
1.54218
1.54214
1.54232
1.54265
1.54369
1.54563
1.54889
1.55359
1.56051
1.57097
1.58656
1.60819
1.63705
1.67763
1.73908
1.84063
2.01517
2.2923
2.66609
3.09203
3.50869
3.8624
4.11571
4.25244
4.27381
4.19908
4.05887
3.90508
3.80902
3.83154
3.96496
4.14316
4.27216
4.33244
4.2226
4.01214
3.74632
3.44118
3.12334
2.81248
2.51994
2.25678
2.03228
1.85344
1.72
1.62653
1.56363
1.52247
1.49527
1.47703
1.46404
1.45452
1.44695
1.44087
1.4356
1.43108
1.42695
1.42325
1.41978
1.41656
1.41344
1.41037
1.4073
1.40405
1.40147
1.39844
1.39516
1.39159
1.3879
1.38387
1.37956
1.37478
1.37003
1.36535
1.36201
1.33863
0.00164354
1.53642
1.52994
1.52333
1.51717
1.51113
1.50569
1.50046
1.49589
1.49157
1.48786
1.48442
1.4815
1.47877
1.47647
1.47431
1.47246
1.47067
1.4691
1.46756
1.46615
1.46473
1.46339
1.46204
1.46073
1.4594
1.45809
1.4568
1.45551
1.45426
1.45301
1.45184
1.45067
1.44959
1.44851
1.44755
1.44658
1.44574
1.44488
1.44416
1.44342
1.4428
1.44216
1.44164
1.44107
1.44063
1.44012
1.43973
1.43924
1.43887
1.43836
1.43797
1.4374
1.43693
1.43623
1.43559
1.4347
1.43387
1.43279
1.43178
1.43063
1.42959
1.42854
1.42769
1.42701
1.42667
1.4269
1.42805
1.43104
1.43568
1.44436
1.4602
1.48947
1.54335
1.64261
1.82516
2.16355
2.81162
4.15198
7.427
18.8697
1.51374
1.51553
1.51675
1.51643
1.5163
1.51467
1.51344
1.51095
1.50955
1.5076
1.50745
1.50739
1.51018
1.51481
1.52443
1.53746
1.55714
1.5857
1.63434
1.72032
1.88127
2.14962
2.52609
2.96108
3.389
3.74386
3.98459
4.08562
4.05318
3.91562
3.74383
3.62415
3.62483
3.7372
3.90243
4.0384
4.08735
4.02848
3.87374
3.64756
3.38203
3.0992
2.81674
2.54348
2.28967
2.06383
1.87542
1.72768
1.61967
1.54438
1.49429
1.46111
1.43935
1.42431
1.4138
1.40572
1.39952
1.39425
1.3899
1.38597
1.38256
1.37939
1.37652
1.37378
1.37116
1.36853
1.36583
1.36366
1.36122
1.35841
1.35548
1.35233
1.34902
1.34542
1.34149
1.33758
1.33378
1.33129
1.30774
0.00170111
1.5003
1.49079
1.4818
1.4732
1.46578
1.45845
1.45239
1.44631
1.44151
1.43659
1.43288
1.42897
1.42617
1.42309
1.42101
1.41858
1.41703
1.41508
1.4139
1.41227
1.41132
1.4099
1.40909
1.40779
1.40705
1.40583
1.40514
1.40398
1.40331
1.40222
1.40159
1.40057
1.4
1.39906
1.39856
1.39772
1.39728
1.39655
1.3962
1.39558
1.39529
1.39476
1.39455
1.39411
1.39393
1.39356
1.39342
1.39308
1.39294
1.39259
1.39244
1.39204
1.39182
1.3913
1.39093
1.39026
1.38973
1.38892
1.38826
1.38742
1.38678
1.3861
1.38567
1.38541
1.38554
1.38627
1.38815
1.39194
1.39761
1.40751
1.42528
1.45715
1.51484
1.61911
1.80798
2.15307
2.80679
4.14902
7.42054
18.8573
1.45137
1.45326
1.45644
1.45864
1.46118
1.46249
1.46382
1.46356
1.46345
1.46207
1.46144
1.46005
1.46008
1.4602
1.46313
1.46778
1.47673
1.48927
1.51159
1.55032
1.62548
1.76802
2.01674
2.37533
2.8062
3.23659
3.59914
3.83498
3.91683
3.84167
3.66669
3.49554
3.43658
3.50379
3.64291
3.77444
3.84442
3.82179
3.71066
3.52782
3.30249
3.05456
2.80156
2.5508
2.3115
2.09059
1.89827
1.74003
1.61886
1.53088
1.47065
1.43021
1.40384
1.38603
1.37404
1.36519
1.35872
1.35338
1.34916
1.3454
1.34226
1.33935
1.33684
1.33445
1.33225
1.33006
1.32784
1.32615
1.32412
1.32191
1.31946
1.31695
1.31423
1.31139
1.30822
1.30514
1.30217
1.30052
1.27662
0.00175924
1.44199
1.43473
1.42763
1.42079
1.41454
1.40835
1.40287
1.39741
1.39276
1.38806
1.38421
1.38027
1.37721
1.37398
1.37162
1.369
1.36723
1.36512
1.36382
1.36208
1.36113
1.35967
1.35896
1.35768
1.35714
1.35598
1.35555
1.35449
1.35413
1.35315
1.35286
1.35195
1.35171
1.3509
1.35072
1.35
1.34988
1.34926
1.3492
1.34869
1.34867
1.34826
1.3483
1.34798
1.34804
1.34778
1.34787
1.34766
1.34774
1.34754
1.3476
1.34737
1.34737
1.34703
1.34691
1.34646
1.34621
1.34566
1.34533
1.3448
1.34453
1.3442
1.34418
1.34431
1.34489
1.3462
1.34869
1.35351
1.36008
1.37145
1.39112
1.42588
1.4874
1.5969
1.79194
2.14357
2.80244
4.14657
7.41649
18.8548
1.38684
1.38588
1.38957
1.39282
1.39645
1.3995
1.40275
1.405
1.40718
1.40815
1.40919
1.40918
1.4096
1.40931
1.41012
1.41118
1.41465
1.41975
1.42948
1.44639
1.48048
1.54554
1.67107
1.88946
2.21692
2.62313
3.04692
3.41093
3.6529
3.72741
3.638
3.45253
3.30625
3.28746
3.37952
3.49993
3.58483
3.59568
3.52785
3.38999
3.20574
2.99319
2.76992
2.54335
2.32193
2.111
1.92011
1.75572
1.62377
1.52357
1.45238
1.4034
1.3712
1.34966
1.33557
1.32556
1.3186
1.31307
1.3089
1.30527
1.30238
1.29973
1.29754
1.29549
1.29369
1.2919
1.29018
1.28887
1.28733
1.28556
1.28368
1.28168
1.27966
1.27744
1.27505
1.27271
1.27059
1.26971
1.24534
0.00181818
1.38059
1.37577
1.37088
1.36614
1.36146
1.35686
1.35248
1.34813
1.34409
1.34007
1.33648
1.33289
1.32979
1.32668
1.32414
1.32153
1.31951
1.31736
1.31582
1.31407
1.31293
1.3115
1.31068
1.30949
1.30892
1.3079
1.30751
1.30661
1.30635
1.30555
1.30539
1.30468
1.30461
1.30397
1.30397
1.30342
1.30349
1.30303
1.30316
1.3028
1.30298
1.30271
1.30293
1.30275
1.30299
1.30288
1.30314
1.30307
1.30333
1.30327
1.30352
1.30344
1.30364
1.30348
1.3036
1.30335
1.30337
1.30306
1.30305
1.30281
1.30289
1.30289
1.30326
1.30377
1.30484
1.30666
1.30989
1.31564
1.32334
1.33611
1.35799
1.39562
1.46126
1.57591
1.77718
2.13494
2.79875
4.14473
7.41505
18.8604
1.32615
1.32419
1.32744
1.33008
1.33332
1.336
1.33941
1.34216
1.3455
1.34789
1.35065
1.35225
1.35419
1.35505
1.35649
1.35722
1.35907
1.36106
1.36549
1.3725
1.38777
1.4177
1.47677
1.58496
1.77302
2.05806
2.42717
2.82651
3.18602
3.43216
3.51684
3.4359
3.26943
3.14479
3.14119
3.22343
3.31529
3.35762
3.33129
3.23748
3.09396
2.91707
2.7237
2.5222
2.32064
2.12344
1.93868
1.77284
1.63334
1.52239
1.44006
1.38156
1.34222
1.31587
1.29883
1.28715
1.27936
1.27345
1.26924
1.26567
1.26299
1.26057
1.25868
1.25695
1.25552
1.25412
1.25285
1.2519
1.25076
1.24951
1.24807
1.24671
1.24519
1.24369
1.24195
1.2404
1.23903
1.23893
1.21391
0.0018775
1.32017
1.31606
1.31219
1.30844
1.30507
1.30159
1.29853
1.29524
1.29237
1.28924
1.28658
1.28365
1.28121
1.27853
1.27638
1.27401
1.27219
1.27016
1.2687
1.267
1.26589
1.26451
1.2637
1.26258
1.26202
1.26112
1.26077
1.26002
1.25982
1.2592
1.25913
1.25861
1.25864
1.25821
1.25832
1.25798
1.25816
1.25791
1.25815
1.25799
1.25828
1.2582
1.25854
1.25853
1.25889
1.25894
1.25931
1.2594
1.25978
1.25988
1.26027
1.26035
1.26071
1.26073
1.26104
1.261
1.26126
1.26119
1.26146
1.2615
1.2619
1.26222
1.26296
1.26385
1.26539
1.26774
1.27171
1.27857
1.28732
1.30179
1.3258
1.36663
1.43634
1.55634
1.76356
2.12734
2.79557
4.1439
7.41653
18.8734
1.25066
1.25139
1.25315
1.25533
1.25796
1.26117
1.2647
1.26867
1.27275
1.27703
1.28118
1.28524
1.28891
1.29234
1.29538
1.29823
1.30083
1.30346
1.30639
1.31046
1.31737
1.33118
1.35929
1.41253
1.50725
1.66615
1.90877
2.23103
2.59555
2.9383
3.18864
3.29133
3.24113
3.10479
2.99679
2.98463
3.04461
3.10615
3.12088
3.0721
2.96946
2.82772
2.66396
2.48758
2.30695
2.12588
1.95124
1.78851
1.6455
1.52633
1.4337
1.36521
1.31766
1.28534
1.26438
1.25031
1.24124
1.23469
1.23027
1.22669
1.22416
1.22192
1.22032
1.21886
1.21778
1.21673
1.21591
1.21527
1.21457
1.21367
1.21283
1.21188
1.21102
1.21005
1.20906
1.20815
1.20758
1.20817
1.18244
0.00193736
1.25201
1.25087
1.24957
1.24833
1.24677
1.24531
1.24355
1.24191
1.23998
1.23821
1.23622
1.23439
1.23242
1.23063
1.22877
1.22709
1.22539
1.22389
1.22242
1.22115
1.21994
1.21891
1.21795
1.21717
1.21645
1.21588
1.21537
1.21497
1.21464
1.21438
1.21418
1.21402
1.21395
1.21387
1.2139
1.21388
1.21401
1.21405
1.21425
1.21435
1.21464
1.21478
1.21514
1.21532
1.21574
1.21595
1.21641
1.21664
1.21712
1.21736
1.21788
1.21809
1.21862
1.21877
1.2193
1.21942
1.21994
1.22007
1.22063
1.2209
1.22163
1.22224
1.22334
1.22459
1.22661
1.22951
1.23433
1.24226
1.25228
1.26836
1.29484
1.3388
1.41289
1.53806
1.75127
2.12054
2.79324
4.14406
7.42093
18.8938
1.21579
1.22059
1.22187
1.22267
1.22316
1.22368
1.22435
1.22528
1.22655
1.22815
1.23012
1.23232
1.23477
1.23731
1.23998
1.24266
1.24541
1.24813
1.25093
1.25395
1.258
1.26462
1.27769
1.3038
1.35254
1.43625
1.57238
1.77773
2.05484
2.37823
2.69621
2.94334
3.06586
3.05034
2.94757
2.84944
2.82225
2.85508
2.89245
2.88816
2.82965
2.72511
2.59111
2.43994
2.28055
2.11729
1.95546
1.79986
1.65748
1.53349
1.43245
1.35438
1.29803
1.25866
1.23277
1.21546
1.20455
1.19696
1.19212
1.18839
1.18592
1.18383
1.18246
1.18126
1.18049
1.17977
1.17933
1.17902
1.17862
1.17828
1.17775
1.17743
1.17701
1.17669
1.17628
1.1761
1.1762
1.17749
1.15099
0.00199763
1.21127
1.20798
1.20522
1.2026
1.20037
1.19816
1.19623
1.19428
1.19251
1.19073
1.18907
1.18741
1.18584
1.1843
1.18283
1.18141
1.18006
1.17879
1.17759
1.17651
1.17549
1.17461
1.17378
1.17311
1.17248
1.17201
1.17156
1.17128
1.17099
1.17086
1.17072
1.17071
1.17068
1.17077
1.17083
1.171
1.17115
1.17138
1.17162
1.17189
1.17221
1.17253
1.17292
1.17327
1.17373
1.1741
1.1746
1.17498
1.17552
1.17591
1.17649
1.17685
1.17747
1.17779
1.17845
1.17875
1.17945
1.17979
1.18058
1.1811
1.1821
1.18298
1.18441
1.18603
1.18852
1.19202
1.19771
1.20683
1.21812
1.23613
1.26498
1.31247
1.39076
1.52128
1.74006
2.11477
2.79147
4.14547
7.42843
18.9238
1.17106
1.17443
1.17485
1.17479
1.17448
1.17435
1.17423
1.17462
1.17496
1.17595
1.17688
1.17854
1.18008
1.18232
1.18434
1.18702
1.18943
1.19243
1.19513
1.19836
1.2015
1.20592
1.21241
1.22503
1.24908
1.29345
1.3676
1.48489
1.6581
1.89278
2.17339
2.46236
2.70507
2.85108
2.87688
2.80979
2.71788
2.66778
2.67123
2.68918
2.67611
2.61465
2.51174
2.38358
2.24294
2.09683
1.94928
1.80395
1.66622
1.54127
1.43468
1.34841
1.28339
1.23626
1.20448
1.18298
1.16952
1.16038
1.15483
1.15072
1.14826
1.14622
1.14507
1.14408
1.14364
1.1432
1.14318
1.14308
1.14321
1.14308
1.14314
1.14317
1.14331
1.14351
1.14374
1.14418
1.14498
1.14693
1.12005
0.00205751
1.16851
1.16524
1.16187
1.15913
1.15628
1.15405
1.15162
1.14978
1.14767
1.14616
1.14428
1.143
1.14131
1.14023
1.13868
1.13777
1.13635
1.1356
1.13431
1.13372
1.13257
1.13215
1.13116
1.13091
1.13008
1.12999
1.12935
1.12941
1.12892
1.1291
1.12878
1.12905
1.12887
1.12921
1.12916
1.12955
1.12961
1.13003
1.13021
1.13065
1.13092
1.13138
1.13175
1.13223
1.13268
1.13315
1.13369
1.13416
1.13475
1.13521
1.13589
1.1363
1.13708
1.13746
1.13832
1.13869
1.13965
1.1401
1.14118
1.14185
1.14318
1.14428
1.1461
1.14807
1.15111
1.15523
1.16193
1.17228
1.18517
1.20492
1.23659
1.2874
1.37018
1.50578
1.73008
2.10973
2.79053
4.14812
7.4381
18.9676
1.12248
1.12623
1.12703
1.12786
1.12811
1.12861
1.12857
1.12901
1.12896
1.12958
1.1298
1.13083
1.13149
1.13302
1.13418
1.13623
1.13789
1.14044
1.14257
1.1456
1.1482
1.15186
1.15576
1.16259
1.17391
1.19607
1.23504
1.30115
1.40299
1.55062
1.74496
1.97678
2.21846
2.43357
2.58311
2.64679
2.63169
2.57552
2.52187
2.49307
2.4791
2.45337
2.3976
2.30809
2.19476
2.06684
1.9339
1.79921
1.669
1.54611
1.43748
1.34497
1.27253
1.21744
1.17932
1.1527
1.13613
1.12482
1.11833
1.11362
1.11112
1.10909
1.10817
1.1074
1.10726
1.10715
1.10745
1.10766
1.108
1.10837
1.10878
1.10929
1.10991
1.11063
1.11144
1.1125
1.11396
1.1165
1.08909
0.00206132
1.12113
1.11917
1.11663
1.11474
1.11229
1.11061
1.10832
1.10687
1.10479
1.10356
1.10168
1.10065
1.09894
1.09809
1.09655
1.09585
1.09445
1.09389
1.09265
1.09222
1.09112
1.09083
1.08986
1.08971
1.08889
1.08888
1.0882
1.08832
1.08779
1.08802
1.08765
1.08798
1.08775
1.08812
1.08806
1.08848
1.08853
1.08896
1.08918
1.08961
1.08996
1.09037
1.09087
1.09127
1.09189
1.09226
1.09302
1.09338
1.09424
1.09459
1.09554
1.09587
1.09696
1.09729
1.09851
1.09888
1.10024
1.10077
1.10228
1.10311
1.10486
1.10622
1.10848
1.11086
1.11448
1.11933
1.12702
1.13883
1.15313
1.17508
1.20941
1.26385
1.35102
1.49167
1.72117
2.10555
2.79028
4.15189
7.44892
19.0329
)
;

boundaryField
{
    inlet
    {
        type            fixedValue;
        value           uniform 100;
    }
    outlet
    {
        type            zeroGradient;
    }
    walls
    {
        beta1           0.075;
        blended         false;
        type            omegaWallFunction;
        value           nonuniform List<scalar> 
78
(
0.94573
0.94675
0.945865
0.95027
0.952249
0.954392
0.957526
0.960474
0.963429
0.966661
0.969547
0.972393
0.975425
0.978218
0.981102
0.984243
0.987644
0.991491
0.996085
1.00147
1.00841
1.01879
1.42509
66.0971
107.974
144.839
182.577
210.001
221.47
221.733
219.126
211.673
199.993
186.447
171.435
155.361
141.058
125.63
149.232
0.946215
0.948362
0.94634
0.950013
0.953225
0.956937
0.967901
0.9753
0.982492
0.989979
0.997948
1.00592
1.01391
1.02176
1.0298
1.03811
1.04678
1.05599
1.066
1.07691
1.08881
1.10196
1.11642
1.13157
1.14717
1.16329
3.09957
47.8788
71.2124
88.0822
99.8023
107.151
110.843
111.57
109.928
106.373
100.999
93.5546
84.2572
)
;
    }
    frontAndBack
    {
        type            empty;
    }
}


// ************************************************************************* //
