/*--------------------------------*- C++ -*----------------------------------*\
  =========                 |
  \\      /  F ield         | OpenFOAM: The Open Source CFD Toolbox
   \\    /   O peration     | Website:  https://openfoam.org
    \\  /    A nd           | Version:  12
     \\/     M anipulation  |
\*---------------------------------------------------------------------------*/
FoamFile
{
    format      ascii;
    class       volScalarField;
    location    "350";
    object      nuTilda;
}
// * * * * * * * * * * * * * * * * * * * * * * * * * * * * * * * * * * * * * //

dimensions      [0 2 -1 0 0 0 0];

internalField   nonuniform List<scalar> 
10720
(
0.14519
0.152466
0.161173
0.171741
0.184011
0.198553
0.215427
0.234219
0.254533
0.275426
0.295275
0.312133
0.324155
0.330454
0.33126
0.327643
0.32093
0.312257
0.302258
0.291301
0.279358
0.266424
0.252582
0.238328
0.224866
0.213268
0.2034
0.193922
0.185664
0.171274
0.155694
0.144554
0.124181
0.116082
0.107801
0.0655661
0.0570405
0.0864772
0.0914765
0.138468
0.132083
0.125111
0.118067
0.110549
0.102588
0.0940984
0.0849575
0.0749791
0.0636889
0.0505221
0.0357991
0.0339989
0.039679
0.0492036
0.0576699
0.0655224
0.0733806
0.081472
0.0897802
0.0981728
0.106514
0.114673
0.122528
0.129764
0.136041
0.141339
0.145783
0.149526
0.15269
0.155351
0.157552
0.159352
0.160798
0.161886
0.162692
0.162905
0.163428
0.160211
0.110529
0.110273
0.110101
0.110659
0.111661
0.112997
0.115133
0.118399
0.123394
0.130443
0.139717
0.151362
0.164987
0.18013
0.196401
0.213292
0.230554
0.24783
0.264816
0.281022
0.296007
0.309148
0.319911
0.327958
0.333177
0.335472
0.334723
0.331109
0.325578
0.317378
0.306876
0.295686
0.285944
0.273093
0.263423
0.235588
0.214656
0.287106
0.276562
0.110739
0.110819
0.110926
0.110767
0.110403
0.109756
0.108694
0.107139
0.105121
0.102751
0.100035
0.0969994
0.0931016
0.088647
0.0842132
0.0801022
0.076364
0.0730188
0.0701333
0.067751
0.0659161
0.064648
0.0639463
0.063772
0.064094
0.0648549
0.0659533
0.0672798
0.0687402
0.0702528
0.0717604
0.0734566
0.0760898
0.0796508
0.0835274
0.0872587
0.0906098
0.0948045
0.102874
0.128556
0.128434
0.128196
0.128243
0.128449
0.128653
0.128845
0.129069
0.129416
0.12973
0.130009
0.130465
0.131454
0.133323
0.136404
0.140939
0.147173
0.154607
0.160999
0.172496
0.189034
0.209609
0.233466
0.259244
0.285081
0.309674
0.331997
0.351003
0.366257
0.377522
0.38482
0.388729
0.391157
0.390788
0.391867
0.379567
0.37747
0.514279
0.539239
0.128681
0.128647
0.128674
0.128506
0.128238
0.127828
0.127217
0.126337
0.125181
0.123764
0.122066
0.120124
0.117957
0.115502
0.112862
0.110092
0.107216
0.104256
0.101263
0.0982605
0.0952872
0.0923528
0.0894612
0.086528
0.0835169
0.0805012
0.0775337
0.0746696
0.0719576
0.0694334
0.0671674
0.0649912
0.0642889
0.0654205
0.0675995
0.0702791
0.0736179
0.0765336
0.08356
0.132871
0.132797
0.132644
0.132551
0.132575
0.132642
0.132714
0.132788
0.132866
0.132947
0.132992
0.132908
0.132549
0.1315
0.130122
0.129584
0.129711
0.130588
0.132045
0.134589
0.139014
0.146639
0.155644
0.169528
0.190351
0.216838
0.248126
0.282656
0.318375
0.353049
0.384787
0.412493
0.436602
0.456708
0.476342
0.484398
0.499136
0.679381
0.82467
0.132933
0.132947
0.132955
0.132895
0.132773
0.132577
0.132278
0.131854
0.1313
0.130612
0.129782
0.128804
0.12765
0.126324
0.124853
0.123244
0.121504
0.11964
0.117671
0.115606
0.113464
0.111251
0.108961
0.106523
0.103877
0.101056
0.0980827
0.094984
0.0917897
0.0885303
0.085245
0.0819527
0.0787497
0.0757814
0.073222
0.0708579
0.0705042
0.0713508
0.0723349
0.135217
0.135161
0.135064
0.134926
0.134762
0.134538
0.134417
0.134374
0.134354
0.134346
0.134348
0.134342
0.134297
0.134159
0.133852
0.133393
0.132828
0.132233
0.13172
0.131376
0.131325
0.132079
0.133828
0.137322
0.143791
0.154802
0.168322
0.192737
0.227364
0.270974
0.32077
0.372873
0.424192
0.47229
0.518659
0.554639
0.590359
0.797683
1.06441
0.135266
0.135273
0.135283
0.135242
0.135169
0.135046
0.134864
0.134603
0.134265
0.13385
0.13336
0.132777
0.132099
0.131326
0.130459
0.129496
0.128442
0.127293
0.126056
0.12473
0.123321
0.121826
0.120236
0.118498
0.116557
0.114424
0.112099
0.109587
0.1069
0.104049
0.101052
0.0979293
0.0947098
0.0914321
0.0881551
0.0848934
0.0817231
0.0793332
0.0738062
0.136527
0.136486
0.136418
0.136322
0.136207
0.136062
0.135887
0.135681
0.135455
0.135288
0.135178
0.135093
0.134996
0.134852
0.134612
0.134212
0.133702
0.133102
0.132401
0.131598
0.130631
0.130148
0.130021
0.130342
0.131375
0.134
0.138254
0.1467
0.160972
0.18745
0.230077
0.289146
0.360855
0.438602
0.518088
0.590052
0.654297
0.877402
1.22248
0.136556
0.136567
0.136573
0.136548
0.1365
0.136418
0.136295
0.136122
0.1359
0.135629
0.135311
0.134935
0.134501
0.134008
0.133455
0.13284
0.132161
0.131417
0.130611
0.12974
0.128803
0.127796
0.12671
0.125506
0.124143
0.122619
0.120926
0.119059
0.117011
0.11478
0.112368
0.109782
0.107034
0.10414
0.101121
0.098015
0.0946806
0.0920046
0.0845781
0.137365
0.137333
0.137279
0.137205
0.137119
0.137011
0.136881
0.136731
0.136556
0.136357
0.136135
0.135885
0.135637
0.13535
0.135025
0.134664
0.134258
0.133796
0.133259
0.132627
0.131859
0.131001
0.130112
0.129265
0.128998
0.129203
0.130041
0.132065
0.13606
0.145314
0.163162
0.202161
0.269171
0.363028
0.474337
0.588091
0.689815
0.925042
1.31802
0.137389
0.137396
0.137401
0.137381
0.137347
0.137287
0.137199
0.137075
0.136918
0.136729
0.136507
0.136249
0.135952
0.135617
0.135242
0.134825
0.134364
0.133857
0.133306
0.132708
0.132061
0.131361
0.1306
0.129752
0.128786
0.127698
0.126478
0.125117
0.123604
0.121931
0.120088
0.118073
0.115882
0.113522
0.110992
0.108328
0.105357
0.102917
0.0961122
0.137938
0.137913
0.137875
0.137821
0.137755
0.137673
0.137574
0.137459
0.137325
0.137173
0.137002
0.136808
0.136591
0.136345
0.136061
0.135736
0.135363
0.134941
0.134462
0.133919
0.133301
0.132579
0.131742
0.130771
0.1298
0.128821
0.128409
0.128527
0.129247
0.131453
0.136526
0.151042
0.18861
0.268391
0.393669
0.546738
0.693579
0.943238
1.36305
0.137954
0.13796
0.137963
0.137949
0.137923
0.137878
0.137813
0.13772
0.137604
0.137465
0.137303
0.137116
0.136902
0.136663
0.136396
0.1361
0.135774
0.135415
0.135023
0.134596
0.134132
0.133628
0.133078
0.132462
0.13176
0.130966
0.130073
0.129072
0.127951
0.126702
0.125313
0.123775
0.122082
0.120228
0.118205
0.116036
0.113557
0.111465
0.10577
0.138351
0.138331
0.138301
0.138258
0.138205
0.13814
0.138061
0.13797
0.137865
0.137745
0.137611
0.137458
0.137288
0.137095
0.136877
0.136627
0.13634
0.136008
0.135623
0.135178
0.134665
0.134072
0.133382
0.132584
0.131681
0.130643
0.129589
0.128551
0.127983
0.128064
0.128966
0.132277
0.144822
0.188348
0.295236
0.469119
0.661946
0.9319
1.36478
0.138364
0.138368
0.138371
0.138359
0.13834
0.138304
0.138254
0.138182
0.138092
0.137987
0.137864
0.137723
0.137563
0.137385
0.137187
0.13697
0.136731
0.136469
0.136181
0.135867
0.135524
0.135149
0.13474
0.13428
0.133756
0.133163
0.132494
0.131743
0.130901
0.129957
0.128903
0.127729
0.126426
0.124987
0.123399
0.121675
0.119674
0.117946
0.113357
0.138662
0.138646
0.138621
0.138587
0.138545
0.138493
0.138431
0.13836
0.138277
0.138184
0.138078
0.137959
0.137824
0.137672
0.1375
0.137304
0.137079
0.13682
0.13652
0.136172
0.135766
0.135294
0.134745
0.134109
0.133379
0.132543
0.131579
0.130457
0.1293
0.128142
0.127625
0.127762
0.129775
0.143541
0.207294
0.368361
0.594166
0.889184
1.32752
0.138672
0.138676
0.138678
0.138668
0.138653
0.138624
0.138585
0.138527
0.138456
0.138373
0.138276
0.138167
0.138044
0.137907
0.137757
0.137593
0.137412
0.137214
0.136997
0.13676
0.136501
0.136217
0.135904
0.135553
0.135152
0.134699
0.134188
0.133613
0.132967
0.132243
0.131432
0.130526
0.129516
0.128395
0.127151
0.12579
0.124195
0.12279
0.119164
0.138902
0.138889
0.138868
0.13884
0.138805
0.138763
0.138712
0.138654
0.138587
0.13851
0.138425
0.138328
0.138219
0.138096
0.137956
0.137798
0.137618
0.137413
0.137177
0.136904
0.136587
0.136217
0.135786
0.135286
0.134714
0.134057
0.133288
0.132381
0.131296
0.130138
0.128886
0.127592
0.126988
0.127913
0.15038
0.266623
0.496436
0.813573
1.25395
0.138912
0.138916
0.138918
0.13891
0.138897
0.138873
0.13884
0.138794
0.138736
0.138668
0.138591
0.138504
0.138407
0.138299
0.138182
0.138054
0.137914
0.137762
0.137595
0.137412
0.137212
0.136993
0.136749
0.136475
0.136163
0.135809
0.135411
0.134963
0.134459
0.133894
0.133261
0.132552
0.131761
0.13088
0.129898
0.128819
0.12755
0.12641
0.123568
0.139094
0.139082
0.139065
0.139041
0.139013
0.138977
0.138935
0.138887
0.138832
0.13877
0.138701
0.138623
0.138535
0.138436
0.138323
0.138196
0.13805
0.137883
0.137691
0.13747
0.137213
0.136916
0.136572
0.136175
0.135722
0.135204
0.134601
0.133891
0.13303
0.132003
0.130883
0.129607
0.127924
0.126176
0.12632
0.18592
0.383546
0.706916
1.14616
0.139103
0.139107
0.139109
0.139102
0.139092
0.139071
0.139043
0.139005
0.138957
0.138901
0.138837
0.138766
0.138688
0.138602
0.138508
0.138407
0.138297
0.138177
0.138045
0.137902
0.137745
0.137572
0.13738
0.137163
0.136915
0.136635
0.13632
0.135965
0.135566
0.135119
0.134617
0.134055
0.133427
0.132726
0.131944
0.131082
0.130067
0.129138
0.12691
0.139251
0.13924
0.139225
0.139205
0.139181
0.139151
0.139116
0.139076
0.13903
0.138979
0.138921
0.138856
0.138783
0.138701
0.138609
0.138504
0.138384
0.138248
0.138091
0.137911
0.137701
0.137459
0.137179
0.136858
0.136492
0.136076
0.135595
0.135032
0.134362
0.133536
0.132538
0.131462
0.130106
0.12825
0.122547
0.13783
0.275747
0.577421
1.00757
0.139259
0.139263
0.139265
0.139259
0.13925
0.139231
0.139208
0.139175
0.139135
0.139088
0.139035
0.138976
0.138912
0.138842
0.138766
0.138684
0.138595
0.138499
0.138394
0.13828
0.138155
0.138017
0.137863
0.137689
0.13749
0.137265
0.137011
0.136726
0.136406
0.136047
0.135644
0.135193
0.134688
0.134125
0.133496
0.132801
0.131982
0.131221
0.129465
0.13938
0.139371
0.139358
0.139341
0.139321
0.139296
0.139267
0.139233
0.139194
0.139151
0.139103
0.139048
0.138987
0.138919
0.138842
0.138755
0.138655
0.138542
0.138412
0.138262
0.138089
0.137889
0.137659
0.137395
0.137096
0.136755
0.136362
0.135906
0.135368
0.134721
0.133907
0.132926
0.131829
0.130706
0.126507
0.119597
0.191285
0.440157
0.845298
0.139387
0.139391
0.139393
0.139389
0.139381
0.139365
0.139344
0.139316
0.139281
0.139241
0.139196
0.139146
0.139093
0.139035
0.138972
0.138905
0.138832
0.138754
0.138669
0.138577
0.138476
0.138364
0.13824
0.138099
0.137937
0.137754
0.137547
0.137316
0.137056
0.136764
0.136437
0.136071
0.135661
0.135204
0.134693
0.134127
0.133461
0.132833
0.131438
0.139488
0.139481
0.139471
0.139456
0.139439
0.139419
0.139394
0.139365
0.139332
0.139296
0.139254
0.139208
0.139157
0.139099
0.139034
0.13896
0.138876
0.138781
0.138672
0.138547
0.138403
0.138236
0.138045
0.137826
0.137578
0.137296
0.136971
0.136594
0.136152
0.135628
0.134983
0.134168
0.133126
0.132256
0.130773
0.119601
0.138933
0.313618
0.671881
0.139494
0.139498
0.1395
0.139497
0.139491
0.139477
0.139458
0.139433
0.139403
0.139368
0.139329
0.139287
0.139242
0.139193
0.139141
0.139085
0.139025
0.13896
0.138891
0.138815
0.138732
0.138641
0.138539
0.138423
0.138291
0.138141
0.137971
0.137781
0.137567
0.137328
0.137059
0.136759
0.136424
0.136049
0.135629
0.135165
0.134618
0.134097
0.13298
0.139581
0.139575
0.139567
0.139555
0.139541
0.139524
0.139503
0.139478
0.13945
0.139419
0.139383
0.139343
0.139299
0.13925
0.139194
0.139131
0.13906
0.138979
0.138887
0.138781
0.13866
0.13852
0.138359
0.138176
0.137969
0.137734
0.137463
0.137149
0.13678
0.136345
0.13582
0.135166
0.134297
0.133211
0.133113
0.126021
0.117489
0.214359
0.504586
0.139586
0.139589
0.139591
0.139589
0.139585
0.139572
0.139555
0.139533
0.139506
0.139475
0.139442
0.139405
0.139366
0.139325
0.139281
0.139234
0.139183
0.13913
0.139072
0.139009
0.138941
0.138865
0.138781
0.138685
0.138575
0.138451
0.13831
0.138152
0.137975
0.137777
0.137555
0.137307
0.137029
0.136719
0.136373
0.135988
0.135537
0.1351
0.134199
0.13966
0.139656
0.13965
0.13964
0.139629
0.139615
0.139597
0.139576
0.139551
0.139524
0.139493
0.139459
0.13942
0.139377
0.139329
0.139275
0.139214
0.139145
0.139066
0.138976
0.138873
0.138754
0.138619
0.138465
0.138291
0.138093
0.137865
0.137601
0.137293
0.136927
0.13649
0.135952
0.135281
0.134182
0.134018
0.131638
0.116107
0.150375
0.361282
0.139664
0.139667
0.139669
0.139668
0.139665
0.139655
0.139639
0.139619
0.139595
0.139567
0.139537
0.139505
0.139471
0.139436
0.139398
0.139358
0.139315
0.13927
0.139221
0.139169
0.139112
0.139049
0.138978
0.138898
0.138807
0.138703
0.138586
0.138454
0.138306
0.13814
0.137955
0.137748
0.137517
0.137258
0.136969
0.136649
0.136273
0.135906
0.135173
0.13973
0.139727
0.139723
0.139715
0.139706
0.139694
0.139678
0.13966
0.139639
0.139614
0.139587
0.139557
0.139523
0.139486
0.139444
0.139397
0.139344
0.139285
0.139217
0.139139
0.139051
0.13895
0.138834
0.138704
0.138557
0.13839
0.138197
0.137975
0.137715
0.137407
0.13704
0.136587
0.136052
0.135173
0.134399
0.134671
0.123222
0.119372
0.25384
0.139733
0.139735
0.139737
0.139737
0.139735
0.139726
0.139711
0.139693
0.139671
0.139646
0.139619
0.139591
0.139561
0.13953
0.139497
0.139463
0.139427
0.139388
0.139347
0.139302
0.139254
0.139201
0.139142
0.139075
0.138998
0.13891
0.138812
0.138701
0.138576
0.138437
0.138281
0.138107
0.137913
0.137696
0.137454
0.137185
0.13687
0.13656
0.135959
0.139792
0.13979
0.139788
0.139782
0.139774
0.139764
0.13975
0.139733
0.139714
0.139692
0.139668
0.139641
0.139611
0.139578
0.139541
0.1395
0.139454
0.139402
0.139344
0.139277
0.139201
0.139114
0.139015
0.138904
0.138779
0.138637
0.138474
0.138285
0.138065
0.137805
0.137495
0.137114
0.13666
0.136032
0.134966
0.135582
0.130807
0.111918
0.184283
0.139794
0.139795
0.139796
0.139796
0.139796
0.139789
0.139774
0.139757
0.139737
0.139714
0.13969
0.139665
0.139638
0.139611
0.139583
0.139553
0.139521
0.139488
0.139453
0.139415
0.139374
0.139329
0.139279
0.139222
0.139156
0.139083
0.138999
0.138906
0.1388
0.138682
0.13855
0.138403
0.138239
0.138056
0.137852
0.137624
0.137359
0.137095
0.136599
0.139847
0.139847
0.139846
0.139841
0.139834
0.139825
0.139812
0.139797
0.139779
0.139759
0.139737
0.139713
0.139686
0.139657
0.139624
0.139588
0.139548
0.139503
0.139451
0.139393
0.139327
0.139252
0.139168
0.139072
0.138965
0.138844
0.138705
0.138544
0.138357
0.138136
0.137874
0.137554
0.137157
0.136699
0.135734
0.135645
0.135557
0.116506
0.14657
0.139848
0.139848
0.139848
0.139849
0.13985
0.139843
0.13983
0.139814
0.139795
0.139774
0.139752
0.139729
0.139705
0.139681
0.139656
0.13963
0.139603
0.139574
0.139543
0.139511
0.139476
0.139437
0.139394
0.139345
0.13929
0.139227
0.139156
0.139077
0.138987
0.138886
0.138774
0.138649
0.138509
0.138354
0.13818
0.137988
0.137763
0.137537
0.137125
0.139897
0.139898
0.139898
0.139894
0.139888
0.139879
0.139867
0.139852
0.139836
0.139817
0.139797
0.139775
0.139751
0.139725
0.139696
0.139664
0.139628
0.139588
0.139543
0.139493
0.139435
0.13937
0.139297
0.139215
0.139123
0.139019
0.1389
0.138763
0.138603
0.138415
0.138191
0.137922
0.137579
0.137203
0.136515
0.135678
0.137456
0.124389
0.130989
0.139897
0.139896
0.139895
0.139895
0.139897
0.139892
0.13988
0.139864
0.139847
0.139827
0.139806
0.139785
0.139764
0.139742
0.13972
0.139697
0.139673
0.139648
0.139621
0.139593
0.139563
0.139529
0.139492
0.139451
0.139403
0.139349
0.139288
0.13922
0.139144
0.139058
0.138962
0.138855
0.138735
0.138603
0.138455
0.13829
0.138098
0.137905
0.137561
0.139942
0.139944
0.139945
0.139941
0.139935
0.139926
0.139914
0.1399
0.139885
0.139868
0.139849
0.139829
0.139808
0.139784
0.139758
0.13973
0.139698
0.139663
0.139623
0.139578
0.139528
0.139471
0.139407
0.139336
0.139257
0.139167
0.139065
0.138947
0.13881
0.138649
0.138458
0.13823
0.137941
0.137601
0.137161
0.136046
0.137677
0.130939
0.127881
0.139941
0.139938
0.139936
0.139936
0.139939
0.139935
0.139924
0.139909
0.139892
0.139873
0.139854
0.139835
0.139815
0.139796
0.139776
0.139755
0.139734
0.139712
0.139689
0.139664
0.139637
0.139609
0.139577
0.13954
0.139499
0.139453
0.139401
0.139342
0.139277
0.139203
0.139121
0.139028
0.138926
0.138812
0.138685
0.138544
0.13838
0.138213
0.137924
0.139983
0.139986
0.139987
0.139983
0.139977
0.139967
0.139956
0.139943
0.139928
0.139912
0.139896
0.139878
0.139858
0.139837
0.139814
0.139788
0.13976
0.139729
0.139693
0.139654
0.139609
0.139559
0.139503
0.139441
0.139372
0.139294
0.139206
0.139104
0.138986
0.138848
0.138684
0.138489
0.138248
0.137937
0.137642
0.136642
0.137399
0.134831
0.12982
0.139981
0.139977
0.139974
0.139973
0.139977
0.139974
0.139963
0.139949
0.139932
0.139915
0.139897
0.139879
0.139861
0.139843
0.139825
0.139807
0.139788
0.139768
0.139747
0.139726
0.139702
0.139677
0.139649
0.139618
0.139582
0.139542
0.139497
0.139446
0.13939
0.139327
0.139256
0.139176
0.139088
0.138989
0.13888
0.138758
0.138617
0.138473
0.138229
0.140021
0.140024
0.140024
0.14002
0.140013
0.140004
0.139993
0.13998
0.139967
0.139953
0.139938
0.139922
0.139905
0.139886
0.139865
0.139842
0.139817
0.139789
0.139757
0.139721
0.139682
0.139637
0.139587
0.139532
0.139472
0.139404
0.139327
0.139238
0.139136
0.139017
0.138876
0.138708
0.138507
0.138233
0.137994
0.137265
0.13722
0.136697
0.132721
0.140018
0.140012
0.140008
0.140007
0.140011
0.140008
0.139999
0.139984
0.139969
0.139952
0.139935
0.139918
0.139901
0.139885
0.139868
0.139852
0.139835
0.139817
0.139799
0.13978
0.139759
0.139737
0.139713
0.139685
0.139654
0.139619
0.13958
0.139536
0.139487
0.139432
0.139371
0.139302
0.139226
0.139141
0.139046
0.13894
0.138819
0.138694
0.138487
0.140056
0.140059
0.140057
0.140052
0.140045
0.140036
0.140026
0.140015
0.140003
0.139991
0.139978
0.139964
0.139948
0.139931
0.139913
0.139892
0.139869
0.139844
0.139815
0.139783
0.139748
0.139707
0.139663
0.139614
0.13956
0.139501
0.139433
0.139355
0.139266
0.139162
0.139041
0.138895
0.138724
0.138492
0.138267
0.137792
0.137323
0.137398
0.13494
0.140052
0.140045
0.140039
0.140037
0.140041
0.14004
0.14003
0.140017
0.140001
0.139985
0.139969
0.139953
0.139937
0.139922
0.139907
0.139892
0.139876
0.13986
0.139844
0.139827
0.139809
0.139789
0.139768
0.139744
0.139716
0.139685
0.139651
0.139613
0.13957
0.139523
0.13947
0.139411
0.139344
0.13927
0.139188
0.139096
0.13899
0.138882
0.138707
0.140088
0.140089
0.140087
0.140081
0.140074
0.140065
0.140056
0.140047
0.140037
0.140027
0.140015
0.140003
0.139989
0.139974
0.139958
0.139939
0.139919
0.139896
0.13987
0.139841
0.139808
0.139772
0.139732
0.139688
0.13964
0.139587
0.139527
0.139458
0.139379
0.139288
0.139183
0.139056
0.138908
0.138715
0.138499
0.138189
0.13763
0.137654
0.136299
0.140083
0.140075
0.140067
0.140064
0.140069
0.140068
0.140059
0.140046
0.140031
0.140015
0.139999
0.139984
0.139969
0.139955
0.139941
0.139927
0.139913
0.139899
0.139884
0.139869
0.139853
0.139836
0.139816
0.139795
0.139771
0.139743
0.139713
0.13968
0.139643
0.139601
0.139555
0.139504
0.139446
0.139382
0.13931
0.13923
0.139138
0.139043
0.138894
0.140116
0.140117
0.140112
0.140107
0.1401
0.140092
0.140085
0.140077
0.140069
0.140061
0.140051
0.140041
0.140029
0.140015
0.14
0.139984
0.139965
0.139944
0.139921
0.139894
0.139865
0.139832
0.139796
0.139756
0.139713
0.139665
0.139611
0.13955
0.13948
0.1394
0.139307
0.139197
0.139067
0.138906
0.138705
0.13848
0.137999
0.137843
0.137059
0.140112
0.140103
0.140093
0.140089
0.140094
0.140094
0.140085
0.140072
0.140057
0.140042
0.140026
0.140012
0.139998
0.139984
0.139972
0.139959
0.139946
0.139933
0.13992
0.139906
0.139892
0.139876
0.139859
0.13984
0.139818
0.139794
0.139768
0.139738
0.139705
0.139669
0.139629
0.139584
0.139534
0.139478
0.139415
0.139345
0.139265
0.139181
0.139054
0.140142
0.140141
0.140136
0.14013
0.140124
0.140118
0.140112
0.140106
0.1401
0.140094
0.140086
0.140077
0.140066
0.140054
0.140041
0.140026
0.140009
0.13999
0.139968
0.139944
0.139917
0.139888
0.139855
0.139819
0.13978
0.139737
0.139688
0.139633
0.139571
0.139499
0.139416
0.13932
0.139206
0.139068
0.138891
0.138703
0.138336
0.138077
0.137514
0.140139
0.140129
0.140117
0.140111
0.140117
0.140117
0.140108
0.140095
0.14008
0.140066
0.140051
0.140037
0.140024
0.140011
0.139999
0.139988
0.139976
0.139964
0.139952
0.13994
0.139926
0.139912
0.139897
0.13988
0.13986
0.139839
0.139815
0.139789
0.13976
0.139728
0.139693
0.139654
0.13961
0.139561
0.139507
0.139445
0.139375
0.139301
0.139193
0.140165
0.140162
0.140156
0.140151
0.140146
0.140142
0.140138
0.140135
0.14013
0.140125
0.140119
0.140111
0.140102
0.140091
0.140079
0.140066
0.14005
0.140033
0.140013
0.139991
0.139966
0.139939
0.139909
0.139876
0.139841
0.139802
0.139758
0.139709
0.139653
0.139589
0.139515
0.139429
0.139328
0.139209
0.139055
0.138887
0.13861
0.138344
0.137856
0.140163
0.140154
0.14014
0.140132
0.140138
0.140138
0.14013
0.140116
0.140102
0.140087
0.140073
0.14006
0.140047
0.140035
0.140024
0.140013
0.140002
0.139992
0.13998
0.139969
0.139957
0.139944
0.13993
0.139914
0.139897
0.139878
0.139856
0.139833
0.139808
0.13978
0.139749
0.139714
0.139676
0.139633
0.139586
0.139532
0.139471
0.139406
0.139313
0.140184
0.140181
0.140175
0.140171
0.140168
0.140166
0.140164
0.140162
0.140159
0.140155
0.14015
0.140143
0.140135
0.140126
0.140115
0.140103
0.140089
0.140073
0.140055
0.140035
0.140012
0.139987
0.139959
0.139929
0.139897
0.139862
0.139823
0.139778
0.139728
0.13967
0.139604
0.139528
0.139438
0.139332
0.1392
0.139047
0.138827
0.138599
0.138179
0.140184
0.140177
0.140161
0.140151
0.140157
0.140158
0.140149
0.140135
0.140121
0.140106
0.140093
0.14008
0.140068
0.140057
0.140046
0.140036
0.140026
0.140016
0.140006
0.139995
0.139984
0.139972
0.139959
0.139945
0.139929
0.139912
0.139893
0.139872
0.139849
0.139824
0.139797
0.139767
0.139733
0.139696
0.139654
0.139608
0.139554
0.139497
0.139417
0.140202
0.140198
0.140192
0.140189
0.140189
0.140189
0.140189
0.140189
0.140187
0.140183
0.140179
0.140173
0.140167
0.140158
0.140149
0.140138
0.140125
0.140111
0.140095
0.140076
0.140055
0.140032
0.140007
0.139979
0.13995
0.139918
0.139882
0.139842
0.139796
0.139745
0.139685
0.139617
0.139537
0.139443
0.139328
0.139191
0.139004
0.13882
0.138471
0.140203
0.140198
0.14018
0.140168
0.140175
0.140175
0.140166
0.140152
0.140137
0.140123
0.14011
0.140098
0.140087
0.140076
0.140066
0.140056
0.140047
0.140037
0.140028
0.140018
0.140008
0.139997
0.139985
0.139972
0.139957
0.139942
0.139924
0.139906
0.139886
0.139864
0.139839
0.139813
0.139783
0.13975
0.139714
0.139673
0.139626
0.139576
0.139507
0.140217
0.140213
0.140208
0.140208
0.14021
0.140212
0.140213
0.140214
0.140213
0.14021
0.140207
0.140202
0.140197
0.140189
0.140181
0.140171
0.14016
0.140147
0.140132
0.140115
0.140096
0.140075
0.140052
0.140026
0.139999
0.139969
0.139936
0.1399
0.139859
0.139812
0.139759
0.139698
0.139627
0.139543
0.139441
0.13932
0.139156
0.139004
0.138724
0.14022
0.140216
0.140198
0.140184
0.140191
0.140191
0.140182
0.140167
0.140153
0.140139
0.140126
0.140114
0.140103
0.140093
0.140083
0.140074
0.140065
0.140056
0.140047
0.140038
0.140028
0.140018
0.140007
0.139995
0.139982
0.139968
0.139952
0.139936
0.139918
0.139898
0.139876
0.139853
0.139827
0.139798
0.139766
0.13973
0.139689
0.139644
0.139585
0.140231
0.140227
0.140223
0.140227
0.140231
0.140234
0.140236
0.140237
0.140237
0.140236
0.140234
0.14023
0.140225
0.140219
0.140211
0.140202
0.140192
0.14018
0.140167
0.140151
0.140134
0.140115
0.140094
0.140071
0.140046
0.140018
0.139988
0.139954
0.139917
0.139875
0.139827
0.139772
0.139708
0.139633
0.139543
0.139436
0.139291
0.13916
0.138936
0.140233
0.140233
0.140215
0.140199
0.140205
0.140206
0.140195
0.140181
0.140166
0.140153
0.14014
0.140128
0.140118
0.140108
0.140098
0.140089
0.140081
0.140072
0.140064
0.140055
0.140046
0.140037
0.140027
0.140016
0.140004
0.139991
0.139977
0.139962
0.139946
0.139928
0.139909
0.139888
0.139865
0.13984
0.139812
0.13978
0.139745
0.139703
0.139661
0.140243
0.14024
0.140238
0.140245
0.14025
0.140253
0.140257
0.14026
0.140261
0.140261
0.140259
0.140256
0.140252
0.140246
0.140239
0.140231
0.140222
0.140211
0.140199
0.140185
0.14017
0.140152
0.140133
0.140112
0.140089
0.140065
0.140037
0.140006
0.139971
0.139933
0.139889
0.139839
0.139782
0.139715
0.139635
0.13954
0.139413
0.139295
0.139113
0.140245
0.140245
0.140229
0.140212
0.140218
0.140219
0.140208
0.140193
0.140178
0.140165
0.140152
0.140141
0.14013
0.14012
0.140111
0.140103
0.140094
0.140086
0.140079
0.140071
0.140062
0.140054
0.140044
0.140034
0.140023
0.140011
0.139999
0.139985
0.139971
0.139955
0.139938
0.139919
0.139899
0.139876
0.139852
0.139824
0.139794
0.139754
0.139729
0.140255
0.140252
0.140252
0.140263
0.140267
0.140271
0.140276
0.140279
0.14028
0.140282
0.140281
0.140279
0.140276
0.140271
0.140266
0.140259
0.140251
0.140241
0.14023
0.140217
0.140203
0.140187
0.140169
0.14015
0.14013
0.140107
0.140082
0.140054
0.140023
0.139987
0.139947
0.139902
0.13985
0.13979
0.139719
0.139634
0.139522
0.139416
0.139264
0.140255
0.140253
0.140241
0.140224
0.14023
0.14023
0.140219
0.140203
0.140189
0.140176
0.140163
0.140152
0.140141
0.140131
0.140123
0.140114
0.140106
0.140099
0.140091
0.140084
0.140076
0.140068
0.14006
0.14005
0.14004
0.140029
0.140018
0.140006
0.139992
0.139978
0.139963
0.139946
0.139928
0.139909
0.139887
0.139862
0.139836
0.139799
0.139784
0.140264
0.140262
0.140266
0.140275
0.140279
0.140283
0.140287
0.14029
0.140292
0.140294
0.140295
0.140295
0.140295
0.140293
0.14029
0.140285
0.140279
0.140271
0.140261
0.140249
0.140236
0.14022
0.140204
0.140186
0.140167
0.140147
0.140124
0.140099
0.14007
0.140038
0.140002
0.13996
0.139913
0.139859
0.139795
0.139719
0.139621
0.139524
0.139395
0.140262
0.140258
0.140248
0.140235
0.140239
0.140237
0.140227
0.140212
0.140198
0.140185
0.140172
0.140161
0.14015
0.140141
0.140132
0.140124
0.140117
0.14011
0.140103
0.140096
0.140089
0.140081
0.140073
0.140065
0.140055
0.140045
0.140035
0.140024
0.140012
0.139999
0.139986
0.139971
0.139955
0.139937
0.139918
0.139896
0.139874
0.139841
0.13983
0.14027
0.140271
0.140276
0.140282
0.140286
0.14029
0.140294
0.140298
0.1403
0.140303
0.140304
0.140305
0.140306
0.140306
0.140305
0.140304
0.140301
0.140298
0.140293
0.140286
0.140275
0.140261
0.140244
0.140226
0.140207
0.140186
0.140165
0.140141
0.140115
0.140086
0.140052
0.140015
0.139972
0.139922
0.139865
0.139797
0.13971
0.139621
0.139511
0.140266
0.140261
0.140253
0.140243
0.140244
0.14024
0.140232
0.140219
0.140206
0.140193
0.14018
0.140168
0.140158
0.140149
0.140141
0.140133
0.140126
0.140119
0.140113
0.140106
0.1401
0.140093
0.140085
0.140077
0.140069
0.14006
0.14005
0.14004
0.140029
0.140018
0.140006
0.139993
0.139979
0.139964
0.139947
0.139928
0.139908
0.139879
0.13987
0.140274
0.140277
0.140281
0.140287
0.140292
0.140296
0.1403
0.140303
0.140306
0.140309
0.140311
0.140313
0.140314
0.140315
0.140315
0.140315
0.140314
0.140313
0.140311
0.140308
0.140303
0.140296
0.140287
0.140273
0.140255
0.140235
0.140211
0.140186
0.14016
0.140131
0.1401
0.140066
0.140027
0.139982
0.13993
0.139868
0.139796
0.13971
0.139614
0.140269
0.140264
0.140256
0.140247
0.140247
0.140242
0.140234
0.140223
0.140211
0.140199
0.140186
0.140175
0.140165
0.140156
0.140148
0.140141
0.140134
0.140128
0.140122
0.140115
0.140109
0.140103
0.140096
0.140089
0.140081
0.140073
0.140065
0.140056
0.140047
0.140038
0.140028
0.140017
0.140005
0.139992
0.139978
0.139962
0.139945
0.139919
0.139912
0.140276
0.14028
0.140285
0.140291
0.140296
0.1403
0.140304
0.140308
0.140312
0.140315
0.140317
0.140319
0.140321
0.140322
0.140323
0.140324
0.140324
0.140323
0.140323
0.140321
0.140319
0.140316
0.140312
0.140305
0.140296
0.140283
0.140265
0.140243
0.140217
0.140188
0.140156
0.140122
0.140086
0.140044
0.139998
0.139938
0.139876
0.139792
0.139707
0.140271
0.140266
0.140258
0.14025
0.140248
0.140243
0.140234
0.140223
0.140212
0.140202
0.140191
0.14018
0.140171
0.140162
0.140154
0.140147
0.140141
0.140135
0.140129
0.140124
0.140118
0.140112
0.140106
0.140101
0.140094
0.140088
0.140081
0.140075
0.140068
0.14006
0.140053
0.140045
0.140037
0.140027
0.140017
0.140003
0.139992
0.13997
0.139962
0.140278
0.140283
0.140288
0.140294
0.140299
0.140304
0.140308
0.140312
0.140316
0.140319
0.140322
0.140324
0.140327
0.140328
0.14033
0.140331
0.140332
0.140332
0.140332
0.140331
0.14033
0.140328
0.140326
0.140323
0.140319
0.140313
0.140304
0.140291
0.140272
0.140248
0.140219
0.140186
0.140149
0.140109
0.140065
0.14001
0.139953
0.139871
0.139792
0.140273
0.140267
0.140259
0.140251
0.140249
0.140243
0.140234
0.140223
0.140212
0.140201
0.140192
0.140183
0.140175
0.140167
0.14016
0.140153
0.140147
0.140142
0.140137
0.140131
0.140126
0.140122
0.140118
0.140114
0.14011
0.140106
0.140101
0.140097
0.140092
0.140088
0.140084
0.140079
0.140075
0.14007
0.140064
0.140055
0.14005
0.140031
0.140024
0.14028
0.140285
0.14029
0.140296
0.140302
0.140307
0.140311
0.140316
0.14032
0.140323
0.140326
0.140329
0.140332
0.140334
0.140335
0.140337
0.140338
0.140339
0.14034
0.14034
0.140339
0.140338
0.140337
0.140335
0.140333
0.14033
0.140326
0.14032
0.14031
0.140296
0.140275
0.140248
0.140215
0.140176
0.140134
0.140083
0.140029
0.139949
0.139873
0.140274
0.140268
0.14026
0.140252
0.140249
0.140243
0.140233
0.140221
0.14021
0.1402
0.14019
0.140183
0.140176
0.14017
0.140164
0.140158
0.140153
0.140148
0.140144
0.140139
0.140136
0.140133
0.140131
0.140129
0.140127
0.140125
0.140122
0.140119
0.140117
0.140114
0.140112
0.14011
0.140107
0.140104
0.140102
0.140096
0.140095
0.140079
0.140075
0.140281
0.140286
0.140292
0.140298
0.140304
0.140309
0.140314
0.140319
0.140323
0.140327
0.14033
0.140333
0.140336
0.140338
0.14034
0.140342
0.140344
0.140345
0.140346
0.140347
0.140347
0.140347
0.140346
0.140345
0.140344
0.140342
0.140339
0.140336
0.140332
0.140325
0.140314
0.140298
0.140274
0.140242
0.140203
0.140155
0.140104
0.140026
0.139952
0.140275
0.140269
0.14026
0.140252
0.140249
0.140242
0.140231
0.140219
0.140207
0.140197
0.140188
0.140181
0.140175
0.140169
0.140165
0.140161
0.140157
0.140153
0.14015
0.140147
0.140144
0.140142
0.140141
0.14014
0.140138
0.140137
0.140135
0.140133
0.140132
0.14013
0.140128
0.140127
0.140125
0.140123
0.140122
0.140119
0.140119
0.140105
0.140104
0.140282
0.140288
0.140294
0.1403
0.140306
0.140311
0.140316
0.140321
0.140326
0.14033
0.140333
0.140337
0.14034
0.140343
0.140345
0.140347
0.140349
0.140351
0.140352
0.140353
0.140354
0.140355
0.140354
0.140354
0.140353
0.140352
0.14035
0.140348
0.140345
0.140342
0.140337
0.140329
0.140316
0.140295
0.140266
0.140225
0.140179
0.140104
0.140032
0.140276
0.140269
0.14026
0.140252
0.140248
0.14024
0.140229
0.140216
0.140204
0.140193
0.140185
0.140178
0.140172
0.140168
0.140164
0.140161
0.140158
0.140155
0.140153
0.140151
0.140149
0.140147
0.140146
0.140145
0.140143
0.140142
0.14014
0.140139
0.140138
0.140136
0.140135
0.140134
0.140133
0.140132
0.140131
0.140129
0.14013
0.140118
0.140118
0.140283
0.140288
0.140295
0.140301
0.140307
0.140313
0.140318
0.140323
0.140328
0.140332
0.140336
0.14034
0.140343
0.140346
0.140349
0.140352
0.140354
0.140356
0.140358
0.140359
0.14036
0.140361
0.140362
0.140362
0.140361
0.140361
0.140359
0.140358
0.140356
0.140353
0.140351
0.140347
0.140341
0.140331
0.140313
0.140284
0.140248
0.140181
0.140112
0.140276
0.140269
0.14026
0.140251
0.140247
0.140238
0.140226
0.140212
0.1402
0.140189
0.140181
0.140174
0.140169
0.140165
0.140162
0.140159
0.140157
0.140154
0.140153
0.140151
0.140149
0.140148
0.140147
0.140146
0.140144
0.140143
0.140142
0.140141
0.14014
0.140139
0.140138
0.140137
0.140136
0.140135
0.140134
0.140133
0.140134
0.140128
0.140129
0.140283
0.140289
0.140295
0.140302
0.140308
0.140314
0.14032
0.140325
0.14033
0.140335
0.140339
0.140343
0.140346
0.14035
0.140353
0.140355
0.140358
0.14036
0.140363
0.140364
0.140366
0.140367
0.140368
0.140369
0.140369
0.140369
0.140368
0.140367
0.140366
0.140364
0.140362
0.140359
0.140356
0.140351
0.140343
0.140327
0.140304
0.140254
0.140191
0.140276
0.140268
0.140259
0.14025
0.140245
0.140236
0.140223
0.140208
0.140196
0.140185
0.140177
0.14017
0.140165
0.140162
0.140159
0.140156
0.140154
0.140153
0.140151
0.14015
0.140148
0.140147
0.140146
0.140145
0.140144
0.140143
0.140142
0.140141
0.14014
0.140139
0.140138
0.140137
0.140137
0.140136
0.140135
0.140134
0.140135
0.140131
0.140134
0.140282
0.140289
0.140296
0.140303
0.140309
0.140315
0.140321
0.140327
0.140332
0.140337
0.140341
0.140345
0.140349
0.140352
0.140356
0.140359
0.140362
0.140364
0.140367
0.140369
0.140371
0.140373
0.140374
0.140375
0.140376
0.140376
0.140376
0.140376
0.140375
0.140374
0.140372
0.14037
0.140367
0.140364
0.140361
0.140353
0.140342
0.140311
0.140264
0.140275
0.140268
0.140258
0.140249
0.140243
0.140233
0.140219
0.140204
0.140191
0.14018
0.140172
0.140166
0.140162
0.140158
0.140156
0.140154
0.140152
0.14015
0.140149
0.140148
0.140146
0.140145
0.140144
0.140143
0.140142
0.140141
0.14014
0.140139
0.140138
0.140137
0.140136
0.140135
0.140134
0.140134
0.140133
0.140132
0.140133
0.14013
0.140133
0.140282
0.140289
0.140296
0.140303
0.140309
0.140316
0.140322
0.140328
0.140333
0.140338
0.140343
0.140347
0.140351
0.140355
0.140359
0.140362
0.140365
0.140368
0.140371
0.140373
0.140376
0.140378
0.140379
0.140381
0.140382
0.140382
0.140383
0.140383
0.140383
0.140382
0.140381
0.14038
0.140378
0.140375
0.140373
0.140369
0.140365
0.140349
0.140321
0.140275
0.140267
0.140257
0.140247
0.140241
0.14023
0.140215
0.140199
0.140186
0.140175
0.140167
0.140162
0.140158
0.140155
0.140152
0.14015
0.140149
0.140147
0.140146
0.140145
0.140143
0.140142
0.140141
0.14014
0.140139
0.140138
0.140136
0.140135
0.140134
0.140133
0.140132
0.140131
0.14013
0.140129
0.140128
0.140127
0.140128
0.140125
0.140128
0.140281
0.140288
0.140295
0.140303
0.14031
0.140316
0.140323
0.140329
0.140334
0.140339
0.140344
0.140349
0.140353
0.140357
0.140361
0.140364
0.140368
0.140371
0.140374
0.140377
0.14038
0.140382
0.140384
0.140386
0.140387
0.140388
0.140389
0.14039
0.14039
0.14039
0.14039
0.140389
0.140388
0.140386
0.140384
0.140381
0.140379
0.140372
0.140359
0.140274
0.140266
0.140255
0.140245
0.140238
0.140226
0.14021
0.140194
0.14018
0.14017
0.140162
0.140157
0.140153
0.14015
0.140148
0.140146
0.140145
0.140143
0.140142
0.140141
0.140139
0.140138
0.140137
0.140135
0.140134
0.140132
0.140131
0.140129
0.140128
0.140126
0.140125
0.140124
0.140122
0.140121
0.14012
0.140119
0.140119
0.140116
0.140119
0.14028
0.140287
0.140295
0.140302
0.140309
0.140316
0.140323
0.140329
0.140335
0.14034
0.140345
0.14035
0.140354
0.140359
0.140363
0.140366
0.14037
0.140374
0.140377
0.14038
0.140383
0.140386
0.140388
0.140391
0.140392
0.140394
0.140395
0.140396
0.140397
0.140397
0.140398
0.140398
0.140397
0.140396
0.140394
0.140392
0.14039
0.140385
0.140382
0.140272
0.140264
0.140253
0.140243
0.140235
0.140222
0.140205
0.140188
0.140175
0.140165
0.140158
0.140152
0.140149
0.140146
0.140144
0.140142
0.14014
0.140138
0.140137
0.140135
0.140134
0.140132
0.140131
0.140129
0.140127
0.140125
0.140123
0.140121
0.140119
0.140117
0.140115
0.140113
0.140112
0.14011
0.140108
0.140106
0.140106
0.140102
0.140105
0.140279
0.140286
0.140294
0.140302
0.140309
0.140316
0.140323
0.140329
0.140335
0.140341
0.140346
0.140351
0.140355
0.14036
0.140364
0.140368
0.140372
0.140376
0.140379
0.140383
0.140386
0.140389
0.140392
0.140395
0.140397
0.140398
0.1404
0.140402
0.140403
0.140404
0.140405
0.140405
0.140405
0.140405
0.140404
0.140403
0.140401
0.140397
0.140397
0.140271
0.140262
0.140251
0.140241
0.140232
0.140218
0.1402
0.140182
0.140169
0.140159
0.140152
0.140148
0.140144
0.140141
0.140138
0.140136
0.140134
0.140132
0.14013
0.140129
0.140127
0.140125
0.140123
0.14012
0.140118
0.140115
0.140113
0.14011
0.140108
0.140105
0.140102
0.1401
0.140097
0.140094
0.140092
0.140089
0.140087
0.140082
0.140083
0.140277
0.140285
0.140293
0.140301
0.140308
0.140315
0.140322
0.140329
0.140335
0.140341
0.140346
0.140351
0.140356
0.14036
0.140365
0.140369
0.140373
0.140377
0.140381
0.140385
0.140388
0.140392
0.140395
0.140398
0.1404
0.140403
0.140405
0.140407
0.140408
0.14041
0.140411
0.140412
0.140413
0.140413
0.140413
0.140413
0.140412
0.140408
0.140409
0.140269
0.14026
0.140249
0.140238
0.140229
0.140213
0.140194
0.140176
0.140163
0.140154
0.140147
0.140142
0.140138
0.140135
0.140132
0.140129
0.140127
0.140125
0.140122
0.14012
0.140118
0.140115
0.140112
0.140109
0.140106
0.140103
0.1401
0.140096
0.140093
0.140089
0.140085
0.140081
0.140077
0.140073
0.140069
0.140064
0.140061
0.140052
0.140051
0.140275
0.140283
0.140291
0.1403
0.140307
0.140314
0.140321
0.140328
0.140334
0.14034
0.140345
0.14035
0.140355
0.14036
0.140364
0.140369
0.140373
0.140378
0.140382
0.140386
0.14039
0.140394
0.140397
0.140401
0.140403
0.140406
0.140408
0.140411
0.140413
0.140415
0.140417
0.140418
0.14042
0.140421
0.140422
0.140422
0.140422
0.140419
0.140421
0.140267
0.140258
0.140246
0.140235
0.140225
0.140208
0.140188
0.14017
0.140157
0.140148
0.140142
0.140136
0.140132
0.140128
0.140124
0.140121
0.140118
0.140115
0.140112
0.140109
0.140106
0.140103
0.1401
0.140096
0.140092
0.140088
0.140083
0.140078
0.140073
0.140068
0.140063
0.140057
0.140051
0.140045
0.140039
0.140032
0.140028
0.140018
0.140016
0.140273
0.140281
0.140289
0.140298
0.140306
0.140313
0.14032
0.140327
0.140333
0.140339
0.140344
0.140349
0.140354
0.140359
0.140364
0.140368
0.140373
0.140377
0.140382
0.140386
0.140391
0.140395
0.140399
0.140402
0.140405
0.140408
0.140411
0.140414
0.140417
0.140419
0.140421
0.140424
0.140426
0.140427
0.140429
0.14043
0.140431
0.140429
0.140432
0.140265
0.140255
0.140243
0.140232
0.140221
0.140203
0.140182
0.140164
0.140151
0.140142
0.140135
0.140129
0.140124
0.140119
0.140115
0.140111
0.140107
0.140103
0.1401
0.140096
0.140093
0.140089
0.140084
0.14008
0.140074
0.140069
0.140063
0.140056
0.14005
0.140043
0.140037
0.14003
0.140022
0.140015
0.140009
0.140004
0.139999
0.139993
0.139992
0.140271
0.140279
0.140287
0.140296
0.140304
0.140311
0.140318
0.140325
0.140331
0.140337
0.140342
0.140347
0.140352
0.140357
0.140362
0.140367
0.140371
0.140376
0.140381
0.140386
0.14039
0.140395
0.140399
0.140403
0.140407
0.14041
0.140413
0.140416
0.14042
0.140422
0.140425
0.140428
0.140431
0.140433
0.140435
0.140437
0.140439
0.140438
0.140442
0.140262
0.140253
0.14024
0.140228
0.140217
0.140197
0.140175
0.140158
0.140145
0.140136
0.140129
0.140122
0.140115
0.140109
0.140104
0.140098
0.140094
0.140089
0.140085
0.140081
0.140076
0.140072
0.140066
0.14006
0.140054
0.140047
0.14004
0.140033
0.140027
0.140022
0.140017
0.140014
0.140011
0.14001
0.140009
0.140008
0.140007
0.140009
0.14001
0.140268
0.140276
0.140285
0.140293
0.140301
0.140309
0.140316
0.140322
0.140328
0.140334
0.140339
0.140345
0.14035
0.140354
0.140359
0.140364
0.140369
0.140374
0.140379
0.140384
0.140389
0.140394
0.140399
0.140403
0.140407
0.140411
0.140414
0.140418
0.140421
0.140425
0.140428
0.140431
0.140435
0.140438
0.14044
0.140443
0.140446
0.140447
0.14045
0.140259
0.140249
0.140237
0.140224
0.140212
0.140191
0.140169
0.140151
0.140139
0.140129
0.140121
0.140112
0.140104
0.140097
0.14009
0.140084
0.140079
0.140074
0.140069
0.140064
0.140058
0.140053
0.140047
0.140041
0.140035
0.140029
0.140025
0.140023
0.140023
0.140023
0.140023
0.140025
0.140028
0.140031
0.140034
0.140037
0.140039
0.140043
0.140044
0.140265
0.140273
0.140282
0.140291
0.140298
0.140306
0.140313
0.140319
0.140325
0.140331
0.140336
0.140341
0.140346
0.140351
0.140356
0.14036
0.140366
0.140371
0.140376
0.140381
0.140386
0.140392
0.140397
0.140402
0.140406
0.14041
0.140414
0.140418
0.140422
0.140426
0.14043
0.140434
0.140438
0.140441
0.140445
0.140448
0.140452
0.140454
0.140458
0.140256
0.140246
0.140233
0.14022
0.140207
0.140185
0.140162
0.140145
0.140133
0.140122
0.140111
0.140101
0.140092
0.140084
0.140076
0.140069
0.140063
0.140057
0.140051
0.140046
0.140041
0.140036
0.140032
0.14003
0.140029
0.14003
0.140032
0.140035
0.140039
0.140043
0.140047
0.14005
0.140054
0.140057
0.14006
0.140063
0.140065
0.140069
0.140067
0.140261
0.14027
0.140279
0.140287
0.140295
0.140302
0.140309
0.140315
0.140321
0.140326
0.140331
0.140336
0.140341
0.140346
0.140351
0.140356
0.140361
0.140366
0.140371
0.140377
0.140383
0.140388
0.140394
0.140399
0.140403
0.140408
0.140412
0.140417
0.140422
0.140426
0.14043
0.140435
0.140439
0.140443
0.140448
0.140452
0.140456
0.140459
0.140465
0.140252
0.140242
0.140229
0.140216
0.140201
0.140178
0.140155
0.140138
0.140125
0.140113
0.140101
0.140089
0.140079
0.140069
0.140061
0.140053
0.140047
0.140042
0.140038
0.140035
0.140034
0.140034
0.140035
0.140038
0.140042
0.140047
0.140051
0.140055
0.140059
0.140063
0.140066
0.14007
0.140073
0.140076
0.14008
0.140083
0.140085
0.14009
0.140088
0.140258
0.140266
0.140275
0.140283
0.140291
0.140298
0.140304
0.14031
0.140316
0.140321
0.140325
0.14033
0.140335
0.140339
0.140344
0.140349
0.140354
0.14036
0.140365
0.140371
0.140377
0.140383
0.140389
0.140394
0.1404
0.140405
0.140409
0.140414
0.140419
0.140424
0.140429
0.140434
0.140439
0.140444
0.140449
0.140454
0.14046
0.140464
0.14047
0.140248
0.140238
0.140225
0.140211
0.140196
0.140171
0.140148
0.140131
0.140118
0.140104
0.140089
0.140076
0.140065
0.140055
0.140047
0.140041
0.140038
0.140037
0.140038
0.14004
0.140043
0.140046
0.14005
0.140055
0.140059
0.140064
0.140068
0.140072
0.140077
0.140081
0.140085
0.140089
0.140093
0.140097
0.140101
0.140105
0.140108
0.140113
0.140114
0.140253
0.140262
0.14027
0.140279
0.140286
0.140293
0.140299
0.140304
0.140309
0.140314
0.140318
0.140323
0.140327
0.140332
0.140337
0.140342
0.140347
0.140352
0.140358
0.140364
0.14037
0.140377
0.140383
0.140389
0.140394
0.140399
0.140405
0.14041
0.140416
0.140421
0.140427
0.140432
0.140438
0.140444
0.140449
0.140455
0.140461
0.140466
0.140474
0.140244
0.140233
0.14022
0.140206
0.14019
0.140164
0.140141
0.140124
0.140109
0.140093
0.140077
0.140063
0.140052
0.140044
0.14004
0.14004
0.140042
0.140046
0.140049
0.140053
0.140057
0.140061
0.140065
0.14007
0.140076
0.140081
0.140086
0.140091
0.140097
0.140102
0.140107
0.140112
0.140117
0.140121
0.140126
0.140131
0.140135
0.140141
0.140143
0.140248
0.140257
0.140266
0.140274
0.140281
0.140287
0.140293
0.140297
0.140302
0.140306
0.14031
0.140314
0.140318
0.140323
0.140327
0.140332
0.140338
0.140343
0.140349
0.140355
0.140362
0.140368
0.140375
0.140381
0.140387
0.140393
0.140399
0.140404
0.14041
0.140416
0.140422
0.140429
0.140435
0.140441
0.140448
0.140454
0.140461
0.140468
0.140476
0.140239
0.140229
0.140215
0.1402
0.140183
0.140157
0.140134
0.140117
0.140099
0.140081
0.140064
0.140051
0.140043
0.140041
0.140044
0.140049
0.140054
0.140059
0.140063
0.140068
0.140072
0.140077
0.140083
0.140089
0.140095
0.140101
0.140108
0.140114
0.140121
0.140127
0.140133
0.140139
0.140145
0.14015
0.140156
0.140162
0.140167
0.140174
0.140177
0.140243
0.140252
0.14026
0.140268
0.140274
0.14028
0.140285
0.140289
0.140293
0.140297
0.140301
0.140304
0.140308
0.140312
0.140317
0.140322
0.140327
0.140332
0.140338
0.140345
0.140352
0.140359
0.140366
0.140372
0.140378
0.140385
0.140391
0.140397
0.140403
0.14041
0.140416
0.140423
0.14043
0.140437
0.140444
0.140451
0.140459
0.140467
0.140476
0.140234
0.140223
0.14021
0.140194
0.140176
0.140149
0.140127
0.140108
0.140089
0.140069
0.140053
0.140044
0.140044
0.140049
0.140055
0.140062
0.140068
0.140074
0.140079
0.140085
0.140091
0.140097
0.140103
0.140111
0.140118
0.140126
0.140134
0.140142
0.140149
0.140156
0.140164
0.14017
0.140177
0.140184
0.14019
0.140197
0.140203
0.14021
0.140214
0.140237
0.140246
0.140254
0.140261
0.140267
0.140272
0.140277
0.14028
0.140284
0.140287
0.14029
0.140293
0.140296
0.1403
0.140304
0.140309
0.140314
0.14032
0.140326
0.140332
0.140339
0.140346
0.140354
0.140361
0.140367
0.140374
0.140381
0.140387
0.140394
0.140401
0.140409
0.140416
0.140423
0.140431
0.140438
0.140446
0.140455
0.140464
0.140474
0.140228
0.140218
0.140204
0.140188
0.140169
0.140141
0.140119
0.140099
0.140078
0.140058
0.140045
0.140045
0.140051
0.14006
0.140068
0.140077
0.140085
0.140092
0.140099
0.140106
0.140113
0.14012
0.140128
0.140137
0.140146
0.140155
0.140164
0.140173
0.140181
0.140189
0.140197
0.140205
0.140212
0.140219
0.140226
0.140233
0.14024
0.140248
0.140253
0.140231
0.140239
0.140247
0.140254
0.140259
0.140264
0.140267
0.14027
0.140272
0.140275
0.140277
0.14028
0.140283
0.140286
0.14029
0.140294
0.140298
0.140304
0.140309
0.140316
0.140323
0.14033
0.140338
0.140346
0.140353
0.14036
0.140367
0.140375
0.140382
0.14039
0.140398
0.140406
0.140414
0.140422
0.140431
0.14044
0.140449
0.140459
0.14047
0.140222
0.140211
0.140197
0.140182
0.140162
0.140134
0.140111
0.140089
0.140066
0.140048
0.140044
0.140051
0.140062
0.140074
0.140085
0.140096
0.140106
0.140115
0.140123
0.140131
0.140139
0.140148
0.140157
0.140167
0.140177
0.140187
0.140196
0.140206
0.140215
0.140223
0.140231
0.140239
0.140247
0.140254
0.140261
0.140268
0.140275
0.140284
0.140289
0.140224
0.140232
0.140239
0.140246
0.14025
0.140254
0.140256
0.140258
0.14026
0.140261
0.140263
0.140265
0.140267
0.14027
0.140272
0.140276
0.14028
0.140284
0.14029
0.140296
0.140303
0.140311
0.140318
0.140326
0.140334
0.140342
0.140349
0.140358
0.140366
0.140375
0.140383
0.140392
0.140402
0.140411
0.14042
0.14043
0.140441
0.140451
0.140463
0.140215
0.140205
0.140191
0.140175
0.140154
0.140126
0.140103
0.140079
0.140056
0.140044
0.140049
0.140062
0.140077
0.140092
0.140106
0.140118
0.14013
0.14014
0.14015
0.140159
0.140168
0.140177
0.140187
0.140198
0.140208
0.140219
0.140228
0.140238
0.140247
0.140255
0.140263
0.140271
0.140278
0.140286
0.140293
0.1403
0.140307
0.140315
0.140321
0.140216
0.140224
0.140231
0.140236
0.14024
0.140243
0.140244
0.140245
0.140246
0.140246
0.140247
0.140248
0.140249
0.14025
0.140252
0.140255
0.140258
0.140262
0.140267
0.140273
0.14028
0.140287
0.140295
0.140303
0.140311
0.140319
0.140327
0.140336
0.140345
0.140354
0.140364
0.140374
0.140384
0.140394
0.140405
0.140416
0.140428
0.140441
0.140454
0.140208
0.140198
0.140184
0.140167
0.140146
0.140117
0.140094
0.140068
0.140048
0.140046
0.140058
0.140075
0.140094
0.140113
0.140129
0.140144
0.140157
0.140168
0.140179
0.140188
0.140198
0.140207
0.140217
0.140227
0.140238
0.140248
0.140258
0.140267
0.140275
0.140283
0.140291
0.140299
0.140306
0.140313
0.14032
0.140327
0.140334
0.140342
0.140348
0.140208
0.140215
0.140221
0.140226
0.140229
0.14023
0.140231
0.140231
0.14023
0.14023
0.140229
0.140229
0.140229
0.140229
0.14023
0.140232
0.140235
0.140239
0.140244
0.14025
0.140256
0.140263
0.140271
0.140279
0.140286
0.140294
0.140302
0.140311
0.14032
0.140329
0.140339
0.14035
0.140361
0.140372
0.140384
0.140396
0.14041
0.140424
0.140439
0.1402
0.14019
0.140176
0.14016
0.140138
0.140109
0.140085
0.140058
0.140043
0.14005
0.140069
0.140092
0.140115
0.140137
0.140155
0.140171
0.140185
0.140196
0.140207
0.140217
0.140226
0.140235
0.140244
0.140254
0.140264
0.140274
0.140283
0.140292
0.1403
0.140308
0.140316
0.140323
0.140331
0.140338
0.140345
0.140352
0.14036
0.140368
0.140374
0.140199
0.140206
0.140211
0.140215
0.140217
0.140217
0.140216
0.140215
0.140213
0.140212
0.14021
0.140208
0.140207
0.140207
0.140208
0.140209
0.140212
0.140215
0.14022
0.140225
0.140232
0.140239
0.140246
0.140254
0.140261
0.140269
0.140277
0.140285
0.140294
0.140304
0.140314
0.140324
0.140335
0.140346
0.140359
0.140372
0.140386
0.140402
0.140419
0.140191
0.140181
0.140168
0.140151
0.140129
0.1401
0.140075
0.140049
0.140044
0.140058
0.140084
0.140112
0.140139
0.140162
0.140181
0.140198
0.140211
0.140223
0.140233
0.140242
0.140251
0.140259
0.140268
0.140278
0.140288
0.140297
0.140307
0.140316
0.140324
0.140333
0.140341
0.140349
0.140357
0.140365
0.140373
0.140382
0.14039
0.140399
0.140406
0.140191
0.140197
0.140201
0.140204
0.140205
0.140203
0.140201
0.140198
0.140195
0.14019
0.140187
0.140185
0.140184
0.140184
0.140185
0.140186
0.140189
0.140192
0.140197
0.140202
0.140209
0.140216
0.140224
0.140231
0.140239
0.140247
0.140255
0.140263
0.140272
0.140282
0.140291
0.140302
0.140312
0.140324
0.140336
0.140349
0.140364
0.14038
0.140398
0.140183
0.140174
0.14016
0.140144
0.140121
0.140092
0.140064
0.140042
0.140046
0.140069
0.140101
0.140132
0.140161
0.140184
0.140204
0.140219
0.140232
0.140243
0.140253
0.140261
0.14027
0.140278
0.140287
0.140297
0.140307
0.140317
0.140328
0.140338
0.140348
0.140358
0.140368
0.140377
0.140387
0.140397
0.140407
0.140417
0.140427
0.140438
0.140447
0.140183
0.140189
0.140193
0.140194
0.140193
0.14019
0.140186
0.140179
0.140175
0.140164
0.14016
0.140158
0.140158
0.140159
0.14016
0.140162
0.140165
0.140168
0.140173
0.140179
0.140185
0.140193
0.140201
0.140209
0.140217
0.140225
0.140233
0.140242
0.140251
0.140261
0.14027
0.140281
0.140291
0.140303
0.140315
0.140327
0.140342
0.140358
0.140376
0.140176
0.140167
0.140154
0.140137
0.140114
0.140084
0.140054
0.140038
0.140053
0.140084
0.140119
0.140152
0.14018
0.140203
0.140221
0.140236
0.140248
0.140258
0.140268
0.140277
0.140285
0.140294
0.140304
0.140314
0.140326
0.140338
0.14035
0.140362
0.140374
0.140386
0.140397
0.140409
0.140421
0.140433
0.140444
0.140456
0.140469
0.140483
0.140494
0.140175
0.14018
0.140183
0.140183
0.140181
0.140176
0.140169
0.14016
0.140153
0.140136
0.14013
0.140129
0.14013
0.140131
0.140133
0.140135
0.140138
0.140142
0.140147
0.140153
0.140159
0.140167
0.140175
0.140183
0.140191
0.140199
0.140208
0.140217
0.140226
0.140236
0.140246
0.140256
0.140267
0.140278
0.14029
0.140303
0.140317
0.140333
0.14035
0.140168
0.140159
0.140146
0.140129
0.140106
0.140075
0.140043
0.14004
0.140063
0.140101
0.140139
0.140172
0.140199
0.14022
0.140237
0.140252
0.140264
0.140274
0.140284
0.140294
0.140303
0.140313
0.140324
0.140337
0.140351
0.140365
0.140379
0.140393
0.140407
0.140421
0.140435
0.140448
0.140462
0.140475
0.140488
0.140502
0.140516
0.140531
0.140544
0.140166
0.14017
0.140172
0.14017
0.140166
0.14016
0.140151
0.140139
0.140129
0.140106
0.140099
0.140098
0.1401
0.140102
0.140104
0.140107
0.14011
0.140115
0.140119
0.140125
0.140132
0.140139
0.140147
0.140155
0.140163
0.140171
0.140179
0.140188
0.140198
0.140207
0.140217
0.140228
0.140239
0.14025
0.140262
0.140274
0.140288
0.140304
0.140321
0.140159
0.140151
0.140138
0.140121
0.140097
0.140066
0.140033
0.140042
0.140076
0.140119
0.140158
0.14019
0.140216
0.140236
0.140254
0.140268
0.140281
0.140293
0.140305
0.140316
0.140327
0.140339
0.140352
0.140367
0.140383
0.140399
0.140415
0.140431
0.140446
0.140461
0.140475
0.140489
0.140503
0.140516
0.140529
0.140542
0.140556
0.14057
0.140584
0.140155
0.140159
0.140159
0.140157
0.140151
0.140142
0.140131
0.140117
0.140103
0.140076
0.140069
0.140069
0.140071
0.140073
0.140076
0.140079
0.140082
0.140086
0.140091
0.140097
0.140103
0.14011
0.140117
0.140125
0.140132
0.14014
0.140148
0.140156
0.140166
0.140175
0.140185
0.140195
0.140206
0.140217
0.140229
0.140242
0.140256
0.140271
0.140288
0.14015
0.140141
0.140129
0.140112
0.140088
0.140056
0.140024
0.140048
0.14009
0.140137
0.140176
0.140207
0.140232
0.140253
0.140272
0.140289
0.140304
0.140318
0.140331
0.140344
0.140357
0.14037
0.140385
0.140401
0.140418
0.140434
0.140449
0.140464
0.140478
0.14049
0.140502
0.140513
0.140524
0.140534
0.140543
0.140552
0.140562
0.140571
0.140581
0.140143
0.140146
0.140146
0.140141
0.140134
0.140124
0.140111
0.140094
0.140076
0.14005
0.140043
0.140043
0.140045
0.140047
0.14005
0.140053
0.140056
0.140059
0.140064
0.140069
0.140074
0.14008
0.140087
0.140094
0.140101
0.140108
0.140115
0.140123
0.140131
0.14014
0.140149
0.140159
0.140169
0.14018
0.140191
0.140203
0.140217
0.140233
0.140249
0.140138
0.140131
0.140119
0.140102
0.140079
0.140046
0.140017
0.140055
0.140105
0.140154
0.140191
0.140222
0.140249
0.140273
0.140294
0.140314
0.140331
0.140347
0.140361
0.140375
0.140388
0.140401
0.140414
0.140428
0.140441
0.140453
0.140464
0.140473
0.14048
0.140487
0.140492
0.140496
0.140499
0.140502
0.140504
0.140506
0.140508
0.140508
0.140511
0.14013
0.140132
0.14013
0.140125
0.140116
0.140104
0.140089
0.14007
0.14005
0.140031
0.140027
0.140026
0.140026
0.140027
0.140028
0.140029
0.140031
0.140033
0.140036
0.14004
0.140044
0.140049
0.140055
0.140061
0.140067
0.140073
0.14008
0.140087
0.140095
0.140103
0.140111
0.14012
0.14013
0.14014
0.140151
0.140163
0.140176
0.140191
0.140207
0.140126
0.140119
0.140108
0.140091
0.140069
0.140036
0.140013
0.140064
0.140118
0.140167
0.140205
0.140238
0.140269
0.140296
0.14032
0.140341
0.140358
0.140372
0.140384
0.140394
0.140403
0.140411
0.140419
0.140425
0.14043
0.140433
0.140434
0.140434
0.140432
0.14043
0.140427
0.140423
0.14042
0.140416
0.140412
0.140409
0.140406
0.140402
0.140401
0.140116
0.140116
0.140114
0.140107
0.140097
0.140084
0.140068
0.140048
0.140027
0.140025
0.140025
0.140027
0.140029
0.14003
0.140031
0.140032
0.140032
0.140032
0.140031
0.140031
0.140031
0.140031
0.140032
0.140035
0.140038
0.140041
0.140045
0.14005
0.140057
0.140063
0.140069
0.140077
0.140085
0.140094
0.140103
0.140114
0.140126
0.140139
0.140155
0.140112
0.140106
0.140095
0.14008
0.140058
0.140027
0.140013
0.140071
0.140126
0.140177
0.140219
0.140257
0.14029
0.140317
0.140338
0.140353
0.140363
0.140371
0.140375
0.140378
0.140379
0.140379
0.140377
0.140374
0.140369
0.140363
0.140357
0.140351
0.140345
0.140341
0.140338
0.140336
0.140337
0.140339
0.140343
0.14035
0.140359
0.140373
0.140388
0.140099
0.140099
0.140095
0.140088
0.140078
0.140064
0.140047
0.140028
0.140013
0.140025
0.140032
0.140037
0.140042
0.140045
0.140047
0.140049
0.140049
0.140049
0.140049
0.140048
0.140046
0.140044
0.140042
0.14004
0.140038
0.140037
0.140036
0.140036
0.140037
0.140038
0.14004
0.140044
0.140049
0.140054
0.140061
0.140069
0.140078
0.140089
0.140103
0.140097
0.140091
0.140082
0.140067
0.140048
0.140018
0.140016
0.140075
0.14013
0.140185
0.140232
0.14027
0.140297
0.140314
0.140322
0.140325
0.140324
0.140321
0.140317
0.140313
0.140307
0.140302
0.140297
0.140291
0.140288
0.140288
0.140291
0.140297
0.140307
0.140321
0.140339
0.140363
0.14039
0.140421
0.140455
0.140494
0.140537
0.140589
0.140637
0.140081
0.14008
0.140076
0.140068
0.140058
0.140045
0.140028
0.140013
0.140008
0.14003
0.140042
0.14005
0.140057
0.140063
0.140067
0.140071
0.140073
0.140074
0.140074
0.140074
0.140072
0.14007
0.140068
0.140065
0.140062
0.14006
0.140057
0.140054
0.140052
0.140049
0.140047
0.140046
0.140046
0.140046
0.140047
0.140049
0.140052
0.140057
0.140064
0.140079
0.140075
0.140067
0.140054
0.140037
0.14001
0.140019
0.140073
0.14013
0.14019
0.140233
0.140257
0.140265
0.140263
0.140257
0.14025
0.140244
0.14024
0.140239
0.140239
0.140242
0.140248
0.140257
0.140273
0.140298
0.14033
0.140367
0.140408
0.140452
0.140497
0.140544
0.140591
0.140639
0.140686
0.140733
0.140781
0.140831
0.140884
0.140933
0.14006
0.140059
0.140055
0.140048
0.140039
0.140028
0.140013
0.140006
0.140012
0.140032
0.140045
0.140058
0.140069
0.140079
0.140087
0.140093
0.140099
0.140103
0.140106
0.140109
0.14011
0.14011
0.140109
0.140107
0.140104
0.140101
0.140097
0.140092
0.140086
0.140083
0.140077
0.140072
0.140067
0.140063
0.140059
0.140057
0.140054
0.140053
0.140053
0.140059
0.140056
0.14005
0.14004
0.140026
0.140005
0.14002
0.140063
0.140124
0.140176
0.140197
0.140194
0.140186
0.140181
0.140183
0.140189
0.140204
0.140223
0.140247
0.140273
0.140303
0.140336
0.140376
0.140422
0.140472
0.140522
0.140571
0.140618
0.140662
0.140703
0.14074
0.140775
0.140806
0.140835
0.140862
0.140886
0.140909
0.14093
0.140948
0.140038
0.140037
0.140033
0.140028
0.140022
0.140013
0.140004
0.140005
0.140014
0.140024
0.140038
0.140054
0.140069
0.140081
0.140091
0.140098
0.140104
0.140109
0.140113
0.140117
0.140121
0.140125
0.140129
0.140132
0.140136
0.14014
0.140143
0.140148
0.140152
0.140154
0.140157
0.14016
0.140163
0.140167
0.14017
0.140173
0.140175
0.140179
0.140182
0.140038
0.140036
0.140031
0.140025
0.140015
0.140002
0.140017
0.140044
0.1401
0.140117
0.140113
0.140105
0.140123
0.140158
0.140201
0.140246
0.140288
0.140327
0.140363
0.140396
0.140428
0.140459
0.140491
0.140522
0.140551
0.140576
0.140597
0.140613
0.140626
0.140635
0.140641
0.140645
0.140647
0.140646
0.140644
0.140639
0.140632
0.140621
0.14061
0.140013
0.140012
0.140011
0.140009
0.140006
0.140003
0.140001
0.140003
0.140007
0.140009
0.140022
0.140043
0.14007
0.140096
0.14012
0.140143
0.140162
0.14018
0.140195
0.140207
0.140218
0.140226
0.140233
0.140238
0.140241
0.140243
0.140244
0.140245
0.140243
0.140243
0.140241
0.140238
0.140235
0.140233
0.140232
0.140233
0.140235
0.140239
0.14024
0.140013
0.140012
0.140011
0.140008
0.140005
0.14
0.140008
0.140016
0.14004
0.140023
0.140041
0.14008
0.140121
0.140159
0.14019
0.140215
0.140235
0.14025
0.140261
0.140268
0.140273
0.140276
0.140275
0.140272
0.140268
0.140262
0.140256
0.140249
0.140242
0.140235
0.140227
0.140219
0.140211
0.140202
0.140193
0.140183
0.140172
0.140161
0.140152
0.411492
0.775344
1.08828
1.31827
1.47314
1.56941
1.63034
1.68728
1.73229
1.74031
1.69761
1.59862
1.44393
1.24013
1.00078
0.749157
0.517558
0.338645
0.22554
0.164616
0.136292
0.127246
0.127662
0.131026
0.133942
0.135754
0.136756
0.137324
0.137703
0.138036
0.138345
0.138619
0.138853
0.139047
0.13921
0.13935
0.139472
0.13958
0.139677
0.139764
0.139846
0.139924
0.140001
0.14008
0.140161
0.140239
0.140304
0.14035
0.140378
0.140395
0.140406
0.140415
0.140428
0.14044
0.14045
0.140459
0.140466
0.140472
0.140477
0.14048
0.140481
0.140479
0.140476
0.14047
0.140462
0.140448
0.140429
0.140408
0.140386
0.140361
0.140331
0.140298
0.140259
0.140217
0.140164
0.14011
0.140068
0.140053
0.140185
0.14024
0.14934
0.083447
0.0815363
0.0825543
0.0895384
0.0986336
0.10685
0.113593
0.11892
0.123074
0.126304
0.128823
0.130804
0.132376
0.133637
0.134657
0.135489
0.136175
0.136744
0.13722
0.13762
0.137958
0.138246
0.138492
0.138703
0.138884
0.139041
0.139178
0.139297
0.1394
0.139491
0.139573
0.139651
0.139721
0.139776
0.139824
0.13987
0.139916
0.139971
0.140031
0.140079
0.140105
0.140119
0.140129
0.140133
0.140131
0.140125
0.140116
0.140101
0.140078
0.140044
0.14001
0.139995
0.140018
0.14005
0.140071
0.140094
0.140121
0.140151
0.140185
0.140223
0.140262
0.140298
0.140329
0.140356
0.140382
0.140416
0.140459
0.140507
0.140558
0.140595
0.140586
0.140507
0.140398
0.140406
0.140679
0.140968
0.140958
0.1406
0.140147
0.30967
0.644831
0.980896
1.26152
1.47885
1.63615
1.7392
1.79673
1.82167
1.83458
1.83658
1.80133
1.71015
1.5535
1.33168
1.05746
0.759757
0.485761
0.287881
0.184072
0.14364
0.130244
0.127401
0.129324
0.132599
0.13516
0.136562
0.137227
0.137607
0.137936
0.138254
0.138543
0.13879
0.138995
0.139167
0.139314
0.13944
0.139552
0.139652
0.139741
0.139823
0.139901
0.139977
0.140052
0.140129
0.140208
0.140279
0.140337
0.140372
0.140392
0.140405
0.140413
0.140427
0.14044
0.140451
0.14046
0.140468
0.140475
0.14048
0.140484
0.140485
0.140484
0.140481
0.140476
0.140468
0.140455
0.140436
0.140416
0.140394
0.140368
0.140338
0.140305
0.140266
0.140223
0.140171
0.140115
0.14007
0.140052
0.140186
0.140242
0.108279
0.0857571
0.0932828
0.0990086
0.105864
0.111982
0.117097
0.121251
0.124582
0.127247
0.129384
0.131106
0.132504
0.133649
0.134593
0.135378
0.136035
0.136588
0.137057
0.137456
0.137798
0.138092
0.138346
0.138566
0.138757
0.138923
0.139068
0.139196
0.139308
0.139406
0.139495
0.139576
0.139653
0.139719
0.139773
0.139822
0.139868
0.139918
0.139975
0.140033
0.140077
0.1401
0.140113
0.140122
0.140127
0.140126
0.140121
0.14011
0.140092
0.140065
0.140031
0.140002
0.139999
0.140025
0.140056
0.140076
0.140099
0.140127
0.140158
0.140193
0.140232
0.14027
0.140305
0.140336
0.140363
0.140389
0.140425
0.14047
0.140519
0.14057
0.140604
0.140587
0.140502
0.140396
0.140424
0.140713
0.140992
0.140962
0.14059
0.140145
0.163835
0.382726
0.689162
0.997238
1.27048
1.49714
1.67274
1.79603
1.86945
1.89985
1.89858
1.88444
1.85324
1.77979
1.64411
1.43586
1.15848
0.835882
0.519861
0.280859
0.159254
0.126039
0.126085
0.129646
0.131797
0.133882
0.135786
0.137001
0.137573
0.137872
0.138149
0.138441
0.138711
0.138935
0.139118
0.139271
0.139403
0.139519
0.139622
0.139714
0.139797
0.13987
0.139945
0.14002
0.140096
0.140179
0.140256
0.140321
0.140365
0.140389
0.140404
0.140413
0.140426
0.14044
0.140452
0.140462
0.140471
0.140478
0.140484
0.140488
0.14049
0.140489
0.140487
0.140482
0.140474
0.140462
0.140444
0.140423
0.140402
0.140376
0.140346
0.140312
0.140273
0.14023
0.140177
0.140121
0.140073
0.140052
0.140188
0.140245
0.0956573
0.101986
0.108273
0.113277
0.117738
0.121354
0.124335
0.126787
0.128807
0.130475
0.131859
0.133014
0.133982
0.134799
0.135492
0.136082
0.136588
0.137023
0.137399
0.137725
0.138009
0.138258
0.138475
0.138666
0.138834
0.138982
0.139113
0.139229
0.139332
0.139424
0.139509
0.139588
0.13966
0.139722
0.139774
0.139822
0.13987
0.139922
0.139981
0.140035
0.140073
0.140096
0.14011
0.14012
0.140124
0.140123
0.140117
0.140104
0.140083
0.140053
0.140018
0.139996
0.140002
0.140033
0.140061
0.140082
0.140106
0.140135
0.140166
0.140202
0.140241
0.140279
0.140314
0.140344
0.14037
0.140397
0.140434
0.140482
0.140532
0.140583
0.140612
0.140588
0.140496
0.140394
0.140445
0.140749
0.141017
0.140965
0.14058
0.140141
0.109926
0.179517
0.377158
0.656562
0.949343
1.22092
1.45699
1.65006
1.79557
1.89164
1.94022
1.94812
1.92637
1.89477
1.83668
1.72736
1.54777
1.29034
0.967409
0.62298
0.332803
0.163447
0.112186
0.117817
0.129815
0.134569
0.135578
0.13627
0.137129
0.137759
0.138107
0.138355
0.138606
0.13885
0.139056
0.139223
0.139361
0.139482
0.139589
0.139683
0.139768
0.139842
0.139911
0.139984
0.140061
0.140148
0.14023
0.140302
0.140354
0.140386
0.140404
0.140414
0.140426
0.14044
0.140453
0.140464
0.140474
0.140481
0.140488
0.140492
0.140494
0.140494
0.140492
0.140488
0.14048
0.140469
0.140451
0.140432
0.14041
0.140384
0.140353
0.140319
0.140281
0.140236
0.140184
0.140126
0.140077
0.140053
0.14019
0.140249
0.109545
0.116088
0.11964
0.122707
0.125208
0.127262
0.128995
0.130461
0.131708
0.132773
0.133684
0.134467
0.135142
0.135728
0.136238
0.136683
0.137073
0.137416
0.137717
0.137983
0.138219
0.138427
0.138611
0.138775
0.138921
0.139051
0.139167
0.139271
0.139364
0.13945
0.13953
0.139605
0.139672
0.139729
0.139779
0.139827
0.139875
0.13993
0.139987
0.140038
0.140074
0.140096
0.140111
0.140119
0.140123
0.140121
0.140112
0.140097
0.140073
0.14004
0.140005
0.139991
0.140007
0.14004
0.140067
0.140088
0.140113
0.140142
0.140175
0.140212
0.14025
0.140288
0.140322
0.140351
0.140377
0.140405
0.140445
0.140495
0.140547
0.140596
0.14062
0.140587
0.140489
0.140394
0.140471
0.140788
0.141042
0.140966
0.140569
0.140137
0.116115
0.115325
0.168924
0.332185
0.5837
0.864136
1.13571
1.3811
1.59092
1.75869
1.88007
1.95349
1.98159
1.97237
1.9374
1.88822
1.80192
1.65421
1.42827
1.12374
0.770317
0.436394
0.204913
0.109774
0.105495
0.124868
0.135874
0.137792
0.137203
0.137217
0.137768
0.138255
0.138549
0.138765
0.138971
0.139157
0.139313
0.139441
0.139552
0.139651
0.139739
0.139816
0.139881
0.139949
0.140024
0.140115
0.140202
0.14028
0.140341
0.14038
0.140402
0.140415
0.140426
0.14044
0.140454
0.140466
0.140476
0.140485
0.140491
0.140496
0.140499
0.1405
0.140498
0.140494
0.140487
0.140476
0.140459
0.14044
0.140418
0.140392
0.140362
0.140327
0.140288
0.140244
0.140192
0.140133
0.140081
0.140053
0.140192
0.140253
0.122102
0.124823
0.126712
0.128376
0.129761
0.130956
0.131998
0.132911
0.133711
0.134415
0.135033
0.135579
0.136061
0.136488
0.136867
0.137205
0.137506
0.137773
0.138011
0.138222
0.138413
0.138586
0.138743
0.138883
0.13901
0.139123
0.139225
0.139318
0.139403
0.139483
0.139557
0.139627
0.139687
0.13974
0.139788
0.139835
0.139885
0.13994
0.139996
0.140044
0.140078
0.140099
0.140112
0.140119
0.140121
0.140117
0.140107
0.140089
0.140061
0.140025
0.139994
0.13999
0.140015
0.140048
0.140073
0.140094
0.14012
0.14015
0.140184
0.140222
0.14026
0.140298
0.140331
0.14036
0.140385
0.140414
0.140456
0.140509
0.140562
0.140609
0.140627
0.140585
0.140481
0.140396
0.140501
0.140829
0.141067
0.140966
0.140556
0.140132
0.126605
0.120728
0.116538
0.148244
0.268313
0.483998
0.74927
1.0209
1.27594
1.50248
1.69262
1.84039
1.9419
1.99621
2.00707
1.98324
1.93856
1.86917
1.75045
1.55938
1.28467
0.940308
0.579569
0.287631
0.130175
0.0952705
0.114263
0.133539
0.139624
0.138835
0.137655
0.137716
0.138275
0.138694
0.138921
0.139087
0.139246
0.139391
0.139512
0.139616
0.139707
0.139788
0.139857
0.139918
0.139987
0.140076
0.140168
0.140254
0.140323
0.140371
0.140399
0.140415
0.140427
0.14044
0.140455
0.140468
0.140479
0.140488
0.140495
0.140501
0.140504
0.140506
0.140504
0.1405
0.140494
0.140484
0.140468
0.140449
0.140427
0.140401
0.14037
0.140336
0.140296
0.140252
0.140199
0.140139
0.140085
0.140054
0.140194
0.140259
0.128728
0.129849
0.130882
0.1318
0.132612
0.133344
0.134003
0.134596
0.13513
0.135611
0.136043
0.136433
0.136784
0.137101
0.137388
0.137647
0.13788
0.13809
0.138279
0.138449
0.138604
0.138745
0.138873
0.138988
0.139096
0.139195
0.139285
0.139368
0.139446
0.139519
0.139588
0.139651
0.139705
0.139754
0.1398
0.139846
0.139897
0.139953
0.140007
0.140053
0.140084
0.140102
0.140113
0.140119
0.140119
0.140114
0.140101
0.140079
0.140047
0.14001
0.139986
0.139992
0.140024
0.140055
0.140079
0.140101
0.140129
0.140159
0.140194
0.140232
0.140271
0.140308
0.14034
0.140368
0.140393
0.140424
0.140469
0.140524
0.140577
0.140622
0.140633
0.140581
0.140473
0.1404
0.140535
0.140873
0.141092
0.140964
0.140544
0.140126
0.131581
0.129909
0.124575
0.117443
0.129316
0.203634
0.371242
0.611101
0.878845
1.14279
1.38606
1.59869
1.77331
1.90428
1.98825
2.02527
2.02029
1.98128
1.92479
1.8313
1.67487
1.43607
1.1149
0.746755
0.407669
0.18187
0.0965522
0.100996
0.126221
0.139465
0.140758
0.13871
0.137837
0.138198
0.138748
0.139055
0.139206
0.139331
0.139459
0.139575
0.139674
0.139759
0.139832
0.139894
0.139954
0.140033
0.140129
0.140223
0.140301
0.140358
0.140394
0.140414
0.140427
0.14044
0.140455
0.140469
0.140481
0.140491
0.140499
0.140505
0.14051
0.140511
0.140511
0.140507
0.140501
0.140491
0.140476
0.140458
0.140437
0.140411
0.14038
0.140345
0.140305
0.14026
0.140208
0.140147
0.14009
0.140056
0.140196
0.140265
0.132213
0.132833
0.133433
0.133984
0.134494
0.134966
0.135401
0.135801
0.136169
0.136507
0.136816
0.1371
0.13736
0.137598
0.137817
0.138017
0.138199
0.138365
0.138515
0.138653
0.138779
0.138895
0.139
0.139096
0.139184
0.139267
0.139345
0.13942
0.139492
0.139559
0.139621
0.139676
0.139725
0.13977
0.139815
0.139862
0.139914
0.139969
0.140022
0.140064
0.14009
0.140106
0.140115
0.140119
0.140117
0.140109
0.140093
0.140067
0.140031
0.139995
0.139982
0.139999
0.140033
0.140063
0.140086
0.140109
0.140137
0.140169
0.140205
0.140243
0.140282
0.140318
0.14035
0.140377
0.140402
0.140435
0.140483
0.14054
0.140594
0.140635
0.140638
0.140576
0.140464
0.140407
0.140573
0.140918
0.141115
0.14096
0.14053
0.140119
0.133981
0.133626
0.132468
0.128189
0.119996
0.11826
0.15338
0.264491
0.461866
0.714259
0.982658
1.24149
1.47638
1.67805
1.83934
1.95493
2.02213
2.04246
2.02338
1.97523
1.90018
1.77399
1.57185
1.28231
0.923407
0.555443
0.266906
0.118352
0.0910128
0.11454
0.135849
0.142006
0.140324
0.138369
0.138147
0.138703
0.139137
0.13932
0.139418
0.139523
0.139631
0.139726
0.139805
0.139871
0.139929
0.139993
0.140085
0.140185
0.140273
0.140341
0.140386
0.140412
0.140427
0.14044
0.140455
0.14047
0.140483
0.140494
0.140503
0.14051
0.140515
0.140517
0.140517
0.140514
0.140509
0.1405
0.140485
0.140467
0.140447
0.140421
0.14039
0.140354
0.140314
0.140269
0.140216
0.140155
0.140095
0.140058
0.140198
0.140272
0.134338
0.134734
0.135109
0.135465
0.135801
0.136118
0.136415
0.136693
0.136953
0.137195
0.13742
0.13763
0.137825
0.138005
0.138173
0.138328
0.13847
0.1386
0.138721
0.138833
0.138936
0.139031
0.139118
0.139198
0.139272
0.139343
0.139409
0.139474
0.139538
0.139599
0.139653
0.139702
0.139746
0.139789
0.139833
0.13988
0.139933
0.139989
0.140039
0.140074
0.140096
0.140109
0.140116
0.140118
0.140114
0.140103
0.140082
0.140051
0.140013
0.139983
0.139982
0.140009
0.140043
0.140071
0.140093
0.140118
0.140147
0.14018
0.140216
0.140255
0.140294
0.140329
0.14036
0.140386
0.140412
0.140446
0.140498
0.140558
0.140611
0.140648
0.140642
0.14057
0.140456
0.140417
0.140617
0.140965
0.141138
0.140954
0.140515
0.14011
0.135516
0.135289
0.135109
0.134469
0.131526
0.124193
0.115783
0.123919
0.182253
0.321601
0.538796
0.799722
1.06937
1.32514
1.55366
1.74579
1.89457
1.99525
2.04631
2.05108
2.01663
1.95637
1.85598
1.68887
1.4352
1.09798
0.719488
0.381594
0.166162
0.0913049
0.101229
0.128173
0.141404
0.142057
0.139431
0.138294
0.138606
0.139146
0.139413
0.139508
0.139587
0.139682
0.139773
0.139847
0.139907
0.139963
0.14004
0.14014
0.140239
0.140319
0.140374
0.140408
0.140427
0.140441
0.140455
0.140471
0.140485
0.140497
0.140507
0.140515
0.14052
0.140523
0.140524
0.140522
0.140517
0.140508
0.140494
0.140477
0.140457
0.140431
0.1404
0.140364
0.140324
0.140278
0.140225
0.140163
0.140101
0.14006
0.140201
0.14028
0.135771
0.136032
0.13628
0.136519
0.136749
0.136967
0.137175
0.137371
0.137558
0.137734
0.1379
0.138056
0.138203
0.138341
0.138469
0.138589
0.1387
0.138804
0.1389
0.138991
0.139075
0.139152
0.139225
0.139292
0.139356
0.139418
0.139476
0.139533
0.139587
0.139638
0.139685
0.139728
0.139768
0.13981
0.139854
0.139903
0.139957
0.140011
0.140055
0.140084
0.140102
0.140112
0.140116
0.140116
0.140109
0.140094
0.140068
0.140033
0.139995
0.139975
0.139987
0.14002
0.140053
0.140079
0.140101
0.140127
0.140157
0.140191
0.140229
0.140268
0.140306
0.14034
0.14037
0.140395
0.140422
0.140459
0.140515
0.140577
0.140629
0.140661
0.140644
0.140561
0.140448
0.140432
0.140665
0.141013
0.141159
0.140947
0.140498
0.1401
0.136613
0.136428
0.136265
0.136192
0.135962
0.13432
0.128962
0.119309
0.113047
0.132692
0.211743
0.373105
0.605418
0.873807
1.14562
1.39961
1.62265
1.80558
1.9416
2.02665
2.06073
2.04966
2.00172
1.92209
1.7865
1.56962
1.26221
0.88894
0.518406
0.24095
0.108029
0.0906239
0.117069
0.137976
0.143171
0.140915
0.138787
0.138548
0.139083
0.139465
0.139595
0.139654
0.13973
0.139814
0.139884
0.139941
0.140001
0.140092
0.140196
0.140289
0.140357
0.1404
0.140425
0.140441
0.140455
0.140471
0.140487
0.1405
0.140511
0.140519
0.140526
0.14053
0.140531
0.140529
0.140525
0.140517
0.140504
0.140488
0.140468
0.140443
0.140411
0.140375
0.140334
0.140288
0.140235
0.140172
0.140107
0.140063
0.140203
0.140288
0.136788
0.136963
0.137132
0.137296
0.137455
0.137609
0.137756
0.137897
0.138033
0.138162
0.138285
0.138402
0.138513
0.138618
0.138716
0.138809
0.138896
0.138979
0.139056
0.139129
0.139197
0.139261
0.139322
0.13938
0.139436
0.13949
0.139542
0.139591
0.139636
0.139677
0.139716
0.139754
0.139793
0.139833
0.139878
0.139929
0.139984
0.140033
0.14007
0.140093
0.140106
0.140114
0.140116
0.140113
0.140102
0.140082
0.140051
0.140013
0.13998
0.139974
0.139998
0.140033
0.140063
0.140087
0.14011
0.140137
0.140169
0.140204
0.140242
0.140281
0.140319
0.140352
0.14038
0.140405
0.140434
0.140474
0.140533
0.140597
0.140648
0.140672
0.140644
0.140552
0.140442
0.140454
0.140719
0.141062
0.141178
0.140937
0.140481
0.140089
0.137412
0.137282
0.137136
0.137007
0.136977
0.136993
0.136353
0.133183
0.125365
0.114378
0.111762
0.143208
0.240821
0.420729
0.66623
0.94205
1.21667
1.46928
1.68659
1.85939
1.98132
2.04947
2.06584
2.03704
1.97465
1.86621
1.68462
1.41134
1.05533
0.668721
0.339975
0.145029
0.0875325
0.104429
0.131363
0.142877
0.142506
0.139691
0.138643
0.138981
0.139464
0.139666
0.139723
0.139778
0.139851
0.139917
0.139974
0.140045
0.140146
0.14025
0.140333
0.140389
0.140421
0.14044
0.140455
0.140471
0.140488
0.140502
0.140514
0.140524
0.140531
0.140536
0.140538
0.140537
0.140533
0.140526
0.140514
0.140499
0.14048
0.140455
0.140423
0.140386
0.140345
0.140298
0.140245
0.140182
0.140115
0.140066
0.140206
0.140297
0.13753
0.13765
0.137767
0.137882
0.137994
0.138103
0.138208
0.138311
0.13841
0.138505
0.138596
0.138684
0.138768
0.138848
0.138923
0.138996
0.139064
0.13913
0.139192
0.139251
0.139307
0.13936
0.139412
0.139463
0.139512
0.139559
0.139603
0.139644
0.139681
0.139715
0.139747
0.139781
0.139819
0.13986
0.139906
0.139958
0.14001
0.140053
0.140083
0.1401
0.14011
0.140115
0.140114
0.140107
0.140092
0.140066
0.140031
0.139993
0.139971
0.13998
0.140012
0.140045
0.140073
0.140096
0.14012
0.140149
0.140181
0.140217
0.140256
0.140295
0.140332
0.140364
0.140391
0.140416
0.140446
0.14049
0.140553
0.140619
0.140666
0.140682
0.140642
0.14054
0.140438
0.140483
0.140778
0.141112
0.141194
0.140924
0.140461
0.140076
0.138001
0.137912
0.13781
0.137691
0.13758
0.13755
0.137661
0.137624
0.136237
0.131268
0.121201
0.109731
0.11178
0.155203
0.270254
0.467332
0.725568
1.00901
1.28649
1.53714
1.74747
1.90824
2.01383
2.063
2.06069
2.014
1.92866
1.7797
1.54226
1.21199
0.824031
0.457787
0.203171
0.0961265
0.0930613
0.121917
0.140513
0.143724
0.140941
0.13899
0.138902
0.139411
0.139712
0.139791
0.139827
0.139884
0.139946
0.140009
0.140097
0.140202
0.140299
0.140371
0.140414
0.140438
0.140455
0.140471
0.140488
0.140504
0.140518
0.140528
0.140537
0.140542
0.140545
0.140545
0.140542
0.140535
0.140524
0.14051
0.140492
0.140467
0.140436
0.140398
0.140357
0.14031
0.140256
0.140193
0.140123
0.14007
0.140208
0.140306
0.138083
0.138167
0.138249
0.13833
0.138409
0.138487
0.138563
0.138638
0.13871
0.138781
0.138849
0.138915
0.138978
0.139039
0.139098
0.139154
0.139208
0.13926
0.139311
0.139359
0.139406
0.139451
0.139496
0.13954
0.139582
0.139622
0.139659
0.139692
0.139722
0.139751
0.139779
0.13981
0.139848
0.139889
0.139937
0.139988
0.140036
0.140071
0.140093
0.140106
0.140112
0.140114
0.140111
0.140099
0.140078
0.140046
0.140008
0.139976
0.13997
0.139992
0.140026
0.140058
0.140083
0.140106
0.140132
0.140161
0.140195
0.140232
0.140271
0.14031
0.140345
0.140376
0.140402
0.140427
0.14046
0.140507
0.140575
0.140641
0.140684
0.140691
0.140637
0.140527
0.140437
0.14052
0.140841
0.141162
0.141208
0.14091
0.140439
0.140061
0.138441
0.138379
0.138309
0.138227
0.138131
0.138031
0.137982
0.138082
0.138299
0.138037
0.135641
0.128745
0.1167
0.1055
0.113173
0.169231
0.301855
0.516127
0.787302
1.07837
1.35805
1.6052
1.80613
1.95201
2.03847
2.06654
2.0425
1.97705
1.85688
1.65453
1.35505
0.977551
0.58799
0.280809
0.11925
0.0860839
0.110729
0.135761
0.14405
0.142347
0.13963
0.138909
0.139321
0.139723
0.139855
0.139882
0.13992
0.139976
0.140049
0.14015
0.140256
0.140344
0.140402
0.140434
0.140454
0.140471
0.140488
0.140505
0.14052
0.140533
0.140542
0.140549
0.140553
0.140553
0.140551
0.140545
0.140534
0.140521
0.140504
0.14048
0.140449
0.140411
0.140369
0.140321
0.140268
0.140204
0.140132
0.140075
0.14021
0.140316
0.138499
0.138559
0.138618
0.138675
0.138733
0.138789
0.138844
0.138899
0.138952
0.139004
0.139055
0.139105
0.139153
0.1392
0.139245
0.13929
0.139333
0.139375
0.139416
0.139457
0.139497
0.139536
0.139574
0.139611
0.139646
0.139678
0.139708
0.139735
0.139761
0.139786
0.139812
0.139843
0.139879
0.139922
0.139969
0.140018
0.140059
0.140085
0.140101
0.14011
0.140113
0.140112
0.140104
0.140087
0.140059
0.140022
0.139985
0.139967
0.139978
0.140008
0.140041
0.14007
0.140094
0.140117
0.140144
0.140175
0.140209
0.140247
0.140287
0.140325
0.140359
0.140389
0.140414
0.14044
0.140475
0.140527
0.140598
0.140665
0.140702
0.140696
0.140629
0.140514
0.140441
0.140566
0.140909
0.141211
0.141219
0.140892
0.140415
0.140048
0.138773
0.138729
0.138679
0.138623
0.138558
0.138481
0.138393
0.138326
0.138368
0.138609
0.138873
0.138217
0.134594
0.125686
0.111944
0.101811
0.11638
0.186533
0.337982
0.57034
0.85483
1.15304
1.43331
1.67432
1.8624
1.98957
2.05342
2.05857
2.01183
1.91699
1.74791
1.48192
1.12374
0.724098
0.374463
0.157931
0.0862884
0.09944
0.128755
0.143072
0.143665
0.140567
0.139073
0.139215
0.139672
0.139881
0.139926
0.139956
0.140012
0.140098
0.140204
0.140306
0.140381
0.140427
0.140452
0.14047
0.140488
0.140506
0.140523
0.140536
0.140547
0.140555
0.14056
0.140562
0.14056
0.140555
0.140545
0.140533
0.140517
0.140494
0.140463
0.140425
0.140382
0.140334
0.14028
0.140216
0.140141
0.140081
0.140213
0.140325
0.138815
0.138859
0.138901
0.138944
0.138985
0.139027
0.139067
0.139107
0.139147
0.139186
0.139224
0.139262
0.139299
0.139336
0.139372
0.139407
0.139443
0.139477
0.139512
0.139546
0.13958
0.139613
0.139644
0.139674
0.139702
0.139728
0.139752
0.139774
0.139797
0.139821
0.139847
0.139877
0.139913
0.139956
0.140002
0.140046
0.140077
0.140096
0.140107
0.140112
0.140112
0.140106
0.140092
0.140068
0.140034
0.139997
0.13997
0.139969
0.139992
0.140024
0.140056
0.140082
0.140105
0.140129
0.140157
0.14019
0.140226
0.140264
0.140304
0.140341
0.140374
0.140401
0.140426
0.140453
0.140492
0.140549
0.140624
0.140689
0.140718
0.140699
0.140618
0.140501
0.140452
0.140622
0.140982
0.141258
0.141226
0.140871
0.140389
0.140038
0.139026
0.138994
0.138958
0.138918
0.138874
0.138822
0.138761
0.138686
0.138611
0.138595
0.138753
0.139133
0.139364
0.138134
0.13307
0.122068
0.106956
0.0989278
0.12225
0.20893
0.381358
0.633108
0.930998
1.23502
1.51317
1.74415
1.91491
2.01915
2.05719
2.03486
1.96268
1.82397
1.59187
1.25898
0.860494
0.479578
0.211375
0.0956166
0.0897862
0.119864
0.140398
0.144514
0.141727
0.139521
0.139257
0.139671
0.139913
0.139954
0.139975
0.140044
0.140151
0.140261
0.140352
0.140412
0.140448
0.140469
0.140488
0.140506
0.140524
0.14054
0.140552
0.140561
0.140567
0.14057
0.140569
0.140565
0.140557
0.140545
0.14053
0.140508
0.140478
0.14044
0.140396
0.140347
0.140293
0.140229
0.140152
0.140088
0.140215
0.140335
0.139058
0.13909
0.139122
0.139153
0.139184
0.139215
0.139246
0.139276
0.139306
0.139336
0.139365
0.139395
0.139424
0.139453
0.139482
0.139512
0.139541
0.13957
0.139598
0.139627
0.139654
0.139681
0.139706
0.139729
0.139751
0.139771
0.139792
0.139812
0.139833
0.139857
0.139883
0.139914
0.139949
0.139991
0.140034
0.140069
0.140092
0.140104
0.14011
0.140111
0.140107
0.140096
0.140075
0.140043
0.140007
0.139975
0.139966
0.139981
0.14001
0.140041
0.14007
0.140094
0.140118
0.140143
0.140172
0.140206
0.140243
0.140282
0.140321
0.140357
0.140388
0.140415
0.140439
0.140469
0.140511
0.140574
0.140651
0.140712
0.140731
0.140698
0.140604
0.140489
0.140469
0.140687
0.141057
0.141304
0.141229
0.140846
0.140362
0.140033
0.139223
0.139199
0.139173
0.139144
0.139111
0.139075
0.139034
0.138986
0.138925
0.138853
0.1388
0.138855
0.139146
0.139649
0.139747
0.137735
0.130977
0.117796
0.101783
0.0973681
0.132148
0.2387
0.4349
0.707297
1.01795
1.32524
1.59713
1.81282
1.96065
2.03675
2.0459
1.99531
1.88419
1.68525
1.38152
0.993294
0.592145
0.278304
0.115702
0.08406
0.110321
0.136107
0.144353
0.142423
0.1397
0.139138
0.139649
0.140014
0.14005
0.140018
0.14007
0.140192
0.140311
0.140393
0.14044
0.140467
0.140486
0.140506
0.140525
0.140543
0.140557
0.140567
0.140575
0.140579
0.140579
0.140576
0.140568
0.140558
0.140544
0.140523
0.140494
0.140456
0.140411
0.140362
0.140307
0.140242
0.140164
0.140096
0.140218
0.140345
0.139246
0.139271
0.139295
0.139319
0.139343
0.139367
0.139391
0.139414
0.139438
0.139462
0.139485
0.139509
0.139533
0.139556
0.13958
0.139604
0.139628
0.139652
0.139675
0.139697
0.139718
0.139739
0.139758
0.139776
0.139794
0.139812
0.13983
0.139849
0.139871
0.139894
0.139921
0.139951
0.139986
0.140024
0.14006
0.140087
0.140101
0.140108
0.14011
0.140107
0.140097
0.140078
0.140049
0.140014
0.139981
0.139966
0.139974
0.139998
0.140028
0.140058
0.140084
0.140107
0.140131
0.140158
0.140189
0.140224
0.140262
0.140301
0.140339
0.140374
0.140403
0.140428
0.140453
0.140485
0.140533
0.140601
0.140679
0.140736
0.140742
0.140693
0.140587
0.140479
0.140497
0.140763
0.141135
0.141346
0.141227
0.140818
0.140334
0.140032
0.139379
0.139361
0.139342
0.13932
0.139296
0.139269
0.139239
0.139206
0.139167
0.139119
0.139057
0.13899
0.138969
0.139116
0.139556
0.140151
0.13998
0.136918
0.128157
0.11275
0.0966025
0.0979919
0.147903
0.27855
0.501658
0.795825
1.11818
1.42556
1.68601
1.87994
1.99832
2.04134
2.01405
1.92771
1.76002
1.48732
1.1163
0.705173
0.353447
0.144379
0.0824235
0.101643
0.132588
0.145796
0.14461
0.140414
0.138748
0.139184
0.139899
0.140155
0.140136
0.14014
0.140233
0.140346
0.140424
0.140464
0.140486
0.140505
0.140525
0.140545
0.140561
0.140573
0.140582
0.140587
0.140589
0.140587
0.14058
0.140571
0.140558
0.140538
0.14051
0.140472
0.140427
0.140377
0.140321
0.140257
0.140177
0.140105
0.14022
0.140355
0.139397
0.139416
0.139434
0.139453
0.139472
0.139492
0.139511
0.13953
0.139549
0.139569
0.139588
0.139608
0.139627
0.139647
0.139666
0.139685
0.139704
0.139722
0.13974
0.139757
0.139773
0.139789
0.139804
0.139819
0.139835
0.139851
0.139868
0.139888
0.139909
0.139933
0.139959
0.139988
0.14002
0.140053
0.140082
0.140099
0.140106
0.140108
0.140106
0.140097
0.140079
0.140052
0.140018
0.139986
0.139968
0.13997
0.139989
0.140017
0.140047
0.140075
0.140099
0.140122
0.140146
0.140175
0.140207
0.140243
0.140282
0.140321
0.140358
0.140391
0.140418
0.140443
0.140469
0.140505
0.140558
0.140631
0.140709
0.140757
0.140749
0.140683
0.140568
0.140475
0.14054
0.140847
0.141215
0.141384
0.141219
0.140786
0.140305
0.140036
0.139508
0.139494
0.139479
0.139463
0.139444
0.139423
0.1394
0.139375
0.139347
0.139316
0.139279
0.139229
0.139165
0.139107
0.139133
0.139392
0.139983
0.140604
0.139981
0.13559
0.124636
0.107345
0.0925158
0.102505
0.170675
0.326628
0.574719
0.887019
1.21776
1.52292
1.77023
1.94078
2.02745
2.03512
1.97176
1.83138
1.58904
1.23972
0.826406
0.441666
0.181525
0.0775942
0.0814436
0.118379
0.142829
0.147714
0.143628
0.139868
0.138906
0.139427
0.139993
0.140208
0.140256
0.140307
0.140382
0.140445
0.140483
0.140506
0.140525
0.140546
0.140564
0.140578
0.140589
0.140596
0.140599
0.140598
0.140592
0.140584
0.140572
0.140554
0.140527
0.14049
0.140445
0.140393
0.140337
0.140272
0.140191
0.140115
0.140223
0.140366
0.139522
0.139537
0.139552
0.139567
0.139583
0.139598
0.139614
0.13963
0.139646
0.139662
0.139678
0.139694
0.13971
0.139725
0.13974
0.139754
0.139768
0.139782
0.139795
0.139808
0.13982
0.139833
0.139846
0.13986
0.139874
0.13989
0.139907
0.139927
0.139948
0.139972
0.139997
0.140025
0.140052
0.140076
0.140095
0.140105
0.140107
0.140104
0.140094
0.140076
0.140049
0.140017
0.139989
0.139971
0.139969
0.139984
0.140009
0.140038
0.140066
0.140091
0.140114
0.140137
0.140163
0.140193
0.140227
0.140265
0.140304
0.140342
0.140377
0.140408
0.140434
0.140458
0.140486
0.140526
0.140586
0.140663
0.140739
0.140776
0.140751
0.140668
0.140548
0.140478
0.140598
0.140941
0.141294
0.141417
0.141206
0.140749
0.140276
0.140045
0.139639
0.139629
0.139617
0.139604
0.13959
0.139574
0.139557
0.139538
0.139518
0.139495
0.139471
0.139443
0.139409
0.139364
0.139308
0.139269
0.139325
0.1396
0.140126
0.140518
0.139523
0.134944
0.124748
0.1102
0.100498
0.11606
0.185157
0.332363
0.56346
0.85855
1.17912
1.48219
1.73209
1.9056
1.99284
1.99075
1.90582
1.72691
1.44148
1.06846
0.672676
0.343977
0.146252
0.079015
0.0900572
0.121272
0.141247
0.146021
0.14343
0.140437
0.139349
0.139561
0.140029
0.140302
0.140396
0.140431
0.140464
0.140497
0.140524
0.140547
0.140567
0.140584
0.140597
0.140606
0.140611
0.140611
0.140607
0.1406
0.140589
0.140573
0.140547
0.140511
0.140466
0.140413
0.140355
0.14029
0.140207
0.140128
0.140227
0.140376
0.139651
0.139662
0.139674
0.139686
0.139698
0.13971
0.139722
0.139734
0.139746
0.139758
0.13977
0.139781
0.139792
0.139803
0.139813
0.139823
0.139833
0.139843
0.139853
0.139864
0.139874
0.139886
0.139898
0.139911
0.139926
0.139942
0.139959
0.139978
0.139998
0.14002
0.140042
0.140063
0.140081
0.140093
0.140098
0.140097
0.140091
0.140078
0.140059
0.140035
0.140009
0.139986
0.139973
0.139974
0.139987
0.14001
0.140037
0.140064
0.140089
0.140112
0.140134
0.140159
0.140187
0.140219
0.140255
0.140293
0.140332
0.140368
0.140401
0.140429
0.140453
0.140478
0.14051
0.140557
0.140625
0.140705
0.140773
0.140792
0.140746
0.140645
0.140527
0.140496
0.140684
0.141056
0.141381
0.141446
0.141184
0.140705
0.140247
0.140058
0.139763
0.139755
0.139747
0.139737
0.139727
0.139717
0.139705
0.139693
0.139679
0.139665
0.139649
0.139632
0.139614
0.139593
0.139564
0.139522
0.139464
0.139416
0.139467
0.139773
0.140436
0.141165
0.140771
0.136921
0.127073
0.111322
0.0967504
0.100613
0.148465
0.266124
0.466826
0.741109
1.05715
1.37126
1.64182
1.8379
1.9441
1.95124
1.86286
1.66921
1.36713
0.98954
0.608903
0.308298
0.136104
0.081818
0.0947407
0.123572
0.141544
0.145673
0.143157
0.140374
0.139436
0.139723
0.140202
0.140438
0.140488
0.140494
0.140514
0.140544
0.14057
0.14059
0.140605
0.140617
0.140624
0.140626
0.140624
0.140617
0.140609
0.140594
0.140571
0.140535
0.14049
0.140436
0.140376
0.14031
0.140225
0.140143
0.140232
0.140387
0.139772
0.13978
0.139789
0.139797
0.139805
0.139813
0.139822
0.13983
0.139838
0.139846
0.139854
0.139862
0.13987
0.139877
0.139885
0.139893
0.139901
0.139909
0.139918
0.139927
0.139938
0.139949
0.139961
0.139973
0.139987
0.140002
0.140018
0.140034
0.140051
0.140066
0.140079
0.140088
0.140092
0.140089
0.140081
0.14007
0.140054
0.140036
0.140015
0.139995
0.139981
0.139976
0.139982
0.139997
0.14002
0.140045
0.140071
0.140094
0.140116
0.140138
0.140162
0.140189
0.14022
0.140254
0.140291
0.140329
0.140366
0.1404
0.140429
0.140454
0.140477
0.140504
0.140543
0.1406
0.140675
0.140755
0.140809
0.140801
0.140728
0.140612
0.140511
0.140541
0.140806
0.141192
0.141471
0.141467
0.141149
0.140652
0.140218
0.140077
0.139866
0.139862
0.139856
0.139851
0.139845
0.139839
0.139832
0.139825
0.139817
0.139809
0.1398
0.13979
0.139779
0.139767
0.139753
0.139736
0.13971
0.139669
0.139614
0.139583
0.139683
0.140082
0.140868
0.141663
0.1411
0.136645
0.125594
0.10774
0.0891345
0.0851509
0.119929
0.220231
0.403823
0.667347
0.982608
1.30526
1.58942
1.79825
1.91025
1.91117
1.805
1.58411
1.25816
0.875018
0.51346
0.24873
0.112768
0.0819496
0.102988
0.130224
0.143952
0.145294
0.142161
0.139907
0.139547
0.140026
0.14042
0.140535
0.14053
0.140532
0.140559
0.140589
0.140611
0.140627
0.140636
0.140641
0.14064
0.140636
0.140628
0.140615
0.140594
0.140561
0.140516
0.14046
0.140399
0.140332
0.140245
0.14016
0.140237
0.140397
0.139871
0.139876
0.139881
0.139886
0.139891
0.139896
0.139901
0.139906
0.139912
0.139918
0.139924
0.13993
0.139937
0.139943
0.13995
0.139958
0.139965
0.139973
0.139982
0.139991
0.14
0.14001
0.14002
0.140031
0.140042
0.140054
0.140064
0.140074
0.140082
0.140087
0.140087
0.140084
0.140075
0.140063
0.140048
0.140032
0.140015
0.14
0.139987
0.139981
0.139983
0.139993
0.14001
0.140033
0.140057
0.14008
0.140102
0.140124
0.140145
0.140168
0.140194
0.140224
0.140257
0.140293
0.14033
0.140367
0.140401
0.140431
0.140457
0.14048
0.140504
0.140535
0.140583
0.14065
0.14073
0.140804
0.140835
0.140796
0.140699
0.140578
0.140511
0.140621
0.14095
0.141331
0.141552
0.141475
0.141104
0.140594
0.140191
0.140099
0.139962
0.139962
0.13996
0.139959
0.139957
0.139954
0.139952
0.139949
0.139945
0.139942
0.139937
0.139932
0.139926
0.139919
0.139912
0.139903
0.139893
0.139879
0.139856
0.139819
0.13977
0.13975
0.139869
0.140291
0.141072
0.141776
0.140983
0.136161
0.124589
0.105708
0.0846788
0.0756686
0.102311
0.192621
0.367435
0.627048
0.945012
1.27518
1.56678
1.77675
1.87964
1.86034
1.72381
1.46826
1.11787
0.734665
0.40163
0.18321
0.0912938
0.086891
0.114843
0.137853
0.145661
0.144061
0.140903
0.139614
0.139849
0.140357
0.140583
0.140596
0.140578
0.140589
0.140613
0.140634
0.140647
0.140655
0.140657
0.140654
0.140648
0.140637
0.140618
0.140587
0.140543
0.140487
0.140423
0.140354
0.140267
0.140178
0.140243
0.140407
0.139962
0.139963
0.139964
0.139966
0.139968
0.13997
0.139973
0.139977
0.139981
0.139986
0.139991
0.139996
0.140002
0.140008
0.140014
0.140021
0.140027
0.140034
0.140041
0.140047
0.140054
0.140061
0.140067
0.140073
0.140078
0.140082
0.140084
0.140084
0.140081
0.140075
0.140066
0.140055
0.140041
0.140026
0.140012
0.14
0.139991
0.139986
0.139987
0.139995
0.140009
0.140028
0.140049
0.140072
0.140093
0.140114
0.140134
0.140155
0.140178
0.140203
0.140231
0.140263
0.140298
0.140334
0.140371
0.140405
0.140436
0.140462
0.140485
0.140507
0.140534
0.140574
0.140631
0.140707
0.140789
0.140849
0.14085
0.140776
0.140659
0.140549
0.140538
0.14074
0.141112
0.141468
0.141619
0.141466
0.141048
0.140533
0.140177
0.140125
0.140052
0.140055
0.140056
0.140058
0.140059
0.14006
0.140061
0.140061
0.140061
0.140061
0.14006
0.140059
0.140057
0.140054
0.14005
0.140046
0.14004
0.140034
0.140026
0.140015
0.139993
0.139955
0.139903
0.139882
0.140013
0.140469
0.141301
0.142049
0.141268
0.136393
0.124562
0.104874
0.0819625
0.0696753
0.0921429
0.178986
0.35326
0.616648
0.941572
1.27773
1.56891
1.76771
1.84652
1.79524
1.61719
1.32092
0.948172
0.575616
0.286292
0.126134
0.0814605
0.0992932
0.128236
0.143722
0.145528
0.142271
0.139963
0.139656
0.14014
0.140488
0.140581
0.140592
0.140613
0.140641
0.140659
0.140669
0.140673
0.140672
0.140668
0.140658
0.140642
0.140614
0.140572
0.140515
0.14045
0.140379
0.14029
0.140198
0.14025
0.140415
0.140046
0.140043
0.140041
0.14004
0.140039
0.14004
0.140041
0.140043
0.140046
0.140049
0.140052
0.140056
0.14006
0.140063
0.140067
0.140071
0.140074
0.140077
0.14008
0.140083
0.140084
0.140085
0.140086
0.140085
0.140082
0.140078
0.140072
0.140064
0.140054
0.140043
0.140031
0.140019
0.140009
0.14
0.139994
0.139992
0.139995
0.140002
0.140014
0.14003
0.140049
0.14007
0.14009
0.14011
0.14013
0.140149
0.140169
0.140191
0.140216
0.140243
0.140275
0.140308
0.140343
0.140379
0.140413
0.140443
0.14047
0.140492
0.140513
0.140538
0.140571
0.140621
0.14069
0.140772
0.140848
0.140885
0.140846
0.140738
0.140615
0.140537
0.140608
0.140895
0.141287
0.141597
0.141669
0.141441
0.140979
0.140472
0.140179
0.140152
0.140125
0.14013
0.140134
0.140137
0.140141
0.140144
0.140148
0.140151
0.140153
0.140155
0.140157
0.140159
0.14016
0.14016
0.14016
0.140159
0.140158
0.140155
0.140152
0.140148
0.140143
0.140133
0.140111
0.14007
0.140016
0.140003
0.140169
0.140701
0.14165
0.142532
0.141839
0.136891
0.124626
0.103896
0.079322
0.0653681
0.0876918
0.177958
0.360463
0.6355
0.970909
1.30997
1.59077
1.7649
1.8042
1.70681
1.47673
1.13783
0.75293
0.410864
0.184302
0.0897291
0.0866679
0.116146
0.13908
0.146014
0.14401
0.141109
0.140143
0.140356
0.140621
0.140652
0.140615
0.140622
0.140656
0.140681
0.14069
0.140691
0.140687
0.14068
0.140666
0.140642
0.140602
0.140546
0.140479
0.140406
0.140315
0.140221
0.140258
0.140424
0.140116
0.14011
0.140104
0.1401
0.140097
0.140095
0.140094
0.140094
0.140094
0.140094
0.140094
0.140094
0.140094
0.140093
0.140092
0.140092
0.14009
0.140089
0.140087
0.140085
0.140081
0.140077
0.140071
0.140065
0.140057
0.140049
0.140039
0.14003
0.140021
0.140013
0.140006
0.140001
0.139999
0.14
0.140005
0.140013
0.140025
0.14004
0.140056
0.140075
0.140094
0.140112
0.140131
0.140148
0.140167
0.140187
0.140208
0.140233
0.14026
0.14029
0.140323
0.140357
0.140391
0.140424
0.140454
0.14048
0.140503
0.140523
0.140545
0.140575
0.140618
0.14068
0.140758
0.140841
0.140901
0.140905
0.140823
0.140688
0.140577
0.140558
0.14073
0.141082
0.141465
0.141711
0.141697
0.141396
0.1409
0.140415
0.140199
0.140181
0.140169
0.140176
0.140182
0.140187
0.140193
0.140198
0.140203
0.140208
0.140212
0.140217
0.140221
0.140225
0.140229
0.140232
0.140235
0.140238
0.14024
0.140241
0.140242
0.140241
0.140241
0.140239
0.140237
0.140229
0.140207
0.140164
0.140111
0.140114
0.140329
0.140961
0.14206
0.143096
0.142445
0.13721
0.124082
0.101879
0.0758126
0.062053
0.0889231
0.190481
0.390616
0.684663
1.0318
1.36725
1.62447
1.75724
1.74177
1.58399
1.29494
0.921032
0.547044
0.263099
0.114856
0.0816249
0.104253
0.131451
0.143141
0.142969
0.140184
0.139285
0.13991
0.140577
0.140767
0.140711
0.140666
0.140676
0.140698
0.140708
0.140708
0.140701
0.14069
0.140668
0.140632
0.140577
0.140509
0.140433
0.14034
0.140244
0.140268
0.140431
0.140159
0.14015
0.140142
0.140134
0.140128
0.140122
0.140117
0.140113
0.140109
0.140104
0.1401
0.140096
0.140091
0.140086
0.140082
0.140077
0.140073
0.140068
0.140064
0.140058
0.140053
0.140046
0.14004
0.140033
0.140026
0.140019
0.140014
0.14001
0.140007
0.140007
0.140009
0.140013
0.14002
0.14003
0.140042
0.140056
0.140071
0.140087
0.140104
0.140121
0.140138
0.140154
0.140171
0.140189
0.140209
0.14023
0.140255
0.140282
0.140311
0.140343
0.140376
0.140409
0.14044
0.140469
0.140494
0.140515
0.140535
0.140556
0.140582
0.140621
0.140677
0.140751
0.140835
0.140909
0.140942
0.140902
0.140778
0.140632
0.14056
0.140632
0.140903
0.141291
0.14164
0.141807
0.141703
0.141332
0.140812
0.140366
0.140234
0.140209
0.140181
0.14019
0.140197
0.140204
0.140212
0.140219
0.140225
0.140232
0.140239
0.140245
0.140252
0.140258
0.140264
0.14027
0.140275
0.140281
0.140285
0.14029
0.140294
0.140298
0.1403
0.140303
0.140305
0.140306
0.140306
0.1403
0.140279
0.140234
0.140181
0.140202
0.140475
0.141227
0.1425
0.143681
0.142932
0.137031
0.122412
0.0981575
0.0709502
0.060044
0.0976404
0.220009
0.447743
0.766314
1.12231
1.44186
1.65662
1.72523
1.63853
1.40495
1.0571
0.670726
0.344765
0.149568
0.0869637
0.10244
0.134169
0.150161
0.14959
0.143651
0.139993
0.139506
0.140188
0.140661
0.140755
0.140724
0.140712
0.140719
0.140726
0.140725
0.140717
0.140699
0.140666
0.140614
0.140546
0.140468
0.140373
0.140274
0.140276
0.140443
0.140169
0.140158
0.140146
0.140135
0.140125
0.140115
0.140105
0.140096
0.140087
0.140078
0.14007
0.140063
0.140056
0.140051
0.140047
0.140043
0.140039
0.140035
0.140031
0.140028
0.140024
0.140021
0.140018
0.140016
0.140015
0.140015
0.140017
0.140021
0.140026
0.140034
0.140043
0.140054
0.140066
0.140079
0.140093
0.140107
0.140122
0.140137
0.140153
0.140168
0.140183
0.1402
0.140218
0.140237
0.140259
0.140283
0.14031
0.140339
0.140369
0.1404
0.140431
0.140461
0.140488
0.140512
0.140533
0.140552
0.140572
0.140597
0.140632
0.140683
0.140751
0.140832
0.140911
0.140964
0.140959
0.140874
0.140723
0.140597
0.140601
0.140784
0.141127
0.141512
0.1418
0.141872
0.141674
0.141242
0.140715
0.140328
0.14029
0.140241
0.140154
0.140165
0.140176
0.140186
0.140196
0.140205
0.140215
0.140225
0.140234
0.140244
0.140253
0.140262
0.140271
0.14028
0.140289
0.140297
0.140306
0.140313
0.140321
0.140328
0.140335
0.140341
0.140346
0.140351
0.140356
0.14036
0.140363
0.140357
0.140333
0.140283
0.140228
0.14027
0.140614
0.141516
0.142995
0.144289
0.143218
0.136096
0.119102
0.0920625
0.0642447
0.0596678
0.115685
0.269888
0.536659
0.888092
1.25628
1.55739
1.72354
1.71565
1.53808
1.21236
0.80508
0.421718
0.158577
0.0482385
0.0504172
0.0950995
0.131737
0.145876
0.145638
0.142126
0.140338
0.14023
0.140552
0.140721
0.140745
0.140739
0.140737
0.140737
0.140732
0.140717
0.140689
0.14064
0.140571
0.140492
0.140392
0.140296
0.140299
0.140445
0.140138
0.140123
0.140109
0.140094
0.14008
0.140067
0.140054
0.140043
0.140033
0.140025
0.140019
0.140014
0.140012
0.140011
0.140011
0.140011
0.140011
0.140012
0.140012
0.140013
0.140015
0.140018
0.140021
0.140026
0.140032
0.140038
0.140047
0.140056
0.140066
0.140077
0.140089
0.140101
0.140114
0.140127
0.14014
0.140153
0.140166
0.14018
0.140194
0.140209
0.140226
0.140244
0.140264
0.140286
0.14031
0.140337
0.140365
0.140395
0.140425
0.140454
0.140482
0.140507
0.140529
0.140547
0.140564
0.140581
0.140603
0.140635
0.140682
0.140748
0.140831
0.140918
0.140989
0.141012
0.140957
0.14082
0.140646
0.140563
0.140669
0.140958
0.141348
0.141715
0.141936
0.141921
0.14164
0.141154
0.140625
0.140307
0.140346
0.140258
0.140084
0.140094
0.140104
0.140114
0.140124
0.140133
0.140143
0.140153
0.140164
0.140174
0.140185
0.140196
0.140207
0.140218
0.14023
0.140241
0.140253
0.140265
0.140277
0.140289
0.140301
0.140312
0.140324
0.140336
0.140347
0.140358
0.140369
0.14038
0.14039
0.140392
0.140373
0.140325
0.140265
0.140289
0.140612
0.141512
0.143068
0.144614
0.144079
0.137833
0.122023
0.0963205
0.0696559
0.0648142
0.115931
0.254968
0.491757
0.800012
1.12199
1.38652
1.5347
1.52724
1.36304
1.07146
0.726568
0.421404
0.220498
0.130702
0.114361
0.125846
0.137366
0.14168
0.141652
0.140861
0.14057
0.140627
0.140721
0.140762
0.140772
0.140774
0.140772
0.140763
0.140743
0.140701
0.140638
0.140554
0.140456
0.140345
0.140303
0.140478
0.140071
0.140059
0.140048
0.140038
0.140029
0.140022
0.140016
0.140012
0.140009
0.140008
0.140009
0.140013
0.140017
0.140023
0.14003
0.140037
0.140044
0.140051
0.140058
0.140066
0.140074
0.140083
0.140092
0.140102
0.140112
0.140122
0.140133
0.140144
0.140155
0.140167
0.140178
0.14019
0.140202
0.140214
0.140227
0.14024
0.140254
0.140269
0.140285
0.140303
0.140322
0.140343
0.140366
0.14039
0.140415
0.140441
0.140467
0.140493
0.140517
0.14054
0.14056
0.140579
0.140596
0.140614
0.140635
0.140663
0.140702
0.140755
0.140822
0.1409
0.140976
0.141032
0.141042
0.140987
0.140867
0.140724
0.140658
0.140767
0.141036
0.141395
0.141751
0.142002
0.142061
0.14188
0.141477
0.140952
0.140504
0.140369
0.140465
0.140316
)
;

boundaryField
{
    inlet
    {
        type            freestream;
        freestreamValue uniform 0.14;
        value           nonuniform List<scalar> 
134
(
0.14
0.14
0.14
0.14
0.14
0.14
0.14
0.14
0.14
0.14
0.140022
0.140043
0.14007
0.140096
0.14012
0.140143
0.140162
0.14018
0.140195
0.140207
0.14
0.140218
0.140226
0.140233
0.140238
0.140241
0.140243
0.140244
0.140245
0.140243
0.140243
0.140241
0.140238
0.140235
0.140233
0.140232
0.140233
0.140235
0.140239
0.14024
0.14
0.14
0.14
0.14
0.14
0.14
0.14
0.14024
0.140242
0.140245
0.140249
0.140253
0.140259
0.140265
0.140272
0.14028
0.140288
0.140297
0.140306
0.140316
0.140325
0.140335
0.140345
0.140355
0.140366
0.140376
0.140387
0.140397
0.140407
0.140415
0.140424
0.140431
0.140443
0.140445
0.140478
0.14
0.14
0.14
0.14
0.14
0.14
0.14
0.14
0.14
0.14
0.14
0.14
0.14
0.14
0.14
0.14
0.14
0.14
0.14
0.14
0.14
0.14
0.14
0.14
0.14
0.14
0.14
0.14
0.14
0.14
0.14
0.14
0.14
0.14
0.14
0.14
0.14
0.14
0.14
0.14
0.14
0.14
0.14
0.14
0.14
0.14
0.14
0.14
0.14
0.14
0.14
0.14
0.14
0.14
0.14
0.14
0.14
0.14
0.14
)
;
    }
    outlet
    {
        type            freestream;
        freestreamValue uniform 0.14;
        value           nonuniform List<scalar> 
160
(
0.140084
0.140071
0.140094
0.140059
0.140104
0.140048
0.140114
0.140038
0.140124
0.140029
0.140133
0.140022
0.140143
0.140016
0.140153
0.140012
0.140164
0.140009
0.140174
0.140008
0.140185
0.140009
0.140196
0.140013
0.140207
0.140017
0.140218
0.140023
0.14023
0.14003
0.140241
0.140037
0.140253
0.140044
0.140265
0.140051
0.140277
0.140058
0.140289
0.140066
0.140301
0.140074
0.140312
0.140083
0.140324
0.140092
0.140336
0.140102
0.140347
0.140112
0.140358
0.140122
0.140369
0.140133
0.14038
0.140144
0.14039
0.140155
0.140392
0.140167
0.140373
0.140178
0.140325
0.14019
0.140265
0.140202
0.140289
0.140214
0.140612
0.140227
0.141512
0.14024
0.143068
0.140254
0.144614
0.140269
0.144079
0.140285
0.137833
0.140303
0.122023
0.140322
0.0963205
0.140343
0.0696559
0.140366
0.0648142
0.14039
0.115931
0.140415
0.254968
0.140441
0.491757
0.140467
0.800012
0.140493
1.12199
0.140517
1.38652
0.14054
1.5347
0.14056
1.52724
0.140579
1.36304
0.140596
1.07146
0.140614
0.726568
0.140635
0.421404
0.140663
0.220498
0.140702
0.130702
0.140755
0.114361
0.140822
0.125846
0.1409
0.137366
0.140976
0.14168
0.141032
0.141652
0.141042
0.140861
0.140987
0.14057
0.140867
0.140627
0.140724
0.140721
0.140658
0.140762
0.140767
0.140772
0.141036
0.140774
0.141395
0.140772
0.141751
0.140763
0.142002
0.140743
0.142061
0.140701
0.14188
0.140638
0.141477
0.140554
0.140952
0.140456
0.140504
0.140345
0.140369
0.140303
0.140465
0.140478
0.140316
)
;
    }
    walls
    {
        type            fixedValue;
        value           nonuniform List<scalar> 
78
(
0.123574
0.129374
0.136264
0.144224
0.15373
0.164976
0.178185
0.193006
0.209209
0.22561
0.241265
0.255193
0.266416
0.274226
0.278266
0.278729
0.27599
0.27056
0.262615
0.252328
0.239406
0.223632
0.204506
0.181772
0.156405
0.126164
0.101103
0.0819959
0.055332
0.0755036
0.127427
0.164601
0.0964452
0.195467
0.20548
0.180737
0.154211
0.117394
0.0987019
0.118115
0.112399
0.10619
0.0991002
0.0912795
0.0822974
0.0717316
0.0587009
0.0432684
0.0406976
0.0439699
0.0544886
0.0630444
0.0705156
0.077761
0.0850829
0.0925309
0.100099
0.107789
0.11561
0.123499
0.13131
0.138827
0.145822
0.151899
0.156744
0.160485
0.163403
0.165824
0.168027
0.17006
0.171925
0.173614
0.17508
0.176207
0.177034
0.177124
0.1775
0.174255
)
;
    }
    frontAndBack
    {
        type            empty;
    }
}


// ************************************************************************* //
