/*--------------------------------*- C++ -*----------------------------------*\
  =========                 |
  \\      /  F ield         | OpenFOAM: The Open Source CFD Toolbox
   \\    /   O peration     | Website:  https://openfoam.org
    \\  /    A nd           | Version:  12
     \\/     M anipulation  |
\*---------------------------------------------------------------------------*/
FoamFile
{
    format      ascii;
    class       volScalarField;
    location    "450";
    object      p;
}
// * * * * * * * * * * * * * * * * * * * * * * * * * * * * * * * * * * * * * //

dimensions      [0 2 -2 0 0 0 0];

internalField   nonuniform List<scalar> 
10720
(
760.353
709.293
638.48
551.101
449.824
334.183
214.334
95.529
-21.0211
-128.883
-226.868
-313.87
-388.811
-451.409
-500.927
-535.455
-555.701
-559.407
-545.489
-510.637
-459.964
-411.648
-400.664
-415.646
-426.46
-450.029
-494.921
-495.467
-418.719
-282.464
-126.164
-42.811
-90.0838
-217.494
-307.336
-235.819
-22.088
199.903
321.736
795.365
812.064
814.869
801.858
762.041
694.285
604.146
501.361
397.87
300.57
216.992
150.691
97.9308
56.2461
24.1053
-3.70486
-28.5237
-52.5552
-76.493
-101.78
-128.081
-156.372
-186.2
-215.949
-239.038
-252.398
-260.178
-264.107
-264.342
-260.866
-253.771
-243.635
-230.943
-215.924
-198.737
-178.975
-156.103
-120.556
-77.8431
734.914
696.144
643.454
576.861
497.766
406.953
308.47
205.995
102.182
0.90363
-95.2055
-184.033
-263.805
-333.2
-390.922
-435.827
-467.177
-481.872
-479.099
-457.675
-422.395
-391.05
-394.259
-414.794
-424.112
-448.679
-494.392
-496.461
-421.331
-285.989
-128.853
-43.0815
-90.0886
-217.964
-308.286
-237.464
-24.9655
197.016
310.895
762.277
777.973
781.313
769.449
738.522
688.146
620.662
541.34
456.949
373.247
295.606
227.452
168.781
119.033
77.3886
41.1463
8.79607
-21.288
-50.0925
-78.829
-107.698
-137.471
-167.911
-197.513
-221.24
-236.466
-246.116
-251.737
-253.553
-251.604
-245.963
-237.173
-225.682
-211.701
-195.366
-176.258
-153.892
-118.555
-75.9605
697.074
664.349
619.213
561.346
492.089
411.454
321.942
226.869
129.019
31.5259
-62.4288
-150.52
-230.732
-301.387
-360.991
-408.148
-441.108
-458.475
-459.768
-445.151
-418.407
-391.191
-388.704
-406.891
-420.183
-446.798
-492.985
-496.184
-422.496
-288.249
-130.088
-41.6221
-90.1166
-220.502
-310.65
-239.553
-28.9368
192.224
300.189
719.933
733.254
736.693
727.847
703.584
662.781
606.255
537.585
461.859
384.112
309.081
240.616
180.317
128.276
83.9519
45.7263
11.9558
-18.8637
-47.9302
-76.4086
-104.838
-133.788
-163.107
-191.49
-215.047
-231.089
-241.384
-247.54
-249.83
-248.314
-243.063
-234.603
-223.376
-209.6
-193.398
-174.337
-152.063
-116.464
-74.4654
654.902
627.239
589.052
540.168
481.785
413.222
336.41
253.745
167.257
79.5561
-6.71803
-89.3755
-166.334
-235.766
-295.911
-345.208
-381.935
-405.237
-414.556
-410.279
-395.97
-380.248
-379.284
-394.104
-411.376
-442.133
-488.322
-491.437
-418.909
-286.385
-128.558
-38.9037
-90.0518
-225.306
-314.536
-241.652
-33.0969
187.295
289.686
674.369
685.947
689.563
683.105
663.956
631.024
584.666
527.607
463.613
396.395
329.805
267.113
209.954
158.847
113.708
73.721
37.763
4.69764
-26.5122
-56.8375
-86.8275
-116.875
-146.835
-175.557
-199.911
-217.41
-229.164
-236.715
-240.35
-240.112
-236.065
-228.698
-218.435
-205.486
-189.95
-171.414
-149.551
-114.217
-73.1773
613.015
589.054
555.855
513.302
462.589
402.613
334.867
261.246
183.176
102.869
22.5685
-55.7089
-129.878
-198.015
-258.291
-309.003
-348.521
-375.491
-389.305
-390.116
-380.95
-369.682
-369.304
-381.678
-398.699
-429.308
-473.418
-477.746
-408.236
-279.619
-124.904
-35.9206
-89.8261
-231.402
-319.651
-244.034
-37.7559
182.352
279.579
629.985
640.283
644.063
639.452
624.224
597.24
558.502
510.093
454.909
395.701
335.572
277.324
222.569
172.179
126.512
85.3438
47.9956
13.6298
-18.6412
-49.6518
-79.97
-109.928
-139.42
-167.495
-191.722
-209.887
-222.52
-230.844
-235.207
-235.641
-232.223
-225.411
-215.612
-203.037
-187.782
-169.454
-147.734
-112.659
-72.419
572.956
551.864
522.634
485.241
440.917
388.323
328.725
263.651
194.068
121.803
48.6845
-23.5782
-93.0716
-157.961
-216.468
-266.866
-307.48
-337.034
-355.107
-362.067
-360.255
-355.548
-357.908
-369.912
-386.015
-412.368
-449.203
-453.264
-390.422
-269.488
-120.294
-33.5406
-90.2345
-238.021
-325.003
-246.523
-42.83
176.932
268.714
588.038
597.411
601.336
598.11
585.883
563.537
530.887
489.632
442.124
390.429
337.047
284.337
233.693
186.029
141.879
101.279
63.8605
29.0585
-3.80389
-35.3847
-66.1639
-96.3942
-125.959
-154.022
-178.601
-197.739
-211.516
-220.924
-226.348
-227.846
-225.468
-219.621
-210.679
-198.851
-184.215
-166.406
-145.065
-110.631
-71.3492
535.466
516.612
490.528
457.224
417.966
371.317
318.351
260.362
197.968
132.689
66.0013
-0.695338
-65.6925
-127.316
-183.88
-233.675
-275.084
-306.822
-328.222
-339.462
-342.522
-342.233
-346.428
-358.211
-373.741
-395.885
-423.91
-424.735
-368.59
-257.923
-116.452
-33.3602
-92.3809
-244.694
-329.922
-248.924
-48.1231
170.619
256.308
549.078
557.73
561.76
559.606
549.712
531.008
503.195
467.685
426.448
381.058
333.538
285.866
239.179
194.311
151.866
112.044
74.7309
39.6481
6.35206
-25.6292
-56.6703
-86.9572
-116.372
-144.203
-168.858
-188.629
-203.286
-213.583
-219.854
-222.17
-220.566
-215.415
-207.077
-195.765
-181.545
-164.085
-142.994
-109.211
-70.9271
500.697
483.629
460.104
430.147
395.059
353.357
306.014
254.15
198.149
139.272
78.7238
17.6199
-42.5782
-100.389
-154.261
-202.589
-243.825
-276.673
-300.524
-315.558
-323.273
-327.411
-333.855
-345.762
-360.973
-380.2
-401.008
-398.122
-347.323
-246.891
-114.606
-36.3215
-97.2592
-251.335
-333.553
-250.85
-53.4175
163.32
242.091
513.116
521.185
525.283
523.961
515.902
500.099
476.182
445.37
409.354
369.373
327.096
284.193
241.565
199.921
159.843
121.587
85.2012
50.5942
17.5031
-14.3915
-45.3637
-75.5339
-104.772
-132.445
-157.214
-177.575
-193.099
-204.288
-211.461
-214.698
-214.02
-209.745
-202.204
-191.6
-177.977
-161.039
-140.336
-107.477
-70.354
468.551
452.972
431.561
404.384
372.739
335.179
292.572
245.923
195.456
142.231
87.2233
31.3025
-24.2948
-78.2874
-129.301
-175.857
-216.506
-250.023
-275.68
-293.572
-304.79
-312.321
-320.67
-332.695
-347.428
-364.477
-380.18
-374.546
-328.076
-237.321
-115.493
-42.9959
-104.838
-257.425
-335.351
-251.772
-58.5465
155.354
226.536
480.001
487.58
491.71
491.051
484.448
470.978
450.237
423.281
391.6
356.203
318.481
279.864
241.048
202.608
165.054
128.637
93.4863
59.6404
26.9746
-4.68053
-35.4857
-65.4835
-94.5217
-122.021
-146.848
-167.68
-183.962
-195.982
-203.998
-208.086
-208.242
-204.741
-197.894
-187.903
-174.794
-158.314
-137.973
-106.101
-70.1745
438.9
424.553
404.927
380.095
351.362
317.296
278.728
236.578
190.937
142.726
92.7319
41.6271
-9.54801
-59.7246
-107.7
-152.139
-191.727
-225.305
-252.105
-272.188
-286.304
-296.722
-306.842
-319.106
-333.237
-348.391
-360.322
-353.002
-310.719
-229.062
-118.32
-52.3741
-114.439
-262.347
-334.377
-250.842
-63.1374
147.062
209.145
449.519
456.664
460.81
460.663
455.234
443.665
425.535
401.775
373.721
342.218
308.455
273.672
238.407
203.102
168.189
133.876
100.319
67.6189
35.758
4.67501
-25.6884
-55.3116
-84.0132
-111.263
-136.061
-157.238
-174.161
-186.935
-195.746
-200.668
-201.683
-199.014
-192.938
-183.646
-171.142
-155.22
-135.328
-104.613
-70.0249
411.529
398.247
380.146
357.321
331.06
300
264.904
226.621
185.196
141.408
95.9018
49.1889
2.13864
-44.3609
-89.2812
-131.454
-169.692
-202.93
-230.368
-251.995
-268.29
-280.954
-292.551
-305.092
-318.594
-332.002
-341.011
-332.603
-294.206
-221.327
-122.267
-63.2588
-124.162
-264.734
-329.812
-247.03
-66.5108
139.04
190.046
421.429
428.199
432.32
432.591
428.111
418.099
402.138
381.047
356.045
327.857
297.52
266.13
234.1
201.759
169.46
137.353
105.571
74.2461
43.4221
13.1207
-16.6368
-45.7661
-74.064
-101.028
-125.754
-147.191
-164.671
-178.146
-187.723
-193.454
-195.298
-193.428
-188.092
-179.471
-167.553
-152.177
-132.763
-103.271
-70.0553
386.241
373.884
357.116
336.031
311.916
283.442
251.355
216.454
178.709
138.828
97.3342
54.6137
11.3883
-31.6166
-73.5307
-113.34
-149.999
-182.538
-210.167
-232.784
-250.691
-265.105
-277.928
-290.732
-303.645
-315.507
-322.189
-313.072
-278.42
-213.863
-126.098
-73.7876
-132.263
-263.359
-320.377
-239.081
-67.6961
131.75
169.077
395.524
401.943
406.027
406.613
402.912
394.195
380.04
361.195
338.777
313.426
286.057
257.656
228.545
198.968
169.198
139.323
109.439
79.6762
50.1052
20.8009
-8.15513
-36.6299
-64.4058
-90.9943
-115.561
-137.142
-155.06
-169.145
-179.421
-185.912
-188.565
-187.495
-182.921
-175.005
-163.723
-148.954
-130.081
-101.911
-70.1834
362.86
351.322
335.72
316.167
293.913
267.713
238.256
206.3
171.801
135.371
97.4582
58.3463
18.6343
-21.0882
-60.1
-97.5312
-132.471
-164.044
-191.501
-214.644
-233.652
-249.349
-263.112
-276.119
-288.476
-299.002
-303.905
-294.417
-263.025
-206.351
-129.51
-83.3682
-137.016
-256.686
-305.542
-225.905
-65.364
126.273
147.577
371.581
377.69
381.704
382.543
379.478
371.834
359.205
342.264
322.048
299.131
274.339
248.567
222.077
195.039
167.662
139.975
112.032
83.9429
55.7797
27.6354
-0.366599
-28.0619
-55.2155
-81.3532
-105.687
-127.321
-145.578
-160.198
-171.123
-178.338
-181.772
-181.487
-177.665
-170.453
-159.813
-145.661
-127.385
-100.583
-70.3725
341.208
330.399
315.841
297.64
277.041
252.831
225.691
196.342
164.699
131.331
96.6169
60.7607
24.2611
-12.4063
-48.6521
-83.7395
-116.874
-147.283
-174.267
-197.546
-217.217
-233.795
-248.228
-261.354
-273.197
-282.605
-286.169
-276.701
-248.313
-198.837
-131.938
-91.1418
-138.41
-244.648
-285.151
-207.034
-58.4296
123.427
127.449
349.423
355.236
359.176
360.195
357.656
350.918
339.577
324.258
305.929
285.113
262.563
239.106
214.957
190.233
165.093
139.513
113.506
87.1474
60.4952
33.6414
6.72716
-20.0652
-46.4907
-72.0888
-96.103
-117.687
-136.174
-151.235
-162.739
-170.624
-174.803
-175.286
-172.217
-165.723
-155.754
-142.266
-124.638
-99.2546
-70.643
321.131
310.984
297.358
280.374
261.234
238.808
213.723
186.67
157.572
126.932
95.0801
62.1603
28.5878
-5.25831
-38.8937
-71.6987
-102.994
-132.099
-158.375
-181.474
-201.434
-218.527
-233.372
-246.513
-257.879
-266.348
-268.943
-259.801
-234.136
-191.032
-133.525
-97.3763
-136.554
-227.596
-260.259
-183.327
-46.3339
124.334
111.885
328.881
334.416
338.257
339.423
337.31
331.327
321.092
307.165
290.463
271.468
250.876
229.459
207.397
184.772
161.701
138.121
114.003
89.3844
64.2979
38.8254
13.1039
-12.677
-38.2771
-63.2496
-86.8622
-108.3
-126.915
-142.327
-154.339
-162.841
-167.727
-168.957
-166.632
-160.856
-151.571
-138.763
-121.847
-97.8989
-70.9019
302.483
292.935
280.161
264.273
246.457
225.61
202.363
177.374
150.537
122.335
93.0488
62.7776
31.869
0.625088
-30.5635
-61.1756
-90.6361
-118.348
-143.736
-166.403
-186.342
-203.646
-218.674
-231.728
-242.647
-250.354
-252.26
-243.674
-220.704
-183.1
-133.898
-101.837
-132.842
-207.814
-232.176
-156.818
-29.7224
129.267
102.772
309.809
315.073
318.813
320.072
318.314
312.975
303.68
290.956
275.665
258.258
239.383
219.766
199.566
178.838
157.668
135.962
113.655
90.7521
67.2522
43.2167
18.7666
-5.91739
-30.6052
-54.868
-77.9919
-99.1896
-117.83
-133.499
-145.943
-155.003
-160.549
-162.501
-160.91
-155.856
-147.277
-135.187
-119.025
-96.5304
-71.1936
285.142
276.149
264.147
249.262
232.626
213.22
191.625
168.472
143.674
117.659
90.6803
62.8046
34.3211
5.46937
-23.4362
-51.9608
-79.6166
-105.886
-130.25
-152.289
-171.946
-189.2
-204.205
-217.07
-227.55
-234.632
-236.079
-228.167
-207.766
-174.961
-133.182
-104.895
-127.79
-186.93
-203.189
-129.646
-9.58293
138.566
101.932
292.069
297.081
300.698
302.029
300.557
295.758
287.281
275.6
261.537
245.52
228.157
210.134
191.597
172.579
153.148
133.182
112.595
91.3543
69.432
46.8578
23.732
0.21278
-23.4876
-46.9641
-69.5185
-90.3851
-108.951
-124.781
-137.576
-147.131
-153.286
-155.927
-155.054
-150.719
-142.853
-131.497
-116.149
-95.0971
-71.4132
268.992
260.507
249.224
235.249
219.702
201.587
181.488
160.007
137.037
112.994
88.0998
62.391
36.1148
9.45732
-17.3261
-43.8735
-69.7767
-94.583
-117.829
-139.096
-158.269
-175.26
-190.069
-202.653
-212.703
-219.283
-220.461
-213.296
-195.382
-166.838
-131.258
-106.357
-122.372
-166.984
-174.793
-103.343
12.3252
151.491
109.003
275.545
280.31
283.808
285.17
283.936
279.604
271.826
261.057
248.072
233.278
217.251
200.645
183.591
166.115
148.266
129.911
110.937
91.2891
70.9092
49.7959
28.0198
5.71326
-16.9387
-39.5599
-61.4696
-81.9202
-100.317
-116.216
-129.279
-139.261
-145.971
-149.267
-149.093
-145.474
-138.34
-127.745
-113.245
-93.6293
-71.6032
253.929
245.925
235.299
222.17
207.604
190.685
171.945
151.965
130.662
108.405
85.3973
61.6563
37.3909
12.7503
-12.0634
-36.7475
-60.96
-84.3076
-106.375
-126.759
-145.291
-161.843
-176.31
-188.527
-198.143
-204.303
-205.356
-198.963
-183.317
-158.596
-128.334
-106.386
-116.295
-148.066
-148.142
-78.6119
34.3733
167.33
123.105
260.13
264.66
268.026
269.409
268.363
264.423
257.261
247.29
235.254
221.543
206.701
191.357
175.631
159.544
143.133
126.258
108.789
90.6514
71.7598
52.0854
31.6638
10.5976
-10.9619
-32.6662
-53.8597
-73.8133
-91.9516
-107.827
-121.074
-131.41
-138.616
-142.522
-143.022
-140.107
-133.707
-123.883
-110.281
-92.0684
-71.6623
239.863
232.305
222.296
209.945
196.297
180.456
162.961
144.367
124.569
103.935
82.6425
60.6918
38.2653
15.4777
-7.51013
-30.4456
-53.0399
-74.9543
-95.8135
-115.239
-133.016
-148.998
-163.003
-174.787
-183.968
-189.778
-190.813
-185.206
-171.643
-150.343
-124.467
-104.955
-109.9
-130.696
-123.45
-55.7697
54.6839
184.469
141.749
245.731
250.032
253.272
254.643
253.753
250.156
243.524
234.258
223.064
210.314
196.53
182.312
167.78
152.945
137.84
122.321
106.249
89.5306
72.0616
53.7831
34.7017
14.8861
-5.54901
-26.29
-46.7084
-66.0933
-83.8898
-99.6535
-113.002
-123.621
-131.261
-135.733
-136.88
-134.661
-129.003
-119.975
-107.281
-90.4517
-71.6355
226.716
219.58
210.142
198.519
185.705
170.875
154.522
137.18
118.77
99.6158
79.8856
59.5689
38.8229
17.7389
-3.55583
-24.8518
-45.9037
-66.4182
-86.0581
-104.472
-121.412
-136.722
-150.169
-161.461
-170.2
-175.701
-176.78
-171.944
-160.219
-141.915
-119.762
-102.174
-102.734
-114.144
-100.762
-34.674
72.7161
201.593
162.816
232.267
236.349
239.448
240.805
240.036
236.726
230.567
221.925
211.479
199.588
186.751
173.543
160.082
146.377
132.46
118.18
103.399
88.0078
71.8862
54.9495
37.1789
18.6069
-0.685549
-20.429
-40.0206
-58.7725
-76.1493
-91.7179
-105.083
-115.909
-123.919
-128.902
-130.66
-129.117
-124.194
-115.965
-104.214
-88.719
-71.4276
214.411
207.669
198.772
187.824
175.798
161.886
146.587
130.413
113.264
95.4645
77.1639
58.3407
39.1363
19.6209
-0.106027
-19.8657
-39.4538
-58.6137
-77.0442
-94.4206
-110.471
-125.037
-137.859
-148.613
-156.908
-162.135
-163.297
-159.2
-149.123
-133.408
-114.303
-98.176
-95.1228
-98.6843
-79.8043
-15.1955
88.6846
217.237
183.645
219.661
223.529
226.494
227.812
227.144
224.088
218.338
210.252
200.475
189.355
177.368
165.07
152.575
139.894
127.053
113.909
100.314
86.1568
71.3003
55.6447
39.1422
21.7941
3.64318
-15.0801
-33.8051
-51.8683
-68.7581
-84.0543
-97.3591
-108.319
-116.635
-122.074
-124.408
-123.523
-119.336
-111.918
-101.104
-86.9084
-71.082
202.882
196.518
188.124
177.813
166.507
153.464
139.141
124.027
108.048
91.4936
74.5026
57.0512
39.2633
21.1937
2.92129
-15.4027
-33.6048
-51.4623
-68.7043
-85.0324
-100.161
-113.932
-126.077
-136.259
-144.102
-149.067
-150.323
-146.906
-138.256
-124.718
-108.121
-93.0818
-86.8444
-83.7955
-60.5427
2.77686
103.17
230.872
202.63
207.846
211.51
214.331
215.612
215.019
212.176
206.796
199.206
190.03
179.604
168.384
156.908
145.286
133.531
121.669
109.56
97.056
84.0397
70.3665
55.9242
40.6394
24.484
7.4638
-10.2277
-28.0571
-45.3851
-61.7267
-76.6795
-89.8475
-100.866
-109.42
-115.254
-118.12
-117.863
-114.394
-107.78
-97.9216
-84.9639
-70.5184
192.071
186.06
178.145
168.43
157.809
145.559
132.142
118.024
103.115
87.7048
71.9191
55.7287
39.2455
22.5119
5.58971
-11.3926
-28.2869
-44.8975
-60.982
-76.2681
-90.464
-103.414
-114.849
-124.438
-131.824
-136.54
-137.885
-135.078
-127.673
-115.961
-101.351
-87.1009
-78.283
-69.8249
-42.9044
19.1141
115.804
242.068
218.76
196.762
200.227
202.913
204.137
203.606
200.952
195.893
188.749
180.117
170.319
159.796
149.063
138.233
127.32
116.349
105.183
93.6793
81.7143
69.1453
55.8444
41.7208
26.717
10.8067
-5.85616
-22.7719
-39.3319
-55.0753
-69.6217
-82.5835
-93.592
-102.318
-108.489
-111.844
-112.188
-109.427
-103.615
-94.6897
-82.9268
-69.787
181.924
176.253
168.786
159.634
149.642
138.148
125.574
112.364
98.4553
84.1018
69.4269
54.3994
39.1197
23.6208
7.95235
-7.7763
-23.4377
-38.86
-53.8257
-68.0859
-81.3522
-93.4675
-104.174
-113.153
-120.077
-124.542
-125.953
-123.67
-117.31
-107.085
-94.0489
-80.368
-69.3613
-56.5028
-26.8583
33.8849
126.683
250.964
232.434
186.354
189.629
192.172
193.345
192.855
190.359
185.594
178.853
170.713
161.487
151.597
141.541
131.432
121.284
111.124
100.82
90.2261
79.2309
67.6862
55.4558
42.431
28.5302
13.6998
-1.94342
-17.938
-33.7033
-48.807
-62.891
-75.5811
-86.5103
-95.3416
-101.787
-105.577
-106.485
-104.402
-99.3751
-91.3808
-80.7461
-68.8204
172.392
167.038
160.002
151.377
141.987
131.187
119.399
107.049
94.056
80.6806
67.0325
53.0793
38.9126
24.5569
10.0533
-4.50423
-19.006
-33.3004
-47.1911
-60.4522
-72.8062
-84.0894
-94.0621
-102.426
-108.886
-113.095
-114.546
-112.697
-107.214
-98.2044
-86.3853
-73.1087
-60.3985
-44.1462
-12.3921
46.9763
135.606
257.047
243.045
176.573
179.662
182.072
183.176
182.721
180.368
175.859
169.484
161.794
153.09
143.778
134.342
124.89
115.44
106.02
96.4961
86.7388
76.6351
66.0398
54.8081
42.8169
29.9671
16.1775
1.53197
-13.5431
-28.4988
-42.9321
-56.5082
-68.8699
-79.6573
-88.5311
-95.1909
-99.3677
-100.802
-99.377
-95.1197
-88.022
-78.4641
-67.6715
163.43
158.384
151.75
143.626
134.792
124.656
113.602
102.039
89.9069
77.4386
64.7404
51.7819
38.6449
25.3501
11.9288
-1.53584
-14.9486
-28.1745
-41.0379
-53.3322
-64.7961
-75.2596
-84.5035
-92.2537
-98.2477
-102.191
-103.643
-102.137
-97.3598
-89.3154
-78.4356
-65.4648
-51.406
-32.5667
0.524951
58.357
142.695
260.195
249.493
167.372
170.284
172.555
173.599
173.162
170.93
166.658
160.616
153.337
145.112
136.332
127.463
118.613
109.804
101.053
92.2473
83.254
73.9723
64.2508
53.945
42.9209
31.0653
18.273
4.59957
-9.56639
-23.7066
-37.4465
-50.4755
-62.4576
-73.0439
-81.8976
-88.7106
-93.215
-95.131
-94.3243
-90.807
-84.5874
-76.0383
-66.2882
154.998
150.24
143.992
136.34
128.04
118.513
108.149
97.3326
85.9938
74.3679
62.552
50.5149
38.3336
26.0224
13.6084
1.16351
-11.228
-23.4461
-35.3324
-46.6976
-57.3016
-66.967
-75.4971
-82.6413
-88.1705
-91.8365
-93.2544
-92.0085
-87.7965
-80.5266
-70.3737
-57.6449
-42.6491
-21.9844
11.841
67.7792
147.572
260.24
251.069
158.712
161.452
163.594
164.563
164.143
162.02
157.956
152.219
145.319
137.536
129.245
120.899
112.606
104.378
96.2465
88.0919
79.8027
71.2722
62.3569
52.9052
42.7819
31.8619
20.0209
7.28467
-5.99057
-19.3179
-32.3507
-44.8047
-56.3651
-66.6992
-75.4764
-82.3889
-87.166
-89.5192
-89.2982
-86.4913
-81.1076
-73.5135
-64.7279
147.059
142.58
136.693
129.492
121.684
112.745
103.026
92.8958
82.3057
71.4633
60.467
49.2858
37.9908
26.5942
15.1164
3.62257
-7.81312
-19.0829
-30.0439
-40.5225
-50.2982
-59.1939
-67.0296
-73.5824
-78.6508
-82.0262
-83.3726
-82.3081
-78.5326
-71.8698
-62.2925
-49.7891
-34.1788
-12.315
21.5642
75.1601
149.971
257.027
247.975
150.555
153.131
155.139
156.044
155.626
153.595
149.727
144.271
137.72
130.345
122.508
114.645
106.861
99.1728
91.6031
84.0507
76.4062
68.5668
60.3892
51.7242
42.4378
32.3925
21.4508
9.61458
-2.79286
-15.3161
-27.6347
-39.4914
-50.5946
-60.6291
-69.2758
-76.23
-81.221
-83.9599
-84.2776
-82.1403
-77.5593
-70.8542
-62.9518
139.579
135.361
129.823
123.044
115.712
107.313
98.2012
88.7261
78.8271
68.7164
58.4828
48.0974
37.6266
27.079
16.4725
5.8648
-4.67748
-15.0571
-25.1457
-34.7835
-43.7697
-51.9281
-59.0962
-65.073
-69.6867
-72.7636
-74.007
-73.0596
-69.6189
-63.4448
-54.3437
-42.0806
-26.1929
-3.7627
29.6479
80.4085
149.514
249.976
239.996
142.867
145.283
147.168
147.997
147.582
145.636
141.941
136.744
130.517
123.522
116.106
108.691
101.379
94.1847
87.1358
80.1364
73.0829
65.8756
58.3726
50.4345
41.9211
32.6896
22.5946
11.6176
0.0502574
-11.6835
-23.2901
-34.538
-45.1577
-54.8548
-63.3243
-70.2703
-75.4229
-78.499
-79.3126
-77.8037
-73.9767
-68.1062
-61.019
132.527
128.562
123.35
116.975
110.082
102.205
93.6626
84.7909
75.5463
66.1185
56.5956
46.9508
37.2459
27.4882
17.6919
7.90978
-1.79885
-11.3458
-20.6141
-29.4582
-37.6948
-45.1524
-51.6822
-57.1046
-61.274
-64.0465
-65.1597
-64.2758
-61.0855
-55.3032
-46.6183
-34.6442
-18.7538
3.6922
36.1149
83.6303
146.302
238.694
226.978
135.615
137.88
139.638
140.402
139.98
138.106
134.575
129.618
123.693
117.051
110.027
103.028
96.1527
89.418
82.8477
76.3561
69.8445
63.2146
56.3345
49.0641
41.2596
32.7836
23.4826
13.3223
2.56452
-8.39967
-19.3028
-29.9349
-40.0508
-49.3769
-57.6261
-64.5131
-69.7719
-73.131
-74.3867
-73.4574
-70.3396
-65.2416
-58.9014
125.873
122.145
117.249
111.254
104.785
97.3876
89.3835
81.0877
72.4485
63.6589
54.7992
45.8446
36.8527
27.8296
18.7867
9.77261
0.841125
-7.92798
-16.4283
-24.5271
-32.0568
-38.853
-44.7772
-49.6694
-53.4082
-55.8772
-56.8413
-55.981
-52.9818
-47.5311
-39.2407
-27.6237
-12.0051
9.95322
40.9448
84.8573
140.545
223.26
209.17
128.772
130.89
132.533
133.22
132.794
130.988
127.602
122.869
117.225
110.913
104.256
97.6451
91.1776
84.865
78.7387
72.7147
66.7001
60.6018
54.2927
47.6302
40.4811
32.7051
24.1479
14.7613
4.77646
-5.44467
-15.6586
-25.6773
-35.2776
-44.2088
-52.2018
-58.9868
-64.3039
-67.8957
-69.5448
-69.1464
-66.684
-62.3061
-56.6564
119.594
116.095
111.492
105.861
99.7841
92.8511
85.3515
77.5871
69.5231
61.3301
53.0893
44.7775
36.4493
28.1089
19.7667
11.4668
3.25834
-4.78627
-12.5703
-19.9717
-26.8386
-33.0133
-38.3676
-42.7581
-46.0852
-48.2561
-49.0598
-48.1945
-45.3453
-40.1842
-32.2905
-21.1141
-5.99831
15.0749
44.2
84.2114
132.702
204.499
187.868
122.31
124.29
125.813
126.437
125.998
124.249
121.005
116.48
111.1
105.097
98.7825
92.5343
86.4432
80.526
74.8074
69.2147
63.6568
58.0468
52.2585
46.1572
39.6101
32.4806
24.6191
15.9596
6.70901
-2.79874
-12.3418
-21.7529
-30.8306
-39.3461
-47.0513
-53.6927
-59.0188
-62.7892
-64.7753
-64.8545
-62.9951
-59.2798
-54.2656
113.662
110.377
106.059
100.769
95.0719
88.5656
81.5426
74.2869
66.755
59.1209
51.4585
43.7463
36.0358
28.3303
20.6388
13.0024
5.4653
-1.90638
-9.02377
-15.7761
-22.0243
-27.6195
-32.4416
-36.3611
-39.299
-41.1834
-41.8249
-40.9398
-38.2195
-33.3329
-25.8572
-15.2163
-0.807454
19.0311
45.9638
81.8184
123.093
183.409
164.579
116.206
118.051
119.467
120.018
119.57
117.877
114.757
110.429
105.297
99.5853
93.593
87.6832
81.9466
76.393
71.0539
65.8586
60.7218
55.5596
50.2497
44.6625
38.6669
32.1407
24.9221
16.9417
8.38418
-0.441475
-9.33536
-18.1499
-26.7048
-34.7931
-42.1872
-48.651
-53.9458
-57.8451
-60.1174
-60.6218
-59.3102
-56.2074
-51.7843
108.056
104.979
100.926
95.9623
90.6153
84.5231
77.9468
71.1603
64.1338
57.0227
49.8999
42.7469
35.6112
28.4958
21.4087
14.3874
7.47283
0.72517
-5.77446
-11.9247
-17.5989
-22.657
-26.9864
-30.4693
-33.0447
-34.6598
-35.1454
-34.2373
-31.6394
-27.0267
-19.9982
-9.99042
3.54931
21.8858
46.3536
77.9828
112.206
161.119
141.052
110.435
112.154
113.46
113.951
113.487
111.841
108.845
104.701
99.8026
94.3655
88.6759
83.0853
77.6787
72.4625
67.4779
62.6472
57.9024
53.1475
48.2809
43.159
37.6806
31.7015
25.0784
17.73
9.82414
1.64721
-6.62166
-14.8537
-22.8896
-30.5424
-37.6048
-43.8598
-49.083
-53.06
-55.5633
-56.4385
-55.62
-53.0765
-49.2
102.755
99.8718
96.0748
91.4181
86.4102
80.6972
74.544
68.2061
61.6469
55.0249
48.4068
41.7745
35.1733
28.6058
22.0792
15.6277
9.2891
3.11844
-2.81021
-8.40466
-13.5494
-18.1134
-21.9906
-25.0729
-27.3156
-28.6836
-29.028
-28.1042
-25.6358
-21.3127
-14.7668
-5.48257
7.04504
23.6955
45.4845
72.9666
100.512
138.456
118.313
104.979
106.575
107.783
108.205
107.731
106.133
103.246
99.2769
94.5994
89.4213
84.0186
78.729
73.6266
68.7336
64.0679
59.5879
55.192
50.8246
46.3507
41.6708
36.6529
31.1825
25.1086
18.3465
11.0524
3.48951
-4.18143
-11.8498
-19.375
-26.59
-33.3079
-39.3305
-44.4489
-48.46
-51.1462
-52.3404
-51.9604
-49.929
-46.5633
97.7423
95.0454
91.4863
87.1223
82.4264
77.0817
71.3246
65.3995
59.2849
53.12
46.9723
40.8249
34.7203
28.6609
22.6527
16.728
10.9208
5.28227
-0.120927
-5.20442
-9.86328
-13.9754
-17.4412
-20.161
-22.1048
-23.2528
-23.4768
-22.5534
-20.2298
-16.2191
-10.1914
-1.70457
9.6938
24.5626
43.5334
67.004
88.6547
116.272
97.1394
99.8161
101.298
102.405
102.772
102.281
100.723
97.9477
94.1433
89.675
84.7422
79.61
74.6008
69.7908
65.1889
60.8335
56.6639
52.6044
48.5774
44.478
40.1905
35.6034
30.5996
25.0278
18.8121
12.0887
5.10355
-1.99869
-9.12335
-16.1489
-22.9268
-29.2904
-35.0592
-40.041
-44.0437
-46.8625
-48.3235
-48.3278
-46.7595
-43.8683
92.9963
90.4737
87.1451
83.0551
78.6613
73.6535
68.27
62.7408
57.036
51.2987
45.5893
39.8925
34.2487
28.6596
23.1304
17.6915
12.3737
7.22393
2.30268
-2.3131
-6.52886
-10.2318
-13.3274
-15.7234
-17.4027
-18.3612
-18.4908
-17.5899
-15.4318
-11.7605
-6.2863
1.35029
11.5271
24.5769
40.7207
60.2556
76.9616
95.1223
77.4187
94.93
96.3012
97.3196
97.6227
97.1222
95.6072
92.929
89.2817
85.0125
80.3124
75.4362
70.694
66.1535
61.8303
57.7598
53.8827
50.1266
46.418
42.6561
38.7319
34.5394
29.9595
24.8571
19.1454
12.9522
6.5085
-0.0540856
-6.65717
-13.1969
-19.5436
-25.5489
-31.0497
-35.8701
-39.8301
-42.7385
-44.4177
-44.7554
-43.6059
-41.1592
88.5036
86.1489
83.0331
79.2048
75.0886
70.4078
65.3737
60.2079
54.8924
49.5537
44.2519
38.9735
33.7564
28.6012
23.5138
18.5212
13.6528
8.95013
4.46924
0.278627
-3.53532
-6.87046
-9.6361
-11.7479
-13.1991
-14.001
-14.0645
-13.2116
-11.2422
-7.93517
-3.04373
3.70993
12.6121
23.8414
37.2696
52.9805
65.5925
75.6415
59.0481
90.3029
91.5712
92.4981
92.7521
92.2361
90.7568
88.1793
84.6815
80.6017
76.1225
71.4885
66.9959
62.713
58.6494
54.8435
51.2371
47.7606
44.3437
40.8914
37.3011
33.4674
29.2838
24.6104
19.3627
13.6608
7.72435
1.6714
-4.43382
-10.5048
-16.4294
-22.0757
-27.2972
-31.9338
-35.8179
-38.7733
-40.6227
-41.2436
-40.4685
-38.4339
84.2466
82.0482
79.1383
75.5548
71.7073
67.324
62.6203
57.8018
52.8444
47.8771
42.9543
38.0638
33.2406
28.486
23.8041
19.2212
14.7631
10.4687
6.38741
2.58184
-0.871319
-3.87876
-6.35523
-8.2212
-9.48079
-10.1585
-10.1854
-9.40669
-7.64886
-4.72733
-0.440563
5.41652
13.0309
22.4671
33.3675
45.4631
54.51
58.1038
41.9246
85.9206
87.09
87.9373
88.1333
87.6091
86.1692
83.6799
80.3251
76.426
72.1572
67.7535
63.4997
59.4559
55.6381
52.0786
48.7227
45.504
42.3559
39.1882
35.9025
32.401
28.5781
24.2979
19.4786
14.2355
8.77224
3.20001
-2.43315
-8.05607
-13.5715
-18.8628
-23.7988
-28.2355
-32.0181
-34.985
-36.9622
-37.8207
-37.3795
-35.7303
80.2142
78.1656
75.4455
72.095
68.4932
64.3993
60.0035
55.5028
50.8853
46.2634
41.6922
37.1601
32.7005
28.3141
24.0046
19.7958
15.7117
11.7873
8.06736
4.60728
1.47591
-1.24334
-3.4693
-5.12745
-6.23102
-6.81726
-6.8365
-6.15646
-4.63074
-2.11014
1.56113
6.52477
12.8759
20.5805
29.165
38.0049
43.8576
42.7321
26.3258
81.7676
82.8453
83.6103
83.7632
83.2253
81.8179
79.4212
76.2033
72.4764
68.408
64.223
60.1925
56.3784
52.7888
49.4591
46.3355
43.3551
40.4539
37.5471
34.541
31.3422
27.8494
23.9315
19.511
14.6903
9.6729
4.54937
-0.64101
-5.83903
-10.9606
-15.9027
-20.5496
-24.7725
-28.4295
-31.3746
-33.4388
-34.4906
-34.3432
-33.0487
76.3899
74.4803
71.9441
68.8108
65.4468
61.6154
57.5096
53.3131
49.0067
44.706
40.4608
36.26
32.1355
28.087
24.1182
20.2504
16.5058
12.9156
9.52006
6.36784
3.52053
1.05172
-0.961255
-2.448
-3.42956
-3.95421
-3.99255
-3.43379
-2.1572
-0.0466088
3.01054
7.10092
12.2431
18.3179
24.8064
30.8241
33.8389
29.429
12.6965
77.8315
78.821
79.5153
79.6168
79.0724
77.702
75.3864
72.2994
68.7377
64.8606
60.8838
57.0678
53.4663
50.0934
46.9785
44.0708
41.3106
38.6372
35.9696
33.2189
30.2973
27.1068
23.5236
19.4677
15.0475
10.4409
5.73403
0.956737
-3.84013
-8.58406
-13.1852
-17.5429
-21.5428
-25.0571
-27.9534
-30.0699
-31.276
-31.3863
-30.4208
72.7642
70.9883
68.6204
65.6937
62.5469
58.9707
55.1345
51.2154
47.2037
43.2016
39.2575
35.3628
31.5459
27.8074
24.1491
20.5915
17.1535
13.864
10.7575
7.87796
5.27866
3.02475
1.18977
-0.160209
-1.0494
-1.54162
-1.62264
-1.20508
-0.189919
1.50904
3.96574
7.2196
11.2301
15.8104
20.4292
24.089
24.7161
18.1667
1.34594
74.0987
75.0068
75.6279
75.6923
75.1364
73.7968
71.567
68.6059
65.2016
61.5072
57.7284
54.1129
50.7163
47.5447
44.6304
41.9235
39.3673
36.9032
34.4557
31.9393
29.2709
26.3587
23.0818
19.3704
15.3154
11.0891
6.76601
2.37399
-2.04571
-6.42969
-10.7007
-14.7715
-18.5427
-21.8992
-24.7217
-26.8579
-28.182
-28.5148
-27.8485
69.3228
67.6704
65.4658
62.7317
59.7947
56.4489
52.867
49.2125
45.4705
41.7448
38.0798
34.4667
30.9328
27.4772
24.1022
20.8252
17.6639
14.643
11.7937
9.15318
6.76867
4.69669
3.00693
1.76475
0.939483
0.456513
0.310684
0.571857
1.31856
2.61218
4.49404
6.96371
9.93802
13.1838
16.1758
17.9097
16.6451
8.78098
-7.55972
70.5584
71.3885
71.9476
71.9664
71.4066
70.1023
67.9475
65.1071
61.8541
58.3342
54.7442
51.322
48.1149
45.1349
42.4083
39.8881
37.5205
35.2496
33.004
30.7026
28.2673
25.6101
22.618
19.2197
15.5027
11.6247
7.66023
3.62651
-0.43795
-4.4811
-8.43489
-12.2249
-15.7652
-18.9542
-21.6836
-23.8142
-25.2259
-25.7505
-25.3582
66.0582
64.5243
62.4684
59.917
57.1711
54.0496
50.7034
47.2899
43.8034
40.3337
36.9261
33.5721
30.2971
27.0999
23.9817
20.9587
18.0457
15.2645
12.6422
10.2106
8.01066
6.09124
4.51881
3.36107
2.57278
2.07761
1.84964
1.94439
2.42337
3.32742
4.67031
6.42112
8.46597
10.5491
12.1628
12.3722
9.70849
1.19614
-14.2954
67.1987
67.9571
68.4514
68.4388
67.8703
66.5953
64.5209
61.7965
58.688
55.3348
51.9246
48.6828
45.6588
42.8566
40.3055
37.9591
35.7659
33.673
31.613
29.509
27.2874
24.8642
22.1322
19.0231
15.6153
12.0629
8.42879
4.73139
0.997267
-2.72426
-6.37581
-9.8938
-13.2037
-16.2182
-18.8387
-20.9415
-22.414
-23.1008
-22.9531
62.9572
61.5322
59.621
57.2392
54.6779
51.7584
48.634
45.4507
42.1967
38.9648
35.7946
32.6788
29.6405
26.6786
23.7932
20.999
18.3084
15.7406
13.3182
11.0685
9.02671
7.23401
5.76019
4.65703
3.88894
3.36029
3.03923
2.96536
3.18653
3.72541
4.57448
5.68048
6.91195
8.00766
8.49305
7.53108
3.90807
-4.78212
-19.0339
64.0104
64.7001
65.1403
65.0885
64.5183
63.2776
61.2727
58.6599
55.6904
52.4964
49.2575
46.19
43.335
40.7025
38.3155
36.1307
34.0991
32.1704
30.281
28.3579
26.3317
24.1229
21.6292
18.7841
15.6631
12.4088
9.08367
5.69629
2.27391
-1.14643
-4.51007
-7.76519
-10.8489
-13.6859
-16.1881
-18.2471
-19.7586
-20.5826
-20.655
60.0134
58.6932
56.9128
54.6918
52.2983
49.5753
46.6562
43.6819
40.6483
37.636
34.6846
31.7871
28.9653
26.2169
23.5425
20.9539
18.4626
16.0839
13.8375
11.7461
9.83886
8.15528
6.75524
5.6922
4.92083
4.34685
3.92719
3.69142
3.67199
3.87727
4.28485
4.82642
5.36323
5.6423
5.23333
3.41711
-0.793611
-9.2774
-22.1994
60.9831
61.6101
61.9937
61.9162
61.3395
60.1272
58.1974
55.6917
52.8548
49.8129
46.7371
43.832
41.1408
38.6654
36.4321
34.3977
32.5158
30.7384
29.0057
27.2483
25.401
23.3876
21.1117
18.5091
15.6504
12.6726
9.63102
6.53529
3.39938
0.266243
-2.82595
-5.83072
-8.69597
-11.3556
-13.7334
-15.7348
-17.2658
-18.2017
-18.4651
57.2155
55.9912
54.338
52.2661
50.0346
47.4877
44.762
41.9869
39.1537
36.3448
33.5949
30.898
28.2734
25.7194
23.2353
20.8322
18.5186
16.3081
14.2166
12.2627
10.472
8.8776
7.53689
6.49461
5.70701
5.07917
4.56373
4.17698
3.93905
3.84819
3.87065
3.93298
3.8949
3.52135
2.43505
0.0332737
-4.46152
-12.5007
-23.9242
58.109
58.6761
59.0133
58.9018
58.326
57.1465
55.2815
52.8787
50.1692
47.2727
44.3523
41.6042
39.0637
36.7386
34.649
32.7547
31.0114
29.3734
27.7844
26.1787
24.4944
22.66
20.583
18.2024
15.5851
12.8607
10.0831
7.25244
4.39119
1.52287
-1.31413
-4.08371
-6.73912
-9.22476
-11.4747
-13.4088
-14.9428
-15.9692
-16.3999
54.5585
53.4259
51.8873
49.9566
47.8715
45.4963
42.9491
40.3548
37.7114
35.09
32.5258
30.0124
27.5681
25.1907
22.879
20.6426
18.4883
16.4272
14.4723
12.639
10.9474
9.42862
8.13366
7.098
6.28664
5.6012
4.99681
4.47178
4.04217
3.69377
3.39295
3.06121
2.56503
1.69136
0.118609
-2.63765
-7.17902
-14.5804
-24.5897
55.3786
55.8913
56.1793
56.0471
55.4672
54.315
52.5202
50.2161
47.628
44.8701
42.0976
39.4956
37.1015
34.9154
32.9603
31.1963
29.5811
28.0716
26.6144
25.1472
23.612
21.9405
20.0458
17.8689
15.4733
12.9833
10.4461
7.86724
5.25423
2.63325
0.0311173
-2.51732
-4.97348
-7.29023
-9.4114
-11.2706
-12.7934
-13.8882
-14.457
52.0313
50.9825
49.5556
47.7553
45.8115
43.5898
41.2105
38.7886
36.3176
33.8698
31.4768
29.1319
26.8528
24.6361
22.4808
20.3947
18.3835
16.4557
14.622
12.8943
11.2889
9.83563
8.57317
7.54164
6.69606
5.95929
5.26834
4.6252
4.02891
3.46693
2.90266
2.26176
1.41623
0.18063
-1.70947
-4.63519
-9.04182
-15.7264
-24.2886
52.7849
53.2456
53.4939
53.3332
52.756
51.6358
49.9009
47.6915
45.2199
42.5943
39.9626
37.5018
35.2421
33.189
31.3598
29.7169
28.2204
26.829
25.4926
24.1521
22.7528
21.2302
19.5021
17.5123
15.3207
13.0451
10.7317
8.37937
5.9972
3.60136
1.22025
-1.12116
-3.38763
-5.54172
-7.53661
-9.31712
-10.8176
-11.9626
-12.6486
49.6294
48.6612
47.3343
45.6571
43.8413
41.7692
39.5445
37.2791
34.971
32.684
30.4483
28.259
26.1307
24.0612
22.0479
20.0982
18.2158
16.4079
14.6823
13.0481
11.5199
10.1217
8.89066
7.8532
6.97967
6.18873
5.42621
4.68089
3.94952
3.21668
2.44943
1.57347
0.476963
-0.998283
-3.06455
-6.00768
-10.1502
-16.0527
-23.331
50.3191
50.7327
50.9386
50.7618
50.1825
49.0887
47.4191
45.3005
42.9397
40.44
37.942
35.6123
33.4832
31.553
29.8415
28.3115
26.9246
25.6419
24.4161
23.1913
21.916
20.5294
18.9536
17.1347
15.13
13.0511
10.9408
8.79752
6.62503
4.44102
2.26338
0.11888
-1.97053
-3.9701
-5.84361
-7.54398
-9.01373
-10.1918
-10.9676
47.3431
46.4481
45.2188
43.6556
41.963
40.0242
37.9454
35.8287
33.6693
31.531
29.4415
27.395
25.4059
23.4709
21.5877
19.7619
17.9967
16.2971
14.6691
13.1198
11.6602
10.3134
9.10878
8.06866
7.16735
6.33251
5.5096
4.68437
3.84882
2.98734
2.06837
1.02647
-0.234918
-1.84696
-3.96877
-6.8169
-10.6112
-15.746
-21.7901
47.975
48.3435
48.5159
48.3149
47.7401
46.6767
45.0628
43.0311
40.7764
38.3966
36.0257
33.8229
31.8134
30.0009
28.3996
26.9746
25.6893
24.5066
23.3821
22.263
21.1007
19.8379
18.4007
16.7383
14.9042
13.0049
11.0806
9.12759
7.14927
5.15752
3.17238
1.20796
-0.712482
-2.56726
-4.32291
-5.9429
-7.37514
-8.5725
-9.42286
45.1693
44.3445
43.2022
41.7463
40.1649
38.3559
36.4112
34.43
32.4114
30.411
28.4566
26.5422
24.6813
22.8701
21.1064
19.3943
17.7364
16.1359
14.5976
13.1253
11.7296
10.4326
9.25288
8.21507
7.29186
6.42458
5.55539
4.67403
3.76183
2.81247
1.78729
0.641106
-0.715887
-2.37005
-4.45861
-7.12618
-10.5212
-14.8978
-19.8998
45.7456
46.0734
46.209
45.9954
45.4199
44.3813
42.828
40.8793
38.7255
36.4596
34.209
32.1235
30.2305
28.5265
27.0284
25.7011
24.5098
23.4192
22.3875
21.3648
20.3056
19.1554
17.8446
16.3246
14.6463
12.9111
11.1564
9.3772
7.57507
5.76137
3.9502
2.15643
0.39097
-1.32359
-2.96663
-4.50524
-5.89558
-7.10136
-8.00216
43.1002
42.3388
41.2813
39.9242
38.4494
36.7561
34.9375
33.0849
31.1947
29.3228
27.4937
25.702
23.9595
22.263
20.6095
19.0029
17.444
15.9357
14.4803
13.0805
11.7483
10.4966
9.34957
8.31437
7.38365
6.49083
5.59731
4.67523
3.72154
2.71064
1.62882
0.423765
-0.953556
-2.58736
-4.57046
-7.00577
-9.98282
-13.6625
-17.6966
43.6265
43.9152
44.0222
43.7877
43.2169
42.2068
40.7042
38.8347
36.777
34.6193
32.4828
30.5107
28.7237
27.1237
25.722
24.4857
23.3817
22.376
21.4295
20.4949
19.5294
18.4816
17.2858
15.8954
14.359
12.7732
11.1728
9.55188
7.91015
6.25745
4.60677
2.96716
1.35
-0.233845
-1.76493
-3.2224
-4.5654
-5.76956
-6.71043
41.1339
40.4334
39.4507
38.1861
36.8074
35.226
33.5231
31.7876
30.0186
28.2659
26.5531
24.8753
23.2429
21.653
20.1021
18.5936
17.1275
15.7057
14.3291
13.0006
11.7282
10.5281
9.41211
8.39316
7.45907
6.56028
5.6528
4.71805
3.74081
2.70799
1.60139
0.391999
-0.963036
-2.52295
-4.35554
-6.52796
-9.08306
-12.1109
-15.3267
41.6123
41.866
41.9412
41.6962
41.1245
40.1369
38.6892
36.895
34.9279
32.8724
30.8435
28.9756
27.2917
25.7869
24.4752
23.3236
22.3003
21.3731
20.5049
19.6507
18.7707
17.8161
16.7246
15.4521
14.0447
12.5944
11.1341
9.65669
8.16062
6.65403
5.14851
3.65194
2.17
0.712483
-0.712713
-2.08607
-3.37862
-4.57273
-5.53877
39.2639
38.6179
37.7083
36.5286
35.2415
33.7596
32.1651
30.5397
28.8815
27.2393
25.6348
24.0628
22.5331
21.0425
19.5879
18.1717
16.7935
15.4542
14.154
12.8946
11.6847
10.5368
9.45952
8.46345
7.5397
6.64627
5.74362
4.81337
3.83969
2.81122
1.71607
0.536592
-0.757965
-2.207
-3.86414
-5.76001
-7.90951
-10.3529
-12.8379
39.6997
39.9199
39.9709
39.7072
39.1397
38.1772
36.7747
35.0514
33.1703
31.2114
29.2839
27.5163
25.9252
24.5112
23.2831
22.2101
21.2615
20.4066
19.6104
18.8301
18.028
17.158
16.1613
14.9958
13.7053
12.3779
11.0442
9.69672
8.33252
6.95877
5.58506
4.21812
2.86231
1.52033
0.200666
-1.09026
-2.32821
-3.50582
-4.4891
37.4887
36.8947
36.049
34.9487
33.7441
32.3579
30.8624
29.3375
27.7831
26.2432
24.7391
23.2653
21.8315
20.4341
19.0702
17.7414
16.4472
15.1875
13.9617
12.7722
11.6254
10.5343
9.5024
8.5389
7.63677
6.76141
5.87832
4.9703
4.02177
3.02273
1.96752
0.845522
-0.360398
-1.68202
-3.14817
-4.76337
-6.52842
-8.44543
-10.3202
37.8835
38.074
38.0979
37.8256
37.257
36.3138
34.9603
33.3035
31.5028
29.6347
27.8025
26.1261
24.6248
23.2929
22.142
21.1413
20.2615
19.473
18.7427
18.0299
17.299
16.5061
15.5956
14.5273
13.343
12.1265
10.9073
9.67712
8.43231
7.17867
5.92496
4.67653
3.43502
2.2034
0.98093
-0.228873
-1.41266
-2.56723
-3.55579
35.8016
35.2541
34.4709
33.4433
32.3169
31.016
29.6132
28.1823
26.7227
25.2776
23.8664
22.4843
21.1397
19.8299
18.5516
17.3061
16.0925
14.9101
13.7585
12.6383
11.5585
10.5282
9.54927
8.62729
7.75716
6.91095
6.06001
5.18928
4.28358
3.33503
2.34136
1.2992
0.198302
-0.979107
-2.24293
-3.58855
-5.00743
-6.46757
-7.81298
36.1603
36.3224
36.3266
36.0383
35.4734
34.5528
33.2389
31.6444
29.9191
28.1362
26.3935
24.8047
23.3834
22.129
21.0488
20.1141
19.2971
18.5692
17.899
17.2477
16.5816
15.8589
15.0269
14.047
12.9591
11.8433
10.7275
9.60316
8.46606
7.32136
6.17632
5.03514
3.89894
2.76618
1.63541
0.501641
-0.624504
-1.75015
-2.73607
34.2017
33.6986
32.9699
32.0099
30.9542
29.7348
28.4165
27.0716
25.7004
24.3429
23.0178
21.7208
20.4597
19.2322
18.0348
16.8689
15.7328
14.6263
13.5473
12.4983
11.4889
10.5226
9.60457
8.7307
7.90311
7.09462
6.28815
5.46555
4.61855
3.73487
2.82125
1.87315
0.893071
-0.133009
-1.198
-2.2982
-3.40024
-4.46364
-5.37474
34.5256
34.6624
34.6438
34.3486
33.7829
32.8802
31.6101
30.0741
28.4186
26.7152
25.056
23.5468
22.2026
21.0176
20.0018
19.1267
18.366
17.6926
17.0766
16.4809
15.8736
15.2147
14.4541
13.5549
12.5549
11.5305
10.5084
9.47972
8.43994
7.39321
6.34619
5.30203
4.2602
3.21824
2.17142
1.11214
0.0420356
-1.04749
-2.01903
32.6836
32.2202
31.5448
30.6467
29.6574
28.5109
27.2715
26.0062
24.7159
23.4393
22.1941
20.9761
19.7932
18.643
17.5223
16.4321
15.3712
14.3382
13.3314
12.3569
11.4164
10.5229
9.66484
8.85178
8.06938
7.31345
6.55505
5.79638
5.01277
4.21111
3.38289
2.54452
1.68517
0.817235
-0.0658074
-0.932822
-1.76394
-2.49065
-3.0335
32.9767
33.0888
33.0536
32.7437
32.1821
31.3004
30.0661
28.585
26.9949
25.3658
23.785
22.352
21.0765
19.9571
18.9998
18.1783
17.4678
16.8424
16.2744
15.7281
15.1733
14.5718
13.8761
13.0504
12.1307
11.1897
10.2527
9.31076
8.35888
7.40081
6.442
5.48508
4.52865
3.56895
2.60011
1.60964
0.599685
-0.450524
-1.40178
31.2464
30.8207
30.1916
29.3509
28.4218
27.3441
26.1765
24.9843
23.7689
22.567
21.3955
20.2507
19.1407
18.0631
17.0152
15.9976
15.009
14.0482
13.1149
12.2119
11.3469
10.5221
9.73473
8.98091
8.25902
7.55551
6.86082
6.16536
5.46026
4.73957
4.00998
3.27716
2.54766
1.82387
1.11742
0.452346
-0.138735
-0.576994
-0.823513
31.5097
31.5999
31.5449
31.2283
30.6664
29.8008
28.6053
27.1749
25.6453
24.0866
22.5794
21.2154
20.0067
18.9465
18.0426
17.2691
16.6026
16.0191
15.4925
14.989
14.4804
13.9298
13.2922
12.5332
11.6868
10.8221
9.96271
9.09968
8.22779
7.34966
6.47073
5.59278
4.71345
3.82866
2.93103
2.00808
1.05262
0.0456634
-0.878925
29.8843
29.4918
28.9075
28.1191
27.2459
26.2299
25.1288
24.0041
22.8578
21.7251
20.6215
19.5441
18.5015
17.4919
16.5126
15.5645
14.6465
13.7569
12.8953
12.0667
11.275
10.5228
9.80636
9.11932
8.4601
7.81846
7.18918
6.56521
5.93888
5.30555
4.67306
4.04904
3.44144
2.85767
2.31025
1.8267
1.44282
1.24283
1.23643
30.1219
30.1916
30.1234
29.7937
29.2359
28.3882
27.2209
25.8352
24.3603
22.8685
21.4322
20.136
18.9878
17.9847
17.1303
16.4001
15.7723
15.2245
14.7328
14.2654
13.7959
13.2894
12.703
12.0038
11.2239
10.4285
9.6401
8.84924
8.05033
7.24551
6.43918
5.63269
4.82368
4.00694
3.17514
2.31201
1.41204
0.447271
-0.445214
28.5941
28.2325
27.6866
26.946
26.1234
25.165
24.1245
23.062
21.9796
20.9112
19.8697
18.8543
17.8739
16.9271
16.012
15.1303
14.2807
13.4612
12.6725
11.9169
11.2002
10.522
9.87839
9.26074
8.66703
8.0901
7.52854
6.97761
6.43104
5.88519
5.34804
4.82952
4.33898
3.88508
3.48164
3.15834
2.95104
2.94683
3.13145
28.8078
28.8606
28.7781
28.4438
27.8875
27.052
25.9129
24.5636
23.1345
21.7052
20.3377
19.1064
18.0201
17.0713
16.2644
15.5744
14.9807
14.463
13.9996
13.5613
13.1235
12.6535
12.1109
11.464
10.7433
10.0105
9.28637
8.56145
7.82957
7.09173
6.35195
5.61114
4.86608
4.11173
3.34006
2.53458
1.68624
0.766685
-0.0902801
27.3687
27.0338
26.5249
25.8278
25.0517
24.1447
23.16
22.1541
21.1304
20.1207
19.1358
18.1776
17.2553
16.3664
15.5104
14.6911
13.9076
13.1578
12.4401
11.76
11.1186
10.5161
9.94645
9.39969
8.87252
8.36118
7.86724
7.38876
6.92019
6.45916
6.01422
5.59606
5.2147
4.88042
4.60673
4.42299
4.36481
4.51987
4.85349
27.5619
27.5989
27.5086
27.1649
26.6156
25.7932
24.6723
23.3516
21.9606
20.5882
19.2867
18.121
17.0953
16.2035
15.4449
14.7947
14.2332
13.7417
13.3011
12.8849
12.4712
12.0296
11.5225
10.9199
10.2506
9.57286
8.9062
8.24048
7.5693
6.89274
6.21376
5.53257
4.84623
4.149
3.43303
2.68157
1.88412
1.01074
0.193154
26.2074
25.8975
25.4204
24.7626
24.0283
23.1678
22.2327
21.2776
20.3062
19.3495
18.4142
17.5086
16.6411
15.8055
15.0036
14.2423
13.5223
12.8398
12.1945
11.5905
11.0245
10.4989
10.0025
9.52719
9.06625
8.62044
8.19243
7.78389
7.38963
7.00897
6.64949
6.32401
6.04219
5.81553
5.65548
5.59186
5.65762
5.93868
6.38324
26.3805
26.404
26.3032
25.9563
25.4109
24.5946
23.4907
22.1935
20.8351
19.5166
18.2751
17.1707
16.2083
15.3744
14.6664
14.0577
13.5291
13.0629
12.642
12.2426
11.846
11.4248
10.9446
10.3775
9.75142
9.12125
8.50497
7.89254
7.27649
6.65597
6.03296
5.40731
4.77523
4.13154
3.46787
2.76771
2.01926
1.19175
0.414691
25.1116
24.8235
24.3763
23.7528
23.0547
22.2336
21.3418
20.4294
19.503
18.5935
17.6988
16.8428
16.0266
15.239
14.4855
13.7779
13.1175
12.5011
11.9308
11.4
10.9142
10.4614
10.042
9.63388
9.24338
8.85885
8.4982
8.1533
7.83155
7.52277
7.245
7.00149
6.81187
6.6782
6.61929
6.65666
6.82348
7.20067
7.72788
25.2673
25.2776
25.1699
24.8121
24.2718
23.4574
22.359
21.08
19.7388
18.4772
17.2926
16.2467
15.3457
14.5754
13.9211
13.3574
12.8639
12.4243
12.0222
11.6366
11.2516
10.8437
10.3818
9.84136
9.24897
8.65746
8.08345
7.51674
6.94933
6.37928
5.80752
5.2332
4.65226
4.05899
3.44534
2.79389
2.09356
1.31147
0.574395
24.0814
23.8123
23.3885
22.793
22.125
21.3363
20.4813
19.6034
18.7156
17.8456
16.9822
16.1793
15.4135
14.6662
13.9541
13.2946
12.6893
12.1373
11.6341
11.1826
10.7709
10.3973
10.0471
9.71406
9.38375
9.0657
8.7596
8.47859
8.21448
7.97556
7.76389
7.59772
7.48205
7.43106
7.45349
7.57078
7.81221
8.25712
8.83515
24.2202
24.2181
24.1005
23.7341
23.1931
22.3685
21.2816
20.0118
18.6614
17.4613
16.3324
15.3381
14.5025
13.796
13.2036
12.6899
12.2391
11.8307
11.4523
11.0807
10.7064
10.3059
9.8569
9.33412
8.76832
8.20619
7.66673
7.13702
6.61121
6.08419
5.55793
5.02889
4.49405
3.94658
3.3777
2.773
2.11697
1.37931
0.681925
23.2408
22.9837
22.5698
21.9812
21.3173
20.5286
19.6756
18.7901
17.9053
17.0093
16.1758
15.4761
14.7991
14.1061
13.4413
12.8337
12.2832
11.7878
11.3502
10.9621
10.6172
10.3083
10.0226
9.74839
9.47354
9.20386
8.94413
8.70815
8.492
8.30292
8.14824
8.03999
7.98581
7.99793
8.08199
8.2625
8.56209
9.05335
9.65559
23.3659
23.3458
23.2078
22.8007
22.2316
21.3442
20.2183
18.8783
17.5655
16.4764
15.4351
14.5037
13.73
13.0952
12.5639
12.1053
11.698
11.3276
10.9744
10.6226
10.2574
9.86519
9.42231
8.91222
8.36177
7.82053
7.30335
6.80082
6.30403
5.80997
5.31761
4.82468
4.32651
3.8164
3.28675
2.71896
2.09776
1.38942
0.718146
22.5447
22.295
21.879
21.2811
20.6023
19.7891
18.9111
17.9887
17.0754
16.0982
15.26
14.7039
14.1483
13.5273
12.9217
12.3747
11.8836
11.4473
11.0662
10.7396
10.4551
10.2031
9.97427
9.74923
9.52189
9.28884
9.06817
8.86626
8.69072
8.54149
8.43522
8.37381
8.37136
8.43253
8.5706
8.80214
9.15044
9.68423
10.3122
22.6533
22.6106
22.4364
21.975
21.3459
20.3599
19.1669
17.697
16.4489
15.5039
14.5786
13.7226
13.018
12.448
11.9785
11.5735
11.212
10.8803
10.5582
10.2292
9.87932
9.49661
9.06157
8.56064
8.02214
7.49487
6.9941
6.51052
6.03553
5.56548
5.09917
4.63397
4.16532
3.68663
3.18843
2.65428
2.06504
1.3842
0.732559
21.8407
21.5982
21.1802
20.5701
19.8724
19.0324
18.1266
17.1626
16.219
15.1551
14.3122
13.8853
13.4486
12.9024
12.3561
11.87
11.4391
11.0594
10.7391
10.4712
10.2478
10.0553
9.88245
9.70901
9.52541
9.33203
9.14676
8.98085
8.84157
8.73222
8.66712
8.6489
8.68805
8.79091
8.96888
9.23897
9.62385
10.1831
10.8269
21.9332
21.8673
21.6563
21.1357
20.4507
19.3744
18.1223
16.5318
15.3661
14.5451
13.7295
12.9464
12.2977
11.7861
11.3727
11.0184
10.7031
10.4126
10.1271
9.82784
9.50023
9.13263
8.70904
8.21812
7.69146
7.17622
6.6898
6.22213
5.76625
5.31663
4.87333
4.43242
3.99077
3.5406
3.0741
2.57301
2.02024
1.37489
0.751626
21.1361
20.9007
20.4781
19.8529
19.1329
18.2608
17.3231
16.3153
15.3399
14.1826
13.332
13.0192
12.6966
12.2276
11.7412
11.3151
10.9445
10.6245
10.3587
10.1509
9.98663
9.85492
9.73585
9.61488
9.47334
9.32211
9.17113
9.04193
8.93606
8.86496
8.8351
8.85476
8.92826
9.06494
9.27324
9.57155
9.98008
10.5529
11.2038
21.2111
21.1225
20.8712
20.2985
19.5575
18.3957
17.097
15.3992
14.3146
13.608
12.8973
12.1824
11.5835
11.1193
10.7522
10.4444
10.1696
9.91998
9.67097
9.40712
9.10678
8.76236
8.35387
7.87796
7.36265
6.86101
6.38656
5.9351
5.49545
5.06587
4.64215
4.22448
3.8062
3.38326
2.94527
2.47706
1.96029
1.35534
0.765151
20.4373
20.2079
19.7802
19.1371
18.3899
17.4815
16.5067
15.4482
14.4384
13.1798
12.3163
12.1
11.885
11.4943
11.0689
10.7024
10.3925
10.1287
9.92117
9.76775
9.66272
9.58629
9.52251
9.45021
9.35812
9.25018
9.14278
9.05135
8.98567
8.95117
8.95729
9.00969
9.11533
9.27868
9.51012
9.82603
10.246
10.8201
11.4689
20.4972
20.3871
20.0986
19.4736
18.6797
17.4383
16.0929
14.2989
13.2826
12.6892
12.0845
11.4387
10.8845
10.4585
10.1301
9.85729
9.61921
9.40279
9.19118
8.96074
8.69451
8.37633
7.99168
7.53347
7.03505
6.5464
6.08629
5.64887
5.22642
4.81411
4.41032
4.01253
3.61689
3.21765
2.80648
2.36794
1.88497
1.31961
0.768504
19.7559
19.5304
19.0944
18.4311
17.6541
16.7041
15.6866
14.5727
13.5223
12.1448
11.2584
11.1229
11.0061
10.6936
10.3309
10.0245
9.77517
9.57104
9.41523
9.31813
9.2664
9.24236
9.22491
9.1944
9.1412
9.07038
8.99784
8.93817
8.90274
8.8959
8.92555
9.00083
9.12779
9.30946
9.55553
9.88148
10.3049
10.8686
11.4886
19.8025
19.6734
19.3472
18.6771
17.8254
16.4998
15.112
13.2241
12.2593
11.786
11.2928
10.7169
10.2074
9.81713
9.51769
9.26941
9.05467
8.86436
8.68309
8.48667
8.25496
7.96947
7.61323
7.17973
6.70112
6.22863
5.78242
5.35939
4.95206
4.55607
4.16889
3.78834
3.41079
3.03135
2.64173
2.22813
1.77366
1.24123
0.721009
19.1019
18.8776
18.4314
17.7451
16.9336
15.9389
14.8724
13.6927
12.5896
11.0706
10.1501
10.0793
10.0524
9.8168
9.51745
9.27267
9.08564
8.93748
8.83679
8.78999
8.79012
8.81942
8.85553
8.8833
8.8882
8.87366
8.85283
8.84005
8.84745
8.87852
8.93627
9.03515
9.18049
9.37277
9.62035
9.93801
10.3433
10.8784
11.4865
19.1379
18.9909
18.6298
17.9121
16.9951
15.5827
14.1495
12.1644
11.2239
10.894
10.5263
10.0168
9.55045
9.19519
8.92637
8.69523
8.49283
8.31342
8.15277
7.98448
7.78954
7.54066
7.22148
6.81851
6.36667
5.91183
5.48172
5.07145
4.68002
4.29853
3.92864
3.56392
3.20425
2.84153
2.47134
2.07876
1.65056
1.15231
0.669834
18.4862
18.2619
17.8021
17.0898
16.2393
15.1916
14.0631
12.8019
11.6266
9.94288
8.97452
8.95798
9.01636
8.85584
8.61907
8.43707
8.31353
8.22675
8.17545
8.16777
8.19864
8.24676
8.29891
8.33393
8.35075
8.35092
8.34999
8.35243
8.37506
8.41345
8.47404
8.57571
8.72499
8.9195
9.1679
9.48244
9.87328
10.364
10.8554
18.5123
18.348
17.9506
17.1874
16.1947
14.6911
13.2117
11.101
10.1482
10.0041
9.79657
9.36305
8.92998
8.60301
8.35778
8.14613
7.94868
7.77121
7.61185
7.46084
7.2937
7.08637
6.80996
6.4512
6.03366
5.60569
5.19093
4.79377
4.41054
4.0401
3.67934
3.3268
2.97775
2.62831
2.27092
1.89363
1.48264
1.00433
0.544743
17.917
17.6922
17.2195
16.4809
15.5882
14.4841
13.2787
11.9149
10.6468
8.77208
7.71946
7.74351
7.88923
7.80365
7.6296
7.50638
7.44525
7.42202
7.43889
7.5026
7.60622
7.73687
7.88141
8.02576
8.14643
8.23803
8.31313
8.38444
8.46838
8.56385
8.66023
8.78478
8.94281
9.13115
9.356
9.63128
9.97909
10.4466
11.0429
17.9346
17.7548
17.3271
16.5224
15.4536
13.8737
12.3331
10.0284
8.99235
9.07558
9.07581
8.75465
8.38619
8.09841
7.87517
7.67497
7.47813
7.28978
7.11338
6.95081
6.78785
6.60411
6.36765
6.05781
5.68872
5.30231
4.91978
4.54649
4.18121
3.82509
3.47646
3.13549
2.79784
2.45974
2.11461
1.75167
1.35659
0.894595
0.431099
17.4113
17.1843
16.6993
15.9383
15.0089
13.855
12.5697
11.1085
9.73416
7.59789
6.37772
6.43209
6.66236
6.65006
6.54769
6.48823
6.46412
6.44584
6.44237
6.46631
6.51807
6.58037
6.6367
6.67283
6.70272
6.74526
6.7931
6.84196
6.89848
6.95536
7.01424
7.11313
7.25421
7.4338
7.65511
7.92309
8.22857
8.54799
8.71289
17.4247
17.2348
16.7841
15.9479
14.8112
13.1765
11.5365
8.91461
7.73801
8.08286
8.2794
8.061
7.78061
7.58618
7.4493
7.32246
7.1815
7.02347
6.8496
6.66921
6.48226
6.28279
6.04778
5.75725
5.41804
5.06295
4.70807
4.35707
4.00847
3.66491
3.32722
2.99733
2.67192
2.34804
2.01808
1.67358
1.30465
0.893516
0.522344
17.0054
16.7684
16.2617
15.464
14.4856
13.2689
11.8894
10.3341
8.81125
6.32253
4.90809
5.0385
5.3407
5.36363
5.33368
5.40345
5.54324
5.7069
5.88439
6.0911
6.33204
6.61724
6.93948
7.28382
7.57931
7.80506
7.99719
8.18291
8.39114
8.61285
8.7839
8.93459
9.09644
9.27194
9.45843
9.67142
9.96013
10.4273
11.2583
17.0171
16.8146
16.3317
15.4434
14.2113
12.4928
10.6202
7.58309
6.35022
7.12516
7.53766
7.32472
6.97594
6.70638
6.53862
6.44859
6.40813
6.38688
6.35212
6.28798
6.18247
6.0317
5.82339
5.5574
5.25597
4.94591
4.63287
4.31717
3.99575
3.66916
3.33735
3.00318
2.66501
2.32077
1.9634
1.58083
1.15366
0.637767
0.0848837
16.7233
16.4677
15.9061
15.0192
13.9217
12.5501
10.9691
9.20992
7.36607
4.52648
3.15709
3.53154
3.9846
3.99828
3.83892
3.69499
3.59007
3.50931
3.44952
3.41071
3.3785
3.32258
3.21883
3.07367
2.98278
2.98649
3.03443
3.07289
3.09412
3.14208
3.1529
3.20553
3.31162
3.44326
3.59274
3.75627
3.87329
3.82517
3.24308
16.7258
16.4848
15.9249
14.9071
13.481
11.5267
9.15768
5.72062
4.6533
6.22002
7.24996
7.43697
7.21122
6.7939
6.27901
5.75438
5.2864
4.92423
4.66595
4.4943
4.37615
4.28523
4.1813
4.0218
3.79234
3.54096
3.29992
3.0719
2.85257
2.64119
2.43685
2.23914
2.04607
1.85476
1.66173
1.46099
1.25328
1.04082
0.887387
16.5088
16.2341
15.6042
14.5977
13.3361
11.7426
9.87848
7.79667
5.46192
2.35208
1.06135
1.6243
2.46056
3.07218
3.56073
3.99219
4.39592
4.79154
5.20375
5.66224
6.20291
6.84923
7.5757
8.29255
8.82422
9.15744
9.5132
9.81341
10.3531
11.143
11.0111
11.1447
11.4896
11.8045
12.0482
12.2894
12.6619
13.3696
14.8271
16.49
16.1944
15.5355
14.3516
12.6881
10.4148
7.43615
3.73434
2.30761
4.24069
5.99235
7.31849
8.32074
9.08222
9.56029
9.76567
9.76144
9.59848
9.32066
8.97337
8.58039
8.15455
7.70289
7.26597
6.87837
6.49614
6.06969
5.60547
5.11553
4.61043
4.09268
3.56461
3.02564
2.47377
1.9021
1.29776
0.633488
-0.134508
-0.890902
197.001
172.441
143.094
119.909
100.796
80.6343
57.2996
31.1292
3.03477
-25.8592
-54.8019
-82.0358
-106.504
-126.324
-140.489
-146.735
-144.114
-131.344
-109.001
-77.1193
-37.7635
6.61293
51.2092
91.8174
126.555
154.961
176.319
189.877
195.676
194.071
185.355
169.586
147.762
121.871
94.663
68.0438
43.5453
22.1512
4.60332
-9.25176
-19.7944
-27.7222
-33.3866
-37.2226
-39.4096
-40.2805
-39.9862
-38.8162
-36.9091
-34.4827
-31.6634
-28.6234
-25.4022
-22.1225
-18.82
-15.5692
-12.4084
-9.37696
-6.50215
-3.80853
-1.30733
0.986906
3.07006
4.94179
6.58598
8.0219
9.19558
10.0527
10.7393
11.2784
11.676
11.9617
11.9653
11.9953
11.2493
11.6112
8.85681
12.0649
2.90764
16.2415
195.806
179.155
158.427
137.828
117.807
98.61
79.672
61.7805
44.5631
28.5557
13.599
-0.0177518
-12.3436
-23.2564
-32.8063
-40.9704
-47.8366
-53.4364
-57.8938
-61.2716
-63.7107
-65.2841
-66.1302
-66.3172
-65.9683
-65.139
-63.9323
-62.3901
-60.5939
-58.5735
-56.3935
-54.0741
-51.6637
-49.1761
-46.6479
-44.0884
-41.524
-38.963
-36.4243
-33.9162
-31.4523
-29.0413
-26.6937
-24.4187
-22.2253
-20.1222
-18.1159
-16.2122
-14.4162
-12.7294
-11.1567
-9.6899
-8.34012
-7.09977
-5.97259
-4.9552
-4.04673
-3.24077
-2.53036
-1.91062
-1.38086
-0.934607
-0.560219
-0.255053
-0.0104121
0.169643
0.302189
0.349427
0.373651
0.410211
0.44093
0.467385
0.434655
0.40274
0.295716
0.147453
0.323273
-0.258801
0.780489
-1.23731
-145.739
-144.964
-143.849
-142.91
-143.03
-144.984
-149.467
-155.455
-161.637
-166.991
-170.96
-173.624
-175.015
-175.331
-173.141
-166.583
-153.171
-132.778
-106.681
-78.0074
-48.5285
-19.9569
4.98382
22.8492
32.9582
37.5289
38.0955
34.9126
27.2688
15.1358
-1.29342
-20.8812
-41.3948
-59.0306
-70.8905
-76.2664
-77.0762
-75.7573
-74.1793
-72.825
-71.5186
-69.8001
-67.4925
-64.5946
-61.2321
-57.5178
-53.5413
-49.3897
-45.1101
-40.8034
-36.5172
-32.2747
-28.1419
-24.1164
-20.253
-16.5629
-13.0753
-9.79478
-6.73496
-3.89937
-1.29811
1.0727
3.21209
5.12444
6.79653
8.25079
9.44041
10.3069
10.9981
11.5472
11.9551
12.2463
12.2462
12.2842
11.52
11.9003
9.12486
12.3021
3.25496
16.4075
-144.325
-137.513
-129.762
-122.051
-114.956
-108.338
-102.513
-97.3253
-93.0199
-89.3656
-86.5151
-84.2175
-82.5257
-81.1922
-80.2078
-79.3779
-78.6691
-77.9396
-77.154
-76.2287
-75.1428
-73.8577
-72.3689
-70.6734
-68.7846
-66.7178
-64.4974
-62.1459
-59.6924
-57.1585
-54.5749
-51.9569
-49.3323
-46.7094
-44.1125
-41.5416
-39.0176
-36.5357
-34.1143
-31.7456
-29.4465
-27.2084
-25.0475
-22.9563
-20.9501
-19.0224
-17.1864
-15.4367
-13.7825
-12.2217
-10.7502
-9.37912
-8.10399
-6.93248
-5.86025
-4.89017
-4.01912
-3.24308
-2.55519
-1.95378
-1.4345
-0.992369
-0.619059
-0.311278
-0.063602
0.117338
0.252977
0.30229
0.325335
0.361092
0.390197
0.413667
0.37833
0.337576
0.237324
0.0574124
0.22766
-0.368532
0.650803
-1.32559
-80.8171
-70.8567
-62.6609
-58.0279
-56.6045
-56.6912
-57.0116
-56.7886
-55.8421
-54.2393
-52.0624
-49.5022
-46.3648
-42.487
-37.521
-32.3258
-28.3652
-27.8238
-31.978
-40.5353
-50.6916
-60.2453
-69.5078
-81.2576
-97.7964
-118.367
-139.799
-160.438
-181.237
-202.967
-224.371
-243.354
-257.562
-263.934
-259.877
-245.124
-222.532
-196.737
-172.028
-150.71
-133.114
-118.416
-105.802
-94.6396
-84.6614
-75.6191
-67.4154
-59.8747
-52.9672
-46.5681
-40.643
-35.1438
-30.0206
-25.2672
-20.8551
-16.7872
-13.0276
-9.56981
-6.39666
-3.50084
-0.866555
1.51206
3.6434
5.53675
7.18369
8.60935
9.76648
10.6174
11.2955
11.8269
12.2183
12.4949
12.4803
12.5013
11.7432
12.0749
9.40282
12.3413
3.71873
16.2174
-88.975
-95.5307
-101.306
-106.034
-109.771
-112.35
-113.815
-114.183
-113.598
-112.174
-110.079
-107.456
-104.462
-101.223
-97.8297
-94.3749
-90.9022
-87.4835
-84.1222
-80.8712
-77.7027
-74.651
-71.6702
-68.7891
-65.958
-63.2041
-60.4792
-57.8158
-55.1709
-52.5821
-50.0117
-47.4999
-45.0122
-42.5895
-40.1991
-37.8788
-35.5968
-33.3886
-31.2235
-29.133
-27.0894
-25.1208
-23.2033
-21.3621
-19.5771
-17.8705
-16.226
-14.6604
-13.1637
-11.7365
-10.3876
-9.11611
-7.93188
-6.83205
-5.82057
-4.89575
-4.06068
-3.31062
-2.64266
-2.0531
-1.54074
-1.09961
-0.721535
-0.406958
-0.151998
0.0355135
0.178663
0.234998
0.262827
0.302943
0.3342
0.359074
0.325965
0.282021
0.187034
0.00121102
0.142483
-0.437624
0.564464
-1.47739
-92.4755
-88.4696
-83.9752
-80.266
-78.0444
-77.1668
-77.3576
-78.4031
-80.3499
-82.993
-86.2842
-90.0359
-94.6079
-100.411
-108.457
-119.538
-134.492
-153.644
-177.749
-206.8
-239.301
-272.046
-302.863
-330.088
-354.441
-378.342
-403.164
-426.068
-444.498
-456.905
-463.555
-464.607
-458.386
-442.605
-416.444
-380.794
-338.744
-294.918
-253.724
-217.785
-187.5
-162.156
-140.69
-122.308
-106.389
-92.5406
-80.3997
-69.7281
-60.2454
-51.8242
-44.2829
-37.5178
-31.4293
-25.9422
-21.0088
-16.5502
-12.5311
-8.90225
-5.63615
-2.69345
-0.0556913
2.30265
4.3949
6.23604
7.82306
9.18378
10.2821
11.0858
11.7232
12.2137
12.5619
12.7915
12.7405
12.7188
11.9533
12.2183
9.63255
12.3536
4.04195
16.0685
-94.7872
-96.1686
-96.8419
-96.91
-96.6594
-96.1876
-95.6239
-94.8847
-93.9482
-92.6806
-91.1188
-89.2179
-87.1038
-84.7578
-82.306
-79.7042
-77.0632
-74.3215
-71.5919
-68.8165
-66.1054
-63.3954
-60.7855
-58.2042
-55.7395
-53.3151
-51.0057
-48.7339
-46.5673
-44.4313
-42.3871
-40.3647
-38.4228
-36.4977
-34.6439
-32.8039
-31.0291
-29.2684
-27.568
-25.8829
-24.255
-22.6456
-21.0918
-19.5611
-18.0867
-16.6423
-15.2534
-13.9021
-12.5948
-11.3359
-10.1305
-8.98785
-7.91005
-6.89961
-5.95583
-5.08566
-4.28892
-3.56619
-2.91448
-2.33511
-1.82415
-1.37678
-0.989671
-0.661968
-0.391783
-0.188206
-0.026986
0.0451987
0.0858432
0.13931
0.183925
0.219712
0.199519
0.16684
0.0869182
-0.080724
0.0464422
-0.539602
0.531236
-1.73333
-153.137
-157.674
-160.83
-163.393
-166.438
-170.664
-176.442
-184.331
-194.714
-207.871
-223.776
-242.799
-265.043
-290.402
-318.382
-348.434
-379.582
-410.401
-438.472
-463.116
-487.241
-514.335
-543.308
-570.556
-593.201
-610.288
-620.617
-625.703
-627.267
-624.795
-615.872
-599.245
-573.456
-538.5
-495.21
-445.749
-393.138
-341.282
-293.525
-251.838
-216.331
-186.246
-160.538
-138.436
-119.275
-102.654
-88.1591
-75.466
-64.3592
-54.5802
-45.9783
-38.3761
-31.6478
-25.6895
-20.3909
-15.6842
-11.49
-7.7658
-4.45038
-1.50914
1.105
3.41531
5.44288
7.20748
8.71218
9.98935
10.9962
11.7341
12.3162
12.7437
13.0292
13.1996
13.0948
13.0133
12.2186
12.4095
9.86356
12.4212
4.275
16.0386
-147.223
-140.823
-134.009
-126.97
-119.772
-112.823
-106.152
-100.046
-94.3775
-89.2952
-84.5501
-80.2343
-76.1137
-72.3322
-68.7114
-65.4076
-62.2455
-59.3598
-56.5755
-54.0239
-51.5488
-49.277
-47.0644
-45.0311
-43.0479
-41.2251
-39.4417
-37.7998
-36.1902
-34.7018
-33.2334
-31.8653
-30.5065
-29.2268
-27.9443
-26.7231
-25.4915
-24.3067
-23.1059
-21.9421
-20.7624
-19.6134
-18.4511
-17.3176
-16.1784
-15.067
-13.9586
-12.8656
-11.7871
-10.7332
-9.71145
-8.73032
-7.79066
-6.89448
-6.0484
-5.25543
-4.51942
-3.83929
-3.21923
-2.65908
-2.15831
-1.71456
-1.32301
-0.987062
-0.704163
-0.484908
-0.303109
-0.21339
-0.158306
-0.090091
-0.0316237
0.0195033
0.0161714
0.00314749
-0.0591791
-0.202915
-0.0693707
-0.686616
0.491812
-2.01802
-145.773
-154.917
-164.271
-174.428
-186.338
-200.474
-216.936
-235.136
-254.704
-275.361
-297.505
-321.415
-347.547
-375.317
-403.946
-432.634
-461.468
-490.356
-519.062
-546.41
-571.125
-592.023
-609.076
-623.065
-634.862
-644.255
-650.148
-652.127
-650.178
-642.83
-628.202
-604.914
-572.642
-532.082
-485.13
-434.212
-382.419
-332.638
-287.363
-247.695
-213.746
-184.646
-159.628
-137.807
-118.763
-102.009
-87.2999
-74.3851
-63.0364
-53.0832
-44.3341
-36.6299
-29.8362
-23.834
-18.5316
-13.8319
-9.68185
-6.00757
-2.77061
0.0940997
2.61179
4.81993
6.74103
8.39597
9.791
10.9571
11.865
12.5141
13.0232
13.3836
13.6011
13.6987
13.5305
13.3803
12.5428
12.6576
10.1282
12.5366
4.50533
16.0474
-136.973
-128.972
-121.77
-114.728
-107.758
-100.701
-93.8164
-87.0933
-80.7867
-74.8076
-69.3853
-64.3851
-59.932
-55.7984
-52.1039
-48.6691
-45.6371
-42.8272
-40.373
-38.0971
-36.125
-34.2857
-32.7015
-31.2116
-29.9305
-28.707
-27.6519
-26.6284
-25.7387
-24.8579
-24.0819
-23.3002
-22.5981
-21.8756
-21.2105
-20.5158
-19.859
-19.1633
-18.49
-17.7746
-17.0704
-16.3231
-15.5805
-14.8009
-14.0232
-13.217
-12.4012
-11.5679
-10.7324
-9.89736
-9.07701
-8.27012
-7.48363
-6.72233
-5.99252
-5.29768
-4.63821
-4.01999
-3.44598
-2.92034
-2.44309
-2.01166
-1.62808
-1.29311
-1.00599
-0.77722
-0.579302
-0.473339
-0.406574
-0.326286
-0.255877
-0.194541
-0.183647
-0.179563
-0.221792
-0.345943
-0.198992
-0.850018
0.414285
-2.28144
-81.0788
-90.8048
-101.809
-114.217
-128.172
-143.79
-160.853
-179.417
-199.562
-221.63
-245.443
-270.788
-296.976
-323.391
-349.146
-374.106
-398.328
-422.115
-445.074
-466.704
-486.307
-503.601
-518.228
-530.276
-539.958
-547.055
-550.791
-550.359
-545.135
-534.454
-517.747
-494.749
-465.795
-431.748
-393.986
-354.288
-314.568
-276.683
-241.931
-211.072
-184.038
-160.506
-139.815
-121.561
-105.244
-90.6996
-77.7257
-66.2105
-56.0059
-46.9828
-38.9862
-31.9002
-25.6211
-20.0645
-15.1318
-10.767
-6.89453
-3.48223
-0.461382
2.18898
4.51679
6.54468
8.29614
9.79149
11.0377
12.0689
12.8371
13.3847
13.8152
14.0918
14.2282
14.2501
14.0105
13.7839
12.8977
12.9245
10.4084
12.6556
4.74849
16.0275
-73.0425
-67.1063
-62.832
-59.608
-56.7067
-53.928
-51.0712
-48.305
-45.4689
-42.6492
-39.7747
-37.0953
-34.5521
-32.258
-30.0665
-28.1053
-26.2601
-24.6544
-23.1644
-21.8997
-20.7344
-19.7768
-18.904
-18.2159
-17.5889
-17.1192
-16.6874
-16.3823
-16.088
-15.8903
-15.6813
-15.5407
-15.368
-15.2392
-15.0646
-14.9134
-14.7042
-14.5016
-14.2361
-13.964
-13.6264
-13.2725
-12.8571
-12.421
-11.9302
-11.4102
-10.8459
-10.2583
-9.64348
-9.01978
-8.38216
-7.74234
-7.10339
-6.47616
-5.86266
-5.26515
-4.68884
-4.13778
-3.61741
-3.13142
-2.68151
-2.2707
-1.89956
-1.57111
-1.28461
-1.05039
-0.83953
-0.719698
-0.641511
-0.550781
-0.472914
-0.402203
-0.379804
-0.360168
-0.386803
-0.493896
-0.336748
-1.0051
0.313227
-2.53162
-42.8572
-51.0917
-60.1373
-69.9881
-80.6978
-92.2841
-104.814
-118.432
-133.253
-149.194
-166.085
-183.537
-201.287
-219.063
-236.839
-254.387
-271.566
-287.869
-303.068
-316.879
-329.378
-340.302
-349.617
-357.175
-363.149
-367.305
-369.326
-368.657
-364.909
-357.701
-346.828
-332.31
-314.431
-293.743
-270.929
-246.91
-222.668
-199.212
-177.273
-157.257
-139.222
-122.999
-108.379
-95.1031
-83.018
-71.9401
-61.882
-52.7587
-44.551
-37.1539
-30.516
-24.5615
-19.2469
-14.4889
-10.2471
-6.45656
-3.09718
-0.106096
2.52825
4.8574
6.88852
8.65281
10.1614
11.4379
12.4858
13.3294
13.9421
14.3598
14.6856
14.8685
14.9127
14.8378
14.5146
14.2003
13.2582
13.1895
10.6854
12.7581
4.98151
15.9637
-35.8676
-30.6733
-27.3266
-25.1569
-23.7064
-22.5126
-21.4924
-20.5136
-19.5823
-18.5645
-17.515
-16.4156
-15.3609
-14.3199
-13.3602
-12.4359
-11.6123
-10.8439
-10.1935
-9.60653
-9.14691
-8.752
-8.48296
-8.27013
-8.17655
-8.12871
-8.18816
-8.2756
-8.45283
-8.63866
-8.89159
-9.12905
-9.40965
-9.65419
-9.91819
-10.1262
-10.3329
-10.4716
-10.5917
-10.6354
-10.647
-10.5816
-10.4771
-10.2978
-10.0749
-9.78583
-9.45764
-9.079
-8.67201
-8.22647
-7.7578
-7.26555
-6.76508
-6.25787
-5.74948
-5.24394
-4.74654
-4.26085
-3.79206
-3.34481
-2.92311
-2.53213
-2.17406
-1.85247
-1.56664
-1.32725
-1.1038
-0.970063
-0.881083
-0.779634
-0.691545
-0.613327
-0.579273
-0.546453
-0.555453
-0.643567
-0.4798
-1.15069
0.208772
-2.7872
-14.7157
-21.3374
-28.2083
-35.0993
-41.9715
-48.8971
-56.0453
-63.5098
-71.3998
-79.7311
-88.439
-97.4424
-106.757
-116.456
-126.471
-136.666
-146.738
-156.52
-165.763
-174.272
-181.712
-188.09
-193.411
-197.814
-201.165
-203.515
-204.724
-204.756
-203.372
-200.426
-195.71
-189.234
-181.077
-171.445
-160.611
-148.9
-136.776
-124.679
-113.068
-102.128
-91.9476
-82.418
-73.5024
-65.159
-57.274
-49.8577
-42.8759
-36.4206
-30.4459
-24.974
-19.9558
-15.4038
-11.2638
-7.52617
-4.14327
-1.11641
1.60802
4.02652
6.18904
8.08467
9.74228
11.1601
12.3653
13.3644
14.1635
14.7914
15.1931
15.4587
15.6679
15.7327
15.6591
15.4762
15.0537
14.6378
13.6306
13.4509
10.9506
12.8421
5.19103
15.8743
-8.7609
-4.2494
-1.23649
0.534215
1.50658
1.95572
2.16193
2.21875
2.21291
2.10776
1.94211
1.72745
1.52742
1.33003
1.15704
0.989272
0.841755
0.675606
0.500927
0.285844
0.0550859
-0.218289
-0.504904
-0.836419
-1.18045
-1.57165
-1.97233
-2.41985
-2.87185
-3.36582
-3.85312
-4.37235
-4.87182
-5.38921
-5.86924
-6.35019
-6.77861
-7.19003
-7.53494
-7.84526
-8.08088
-8.27039
-8.3789
-8.43823
-8.41902
-8.3515
-8.21697
-8.03961
-7.80423
-7.52877
-7.20756
-6.85814
-6.48084
-6.08516
-5.67453
-5.25647
-4.83336
-4.41036
-3.99144
-3.58077
-3.18936
-2.81758
-2.47344
-2.15679
-1.86965
-1.62349
-1.38652
-1.23959
-1.13986
-1.02663
-0.929489
-0.839679
-0.79242
-0.74343
-0.737593
-0.803977
-0.634554
-1.29844
0.103541
-3.05851
7.01248
3.12092
-0.786751
-4.62946
-8.23032
-11.7187
-15.1612
-18.6645
-22.2451
-25.9761
-29.8914
-34.0022
-38.2645
-42.631
-47.1661
-51.897
-56.8034
-61.6798
-66.3697
-70.7599
-74.8495
-78.4371
-81.3886
-83.7421
-85.6876
-87.2287
-88.2977
-88.8015
-88.828
-88.3576
-87.3504
-85.7188
-83.4555
-80.548
-77.0446
-72.9981
-68.5315
-63.8379
-59.0998
-54.4727
-49.932
-45.4353
-40.9442
-36.4133
-31.9277
-27.4775
-23.1925
-19.0933
-15.263
-11.649
-8.29306
-5.15786
-2.27272
0.391221
2.8051
5.01389
6.99412
8.79416
10.3888
11.7975
13.0013
14.0308
14.8772
15.5604
16.0719
16.4303
16.6097
16.6957
16.7597
16.6886
16.4851
16.1695
15.6322
15.101
14.0156
13.7182
11.2102
12.9165
5.37732
15.7662
10.605
13.5505
15.6369
16.9193
17.5474
17.7337
17.6136
17.3027
16.8399
16.2477
15.5131
14.6674
13.7506
12.8257
11.9321
11.0829
10.2535
9.43128
8.60909
7.79327
6.98331
6.18713
5.39941
4.62868
3.86516
3.12047
2.38073
1.66105
0.943657
0.248948
-0.444562
-1.11187
-1.77695
-2.4091
-3.03455
-3.61988
-4.18995
-4.71083
-5.20353
-5.63831
-6.0332
-6.3585
-6.64113
-6.8479
-7.00788
-7.09613
-7.13613
-7.10869
-7.03205
-6.89487
-6.71403
-6.48729
-6.22623
-5.93303
-5.61705
-5.28098
-4.93043
-4.56775
-4.19635
-3.8297
-3.46742
-3.1213
-2.78935
-2.47765
-2.18839
-1.93461
-1.68461
-1.52575
-1.41687
-1.29313
-1.18337
-1.08274
-1.02044
-0.95633
-0.933083
-0.97551
-0.799811
-1.45234
-0.0063126
-3.33146
16.5246
15.3294
14.0834
12.838
11.7432
10.8342
9.97453
9.17703
8.37516
7.59075
6.7321
5.78622
4.69347
3.46753
2.10346
0.639976
-0.935426
-2.63172
-4.39556
-6.09986
-7.6548
-9.09015
-10.4091
-11.5117
-12.3261
-12.9853
-13.6347
-14.3172
-14.9801
-15.583
-16.146
-16.6848
-17.1602
-17.5515
-17.7856
-17.8279
-17.6319
-17.2147
-16.6184
-15.8797
-14.9819
-13.8642
-12.3628
-10.5309
-8.44565
-6.29203
-4.10365
-1.99696
0.0544012
1.99191
3.86043
5.62319
7.31284
8.87683
10.347
11.6731
12.9081
14.0186
15.0149
15.8648
16.5928
17.1792
17.6425
17.9648
18.1568
18.2359
18.1524
18.0409
17.9487
17.725
17.3672
16.91
16.2457
15.5879
14.4157
13.9864
11.4606
12.9774
5.54459
15.6417
17.6763
18.7592
19.6718
20.3298
20.7547
20.9903
21.0819
21.0468
20.8866
20.5806
20.1104
19.4748
18.6982
17.8303
16.9141
15.9656
14.9767
13.9559
12.913
11.8637
10.8148
9.77589
8.75001
7.74369
6.76045
5.80377
4.87653
3.97875
3.11505
2.28149
1.48488
0.71661
-0.0134382
-0.71712
-1.38136
-2.01919
-2.6174
-3.18584
-3.71202
-4.20324
-4.64441
-5.05154
-5.39715
-5.70459
-5.94833
-6.14898
-6.28621
-6.37565
-6.40174
-6.37819
-6.29968
-6.17709
-6.01011
-5.80776
-5.57283
-5.31142
-5.02541
-4.71728
-4.39928
-4.07174
-3.74783
-3.42374
-3.10759
-2.79952
-2.50959
-2.24849
-1.98528
-1.81721
-1.70019
-1.5665
-1.44751
-1.33369
-1.25607
-1.17446
-1.13772
-1.15689
-0.975586
-1.61076
-0.125535
-3.60321
16.4119
18.0102
19.5197
20.8172
22.1237
23.4929
24.8381
26.1591
27.4126
28.6391
29.7905
30.904
31.9132
32.8276
33.5796
34.2051
34.6633
34.9683
35.0768
35.0132
34.8284
34.6222
34.3858
34.088
33.7846
33.5595
33.3601
32.9946
32.3635
31.457
30.3152
28.9793
27.4564
25.7537
23.9196
22.0333
20.1969
18.4535
16.8726
15.4706
14.3136
13.5087
13.1218
13.1436
13.3894
13.7604
14.1502
14.6133
15.0858
15.5941
16.0994
16.6455
17.1765
17.7253
18.2193
18.715
19.1678
19.5846
19.9263
20.2104
20.4101
20.5421
20.5733
20.5232
20.3734
20.1397
19.7876
19.4624
19.1945
18.8037
18.288
17.6746
16.8743
16.0812
14.8118
14.2483
11.698
13.0221
5.69031
15.4915
14.9541
13.8789
13.2007
12.8273
12.699
12.7559
12.9296
13.1475
13.3524
13.4985
13.5634
13.5262
13.3758
13.1121
12.753
12.3058
11.7818
11.1913
10.5509
9.8672
9.15045
8.40453
7.6388
6.8577
6.07002
5.28065
4.49716
3.72289
2.96374
2.22247
1.50423
0.809443
0.143495
-0.495642
-1.10202
-1.68041
-2.22383
-2.74088
-3.22285
-3.67768
-4.1007
-4.48382
-4.83636
-5.14233
-5.41654
-5.64169
-5.82839
-5.95963
-6.0452
-6.0775
-6.06482
-6.00427
-5.90229
-5.7612
-5.58592
-5.37905
-5.14198
-4.88433
-4.60673
-4.32168
-4.02542
-3.72526
-3.41861
-3.11763
-2.82473
-2.55662
-2.28222
-2.1043
-1.98187
-1.84049
-1.70995
-1.58526
-1.49193
-1.39618
-1.34407
-1.34043
-1.15452
-1.7669
-0.249892
-3.86218
14.6123
18.33
21.9221
25.148
28.2433
31.2598
34.1854
36.9908
39.7037
42.3082
44.8251
47.2231
49.5263
51.7013
53.7805
55.7364
57.6204
59.4028
61.0533
62.4311
63.5086
64.3089
64.9295
65.359
65.5496
65.4811
65.267
64.9701
64.4956
63.6944
62.5168
60.9925
59.1487
57.0188
54.6478
52.1097
49.4868
46.8697
44.3313
41.9927
39.9166
38.1339
36.5883
35.2458
34.0535
32.9079
31.798
30.729
29.7745
28.9128
28.197
27.5898
27.1052
26.6407
26.2597
25.9179
25.6188
25.3156
25.0204
24.7035
24.3808
24.0137
23.6153
23.16
22.655
22.1054
21.4632
20.9095
20.4587
19.8962
19.2106
18.4382
17.496
16.5626
15.1938
14.4876
11.9089
13.0385
5.81195
15.3157
11.1196
8.24585
6.08784
4.54827
3.53663
2.93913
2.63454
2.51555
2.50808
2.57885
2.7085
2.87703
3.04031
3.17186
3.25248
3.2897
3.28183
3.24059
3.16
3.04559
2.88905
2.69569
2.46029
2.18927
1.88113
1.54301
1.17614
0.7871
0.379212
-0.0416243
-0.47159
-0.905793
-1.34035
-1.771
-2.19452
-2.60699
-3.00601
-3.38806
-3.75183
-4.09446
-4.4179
-4.72053
-5.00371
-5.26636
-5.49897
-5.70305
-5.86477
-5.98999
-6.0709
-6.11282
-6.1109
-6.06895
-5.98842
-5.8722
-5.72354
-5.54272
-5.337
-5.10599
-4.86012
-4.59602
-4.32099
-4.02955
-3.73394
-3.432
-3.13886
-2.86132
-2.57451
-2.38879
-2.25997
-2.10995
-1.97155
-1.83445
-1.7263
-1.61349
-1.55065
-1.52543
-1.33717
-1.92034
-0.380545
-4.11501
13.0039
17.8668
22.6301
27.0362
31.2439
35.3168
39.1906
42.8925
46.4226
49.8403
53.1229
56.3037
59.3425
62.2739
65.0627
67.7517
70.3124
72.794
75.1527
77.3966
79.4559
81.3666
83.1334
84.7545
86.0534
86.8899
87.2367
87.2219
86.9431
86.4021
85.5185
84.2352
82.564
80.5418
78.2321
75.6895
72.9976
70.2378
67.499
64.8365
62.2986
59.8578
57.48
55.1186
52.7848
50.4497
48.0991
45.7855
43.5844
41.5584
39.7038
38.0799
36.6219
35.3421
34.1517
33.05
32.0058
31.0329
30.0999
29.22
28.3544
27.5108
26.6583
25.8079
24.9456
24.0654
23.1281
22.3419
21.7013
20.9632
20.1086
19.1729
18.0865
17.0105
15.5369
14.6921
12.0845
13.0224
5.90334
15.1066
8.47257
4.63809
1.5924
-0.755421
-2.52123
-3.81388
-4.76123
-5.44615
-5.93281
-6.23597
-6.38184
-6.39504
-6.32944
-6.21721
-6.08315
-5.92537
-5.74877
-5.55259
-5.34552
-5.13252
-4.92313
-4.72327
-4.54037
-4.37957
-4.24557
-4.14167
-4.07026
-4.03222
-4.02764
-4.05518
-4.11416
-4.20096
-4.31394
-4.4478
-4.60096
-4.7666
-4.94346
-5.12387
-5.30691
-5.4854
-5.66072
-5.82789
-5.98832
-6.13578
-6.26901
-6.37972
-6.46794
-6.52549
-6.55482
-6.54882
-6.51057
-6.43914
-6.33672
-6.20632
-6.04689
-5.8643
-5.65667
-5.4319
-5.18588
-4.92685
-4.64854
-4.36117
-4.06078
-3.75989
-3.45693
-3.17097
-2.86865
-2.67402
-2.538
-2.38127
-2.23068
-2.08206
-1.95773
-1.83223
-1.75562
-1.70813
-1.51936
-2.06799
-0.514168
-4.35052
16.1045
21.197
26.2558
30.9869
35.5756
40.0357
44.3258
48.3811
52.2288
55.8758
59.3705
62.7046
65.9131
68.9815
71.945
74.7844
77.5323
80.1663
82.7143
85.1412
87.462
89.643
91.7189
93.6677
95.4729
97.0274
98.2742
99.1794
99.7906
100.084
99.9914
99.4327
98.3979
96.9258
95.0859
92.9504
90.5917
88.0794
85.4622
82.7607
79.984
77.1278
74.1695
71.0954
67.9315
64.7335
61.5246
58.3572
55.3099
52.4582
49.8045
47.34
45.1567
43.2029
41.4014
39.6639
38.0027
36.4166
34.9327
33.5164
32.169
30.857
29.5907
28.3588
27.1442
25.9424
24.716
23.6999
22.8745
21.9613
20.9395
19.8428
18.6147
17.3998
15.8274
14.8431
12.2097
12.9595
5.96297
14.8625
11.3274
7.19723
3.77077
0.954413
-1.34368
-3.22032
-4.75663
-6.02227
-7.05027
-7.87285
-8.51092
-9.00827
-9.39696
-9.71184
-9.95767
-10.1435
-10.2631
-10.3262
-10.3294
-10.2854
-10.1924
-10.0646
-9.90109
-9.7173
-9.51226
-9.30138
-9.08317
-8.87218
-8.66547
-8.47603
-8.29971
-8.14754
-8.01309
-7.90532
-7.81602
-7.75183
-7.70324
-7.67533
-7.65782
-7.65449
-7.65492
-7.66202
-7.66481
-7.6661
-7.6552
-7.63612
-7.59898
-7.54859
-7.47468
-7.38216
-7.26458
-7.12597
-6.96598
-6.78425
-6.58466
-6.36466
-6.12913
-5.87431
-5.60768
-5.32382
-5.03205
-4.72665
-4.41935
-4.1024
-3.79157
-3.48658
-3.17264
-2.9644
-2.82155
-2.65167
-2.49112
-2.32819
-2.18815
-2.04562
-1.95815
-1.88901
-1.70172
-2.21027
-0.654793
-4.57119
17.3662
22.0775
26.8058
31.3278
35.7766
40.2032
44.5318
48.7172
52.7225
56.5566
60.202
63.6736
66.9629
70.1027
73.0936
75.9715
78.7274
81.3917
83.9439
86.4087
88.7555
91.0062
93.1311
95.16
97.0561
98.8194
100.381
101.736
102.851
103.742
104.348
104.626
104.499
103.947
102.964
101.592
99.8761
97.8837
95.6639
93.2399
90.6015
87.7398
84.646
81.3254
77.8156
74.1972
70.562
66.9745
63.5391
60.3396
57.3739
54.5949
52.0092
49.654
47.4519
45.3167
43.2075
41.1749
39.2303
37.3858
35.6091
33.9061
32.2711
30.689
29.1529
27.6509
26.157
24.9282
23.9192
22.8433
21.6613
20.4136
19.0521
17.706
16.0379
14.9251
12.2743
12.8423
5.98567
14.5701
13.0021
9.18726
5.95152
3.21462
0.900571
-1.06181
-2.73812
-4.17752
-5.4191
-6.49277
-7.43026
-8.25979
-9.00704
-9.68339
-10.2961
-10.8422
-11.3255
-11.7414
-12.0954
-12.382
-12.6092
-12.7711
-12.8783
-12.925
-12.9244
-12.8715
-12.7815
-12.6497
-12.4923
-12.3051
-12.1052
-11.8878
-11.6691
-11.4439
-11.2268
-11.011
-10.809
-10.6123
-10.4314
-10.256
-10.0942
-9.93399
-9.78126
-9.62324
-9.466
-9.29764
-9.12652
-8.94061
-8.7489
-8.54042
-8.32302
-8.09042
-7.84655
-7.58988
-7.32148
-7.03982
-6.74577
-6.44145
-6.1257
-5.805
-5.47559
-5.14617
-4.80955
-4.47575
-4.13971
-3.82097
-3.48435
-3.26548
-3.10742
-2.92724
-2.74937
-2.57136
-2.41302
-2.25822
-2.15568
-2.06397
-1.87913
-2.34118
-0.79916
-4.76107
18.2361
22.1985
26.2043
30.0658
33.9498
37.8901
41.8436
45.7272
49.5246
53.2058
56.7799
60.2124
63.5089
66.6401
69.629
72.4612
75.1709
77.7467
80.2223
82.5808
84.8505
87.0082
89.0785
91.0349
92.8992
94.637
96.2557
97.7103
99.0096
100.119
101.043
101.729
102.154
102.257
102.023
101.42
100.467
99.1745
97.5827
95.7064
93.5447
91.0768
88.2974
85.2196
81.8846
78.3707
74.7816
71.2184
67.7839
64.6077
61.7326
59.0466
56.4476
53.9578
51.6067
49.3303
47.0676
44.8056
42.5912
40.4395
38.3678
36.3751
34.4506
32.5938
30.792
29.0449
27.3276
25.9068
24.7446
23.5233
22.2058
20.8249
19.3477
17.8861
16.1411
14.9093
12.2592
12.6465
5.97181
14.2164
14.5561
11.297
8.46504
6.00258
3.8541
1.96667
0.293055
-1.20628
-2.56161
-3.80077
-4.94309
-6.00837
-7.00477
-7.94219
-8.81823
-9.63837
-10.3973
-11.1014
-11.7433
-12.33
-12.8522
-13.3182
-13.7173
-14.0593
-14.333
-14.5502
-14.7
-14.7965
-14.8292
-14.8148
-14.7442
-14.6355
-14.4809
-14.2993
-14.0838
-13.8527
-13.5992
-13.3399
-13.0668
-12.7945
-12.5135
-12.2358
-11.9502
-11.6675
-11.3763
-11.0862
-10.786
-10.4856
-10.1742
-9.86133
-9.53695
-9.21048
-8.87304
-8.53348
-8.18236
-7.82724
-7.46218
-7.09256
-6.71947
-6.34409
-5.97188
-5.59745
-5.2303
-4.85997
-4.50285
-4.15567
-3.80096
-3.55947
-3.39028
-3.18964
-2.99711
-2.802
-2.62925
-2.45607
-2.33985
-2.22553
-2.04635
-2.45217
-0.951107
-4.91399
16.9488
20.0417
23.1506
26.166
29.2431
32.4575
35.7556
39.0836
42.3988
45.7013
48.9694
52.1942
55.3371
58.39
61.3232
64.1442
66.8337
69.4104
71.8582
74.2024
76.4274
78.5619
80.5861
82.5268
84.3586
86.1049
87.7322
89.2554
90.6338
91.8802
92.9522
93.856
94.5403
94.9979
95.1763
95.0708
94.648
93.9172
92.8718
91.5333
89.8964
87.9571
85.7071
83.1647
80.3668
77.3777
74.2765
71.1342
68.0099
65.0503
62.5104
60.4783
58.6576
56.6277
54.3015
51.8955
49.5681
47.2947
45.0033
42.6973
40.4319
38.2308
36.1066
34.0456
32.0488
30.1091
28.208
26.6369
25.3373
23.9977
22.5626
21.0696
19.4931
17.9327
16.1228
14.7835
12.1597
12.3603
5.92514
13.7797
14.0656
11.4564
9.12182
7.01683
5.10816
3.3609
1.746
0.241528
-1.1718
-2.50504
-3.77058
-4.97118
-6.11397
-7.19594
-8.22256
-9.18858
-10.1001
-10.951
-11.7487
-12.4855
-13.1693
-13.7909
-14.3589
-14.8622
-15.3102
-15.6908
-16.0144
-16.2682
-16.464
-16.5899
-16.6601
-16.6633
-16.6157
-16.5079
-16.3576
-16.1571
-15.9241
-15.6521
-15.3579
-15.035
-14.6982
-14.341
-13.9757
-13.5962
-13.2133
-12.8208
-12.4274
-12.0263
-11.6241
-11.2151
-10.804
-10.3864
-9.96727
-9.54164
-9.11346
-8.67948
-8.24286
-7.80474
-7.36783
-6.93622
-6.50661
-6.08786
-5.67211
-5.26783
-4.87415
-4.49954
-4.11268
-3.85303
-3.6592
-3.44397
-3.23156
-3.02382
-2.82942
-2.6448
-2.51053
-2.37555
-2.20556
-2.53685
-1.1138
-5.01725
16.2607
18.5246
20.7395
22.8135
24.9068
27.1241
29.4542
31.8588
34.3064
36.8019
39.3405
41.9225
44.5187
47.1151
49.6778
52.2032
54.6618
57.0565
59.3599
61.5821
63.6998
65.73
67.6519
69.4897
71.2221
72.873
74.4206
75.886
77.2402
78.501
79.6356
80.657
81.5258
82.2482
82.78
83.122
83.2318
83.1108
82.7255
82.0872
81.1731
79.9962
78.5408
76.8334
74.8901
72.7661
70.5019
68.1601
65.7898
63.4708
61.3215
59.4486
57.7652
56.0276
54.074
51.9445
49.7382
47.5084
45.26
43.0049
40.7637
38.5619
36.4086
34.3049
32.2518
30.2418
28.2809
26.6384
25.2708
23.8741
22.3928
20.8478
19.2335
17.6251
15.8198
14.4031
11.8943
11.8919
5.84585
13.2314
14.1042
12.0751
10.1653
8.35741
6.63687
4.99366
3.41536
1.89896
0.435601
-0.972387
-2.33111
-3.63528
-4.88941
-6.08659
-7.23201
-8.31808
-9.35061
-10.3224
-11.2402
-12.0964
-12.8989
-13.6393
-14.3267
-14.9511
-15.5225
-16.0297
-16.4834
-16.8709
-17.2034
-17.4679
-17.677
-17.817
-17.9019
-17.919
-17.8839
-17.7848
-17.6385
-17.4347
-17.1911
-16.8983
-16.574
-16.2104
-15.8235
-15.4068
-14.9753
-14.5228
-14.0624
-13.5876
-13.1091
-12.6201
-12.1292
-11.629
-11.1278
-10.6184
-10.1092
-9.59482
-9.08356
-8.57192
-8.06716
-7.5666
-7.07665
-6.59561
-6.12839
-5.67409
-5.2386
-4.81832
-4.40132
-4.10614
-3.89349
-3.65558
-3.42827
-3.19874
-2.98911
-2.78635
-2.63473
-2.47332
-2.32919
-2.55268
-1.28501
-5.04547
16.7501
18.5965
20.3367
21.8785
23.3574
24.8859
26.4871
28.1422
29.8255
31.5394
33.2885
35.0844
36.9168
38.7828
40.6626
42.5577
44.448
46.335
48.1946
50.0283
51.8087
53.5406
55.1982
56.795
58.3074
59.7541
61.1125
62.4052
63.6058
64.7375
65.77
66.7261
67.5709
68.3256
68.9507
69.4646
69.8251
70.0475
70.0885
69.9617
69.6301
69.109
68.3684
67.4301
66.2881
64.9835
63.5324
61.9938
60.4058
58.788
57.0843
55.2933
53.4835
51.7286
50.0016
48.2226
46.3279
44.3467
42.3377
40.3453
38.3743
36.4242
34.4945
32.5844
30.6974
28.8298
26.9924
25.431
24.1135
22.7839
21.3674
19.8805
18.3296
16.7817
15.056
13.6798
11.3106
11.2825
5.54408
12.7866
14.9599
13.2244
11.5345
9.88979
8.28241
6.71763
5.18572
3.69608
2.23876
0.825946
-0.552736
-1.88325
-3.17639
-4.4176
-5.61833
-6.76343
-7.86516
-8.90891
-9.90692
-10.8453
-11.7367
-12.5676
-13.3513
-14.0743
-14.7497
-15.3647
-15.9319
-16.4382
-16.8957
-17.2912
-17.6365
-17.9181
-18.1475
-18.3117
-18.4228
-18.4678
-18.4598
-18.3872
-18.2639
-18.0794
-17.8495
-17.565
-17.2418
-16.8718
-16.4707
-16.0319
-15.5696
-15.0779
-14.5697
-14.0394
-13.4979
-12.9391
-12.3729
-11.7939
-11.2113
-10.6215
-10.0334
-9.44438
-8.86267
-8.28553
-7.72144
-7.16872
-6.63399
-6.11543
-5.62026
-5.14618
-4.67191
-4.34565
-4.09929
-3.8396
-3.58242
-3.33401
-3.09488
-2.87586
-2.69794
-2.5112
-2.38365
-2.54658
-1.33594
-5.17775
14.8248
16.3924
17.8461
19.0947
20.2398
21.3899
22.589
23.8288
25.0782
26.3265
27.5728
28.8313
30.1018
31.3923
32.6931
34.0126
35.3384
36.6809
38.0237
39.3747
40.7109
42.0402
43.3367
44.6115
45.8368
47.0293
48.1615
49.253
50.2763
51.2529
52.1532
52.9997
53.7607
54.4591
55.0615
55.5898
56.0097
56.3419
56.5498
56.6522
56.6155
56.461
56.1579
55.7338
55.1722
54.506
53.7294
52.8764
51.9628
51.0329
50.0821
49.1085
48.1109
47.0729
45.8865
44.4707
42.837
41.0884
39.3126
37.5493
35.7919
34.0365
32.2832
30.536
28.8011
27.0721
25.3692
23.8977
22.6395
21.3797
20.0402
18.6271
17.1601
15.6906
14.0721
12.7716
10.56
10.5638
5.12473
12.3209
13.2736
11.7476
10.2363
8.74963
7.27727
5.83323
4.40492
3.00783
1.62974
0.286524
-1.03425
-2.31613
-3.57125
-4.78349
-5.96513
-7.09998
-8.20017
-9.25002
-10.2616
-11.2202
-12.1373
-12.9988
-13.8168
-14.5777
-15.2935
-15.9512
-16.5626
-17.1149
-17.62
-18.0649
-18.4616
-18.7968
-19.0818
-19.3038
-19.4743
-19.5802
-19.6333
-19.6212
-19.5561
-19.4269
-19.2467
-19.0058
-18.7181
-18.3754
-17.9911
-17.5588
-17.0919
-16.5848
-16.0498
-15.4824
-14.8945
-14.2815
-13.6544
-13.0097
-12.3576
-11.6957
-11.0333
-10.3685
-9.7102
-9.05721
-8.41777
-7.79196
-7.18533
-6.59892
-6.04036
-5.50027
-4.97678
-4.6031
-4.32763
-4.02994
-3.74669
-3.46304
-3.20006
-2.95324
-2.75423
-2.53217
-2.41747
-2.53011
-1.3514
-5.27584
9.98431
11.3178
12.5471
13.6055
14.5801
15.5469
16.542
17.5511
18.5521
19.5322
20.4962
21.453
22.408
23.3647
24.3207
25.2803
26.2404
27.2081
28.1775
29.1548
30.1294
31.1084
32.0779
33.0452
33.993
34.9318
35.8415
36.7339
37.5873
38.4161
39.1962
39.9435
40.6318
41.2798
41.8606
42.3947
42.8537
43.2599
43.5838
43.8478
44.0224
44.1314
44.1465
44.0937
43.9518
43.747
43.4603
43.1089
42.6804
42.2095
41.7133
41.2207
40.7417
40.2915
39.79
39.1103
38.1845
37.0541
35.7839
34.4261
32.9892
31.4869
29.9358
28.3566
26.7686
25.1698
23.5902
22.2044
20.9965
19.7999
18.5358
17.2002
15.817
14.4405
12.9367
11.7278
9.68621
9.74461
4.6248
11.7582
8.6684
7.37039
6.08451
4.81798
3.56336
2.33179
1.11359
-0.0788521
-1.25563
-2.40386
-3.5338
-4.63236
-5.70948
-6.7521
-7.77005
-8.75035
-9.70257
-10.6139
-11.4939
-12.3304
-13.1324
-13.8886
-14.6079
-15.28
-15.9134
-16.4983
-17.0434
-17.5394
-17.9945
-18.3999
-18.7634
-19.0764
-19.3458
-19.5634
-19.7357
-19.8541
-19.9254
-19.9408
-19.9072
-19.8164
-19.6757
-19.4776
-19.2308
-18.9284
-18.58
-18.1798
-17.7384
-17.2512
-16.7287
-16.1674
-15.5779
-14.9575
-14.3165
-13.6531
-12.9771
-12.2879
-11.5941
-10.8956
-10.2009
-9.50954
-8.83036
-8.16265
-7.51352
-6.88483
-6.28485
-5.70937
-5.1484
-4.75336
-4.44789
-4.13218
-3.82084
-3.52142
-3.23418
-2.97689
-2.75088
-2.50924
-2.4065
-2.47682
-1.33877
-5.25813
5.00052
6.04045
7.01744
7.88209
8.68147
9.46528
10.2663
11.0765
11.8801
12.6627
13.4295
14.1855
14.9369
15.6826
16.423
17.1586
17.8907
18.6215
19.3507
20.0811
20.8099
21.5399
22.2661
22.9933
23.7136
24.4335
25.1423
25.8477
26.5363
27.2167
27.8725
28.514
29.1222
29.7098
30.2565
30.7777
31.2522
31.6976
32.0923
32.4553
32.7636
33.038
33.2556
33.4365
33.559
33.6447
33.6744
33.6571
33.5669
33.4129
33.1958
32.9324
32.6324
32.3448
32.0977
31.8523
31.525
31.0714
30.4608
29.6927
28.7686
27.7041
26.5226
25.2554
23.9348
22.5674
21.197
19.959
18.8518
17.7648
16.6237
15.4108
14.1603
12.9158
11.5649
10.4828
8.64159
8.78077
4.01698
11.0751
3.96485
2.93856
1.9169
0.905981
-0.099355
-1.09015
-2.07357
-3.03948
-3.99557
-4.93118
-5.85444
-6.75446
-7.6392
-8.49783
-9.33783
-10.1489
-10.9379
-11.695
-12.4263
-13.1226
-13.7896
-14.419
-15.0157
-15.5724
-16.0941
-16.5743
-17.0176
-17.4183
-17.7813
-18.1015
-18.3835
-18.6223
-18.8227
-18.9799
-19.098
-19.1722
-19.2068
-19.1963
-19.1452
-19.0477
-18.9084
-18.7219
-18.4931
-18.2172
-17.8997
-17.5366
-17.1344
-16.6896
-16.2097
-15.6918
-15.1438
-14.5638
-13.9603
-13.3321
-12.6878
-12.0274
-11.3589
-10.6828
-10.0066
-9.33143
-8.66476
-8.00797
-7.36736
-6.74718
-6.15501
-5.58325
-5.03166
-4.63198
-4.32904
-4.00818
-3.70218
-3.39897
-3.11705
-2.85318
-2.62675
-2.37901
-2.3025
-2.33748
-1.258
-5.12634
0.869526
1.6157
2.34305
3.00939
3.61852
4.2003
4.7912
5.39606
6.00547
6.60519
7.1966
7.78054
8.36233
8.93941
9.5132
10.082
10.648
11.2112
11.7732
12.3348
12.8957
13.4562
14.0146
14.5732
15.1291
15.6853
16.2378
16.7912
17.3393
17.8869
18.4254
18.9605
19.4813
19.9946
20.4878
20.9698
21.4267
21.8696
22.2832
22.6813
23.0471
23.3965
23.7109
24.0054
24.2597
24.4907
24.6808
24.8415
24.9517
25.0145
25.0177
24.959
24.816
24.6083
24.3901
24.2196
24.1004
24.0024
23.8548
23.5886
23.1623
22.5746
21.8383
20.9792
20.0302
19.0005
17.9424
16.938
16.0032
15.0937
14.1433
13.1247
12.0711
11.0211
9.87648
8.97112
7.36904
7.63241
3.26486
10.2451
0.120192
-0.62448
-1.36727
-2.10425
-2.8392
-3.56628
-4.29055
-5.0048
-5.71488
-6.41292
-7.10501
-7.78265
-8.45214
-9.10489
-9.74698
-10.3698
-10.9792
-11.5666
-12.1374
-12.6834
-13.2094
-13.7079
-14.1828
-14.6272
-15.0449
-15.4298
-15.7851
-16.1055
-16.3943
-16.6473
-16.8673
-17.0507
-17.2005
-17.3139
-17.3929
-17.4354
-17.4433
-17.4144
-17.3504
-17.2491
-17.1121
-16.937
-16.726
-16.4763
-16.1912
-15.868
-15.5105
-15.1169
-14.6917
-14.2336
-13.7482
-13.2346
-12.6989
-12.1407
-11.5663
-10.9762
-10.3763
-9.76737
-9.15535
-8.54214
-7.93414
-7.33301
-6.74526
-6.17453
-5.62879
-5.09942
-4.58869
-4.22402
-3.94156
-3.65001
-3.3621
-3.08469
-2.81324
-2.57265
-2.35589
-2.1273
-2.08139
-2.09833
-1.08317
-4.87009
-2.42785
-1.93981
-1.44453
-0.980235
-0.565991
-0.187043
0.201238
0.610559
1.0369
1.46183
1.88458
2.30196
2.72098
3.13917
3.55984
3.97891
4.39879
4.81727
5.23686
5.65661
6.07759
6.49998
6.92344
7.34896
7.77466
8.20342
8.63184
9.06427
9.49516
9.9309
10.3639
10.8013
11.2331
11.6683
12.0951
12.5235
12.9398
13.356
13.7569
14.1559
14.5372
14.9149
15.2722
15.6225
15.948
16.2589
16.5381
16.7963
17.0197
17.2144
17.3715
17.4888
17.5301
17.4742
17.3419
17.1997
17.1151
17.1255
17.1846
17.2008
17.092
16.8355
16.4397
15.9273
15.3274
14.6433
13.929
13.2006
12.4838
11.7985
11.0905
10.3219
9.51997
8.71654
7.82686
7.14559
5.82745
6.25219
2.32824
9.18702
-2.92036
-3.40845
-3.89944
-4.38719
-4.87658
-5.3616
-5.84731
-6.32742
-6.80693
-7.27937
-7.74985
-8.21179
-8.67014
-9.11831
-9.56119
-9.99223
-10.4159
-10.8258
-11.2262
-11.6108
-11.983
-12.3373
-12.6767
-12.9953
-13.296
-13.5735
-13.8301
-14.0612
-14.2688
-14.449
-14.6036
-14.7294
-14.8282
-14.8973
-14.9384
-14.9495
-14.9322
-14.8843
-14.8074
-14.6999
-14.5632
-14.3955
-14.1985
-13.9705
-13.7138
-13.4272
-13.113
-12.7708
-12.4034
-12.0105
-11.5956
-11.159
-10.7041
-10.2316
-9.74524
-9.24607
-8.73771
-8.22197
-7.70269
-7.18246
-6.66565
-6.15428
-5.65329
-5.16755
-4.70246
-4.25195
-3.82095
-3.51475
-3.27942
-3.02813
-2.78621
-2.54133
-2.31431
-2.10968
-1.93008
-1.73171
-1.73363
-1.73657
-0.783357
-4.4298
-2.88783
-2.59599
-2.29744
-2.01372
-1.76732
-1.5532
-1.33357
-1.09741
-0.847568
-0.598706
-0.351318
-0.106726
0.140997
0.3913
0.646081
0.903134
1.16235
1.42338
1.68582
1.95112
2.21774
2.48921
2.7625
3.04221
3.32317
3.61136
3.90008
4.19639
4.4921
4.79571
5.09793
5.40782
5.71525
6.03009
6.34148
6.65948
6.97269
7.29105
7.60284
7.91766
8.22376
8.53009
8.8251
9.11719
9.39429
9.66086
9.90335
10.1251
10.3161
10.4814
10.6187
10.7338
10.8045
10.7977
10.7045
10.5676
10.4621
10.484
10.6466
10.8669
11.0323
11.0816
11.002
10.8057
10.5178
10.1417
9.73778
9.27296
8.75935
8.28209
7.80679
7.28471
6.73743
6.18879
5.56442
5.12796
4.10343
4.70583
1.25874
7.8091
-3.16454
-3.43454
-3.7066
-3.97427
-4.24436
-4.51018
-4.77819
-5.04187
-5.30728
-5.56809
-5.83005
-6.08713
-6.34458
-6.59674
-6.8484
-7.09414
-7.33836
-7.57617
-7.8114
-8.03929
-8.26312
-8.47871
-8.68911
-8.88972
-9.08317
-9.26539
-9.43858
-9.59878
-9.74796
-9.88254
-10.0042
-10.11
-10.2015
-10.2759
-10.3349
-10.3764
-10.4017
-10.4086
-10.398
-10.3684
-10.3199
-10.251
-10.1616
-10.0504
-9.91709
-9.76057
-9.58119
-9.37809
-9.15194
-8.90251
-8.63123
-8.33867
-8.02663
-7.69636
-7.34998
-6.98937
-6.61682
-6.23506
-5.8467
-5.45484
-5.06242
-4.67195
-4.2872
-3.91313
-3.55411
-3.20383
-2.87157
-2.64219
-2.46336
-2.27354
-2.08097
-1.89467
-1.71474
-1.56122
-1.41775
-1.25878
-1.29173
-1.29916
-0.3965
-3.75276
-4.21781
-4.15462
-4.08443
-4.00085
-3.93764
-3.89418
-3.84667
-3.7795
-3.69935
-3.61389
-3.52792
-3.43792
-3.34236
-3.23821
-3.12706
-3.00795
-2.88332
-2.7511
-2.61324
-2.46676
-2.31412
-2.15154
-1.98132
-1.79997
-1.61023
-1.40878
-1.19909
-0.977529
-0.747806
-0.507085
-0.258381
0.000957706
0.267739
0.544811
0.82944
1.12402
1.4266
1.73945
2.06036
2.39212
2.73201
3.0826
3.44095
3.81071
4.18769
4.57439
4.9635
5.35526
5.74099
6.11953
6.4843
6.83497
7.15418
7.41077
7.58004
7.65204
7.5745
7.29838
6.8391
6.26054
5.6722
5.18147
4.84652
4.65178
4.55132
4.4671
4.40722
4.24774
4.02305
3.84787
3.69155
3.49354
3.26927
3.03801
2.74043
2.60766
1.94687
2.7177
-0.0222887
5.48153
-4.26817
-4.31686
-4.36977
-4.4226
-4.48041
-4.53763
-4.59935
-4.66062
-4.72641
-4.79116
-4.85978
-4.92697
-4.9978
-5.0667
-5.13834
-5.20742
-5.27861
-5.34699
-5.41612
-5.48197
-5.54773
-5.60926
-5.66954
-5.72494
-5.77766
-5.82459
-5.86731
-5.90287
-5.93259
-5.95439
-5.96845
-5.97335
-5.96915
-5.95528
-5.93147
-5.89775
-5.85411
-5.80088
-5.73819
-5.66652
-5.58572
-5.49657
-5.39916
-5.29389
-5.18063
-5.05989
-4.93158
-4.79608
-4.65329
-4.50375
-4.34723
-4.18435
-4.01435
-3.83839
-3.65528
-3.46698
-3.27217
-3.07377
-2.8705
-2.66593
-2.45919
-2.25337
-2.0487
-1.8506
-1.65875
-1.46897
-1.28772
-1.17185
-1.08999
-0.994829
-0.902692
-0.808171
-0.72363
-0.660517
-0.605877
-0.5176
-0.60021
-0.656061
0.166306
-2.51954
-1.27918
-1.53825
-1.73874
-1.86293
-1.97277
-2.09727
-2.22248
-2.33533
-2.43146
-2.51788
-2.59454
-2.66505
-2.72478
-2.77681
-2.81707
-2.85041
-2.8723
-2.88719
-2.88983
-2.88513
-2.86775
-2.8428
-2.80445
-2.75854
-2.69902
-2.63222
-2.55241
-2.46568
-2.3669
-2.26245
-2.14741
-2.02809
-1.90067
-1.77096
-1.63645
-1.50257
-1.36774
-1.2376
-1.11213
-0.996623
-0.893206
-0.807805
-0.743386
-0.705959
-0.699048
-0.728041
-0.795305
-0.906535
-1.06404
-1.27358
-1.53464
-1.84607
-2.19727
-2.60577
-3.11779
-3.78756
-4.54227
-5.05456
-4.819
-3.63072
-1.79372
0.0983978
1.5761
2.46648
2.86036
2.92058
2.86283
2.70393
2.42018
2.16538
1.9565
1.75484
1.56742
1.40574
1.21587
1.16057
0.750414
1.26
-0.338615
2.58809
-1.04265
-0.817854
-0.600355
-0.394733
-0.19529
-0.00836185
0.172454
0.339623
0.500263
0.646833
0.786096
0.910395
1.02654
1.12737
1.21914
1.29489
1.36067
1.41016
1.44892
1.47039
1.4806
1.47388
1.45479
1.41854
1.36969
1.30426
1.22599
1.13233
1.0261
0.905974
0.774761
0.632079
0.480224
0.319444
0.152268
-0.020338
-0.1962
-0.374207
-0.551951
-0.727854
-0.899316
-1.06522
-1.22241
-1.37001
-1.50462
-1.62605
-1.7306
-1.8191
-1.88801
-1.93921
-1.96951
-1.98219
-1.97424
-1.95025
-1.90755
-1.85198
-1.78101
-1.70139
-1.61098
-1.51616
-1.41514
-1.31263
-1.20769
-1.1054
-1.00378
-0.900264
-0.804327
-0.759918
-0.720962
-0.670435
-0.616123
-0.558102
-0.497052
-0.440079
-0.378048
-0.294582
-0.307929
-0.333993
0.110369
-1.0749
)
;

boundaryField
{
    inlet
    {
        type            freestreamPressure;
        freestreamValue uniform 0;
        supersonic      false;
        value           nonuniform List<scalar> 
134
(
16.4291
16.1557
15.5289
14.5272
13.2717
11.6859
9.83077
7.75902
5.43554
2.34072
0.456678
0.698369
1.05684
1.3181
1.52606
1.70918
1.88012
2.04732
2.22136
2.41489
16.4103
2.64318
2.91621
3.2231
3.52574
3.74966
3.85578
4.06973
4.07532
4.17733
5.06995
4.66554
4.72017
4.86423
4.99546
5.09646
5.19624
5.35116
5.64689
5.99303
16.1162
15.4605
14.2823
12.6269
10.3645
7.40024
3.7163
6.853
6.92249
6.84196
6.77875
6.76565
6.76877
6.75974
6.73212
6.69368
6.64732
6.59396
6.52975
6.45473
6.3657
6.26197
6.13795
5.98828
5.80382
5.57265
5.38527
5.18938
4.95305
4.66639
4.31826
3.87427
3.29571
2.31544
1.09537
1.31274
2.41116
3.40561
4.15782
4.72606
5.15778
5.42882
5.54522
5.54276
5.45027
5.29261
5.09555
4.87256
4.63092
4.37464
4.12675
3.90692
3.69015
3.44826
3.18487
2.90683
2.6201
2.32612
2.02619
1.71997
1.40632
1.08131
0.737595
0.35965
-0.0775047
-0.508242
-0.705621
-0.755972
-0.842515
-0.988412
-1.15073
-1.30098
-1.44371
-1.58957
-1.74442
-1.90025
-2.05544
-2.20338
-2.34785
-2.48248
-2.60866
-2.7173
-2.80487
-2.86411
-2.88051
-2.9563
-3.01253
-3.00258
-2.92742
-2.78109
-2.52956
-2.14277
-1.43846
-0.613528
)
;
    }
    outlet
    {
        type            freestreamPressure;
        freestreamValue uniform 0;
        supersonic      false;
        value           nonuniform List<scalar> 
160
(
-0.0148491
-0.0125018
-0.0174521
-0.0102709
-0.0194113
-0.00810318
-0.0205555
-0.006051
-0.021548
-0.00405502
-0.0226974
-0.00218384
-0.0238512
-0.000371265
-0.0248662
0.00130241
-0.0256982
0.00291043
-0.0264237
0.00437312
-0.0270458
0.00576031
-0.0276026
0.00699207
-0.0280475
0.00813875
-0.0284124
0.0091263
-0.0286581
0.0100197
-0.028835
0.0107482
-0.0288993
0.0113746
-0.028896
0.0118356
-0.0287745
0.0121894
-0.0285842
0.0123717
-0.0282742
0.0124446
-0.0278947
0.0123541
-0.0273911
0.0121478
-0.0268201
0.0117813
-0.0261254
0.0113017
-0.0253682
0.0106734
-0.0244959
0.00993535
-0.0235663
0.00906598
-0.0225329
0.00809492
-0.0214557
0.00701253
-0.0202906
0.00584715
-0.0190956
0.00459783
-0.0178375
0.00328712
-0.0165688
0.00191926
-0.0152687
0.000517608
-0.0139851
-0.000908091
-0.0127061
-0.00233883
-0.0114811
-0.00376457
-0.0103134
-0.00516536
-0.0092498
-0.00652812
-0.00831631
-0.00783235
-0.00757057
-0.00906977
-0.00705154
-0.0102162
-0.00682655
-0.0112662
-0.00694896
-0.0121945
-0.0074955
-0.0130023
-0.00852305
-0.0136628
-0.0101348
-0.0141863
-0.0124097
-0.0145479
-0.0154763
-0.0147667
-0.0193863
-0.0148217
-0.0241489
-0.0147424
-0.029581
-0.0145098
-0.035715
-0.014163
-0.0426406
-0.0136859
-0.0499929
-0.0131252
-0.0554644
-0.0124662
-0.055625
-0.01176
-0.0482387
-0.010994
-0.0341274
-0.0102146
-0.016294
-0.00941075
0.000931358
-0.00861534
0.0140111
-0.00782285
0.0215576
-0.00706624
0.0244775
-0.00633211
0.0243643
-0.00560377
0.0232533
-0.00494187
0.0214126
-0.00461747
0.0188067
-0.00433434
0.0165007
-0.00398703
0.0145958
-0.0036225
0.0128111
-0.00324236
0.0111891
-0.00285194
0.00982598
-0.00249241
0.00828849
-0.0021115
0.00779934
-0.00162211
0.00483686
-0.00167374
0.00829086
-0.00178278
-0.0021584
0.000572356
0.0175327
-0.00571168
)
;
    }
    walls
    {
        type            zeroGradient;
    }
    frontAndBack
    {
        type            empty;
    }
}


// ************************************************************************* //
