/*--------------------------------*- C++ -*----------------------------------*\
  =========                 |
  \\      /  F ield         | OpenFOAM: The Open Source CFD Toolbox
   \\    /   O peration     | Website:  https://openfoam.org
    \\  /    A nd           | Version:  12
     \\/     M anipulation  |
\*---------------------------------------------------------------------------*/
FoamFile
{
    format      ascii;
    class       volScalarField;
    location    "450";
    object      p;
}
// * * * * * * * * * * * * * * * * * * * * * * * * * * * * * * * * * * * * * //

dimensions      [0 2 -2 0 0 0 0];

internalField   nonuniform List<scalar> 
10720
(
-2175.21
-2442.98
-2749.7
-3011.57
-3205
-3383.45
-3506.36
-3574.22
-3613.28
-3612.83
-3579.35
-3520.38
-3440.05
-3342.38
-3230.62
-3105.09
-2970.1
-2822.91
-2667.05
-2499.72
-2324.25
-2139.32
-1950.99
-1761.99
-1579.77
-1414.69
-1263.58
-1117.6
-975.334
-836.847
-701.591
-569.069
-440.828
-319.568
-217.819
-137.245
-132.313
-176.62
-209.152
-1867.22
-1581.26
-1219.69
-840.502
-465.018
-109.731
205.97
460.032
644.572
767.475
838.145
867.582
871.79
859.038
831.817
797.137
758.839
717.647
674.233
628.948
582.13
533.479
483.148
431.798
382.685
338.23
297.295
259.55
225.176
194.413
167.197
143.311
122.445
104.306
88.4395
74.6435
62.6682
55.1388
52.1329
-1222.75
-1443.91
-1674.35
-1897.25
-2108.64
-2311.81
-2492.95
-2645.63
-2770.12
-2861.05
-2922.17
-2956.81
-2966.51
-2951.83
-2913.12
-2850.56
-2767.11
-2662.86
-2541.26
-2402.34
-2249.71
-2083.91
-1910.72
-1733.84
-1560.65
-1401.06
-1253.26
-1109.75
-969.458
-832.574
-698.491
-566.874
-439.276
-318.396
-216.947
-136.414
-132.019
-179.739
-211.659
-1014.04
-807.137
-586.799
-349.136
-108.217
126.782
342.815
525.452
666.837
766.731
828.313
857.343
863.219
851.903
827.483
795.464
759.015
719.198
676.802
632.347
586.194
538.261
488.772
438.466
389.976
345.41
304.14
265.942
231.05
199.715
171.905
147.433
126.019
107.383
91.099
76.9875
64.8113
57.2588
53.6897
-1065.72
-1263.82
-1471.49
-1689.8
-1899.4
-2096.33
-2276.07
-2428.51
-2551.38
-2647.53
-2716.7
-2759.44
-2776.71
-2769.71
-2739.71
-2688.17
-2617.05
-2527.55
-2421.62
-2299.84
-2164.25
-2015.7
-1858.3
-1695.68
-1534
-1381.8
-1238.87
-1099.27
-961.941
-827.239
-694.776
-564.383
-437.652
-317.346
-216.121
-135.692
-131.518
-181.779
-214.182
-876.025
-674.887
-457.694
-232.468
-12.0138
197.657
386.45
544.556
667.746
756.331
812.711
841.384
849.244
840.817
819.754
790.431
755.826
717.404
676.095
632.521
587.096
539.909
491.218
441.747
393.663
348.981
307.553
269.192
234.111
202.548
174.489
149.762
128.106
109.249
92.7884
78.5604
66.3582
58.7909
55.2803
-758.447
-925.884
-1107.05
-1295.03
-1481.16
-1663.23
-1835.44
-1992.76
-2131.73
-2251.66
-2350.49
-2426.06
-2477.04
-2503.51
-2505.64
-2484.4
-2440.92
-2376.57
-2292.93
-2191.37
-2073.82
-1942.08
-1799.79
-1650.94
-1500.93
-1356.89
-1219.79
-1085.16
-951.873
-820.298
-690.255
-561.688
-436.269
-316.839
-215.906
-135.778
-131.521
-182.344
-215.407
-602.211
-443.1
-272.706
-91.6754
87.4396
260.453
418.848
553.631
660.76
739.971
792.379
821.15
831.144
825.782
808.255
782.103
750.051
713.709
674.085
631.878
587.578
541.423
493.723
445.208
397.733
353.195
311.758
273.289
238.005
206.158
177.77
152.698
130.705
111.534
94.8122
80.3954
68.1012
60.471
57.006
-618.913
-769.985
-934.061
-1107.46
-1280.35
-1452.69
-1619.87
-1775.92
-1917.46
-2042.14
-2146.8
-2229.53
-2289.72
-2327.13
-2341.69
-2333.9
-2304.37
-2254.17
-2184.47
-2096.67
-1992.4
-1873.66
-1743.61
-1606.21
-1466.28
-1329.74
-1198.22
-1068.56
-939.575
-811.618
-684.605
-558.492
-434.922
-316.75
-216.27
-136.613
-132.11
-181.994
-214.902
-476.723
-332.241
-177.828
-16.1703
141.724
293.636
432.892
551.939
647.545
719.636
768.874
797.778
809.814
807.517
793.635
770.958
741.865
707.978
670.37
629.818
586.889
541.943
495.36
447.879
401.126
356.854
315.474
276.953
241.525
209.458
180.804
155.445
133.168
113.733
96.7934
82.224
69.8657
62.1956
58.7511
-486.795
-620.426
-767.425
-922.623
-1078.56
-1236.26
-1390.82
-1537.76
-1674.39
-1797.95
-1906.02
-1996.9
-2069.36
-2121.77
-2153.21
-2163.29
-2151.94
-2119.71
-2067.37
-1996.11
-1907.38
-1803.18
-1686.38
-1560.81
-1430.94
-1301.9
-1175.86
-1050.96
-926.18
-801.895
-678.129
-554.856
-433.603
-317.11
-217.276
-138.178
-133.057
-181.008
-212.741
-361.686
-235.843
-100.929
41.2178
179.995
314.106
437.805
544.254
630.594
696.819
743.4
772.348
786.128
786.689
776.31
757.174
731.288
700.176
664.928
626.36
585.102
541.608
496.328
450.012
404.12
360.274
319.071
280.595
245.096
212.858
183.965
158.331
135.771
116.065
98.8953
84.1576
71.7206
63.9814
60.5219
-397.575
-518.862
-652.873
-795.006
-937.923
-1083.89
-1228.55
-1367.76
-1499.53
-1621.11
-1730.02
-1824.39
-1902.15
-1961.56
-2001.64
-2021.71
-2021.5
-2001.21
-1961.28
-1902.66
-1826.56
-1734.79
-1629.89
-1515.35
-1395.12
-1273.57
-1153.13
-1032.94
-912.289
-791.629
-671.17
-550.945
-432.37
-317.981
-219.065
-140.601
-134.314
-179.612
-209.195
-284.023
-170.501
-48.73
79.2945
203.828
324.35
435.96
532.441
611.291
672.588
716.89
745.71
760.849
763.955
756.817
741.133
718.547
690.412
657.773
621.449
582.111
540.286
496.478
451.454
406.55
363.284
322.381
284.041
248.542
216.185
187.093
161.214
138.391
118.428
101.038
86.1367
73.6216
65.7984
62.3013
-325.647
-435.708
-557.984
-687.68
-818.179
-952.385
-1086.14
-1215.86
-1340.08
-1456.28
-1562.18
-1656.07
-1736.05
-1800.6
-1848.34
-1878.1
-1889.05
-1880.88
-1853.6
-1807.8
-1744.41
-1665.06
-1572.01
-1468.42
-1357.85
-1244.05
-1129.57
-1014.33
-897.959
-780.984
-663.86
-546.804
-431.187
-319.312
-221.693
-143.983
-135.93
-177.817
-204.6
-222.643
-120.17
-9.96554
106.078
218.809
328.155
429.831
518.088
590.663
647.741
689.971
718.464
734.623
739.886
735.644
723.207
703.881
678.814
648.954
615.087
577.891
537.937
495.776
452.178
408.402
365.872
325.399
287.296
251.877
219.465
190.219
164.126
141.062
120.855
103.249
88.1841
75.586
67.6585
64.0959
-270.607
-371.459
-483.867
-603.209
-723.176
-847.088
-971.185
-1092.19
-1209.15
-1319.77
-1422.01
-1514.41
-1595.14
-1662.44
-1714.81
-1750.85
-1769.47
-1770.17
-1752.7
-1717.36
-1664.81
-1596.43
-1514.16
-1420.8
-1319.49
-1213.4
-1105.05
-994.953
-883.04
-769.915
-656.216
-542.397
-429.924
-320.925
-225.057
-148.316
-137.933
-175.549
-199.113
-176.217
-82.6832
18.0977
124.28
227.267
327.38
420.788
502.157
569.345
622.797
663.099
691.051
707.941
714.97
713.245
703.773
687.568
665.559
638.564
607.301
572.425
534.525
494.171
452.139
409.626
367.98
328.071
290.311
255.057
222.658
193.31
167.041
143.76
123.325
105.514
90.2878
77.6038
69.5544
65.8997
-226.71
-319.5
-423.203
-533.283
-643.808
-758.302
-873.249
-985.729
-1095.15
-1199.41
-1296.8
-1386.06
-1465.48
-1533.44
-1588.5
-1629.2
-1654.21
-1662.71
-1654.15
-1628.49
-1586.1
-1528.07
-1456.03
-1372.45
-1280.09
-1181.66
-1079.54
-974.726
-867.426
-758.317
-648.185
-537.687
-428.454
-322.591
-228.919
-153.439
-140.294
-172.75
-192.781
-139.817
-53.9975
38.6917
136.46
231.194
323.466
409.852
485.3
547.83
598.088
636.555
663.829
681.169
689.598
690.012
683.184
669.888
650.846
626.727
598.153
565.731
530.031
491.632
451.299
410.181
369.566
330.358
293.053
258.057
225.744
196.351
169.947
146.479
125.837
107.831
92.4478
79.6747
71.486
67.7117
-191.679
-277.488
-373.589
-475.558
-577.747
-683.839
-790.524
-895.169
-997.399
-1095.38
-1187.68
-1273.26
-1350.55
-1418.09
-1474.42
-1518.13
-1547.71
-1562.14
-1560.7
-1543.15
-1509.57
-1460.78
-1398.12
-1323.69
-1239.88
-1148.95
-1053.12
-953.681
-851.106
-746.152
-639.724
-532.647
-426.703
-324.124
-233.009
-159.067
-142.924
-169.398
-185.652
-111.269
-32.0659
53.6585
144.185
231.833
317.364
397.672
467.951
526.436
573.832
610.505
637.032
654.591
664.09
666.277
661.76
651.118
634.886
613.586
587.727
557.841
524.461
488.143
449.629
410.034
370.592
332.22
295.486
260.842
228.695
199.319
172.827
149.207
128.38
110.194
94.6588
81.7942
73.4503
69.5294
-163.329
-242.975
-332.326
-427.068
-521.812
-620.31
-719.429
-816.768
-912.157
-1003.95
-1090.96
-1172.35
-1246.73
-1312.81
-1369.2
-1414.56
-1447.43
-1466.58
-1471.13
-1460.62
-1434.91
-1394.52
-1340.51
-1274.66
-1199
-1115.39
-1025.86
-931.86
-834.104
-733.42
-630.82
-527.271
-424.659
-325.397
-237.091
-164.89
-145.677
-165.527
-177.741
-88.6199
-15.2075
64.4349
148.624
230.107
309.758
384.73
450.456
505.358
550.148
585.109
610.829
628.41
638.69
642.323
639.788
631.52
617.899
599.304
576.129
548.816
517.835
483.698
447.114
409.16
371.022
333.618
297.571
263.381
231.483
202.192
175.665
151.93
130.945
112.596
96.9165
83.9584
75.4447
71.3503
-140.219
-214.409
-297.735
-386.02
-474.103
-565.754
-658.002
-748.618
-837.615
-923.52
-1005.32
-1082.37
-1153.46
-1217.47
-1273.13
-1319.15
-1354.17
-1376.82
-1386.13
-1381.49
-1362.57
-1329.64
-1283.5
-1225.59
-1157.62
-1081.1
-997.822
-909.305
-816.44
-720.129
-621.467
-521.553
-422.339
-326.363
-240.972
-170.678
-148.395
-161.215
-169.107
-70.5775
-2.25007
72.0112
150.612
226.657
301.129
371.361
433.037
484.734
527.117
560.453
585.318
602.768
613.593
618.373
617.513
611.335
600.096
584.054
563.484
538.732
510.188
478.306
443.746
407.538
370.827
334.518
299.276
265.641
234.081
204.947
178.441
154.634
133.522
115.029
99.2148
86.1623
77.4662
73.1722
-121.231
-190.548
-268.451
-350.919
-433.001
-518.453
-604.443
-688.878
-771.931
-852.258
-928.991
-1001.67
-1069.23
-1130.71
-1185.01
-1230.89
-1267.12
-1292.32
-1305.4
-1305.65
-1292.59
-1266.27
-1227.24
-1176.65
-1115.9
-1046.21
-969.084
-886.057
-798.135
-706.282
-611.661
-515.479
-419.744
-327.037
-244.509
-176.263
-150.982
-156.554
-159.906
-56.1193
7.67251
77.1523
150.76
221.973
291.818
357.796
415.856
464.646
504.8
536.595
560.581
577.777
588.943
594.614
595.142
590.776
581.68
568.007
549.925
527.679
501.575
471.992
439.527
405.157
369.982
334.889
300.566
267.59
236.458
207.558
181.134
157.303
136.098
117.485
101.547
88.4003
79.5109
74.9921
-105.537
-170.457
-243.459
-320.663
-397.324
-477.151
-557.423
-636.199
-713.74
-788.817
-860.714
-929.095
-993.054
-1051.77
-1104.27
-1149.44
-1186.14
-1213.06
-1229.01
-1233.25
-1225.15
-1204.61
-1171.94
-1128.04
-1074.04
-1010.85
-939.737
-862.168
-779.215
-691.887
-601.391
-509.029
-416.85
-327.437
-247.648
-181.491
-153.416
-151.684
-150.377
-44.4968
15.2268
80.4034
149.527
216.402
282.084
344.224
399.007
445.146
483.224
513.555
536.647
553.501
564.846
571.187
572.853
570.036
562.839
551.332
535.589
515.762
492.065
464.796
434.473
402.013
368.47
334.704
301.41
269.197
238.586
210
183.725
159.92
138.661
119.953
103.906
90.6662
81.5749
76.8079
-92.4851
-153.411
-221.963
-294.38
-366.123
-440.812
-515.854
-589.437
-661.877
-732.05
-799.37
-863.6
-923.956
-979.764
-1030.18
-1074.21
-1110.78
-1138.73
-1156.82
-1164.24
-1160.32
-1144.79
-1117.77
-1079.94
-1032.18
-975.15
-909.875
-837.698
-759.712
-676.952
-590.654
-502.184
-413.625
-327.546
-250.4
-186.228
-155.695
-146.8
-140.795
-35.136
20.9167
82.201
147.263
210.214
272.119
330.776
382.571
426.266
462.417
491.352
513.55
529.988
541.377
548.206
550.783
549.279
543.743
534.19
520.618
503.092
481.737
456.764
428.608
398.114
366.283
333.941
301.782
270.432
240.436
212.246
186.189
162.467
141.195
122.422
106.283
92.9527
83.6532
78.6163
-81.5719
-138.864
-203.351
-271.39
-338.649
-408.633
-478.89
-547.694
-615.418
-681.039
-744.047
-804.295
-861.128
-913.979
-962.14
-1004.72
-1040.71
-1069.14
-1088.73
-1098.63
-1098.16
-1086.92
-1064.88
-1032.52
-990.497
-939.266
-879.607
-812.717
-739.668
-661.496
-579.447
-494.929
-410.037
-327.324
-252.783
-190.408
-157.777
-142.127
-131.407
-27.589
25.131
82.8693
144.226
203.612
262.06
317.537
366.594
408.017
442.376
469.979
491.289
507.262
518.592
525.752
529.051
528.64
524.545
516.735
505.152
489.786
470.681
447.961
421.97
393.475
363.419
332.587
301.658
271.268
241.979
214.271
188.503
164.923
143.685
124.879
108.667
95.2518
85.7406
80.4149
-72.4022
-126.369
-187.115
-251.149
-314.29
-379.971
-445.825
-510.233
-573.597
-634.98
-693.944
-750.422
-803.845
-853.763
-899.566
-940.473
-975.578
-1004.02
-1024.56
-1036.36
-1038.7
-1031.1
-1013.41
-985.936
-949.156
-903.339
-849.044
-787.303
-719.13
-645.542
-567.773
-487.253
-406.063
-326.731
-254.786
-194.033
-159.586
-137.859
-122.437
-21.5037
28.171
82.6623
140.625
196.742
252.022
304.573
351.098
390.414
423.093
449.43
469.867
485.34
496.527
503.893
507.746
508.237
505.375
499.103
489.322
475.962
458.993
438.456
414.605
388.122
359.885
330.632
301.02
271.68
243.19
216.047
190.645
167.268
146.114
127.31
111.048
97.5547
87.8308
82.2003
-64.6622
-115.568
-172.873
-233.209
-292.575
-354.288
-416.088
-476.438
-535.779
-593.225
-648.408
-701.323
-751.485
-798.524
-841.936
-881.036
-915.015
-943.105
-964.184
-977.366
-981.934
-977.387
-963.465
-940.325
-908.3
-867.505
-818.297
-761.536
-698.152
-629.117
-555.639
-479.145
-401.68
-325.727
-256.379
-197.138
-161.061
-134.115
-114.102
-16.6007
30.2763
81.7796
136.619
189.72
242.079
291.926
336.104
373.452
404.553
429.683
449.267
464.218
475.198
482.669
486.94
488.163
486.347
481.42
473.254
461.735
446.77
428.326
406.568
382.089
355.697
328.076
299.853
271.65
244.043
217.549
192.588
169.481
148.462
129.701
113.413
99.8516
89.9173
83.9695
-58.0987
-106.179
-160.303
-217.222
-273.104
-331.158
-389.21
-445.817
-501.431
-555.221
-606.871
-656.433
-703.485
-747.735
-788.77
-825.99
-858.681
-886.146
-907.4
-921.533
-927.849
-925.826
-915.132
-895.81
-868.07
-831.901
-787.483
-735.506
-676.792
-612.256
-543.057
-470.598
-396.87
-324.284
-257.524
-199.745
-162.189
-130.929
-106.604
-12.6613
31.6367
80.3799
132.33
182.643
232.293
279.629
321.618
357.127
386.744
410.728
429.479
443.891
454.62
462.112
466.685
468.496
467.556
463.792
457.063
447.216
434.112
417.653
397.922
375.419
350.876
324.925
298.152
271.158
244.518
218.754
194.31
171.539
150.711
132.034
115.749
102.132
91.9923
85.7186
-52.512
-97.9719
-149.141
-202.894
-255.554
-310.219
-364.808
-417.95
-470.108
-520.502
-568.864
-615.278
-659.388
-700.96
-739.656
-774.967
-806.258
-832.89
-854.029
-868.758
-876.401
-876.436
-868.482
-852.497
-828.594
-796.656
-756.719
-709.305
-655.118
-594.997
-530.042
-461.609
-391.616
-322.379
-258.191
-201.863
-162.994
-128.268
-100.078
-9.5042
32.4037
78.5866
127.854
175.575
222.711
267.706
307.647
341.435
369.648
392.536
410.484
424.356
434.794
442.24
447.018
449.292
449.081
446.316
440.85
432.509
421.119
406.526
388.735
368.159
345.455
321.193
295.915
270.195
244.594
219.638
195.787
173.42
152.841
134.293
118.042
104.384
94.0475
87.4437
-47.7339
-90.7574
-139.179
-189.985
-239.656
-291.178
-342.553
-392.485
-441.429
-488.669
-533.965
-577.436
-618.768
-657.784
-694.216
-727.615
-757.439
-783.096
-803.888
-818.916
-827.53
-829.215
-823.568
-810.474
-789.981
-761.891
-726.116
-683.025
-633.196
-577.387
-516.616
-452.179
-385.905
-319.993
-258.356
-203.491
-163.513
-126.074
-94.5582
-6.98743
32.7
76.4983
123.265
168.569
213.365
256.169
294.185
326.356
353.245
375.092
392.259
405.59
415.713
423.062
427.967
430.598
430.986
429.072
424.709
417.714
407.885
395.026
379.077
360.366
339.47
316.899
293.148
268.752
244.257
220.181
196.996
175.101
154.83
136.459
120.276
106.595
96.0741
89.1402
-43.6275
-84.3829
-130.238
-178.297
-225.194
-273.786
-322.177
-369.124
-415.088
-459.388
-501.828
-542.541
-581.259
-617.85
-652.098
-683.619
-711.942
-736.529
-756.793
-771.881
-781.164
-784.145
-780.417
-769.816
-752.331
-727.716
-695.781
-656.758
-611.101
-559.473
-502.807
-442.318
-379.728
-317.11
-258.004
-204.628
-163.774
-124.284
-90
-4.99548
32.6269
74.1987
118.625
161.673
204.278
245.026
281.23
311.875
337.512
358.365
374.781
387.58
397.372
404.584
409.548
412.448
413.323
412.126
408.718
402.916
394.499
383.241
369.025
352.1
332.965
312.072
289.862
266.83
243.496
220.367
197.917
176.562
156.659
138.514
122.434
108.753
98.0621
90.8032
-40.0833
-78.7187
-122.174
-167.666
-211.974
-257.839
-303.448
-347.62
-390.807
-432.377
-472.153
-510.289
-546.548
-580.84
-612.996
-642.688
-669.506
-692.964
-712.56
-727.517
-737.221
-741.195
-739.042
-730.569
-715.723
-694.228
-665.817
-630.597
-588.91
-541.311
-488.646
-432.033
-373.082
-313.721
-257.127
-205.274
-163.802
-122.84
-86.3307
-3.42911
32.2609
71.7492
113.984
154.916
195.464
234.277
268.772
297.982
322.432
342.338
358.029
370.303
379.752
386.797
391.772
394.865
396.13
395.533
392.949
388.194
381.045
371.252
358.651
343.422
325.989
306.744
286.075
264.433
242.304
220.181
198.531
177.78
158.305
140.437
124.5
110.842
100.001
92.4267
-37.0113
-73.6573
-114.864
-157.952
-199.839
-243.159
-286.172
-327.755
-368.359
-407.383
-444.675
-480.399
-514.354
-546.479
-576.64
-604.561
-629.888
-652.189
-671.02
-685.692
-695.612
-700.321
-699.444
-692.773
-680.23
-661.519
-636.319
-604.632
-566.694
-522.958
-474.166
-421.347
-365.97
-309.817
-255.722
-205.433
-163.61
-121.687
-83.4727
-2.21098
31.671
69.2021
109.377
148.321
186.932
223.924
256.807
284.658
307.981
326.983
341.979
353.74
362.842
369.696
374.64
377.865
379.439
379.339
377.457
373.619
367.598
359.134
348.03
334.398
318.595
300.953
281.81
261.571
240.683
219.613
198.822
178.737
159.75
142.208
126.456
112.849
101.88
94.0048
-34.3336
-69.1111
-108.207
-149.04
-188.66
-229.599
-270.185
-309.353
-347.545
-384.194
-419.169
-452.638
-484.43
-514.514
-542.782
-569.001
-592.868
-614.003
-632
-646.273
-656.238
-661.47
-661.611
-656.455
-645.906
-629.665
-607.372
-578.947
-544.528
-504.471
-459.415
-410.279
-358.401
-305.405
-253.791
-205.118
-163.207
-120.775
-81.3453
-1.27511
30.9083
66.5993
104.833
141.905
178.692
213.96
245.32
271.884
294.138
312.279
326.607
337.869
346.623
353.271
358.149
361.456
363.267
363.577
362.291
359.248
354.225
346.96
337.229
325.091
310.836
294.743
277.099
258.259
238.632
218.657
198.776
179.415
160.972
143.809
128.284
114.758
103.687
95.53
-31.986
-65.0085
-102.115
-140.83
-178.324
-217.029
-255.345
-292.255
-328.193
-362.623
-395.435
-426.798
-456.567
-484.728
-511.205
-535.796
-558.243
-578.216
-595.341
-609.126
-619.001
-624.576
-625.516
-621.617
-612.785
-598.726
-579.055
-553.624
-522.488
-485.911
-444.433
-398.862
-350.389
-300.485
-251.343
-204.339
-162.6
-120.058
-79.8675
-0.568108
30.0174
63.9732
100.378
135.682
170.746
204.385
234.301
259.644
280.883
298.201
311.889
322.665
331.074
337.507
342.294
345.641
347.632
348.274
347.49
345.131
340.987
334.797
326.319
315.565
302.769
288.159
271.973
254.519
236.163
217.311
198.384
179.799
161.953
145.221
129.965
116.554
105.409
96.9949
-29.916
-61.2832
-96.5179
-133.235
-168.735
-205.343
-241.53
-276.329
-310.158
-342.516
-373.306
-402.702
-430.573
-456.93
-481.712
-504.752
-525.831
-544.658
-560.893
-574.123
-583.805
-589.572
-591.126
-588.265
-580.901
-568.756
-551.433
-528.737
-500.645
-467.343
-429.271
-387.125
-341.959
-295.075
-248.388
-203.113
-161.796
-119.49
-78.9621
-0.0464464
29.0338
61.3529
96.0276
129.662
163.096
195.189
223.736
247.92
268.193
284.729
297.802
308.111
316.178
322.387
327.066
330.419
332.541
333.45
333.084
331.312
327.938
322.704
315.361
305.883
294.451
281.249
266.469
250.374
233.287
215.578
197.64
179.875
162.677
146.424
131.481
118.221
107.034
98.3907
-28.0798
-57.8849
-91.3521
-126.187
-159.811
-194.449
-228.635
-261.454
-293.31
-323.73
-352.627
-380.183
-406.28
-430.941
-454.127
-475.697
-495.463
-513.171
-528.511
-541.14
-550.545
-556.387
-558.394
-556.383
-550.268
-539.793
-524.567
-504.349
-479.067
-448.829
-413.98
-375.111
-333.133
-289.196
-244.945
-201.457
-160.794
-119.031
-78.5486
0.328118
27.9871
58.7581
91.7944
123.851
155.738
186.365
213.611
236.694
256.048
271.837
284.324
294.181
301.915
307.896
312.45
315.783
317.994
319.115
319.097
317.826
315.119
310.731
304.412
296.101
285.937
274.062
260.63
245.857
230.024
213.464
196.54
179.634
163.129
147.401
132.816
119.743
108.55
99.7086
-26.4396
-54.769
-86.565
-119.624
-151.48
-184.262
-216.57
-247.53
-277.536
-306.141
-333.269
-359.101
-383.537
-406.607
-428.291
-448.468
-466.98
-483.603
-498.058
-510.059
-519.126
-524.947
-527.276
-525.947
-520.889
-511.868
-498.501
-480.523
-457.818
-430.428
-398.614
-362.862
-323.949
-282.871
-241.037
-199.389
-159.602
-118.637
-78.5462
0.585908
26.9003
56.2061
87.6906
118.251
148.67
177.904
203.914
225.95
244.427
259.505
271.431
280.851
288.262
294.016
298.435
301.727
303.993
305.277
305.546
304.698
302.568
298.926
293.523
286.274
277.28
266.648
254.495
240.997
226.395
210.981
195.087
179.07
163.297
148.137
133.951
121.105
109.942
100.939
-24.9641
-51.8971
-82.1127
-113.492
-143.681
-174.716
-205.255
-234.469
-262.739
-289.644
-315.115
-339.335
-362.215
-383.793
-404.063
-422.925
-440.243
-455.822
-469.409
-480.765
-489.45
-495.174
-497.718
-496.933
-492.762
-484.996
-473.272
-457.31
-436.956
-412.199
-383.226
-350.425
-314.444
-276.135
-236.687
-196.93
-158.218
-118.273
-78.877
0.751992
25.7944
53.71
83.7227
112.864
141.888
169.796
194.632
215.671
233.314
247.711
259.1
268.104
275.198
280.727
285.004
288.237
290.531
291.94
292.441
291.95
290.317
287.328
282.741
276.453
268.532
259.055
248.108
235.832
222.426
208.145
193.286
178.179
163.172
148.619
134.873
122.291
111.197
102.072
-23.6268
-49.2376
-77.956
-107.747
-136.363
-165.749
-194.622
-222.196
-248.837
-274.146
-298.065
-320.774
-342.196
-362.375
-381.317
-398.939
-415.123
-429.701
-442.446
-453.155
-461.426
-466.995
-469.662
-469.303
-465.873
-459.19
-448.91
-434.751
-416.532
-394.2
-367.872
-337.85
-304.661
-269.023
-231.929
-194.104
-156.642
-117.905
-79.4632
0.847107
24.6848
51.2815
79.8947
107.688
135.386
162.032
185.75
205.839
222.688
236.437
247.313
255.916
262.703
268.009
272.142
275.302
277.603
279.103
279.791
279.597
278.389
275.97
272.106
266.682
259.74
251.331
241.514
230.398
218.145
204.973
191.146
176.962
162.746
148.834
135.566
123.287
112.303
103.097
-22.406
-46.7632
-74.062
-102.349
-129.478
-157.307
-184.609
-210.638
-235.748
-259.56
-282.026
-303.319
-323.376
-342.246
-359.94
-376.393
-391.504
-405.127
-417.06
-427.123
-434.963
-440.332
-443.052
-443.019
-440.204
-434.449
-425.435
-412.882
-396.595
-376.482
-352.606
-325.187
-294.648
-261.577
-226.795
-190.931
-154.874
-117.5
-80.2274
0.889392
23.5838
48.9276
76.211
102.723
129.159
154.604
177.254
196.439
212.531
225.661
236.047
244.264
250.757
255.845
259.829
262.909
265.197
266.76
267.597
267.65
266.804
264.879
261.653
257.003
250.947
243.519
234.755
224.732
213.583
201.49
188.681
175.424
162.017
148.775
136.019
124.081
113.248
104.004
-21.2833
-44.4504
-70.4024
-97.2644
-122.987
-149.345
-175.165
-199.739
-223.407
-245.813
-266.915
-286.883
-305.66
-323.302
-339.827
-355.181
-369.279
-381.995
-393.146
-402.575
-409.976
-415.111
-417.826
-418.037
-415.729
-410.768
-402.86
-391.734
-377.184
-359.095
-337.48
-312.49
-284.451
-253.839
-221.321
-187.439
-152.912
-117.029
-81.1011
0.89314
22.5021
46.6545
72.6729
97.9649
123.199
147.498
169.132
187.454
202.824
215.363
225.281
233.129
239.338
244.213
248.049
251.04
253.302
254.905
255.858
256.115
255.575
254.076
251.411
247.451
242.196
235.663
227.871
218.874
208.774
197.719
185.907
173.573
160.984
148.434
136.222
124.66
114.018
104.783
-20.2422
-42.28
-66.953
-92.4633
-116.855
-141.821
-166.242
-189.445
-211.757
-232.841
-252.663
-271.388
-288.968
-305.458
-320.886
-335.208
-348.35
-360.204
-370.61
-379.424
-386.381
-391.261
-393.928
-394.314
-392.42
-388.134
-381.19
-371.326
-358.335
-342.083
-322.544
-299.811
-274.123
-245.858
-215.546
-183.652
-150.757
-116.465
-82.0176
0.86992
21.4472
44.4665
69.2799
93.4103
117.498
140.705
161.37
178.869
193.548
205.526
214.995
222.492
228.427
233.096
236.783
239.681
241.906
243.53
244.571
244.993
244.712
243.58
241.405
238.057
233.521
227.802
220.903
212.861
203.749
193.689
182.844
171.419
159.653
147.81
136.167
125.015
114.605
105.423
-19.2706
-40.2346
-63.6928
-87.9201
-111.05
-134.701
-157.799
-179.708
-200.744
-220.584
-239.205
-256.764
-273.22
-288.634
-303.035
-316.386
-328.628
-339.667
-349.362
-357.582
-364.1
-368.71
-371.295
-371.801
-370.242
-366.531
-360.424
-351.674
-340.076
-325.484
-307.845
-287.199
-263.715
-237.68
-209.511
-179.596
-148.411
-115.784
-82.9188
0.829757
20.4262
42.3662
66.0319
89.0554
112.05
134.214
153.953
170.668
184.69
196.129
205.172
212.332
218.003
222.473
226.014
228.817
230.994
232.624
233.73
234.286
234.22
233.402
231.655
228.847
224.954
219.97
213.889
206.729
198.543
189.427
179.514
168.979
158.029
146.903
135.85
125.138
114.998
105.914
-18.3571
-38.3001
-60.6038
-83.613
-105.547
-127.952
-149.8
-170.489
-190.321
-208.992
-226.483
-242.949
-258.352
-272.756
-286.193
-298.636
-310.033
-320.303
-329.322
-336.974
-343.06
-347.392
-349.868
-350.45
-349.163
-345.937
-340.554
-332.785
-322.429
-309.335
-293.427
-274.705
-253.277
-229.354
-203.254
-175.298
-145.872
-114.966
-83.7524
0.780602
19.4434
40.3556
62.9268
84.8948
106.847
128.016
146.871
162.837
176.23
187.156
195.792
202.63
208.05
212.326
215.724
218.428
220.552
222.175
223.326
223.988
224.102
223.552
222.175
219.842
216.522
212.2
206.862
200.514
193.19
184.963
175.941
166.268
156.124
145.716
135.268
125.023
115.188
106.248
-17.4923
-36.4638
-57.6697
-79.5213
-100.322
-121.546
-142.213
-161.748
-180.444
-198.016
-214.446
-229.885
-244.302
-257.76
-270.296
-281.886
-292.489
-302.035
-310.415
-317.522
-323.191
-327.242
-329.591
-330.213
-329.141
-326.326
-321.571
-314.663
-305.411
-293.665
-279.329
-262.374
-242.858
-220.927
-196.817
-170.786
-143.146
-113.993
-84.4734
0.728024
18.5028
38.4343
59.9621
80.9234
101.88
122.098
140.109
155.36
168.153
178.59
186.836
193.367
198.545
202.635
205.894
208.499
210.565
212.171
213.351
214.097
214.357
214.033
212.977
211.061
208.248
204.519
199.854
194.248
187.722
180.328
172.15
163.307
153.95
144.256
134.423
124.666
115.172
106.416
-16.6687
-34.716
-54.8766
-75.6282
-95.3547
-115.459
-135.006
-153.453
-171.079
-187.615
-203.047
-217.523
-231.015
-243.588
-255.278
-266.069
-275.929
-284.794
-292.57
-299.161
-304.426
-308.198
-310.408
-311.041
-310.14
-307.671
-303.458
-297.306
-289.035
-278.497
-265.585
-250.249
-232.505
-212.445
-190.239
-166.087
-140.237
-112.85
-85.0449
0.677895
17.6061
36.603
57.1348
77.1353
97.1411
116.451
133.655
148.223
160.444
170.413
178.288
184.524
189.472
193.383
196.505
199.013
201.017
202.598
203.793
204.602
204.983
204.851
204.069
202.518
200.152
196.952
192.893
187.963
182.17
175.551
168.169
160.118
151.522
142.533
133.318
124.067
114.942
106.411
-15.88
-33.0471
-52.2134
-71.9188
-90.6249
-109.667
-128.156
-145.573
-162.19
-177.75
-192.244
-205.816
-218.441
-230.184
-241.083
-251.127
-260.289
-268.516
-275.723
-281.825
-286.702
-290.202
-292.265
-292.887
-292.12
-289.942
-286.197
-280.708
-273.307
-263.85
-252.226
-238.368
-222.261
-203.954
-183.559
-161.229
-137.155
-111.527
-85.4362
0.633827
16.7558
34.8608
54.4423
73.525
92.6228
111.064
127.498
141.413
153.087
162.609
170.13
176.085
180.812
184.551
187.542
189.953
191.892
193.442
194.642
195.497
195.975
196.003
195.457
194.222
192.251
189.521
186.005
181.687
176.565
170.662
164.024
156.723
148.86
140.56
131.961
123.227
114.498
106.228
-15.121
-31.4498
-49.6691
-68.3797
-86.1172
-104.153
-121.637
-138.083
-153.746
-168.387
-182
-194.722
-206.533
-217.499
-227.658
-237.003
-245.512
-253.14
-259.813
-265.454
-269.961
-273.196
-275.109
-275.704
-275.041
-273.108
-269.768
-264.859
-258.23
-249.739
-239.277
-226.765
-212.165
-195.494
-176.815
-156.238
-133.907
-110.019
-85.6231
0.599171
15.9518
33.2065
51.8801
70.0865
88.3159
105.927
121.625
134.917
146.068
155.163
162.346
168.033
172.548
176.122
178.985
181.301
183.175
184.688
185.884
186.772
187.327
187.487
187.143
186.182
184.556
182.242
179.211
175.444
170.933
165.688
159.742
153.148
145.984
138.35
130.361
122.152
113.839
105.862
-14.3876
-29.9173
-47.2349
-64.999
-81.8164
-98.8973
-115.431
-130.957
-145.72
-159.494
-172.278
-184.202
-195.251
-205.489
-214.956
-223.646
-231.545
-238.613
-244.785
-249.992
-254.148
-257.127
-258.889
-259.447
-258.863
-257.136
-254.146
-249.747
-243.8
-236.173
-226.758
-215.469
-202.255
-187.102
-170.04
-151.142
-130.506
-108.32
-85.59
0.57582
15.1951
31.6374
49.4447
66.8135
84.2131
101.031
116.025
128.72
139.372
148.059
154.919
160.351
164.663
168.079
170.819
173.041
174.85
176.323
177.507
178.415
179.03
179.3
179.126
178.402
177.078
175.13
172.531
169.258
165.299
160.657
155.35
149.416
142.914
135.922
128.53
120.847
112.967
105.312
-13.6759
-28.4445
-44.9026
-61.7664
-77.7091
-93.8842
-109.517
-124.173
-138.086
-151.044
-163.047
-174.222
-184.556
-194.112
-202.931
-211.01
-218.339
-224.883
-230.586
-235.386
-239.211
-241.945
-243.559
-244.071
-243.546
-241.994
-239.307
-235.355
-230.012
-223.156
-214.683
-204.506
-192.559
-178.814
-163.269
-145.965
-126.966
-106.434
-85.3254
0.565394
14.4853
30.1521
47.1315
63.7002
80.3067
96.3661
110.685
122.811
132.985
141.284
147.835
153.023
157.142
160.406
163.027
165.158
166.9
168.331
169.498
170.417
171.077
171.436
171.406
170.885
169.823
168.197
165.98
163.149
159.688
155.593
150.873
145.553
139.674
133.295
126.482
119.323
111.886
104.576
-12.9834
-27.0263
-42.6657
-58.6725
-73.7846
-89.0994
-103.879
-117.711
-130.822
-143.011
-154.279
-164.75
-174.414
-183.331
-191.544
-199.052
-205.848
-211.903
-217.168
-221.587
-225.099
-227.602
-229.072
-229.533
-229.053
-227.648
-225.224
-221.666
-216.858
-210.691
-203.065
-193.894
-183.106
-170.659
-156.531
-140.734
-123.3
-104.364
-84.8244
0.569179
13.8216
28.7481
44.9359
60.7397
76.5876
91.921
105.596
117.177
126.895
134.821
141.078
146.032
149.967
153.086
155.593
157.636
159.311
160.698
161.842
162.764
163.458
163.889
163.978
163.631
162.797
161.452
159.572
157.135
154.12
150.52
146.336
141.582
136.286
130.487
124.234
117.59
110.603
103.657
-12.3078
-25.6588
-40.5181
-55.7088
-70.0319
-84.5296
-98.4998
-111.554
-123.906
-135.369
-145.946
-155.756
-164.791
-173.111
-180.758
-187.732
-194.032
-199.63
-204.486
-208.548
-211.769
-214.053
-215.384
-215.791
-215.344
-214.064
-211.87
-208.659
-204.326
-198.773
-191.909
-183.648
-173.918
-162.665
-149.853
-135.472
-119.526
-102.119
-84.0868
0.587665
13.2029
27.4225
42.8539
57.9267
73.0494
87.688
100.747
111.807
121.088
128.659
134.634
139.366
143.124
146.103
148.502
150.458
152.068
153.409
154.527
155.445
156.162
156.65
156.839
156.639
156.001
154.902
153.319
151.229
148.613
145.459
141.763
137.529
132.773
127.521
121.803
115.662
109.127
102.558
-11.6473
-24.3386
-38.4543
-52.8682
-66.4409
-80.1629
-93.366
-105.683
-117.32
-128.098
-138.024
-147.213
-155.658
-163.419
-170.536
-177.013
-182.849
-188.023
-192.497
-196.228
-199.176
-201.254
-202.453
-202.805
-202.383
-201.211
-199.218
-196.312
-192.402
-187.398
-181.218
-173.78
-165.011
-154.855
-143.261
-130.203
-115.661
-99.708
-83.1177
0.62091
12.6281
26.1723
40.881
55.2544
69.6831
83.6573
96.1263
106.688
115.553
122.783
128.49
133.008
136.598
139.444
141.737
143.61
145.156
146.45
147.54
148.448
149.179
149.711
149.982
149.907
149.437
148.551
147.228
145.446
143.184
140.43
137.174
133.415
129.159
124.418
119.208
113.555
107.468
101.285
-11.0007
-23.0629
-36.4699
-50.1441
-63.0033
-75.9891
-88.4646
-100.084
-111.044
-121.176
-130.49
-139.095
-146.988
-154.226
-160.848
-166.861
-172.265
-177.043
-181.163
-184.586
-187.279
-189.165
-190.239
-190.537
-190.134
-189.054
-187.237
-184.602
-181.069
-176.556
-170.99
-164.295
-156.4
-147.245
-136.774
-124.947
-111.723
-97.1449
-81.9253
0.668993
12.0957
24.9947
39.0124
52.7171
66.4823
79.8202
91.7252
101.81
110.276
117.182
122.631
126.947
130.375
133.093
135.285
137.078
138.561
139.808
140.866
141.761
142.499
143.063
143.401
143.431
143.105
142.403
141.306
139.794
137.847
135.449
132.59
129.262
125.464
121.199
116.469
111.284
105.638
99.845
-10.367
-21.8291
-34.5605
-47.5304
-59.7113
-71.9977
-83.7837
-94.7431
-105.063
-114.586
-123.324
-131.381
-138.755
-145.503
-151.663
-157.243
-162.245
-166.655
-170.446
-173.582
-176.039
-177.746
-178.704
-178.951
-178.561
-177.561
-175.901
-173.506
-170.308
-166.236
-161.222
-155.197
-148.094
-139.853
-130.413
-119.724
-107.73
-94.4447
-80.5212
0.73145
11.604
23.8865
37.2434
50.3089
63.4392
76.1685
87.5336
97.1623
105.247
111.842
117.046
121.167
124.44
127.037
129.131
130.846
132.269
133.469
134.494
135.371
136.109
136.698
137.088
137.205
137.002
136.458
135.558
134.283
132.613
130.533
128.029
125.091
121.712
117.885
113.605
108.867
103.651
98.2467
-9.74531
-20.6353
-32.7225
-45.0216
-56.5576
-68.1797
-79.3117
-89.6459
-99.3608
-108.31
-116.505
-124.047
-130.935
-137.225
-142.953
-148.129
-152.757
-156.826
-160.311
-163.182
-165.42
-166.962
-167.811
-168.01
-167.63
-166.701
-165.179
-162.999
-160.102
-156.423
-151.905
-146.484
-140.099
-132.689
-124.192
-114.552
-103.699
-91.6235
-78.9196
0.807655
11.151
22.8445
35.5701
48.0238
60.547
72.6937
83.5419
92.7343
100.453
106.751
111.721
115.655
118.782
121.262
123.263
124.903
126.265
127.419
128.41
129.267
130.001
130.604
131.037
131.226
131.125
130.717
129.988
128.919
127.493
125.694
123.508
120.92
117.921
114.499
110.637
106.322
101.521
96.5013
-9.13545
-19.4796
-30.9527
-42.6131
-53.5358
-64.5267
-75.0381
-84.7805
-93.9241
-102.332
-110.016
-117.073
-123.506
-129.367
-134.692
-139.492
-143.773
-147.524
-150.725
-153.351
-155.387
-156.776
-157.526
-157.679
-157.308
-156.442
-155.043
-153.056
-150.428
-147.103
-143.031
-138.154
-132.417
-125.762
-118.126
-109.447
-99.6481
-88.6988
-77.1372
0.896862
10.735
21.8659
33.9874
45.8561
57.7985
69.3873
79.7412
88.516
95.8859
101.899
106.644
110.401
113.387
115.755
117.666
119.234
120.539
121.646
122.603
123.437
124.161
124.774
125.238
125.486
125.472
125.18
124.597
123.708
122.495
120.944
119.04
116.767
114.112
111.059
107.585
103.667
99.2647
94.6204
-8.53707
-18.3606
-29.2481
-40.3003
-50.6397
-61.0309
-70.9538
-80.1359
-88.7394
-96.6357
-103.839
-110.442
-116.448
-121.907
-126.856
-131.305
-135.262
-138.719
-141.659
-144.059
-145.907
-147.156
-147.814
-147.926
-147.562
-146.754
-145.466
-143.652
-141.265
-138.259
-134.587
-130.201
-125.049
-119.077
-112.223
-104.424
-95.5944
-85.6881
-75.1919
0.998328
10.3538
20.9471
32.4913
43.8005
55.1872
66.2419
76.1226
84.4978
91.5334
97.2747
101.805
105.392
108.243
110.504
112.329
113.827
115.076
116.138
117.059
117.869
118.581
119.197
119.684
119.979
120.037
119.843
119.386
118.652
117.627
116.294
114.639
112.647
110.302
107.584
104.467
100.922
96.8974
92.6173
-7.95016
-17.2771
-27.6065
-38.0792
-47.8637
-57.6853
-67.0498
-75.7013
-83.7938
-91.2078
-97.9585
-104.134
-109.739
-114.823
-119.42
-123.544
-127.2
-130.384
-133.082
-135.273
-136.95
-138.07
-138.645
-138.72
-138.363
-137.606
-136.419
-134.761
-132.591
-129.871
-126.561
-122.617
-117.992
-112.637
-106.493
-99.4945
-91.5534
-82.6095
-73.1022
1.1108
10.0056
20.0854
31.0773
41.8512
52.7065
63.2502
72.6777
80.6704
87.386
92.8671
97.1924
100.617
103.339
105.498
107.24
108.671
109.865
110.883
111.769
112.553
113.25
113.864
114.366
114.698
114.816
114.705
114.355
113.756
112.892
111.75
110.316
108.574
106.506
104.093
101.303
98.103
94.4361
90.5056
-7.37475
-16.2279
-26.0251
-35.946
-45.2029
-54.4833
-63.3179
-71.4666
-79.0762
-86.035
-92.3591
-98.1327
-103.362
-108.095
-112.365
-116.184
-119.561
-122.493
-124.967
-126.966
-128.485
-129.488
-129.988
-130.03
-129.68
-128.971
-127.875
-126.357
-124.385
-121.923
-118.937
-115.39
-111.241
-106.443
-100.941
-94.67
-87.5396
-79.48
-70.8872
1.2334
9.68816
19.2774
29.7414
40.0034
50.35
60.4044
69.3984
77.0248
83.4342
88.6665
92.7956
96.065
98.663
100.724
102.387
103.754
104.894
105.869
106.72
107.477
108.157
108.765
109.278
109.638
109.804
109.761
109.504
109.02
108.296
107.321
106.081
104.56
102.741
100.601
98.11
95.2288
91.8971
88.2998
-6.81103
-15.2124
-24.5022
-33.8975
-42.6523
-51.4182
-59.7504
-67.4226
-74.5756
-81.1045
-87.0267
-92.4227
-97.3001
-101.704
-105.668
-109.205
-112.322
-115.02
-117.287
-119.11
-120.485
-121.381
-121.813
-121.826
-121.484
-120.819
-119.807
-118.417
-116.622
-114.393
-111.7
-108.511
-104.79
-100.494
-95.5713
-89.959
-83.5664
-76.3163
-68.5663
1.36497
9.39942
18.5202
28.4794
38.2515
48.1118
57.6976
66.2768
73.5526
79.669
84.6633
88.6048
91.7257
94.2055
96.1724
97.7598
99.0645
100.154
101.086
101.903
102.632
103.293
103.892
104.409
104.79
104.995
105.01
104.83
104.444
103.842
103.013
101.942
100.616
99.0184
97.1249
94.9045
92.3162
89.297
86.0145
-6.2593
-14.2297
-23.0357
-31.9305
-40.2076
-48.4846
-56.3395
-63.5604
-70.2812
-76.4043
-81.948
-86.989
-91.5358
-95.632
-99.3104
-102.584
-105.461
-107.942
-110.019
-111.68
-112.923
-113.722
-114.094
-114.081
-113.748
-113.124
-112.188
-110.915
-109.282
-107.263
-104.834
-101.967
-98.6301
-94.7861
-90.3858
-85.3686
-79.6453
-73.1344
-66.1577
1.50423
9.1374
17.8107
27.2873
36.5909
45.9861
55.1232
63.3054
70.2454
76.0814
80.8483
84.6105
87.5894
89.9562
91.8331
93.3479
94.5928
95.6327
96.5236
97.3061
98.0085
98.6486
99.2363
99.7533
100.149
100.384
100.447
100.331
100.03
99.5322
98.8284
97.9065
96.7529
95.3509
93.6777
91.7017
89.3812
86.6513
83.6644
-5.71991
-13.2792
-21.6241
-30.042
-37.8646
-45.677
-53.0789
-59.8718
-66.1836
-71.9234
-77.1101
-81.8172
-86.0538
-89.8621
-93.2739
-96.3019
-98.9559
-101.236
-103.137
-104.65
-105.773
-106.485
-106.802
-106.768
-106.444
-105.859
-104.994
-103.828
-102.341
-100.512
-98.3207
-95.744
-92.7533
-89.3154
-85.385
-80.9045
-75.7868
-69.9484
-63.6797
1.65001
8.8999
17.1459
26.1612
35.0166
43.967
52.6745
60.4767
67.095
72.663
77.2127
80.8036
83.6467
85.9055
87.6964
89.1414
90.329
91.3214
92.1722
92.9212
93.596
94.2149
94.7887
95.3023
95.7076
95.966
96.0667
96.0053
95.7751
95.3673
94.7724
93.98
92.9774
91.7486
90.2718
88.5157
86.4387
83.9755
81.2643
-5.19326
-12.3606
-20.2659
-28.2294
-35.6197
-42.9902
-49.9618
-56.3491
-62.2736
-67.6511
-72.501
-76.8938
-80.8391
-84.3777
-87.5404
-90.3399
-92.7866
-94.8817
-96.6209
-97.9971
-99.0101
-99.6433
-99.9127
-99.8615
-99.5478
-98.9988
-98.1998
-97.1314
-95.7773
-94.1207
-92.1444
-89.8287
-87.1492
-84.0761
-80.5679
-76.5702
-71.9996
-66.7717
-61.1488
1.80106
8.68507
16.5231
25.0972
33.524
42.0492
50.3452
57.7837
64.0939
69.4058
73.7481
77.1756
79.889
82.0444
83.7529
85.1312
86.2639
87.2104
88.0227
88.7389
89.3862
89.9832
90.5418
91.0489
91.459
91.7349
91.8661
91.8497
91.6795
91.3482
90.8473
90.1673
89.2968
88.2207
86.9184
85.3595
83.5029
81.284
78.8282
-4.67985
-11.4734
-18.9597
-26.4906
-33.4693
-40.4196
-46.9825
-52.9849
-58.5425
-63.5772
-68.1093
-72.206
-75.8776
-79.1635
-82.0934
-84.68
-86.9339
-88.8574
-90.4476
-91.6987
-92.6122
-93.1742
-93.4014
-93.3359
-93.0332
-92.5192
-91.7812
-90.8026
-89.5701
-88.0697
-86.2875
-84.207
-81.8071
-79.0614
-75.9323
-72.3686
-68.2911
-63.6162
-58.5809
1.95614
8.49081
15.9396
24.092
32.1087
40.2272
48.1289
55.2196
61.2345
66.302
70.4468
73.7182
76.3075
78.3641
79.9939
81.3084
82.3885
83.2911
84.066
84.7505
85.3707
85.9455
86.4875
86.9858
87.397
87.6852
87.8406
87.8609
87.7412
87.4748
87.0546
86.4721
85.7169
84.7751
83.6272
82.2444
80.5865
78.5905
76.3702
-4.18021
-10.6175
-17.7043
-24.8232
-31.4101
-37.9606
-44.1352
-49.7721
-54.9818
-59.6922
-63.924
-67.7415
-71.1557
-74.2047
-76.9166
-79.3047
-81.3795
-83.144
-84.5967
-85.7334
-86.5564
-87.0545
-87.2448
-87.1679
-86.877
-86.3966
-85.7154
-84.8194
-83.6979
-82.3395
-80.733
-78.8644
-76.7158
-74.2641
-71.4749
-68.301
-64.6672
-60.4921
-55.9902
2.11403
8.31541
15.3926
23.142
30.7667
38.4964
46.0202
52.778
58.5096
63.3442
67.3011
70.4235
72.8944
74.8566
76.4113
77.6648
78.6946
79.5551
80.2941
80.9478
81.5414
82.0939
82.6186
83.1061
83.5154
83.8115
83.9855
84.0358
83.9581
83.7468
83.3957
82.8974
82.2425
81.4184
80.4069
79.1807
77.7014
75.9076
73.9033
-3.69489
-9.79267
-16.4989
-23.2253
-29.4392
-35.6094
-41.4145
-46.7044
-51.5839
-55.9869
-59.9347
-63.4886
-66.6605
-69.487
-71.9949
-74.1975
-76.1055
-77.7228
-79.0487
-80.0805
-80.8212
-81.262
-81.4201
-81.3348
-81.0564
-80.6082
-79.98
-79.1603
-78.1404
-76.9112
-75.4636
-73.7863
-71.8637
-69.6758
-67.1915
-64.3672
-61.1322
-57.4085
-53.3897
2.2734
8.15679
14.8798
22.244
29.494
36.8521
44.0136
50.4529
55.9119
60.525
64.3034
67.2838
69.6415
71.5138
72.9969
74.1923
75.174
75.9944
76.6992
77.3229
77.8907
78.4211
78.9279
79.4031
79.808
80.1086
80.2965
80.3707
80.3278
80.163
79.8709
79.4452
78.8774
78.1562
77.2648
76.1777
74.8582
73.2471
71.4399
-3.22447
-8.99883
-15.3424
-21.695
-27.5539
-33.3622
-38.8158
-43.7758
-48.3414
-52.4529
-56.1314
-59.4359
-62.3794
-64.9969
-67.3136
-69.3425
-71.0951
-72.5758
-73.7847
-74.7202
-75.386
-75.7755
-75.9058
-75.8146
-75.5493
-75.132
-74.5537
-73.8047
-72.878
-71.7665
-70.463
-68.9583
-67.2391
-65.2881
-63.0771
-60.5664
-57.6897
-54.3726
-50.7908
2.43314
8.01315
14.3984
21.3942
28.2863
35.2892
42.1032
48.2383
53.4351
57.838
61.4472
64.2918
66.5414
68.3281
69.7432
70.8834
71.8194
72.6015
73.2734
73.8686
74.4114
74.92
75.4086
75.8707
76.2691
76.5713
76.7692
76.8624
76.8481
76.7224
76.4806
76.1173
75.625
74.9936
74.2077
73.2436
72.0667
70.6201
68.9918
-2.76952
-8.23569
-14.2341
-20.2304
-25.7512
-31.2149
-36.3339
-40.9802
-45.2472
-49.0818
-52.5048
-55.5727
-58.3007
-60.7216
-62.8585
-64.7245
-66.3317
-67.6855
-68.7863
-69.6334
-70.2313
-70.5749
-70.6812
-70.5862
-70.3347
-69.9473
-69.4158
-68.7322
-67.8913
-66.8873
-65.7148
-64.366
-62.8301
-61.0919
-59.1261
-56.8964
-54.3413
-51.3907
-48.2036
2.59209
7.88268
13.9457
20.5892
27.1391
33.8018
40.2822
46.127
51.0722
55.2781
58.7268
61.4411
63.5874
65.2927
66.6432
67.7309
68.6237
69.3693
70.0101
70.578
71.0966
71.584
72.0545
72.5027
72.8932
73.1947
73.3995
73.5075
73.5168
73.4238
73.2247
72.915
72.4881
71.9349
71.2415
70.3858
69.3356
68.0365
66.57
-2.33079
-7.50335
-13.1733
-18.8302
-24.0291
-29.1641
-33.964
-38.3118
-42.2938
-45.8654
-49.0449
-51.8885
-54.4137
-56.6496
-58.6166
-60.3289
-61.7999
-63.0352
-64.0356
-64.8014
-65.3375
-65.6403
-65.7263
-65.6296
-65.3925
-65.0338
-64.5465
-63.9239
-63.162
-62.2564
-61.203
-59.9956
-58.625
-57.0781
-55.3324
-53.3547
-51.0884
-48.4676
-45.6364
2.74896
7.76414
13.5209
19.8274
26.0505
32.3871
38.5458
44.1127
48.8139
52.8377
56.1361
58.7251
60.7727
62.4012
63.6908
64.7288
65.5805
66.2916
66.9027
67.4446
67.9401
68.407
68.8597
69.2937
69.6755
69.9745
70.1836
70.3031
70.3315
70.2659
70.1031
69.8392
69.4687
68.9835
68.371
67.6109
66.673
65.5055
64.1844
-1.90921
-6.80341
-12.1613
-17.4957
-22.3875
-27.2096
-31.7045
-35.767
-39.4754
-42.7974
-45.7416
-48.3704
-50.7064
-52.7693
-54.575
-56.1416
-57.4846
-58.6092
-59.5163
-60.2068
-60.6863
-60.9523
-61.021
-60.9244
-60.7021
-60.3713
-59.926
-59.3604
-58.6717
-57.8565
-56.9118
-55.8328
-54.6116
-53.237
-51.689
-49.9376
-47.9307
-45.6068
-43.0964
2.90275
7.65683
13.1231
19.1091
25.022
31.0471
36.897
42.1944
46.6468
50.5033
53.664
56.134
58.0884
59.6454
60.8783
61.87
62.683
63.3619
63.9451
64.4625
64.9361
65.3835
65.8189
66.2389
66.6113
66.9067
67.1182
67.2465
67.2904
67.2476
67.1157
66.8911
66.5692
66.143
65.6012
64.9249
64.0862
63.0359
61.8448
-1.50572
-6.13598
-11.1979
-16.2263
-20.8261
-25.3509
-29.5543
-33.3446
-36.7897
-39.8762
-42.5871
-45.0057
-47.165
-49.066
-50.718
-52.1459
-53.3687
-54.3905
-55.2111
-55.8324
-56.2604
-56.4938
-56.5481
-56.4532
-56.2462
-55.9425
-55.5369
-55.0248
-54.4038
-53.672
-52.8268
-51.8645
-50.7787
-49.5597
-48.1898
-46.6418
-44.8678
-42.8114
-40.5903
3.05207
7.5583
12.7494
18.4299
24.049
29.7777
35.3361
40.374
44.5695
48.2707
51.3041
53.6609
55.5274
57.0178
58.1979
59.1462
59.9234
60.5723
61.1298
61.6244
62.0776
62.5067
62.926
63.3325
63.6953
63.9866
64.1992
64.3341
64.3908
64.3674
64.2617
64.0709
63.7911
63.4162
62.9359
62.3331
61.5819
60.6356
59.5605
-1.11933
-5.49726
-10.2763
-15.0127
-19.3346
-23.576
-27.5032
-31.0357
-34.2301
-37.0924
-39.575
-41.7967
-43.7929
-45.5369
-47.0372
-48.3308
-49.4392
-50.3632
-51.1018
-51.6584
-52.0392
-52.2436
-52.2863
-52.1946
-52.0032
-51.7262
-51.3589
-50.8973
-50.3398
-49.6852
-48.9316
-48.0758
-47.1133
-46.0351
-44.8258
-43.4611
-41.897
-40.0817
-38.1208
3.19552
7.46481
12.3887
17.774
23.1094
28.551
33.833
38.6261
42.6048
46.1702
49.0735
51.3141
53.0956
54.5222
55.6508
56.557
57.3
57.9203
58.4535
58.9268
59.3608
59.7728
60.1769
60.5705
60.924
61.2105
61.4232
61.5633
61.6303
61.6232
61.5399
61.378
61.1346
60.804
60.3775
59.8392
59.165
58.3105
57.3382
-0.748939
-4.88534
-9.39131
-13.8477
-17.9018
-21.8701
-25.5314
-28.8194
-31.7756
-34.4245
-36.6774
-38.7433
-40.6066
-42.1899
-43.5312
-44.6934
-45.6932
-46.5226
-47.1811
-47.6752
-48.0119
-48.1899
-48.2225
-48.1356
-47.9601
-47.7092
-47.3785
-46.9646
-46.4665
-45.8841
-45.215
-44.4568
-43.6067
-42.6567
-41.5926
-40.3931
-39.0185
-37.4214
-35.697
3.33342
7.37446
12.0385
17.1336
22.1898
27.3435
32.3508
36.8962
40.725
44.2141
46.9816
49.092
50.7905
52.1588
53.2386
54.1043
54.8148
55.4085
55.9189
56.3722
56.7886
57.1844
57.574
57.9554
58.3001
58.5818
58.794
58.9382
59.014
59.0206
58.9563
58.8196
58.6076
58.3155
57.9356
57.4534
56.8465
56.0732
55.1929
-0.456796
-4.40411
-8.69498
-12.9083
-16.7142
-20.4062
-23.7589
-26.7298
-29.3272
-31.6563
-33.4618
-35.5226
-37.4672
-39.0147
-40.2975
-41.4332
-42.4225
-43.2411
-43.8894
-44.3785
-44.7145
-44.8978
-44.9419
-44.8717
-44.7171
-44.4913
-44.1924
-43.8157
-43.3631
-42.8364
-42.2223
-41.5323
-40.7619
-39.9026
-38.9412
-37.8589
-36.6193
-35.1796
-33.6255
3.44705
7.30761
11.7773
16.6233
21.428
26.2808
30.9324
35.0587
38.5158
42.228
45.0062
47.0589
48.7415
50.1102
51.1844
52.042
52.7456
53.3341
53.8394
54.288
54.7002
55.0924
55.4791
55.8588
56.2035
56.4865
56.7015
56.8503
56.9332
56.9492
56.8975
56.7767
56.5844
56.317
55.967
55.521
54.9583
54.238
53.4185
-0.220889
-4.01146
-8.11585
-12.111
-15.6787
-19.0867
-22.1082
-24.7138
-26.8774
-28.806
-29.9998
-32.1945
-34.363
-35.9577
-37.2499
-38.428
-39.4711
-40.3353
-41.0218
-41.5467
-41.9161
-42.1316
-42.2059
-42.163
-42.0338
-41.8334
-41.5633
-41.2168
-40.8006
-40.3186
-39.7391
-39.0964
-38.3837
-37.5892
-36.7009
-35.7024
-34.5603
-33.2338
-31.804
3.53565
7.24915
11.5485
16.1706
20.7319
25.2634
29.5088
33.1684
36.1716
40.2444
43.1377
45.1835
46.8876
48.291
49.3883
50.2594
50.973
51.5695
52.0811
52.5348
52.9514
53.3482
53.7398
54.125
54.4757
54.7641
54.9844
55.1389
55.2279
55.2509
55.2076
55.0969
54.9171
54.665
54.3339
53.911
53.3766
52.69
51.9104
0.0181013
-3.61468
-7.53206
-11.3093
-14.6411
-17.769
-20.4704
-22.7235
-24.4819
-26.0255
-26.6532
-28.9255
-31.2752
-32.904
-34.1892
-35.3909
-36.4753
-37.377
-38.0955
-38.6511
-39.0508
-39.296
-39.399
-39.3831
-39.2797
-39.106
-38.8666
-38.5522
-38.1741
-37.7394
-37.1965
-36.6028
-35.9503
-35.222
-34.4074
-33.4932
-32.4488
-31.2352
-29.9336
3.62547
7.19174
11.3169
15.7143
20.0361
24.2424
28.0982
31.328
33.8816
38.2456
41.2684
43.3086
45.0208
46.4522
47.5715
48.4554
49.1786
49.7827
50.3005
50.759
51.1797
51.5806
51.9771
52.3679
52.7245
53.0185
53.2444
53.4046
53.4998
53.5302
53.4953
53.3948
53.2276
52.9907
52.6781
52.278
51.7714
51.118
50.3788
0.25679
-3.21866
-6.94975
-10.5119
-13.6118
-16.4656
-18.8598
-20.7725
-22.1572
-23.3154
-23.4468
-25.7301
-28.1999
-29.8532
-31.1236
-32.3309
-33.4415
-34.3715
-35.1155
-35.6963
-36.1231
-36.3961
-36.527
-36.5376
-36.4598
-36.3124
-36.1033
-35.8202
-35.4801
-35.0916
-34.585
-34.0392
-33.4457
-32.7828
-32.041
-31.21
-30.2622
-29.1589
-27.9742
3.7147
7.13503
11.0837
15.2587
19.3461
23.2232
26.7127
29.5321
31.6582
36.233
39.3929
41.4406
43.154
44.6058
45.7435
46.6384
47.3694
47.9808
48.5048
48.9686
49.3937
49.7989
50.2001
50.5968
50.9597
51.26
51.4924
51.659
51.7612
51.7993
51.7733
51.6832
51.5287
51.3069
51.0126
50.6346
50.1551
49.5338
48.8332
0.492999
-2.82719
-6.37442
-9.72594
-12.6004
-15.1879
-17.2889
-18.873
-19.9156
-20.6812
-20.3936
-22.6238
-25.1436
-26.8039
-28.053
-29.2511
-30.372
-31.3199
-32.0825
-32.6839
-33.1344
-33.4345
-33.594
-33.634
-33.586
-33.47
-33.2965
-33.0508
-32.7547
-32.4179
-31.9546
-31.4621
-30.9311
-30.3364
-29.6688
-28.9208
-28.0684
-27.0779
-26.0316
3.80285
7.07926
10.8512
14.8085
18.6674
22.2115
25.3613
27.7708
29.4932
34.207
37.5002
39.57
41.2884
42.7625
43.9196
44.8232
45.5577
46.1726
46.7011
47.1694
47.5992
48.0092
48.4155
48.8184
49.1883
49.496
49.7357
49.9103
50.0213
50.069
50.0537
49.9759
49.8352
49.6296
49.3543
48.9986
48.5459
47.9569
47.2945
0.723922
-2.4453
-5.81404
-8.96133
-11.6188
-13.9499
-15.7735
-17.0421
-17.7726
-18.1341
-17.5017
-19.6175
-22.1133
-23.7541
-24.9751
-26.1526
-27.269
-28.2231
-28.9972
-29.6144
-30.0848
-30.4077
-30.5908
-30.6537
-30.6274
-30.5346
-30.3883
-30.1717
-29.9104
-29.6154
-29.1876
-28.7412
-28.2667
-27.7355
-27.1399
-26.474
-25.7141
-24.8221
-23.852
3.89005
7.02726
10.6247
14.3731
18.0068
21.2134
24.0502
26.0309
27.3657
32.1728
35.5894
37.6828
39.4039
40.9053
42.0958
43.0214
43.766
44.3847
44.9148
45.3846
45.8168
46.2306
46.6424
47.0523
47.43
47.7452
47.9922
48.1745
48.2938
48.3509
48.3465
48.2814
48.1554
47.9669
47.7115
47.3789
46.9529
46.3957
45.7682
0.94635
-2.08092
-5.28071
-8.2339
-10.684
-12.7697
-14.33
-15.2959
-15.7389
-15.6811
-14.7749
-16.7162
-19.1187
-20.7038
-21.8874
-23.0353
-24.1315
-25.0778
-25.8559
-26.487
-26.98
-27.3337
-27.5553
-27.6633
-27.6854
-27.642
-27.5482
-27.3868
-27.1871
-26.9599
-26.5924
-26.2124
-25.8101
-25.3535
-24.8351
-24.2528
-23.5923
-22.8346
-22.0781
3.978
6.98432
10.4138
13.9651
17.3698
20.2272
22.7679
24.2766
25.2258
30.1293
33.6892
35.8119
37.5144
39.0135
40.2244
41.1804
41.9563
42.6004
43.1481
43.629
44.0688
44.4891
44.9088
45.3292
45.7202
46.0497
46.3102
46.5051
46.6362
46.7045
46.7113
46.6579
46.5448
46.3712
46.1335
45.8226
45.4213
44.893
44.2849
1.15461
-1.7439
-4.78911
-7.56213
-9.81598
-11.6668
-12.9718
-13.6398
-13.8106
-13.3214
-12.208
-13.9301
-16.1654
-17.6543
-18.7875
-19.8943
-20.9543
-21.8775
-22.6454
-23.2737
-23.768
-24.1242
-24.3456
-24.4462
-24.4587
-24.4121
-24.322
-24.1684
-23.9825
-23.7736
-23.4251
-23.0773
-22.7206
-22.3218
-21.8734
-21.3719
-20.7915
-20.0797
-19.2308
4.06421
6.94919
10.2201
13.5881
16.7535
19.2522
21.5084
22.466
22.9866
28.0118
31.7891
34.0247
35.755
37.2371
38.407
39.3236
40.081
40.7304
41.2972
41.8008
42.261
42.6985
43.1324
43.5661
43.972
44.3201
44.6035
44.8247
44.984
45.0815
45.1178
45.0934
45.0084
44.8619
44.6506
44.3672
43.9972
43.5142
42.9616
1.34229
-1.43789
-4.34163
-6.95108
-9.0241
-10.6567
-11.7159
-12.0931
-12.0057
-11.0767
-9.797
-11.256
-13.2519
-14.6105
-15.672
-16.7164
-17.726
-18.6266
-19.4023
-20.0628
-20.6107
-21.0447
-21.371
-21.6032
-21.7512
-21.8261
-21.8518
-21.8133
-21.7517
-21.6729
-21.4391
-21.1984
-20.9442
-20.6405
-20.2819
-19.8753
-19.4314
-18.9735
-18.6767
4.1377
6.90698
10.0286
13.2295
16.1537
18.331
20.3384
20.6012
20.5781
25.6751
29.668
32.1062
34.0388
35.6952
36.9533
37.8615
38.5493
39.1145
39.6126
40.0723
40.5118
40.9463
41.39
41.8379
42.2512
42.5982
42.8774
43.0953
43.2544
43.3559
43.401
43.3912
43.3268
43.2064
43.0248
42.7718
42.4257
41.9602
41.4069
1.50961
-1.16128
-3.93561
-6.39862
-8.31375
-9.76092
-10.6046
-10.7339
-10.4193
-9.01681
-7.5469
-8.68479
-10.3855
-11.5841
-12.5489
-13.4944
-14.3952
-15.1914
-15.8725
-16.4447
-16.9029
-17.2314
-17.4183
-17.4703
-17.4462
-17.3995
-17.3346
-17.2188
-17.0784
-16.9187
-16.6304
-16.3679
-16.1202
-15.8524
-15.5547
-15.2172
-14.7864
-14.15
-13.1372
4.19954
6.86417
9.85622
12.9104
15.6098
17.5634
19.3406
18.6654
18.0337
23.1627
27.1701
29.5709
31.568
33.4534
35.0549
36.3162
37.2836
38.0191
38.5933
39.0698
39.4995
39.9201
40.3645
40.8457
41.3282
41.7519
42.091
42.349
42.5324
42.6451
42.6903
42.672
42.5954
42.4658
42.2853
42.049
41.7316
41.2706
40.5861
1.66243
-0.946311
-3.6351
-5.9842
-7.76611
-9.04834
-9.68668
-9.60077
-9.04159
-7.08909
-5.42424
-6.23772
-7.58442
-8.56105
-9.41737
-10.3221
-11.2379
-12.1065
-12.914
-13.666
-14.3686
-15.0313
-15.6597
-16.2393
-16.6961
-17.0057
-17.2461
-17.4295
-17.6276
-17.8334
-17.8319
-17.7722
-17.703
-17.5965
-17.4398
-17.2564
-17.1287
-17.2065
-17.8944
4.29848
6.91291
9.83338
12.7704
15.2474
16.9854
18.2667
16.3152
15.3541
21.0166
25.2472
27.4716
28.9996
30.304
31.4487
32.5095
33.5284
34.4834
35.3357
36.0684
36.6898
37.2227
37.7014
38.1692
38.6552
39.1451
39.6089
40.0281
40.3925
40.698
40.9398
41.1103
41.2016
41.2075
41.1256
40.966
40.7725
40.6734
40.9768
1.77988
-0.883307
-3.59313
-5.89647
-7.55892
-8.62542
-8.94278
-8.49022
-7.43233
-4.86624
-3.26518
-3.92945
-4.94415
-5.56145
-6.01949
-6.47177
-6.91199
-7.30952
-7.65041
-7.92309
-8.09676
-8.12118
-7.96112
-7.6431
-7.35186
-7.18097
-7.05692
-6.88368
-6.65456
-6.46252
-6.16786
-5.92642
-5.74738
-5.58041
-5.40846
-5.20909
-4.84282
-4.0503
-2.25718
4.47966
7.14874
10.0864
12.9405
15.1522
16.4265
16.465
12.9419
11.981
19.0097
24.7428
28.4214
30.8673
32.3434
32.9399
32.9618
32.7395
32.5325
32.4703
32.5913
32.8906
33.3546
33.9451
34.5308
34.9301
35.1488
35.2809
35.355
35.3777
35.3516
35.2902
35.213
35.1362
35.0688
35.001
34.8786
34.5349
33.6118
31.5251
1.7987
-0.970517
-3.75315
-6.05432
-7.60471
-8.41354
-8.32011
-7.33992
-5.52529
-2.40767
-0.923876
-1.50752
-2.49418
-3.38218
-4.27162
-5.20467
-6.18875
-7.22633
-8.33015
-9.52586
-10.8517
-12.3334
-13.9146
-15.4302
-16.5593
-17.2833
-18.0145
-18.5833
-19.5423
-20.9627
-20.5676
-20.6825
-21.1485
-21.4923
-21.6735
-21.8488
-22.2592
-23.2642
-25.5703
4.6037
7.35013
10.312
13.0849
15.0295
15.6833
14.1328
9.2443
6.67958
13.2301
19.749
25.7533
31.311
36.3722
40.5637
43.7582
46.0849
47.6367
48.5982
49.1666
49.5157
49.7872
50.189
51.0419
52.45
53.9197
55.0976
56.0469
56.8499
57.5185
58.0275
58.3672
58.5465
58.5881
58.5434
58.5157
58.7701
59.6859
61.99
77.0439
79.4472
81.7306
83.2114
85.4258
88.2844
91.3798
94.4847
97.4475
100.135
102.309
103.56
103.348
101.092
96.3492
88.9665
79.1305
67.4572
54.8867
42.3856
30.6602
20.0572
10.6322
2.28507
-5.1418
-11.8047
-17.8357
-23.3394
-28.3949
-33.0647
-37.3972
-41.4283
-45.1849
-48.6821
-51.9274
-54.9221
-57.6623
-60.1411
-62.3502
-64.2807
-65.9243
-67.2753
-68.3303
-69.088
-69.5513
-69.7261
-69.6208
-69.2469
-68.6183
-67.7514
-66.6641
-65.3753
-63.905
-62.2736
-60.501
-58.6073
-56.6114
-54.5316
-52.3848
-50.1868
-47.9519
-45.693
-43.4217
-41.1474
-38.8802
-36.6239
-34.3931
-32.468
-30.7481
-28.9856
-27.1137
-25.292
-23.1495
-21.5798
-18.5963
-18.5437
-12.3647
-18.4328
-1.07644
-27.3212
83.2472
83.5222
83.4488
83.0369
82.5872
82.183
81.853
81.6104
81.4556
81.3934
81.424
81.5496
81.7697
82.0835
82.4883
82.981
83.5569
84.2103
84.9344
85.722
86.5643
87.4527
88.3777
89.3295
90.298
91.2731
92.2443
93.2014
94.1338
95.0309
95.8814
96.6744
97.3987
98.0433
98.5968
99.0489
99.3886
99.6065
99.6928
99.6396
99.4395
99.0866
98.5768
97.9074
97.0772
96.0877
94.9415
93.6437
92.2006
90.6203
88.9128
87.0891
85.1609
83.1411
81.0429
78.8797
76.665
74.4122
72.1341
69.8434
67.5523
65.2725
63.0151
60.7908
58.6097
56.4786
54.416
52.6966
51.2234
49.727
48.2139
46.7094
45.2214
43.7665
42.5055
41.0135
39.972
41.2916
30.0129
62.781
74.7514
74.5588
73.0242
71.01
69.564
68.8069
68.551
68.6066
68.7617
68.838
68.8445
68.9496
69.2909
69.8513
70.4208
70.6157
69.9802
68.1297
64.888
60.3541
54.8293
48.6591
42.097
35.3036
28.405
21.5099
14.711
8.08055
1.67632
-4.45995
-10.2989
-15.8214
-21.0177
-25.8826
-30.4135
-34.6115
-38.4777
-42.0137
-45.2204
-48.0986
-50.649
-52.8733
-54.7734
-56.3518
-57.6136
-58.5658
-59.2163
-59.5754
-59.6557
-59.4715
-59.0388
-58.3749
-57.4981
-56.4276
-55.1825
-53.7823
-52.2463
-50.5929
-48.8399
-47.0041
-45.1012
-43.1455
-41.1502
-39.1266
-37.0867
-35.0361
-32.9907
-31.2104
-29.6135
-27.9751
-26.217
-24.5115
-22.4679
-21.0071
-18.1175
-18.1332
-12.1368
-18.0413
-1.32969
-26.8651
74.9064
75.3063
76.0674
76.8564
77.6905
78.5042
79.2951
80.0563
80.7865
81.4845
82.1495
82.7822
83.3832
83.9545
84.4984
85.0182
85.5177
86.001
86.4728
86.9373
87.399
87.8616
88.3283
88.8012
89.2815
89.769
90.2624
90.7586
91.2538
91.7423
92.2175
92.6717
93.0963
93.4818
93.818
94.0945
94.3008
94.4262
94.4604
94.3938
94.2172
93.9225
93.5032
92.9533
92.269
91.4479
90.4895
89.395
88.1672
86.8106
85.332
83.7388
82.0402
80.2462
78.3678
76.4166
74.4047
72.3442
70.2475
68.1266
65.9936
63.8601
61.7371
59.6358
57.5665
55.5367
53.5668
51.9195
50.5062
49.0686
47.6113
46.1584
44.7193
43.3045
42.0691
40.6567
39.5372
40.9631
30.0544
61.3635
96.7283
97.8079
98.868
99.6142
99.983
100.059
99.9247
99.6362
99.2228
98.6689
97.8925
96.7684
95.2088
93.1721
90.6101
87.4452
83.6019
79.0437
73.8161
68.0705
62.0218
55.8798
49.8085
43.8833
38.0844
32.3634
26.6938
21.0728
15.5121
10.0324
4.65897
-0.57974
-5.65672
-10.5452
-15.2205
-19.6614
-23.8496
-27.7699
-31.4097
-34.7588
-37.8101
-40.5589
-43.0018
-45.137
-46.9659
-48.4912
-49.7177
-50.6519
-51.3026
-51.6808
-51.7988
-51.6705
-51.3116
-50.7384
-49.9682
-49.0189
-47.9083
-46.6543
-45.2744
-43.7853
-42.2033
-40.5434
-38.8198
-37.0449
-35.2319
-33.3882
-31.5303
-29.8997
-28.4287
-26.915
-25.2756
-23.6845
-21.7556
-20.3833
-17.6407
-17.6405
-11.9824
-17.4904
-1.73788
-26.0585
95.8437
95.1396
94.3892
93.6528
92.9349
92.2357
91.5644
90.9234
90.3175
89.75
89.2242
88.743
88.309
87.9237
87.5886
87.3042
87.0706
86.8872
86.753
86.6664
86.6257
86.6283
86.6718
86.7531
86.8693
87.0167
87.1916
87.3896
87.6061
87.8357
88.0724
88.3096
88.54
88.7556
88.9478
89.1074
89.2247
89.29
89.2933
89.2247
89.0747
88.8347
88.4963
88.0524
87.4971
86.826
86.0357
85.1248
84.0934
82.9431
81.6775
80.3014
78.821
77.244
75.5791
73.836
72.0249
70.1568
68.243
66.2949
64.3238
62.3413
60.3582
58.3857
56.4344
54.5124
52.6413
51.0725
49.7244
48.3501
46.9532
45.5566
44.1708
42.8048
41.5986
40.2644
39.1344
40.4753
30.2468
59.7959
89.6951
89.874
90.0723
90.2662
90.3132
90.1612
89.8534
89.4425
88.97
88.4683
87.9479
87.3808
86.6962
85.8119
84.6731
83.2211
81.3439
78.8806
75.6778
71.676
66.9741
61.787
56.3286
50.777
45.2712
39.8684
34.5623
29.3394
24.2001
19.1501
14.1972
9.35094
4.62111
0.0197123
-4.43855
-8.73831
-12.863
-16.7959
-20.5205
-24.0208
-27.2832
-30.2954
-33.0473
-35.5303
-37.7387
-39.6693
-41.3208
-42.6946
-43.7942
-44.6257
-45.197
-45.518
-45.6005
-45.4575
-45.1036
-44.5541
-43.8252
-42.9332
-41.8945
-40.7254
-39.4418
-38.0589
-36.5914
-35.0523
-33.4556
-31.8101
-30.1324
-28.6458
-27.2928
-25.8948
-24.3663
-22.8831
-21.0614
-19.7785
-17.1607
-17.1846
-11.7621
-17.0763
-1.8883
-25.5675
89.4108
89.0477
88.6757
88.3058
87.9314
87.556
87.1795
86.8035
86.4295
86.0594
85.695
85.3387
84.9931
84.6611
84.3453
84.0489
83.7748
83.5262
83.3058
83.1161
82.959
82.8364
82.7491
82.6975
82.6811
82.6989
82.7487
82.8279
82.9329
83.0596
83.2027
83.3568
83.5156
83.6719
83.8185
83.9472
84.0496
84.117
84.1403
84.1103
84.0182
83.8551
83.6125
83.2828
82.8593
82.3359
81.7079
80.972
80.1264
79.1704
78.1053
76.9334
75.659
74.2876
72.8257
71.2811
69.6628
67.98
66.2431
64.4626
62.6493
60.8141
58.9681
57.1224
55.2876
53.4724
51.6986
50.2058
48.9191
47.6041
46.2645
44.9223
43.5892
42.2751
41.1091
39.8387
38.7282
40.0172
30.1629
58.7077
78.008
77.8841
77.7337
77.6185
77.5093
77.3322
77.0436
76.6503
76.1729
75.6279
75.032
74.3991
73.7286
72.9945
72.1455
71.1366
69.9459
68.5339
66.8123
64.6574
61.9689
58.7441
55.0848
51.1097
46.9154
42.6031
38.2492
33.8729
29.4742
25.0646
20.665
16.2979
11.9827
7.7373
3.57906
-0.475405
-4.40977
-8.20773
-11.853
-15.3299
-18.6232
-21.7188
-24.6032
-27.2643
-29.6923
-31.8786
-33.8172
-35.5044
-36.9385
-38.1204
-39.0533
-39.7426
-40.1954
-40.4211
-40.4308
-40.2365
-39.8518
-39.2907
-38.5681
-37.6988
-36.6978
-35.5799
-34.3595
-33.0498
-31.6651
-30.2149
-28.716
-27.3717
-26.1363
-24.8538
-23.4371
-22.0627
-20.3476
-19.1594
-16.6561
-16.7314
-11.4897
-16.7158
-1.91053
-25.2218
77.9827
77.8738
77.7821
77.6886
77.5983
77.5112
77.4279
77.3489
77.2749
77.2063
77.1438
77.0876
77.0386
76.997
76.9635
76.9385
76.9226
76.9164
76.9207
76.9359
76.963
77.0026
77.0558
77.1227
77.2041
77.3002
77.4109
77.5355
77.6733
77.8224
77.9807
78.1451
78.312
78.4768
78.6345
78.7793
78.9047
79.0037
79.0689
79.0926
79.0668
78.9836
78.8349
78.6135
78.3121
77.9245
77.445
76.8692
76.1937
75.4165
74.5367
73.5552
72.474
71.2968
70.0282
68.6743
67.2423
65.7402
64.1769
62.5621
60.9057
59.2182
57.5103
55.793
54.0768
52.3706
50.6966
49.2808
48.0567
46.8027
45.522
44.2364
42.9579
41.6974
40.5764
39.3611
38.2812
39.536
29.932
57.7466
68.9502
68.7164
68.4475
68.1805
67.9058
67.619
67.2987
66.9083
66.4361
65.895
65.2987
64.659
63.9858
63.2853
62.5474
61.7423
60.8264
59.7684
58.5461
57.1121
55.3835
53.2748
50.7604
47.9032
44.794
41.4922
38.0553
34.5487
30.9996
27.4019
23.7547
20.0717
16.3712
12.6719
8.99235
5.35088
1.76607
-1.74364
-5.15964
-8.46425
-11.6402
-14.6713
-17.5419
-20.2375
-22.7452
-25.0534
-27.1521
-29.0335
-30.6918
-32.1231
-33.3262
-34.3018
-35.0527
-35.584
-35.9027
-36.0172
-35.9378
-35.6757
-35.2431
-34.6532
-33.9192
-33.0546
-32.0732
-30.9876
-29.812
-28.5562
-27.2366
-26.0359
-24.9209
-23.7573
-22.4568
-21.1949
-19.5918
-18.501
-16.1198
-16.2448
-11.1982
-16.3175
-1.93553
-24.8138
69.0556
69.0987
69.1538
69.2067
69.2625
69.3201
69.38
69.4427
69.5083
69.5774
69.6504
69.728
69.8106
69.8988
69.9932
70.0947
70.2034
70.3201
70.4452
70.5793
70.7223
70.8746
71.0362
71.207
71.3867
71.5749
71.7709
71.974
72.1829
72.3963
72.6124
72.8291
73.0437
73.2532
73.454
73.6419
73.8122
73.9596
74.0783
74.1623
74.2049
74.1993
74.1386
74.0161
73.825
73.5591
73.2125
72.7803
72.2582
71.6431
70.933
70.127
69.2258
68.231
67.1458
65.9745
64.7227
63.3969
62.0048
60.5546
59.0556
57.5175
55.9503
54.3647
52.771
51.1782
49.6083
48.274
47.1169
45.9282
44.711
43.4863
42.266
41.0617
39.9872
38.824
37.7846
38.9758
29.6867
56.6656
60.8388
60.5521
60.2327
59.911
59.5694
59.1996
58.8127
58.4101
57.9669
57.4604
56.8946
56.2841
55.6404
54.9717
54.2855
53.582
52.8468
52.0491
51.1556
50.1437
48.9839
47.6173
45.9671
43.986
41.7013
39.1876
36.4985
33.6694
30.7535
27.79
24.781
21.7199
18.6122
15.471
12.311
9.14663
5.99271
2.86479
-0.220387
-3.24577
-6.19424
-9.04889
-11.7931
-14.4106
-16.8866
-19.2072
-21.3597
-23.333
-25.1178
-26.7066
-28.0942
-29.2771
-30.2542
-31.0263
-31.5964
-31.9692
-32.1512
-32.1507
-31.9768
-31.6401
-31.1519
-30.5239
-29.7685
-28.8974
-27.9239
-26.8578
-25.7149
-24.6576
-23.6635
-22.6195
-21.4368
-20.2887
-18.8014
-17.8081
-15.5571
-15.7251
-10.8924
-15.8789
-1.96259
-24.3357
61.0137
61.1405
61.2792
61.4202
61.567
61.7186
61.8752
62.0368
62.2034
62.375
62.5519
62.7339
62.921
63.1133
63.311
63.5142
63.7229
63.9371
64.1572
64.3833
64.6155
64.8538
65.0982
65.3487
65.6052
65.867
66.1339
66.4051
66.6797
66.9563
67.2334
67.509
67.7812
68.047
68.3037
68.5477
68.7752
68.982
69.1632
69.3139
69.4286
69.5015
69.5268
69.4983
69.41
69.2561
69.0308
68.7292
68.3464
67.879
67.3239
66.6793
65.9444
65.1197
64.2068
63.2085
62.1287
60.9728
59.7468
58.4581
57.1147
55.7254
54.2994
52.847
51.3781
49.9014
48.439
47.1896
46.1025
44.9824
43.8321
42.6717
41.5127
40.3672
39.341
38.2281
37.2419
38.3341
29.4268
55.495
53.8416
53.5512
53.2318
52.9095
52.57
52.2024
51.8071
51.3904
50.9588
50.5048
50.0068
49.454
48.8559
48.2263
47.5748
46.9086
46.2323
45.5424
44.8216
44.0414
43.177
42.2103
41.1048
39.7977
38.2313
36.4004
34.3555
32.1479
29.8026
27.3549
24.8476
22.2947
19.6897
17.0332
14.3352
11.6083
8.8651
6.1179
3.37995
0.66536
-2.01109
-4.63416
-7.18831
-9.65788
-12.0277
-14.2831
-16.4101
-18.3958
-20.2285
-21.8982
-23.3965
-24.7166
-25.8541
-26.8059
-27.5716
-28.1521
-28.5507
-28.7721
-28.8225
-28.7097
-28.4424
-28.0303
-27.484
-26.8139
-26.0322
-25.1479
-24.1761
-23.259
-22.3837
-21.4573
-20.3919
-19.3566
-17.9865
-17.0897
-14.9724
-15.1814
-10.5668
-15.4197
-1.96211
-23.8367
54.0382
54.1993
54.3722
54.5501
54.7357
54.9283
55.1281
55.3352
55.5497
55.7718
56.0013
56.2385
56.4831
56.7353
56.9949
57.262
57.5362
57.8176
58.1058
58.4008
58.7022
59.0097
59.3229
59.6414
59.9647
60.2922
60.6232
60.957
61.2925
61.6287
61.964
62.2969
62.6256
62.9478
63.261
63.5623
63.8485
64.1161
64.3609
64.5787
64.7647
64.9142
65.0217
65.0819
65.0895
65.0389
64.9249
64.7423
64.4865
64.1535
63.7399
63.243
62.6613
61.9938
61.2413
60.405
59.4879
58.4936
57.4271
56.2944
55.1024
53.8591
52.5727
51.253
49.9091
48.5496
47.1963
46.0336
45.018
43.9683
42.887
41.793
40.6972
39.6129
38.6372
37.5725
36.6524
37.6219
29.121
54.2991
48.0189
47.7446
47.4451
47.1418
46.823
46.4804
46.1138
45.7229
45.3077
44.8724
44.4212
43.9441
43.4233
42.8551
42.251
41.624
40.9829
40.3333
39.6774
39.0072
38.303
37.5415
36.7063
35.7742
34.6998
33.4277
31.932
30.2393
28.3967
26.4278
24.3533
22.2108
20.0228
17.7865
15.4983
13.1641
10.7947
8.4012
5.99461
3.58632
1.18854
-1.18574
-3.5228
-5.80856
-8.02889
-10.1696
-12.2169
-14.1573
-15.9781
-17.668
-19.2165
-20.6147
-21.8552
-22.9325
-23.8427
-24.5838
-25.1559
-25.5604
-25.8006
-25.8814
-25.8091
-25.5908
-25.2352
-24.751
-24.1487
-23.4368
-22.6288
-21.847
-21.0873
-20.2759
-19.3262
-18.4022
-17.1495
-16.3481
-14.3663
-14.6158
-10.2183
-14.9445
-1.92858
-23.3302
48.2159
48.3873
48.5699
48.7588
48.956
49.1612
49.3746
49.5964
49.8268
50.0657
50.3134
50.5699
50.8353
51.1095
51.3927
51.6847
51.9855
52.2949
52.6129
52.9391
53.2732
53.615
53.9641
54.3197
54.6815
55.0487
55.4205
55.7958
56.1738
56.553
56.9321
57.3096
57.6837
58.0521
58.4129
58.7633
59.1006
59.4215
59.7227
60.0003
60.2503
60.4682
60.6495
60.7893
60.8827
60.9246
60.9099
60.834
60.6922
60.4802
60.1943
59.8313
59.389
58.8659
58.2614
57.5758
56.8109
55.9691
55.0542
54.071
53.0253
51.9239
50.7744
49.5856
48.3659
47.1238
45.8801
44.805
43.8621
42.8841
41.8732
40.8474
39.8166
38.7954
37.8719
36.8539
36.0098
36.8422
28.7608
53.0799
43.1104
42.8588
42.5854
42.308
42.0167
41.7047
41.3721
41.0193
40.6442
40.245
39.8226
39.3826
38.9262
38.4419
37.9155
37.3479
36.7519
36.1394
35.5183
34.8924
34.2608
33.6126
32.9279
32.1885
31.379
30.4697
29.4125
28.1703
26.7484
25.1845
23.5057
21.726
19.8735
17.9757
16.0361
14.0488
12.0155
9.9446
7.84571
5.72847
3.60259
1.47855
-0.632137
-2.71723
-4.76417
-6.76005
-8.69181
-10.5466
-12.3116
-13.975
-15.5256
-16.9529
-18.2481
-19.4033
-20.4125
-21.2712
-21.9763
-22.5269
-22.9234
-23.1678
-23.2639
-23.2166
-23.0321
-22.7172
-22.281
-21.7304
-21.0776
-20.4254
-19.7774
-19.0775
-18.2414
-17.4265
-16.291
-15.5835
-13.7383
-14.0277
-9.84709
-14.4497
-1.86859
-22.8083
43.2979
43.4668
43.646
43.8323
44.027
44.2301
44.4419
44.6626
44.8922
45.1311
45.3794
45.6372
45.9045
46.1815
46.4682
46.7648
47.071
47.3868
47.7121
48.0469
48.3907
48.7433
49.1044
49.4735
49.8501
50.2335
50.6229
51.0175
51.4163
51.8182
52.2217
52.6254
53.0277
53.4266
53.82
54.2056
54.5808
54.9426
55.2881
55.6137
55.9158
56.1906
56.4337
56.6409
56.8076
56.929
57.0006
57.0177
56.9757
56.8704
56.6978
56.4546
56.1379
55.7455
55.2761
54.7292
54.1054
53.4061
52.6339
51.7926
50.8869
49.9225
48.9061
47.8456
46.7484
45.6228
44.4887
43.5017
42.6322
41.7269
40.7878
39.8317
38.8674
37.9107
37.0408
36.0689
35.3077
35.9934
28.3494
51.8172
38.9212
38.6943
38.4487
38.199
37.9371
37.6572
37.3595
37.0442
36.7101
36.3556
35.9791
35.5795
35.1592
34.7229
34.2696
33.7871
33.2647
32.7065
32.1258
31.5335
30.9365
30.3372
29.7308
29.1035
28.4382
27.7214
26.933
26.0356
24.9891
23.782
22.4394
20.9902
19.4467
17.8288
16.1645
14.464
12.7221
10.937
9.11451
7.26292
5.39065
3.506
1.61806
-0.263167
-2.12702
-3.96223
-5.75708
-7.49978
-9.17835
-10.7811
-12.2968
-13.7145
-15.0244
-16.2174
-17.2859
-18.2233
-19.0247
-19.6865
-20.2069
-20.5855
-20.8235
-20.9235
-20.8894
-20.7264
-20.4411
-20.0395
-19.5319
-19.0023
-18.4609
-17.8682
-17.1424
-16.4336
-15.4138
-14.7981
-13.0899
-13.4176
-9.45408
-13.9336
-1.78578
-22.2652
39.0946
39.2543
39.4234
39.5996
39.7841
39.9769
40.1784
40.3887
40.608
40.8366
41.0748
41.3226
41.5803
41.848
42.1258
42.4138
42.7121
43.0206
43.3393
43.6682
44.0071
44.3557
44.7138
45.081
45.4569
45.8408
46.2323
46.6304
47.0343
47.443
47.8553
48.2698
48.6852
49.0994
49.5109
49.9173
50.3163
50.7054
51.0818
51.4422
51.7835
52.1021
52.394
52.6553
52.8818
53.0692
53.213
53.3088
53.3523
53.3391
53.2653
53.1273
52.9218
52.6462
52.2985
51.8775
51.3829
50.8152
50.176
49.468
48.6949
47.8613
46.9729
46.0366
45.0592
44.0482
43.0226
42.1236
41.3277
40.4956
39.629
38.7435
37.8466
36.9556
36.1402
35.2148
34.5414
35.0741
27.8868
50.5004
35.3142
35.1119
34.8932
34.6706
34.4374
34.1885
33.9242
33.6444
33.3484
33.0348
32.7026
32.3505
31.9773
31.5824
31.1689
30.7408
30.2948
29.8188
29.3053
28.761
28.1993
27.6303
27.0591
26.4855
25.9022
25.2945
24.6481
23.9496
23.1724
22.2785
21.2452
20.0837
18.8204
17.4696
16.0454
14.573
13.0682
11.5285
9.94994
8.33544
6.69211
5.02743
3.34882
1.66415
-0.0180516
-1.68837
-3.33676
-4.95278
-6.52568
-8.04461
-9.49876
-10.8775
-12.1707
-13.3687
-14.463
-15.4458
-16.3105
-17.0518
-17.666
-18.1505
-18.5043
-18.728
-18.8233
-18.7934
-18.643
-18.3767
-18.0027
-17.5875
-17.1468
-16.6556
-16.0357
-15.429
-14.5222
-13.9955
-12.4232
-12.7875
-9.04044
-13.397
-1.68105
-21.7015
35.4718
35.6192
35.7751
35.938
36.1087
36.2873
36.4743
36.6697
36.8739
37.0871
37.3096
37.5416
37.7833
38.0349
38.2965
38.5684
38.8506
39.1433
39.4464
39.7599
40.0839
40.4182
40.7626
41.1169
41.4808
41.8538
42.2353
42.6249
43.0218
43.425
43.8336
44.2463
44.662
45.079
45.4957
45.9102
46.3204
46.7239
47.1182
47.5006
47.8681
48.2173
48.5448
48.847
49.1198
49.3594
49.5615
49.7219
49.8365
49.9009
49.9114
49.8639
49.7552
49.5822
49.3425
49.0341
48.6563
48.2086
47.6917
47.1073
46.4583
45.748
44.9814
44.1643
43.3026
42.4033
41.484
40.6717
39.9488
39.1896
38.3956
37.5809
36.7519
35.9274
35.1671
34.2893
33.7068
34.0839
27.3699
49.1249
32.177
31.9973
31.8035
31.606
31.3991
31.1786
30.9446
30.6972
30.4357
30.1588
29.8658
29.5558
29.2277
28.8805
28.5129
28.1252
27.721
27.3031
26.8664
26.399
25.8967
25.3685
24.8276
24.2827
23.7374
23.1885
22.6257
22.0356
21.4072
20.7216
19.9466
19.054
18.0426
16.9331
15.742
14.4802
13.1688
11.8269
10.4562
9.05157
7.61348
6.14758
4.66072
3.15963
1.65101
0.142278
-1.35823
-2.84169
-4.29871
-5.7196
-7.09444
-8.41326
-9.6662
-10.8437
-11.9367
-12.9368
-13.8365
-14.6293
-15.3098
-15.8739
-16.3189
-16.6432
-16.847
-16.9312
-16.8991
-16.7534
-16.5006
-16.1906
-15.8433
-15.4473
-14.9277
-14.418
-13.6207
-13.1792
-11.7408
-12.1392
-8.60739
-12.841
-1.55681
-21.1185
32.3187
32.4529
32.5946
32.7429
32.8984
33.0614
33.2322
33.4109
33.598
33.7935
33.9979
34.2113
34.434
34.6663
34.9082
35.1601
35.4221
35.6944
35.977
36.27
36.5735
36.8875
37.2117
37.5463
37.8909
38.2452
38.6088
38.9814
39.3623
39.7509
40.1462
40.5473
40.9532
41.3625
41.7738
42.1854
42.5955
43.0021
43.4029
43.7954
44.177
44.5446
44.8951
45.2253
45.5315
45.8099
46.0567
46.2679
46.4394
46.5673
46.6476
46.6764
46.6501
46.5656
46.4199
46.211
45.937
45.597
45.1911
44.72
44.1855
43.5903
42.9381
42.234
41.4828
40.6909
39.8748
39.1473
38.4959
37.8087
37.0865
36.3423
35.5812
34.8235
34.1181
33.2899
32.7996
33.0221
26.7953
47.6841
29.4155
29.2564
29.0849
28.9101
28.727
28.5321
28.3254
28.1069
27.8762
27.6321
27.374
27.1011
26.8125
26.5074
26.1848
25.8438
25.4833
25.1045
24.7111
24.3044
23.8775
23.4197
22.93
22.4193
21.9001
21.3797
20.8588
20.3316
19.7868
19.2128
18.5972
17.9151
17.137
16.2514
15.2716
14.2146
13.0904
11.9165
10.7131
9.48621
8.23089
6.94529
5.63338
4.30117
2.95467
1.59985
0.243321
-1.10764
-2.44509
-3.7606
-5.04538
-6.29032
-7.48624
-8.62391
-9.69443
-10.6892
-11.6002
-12.4203
-13.143
-13.763
-14.2761
-14.6794
-14.9711
-15.1509
-15.2199
-15.1797
-15.0349
-14.8201
-14.5585
-14.2503
-13.8246
-13.406
-12.7135
-12.3527
-11.0452
-11.4748
-8.15637
-12.2657
-1.41594
-20.5136
29.5422
29.6631
29.7908
29.9246
30.065
30.2123
30.3667
30.5285
30.698
30.8755
31.0611
31.2552
31.458
31.6699
31.8909
32.1214
32.3615
32.6114
32.8714
33.1414
33.4217
33.7123
34.0131
34.3242
34.6455
34.9767
35.3177
35.668
36.0274
36.3952
36.7708
37.1534
37.5423
37.9361
38.3339
38.7341
39.1352
39.5354
39.9329
40.3254
40.7105
41.0856
41.4479
41.7943
42.1217
42.4265
42.7052
42.9541
43.1692
43.3469
43.4831
43.5741
43.6163
43.6063
43.5411
43.4179
43.2348
42.9902
42.6835
42.3146
41.8845
41.3951
40.8491
40.2508
39.604
38.9143
38.1971
37.5514
36.9696
36.3525
35.7009
35.0262
34.3324
33.6409
32.9902
32.2139
31.8151
31.8873
26.1608
46.1668
26.9534
26.8126
26.6611
26.5066
26.3448
26.1727
25.9901
25.7974
25.5939
25.3788
25.1514
24.9111
24.6572
24.3889
24.1054
23.8059
23.4895
23.1553
22.8027
22.4337
22.0517
21.6564
21.2392
20.7911
20.3148
19.8225
19.3256
18.8294
18.3316
17.8237
17.2952
16.7363
16.1284
15.4439
14.6647
13.7957
12.8524
11.8458
10.7904
9.70635
8.60331
7.4776
6.32558
5.14919
3.95318
2.74284
1.52356
0.301279
-0.917398
-2.12526
-3.31459
-4.47731
-5.60503
-6.68919
-7.72128
-8.6929
-9.59598
-10.423
-11.1669
-11.8217
-12.3822
-12.8441
-13.2046
-13.4617
-13.6152
-13.6651
-13.6145
-13.4844
-13.3001
-13.0717
-12.7327
-12.3985
-11.805
-11.5198
-10.3395
-10.796
-7.69016
-11.6702
-1.26367
-19.8824
27.0663
27.1747
27.2892
27.4091
27.5352
27.6675
27.8063
27.9519
28.1045
28.2644
28.4318
28.6071
28.7905
28.9822
29.1824
29.3915
29.6096
29.837
30.0739
30.3204
30.5766
30.8428
31.1189
31.405
31.7011
32.0071
32.3229
32.6482
32.9829
33.3264
33.6783
34.0381
34.405
34.7782
35.1566
35.5392
35.9246
36.3114
36.6979
37.0821
37.4621
37.8355
38.1999
38.5525
38.8904
39.2105
39.5095
39.784
40.0303
40.245
40.4241
40.5641
40.6614
40.7125
40.7142
40.6637
40.5585
40.3967
40.1771
39.8989
39.5626
39.169
38.7203
38.2197
37.6701
37.0767
36.4531
35.8855
35.3704
34.8212
34.238
33.6309
33.0031
32.3772
31.7804
31.0589
30.7487
30.677
25.4655
44.5566
24.7493
24.625
24.4913
24.3548
24.212
24.0602
23.8992
23.7294
23.55
23.3605
23.1603
22.9489
22.7255
22.4896
22.2405
21.9773
21.6994
21.406
21.0963
20.7693
20.4253
20.0665
19.6961
19.3113
18.9024
18.4631
17.9995
17.5245
17.0473
16.5695
16.086
15.5878
15.066
14.5083
13.8928
13.2001
12.4291
11.5923
10.6998
9.76229
8.79651
7.81185
6.80428
5.7689
4.70794
3.62772
2.53437
1.43287
0.328108
-0.774235
-1.8675
-2.94447
-3.99763
-5.01922
-6.00143
-6.93635
-7.81618
-8.6334
-9.38092
-10.0522
-10.6413
-11.1434
-11.5545
-11.8717
-12.0932
-12.2181
-12.2478
-12.1914
-12.0754
-11.9184
-11.6583
-11.401
-10.9002
-10.6842
-9.62708
-10.104
-7.21261
-11.0524
-1.10632
-19.2149
24.8495
24.946
25.0478
25.1547
25.267
25.385
25.5089
25.6389
25.7753
25.9183
26.0682
26.2253
26.3897
26.5618
26.7417
26.9298
27.1263
27.3314
27.5453
27.7682
28.0004
28.2418
28.4928
28.7533
29.0234
29.3031
29.5924
29.8911
30.1992
30.5163
30.8421
31.1761
31.5179
31.8668
32.222
32.5825
32.9473
33.3152
33.6847
34.0543
34.4223
34.7865
35.1449
35.495
35.8343
36.16
36.4691
36.7585
37.0249
37.2649
37.4749
37.6516
37.7913
37.8907
37.9465
37.9557
37.9157
37.8242
37.6795
37.4804
37.2267
36.9186
36.5576
36.1458
35.6856
35.1813
34.6452
34.1511
33.6993
33.2146
32.697
32.1551
31.5916
31.0294
30.4854
29.8225
29.5958
29.3873
24.7127
42.8337
22.7273
22.6173
22.4991
22.3784
22.2521
22.1178
21.9756
21.8255
21.6671
21.4997
21.323
21.1364
20.9393
20.7312
20.5116
20.2796
20.0348
19.7764
19.5036
19.2157
18.912
18.5918
18.2559
17.9072
17.5477
17.1724
16.7709
16.3402
15.89
15.4331
14.976
14.5174
14.0497
13.5649
13.0535
12.4974
11.8768
11.1886
10.4462
9.65956
8.8314
7.97098
7.08889
6.18441
5.2524
4.29429
3.31676
2.32642
1.32835
0.327093
-0.671924
-1.66257
-2.63818
-3.59178
-4.51638
-5.4048
-6.24969
-7.04385
-7.78026
-8.45242
-9.05417
-9.57997
-10.0253
-10.3864
-10.6605
-10.8456
-10.9418
-10.948
-10.8912
-10.7967
-10.607
-10.4186
-10.0039
-9.84898
-8.91288
-9.39848
-6.73153
-10.4029
-0.958295
-18.495
22.8163
22.9025
22.9933
23.0887
23.189
23.2943
23.405
23.5212
23.6431
23.771
23.9051
24.0458
24.1931
24.3474
24.5088
24.6777
24.8542
25.0387
25.2312
25.4321
25.6415
25.8596
26.0865
26.3224
26.5673
26.8214
27.0846
27.357
27.6384
27.9286
28.2276
28.5348
28.8501
29.1728
29.5024
29.8382
30.1792
30.5246
30.8731
31.2234
31.5741
31.9234
32.2695
32.6103
32.9436
33.2669
33.5774
33.8726
34.1492
34.4043
34.6346
34.8367
35.0073
35.1432
35.2411
35.2979
35.3109
35.2776
35.1958
35.0643
34.8821
34.6489
34.3654
34.0332
33.6539
33.231
32.7754
32.3497
31.957
31.5331
31.0774
30.5974
30.0958
29.5952
29.1018
28.5019
28.3513
28.0102
23.9143
40.9629
20.9267
20.8306
20.7273
20.622
20.5119
20.395
20.2712
20.1407
20.0032
19.858
19.7049
19.5433
19.373
19.1934
19.0041
18.8047
18.5946
18.3734
18.1404
17.895
17.6367
17.3654
17.0817
16.7879
16.4872
16.1819
15.8653
15.5145
15.0991
14.6032
14.0372
13.4296
12.8087
12.2
11.6285
11.1236
10.7021
10.3457
10.0011
9.59439
9.05002
8.32808
7.46356
6.54642
5.6461
4.77297
3.90372
3.01936
2.11768
1.20626
0.294024
-0.612878
-1.50994
-2.39224
-3.25393
-4.08848
-4.88922
-5.64948
-6.36259
-7.02233
-7.62242
-8.15728
-8.62188
-9.01172
-9.32353
-9.55459
-9.70368
-9.76141
-9.75453
-9.7131
-9.5853
-9.45622
-9.1219
-9.01637
-8.20333
-8.6763
-6.25772
-9.71194
-0.842233
-17.7007
21.0045
21.0797
21.1592
21.2426
21.3304
21.4226
21.5196
21.6215
21.7285
21.8408
21.9588
22.0825
22.2123
22.3483
22.4908
22.6401
22.7963
22.9597
23.1305
23.3089
23.4952
23.6896
23.8921
24.103
24.3224
24.5505
24.7871
25.0324
25.2865
25.5493
25.8204
26.0999
26.3873
26.6825
26.9849
27.2938
27.6087
27.9288
28.2532
28.5806
28.91
29.2397
29.5683
29.8941
30.215
30.5289
30.8335
31.1262
31.4045
31.6654
31.9061
32.1235
32.3143
32.4755
32.604
32.6967
32.7508
32.7638
32.7331
32.6574
32.5354
32.366
32.1496
31.8871
31.5794
31.2294
30.8462
30.4829
30.1444
29.7761
29.3777
28.9555
28.5127
28.0709
27.6255
27.0952
27.013
26.5324
23.0929
38.917
18.6717
18.5899
18.5018
18.4118
18.3177
18.2178
18.112
18.0004
17.8826
17.7584
17.6273
17.4888
17.3426
17.1884
17.0256
16.8538
16.6725
16.4812
16.2793
16.0663
15.8416
15.6046
15.3543
15.0894
14.8082
14.5098
14.1963
13.874
13.5479
13.2155
12.8663
12.4957
12.1104
11.7248
11.3442
10.963
10.5704
10.1565
9.70564
9.19794
8.62981
8.01697
7.3687
6.6782
5.94529
5.18648
4.41673
3.6394
2.85245
2.05561
1.25172
0.445117
-0.359362
-1.1568
-1.9422
-2.71017
-3.45508
-4.17092
-4.85159
-5.49096
-6.08304
-6.62203
-7.10261
-7.51975
-7.86928
-8.14779
-8.35283
-8.46559
-8.51351
-8.52893
-8.47153
-8.40377
-8.16638
-8.1017
-7.4494
-7.8701
-5.78575
-8.92081
-0.789665
-16.8193
18.7382
18.8025
18.8705
18.9418
19.0169
19.0959
19.1789
19.2662
19.3579
19.4543
19.5555
19.6618
19.7732
19.8903
20.0129
20.1414
20.2761
20.4171
20.5647
20.719
20.8802
21.0488
21.2247
21.408
21.5991
21.7981
22.005
22.2199
22.4429
22.6742
22.9134
23.1606
23.4158
23.6788
23.9491
24.2262
24.51
24.7999
25.095
25.3947
25.6979
26.0034
26.3102
26.6169
26.9218
27.2232
27.5192
27.8074
28.0859
28.3519
28.6031
28.8367
29.0495
29.2389
29.402
29.5358
29.6373
29.7042
29.7336
29.7238
29.673
29.5798
29.444
29.2654
29.0443
28.7834
28.4892
28.2033
27.9331
27.6358
27.3111
26.9637
26.5976
26.2314
25.8469
25.4176
25.4164
24.7755
22.2052
36.4982
16.2191
16.1527
16.0812
16.008
15.9315
15.8502
15.7642
15.6733
15.5776
15.4765
15.3699
15.2572
15.1383
15.0128
14.8804
14.7407
14.5932
14.4376
14.2734
14.1004
13.9178
13.7251
13.5213
13.3053
13.0765
12.8362
12.5886
12.3417
12.1071
11.8963
11.7125
11.544
11.3639
11.1439
10.8662
10.5258
10.122
9.65769
9.14433
8.60367
8.05837
7.52275
7.00052
6.47678
5.92309
5.32211
4.68332
4.02752
3.36532
2.69552
2.01527
1.32536
0.629731
-0.0670718
-0.760496
-1.44594
-2.11873
-2.77371
-3.40543
-4.00825
-4.57647
-5.10447
-5.58681
-6.0182
-6.39387
-6.7097
-6.96229
-7.12474
-7.22273
-7.29337
-7.30118
-7.2996
-7.1469
-7.14838
-6.61422
-7.06859
-5.18313
-8.23633
-0.52124
-16.271
16.2736
16.3267
16.3827
16.4416
16.5035
16.5687
16.6373
16.7095
16.7853
16.8651
16.9489
17.0369
17.1294
17.2265
17.3283
17.4351
17.5471
17.6645
17.7876
17.9164
18.0511
18.1922
18.3396
18.4934
18.654
18.8215
18.9962
19.178
19.367
19.5635
19.7673
19.9785
20.1972
20.4234
20.6567
20.897
21.144
21.3976
21.6572
21.9222
22.192
22.4659
22.7431
23.0224
23.3028
23.583
23.8613
24.136
24.4055
24.6677
24.9204
25.1614
25.388
25.5977
25.7881
25.9564
26.0998
26.2157
26.3015
26.355
26.3742
26.3574
26.3035
26.2117
26.0818
25.9156
25.7185
25.5182
25.3245
25.1082
24.8685
24.6078
24.3312
24.0544
23.747
23.4254
23.5436
22.825
20.8674
34.5336
14.1265
14.0736
14.0166
13.9583
13.8973
13.8326
13.764
13.6916
13.6154
13.535
13.4501
13.3606
13.2662
13.1667
13.0616
12.951
12.8343
12.7113
12.5816
12.4451
12.3013
12.1499
11.9905
11.8228
11.6461
11.4603
11.2648
11.0593
10.8437
10.618
10.3834
10.1421
9.89372
9.63191
9.34513
9.02612
8.68166
8.32852
7.9813
7.6425
7.30486
6.95376
6.57152
6.14794
5.68668
5.19441
4.67218
4.12287
3.55706
2.98431
2.40642
1.82104
1.22772
0.628748
0.0279238
-0.570692
-1.16318
-1.74549
-2.31324
-2.8616
-3.38557
-3.88003
-4.33987
-4.75996
-5.13556
-5.46228
-5.73619
-5.92613
-6.05493
-6.16166
-6.21522
-6.2622
-6.17475
-6.23025
-5.79169
-6.28322
-4.55933
-7.57618
-0.190437
-15.7469
14.1703
14.2129
14.2579
14.3051
14.3549
14.4075
14.4627
14.5208
14.5821
14.6465
14.7141
14.7853
14.8601
14.9388
15.0213
15.1081
15.1991
15.2947
15.3951
15.5002
15.6103
15.7257
15.8465
15.973
16.1052
16.2433
16.3876
16.5381
16.695
16.8584
17.0285
17.2051
17.3887
17.579
17.7759
17.9796
18.1898
18.4063
18.6288
18.8572
19.0909
19.3294
19.5721
19.8182
20.0672
20.3178
20.5688
20.819
21.0671
21.3115
21.5503
21.7818
22.0038
22.2142
22.4108
22.5912
22.7529
22.8936
23.0107
23.1022
23.166
23.2002
23.2033
23.1744
23.1126
23.0195
22.8985
22.767
22.6355
22.4858
22.3167
22.1301
21.9324
21.7371
21.5058
21.2909
21.5203
20.7815
19.3362
32.4859
12.0986
12.0555
12.009
11.9615
11.9118
11.859
11.8031
11.744
11.6819
11.6164
11.5472
11.4741
11.3971
11.3158
11.23
11.1396
11.0442
10.9436
10.8375
10.7255
10.6075
10.4831
10.352
10.2139
10.0682
9.91474
9.75302
9.58253
9.40305
9.21427
9.01608
8.80889
8.59415
8.3743
8.15014
7.9163
7.66239
7.38178
7.08068
6.77438
6.47446
6.18112
5.88407
5.56855
5.22172
4.84053
4.42992
3.99244
3.52823
3.04383
2.55054
2.05432
1.55426
1.04824
0.536959
0.02357
-0.488223
-0.994713
-1.49238
-1.9774
-2.4457
-2.89289
-3.31449
-3.70587
-4.06256
-4.38037
-4.6551
-4.85443
-4.99804
-5.12463
-5.20714
-5.28639
-5.24773
-5.34209
-4.98525
-5.49909
-3.93125
-6.88815
0.149187
-15.1071
12.1343
12.1689
12.2056
12.2441
12.2847
12.3275
12.3726
12.42
12.4699
12.5225
12.5778
12.6359
12.6972
12.7615
12.8291
12.9002
12.9748
13.0532
13.1355
13.2218
13.3124
13.4073
13.5068
13.6111
13.7202
13.8343
13.9536
14.0783
14.2084
14.3441
14.4856
14.6328
14.7861
14.9453
15.1103
15.2815
15.4585
15.6414
15.83
16.0241
16.2235
16.4278
16.6365
16.8493
17.0655
17.2844
17.5052
17.7267
17.9481
18.1681
18.3853
18.5982
18.8052
19.0045
19.1943
19.3725
19.537
19.6859
19.8168
19.9278
20.0171
20.0826
20.123
20.1372
20.1241
20.0847
20.021
19.9428
19.8607
19.7646
19.6535
19.5288
19.3987
19.2742
19.1136
19.0001
19.3183
18.5999
17.624
30.0794
10.1042
10.0699
10.0329
9.99503
9.95535
9.91327
9.86875
9.82175
9.77227
9.72008
9.66503
9.60691
9.54561
9.48093
9.41267
9.34074
9.2649
9.18489
9.10055
9.01162
8.91784
8.81899
8.71491
8.60523
8.48962
8.36792
8.23979
8.10484
7.96277
7.81326
7.65603
7.491
7.31803
7.13753
6.95085
6.75982
6.56441
6.35853
6.13201
5.8798
5.60959
5.33766
5.07415
4.81729
4.5564
4.27791
3.97226
3.63892
3.28064
2.89807
2.49496
2.08129
1.66569
1.24929
0.829241
0.404368
-0.0236129
-0.45142
-0.875596
-1.29273
-1.69929
-2.0915
-2.46539
-2.81683
-3.14178
-3.43646
-3.69674
-3.89141
-4.03707
-4.17002
-4.26711
-4.36436
-4.3592
-4.47869
-4.18783
-4.71193
-3.28526
-6.16622
0.520412
-14.3616
10.1328
10.1605
10.1898
10.2207
10.2532
10.2875
10.3236
10.3616
10.4017
10.4439
10.4883
10.5351
10.5843
10.6361
10.6905
10.7478
10.808
10.8713
10.9377
11.0075
11.0809
11.1578
11.2385
11.3231
11.4118
11.5047
11.6018
11.7036
11.8099
11.921
12.037
12.158
12.2841
12.4153
12.5517
12.6933
12.8402
12.9924
13.1497
13.312
13.4792
13.6511
13.8274
14.0078
14.1917
14.3788
14.5685
14.7599
14.9522
15.1446
15.336
15.5253
15.7111
15.892
16.0667
16.2334
16.3903
16.5359
16.6682
16.7854
16.8858
16.9678
17.0298
17.0708
17.09
17.0879
17.065
17.0262
16.9818
16.9276
16.8626
16.7883
16.7138
16.6477
16.548
16.524
16.9081
16.2306
15.6637
27.3565
8.28973
8.26281
8.23379
8.204
8.17281
8.13975
8.10475
8.06778
8.02888
7.98783
7.9445
7.89878
7.85057
7.79966
7.74597
7.68941
7.62972
7.56668
7.50023
7.43021
7.35634
7.27843
7.19634
7.10984
7.01865
6.92257
6.82136
6.71474
6.60248
6.48424
6.35973
6.22866
6.09079
5.94616
5.79496
5.63772
5.47596
5.31139
5.14309
4.96424
4.76484
4.54243
4.3071
4.07429
3.85115
3.6335
3.41003
3.16905
2.90458
2.61648
2.30567
1.97433
1.63057
1.28445
0.939789
0.594716
0.247277
-0.101732
-0.449747
-0.793823
-1.13134
-1.45953
-1.77541
-2.07551
-2.3563
-2.61454
-2.84637
-3.02366
-3.15973
-3.28693
-3.38547
-3.48761
-3.50145
-3.63317
-3.39214
-3.91552
-2.60915
-5.40248
0.950247
-13.4935
8.31217
8.33378
8.35663
8.38066
8.40598
8.43268
8.46078
8.49031
8.52144
8.55424
8.58872
8.62502
8.66317
8.7033
8.74555
8.78995
8.83658
8.88553
8.937
8.99105
9.04777
9.10729
9.16971
9.23513
9.30376
9.3756
9.45074
9.52944
9.61175
9.69781
9.78766
9.88141
9.97929
10.0813
10.1873
10.2977
10.4123
10.5313
10.6545
10.7821
10.9138
11.0496
11.1895
11.3329
11.4799
11.63
11.783
11.9381
12.0949
12.2528
12.4109
12.5684
12.7245
12.8778
13.0273
13.1719
13.31
13.4403
13.5612
13.6714
13.7693
13.8535
13.9228
13.9761
14.013
14.0336
14.0371
14.0258
14.0084
13.9841
13.9525
13.9148
13.8816
13.8576
13.8035
13.8489
14.2732
13.6433
13.4008
24.3029
6.18842
6.16831
6.14661
6.12428
6.10093
6.07619
6.05001
6.02241
5.99336
5.96272
5.93043
5.89638
5.86051
5.8227
5.78287
5.74089
5.69661
5.64992
5.60072
5.5489
5.49425
5.43667
5.37601
5.31209
5.24479
5.17391
5.0992
5.02054
4.93773
4.85057
4.75882
4.66221
4.56044
4.45331
4.34075
4.22281
4.09983
3.9727
3.8429
3.71172
3.57674
3.42986
3.26256
3.07621
2.88374
2.6994
2.52735
2.36257
2.19618
2.02067
1.8325
1.62887
1.40692
1.16904
0.921872
0.66865
0.407184
0.13596
-0.142116
-0.421341
-0.696513
-0.964003
-1.22139
-1.46635
-1.6963
-1.90889
-2.10111
-2.25007
-2.36566
-2.47518
-2.56214
-2.65558
-2.67357
-2.80353
-2.59526
-3.10418
-1.89827
-4.57662
1.43541
-12.3602
6.20543
6.22185
6.23926
6.25755
6.27685
6.29726
6.31874
6.34137
6.36524
6.39039
6.41686
6.44477
6.4742
6.50521
6.53791
6.57231
6.60849
6.64662
6.68679
6.72901
6.77337
6.82006
6.86918
6.92072
6.97488
7.0317
7.09128
7.15377
7.21927
7.28784
7.35957
7.43452
7.51286
7.59454
7.67963
7.76827
7.86043
7.95608
8.05521
8.15791
8.26394
8.37332
8.48583
8.6013
8.71963
8.84045
8.96355
9.08852
9.21494
9.34228
9.46998
9.59754
9.72418
9.84914
9.97163
10.0908
10.2054
10.3147
10.4173
10.5123
10.5982
10.674
10.7386
10.7907
10.8302
10.8569
10.8687
10.8672
10.8621
10.8527
10.839
10.8232
10.8164
10.8207
10.8
10.8972
11.3441
10.7715
10.7334
20.7565
4.72592
4.7113
4.69567
4.6797
4.66297
4.64516
4.62632
4.60652
4.58565
4.56354
4.54027
4.51574
4.48981
4.46247
4.43366
4.40319
4.37099
4.33704
4.30121
4.26336
4.22343
4.18133
4.13691
4.09005
4.04066
3.98857
3.93365
3.87586
3.815
3.75094
3.68355
3.61273
3.5383
3.46008
3.37789
3.29168
3.20157
3.10788
3.01142
2.9134
2.81544
2.71795
2.61667
2.50263
2.37019
2.22638
2.08595
1.95803
1.83781
1.71116
1.56412
1.39099
1.19358
0.976067
0.746842
0.520832
0.310956
0.118481
-0.0644791
-0.245555
-0.427236
-0.607966
-0.78501
-0.955947
-1.11863
-1.27123
-1.41107
-1.52099
-1.60788
-1.69164
-1.75829
-1.83447
-1.84659
-1.96612
-1.77774
-2.26259
-1.1417
-3.66089
1.9673
-10.7643
4.73811
4.7496
4.7618
4.77454
4.78791
4.80193
4.8166
4.83202
4.84823
4.8652
4.88294
4.90151
4.92101
4.94146
4.96285
4.98519
5.00859
5.03315
5.05879
5.08558
5.11354
5.14281
5.17345
5.20539
5.2387
5.27347
5.30977
5.3476
5.38703
5.42817
5.47097
5.51557
5.56199
5.61023
5.66038
5.71257
5.76687
5.82317
5.88155
5.94214
6.00485
6.06969
6.13669
6.20585
6.27706
6.35023
6.42527
6.50205
6.58031
6.65975
6.74014
6.82106
6.90204
6.98265
7.06238
7.14048
7.21626
7.28916
7.35834
7.42319
7.48283
7.5367
7.58431
7.62499
7.65907
7.68576
7.70203
7.71274
7.71763
7.71725
7.71184
7.70338
7.7031
7.71056
7.69176
7.78992
8.20476
7.68463
7.66962
16.4928
1.83119
1.82238
1.81284
1.80311
1.79296
1.78222
1.7709
1.75905
1.74662
1.73355
1.71986
1.7055
1.69037
1.67447
1.65781
1.64027
1.62176
1.60229
1.58179
1.56016
1.53735
1.51329
1.48789
1.46105
1.43263
1.40251
1.37055
1.33665
1.30059
1.26211
1.22102
1.17707
1.12991
1.07915
1.02429
0.964765
0.900019
0.829341
0.752164
0.667649
0.573807
0.467289
0.343415
0.196679
0.0232202
-0.169051
-0.346355
-0.446527
-0.403351
-0.183533
0.189143
0.632095
1.02601
1.25891
1.27408
1.09321
0.799371
0.487987
0.219067
0.00529931
-0.167801
-0.316859
-0.450126
-0.569415
-0.674959
-0.767909
-0.849028
-0.912121
-0.958524
-1.00215
-1.03273
-1.07482
-1.06381
-1.15314
-0.972622
-1.39065
-0.409088
-2.52711
2.17663
-7.79714
1.83876
1.84621
1.85416
1.86251
1.87135
1.88066
1.89044
1.90084
1.91189
1.92355
1.93584
1.94882
1.96262
1.97722
1.99263
2.00892
2.02619
2.04453
2.06385
2.08426
2.10591
2.12882
2.15302
2.17854
2.20549
2.23391
2.26389
2.29545
2.32863
2.36356
2.4002
2.43867
2.4789
2.52092
2.56477
2.6105
2.65806
2.70733
2.75838
2.81109
2.86532
2.921
2.97807
3.03633
3.09556
3.15568
3.21635
3.27745
3.33867
3.39979
3.46058
3.52078
3.58015
3.63847
3.69554
3.75115
3.80502
3.85713
3.90692
3.9539
3.99712
4.03545
4.06696
4.08929
4.10098
4.09971
4.07983
4.04818
4.02032
3.98881
3.9564
3.92786
3.91734
3.9272
3.92678
4.04083
4.45066
4.10088
3.9469
10.8604
1.96794
1.96437
1.96094
1.95748
1.95373
1.9497
1.94543
1.9409
1.93611
1.93105
1.92572
1.92005
1.914
1.90753
1.90066
1.89334
1.88553
1.87719
1.86829
1.85883
1.84878
1.83807
1.82675
1.81476
1.8021
1.78881
1.77486
1.76031
1.74524
1.72967
1.71374
1.69763
1.68155
1.66581
1.6509
1.63734
1.62555
1.6154
1.60582
1.59546
1.58496
1.58229
1.60929
1.70424
1.91073
2.24814
2.67263
3.05956
3.23338
3.03835
2.41204
1.42991
0.303362
-0.681637
-1.28157
-1.4125
-1.1835
-0.80917
-0.473549
-0.253418
-0.136403
-0.0801234
-0.0536516
-0.0444847
-0.0487757
-0.0635585
-0.0841117
-0.104838
-0.123037
-0.144027
-0.159451
-0.18732
-0.180833
-0.249182
-0.137756
-0.419631
0.175545
-1.04073
1.70058
-3.53543
1.97129
1.97443
1.97757
1.98066
1.98374
1.98681
1.98978
1.99268
1.99552
1.99825
2.00085
2.00327
2.00553
2.00758
2.00938
2.01089
2.01209
2.01295
2.01339
2.01335
2.01288
2.01183
2.01017
2.00785
2.00483
2.00102
1.99641
1.9909
1.98445
1.97702
1.96858
1.95907
1.94843
1.93668
1.9238
1.9098
1.89465
1.87842
1.86117
1.84298
1.82387
1.804
1.7835
1.76252
1.74121
1.71982
1.69843
1.6773
1.6565
1.6363
1.61673
1.59786
1.5796
1.56187
1.54439
1.52691
1.50908
1.49086
1.47208
1.45325
1.43544
1.42065
1.41162
1.41217
1.4266
1.45488
1.49622
1.56242
1.6118
1.65222
1.68101
1.69488
1.69485
1.67483
1.61266
1.55735
1.58591
1.27911
1.06843
3.83018
)
;

boundaryField
{
    inlet
    {
        type            freestreamPressure;
        freestreamValue uniform 0;
        supersonic      false;
        value           nonuniform List<scalar> 
134
(
1.76815
-0.954034
-3.68941
-5.9515
-7.47555
-8.27065
-8.17882
-7.21528
-5.43146
-2.36678
-0.342958
-0.560208
-0.928293
-1.26101
-1.59565
-1.94806
-2.32123
-2.71624
-3.13806
-3.59651
4.52551
-4.10618
-4.6769
-5.28713
-5.87341
-6.31275
-6.53737
-6.94232
-6.95184
-7.10489
-8.66281
-7.89626
-7.94745
-8.13359
-8.2726
-8.3488
-8.42279
-8.58784
-8.98426
-9.45131
7.2253
10.1368
12.8626
14.7742
15.417
13.8928
9.08731
-10.5662
-10.3908
-10.0791
-9.88991
-9.75722
-9.60044
-9.41651
-9.22447
-9.02957
-8.82871
-8.61958
-8.40242
-8.17771
-7.94445
-7.70084
-7.44307
-7.16481
-6.85766
-6.51619
-6.30381
-6.10062
-5.85238
-5.56297
-5.22574
-4.78549
-4.16583
-3.01553
-1.36662
4.19816
8.3098
12.396
16.1546
19.6305
22.7943
25.4129
27.407
28.8578
29.8235
30.4194
30.7691
30.9814
31.1448
31.3894
31.9159
32.79
33.7029
34.4335
35.0213
35.5181
35.9311
36.2449
36.4532
36.5616
36.5843
36.5534
36.5333
36.69
37.2609
38.7023
39.1992
38.3166
37.34
36.6625
36.0644
35.3913
34.6621
33.917
33.1573
32.3705
31.5497
30.6924
29.7943
28.8484
27.8446
26.7704
25.6038
24.3276
22.8184
21.5937
20.3174
18.8166
17.1179
15.2118
12.9967
10.3313
6.80597
2.40181
)
;
    }
    outlet
    {
        type            freestreamPressure;
        freestreamValue uniform 0;
        supersonic      false;
        value           nonuniform List<scalar> 
160
(
0.0238968
0.023939
0.0238518
0.0239787
0.0238084
0.0240186
0.0237644
0.024058
0.0237168
0.0240975
0.0236656
0.0241369
0.0236115
0.0241754
0.0235541
0.0242131
0.0234932
0.0242504
0.023429
0.0242865
0.0233614
0.0243212
0.0232895
0.0243539
0.0232128
0.0243851
0.0231307
0.0244139
0.0230437
0.0244401
0.022951
0.024463
0.0228521
0.0244824
0.0227466
0.0244983
0.0226341
0.0245093
0.0225145
0.024515
0.0223876
0.0245158
0.0222525
0.0245103
0.0221097
0.0244977
0.0219585
0.0244777
0.021799
0.0244498
0.0216315
0.024413
0.0214557
0.0243671
0.0212724
0.024311
0.0210826
0.0242441
0.0208864
0.0241663
0.0206855
0.0240768
0.0204822
0.0239754
0.0202787
0.0238611
0.020079
0.0237341
0.0198888
0.0235946
0.0197144
0.0234423
0.0195617
0.0232772
0.0194297
0.0231
0.0193064
0.0229117
0.0191749
0.0227131
0.0190391
0.0225046
0.0189869
0.0222881
0.0192701
0.0220655
0.0203366
0.0218386
0.0227001
0.0216091
0.0265957
0.0213803
0.0315409
0.0211533
0.0361346
0.0209316
0.0383526
0.020716
0.0362841
0.0205099
0.0290019
0.020314
0.0172641
0.0201293
0.003662
0.0199551
-0.0081941
0.0197903
-0.0153108
0.0196316
-0.0167744
0.0194761
-0.0139959
0.0193196
-0.00955073
0.0191618
-0.005589
0.0190005
-0.00299368
0.0188427
-0.00161319
0.0187023
-0.000948523
0.0186063
-0.000635665
0.0185912
-0.000527471
0.0187095
-0.000578859
0.0190208
-0.000755072
0.0195302
-0.00100048
0.0202324
-0.00124854
0.0212663
-0.00146712
0.0220676
-0.0017198
0.0227708
-0.00190751
0.0233401
-0.00224463
0.0237288
-0.00217373
0.023949
-0.00299795
0.0239129
-0.00166933
0.0232963
-0.00505727
0.0227825
0.00216562
0.023529
-0.0123659
0.0193453
0.0221661
0.0164096
-0.0382364
0.0594705
)
;
    }
    walls
    {
        type            zeroGradient;
    }
    frontAndBack
    {
        type            empty;
    }
}


// ************************************************************************* //
