/*--------------------------------*- C++ -*----------------------------------*\
  =========                 |
  \\      /  F ield         | OpenFOAM: The Open Source CFD Toolbox
   \\    /   O peration     | Website:  https://openfoam.org
    \\  /    A nd           | Version:  12
     \\/     M anipulation  |
\*---------------------------------------------------------------------------*/
FoamFile
{
    format      ascii;
    class       volScalarField;
    location    "300";
    object      nuTilda;
}
// * * * * * * * * * * * * * * * * * * * * * * * * * * * * * * * * * * * * * //

dimensions      [0 2 -1 0 0 0 0];

internalField   nonuniform List<scalar> 
10720
(
0.108873
0.114225
0.12029
0.127339
0.135385
0.14472
0.155608
0.168019
0.182111
0.197623
0.213986
0.23053
0.246041
0.259476
0.270117
0.277577
0.281858
0.283269
0.282221
0.279171
0.274422
0.268192
0.260696
0.252256
0.243555
0.235286
0.227517
0.219892
0.212142
0.204173
0.195936
0.187312
0.17828
0.168822
0.158072
0.147391
0.136697
0.127223
0.0934185
0.103852
0.0986756
0.0929448
0.0863476
0.0785721
0.0689094
0.0568109
0.045558
0.0436631
0.0533098
0.0626501
0.0706685
0.0782537
0.0860074
0.0940911
0.102381
0.110562
0.11833
0.125473
0.131954
0.137837
0.143263
0.148368
0.153237
0.157632
0.161232
0.164019
0.166089
0.167531
0.168375
0.168673
0.168481
0.167805
0.166639
0.164941
0.162729
0.159495
0.15579
0.143639
0.111121
0.110706
0.110075
0.109251
0.108374
0.107435
0.106413
0.106153
0.106921
0.108519
0.110913
0.114157
0.118537
0.124235
0.131318
0.139751
0.149444
0.160058
0.171333
0.182816
0.194242
0.205039
0.214741
0.222646
0.228131
0.231015
0.231464
0.229769
0.226354
0.221672
0.216134
0.210049
0.203646
0.197118
0.190621
0.184579
0.178737
0.173508
0.166946
0.111531
0.111701
0.111988
0.11189
0.111605
0.111066
0.110096
0.108439
0.105854
0.10228
0.0983164
0.0943218
0.0904058
0.0866143
0.0831179
0.0800053
0.0773567
0.0752192
0.0736055
0.0724909
0.0718397
0.0716151
0.0717741
0.072306
0.0731904
0.0743295
0.0756023
0.076887
0.0781152
0.0794063
0.0820018
0.0863105
0.0914314
0.0964305
0.100798
0.104583
0.107674
0.112742
0.117137
0.127982
0.127883
0.127637
0.127245
0.126791
0.126196
0.125445
0.124655
0.124163
0.123856
0.12363
0.123431
0.123288
0.123261
0.123433
0.123736
0.124333
0.12545
0.127347
0.130159
0.133865
0.136399
0.139604
0.143173
0.151706
0.162608
0.174035
0.184773
0.194195
0.201929
0.207828
0.211963
0.214566
0.215935
0.216378
0.21614
0.21563
0.213314
0.213656
0.128087
0.128024
0.128013
0.127802
0.127466
0.126966
0.126253
0.125305
0.124124
0.122684
0.120939
0.118916
0.116645
0.11412
0.11141
0.108546
0.105579
0.102552
0.0995181
0.0964982
0.0935277
0.0906152
0.0877679
0.0849286
0.082068
0.0792565
0.0765451
0.0739823
0.071612
0.0694407
0.0677291
0.0676523
0.0690925
0.0717377
0.075239
0.0794365
0.0840954
0.0891446
0.0972528
0.132673
0.132601
0.132466
0.132262
0.132016
0.131701
0.131313
0.130865
0.130334
0.129722
0.129186
0.128792
0.128481
0.128202
0.127946
0.127659
0.127233
0.126273
0.12472
0.123006
0.121442
0.12001
0.119497
0.119985
0.12153
0.123157
0.125961
0.130366
0.139731
0.151515
0.164233
0.176997
0.189165
0.200332
0.210377
0.219357
0.227763
0.234339
0.240989
0.132724
0.132718
0.132711
0.132616
0.132461
0.132217
0.131862
0.131375
0.130748
0.129972
0.12904
0.127959
0.126726
0.125325
0.123772
0.122068
0.120223
0.118252
0.116175
0.114001
0.111749
0.109423
0.107021
0.10447
0.101707
0.0987688
0.0956783
0.0924688
0.0891743
0.0858305
0.0824727
0.0791908
0.0761481
0.0735327
0.0714939
0.0716545
0.0734979
0.0761797
0.0831818
0.135085
0.13504
0.13495
0.134821
0.134667
0.134468
0.134224
0.13394
0.133606
0.133223
0.13279
0.132299
0.131755
0.131261
0.130865
0.13053
0.130166
0.129655
0.128821
0.127572
0.125969
0.124116
0.122415
0.121131
0.120277
0.119697
0.119431
0.11954
0.120858
0.122582
0.126004
0.134957
0.147417
0.162237
0.178565
0.195822
0.213794
0.232652
0.250874
0.135119
0.13511
0.135104
0.13504
0.134943
0.134784
0.134553
0.134246
0.133862
0.133394
0.132836
0.132189
0.131452
0.130614
0.129682
0.128647
0.127515
0.126283
0.124958
0.123538
0.122029
0.120426
0.11872
0.116852
0.114765
0.112468
0.10996
0.107248
0.10434
0.101253
0.0980054
0.0946141
0.0911012
0.0875138
0.0838836
0.0804146
0.0774489
0.0748629
0.0764901
0.136436
0.136403
0.136346
0.136259
0.136153
0.136016
0.13585
0.135655
0.135426
0.135163
0.134864
0.134525
0.134142
0.133711
0.133227
0.132691
0.132094
0.131435
0.130703
0.129874
0.128898
0.127727
0.126335
0.124778
0.123169
0.12158
0.120072
0.119241
0.118822
0.118612
0.118616
0.119943
0.122037
0.129173
0.141562
0.159061
0.181338
0.210389
0.243573
0.136455
0.136448
0.136443
0.136399
0.136335
0.136227
0.136067
0.135857
0.135599
0.135288
0.13492
0.134498
0.134019
0.133477
0.132873
0.132204
0.131468
0.130663
0.129791
0.128848
0.127833
0.126741
0.12556
0.124248
0.122759
0.121089
0.119226
0.117164
0.114895
0.112415
0.109723
0.106821
0.10371
0.100392
0.0968718
0.0930962
0.089126
0.0844135
0.0789153
0.137296
0.137274
0.137232
0.13717
0.137094
0.136996
0.136876
0.136736
0.136572
0.136384
0.136171
0.135929
0.135655
0.135347
0.134998
0.134605
0.134159
0.133649
0.133056
0.132373
0.131585
0.130684
0.129641
0.128434
0.127074
0.12558
0.123943
0.122297
0.120678
0.119388
0.11866
0.11831
0.118026
0.119027
0.121081
0.129533
0.145921
0.175727
0.221089
0.137309
0.137301
0.137295
0.137262
0.137217
0.137138
0.13702
0.136867
0.136681
0.136461
0.136202
0.135909
0.135577
0.135205
0.134791
0.134333
0.133829
0.133277
0.132676
0.132025
0.13132
0.130556
0.129722
0.128791
0.127727
0.126522
0.125165
0.123642
0.121939
0.120044
0.117942
0.115625
0.113079
0.110297
0.107263
0.103918
0.100166
0.0958112
0.087361
0.137885
0.137869
0.137838
0.137792
0.137734
0.13766
0.13757
0.137464
0.137341
0.1372
0.137039
0.136857
0.136651
0.136419
0.136155
0.135857
0.135517
0.13513
0.134684
0.134169
0.133569
0.132878
0.132085
0.131177
0.130155
0.129008
0.127707
0.12624
0.124604
0.122861
0.121179
0.119549
0.118598
0.118142
0.117749
0.119118
0.123264
0.142069
0.189458
0.137892
0.137885
0.137877
0.13785
0.137817
0.137757
0.137667
0.13755
0.13741
0.137245
0.137055
0.136841
0.136601
0.136334
0.136038
0.13571
0.13535
0.134955
0.134525
0.134057
0.13355
0.132997
0.132391
0.131711
0.130933
0.130049
0.129047
0.127917
0.126644
0.125213
0.123607
0.121811
0.119807
0.117574
0.115086
0.112297
0.109032
0.105446
0.0970328
0.13831
0.138298
0.138275
0.138238
0.138194
0.138135
0.138065
0.137984
0.137888
0.13778
0.137657
0.137518
0.137361
0.137184
0.136983
0.136757
0.1365
0.136207
0.13587
0.135482
0.13503
0.134506
0.133899
0.133204
0.132424
0.131551
0.130562
0.129432
0.128135
0.126643
0.124971
0.123113
0.121289
0.119552
0.118502
0.117947
0.11791
0.121216
0.158202
0.138315
0.138306
0.138298
0.138274
0.138249
0.138203
0.138131
0.138038
0.137929
0.137802
0.137657
0.137494
0.137314
0.137115
0.136895
0.136653
0.136388
0.136097
0.13578
0.135433
0.135056
0.134644
0.134192
0.133682
0.133099
0.132435
0.131682
0.13083
0.129866
0.128777
0.127548
0.126162
0.124602
0.122843
0.120854
0.118597
0.115869
0.112957
0.105621
0.138631
0.138621
0.138602
0.138573
0.138536
0.13849
0.138433
0.138368
0.138292
0.138205
0.138108
0.137997
0.137873
0.137733
0.137575
0.137396
0.137192
0.13696
0.136695
0.136391
0.136042
0.13564
0.135177
0.134646
0.134048
0.133377
0.132618
0.131754
0.130762
0.129614
0.128277
0.126716
0.124934
0.122931
0.120949
0.119224
0.118483
0.115382
0.136152
0.138633
0.138624
0.138615
0.138594
0.138574
0.138536
0.138478
0.138402
0.138315
0.138214
0.1381
0.137973
0.137833
0.13768
0.137512
0.137329
0.137128
0.136908
0.136668
0.136406
0.13612
0.135806
0.135459
0.135069
0.134621
0.134112
0.133534
0.132879
0.132137
0.131296
0.130345
0.129268
0.128049
0.126666
0.125089
0.123285
0.121061
0.118706
0.112618
0.138879
0.138871
0.138855
0.138831
0.1388
0.138762
0.138715
0.138662
0.1386
0.13853
0.138451
0.138362
0.138263
0.138151
0.138025
0.137883
0.137722
0.137538
0.137329
0.137088
0.136811
0.136492
0.136125
0.135707
0.135238
0.134712
0.134117
0.133441
0.132669
0.131781
0.130749
0.129538
0.128104
0.12639
0.124397
0.122087
0.120346
0.116311
0.123871
0.138881
0.138872
0.138861
0.138841
0.138825
0.138794
0.138746
0.138683
0.138611
0.138529
0.138438
0.138336
0.138225
0.138105
0.137974
0.137831
0.137675
0.137505
0.13732
0.137117
0.136895
0.136652
0.136382
0.136078
0.135728
0.13533
0.134878
0.134366
0.133785
0.133126
0.13238
0.131533
0.130571
0.129477
0.128222
0.126781
0.124983
0.123088
0.118146
0.139077
0.139069
0.139056
0.139035
0.139009
0.138976
0.138937
0.138892
0.13884
0.138782
0.138717
0.138644
0.138563
0.138471
0.138369
0.138253
0.138122
0.137973
0.137803
0.137609
0.137386
0.137131
0.136838
0.136504
0.13613
0.135711
0.135237
0.134699
0.134085
0.13338
0.132567
0.13162
0.130504
0.129158
0.127528
0.125411
0.123214
0.119517
0.119961
0.139078
0.139069
0.139058
0.139039
0.139025
0.138999
0.138958
0.138905
0.138845
0.138777
0.138702
0.138619
0.13853
0.138433
0.138328
0.138215
0.138092
0.137958
0.137812
0.137653
0.137478
0.137287
0.137073
0.136832
0.136555
0.136239
0.13588
0.135473
0.135012
0.134488
0.133894
0.13322
0.132453
0.131579
0.130573
0.129415
0.127962
0.126434
0.122464
0.139237
0.13923
0.139218
0.1392
0.139177
0.139149
0.139115
0.139077
0.139033
0.138984
0.13893
0.138869
0.138801
0.138725
0.13864
0.138545
0.138437
0.138315
0.138176
0.138017
0.137835
0.137627
0.137388
0.137118
0.136816
0.136477
0.136094
0.135659
0.135163
0.134594
0.133939
0.13318
0.132292
0.131233
0.129956
0.128274
0.126236
0.122875
0.120247
0.139238
0.13923
0.139218
0.139199
0.139187
0.139165
0.13913
0.139085
0.139034
0.138977
0.138914
0.138845
0.138772
0.138692
0.138607
0.138516
0.138417
0.13831
0.138194
0.138067
0.137927
0.137774
0.137603
0.137409
0.137187
0.136933
0.136645
0.136317
0.135945
0.135524
0.135045
0.134502
0.133884
0.133178
0.132365
0.131427
0.130247
0.129008
0.125831
0.139369
0.139362
0.139351
0.139335
0.139315
0.13929
0.13926
0.139227
0.139189
0.139148
0.139102
0.13905
0.138993
0.13893
0.138859
0.138779
0.138689
0.138587
0.138471
0.13834
0.138189
0.138018
0.137822
0.1376
0.137353
0.137076
0.136763
0.136408
0.136002
0.135538
0.135003
0.134383
0.133661
0.132806
0.131784
0.130474
0.128811
0.126069
0.12231
0.13937
0.139362
0.13935
0.139332
0.139321
0.139302
0.139271
0.139232
0.139189
0.13914
0.139087
0.139029
0.138968
0.138902
0.138832
0.138757
0.138677
0.13859
0.138496
0.138393
0.13828
0.138156
0.138017
0.13786
0.137679
0.137473
0.137239
0.136973
0.13667
0.136327
0.135937
0.135495
0.134991
0.134416
0.133752
0.132987
0.132022
0.131009
0.128466
0.139479
0.139473
0.139463
0.139448
0.139429
0.139406
0.13938
0.139352
0.139319
0.139283
0.139244
0.1392
0.139152
0.139098
0.139038
0.13897
0.138894
0.138809
0.138712
0.138601
0.138476
0.138332
0.138169
0.137986
0.137781
0.137552
0.137294
0.137001
0.136666
0.136284
0.135843
0.135332
0.134736
0.134033
0.133195
0.132145
0.130811
0.128756
0.124852
0.139481
0.139474
0.139461
0.139443
0.139433
0.139416
0.139389
0.139355
0.139318
0.139275
0.13923
0.139181
0.139129
0.139074
0.139015
0.138954
0.138887
0.138816
0.138739
0.138655
0.138563
0.138461
0.138347
0.138218
0.13807
0.137901
0.137708
0.13749
0.137242
0.13696
0.136639
0.136276
0.135861
0.135388
0.134843
0.134212
0.133419
0.132583
0.13054
0.139572
0.139566
0.139556
0.139542
0.139525
0.139505
0.139481
0.139456
0.139428
0.139397
0.139363
0.139325
0.139284
0.139238
0.139186
0.139129
0.139065
0.138992
0.138909
0.138816
0.13871
0.138589
0.138452
0.138299
0.138128
0.137937
0.137722
0.137477
0.137199
0.136881
0.136515
0.136091
0.135596
0.135012
0.134316
0.133453
0.132349
0.13085
0.1273
0.139575
0.139568
0.139556
0.139538
0.139528
0.139513
0.139489
0.139459
0.139426
0.13939
0.13935
0.139308
0.139264
0.139217
0.139168
0.139116
0.139061
0.139001
0.138938
0.138868
0.138792
0.138708
0.138614
0.138507
0.138384
0.138244
0.138085
0.137905
0.137699
0.137466
0.1372
0.136899
0.136555
0.136163
0.13571
0.135188
0.13453
0.133837
0.132188
0.139652
0.139646
0.139636
0.139622
0.139607
0.139588
0.139567
0.139545
0.139521
0.139494
0.139464
0.139432
0.139396
0.139356
0.139312
0.139262
0.139207
0.139145
0.139074
0.138995
0.138904
0.138802
0.138686
0.138556
0.138412
0.138252
0.138071
0.137866
0.137633
0.137366
0.13706
0.136705
0.136291
0.135804
0.135221
0.134504
0.133567
0.132439
0.129466
0.139655
0.139649
0.139637
0.139619
0.13961
0.139596
0.139575
0.139548
0.139519
0.139487
0.139452
0.139416
0.139377
0.139337
0.139296
0.139252
0.139205
0.139156
0.139102
0.139044
0.138981
0.138911
0.138833
0.138743
0.138641
0.138524
0.138392
0.138241
0.13807
0.137875
0.137654
0.137402
0.137115
0.136787
0.13641
0.135973
0.135426
0.134846
0.133508
0.139721
0.139714
0.139704
0.139691
0.139677
0.13966
0.139641
0.139622
0.1396
0.139577
0.139551
0.139522
0.139491
0.139457
0.139418
0.139376
0.139328
0.139274
0.139214
0.139145
0.139068
0.13898
0.138881
0.138771
0.138649
0.138513
0.13836
0.138187
0.13799
0.137765
0.137506
0.137208
0.13686
0.13645
0.13596
0.135361
0.134563
0.133657
0.131301
0.139724
0.139719
0.139707
0.139689
0.13968
0.139667
0.139649
0.139625
0.139599
0.13957
0.13954
0.139508
0.139475
0.13944
0.139404
0.139367
0.139327
0.139285
0.13924
0.139192
0.139138
0.13908
0.139014
0.138939
0.138853
0.138755
0.138643
0.138517
0.138373
0.13821
0.138024
0.137813
0.137572
0.137297
0.136979
0.136612
0.136153
0.135667
0.134575
0.13978
0.139773
0.139763
0.139751
0.139737
0.139722
0.139706
0.139688
0.139669
0.139648
0.139626
0.139601
0.139574
0.139544
0.13951
0.139473
0.139432
0.139385
0.139333
0.139274
0.139207
0.139131
0.139046
0.138952
0.138848
0.138732
0.138601
0.138454
0.138287
0.138096
0.137876
0.137623
0.137329
0.136983
0.136568
0.136065
0.135391
0.134623
0.1328
0.139784
0.139779
0.139768
0.13975
0.139741
0.13973
0.139713
0.139692
0.139669
0.139643
0.139616
0.139588
0.139558
0.139528
0.139497
0.139465
0.139431
0.139395
0.139357
0.139316
0.139271
0.139221
0.139166
0.139102
0.139029
0.138946
0.138852
0.138745
0.138624
0.138487
0.13833
0.138152
0.137948
0.137716
0.137447
0.137137
0.136751
0.13634
0.135445
0.139832
0.139825
0.139814
0.139802
0.13979
0.139777
0.139762
0.139747
0.13973
0.139711
0.139691
0.13967
0.139646
0.13962
0.139591
0.139558
0.139522
0.139482
0.139436
0.139385
0.139327
0.139261
0.139188
0.139106
0.139017
0.138917
0.138805
0.138679
0.138536
0.138373
0.138186
0.13797
0.13772
0.137425
0.137074
0.136648
0.136082
0.135415
0.133999
0.139836
0.139832
0.139821
0.139804
0.139795
0.139784
0.139769
0.13975
0.139729
0.139706
0.139682
0.139657
0.139631
0.139605
0.139577
0.13955
0.13952
0.13949
0.139457
0.139422
0.139383
0.139341
0.139294
0.13924
0.139178
0.139107
0.139027
0.138937
0.138834
0.138717
0.138584
0.138433
0.138261
0.138063
0.137835
0.137572
0.137245
0.136896
0.136159
0.139878
0.13987
0.139859
0.139848
0.139837
0.139825
0.139812
0.139798
0.139783
0.139767
0.139749
0.13973
0.13971
0.139687
0.139662
0.139634
0.139602
0.139567
0.139527
0.139482
0.139431
0.139374
0.139311
0.13924
0.139162
0.139076
0.13898
0.138871
0.138748
0.138608
0.138447
0.138263
0.138048
0.137797
0.137497
0.137133
0.136659
0.136079
0.134961
0.139882
0.139879
0.139869
0.139851
0.139842
0.139833
0.139819
0.139802
0.139783
0.139762
0.13974
0.139717
0.139694
0.139671
0.139647
0.139623
0.139598
0.139571
0.139543
0.139512
0.13948
0.139443
0.139403
0.139356
0.139303
0.139243
0.139175
0.139098
0.13901
0.138911
0.138798
0.138669
0.138522
0.138354
0.13816
0.137935
0.137658
0.13736
0.13675
0.139918
0.139909
0.139899
0.139889
0.139879
0.139867
0.139856
0.139843
0.13983
0.139816
0.139801
0.139785
0.139767
0.139747
0.139725
0.139701
0.139673
0.139642
0.139607
0.139568
0.139524
0.139474
0.139418
0.139357
0.139289
0.139214
0.139131
0.139036
0.13893
0.138809
0.13867
0.138511
0.138327
0.138111
0.137854
0.137542
0.137148
0.136644
0.135745
0.139923
0.139921
0.139911
0.139893
0.139884
0.139875
0.139863
0.139847
0.13983
0.139811
0.139791
0.139771
0.13975
0.139729
0.139708
0.139687
0.139665
0.139641
0.139617
0.139591
0.139562
0.139531
0.139496
0.139456
0.139411
0.139359
0.139301
0.139235
0.13916
0.139075
0.138978
0.138868
0.138743
0.138599
0.138433
0.138241
0.138004
0.137749
0.137242
0.139953
0.139944
0.139934
0.139925
0.139915
0.139905
0.139895
0.139884
0.139873
0.139861
0.139848
0.139834
0.139819
0.139802
0.139783
0.139761
0.139737
0.13971
0.139679
0.139644
0.139605
0.139562
0.139513
0.139459
0.1394
0.139335
0.139262
0.13918
0.139087
0.138982
0.138862
0.138724
0.138565
0.138379
0.138158
0.137887
0.137569
0.137131
0.136396
0.139959
0.139958
0.139948
0.139931
0.139922
0.139913
0.139902
0.139888
0.139872
0.139855
0.139836
0.139818
0.139799
0.13978
0.139762
0.139743
0.139723
0.139703
0.139682
0.139659
0.139634
0.139607
0.139577
0.139543
0.139503
0.139459
0.139409
0.139352
0.139287
0.139214
0.139132
0.139037
0.13893
0.138807
0.138665
0.1385
0.138297
0.138078
0.137655
0.139984
0.139976
0.139966
0.139957
0.139949
0.139939
0.139931
0.139922
0.139912
0.139902
0.139892
0.13988
0.139866
0.139851
0.139835
0.139816
0.139794
0.13977
0.139743
0.139712
0.139678
0.139639
0.139596
0.139549
0.139498
0.139441
0.139377
0.139305
0.139225
0.139133
0.139028
0.138909
0.13877
0.138609
0.138419
0.138181
0.137927
0.137552
0.136947
0.139991
0.139991
0.139981
0.139964
0.139955
0.139948
0.139937
0.139924
0.139909
0.139893
0.139876
0.139859
0.139842
0.139826
0.139809
0.139792
0.139775
0.139757
0.139738
0.139718
0.139697
0.139674
0.139648
0.139618
0.139584
0.139545
0.139502
0.139453
0.139397
0.139335
0.139263
0.139182
0.13909
0.138984
0.138862
0.13872
0.138545
0.138357
0.138003
0.140012
0.140003
0.139994
0.139986
0.139978
0.13997
0.139963
0.139956
0.139948
0.13994
0.139931
0.139921
0.13991
0.139896
0.139882
0.139865
0.139846
0.139824
0.1398
0.139773
0.139743
0.139709
0.139671
0.139629
0.139584
0.139534
0.139478
0.139415
0.139345
0.139265
0.139173
0.139069
0.138949
0.138808
0.138645
0.138438
0.138233
0.137913
0.137414
0.140019
0.14002
0.140011
0.139994
0.139985
0.139978
0.139969
0.139957
0.139943
0.139928
0.139912
0.139896
0.139881
0.139866
0.13985
0.139835
0.13982
0.139805
0.139788
0.139771
0.139752
0.139732
0.139709
0.139683
0.139654
0.13962
0.139583
0.13954
0.139493
0.139438
0.139377
0.139307
0.139227
0.139136
0.139031
0.138908
0.138758
0.138595
0.138298
0.140037
0.140029
0.14002
0.140012
0.140005
0.139999
0.139993
0.139988
0.139982
0.139976
0.139968
0.139959
0.139949
0.139937
0.139924
0.139909
0.139892
0.139873
0.139852
0.139828
0.139801
0.139771
0.139737
0.1397
0.139661
0.139617
0.139568
0.139512
0.13945
0.13938
0.1393
0.139209
0.139104
0.138982
0.138845
0.138669
0.138499
0.138224
0.137812
0.140045
0.140047
0.140038
0.140021
0.140012
0.140006
0.139997
0.139986
0.139972
0.139958
0.139944
0.139929
0.139915
0.139901
0.139888
0.139874
0.139861
0.139847
0.139833
0.139817
0.139801
0.139783
0.139764
0.139741
0.139715
0.139686
0.139654
0.139617
0.139576
0.139529
0.139476
0.139415
0.139346
0.139268
0.139176
0.139071
0.138941
0.1388
0.138549
0.14006
0.140051
0.140043
0.140036
0.14003
0.140025
0.140021
0.140018
0.140013
0.140008
0.140001
0.139994
0.139985
0.139974
0.139963
0.13995
0.139935
0.139918
0.139899
0.139878
0.139854
0.139827
0.139797
0.139764
0.139729
0.13969
0.139647
0.139599
0.139544
0.139482
0.139412
0.139332
0.139241
0.139136
0.139022
0.138879
0.138736
0.138498
0.138154
0.140067
0.140071
0.140063
0.140045
0.140037
0.140031
0.140023
0.140012
0.139999
0.139986
0.139972
0.139958
0.139946
0.139933
0.139921
0.139909
0.139897
0.139885
0.139872
0.139859
0.139845
0.139829
0.139812
0.139792
0.13977
0.139745
0.139716
0.139684
0.139648
0.139608
0.139562
0.139509
0.13945
0.139381
0.139303
0.139211
0.139099
0.138976
0.138765
0.14008
0.140072
0.140064
0.140057
0.140053
0.14005
0.140048
0.140046
0.140042
0.140038
0.140032
0.140025
0.140018
0.140009
0.139999
0.139987
0.139974
0.139959
0.139942
0.139923
0.139902
0.139878
0.139851
0.139822
0.139791
0.139757
0.139718
0.139675
0.139627
0.139573
0.139511
0.139441
0.139362
0.139274
0.139181
0.139065
0.138945
0.138742
0.138452
0.140088
0.140092
0.140085
0.140067
0.140059
0.140053
0.140046
0.140035
0.140023
0.14001
0.139997
0.139985
0.139973
0.139962
0.139951
0.13994
0.13993
0.139919
0.139908
0.139896
0.139884
0.13987
0.139855
0.139838
0.139819
0.139796
0.139772
0.139744
0.139712
0.139677
0.139637
0.139592
0.13954
0.139481
0.139412
0.139333
0.139236
0.139129
0.138951
0.140098
0.14009
0.140083
0.140077
0.140075
0.140074
0.140073
0.140071
0.140069
0.140065
0.14006
0.140055
0.140048
0.140041
0.140032
0.140022
0.14001
0.139997
0.139982
0.139965
0.139946
0.139924
0.139901
0.139875
0.139847
0.139817
0.139783
0.139745
0.139702
0.139654
0.139599
0.139538
0.139472
0.139399
0.139323
0.139227
0.139127
0.138957
0.138713
0.140106
0.140112
0.140105
0.140087
0.140079
0.140074
0.140067
0.140056
0.140044
0.140032
0.14002
0.140008
0.139998
0.139988
0.139978
0.139968
0.139959
0.13995
0.13994
0.13993
0.139919
0.139907
0.139894
0.139879
0.139862
0.139842
0.139821
0.139796
0.139769
0.139738
0.139703
0.139664
0.139619
0.139567
0.139508
0.139439
0.139355
0.139261
0.139111
0.140114
0.140107
0.1401
0.140096
0.140095
0.140096
0.140096
0.140095
0.140093
0.14009
0.140087
0.140082
0.140077
0.14007
0.140063
0.140054
0.140044
0.140032
0.140019
0.140003
0.139986
0.139967
0.139946
0.139923
0.139898
0.139871
0.139841
0.139807
0.139769
0.139727
0.139679
0.139626
0.139571
0.139512
0.139448
0.139369
0.139285
0.139145
0.138942
0.140122
0.14013
0.140123
0.140105
0.140097
0.140093
0.140085
0.140075
0.140063
0.140052
0.14004
0.14003
0.14002
0.140011
0.140003
0.139994
0.139986
0.139978
0.139969
0.13996
0.139951
0.13994
0.139929
0.139916
0.139901
0.139883
0.139864
0.139843
0.139819
0.139792
0.139762
0.139727
0.139688
0.139643
0.139592
0.139532
0.13946
0.139377
0.139249
0.14013
0.140123
0.140116
0.140114
0.140115
0.140117
0.140117
0.140117
0.140116
0.140114
0.140112
0.140108
0.140104
0.140098
0.140092
0.140084
0.140075
0.140064
0.140052
0.140039
0.140023
0.140006
0.139987
0.139967
0.139945
0.139921
0.139894
0.139864
0.13983
0.139792
0.13975
0.139707
0.139661
0.139612
0.139559
0.139493
0.139422
0.139306
0.13914
0.140137
0.140146
0.140139
0.140121
0.140114
0.14011
0.140102
0.140092
0.14008
0.140069
0.140059
0.14005
0.140041
0.140033
0.140025
0.140018
0.140011
0.140003
0.139996
0.139988
0.13998
0.139971
0.13996
0.139949
0.139935
0.13992
0.139904
0.139885
0.139864
0.139841
0.139815
0.139785
0.139751
0.139712
0.139667
0.139615
0.139552
0.13948
0.139371
0.140143
0.140137
0.14013
0.140131
0.140134
0.140136
0.140137
0.140138
0.140138
0.140137
0.140135
0.140133
0.140129
0.140124
0.140118
0.140111
0.140103
0.140094
0.140083
0.140071
0.140057
0.140042
0.140025
0.140007
0.139987
0.139966
0.139942
0.139915
0.139885
0.139852
0.139817
0.139781
0.139743
0.139702
0.139657
0.139601
0.139541
0.139445
0.13931
0.14015
0.14016
0.140154
0.140135
0.140129
0.140125
0.140117
0.140107
0.140096
0.140085
0.140076
0.140068
0.14006
0.140053
0.140046
0.14004
0.140033
0.140027
0.14002
0.140013
0.140006
0.139998
0.139989
0.139979
0.139967
0.139955
0.139941
0.139926
0.139908
0.139889
0.139866
0.139841
0.139812
0.139778
0.139739
0.139693
0.139638
0.139574
0.13948
0.140156
0.14015
0.140144
0.140148
0.140152
0.140154
0.140156
0.140157
0.140158
0.140158
0.140157
0.140155
0.140152
0.140148
0.140143
0.140137
0.14013
0.140121
0.140112
0.140101
0.140089
0.140075
0.14006
0.140044
0.140026
0.140007
0.139986
0.139962
0.139935
0.139907
0.139879
0.139849
0.139817
0.139783
0.139744
0.139697
0.139646
0.139565
0.139455
0.140162
0.140173
0.140167
0.140148
0.140143
0.140139
0.140131
0.14012
0.14011
0.1401
0.140092
0.140085
0.140078
0.140072
0.140066
0.14006
0.140054
0.140048
0.140042
0.140036
0.14003
0.140023
0.140016
0.140008
0.14
0.13999
0.13998
0.139968
0.139954
0.139938
0.13992
0.139898
0.139873
0.139844
0.139809
0.139769
0.13972
0.139664
0.13958
0.140168
0.140161
0.140156
0.140164
0.140168
0.140169
0.140173
0.140175
0.140177
0.140178
0.140177
0.140176
0.140173
0.14017
0.140166
0.140161
0.140154
0.140147
0.140139
0.14013
0.140119
0.140107
0.140093
0.140079
0.140063
0.140046
0.140026
0.140005
0.139983
0.13996
0.139936
0.139912
0.139885
0.139855
0.139822
0.139782
0.139738
0.13967
0.13958
0.140173
0.140182
0.140178
0.14016
0.140156
0.140152
0.140143
0.140132
0.140122
0.140114
0.140107
0.1401
0.140094
0.140089
0.140083
0.140078
0.140073
0.140068
0.140063
0.140058
0.140053
0.140048
0.140044
0.14004
0.140035
0.140029
0.140022
0.140014
0.140004
0.139991
0.139977
0.139959
0.139937
0.139912
0.139882
0.139846
0.139803
0.139751
0.13968
0.140179
0.140172
0.140169
0.140179
0.140181
0.140183
0.140188
0.14019
0.140192
0.140193
0.140193
0.140193
0.140191
0.140189
0.140186
0.140183
0.140178
0.140173
0.140166
0.140159
0.14015
0.14014
0.14013
0.140117
0.140104
0.140089
0.140072
0.140054
0.140034
0.140014
0.139994
0.139971
0.139948
0.139921
0.139892
0.139857
0.13982
0.139762
0.139688
0.140182
0.140189
0.140185
0.140171
0.140167
0.140163
0.140153
0.140143
0.140134
0.140127
0.140121
0.140115
0.14011
0.140105
0.1401
0.140096
0.140091
0.140088
0.140084
0.14008
0.140077
0.140075
0.140075
0.140075
0.140073
0.14007
0.140066
0.14006
0.140053
0.140045
0.140034
0.14002
0.140002
0.13998
0.139954
0.139922
0.139884
0.139837
0.139782
0.140188
0.140181
0.140181
0.14019
0.140192
0.140195
0.140198
0.1402
0.140201
0.140203
0.140203
0.140204
0.140204
0.140203
0.140202
0.1402
0.140198
0.140195
0.140191
0.140187
0.140182
0.140176
0.14017
0.140162
0.140152
0.140141
0.140128
0.140112
0.140096
0.140077
0.140057
0.140035
0.140012
0.139986
0.139959
0.139927
0.139894
0.139843
0.139782
0.14019
0.140193
0.14019
0.140179
0.140175
0.140171
0.140163
0.140152
0.140145
0.140139
0.140133
0.140128
0.140124
0.140119
0.140116
0.140112
0.140109
0.140107
0.140105
0.140104
0.140103
0.140103
0.140105
0.140106
0.140106
0.140104
0.140101
0.140097
0.140092
0.140087
0.140079
0.14007
0.140058
0.140041
0.140019
0.139992
0.13996
0.139917
0.139876
0.140194
0.140189
0.140191
0.140197
0.140199
0.140201
0.140204
0.140206
0.140208
0.140209
0.14021
0.140211
0.140212
0.140212
0.140211
0.140211
0.14021
0.140209
0.140207
0.140205
0.140202
0.140199
0.140196
0.140191
0.140186
0.14018
0.140172
0.140162
0.14015
0.140136
0.14012
0.1401
0.140079
0.140054
0.140027
0.139995
0.139964
0.139917
0.139866
0.140194
0.140196
0.140193
0.140185
0.14018
0.140176
0.14017
0.140161
0.140155
0.14015
0.140145
0.14014
0.140137
0.140134
0.140131
0.140129
0.140128
0.140127
0.140126
0.140126
0.140126
0.140127
0.140127
0.140128
0.140127
0.140125
0.140123
0.14012
0.140117
0.140113
0.140108
0.140102
0.140095
0.140084
0.14007
0.140049
0.140022
0.139985
0.139955
0.140197
0.140195
0.140197
0.140201
0.140203
0.140206
0.140208
0.14021
0.140212
0.140214
0.140215
0.140216
0.140217
0.140218
0.140218
0.140218
0.140218
0.140218
0.140217
0.140216
0.140215
0.140213
0.140211
0.140209
0.140206
0.140203
0.140198
0.140193
0.140186
0.140178
0.140168
0.140155
0.140138
0.140118
0.140094
0.140065
0.140034
0.139989
0.139942
0.140197
0.140197
0.140194
0.140188
0.140183
0.140179
0.140174
0.140168
0.140163
0.140159
0.140155
0.140151
0.140149
0.140146
0.140145
0.140144
0.140143
0.140142
0.140141
0.140141
0.140141
0.14014
0.14014
0.14014
0.140139
0.140137
0.140135
0.140133
0.140131
0.140128
0.140125
0.140121
0.140116
0.14011
0.140102
0.140089
0.140072
0.140041
0.14002
0.140199
0.140199
0.1402
0.140204
0.140206
0.140209
0.140211
0.140213
0.140215
0.140217
0.140219
0.14022
0.140221
0.140222
0.140223
0.140224
0.140224
0.140224
0.140224
0.140224
0.140224
0.140223
0.140222
0.140221
0.140219
0.140217
0.140214
0.140211
0.140208
0.140203
0.140198
0.140191
0.140181
0.140168
0.140151
0.140128
0.140101
0.140061
0.140016
0.140198
0.140198
0.140195
0.140189
0.140184
0.140181
0.140176
0.140171
0.140168
0.140164
0.140161
0.140158
0.140156
0.140155
0.140153
0.140152
0.140151
0.14015
0.140149
0.140148
0.140148
0.140147
0.140147
0.140146
0.140145
0.140144
0.140143
0.140141
0.140139
0.140137
0.140135
0.140133
0.14013
0.140126
0.140121
0.140113
0.140105
0.140081
0.140067
0.1402
0.140201
0.140202
0.140206
0.140208
0.140211
0.140213
0.140216
0.140218
0.14022
0.140222
0.140223
0.140225
0.140226
0.140227
0.140228
0.140229
0.140229
0.14023
0.14023
0.14023
0.14023
0.14023
0.140229
0.140228
0.140227
0.140226
0.140224
0.140222
0.140219
0.140216
0.140212
0.140207
0.140201
0.140191
0.140177
0.140159
0.140126
0.140088
0.140199
0.140199
0.140196
0.14019
0.140185
0.140181
0.140177
0.140173
0.14017
0.140167
0.140164
0.140162
0.14016
0.140158
0.140157
0.140155
0.140154
0.140154
0.140153
0.140152
0.140151
0.140151
0.14015
0.14015
0.140149
0.140148
0.140146
0.140145
0.140144
0.140143
0.140141
0.140139
0.140137
0.140135
0.140132
0.140127
0.140123
0.140107
0.1401
0.140201
0.140202
0.140204
0.140207
0.14021
0.140212
0.140215
0.140217
0.14022
0.140222
0.140224
0.140226
0.140227
0.140229
0.14023
0.140231
0.140232
0.140233
0.140234
0.140234
0.140235
0.140235
0.140236
0.140236
0.140235
0.140235
0.140234
0.140233
0.140232
0.14023
0.140229
0.140227
0.140224
0.140221
0.140216
0.140209
0.140199
0.140178
0.140151
0.1402
0.140199
0.140196
0.14019
0.140185
0.140181
0.140177
0.140173
0.14017
0.140167
0.140165
0.140163
0.140161
0.140159
0.140158
0.140157
0.140156
0.140155
0.140154
0.140153
0.140152
0.140152
0.140151
0.140151
0.14015
0.140149
0.140148
0.140147
0.140146
0.140145
0.140144
0.140143
0.140142
0.14014
0.140138
0.140135
0.140133
0.140124
0.140121
0.140201
0.140202
0.140204
0.140208
0.14021
0.140213
0.140216
0.140219
0.140221
0.140223
0.140225
0.140227
0.140229
0.140231
0.140232
0.140234
0.140235
0.140236
0.140237
0.140238
0.140239
0.14024
0.14024
0.140241
0.140241
0.140241
0.140241
0.140241
0.14024
0.140239
0.140238
0.140237
0.140236
0.140234
0.140232
0.140228
0.140225
0.140213
0.140198
0.1402
0.140199
0.140195
0.140189
0.140185
0.140181
0.140177
0.140173
0.14017
0.140167
0.140164
0.140162
0.14016
0.140159
0.140157
0.140156
0.140155
0.140154
0.140153
0.140153
0.140152
0.140151
0.140151
0.14015
0.140149
0.140149
0.140148
0.140147
0.140146
0.140146
0.140145
0.140144
0.140143
0.140142
0.140141
0.14014
0.140139
0.140133
0.140133
0.140201
0.140203
0.140205
0.140208
0.140211
0.140214
0.140217
0.140219
0.140222
0.140224
0.140227
0.140229
0.140231
0.140232
0.140234
0.140236
0.140237
0.140238
0.14024
0.140241
0.140242
0.140243
0.140244
0.140245
0.140245
0.140246
0.140246
0.140246
0.140246
0.140246
0.140246
0.140246
0.140245
0.140244
0.140243
0.140241
0.140241
0.140234
0.14023
0.140199
0.140198
0.140195
0.140189
0.140184
0.14018
0.140176
0.140172
0.140169
0.140166
0.140163
0.140161
0.140159
0.140157
0.140156
0.140154
0.140153
0.140152
0.140152
0.140151
0.14015
0.14015
0.140149
0.140148
0.140148
0.140147
0.140146
0.140146
0.140145
0.140145
0.140144
0.140144
0.140143
0.140143
0.140142
0.140141
0.140141
0.140138
0.140139
0.140201
0.140202
0.140205
0.140208
0.140211
0.140214
0.140217
0.14022
0.140223
0.140225
0.140227
0.140229
0.140231
0.140233
0.140235
0.140237
0.140238
0.14024
0.140242
0.140243
0.140244
0.140246
0.140247
0.140248
0.140249
0.14025
0.14025
0.140251
0.140252
0.140252
0.140252
0.140252
0.140253
0.140252
0.140252
0.140251
0.140252
0.140248
0.14025
0.140199
0.140197
0.140194
0.140188
0.140183
0.140178
0.140174
0.140171
0.140167
0.140164
0.140161
0.140158
0.140156
0.140154
0.140153
0.140152
0.140151
0.14015
0.140149
0.140148
0.140147
0.140147
0.140146
0.140146
0.140145
0.140144
0.140144
0.140143
0.140143
0.140143
0.140142
0.140142
0.140142
0.140142
0.140142
0.140141
0.140142
0.140139
0.140142
0.1402
0.140202
0.140204
0.140208
0.140211
0.140214
0.140217
0.14022
0.140223
0.140225
0.140228
0.14023
0.140232
0.140234
0.140236
0.140238
0.140239
0.140241
0.140243
0.140245
0.140246
0.140248
0.140249
0.14025
0.140252
0.140253
0.140254
0.140255
0.140256
0.140257
0.140257
0.140258
0.140259
0.140259
0.14026
0.14026
0.140261
0.140258
0.140262
0.140198
0.140196
0.140192
0.140186
0.140181
0.140177
0.140173
0.140169
0.140165
0.140161
0.140158
0.140155
0.140153
0.140151
0.14015
0.140148
0.140147
0.140146
0.140145
0.140145
0.140144
0.140143
0.140143
0.140142
0.140141
0.140141
0.14014
0.14014
0.14014
0.14014
0.140139
0.140139
0.140139
0.14014
0.14014
0.14014
0.140141
0.140139
0.140142
0.140199
0.140201
0.140204
0.140207
0.140211
0.140214
0.140217
0.14022
0.140223
0.140225
0.140228
0.14023
0.140232
0.140234
0.140236
0.140238
0.14024
0.140242
0.140244
0.140246
0.140247
0.140249
0.140251
0.140252
0.140254
0.140255
0.140256
0.140258
0.140259
0.14026
0.140261
0.140262
0.140264
0.140265
0.140266
0.140266
0.140269
0.140267
0.140272
0.140197
0.140195
0.140191
0.140184
0.140179
0.140175
0.140171
0.140166
0.140162
0.140158
0.140154
0.140151
0.140149
0.140147
0.140145
0.140144
0.140143
0.140142
0.140141
0.14014
0.14014
0.140139
0.140139
0.140138
0.140137
0.140137
0.140137
0.140136
0.140136
0.140136
0.140136
0.140136
0.140136
0.140137
0.140137
0.140138
0.140139
0.140138
0.140141
0.140198
0.1402
0.140203
0.140207
0.14021
0.140213
0.140216
0.140219
0.140222
0.140225
0.140227
0.14023
0.140232
0.140234
0.140236
0.140238
0.14024
0.140242
0.140244
0.140246
0.140248
0.14025
0.140252
0.140253
0.140255
0.140257
0.140258
0.14026
0.140261
0.140263
0.140264
0.140266
0.140267
0.140269
0.140271
0.140272
0.140275
0.140274
0.14028
0.140195
0.140193
0.140189
0.140182
0.140177
0.140173
0.140168
0.140163
0.140159
0.140154
0.14015
0.140147
0.140145
0.140142
0.140141
0.140139
0.140138
0.140137
0.140137
0.140136
0.140135
0.140135
0.140134
0.140133
0.140133
0.140133
0.140132
0.140132
0.140132
0.140132
0.140132
0.140133
0.140133
0.140133
0.140134
0.140135
0.140136
0.140136
0.140139
0.140196
0.140199
0.140202
0.140206
0.140209
0.140212
0.140216
0.140219
0.140221
0.140224
0.140227
0.140229
0.140231
0.140233
0.140235
0.140237
0.14024
0.140242
0.140244
0.140246
0.140248
0.14025
0.140252
0.140254
0.140256
0.140258
0.140259
0.140261
0.140263
0.140265
0.140266
0.140268
0.14027
0.140272
0.140274
0.140276
0.140279
0.140279
0.140286
0.140194
0.140191
0.140187
0.14018
0.140175
0.14017
0.140165
0.14016
0.140155
0.14015
0.140146
0.140142
0.14014
0.140137
0.140136
0.140134
0.140133
0.140132
0.140132
0.140131
0.14013
0.14013
0.140129
0.140129
0.140128
0.140128
0.140128
0.140128
0.140128
0.140128
0.140128
0.140129
0.140129
0.14013
0.140131
0.140131
0.140133
0.140133
0.140136
0.140195
0.140197
0.140201
0.140204
0.140208
0.140211
0.140215
0.140218
0.14022
0.140223
0.140225
0.140228
0.14023
0.140232
0.140234
0.140236
0.140239
0.140241
0.140243
0.140245
0.140247
0.14025
0.140252
0.140254
0.140256
0.140258
0.14026
0.140262
0.140264
0.140266
0.140268
0.14027
0.140272
0.140275
0.140277
0.140279
0.140283
0.140284
0.140291
0.140192
0.140189
0.140185
0.140178
0.140172
0.140168
0.140162
0.140156
0.140151
0.140145
0.140141
0.140137
0.140134
0.140132
0.14013
0.140129
0.140128
0.140127
0.140126
0.140126
0.140125
0.140125
0.140124
0.140124
0.140124
0.140123
0.140123
0.140123
0.140123
0.140124
0.140124
0.140125
0.140125
0.140126
0.140127
0.140128
0.140129
0.14013
0.140133
0.140193
0.140196
0.140199
0.140203
0.140206
0.14021
0.140213
0.140216
0.140219
0.140222
0.140224
0.140226
0.140228
0.140231
0.140233
0.140235
0.140237
0.140239
0.140242
0.140244
0.140246
0.140249
0.140251
0.140253
0.140255
0.140258
0.14026
0.140262
0.140264
0.140266
0.140269
0.140271
0.140274
0.140276
0.140279
0.140282
0.140286
0.140287
0.140295
0.14019
0.140187
0.140182
0.140175
0.14017
0.140165
0.140159
0.140152
0.140146
0.14014
0.140135
0.140131
0.140129
0.140126
0.140125
0.140123
0.140122
0.140122
0.140121
0.14012
0.14012
0.140119
0.140119
0.140119
0.140119
0.140118
0.140118
0.140118
0.140119
0.140119
0.140119
0.14012
0.140121
0.140121
0.140122
0.140124
0.140125
0.140126
0.140129
0.140191
0.140194
0.140197
0.140201
0.140205
0.140208
0.140211
0.140214
0.140217
0.14022
0.140222
0.140224
0.140226
0.140229
0.140231
0.140233
0.140235
0.140237
0.14024
0.140242
0.140245
0.140247
0.14025
0.140252
0.140254
0.140257
0.140259
0.140261
0.140264
0.140266
0.140269
0.140271
0.140274
0.140277
0.14028
0.140283
0.140288
0.140289
0.140298
0.140188
0.140185
0.14018
0.140173
0.140167
0.140161
0.140155
0.140148
0.140141
0.140134
0.140129
0.140126
0.140123
0.140121
0.140119
0.140118
0.140117
0.140116
0.140116
0.140115
0.140115
0.140114
0.140114
0.140113
0.140113
0.140113
0.140113
0.140113
0.140113
0.140114
0.140114
0.140115
0.140115
0.140116
0.140117
0.140119
0.14012
0.140121
0.140125
0.140189
0.140192
0.140195
0.140199
0.140203
0.140206
0.14021
0.140212
0.140215
0.140217
0.14022
0.140222
0.140224
0.140226
0.140228
0.14023
0.140232
0.140235
0.140237
0.14024
0.140242
0.140245
0.140247
0.14025
0.140252
0.140255
0.140257
0.14026
0.140262
0.140265
0.140268
0.140271
0.140274
0.140277
0.14028
0.140284
0.140288
0.140291
0.140299
0.140185
0.140182
0.140177
0.14017
0.140164
0.140158
0.140151
0.140143
0.140135
0.140129
0.140124
0.14012
0.140117
0.140115
0.140113
0.140112
0.140111
0.14011
0.14011
0.140109
0.140109
0.140108
0.140108
0.140108
0.140107
0.140107
0.140107
0.140107
0.140107
0.140108
0.140108
0.140108
0.140109
0.14011
0.140111
0.140112
0.140114
0.140115
0.140119
0.140186
0.140189
0.140193
0.140197
0.140201
0.140204
0.140207
0.14021
0.140212
0.140215
0.140217
0.140219
0.140221
0.140223
0.140225
0.140227
0.140229
0.140232
0.140234
0.140237
0.140239
0.140242
0.140245
0.140247
0.14025
0.140252
0.140255
0.140258
0.14026
0.140263
0.140266
0.140269
0.140273
0.140276
0.14028
0.140284
0.140288
0.140292
0.140299
0.140183
0.140179
0.140174
0.140166
0.14016
0.140154
0.140146
0.140137
0.140129
0.140123
0.140117
0.140114
0.140111
0.140109
0.140107
0.140106
0.140105
0.140104
0.140104
0.140103
0.140102
0.140102
0.140101
0.140101
0.1401
0.1401
0.1401
0.1401
0.1401
0.1401
0.1401
0.140101
0.140101
0.140102
0.140103
0.140104
0.140106
0.140107
0.140111
0.140183
0.140187
0.140191
0.140195
0.140198
0.140202
0.140205
0.140207
0.140209
0.140211
0.140213
0.140215
0.140217
0.140219
0.140221
0.140223
0.140225
0.140228
0.14023
0.140233
0.140236
0.140238
0.140241
0.140244
0.140247
0.140249
0.140252
0.140255
0.140258
0.140261
0.140264
0.140267
0.140271
0.140275
0.140278
0.140282
0.140287
0.140291
0.140299
0.14018
0.140176
0.140171
0.140163
0.140157
0.14015
0.140141
0.140131
0.140123
0.140116
0.140111
0.140107
0.140105
0.140102
0.140101
0.140099
0.140098
0.140097
0.140097
0.140096
0.140095
0.140094
0.140094
0.140093
0.140092
0.140091
0.140091
0.140091
0.14009
0.14009
0.14009
0.140091
0.140091
0.140092
0.140093
0.140094
0.140095
0.140097
0.1401
0.140181
0.140184
0.140188
0.140192
0.140196
0.140199
0.140201
0.140204
0.140206
0.140208
0.14021
0.140211
0.140213
0.140215
0.140217
0.140219
0.140221
0.140223
0.140226
0.140228
0.140231
0.140234
0.140237
0.14024
0.140243
0.140245
0.140248
0.140251
0.140254
0.140258
0.140261
0.140264
0.140268
0.140272
0.140276
0.14028
0.140286
0.14029
0.140298
0.140177
0.140173
0.140167
0.14016
0.140153
0.140145
0.140136
0.140125
0.140117
0.14011
0.140105
0.140101
0.140098
0.140096
0.140094
0.140092
0.140091
0.140089
0.140088
0.140087
0.140086
0.140085
0.140084
0.140083
0.140082
0.140081
0.14008
0.140079
0.140079
0.140079
0.140078
0.140078
0.140079
0.140079
0.14008
0.140081
0.140082
0.140083
0.140087
0.140178
0.140181
0.140185
0.140189
0.140193
0.140195
0.140198
0.1402
0.140202
0.140204
0.140205
0.140207
0.140208
0.14021
0.140212
0.140214
0.140216
0.140218
0.14022
0.140223
0.140226
0.140229
0.140232
0.140235
0.140238
0.140241
0.140244
0.140247
0.14025
0.140253
0.140257
0.140261
0.140264
0.140269
0.140273
0.140277
0.140283
0.140288
0.140296
0.140174
0.14017
0.140164
0.140156
0.140149
0.140141
0.14013
0.140119
0.14011
0.140104
0.140098
0.140094
0.140091
0.140088
0.140085
0.140083
0.140082
0.14008
0.140078
0.140077
0.140076
0.140074
0.140073
0.140071
0.14007
0.140069
0.140067
0.140066
0.140065
0.140065
0.140064
0.140064
0.140064
0.140064
0.140064
0.140065
0.140066
0.140067
0.140071
0.140174
0.140178
0.140182
0.140186
0.140189
0.140192
0.140194
0.140196
0.140197
0.140199
0.1402
0.140201
0.140203
0.140204
0.140206
0.140208
0.14021
0.140212
0.140214
0.140217
0.14022
0.140223
0.140226
0.140229
0.140232
0.140235
0.140238
0.140242
0.140245
0.140248
0.140252
0.140256
0.14026
0.140264
0.140269
0.140274
0.140279
0.140284
0.140292
0.14017
0.140166
0.14016
0.140152
0.140145
0.140136
0.140124
0.140113
0.140104
0.140097
0.140091
0.140087
0.140082
0.140079
0.140076
0.140073
0.140071
0.140069
0.140067
0.140065
0.140064
0.140062
0.14006
0.140058
0.140056
0.140054
0.140053
0.140051
0.14005
0.140049
0.140048
0.140047
0.140047
0.140047
0.140047
0.140047
0.140048
0.140049
0.140052
0.140171
0.140175
0.140179
0.140182
0.140185
0.140188
0.14019
0.140191
0.140192
0.140194
0.140195
0.140196
0.140197
0.140198
0.1402
0.140201
0.140203
0.140205
0.140208
0.14021
0.140213
0.140216
0.14022
0.140223
0.140226
0.140229
0.140232
0.140236
0.140239
0.140243
0.140246
0.14025
0.140255
0.140259
0.140264
0.140269
0.140275
0.14028
0.140288
0.140167
0.140163
0.140156
0.140148
0.14014
0.14013
0.140118
0.140106
0.140097
0.14009
0.140084
0.140078
0.140073
0.140069
0.140065
0.140062
0.140059
0.140056
0.140054
0.140052
0.14005
0.140048
0.140046
0.140043
0.140041
0.140039
0.140036
0.140034
0.140033
0.140031
0.140029
0.140028
0.140027
0.140027
0.140026
0.140026
0.140027
0.140027
0.14003
0.140167
0.140171
0.140175
0.140179
0.140181
0.140183
0.140185
0.140186
0.140187
0.140188
0.140188
0.140189
0.14019
0.140191
0.140192
0.140194
0.140196
0.140198
0.1402
0.140203
0.140206
0.140209
0.140212
0.140215
0.140219
0.140222
0.140225
0.140229
0.140232
0.140236
0.14024
0.140244
0.140248
0.140253
0.140258
0.140263
0.140269
0.140275
0.140283
0.140163
0.140159
0.140152
0.140143
0.140136
0.140124
0.140111
0.1401
0.140091
0.140082
0.140075
0.140068
0.140062
0.140057
0.140053
0.140049
0.140046
0.140043
0.14004
0.140038
0.140035
0.140033
0.14003
0.140027
0.140024
0.140021
0.140018
0.140016
0.140013
0.140011
0.140009
0.140007
0.140005
0.140004
0.140002
0.140001
0.140002
0.14
0.140002
0.140163
0.140167
0.140171
0.140174
0.140177
0.140178
0.14018
0.14018
0.140181
0.140181
0.140181
0.140182
0.140183
0.140183
0.140184
0.140186
0.140188
0.140189
0.140192
0.140194
0.140197
0.1402
0.140203
0.140207
0.14021
0.140213
0.140217
0.14022
0.140224
0.140228
0.140232
0.140237
0.140241
0.140246
0.140251
0.140256
0.140263
0.140269
0.140277
0.140159
0.140154
0.140147
0.140139
0.14013
0.140118
0.140105
0.140093
0.140083
0.140074
0.140065
0.140058
0.140051
0.140045
0.14004
0.140036
0.140032
0.140029
0.140026
0.140023
0.14002
0.140017
0.140014
0.140011
0.140008
0.140005
0.140002
0.139999
0.139997
0.139995
0.139993
0.139991
0.139989
0.139987
0.139986
0.139984
0.139982
0.139979
0.13998
0.140159
0.140163
0.140166
0.14017
0.140172
0.140173
0.140174
0.140174
0.140174
0.140174
0.140174
0.140174
0.140174
0.140175
0.140176
0.140177
0.140178
0.14018
0.140181
0.140184
0.140186
0.140189
0.140193
0.140196
0.140199
0.140202
0.140206
0.14021
0.140214
0.140218
0.140222
0.140227
0.140232
0.140237
0.140242
0.140248
0.140255
0.140261
0.14027
0.140154
0.14015
0.140143
0.140134
0.140125
0.140112
0.140098
0.140086
0.140076
0.140065
0.140055
0.140046
0.140039
0.140033
0.140027
0.140023
0.140019
0.140016
0.140013
0.14001
0.140008
0.140006
0.140004
0.140003
0.140001
0.140001
0.14
0.139999
0.139999
0.139999
0.139998
0.139998
0.139997
0.139996
0.139995
0.139993
0.139991
0.139988
0.139985
0.140154
0.140158
0.140162
0.140165
0.140166
0.140167
0.140167
0.140167
0.140167
0.140166
0.140166
0.140165
0.140165
0.140165
0.140166
0.140166
0.140167
0.140168
0.140169
0.140171
0.140173
0.140176
0.140179
0.140182
0.140186
0.140189
0.140193
0.140197
0.140201
0.140205
0.14021
0.140215
0.14022
0.140226
0.140231
0.140238
0.140245
0.140252
0.140261
0.14015
0.140145
0.140138
0.140129
0.14012
0.140105
0.140091
0.140079
0.140067
0.140055
0.140044
0.140035
0.140027
0.140021
0.140016
0.140013
0.14001
0.140009
0.140008
0.140007
0.140008
0.140008
0.140009
0.14001
0.140011
0.140013
0.140015
0.140017
0.140018
0.14002
0.140021
0.140022
0.140023
0.140024
0.140024
0.140024
0.140023
0.140023
0.140018
0.140149
0.140153
0.140157
0.140159
0.14016
0.140161
0.14016
0.14016
0.140159
0.140158
0.140157
0.140156
0.140155
0.140155
0.140154
0.140154
0.140154
0.140154
0.140155
0.140157
0.140159
0.140161
0.140164
0.140167
0.14017
0.140174
0.140177
0.140181
0.140185
0.14019
0.140195
0.1402
0.140205
0.140211
0.140217
0.140224
0.140231
0.140239
0.140249
0.140145
0.14014
0.140133
0.140123
0.140114
0.140099
0.140084
0.140071
0.140058
0.140045
0.140034
0.140025
0.140018
0.140014
0.140012
0.140012
0.140013
0.140014
0.140016
0.140018
0.140021
0.140023
0.140026
0.140029
0.140032
0.140034
0.140037
0.140039
0.140041
0.140043
0.140045
0.140046
0.140048
0.140049
0.140049
0.14005
0.14005
0.14005
0.140048
0.140144
0.140148
0.140151
0.140153
0.140154
0.140154
0.140153
0.140151
0.14015
0.140148
0.140147
0.140146
0.140144
0.140142
0.140141
0.14014
0.14014
0.14014
0.14014
0.140141
0.140143
0.140145
0.140148
0.140151
0.140154
0.140157
0.14016
0.140164
0.140168
0.140173
0.140177
0.140182
0.140188
0.140194
0.1402
0.140207
0.140215
0.140223
0.140234
0.14014
0.140135
0.140127
0.140118
0.140107
0.140092
0.140077
0.140063
0.140048
0.140035
0.140025
0.140018
0.140015
0.140016
0.140019
0.140022
0.140026
0.140029
0.140032
0.140035
0.140038
0.140041
0.140044
0.140047
0.14005
0.140054
0.140056
0.140059
0.140062
0.140064
0.140066
0.140068
0.14007
0.140071
0.140072
0.140073
0.140074
0.140075
0.140074
0.140138
0.140142
0.140145
0.140147
0.140147
0.140146
0.140145
0.140143
0.14014
0.140138
0.140136
0.140134
0.140131
0.140129
0.140127
0.140126
0.140125
0.140124
0.140125
0.140126
0.140127
0.140129
0.140132
0.140134
0.140137
0.14014
0.140143
0.140147
0.140151
0.140155
0.14016
0.140164
0.14017
0.140175
0.140181
0.140188
0.140196
0.140204
0.140215
0.140134
0.140129
0.140122
0.140112
0.140101
0.140084
0.14007
0.140055
0.140039
0.140027
0.140019
0.140018
0.140021
0.140026
0.140032
0.140036
0.140041
0.140045
0.140048
0.140051
0.140055
0.140058
0.140062
0.140066
0.14007
0.140073
0.140077
0.14008
0.140084
0.140087
0.140089
0.140092
0.140094
0.140096
0.140098
0.140099
0.1401
0.140102
0.140101
0.140132
0.140136
0.140139
0.14014
0.14014
0.140138
0.140136
0.140133
0.140131
0.140128
0.140125
0.140121
0.140118
0.140115
0.140112
0.140111
0.14011
0.140109
0.140109
0.14011
0.140111
0.140113
0.140115
0.140117
0.14012
0.140123
0.140126
0.14013
0.140133
0.140137
0.140141
0.140146
0.140151
0.140156
0.140162
0.140168
0.140176
0.140184
0.140194
0.140128
0.140123
0.140116
0.140106
0.140094
0.140077
0.140063
0.140046
0.14003
0.140021
0.14002
0.140025
0.140032
0.140039
0.140045
0.140051
0.140056
0.140061
0.140065
0.140069
0.140073
0.140077
0.140082
0.140086
0.140091
0.140096
0.1401
0.140104
0.140108
0.140111
0.140114
0.140117
0.14012
0.140122
0.140125
0.140127
0.140128
0.14013
0.140131
0.140126
0.140129
0.140132
0.140132
0.140132
0.140129
0.140127
0.140123
0.14012
0.140116
0.140112
0.140108
0.140104
0.1401
0.140098
0.140095
0.140094
0.140093
0.140092
0.140093
0.140094
0.140095
0.140097
0.1401
0.140102
0.140105
0.140108
0.140112
0.140115
0.140119
0.140124
0.140128
0.140133
0.140138
0.140144
0.14015
0.140157
0.140164
0.140174
0.140122
0.140117
0.140109
0.1401
0.140087
0.14007
0.140055
0.140037
0.140024
0.140021
0.140026
0.140035
0.140044
0.140053
0.140061
0.140068
0.140074
0.14008
0.140085
0.140089
0.140094
0.140099
0.140104
0.140109
0.140114
0.140119
0.140124
0.140129
0.140133
0.140137
0.14014
0.140144
0.140147
0.14015
0.140152
0.140155
0.140157
0.140159
0.14016
0.14012
0.140123
0.140125
0.140125
0.140124
0.140121
0.140118
0.140113
0.140109
0.140103
0.140098
0.140093
0.140089
0.140086
0.140083
0.14008
0.140079
0.140077
0.140077
0.140077
0.140077
0.140079
0.14008
0.140083
0.140085
0.140088
0.140091
0.140094
0.140098
0.140102
0.140106
0.140111
0.140116
0.140121
0.140127
0.140133
0.14014
0.140147
0.140156
0.140116
0.140111
0.140104
0.140094
0.140081
0.140063
0.140046
0.140029
0.140022
0.140025
0.140035
0.140046
0.140057
0.140067
0.140076
0.140084
0.140091
0.140097
0.140103
0.140108
0.140113
0.140118
0.140123
0.140129
0.140134
0.14014
0.140145
0.14015
0.140154
0.140158
0.140162
0.140166
0.140169
0.140172
0.140175
0.140178
0.140181
0.140184
0.140185
0.140115
0.140118
0.140119
0.140119
0.140117
0.140113
0.140108
0.140102
0.140097
0.140087
0.140081
0.140077
0.140073
0.14007
0.140068
0.140065
0.140064
0.140063
0.140062
0.140062
0.140063
0.140064
0.140065
0.140067
0.140069
0.140072
0.140075
0.140078
0.140081
0.140085
0.140089
0.140094
0.140099
0.140104
0.140109
0.140116
0.140123
0.14013
0.140139
0.140111
0.140107
0.140099
0.140088
0.140075
0.140056
0.140038
0.140024
0.140024
0.140032
0.140044
0.140057
0.14007
0.140081
0.140091
0.1401
0.140107
0.140113
0.140119
0.140124
0.140129
0.140134
0.140139
0.140144
0.14015
0.140155
0.14016
0.140165
0.140169
0.140173
0.140177
0.140181
0.140185
0.140188
0.140191
0.140195
0.140198
0.140202
0.140204
0.14011
0.140112
0.140113
0.140112
0.140109
0.140104
0.140098
0.14009
0.140084
0.14007
0.140063
0.140059
0.140056
0.140054
0.140052
0.14005
0.140049
0.140048
0.140047
0.140047
0.140048
0.140049
0.14005
0.140052
0.140054
0.140056
0.140058
0.140061
0.140064
0.140067
0.140071
0.140075
0.140079
0.140084
0.140089
0.140095
0.140102
0.140109
0.140119
0.140106
0.140101
0.140093
0.140083
0.140068
0.140049
0.140029
0.140023
0.140028
0.140041
0.140056
0.140071
0.140085
0.140097
0.140107
0.140115
0.140122
0.140128
0.140134
0.140139
0.140143
0.140148
0.140153
0.140158
0.140163
0.140168
0.140173
0.140177
0.140181
0.140185
0.140189
0.140193
0.140197
0.1402
0.140204
0.140207
0.140211
0.140215
0.140218
0.140104
0.140106
0.140106
0.140104
0.1401
0.140095
0.140088
0.140078
0.140069
0.140053
0.140046
0.140043
0.14004
0.140039
0.140037
0.140036
0.140034
0.140034
0.140033
0.140033
0.140033
0.140034
0.140035
0.140036
0.140038
0.14004
0.140042
0.140044
0.140047
0.140049
0.140052
0.140056
0.14006
0.140064
0.140068
0.140073
0.140079
0.140086
0.140094
0.1401
0.140095
0.140087
0.140076
0.140062
0.140042
0.140022
0.140023
0.140034
0.140051
0.140069
0.140086
0.1401
0.140112
0.140122
0.14013
0.140136
0.140142
0.140147
0.140151
0.140156
0.14016
0.140164
0.140169
0.140174
0.140178
0.140183
0.140187
0.140191
0.140195
0.140199
0.140203
0.140206
0.14021
0.140213
0.140217
0.140221
0.140225
0.140229
0.140097
0.140099
0.140098
0.140096
0.140091
0.140085
0.140076
0.140065
0.140054
0.140037
0.140031
0.140028
0.140027
0.140025
0.140024
0.140023
0.140022
0.140021
0.140021
0.14002
0.140021
0.140021
0.140021
0.140022
0.140023
0.140024
0.140025
0.140027
0.140029
0.140031
0.140033
0.140036
0.140039
0.140043
0.140047
0.140051
0.140057
0.140063
0.14007
0.140093
0.140089
0.140081
0.14007
0.140055
0.140035
0.140015
0.140026
0.140043
0.140064
0.140084
0.140101
0.140115
0.140126
0.140135
0.140142
0.140148
0.140153
0.140157
0.140161
0.140165
0.140169
0.140173
0.140178
0.140182
0.140187
0.140191
0.140195
0.140199
0.140203
0.140207
0.140211
0.140215
0.140219
0.140223
0.140227
0.140231
0.140235
0.140239
0.140089
0.140091
0.14009
0.140087
0.140081
0.140074
0.140064
0.140052
0.140039
0.140024
0.14002
0.140018
0.140018
0.140017
0.140016
0.140016
0.140016
0.140017
0.140017
0.140018
0.140018
0.140018
0.140018
0.140018
0.140018
0.140018
0.140018
0.140018
0.140018
0.140018
0.140018
0.140018
0.140019
0.140021
0.140023
0.140026
0.14003
0.140035
0.140041
0.140086
0.140082
0.140074
0.140063
0.140047
0.140027
0.14001
0.14003
0.140053
0.140078
0.140098
0.140114
0.140127
0.140137
0.140144
0.140151
0.140156
0.140161
0.140165
0.140169
0.140173
0.140177
0.140181
0.140186
0.140191
0.140196
0.140201
0.140206
0.14021
0.140215
0.14022
0.140225
0.140229
0.140234
0.140238
0.140243
0.140248
0.140253
0.140257
0.140081
0.140082
0.140081
0.140077
0.140071
0.140063
0.140052
0.140039
0.140024
0.140018
0.140016
0.140017
0.140019
0.140021
0.140023
0.140025
0.140027
0.140029
0.140031
0.140032
0.140033
0.140034
0.140034
0.140033
0.140033
0.140032
0.140031
0.14003
0.140029
0.140028
0.140026
0.140025
0.140023
0.140021
0.14002
0.140019
0.140019
0.140019
0.140021
0.140078
0.140074
0.140066
0.140055
0.14004
0.14002
0.140007
0.140037
0.140064
0.140089
0.140109
0.140123
0.140134
0.140144
0.140151
0.140158
0.140163
0.140168
0.140173
0.140178
0.140182
0.140187
0.140192
0.140198
0.140205
0.140211
0.140218
0.140225
0.140231
0.140238
0.140244
0.14025
0.140256
0.140262
0.140269
0.140275
0.140281
0.140289
0.140294
0.140072
0.140072
0.14007
0.140066
0.14006
0.140051
0.14004
0.140026
0.140013
0.140016
0.140019
0.140023
0.140027
0.140031
0.140034
0.140038
0.140041
0.140044
0.140046
0.140048
0.14005
0.140051
0.140052
0.140052
0.140053
0.140052
0.140052
0.140052
0.140051
0.14005
0.140049
0.140048
0.140047
0.140045
0.140043
0.140041
0.140039
0.140036
0.140034
0.140069
0.140065
0.140058
0.140047
0.140033
0.140014
0.140008
0.140043
0.140072
0.140097
0.140114
0.140128
0.14014
0.14015
0.140159
0.140167
0.140174
0.140181
0.140187
0.140193
0.140199
0.140206
0.140213
0.140221
0.14023
0.140238
0.140247
0.140256
0.140264
0.140273
0.140281
0.140289
0.140297
0.140305
0.140313
0.140322
0.14033
0.14034
0.140348
0.140061
0.140062
0.140059
0.140055
0.140048
0.140039
0.140028
0.140015
0.140007
0.140018
0.140026
0.140032
0.140038
0.140043
0.140048
0.140052
0.140056
0.14006
0.140063
0.140066
0.140068
0.14007
0.140072
0.140073
0.140074
0.140074
0.140074
0.140074
0.140073
0.140073
0.140073
0.140072
0.14007
0.140069
0.140067
0.140065
0.140062
0.140058
0.140054
0.140059
0.140055
0.140049
0.140039
0.140025
0.140008
0.140012
0.140046
0.140075
0.140099
0.140117
0.140133
0.140147
0.140161
0.140173
0.140183
0.140193
0.140202
0.140209
0.140217
0.140224
0.140232
0.14024
0.14025
0.140259
0.140269
0.140278
0.140288
0.140296
0.140305
0.140314
0.140322
0.14033
0.140338
0.140346
0.140355
0.140364
0.140374
0.140383
0.14005
0.14005
0.140048
0.140043
0.140037
0.140028
0.140017
0.140007
0.140006
0.140022
0.140031
0.140039
0.140047
0.140054
0.14006
0.140066
0.140071
0.140075
0.140079
0.140083
0.140086
0.140089
0.140091
0.140093
0.140095
0.140096
0.140097
0.140099
0.1401
0.1401
0.140101
0.140102
0.140103
0.140104
0.140104
0.140104
0.140105
0.140105
0.140104
0.140048
0.140045
0.140039
0.14003
0.140018
0.140005
0.140015
0.140045
0.140072
0.140098
0.140121
0.140141
0.14016
0.140176
0.14019
0.140201
0.140211
0.140219
0.140226
0.140233
0.14024
0.140246
0.140253
0.14026
0.140267
0.140274
0.140281
0.140287
0.140293
0.140299
0.140304
0.140309
0.140315
0.14032
0.140325
0.14033
0.140335
0.140341
0.140347
0.140037
0.140037
0.140035
0.140031
0.140025
0.140018
0.140008
0.140003
0.140009
0.140022
0.140032
0.140042
0.140052
0.140061
0.140069
0.140076
0.140083
0.140089
0.140095
0.1401
0.140105
0.140109
0.140113
0.140116
0.140118
0.140119
0.140121
0.140122
0.140121
0.140123
0.140123
0.140123
0.140122
0.140121
0.14012
0.140118
0.140116
0.140115
0.140115
0.140036
0.140034
0.140029
0.140022
0.140012
0.140003
0.140016
0.140038
0.140066
0.140098
0.140125
0.140147
0.140164
0.140176
0.140185
0.140192
0.140197
0.140202
0.140205
0.140208
0.140211
0.140214
0.140217
0.140221
0.140225
0.140229
0.140234
0.140239
0.140244
0.140249
0.140255
0.140262
0.140268
0.140275
0.140282
0.140289
0.140297
0.140307
0.140315
0.140023
0.140023
0.140021
0.140018
0.140014
0.140009
0.140003
0.140003
0.140009
0.140016
0.140026
0.140037
0.140049
0.140059
0.140068
0.140075
0.140082
0.140089
0.140095
0.140101
0.140107
0.140113
0.140119
0.140125
0.14013
0.140136
0.140142
0.140149
0.140157
0.140162
0.140169
0.140176
0.140183
0.140191
0.140198
0.140207
0.140215
0.140225
0.140234
0.140023
0.140021
0.140018
0.140013
0.140006
0.140003
0.140014
0.140026
0.140057
0.14009
0.140108
0.140117
0.140122
0.140125
0.140129
0.140133
0.140136
0.14014
0.140143
0.140146
0.140149
0.140154
0.140161
0.14017
0.140183
0.140197
0.140212
0.140229
0.140247
0.140265
0.140284
0.140303
0.140323
0.140343
0.140363
0.140385
0.140407
0.140433
0.140457
0.140008
0.140008
0.140007
0.140006
0.140004
0.140002
0.14
0.140002
0.140005
0.140006
0.140015
0.140031
0.14005
0.140068
0.140086
0.140104
0.14012
0.140135
0.14015
0.140163
0.140175
0.140185
0.140195
0.140202
0.140208
0.140213
0.140217
0.140221
0.140223
0.140225
0.140226
0.140227
0.140227
0.140227
0.140227
0.140228
0.14023
0.140234
0.140237
0.140008
0.140007
0.140006
0.140004
0.140002
0.140001
0.140006
0.140009
0.140033
0.140042
0.14003
0.140028
0.140036
0.140049
0.140065
0.140081
0.140096
0.140111
0.140124
0.140137
0.140149
0.140161
0.140174
0.140188
0.140202
0.140215
0.140229
0.140241
0.140252
0.140263
0.140273
0.140283
0.140292
0.140299
0.140307
0.140314
0.14032
0.140327
0.140333
0.181837
0.200484
0.246004
0.273533
0.280533
0.270147
0.244811
0.208913
0.171192
0.142277
0.125992
0.120238
0.119837
0.121828
0.124324
0.1268
0.129032
0.130944
0.132513
0.133766
0.13477
0.135585
0.136261
0.136831
0.137315
0.137729
0.138085
0.138395
0.138665
0.138901
0.139107
0.139283
0.139434
0.139564
0.139675
0.139772
0.139857
0.139934
0.140008
0.140079
0.140143
0.140194
0.140229
0.140251
0.140264
0.140273
0.14028
0.140286
0.140288
0.140292
0.140295
0.1403
0.140301
0.140301
0.140301
0.140299
0.140296
0.140292
0.140287
0.140281
0.140274
0.140265
0.140254
0.140239
0.14022
0.140199
0.140178
0.140161
0.140144
0.140123
0.140098
0.140073
0.140044
0.140022
0.140033
0.140052
0.140103
0.140114
0.14024
0.140238
0.170963
0.130851
0.0999001
0.084077
0.0789696
0.0823841
0.0906848
0.0997208
0.107652
0.11411
0.119226
0.123241
0.126386
0.128861
0.13082
0.132384
0.133643
0.134665
0.135502
0.136192
0.136765
0.137244
0.137647
0.137988
0.138277
0.138525
0.138737
0.13892
0.139079
0.139218
0.139341
0.139452
0.139556
0.139661
0.139767
0.139864
0.139945
0.14001
0.140059
0.140092
0.140114
0.140127
0.140135
0.140138
0.140139
0.140139
0.140137
0.140135
0.140133
0.140129
0.140125
0.140119
0.140111
0.1401
0.140086
0.14007
0.140049
0.140027
0.14
0.13998
0.139987
0.140019
0.14005
0.140076
0.140104
0.140134
0.140163
0.140189
0.140208
0.140222
0.140232
0.140243
0.140262
0.1403
0.140356
0.14039
0.140351
0.140321
0.140473
0.140338
0.224566
0.239801
0.263913
0.292854
0.305003
0.296903
0.271237
0.232813
0.189695
0.153142
0.130682
0.121538
0.119833
0.121506
0.124023
0.126539
0.128814
0.130767
0.132374
0.133658
0.134684
0.135514
0.136199
0.136775
0.137264
0.13768
0.138029
0.13833
0.138604
0.138846
0.139057
0.139239
0.139395
0.139527
0.139642
0.139742
0.13983
0.13991
0.139986
0.140062
0.140132
0.140188
0.140226
0.140249
0.140264
0.140273
0.140281
0.140287
0.140289
0.140292
0.140296
0.140301
0.140303
0.140304
0.140303
0.140302
0.140299
0.140295
0.14029
0.140284
0.140277
0.140269
0.140257
0.140242
0.140224
0.140203
0.140182
0.140164
0.140147
0.140126
0.140101
0.140076
0.140046
0.140023
0.140032
0.140052
0.140103
0.140114
0.140244
0.14024
0.190481
0.141615
0.102491
0.0849483
0.0820151
0.0869651
0.0951878
0.10348
0.110615
0.116401
0.120987
0.124595
0.127431
0.129671
0.131451
0.132877
0.13403
0.134969
0.135741
0.136379
0.13691
0.137355
0.13773
0.138047
0.138316
0.138547
0.138746
0.13892
0.139073
0.139209
0.139332
0.139444
0.139553
0.139662
0.139771
0.139868
0.139948
0.140013
0.14006
0.140092
0.140114
0.140127
0.140134
0.140137
0.140138
0.140138
0.140137
0.140135
0.140133
0.140129
0.140125
0.140119
0.140111
0.1401
0.140086
0.140068
0.140047
0.140024
0.139997
0.139978
0.139988
0.140021
0.140052
0.140078
0.140107
0.140137
0.140166
0.140192
0.140211
0.140225
0.140235
0.140246
0.140266
0.140306
0.140362
0.140394
0.140354
0.140327
0.140483
0.140342
0.236738
0.262801
0.278497
0.299908
0.318913
0.320847
0.302102
0.265639
0.218717
0.172903
0.140173
0.124423
0.120198
0.121127
0.123548
0.126118
0.128461
0.130478
0.132145
0.133482
0.134546
0.135403
0.136105
0.136691
0.137179
0.137592
0.137947
0.138252
0.138532
0.138782
0.138999
0.139187
0.13935
0.139494
0.139618
0.139723
0.139814
0.139896
0.139973
0.140051
0.140124
0.140183
0.140223
0.140249
0.140264
0.140275
0.140283
0.140289
0.140291
0.140295
0.140299
0.140304
0.140307
0.140307
0.140307
0.140305
0.140303
0.140299
0.140294
0.140288
0.140281
0.140273
0.140261
0.140246
0.140228
0.140206
0.140185
0.140167
0.14015
0.140128
0.140104
0.140078
0.140048
0.140023
0.140031
0.140051
0.140102
0.140114
0.140248
0.140242
0.192838
0.14105
0.101513
0.0862494
0.0864462
0.0926948
0.100527
0.107864
0.114048
0.119044
0.123013
0.126149
0.128629
0.130599
0.132175
0.133445
0.134478
0.135324
0.136022
0.136602
0.137087
0.137495
0.13784
0.138132
0.138381
0.138595
0.138781
0.138944
0.139091
0.139222
0.139343
0.139455
0.139566
0.139678
0.139787
0.139881
0.139959
0.14002
0.140065
0.140095
0.140115
0.140127
0.140134
0.140137
0.140139
0.140139
0.140137
0.140136
0.140133
0.14013
0.140125
0.140119
0.140111
0.140099
0.140085
0.140067
0.140045
0.140021
0.139993
0.139977
0.139989
0.140024
0.140054
0.140081
0.14011
0.14014
0.14017
0.140196
0.140215
0.140228
0.140238
0.140249
0.14027
0.140312
0.140369
0.140398
0.140356
0.140335
0.140494
0.140345
0.229586
0.266138
0.288037
0.302365
0.320436
0.333423
0.329409
0.304514
0.261709
0.209979
0.163287
0.13362
0.121852
0.120545
0.122658
0.125369
0.127852
0.129989
0.131764
0.133193
0.134327
0.135232
0.135966
0.13657
0.137059
0.137483
0.137851
0.138167
0.138455
0.138713
0.138946
0.139146
0.139316
0.139468
0.139597
0.139707
0.139801
0.139885
0.139963
0.140042
0.140117
0.140178
0.140222
0.140249
0.140266
0.140277
0.140285
0.140292
0.140294
0.140298
0.140302
0.140307
0.14031
0.140311
0.14031
0.140309
0.140306
0.140303
0.140298
0.140292
0.140285
0.140276
0.140265
0.14025
0.140232
0.14021
0.140188
0.14017
0.140153
0.140131
0.140106
0.14008
0.14005
0.140024
0.14003
0.140051
0.140101
0.140113
0.140253
0.140246
0.181175
0.131739
0.0986581
0.0889829
0.0920529
0.0987887
0.105875
0.112171
0.117402
0.121625
0.124993
0.127672
0.129806
0.131515
0.132892
0.134011
0.134926
0.135681
0.136308
0.136831
0.137271
0.137642
0.137957
0.138225
0.138454
0.138653
0.138827
0.138982
0.139121
0.139248
0.139366
0.139478
0.13959
0.139702
0.139807
0.139898
0.139972
0.140029
0.140071
0.1401
0.140118
0.140129
0.140135
0.140138
0.14014
0.140139
0.140138
0.140136
0.140134
0.14013
0.140126
0.140119
0.140111
0.140099
0.140084
0.140065
0.140043
0.140018
0.13999
0.139975
0.13999
0.140026
0.140057
0.140084
0.140113
0.140144
0.140174
0.1402
0.140218
0.140231
0.140241
0.140252
0.140274
0.140318
0.140376
0.140402
0.140359
0.140343
0.140505
0.140348
0.208503
0.252504
0.285005
0.30459
0.31762
0.332996
0.342563
0.335518
0.307497
0.261208
0.206645
0.159228
0.130849
0.121089
0.121244
0.124072
0.126896
0.129244
0.131178
0.132749
0.133996
0.134981
0.13577
0.136412
0.136924
0.137356
0.137739
0.138072
0.13837
0.138646
0.138893
0.139104
0.139283
0.139441
0.139576
0.13969
0.139787
0.139874
0.139953
0.140032
0.140109
0.140173
0.140219
0.140249
0.140268
0.140279
0.140288
0.140295
0.140298
0.140301
0.140305
0.14031
0.140314
0.140315
0.140314
0.140313
0.140311
0.140307
0.140302
0.140296
0.140289
0.140281
0.14027
0.140255
0.140236
0.140214
0.140192
0.140174
0.140156
0.140135
0.140109
0.140082
0.140052
0.140024
0.140029
0.140051
0.1401
0.140113
0.140258
0.140249
0.160077
0.118611
0.0966293
0.0935062
0.0984027
0.104854
0.110958
0.116204
0.12053
0.124032
0.126844
0.1291
0.130914
0.13238
0.133573
0.13455
0.135356
0.136025
0.136585
0.137055
0.137452
0.137788
0.138075
0.138321
0.138532
0.138717
0.13888
0.139026
0.139159
0.139282
0.139396
0.139508
0.139619
0.139729
0.139831
0.139917
0.139987
0.14004
0.140079
0.140105
0.140121
0.140131
0.140137
0.14014
0.140141
0.14014
0.140139
0.140137
0.140135
0.140131
0.140127
0.14012
0.140111
0.140098
0.140083
0.140064
0.140041
0.140015
0.139986
0.139974
0.139992
0.140029
0.14006
0.140087
0.140117
0.140148
0.140178
0.140204
0.140222
0.140235
0.140244
0.140256
0.140279
0.140325
0.140383
0.140406
0.140362
0.140351
0.140517
0.140351
0.178215
0.2248
0.26659
0.297132
0.315812
0.3281
0.341446
0.349149
0.340892
0.311649
0.263615
0.207176
0.158571
0.130073
0.12097
0.121953
0.125271
0.128179
0.13039
0.132133
0.13353
0.134636
0.135509
0.136208
0.136764
0.137213
0.13761
0.137961
0.138277
0.138572
0.138833
0.139057
0.139246
0.13941
0.139551
0.139671
0.139772
0.139861
0.139942
0.140022
0.140099
0.140166
0.140216
0.140249
0.140269
0.140282
0.140291
0.140298
0.140302
0.140305
0.140309
0.140314
0.140317
0.140319
0.140319
0.140317
0.140315
0.140311
0.140306
0.140301
0.140294
0.140285
0.140274
0.140259
0.14024
0.140218
0.140196
0.140177
0.14016
0.140138
0.140112
0.140085
0.140055
0.140025
0.140028
0.14005
0.1401
0.140112
0.140263
0.140254
0.136032
0.107746
0.0977215
0.0995178
0.104961
0.110622
0.115658
0.119909
0.123409
0.126257
0.128566
0.130436
0.131957
0.1332
0.134221
0.135066
0.135769
0.136358
0.136853
0.137273
0.137629
0.137933
0.138194
0.138418
0.138613
0.138784
0.138937
0.139076
0.139202
0.13932
0.139432
0.139542
0.139653
0.13976
0.139856
0.139937
0.140002
0.140051
0.140086
0.14011
0.140125
0.140134
0.140139
0.140141
0.140142
0.140142
0.14014
0.140138
0.140136
0.140132
0.140127
0.14012
0.140111
0.140098
0.140081
0.140062
0.140039
0.140011
0.139983
0.139973
0.139993
0.140032
0.140063
0.140091
0.140121
0.140152
0.140182
0.140208
0.140226
0.140238
0.140248
0.14026
0.140285
0.140332
0.140391
0.140411
0.140365
0.140361
0.140529
0.140354
0.146175
0.187776
0.233625
0.274485
0.304689
0.323585
0.335718
0.347511
0.354301
0.346059
0.316978
0.268487
0.210799
0.160543
0.130725
0.121218
0.122526
0.126235
0.129257
0.131356
0.132923
0.13417
0.135162
0.135947
0.136564
0.137054
0.137463
0.137833
0.138172
0.138484
0.138762
0.139001
0.139202
0.139374
0.139522
0.139648
0.139755
0.139847
0.13993
0.14001
0.140089
0.140159
0.140213
0.140249
0.140271
0.140284
0.140294
0.140301
0.140306
0.140309
0.140312
0.140317
0.140321
0.140323
0.140323
0.140322
0.140319
0.140316
0.140311
0.140305
0.140298
0.14029
0.140279
0.140264
0.140245
0.140223
0.1402
0.140181
0.140163
0.140141
0.140116
0.140088
0.140057
0.140026
0.140026
0.14005
0.140099
0.140112
0.140268
0.140259
0.116984
0.103395
0.102118
0.106173
0.111201
0.115853
0.119862
0.123221
0.125996
0.128274
0.130139
0.131669
0.132928
0.133969
0.134834
0.135557
0.136164
0.136678
0.137113
0.137485
0.137802
0.138075
0.138311
0.138515
0.138694
0.138854
0.138997
0.139128
0.139249
0.139362
0.139472
0.13958
0.139689
0.139792
0.139883
0.139958
0.140018
0.140063
0.140095
0.140116
0.140129
0.140137
0.140141
0.140143
0.140144
0.140143
0.140142
0.14014
0.140137
0.140133
0.140128
0.140121
0.14011
0.140097
0.14008
0.14006
0.140036
0.140008
0.139979
0.139972
0.139996
0.140035
0.140066
0.140094
0.140125
0.140156
0.140187
0.140213
0.14023
0.140242
0.140251
0.140264
0.14029
0.14034
0.140399
0.140415
0.140369
0.140372
0.140542
0.140356
0.121982
0.150373
0.191316
0.236643
0.277661
0.308757
0.328797
0.341344
0.351978
0.358478
0.351118
0.323268
0.275358
0.216958
0.164727
0.132627
0.121768
0.122933
0.12695
0.130141
0.132177
0.133593
0.134706
0.135603
0.13631
0.136861
0.1373
0.137685
0.138048
0.138381
0.138677
0.138933
0.139149
0.139332
0.139489
0.139622
0.139734
0.13983
0.139916
0.139998
0.140078
0.14015
0.140208
0.140248
0.140272
0.140287
0.140297
0.140305
0.14031
0.140313
0.140316
0.140321
0.140326
0.140328
0.140328
0.140327
0.140324
0.140321
0.140316
0.14031
0.140303
0.140295
0.140284
0.140269
0.14025
0.140228
0.140205
0.140185
0.140167
0.140145
0.140119
0.140091
0.14006
0.140028
0.140025
0.140049
0.140098
0.140111
0.140273
0.140265
0.108234
0.105483
0.108313
0.112612
0.116766
0.120408
0.123507
0.126106
0.128269
0.130063
0.13155
0.132786
0.133816
0.134679
0.135405
0.136018
0.136539
0.136983
0.137363
0.137689
0.137971
0.138214
0.138426
0.138612
0.138777
0.138924
0.139059
0.139182
0.139297
0.139407
0.139514
0.139621
0.139726
0.139825
0.13991
0.13998
0.140034
0.140075
0.140103
0.140122
0.140134
0.14014
0.140144
0.140145
0.140146
0.140145
0.140143
0.140141
0.140138
0.140134
0.140129
0.140121
0.14011
0.140096
0.140079
0.140058
0.140033
0.140004
0.139975
0.139972
0.139999
0.140039
0.140069
0.140098
0.140129
0.140161
0.140192
0.140218
0.140234
0.140246
0.140255
0.140268
0.140297
0.140348
0.140407
0.14042
0.140372
0.140384
0.140555
0.140358
0.111407
0.123871
0.150608
0.190073
0.235003
0.276915
0.309815
0.331795
0.345323
0.355171
0.36182
0.355969
0.330176
0.283698
0.225103
0.170759
0.135659
0.122658
0.123204
0.127444
0.130854
0.132884
0.134174
0.135165
0.135976
0.136616
0.137112
0.137519
0.137902
0.138257
0.138575
0.138852
0.139085
0.139282
0.139449
0.139591
0.13971
0.139811
0.1399
0.139983
0.140064
0.14014
0.140202
0.140245
0.140273
0.140289
0.1403
0.140308
0.140314
0.140317
0.140321
0.140325
0.14033
0.140332
0.140333
0.140332
0.140329
0.140326
0.140321
0.140315
0.140308
0.1403
0.140289
0.140274
0.140256
0.140233
0.140209
0.14019
0.140171
0.140149
0.140123
0.140094
0.140063
0.140029
0.140024
0.140048
0.140097
0.14011
0.140279
0.140271
0.108814
0.111019
0.114676
0.118292
0.121493
0.124247
0.126588
0.128564
0.130226
0.131621
0.132795
0.133783
0.134619
0.135327
0.135931
0.136446
0.136889
0.13727
0.1376
0.137885
0.138133
0.138349
0.138539
0.138708
0.138859
0.138996
0.139121
0.139238
0.139348
0.139454
0.139559
0.139664
0.139765
0.139858
0.139937
0.140001
0.14005
0.140086
0.140112
0.140128
0.140138
0.140144
0.140147
0.140148
0.140148
0.140147
0.140145
0.140143
0.14014
0.140136
0.14013
0.140121
0.14011
0.140095
0.140077
0.140055
0.140029
0.139999
0.139972
0.139972
0.140003
0.140042
0.140073
0.140102
0.140134
0.140165
0.140197
0.140223
0.140239
0.14025
0.140259
0.140273
0.140303
0.140357
0.140416
0.140425
0.140376
0.140398
0.140569
0.140359
0.11191
0.11356
0.124025
0.147987
0.185193
0.229535
0.272685
0.308024
0.332617
0.347687
0.357118
0.364198
0.360308
0.33725
0.292969
0.234741
0.178362
0.139802
0.123969
0.123413
0.127729
0.131402
0.133494
0.134689
0.135566
0.136293
0.136876
0.137332
0.137731
0.138109
0.138453
0.138754
0.139009
0.139222
0.139402
0.139554
0.139681
0.139789
0.139882
0.139967
0.14005
0.140128
0.140194
0.140242
0.140273
0.140292
0.140303
0.140312
0.140318
0.140322
0.140325
0.14033
0.140334
0.140337
0.140338
0.140337
0.140335
0.140331
0.140327
0.140321
0.140314
0.140305
0.140295
0.14028
0.140261
0.140238
0.140214
0.140194
0.140176
0.140153
0.140127
0.140097
0.140066
0.140031
0.140024
0.140047
0.140096
0.140108
0.140285
0.140278
0.113998
0.117173
0.120272
0.123005
0.125367
0.127398
0.129137
0.13062
0.131884
0.13296
0.133877
0.134662
0.135334
0.135912
0.13641
0.136841
0.137214
0.137539
0.137823
0.138071
0.138288
0.13848
0.13865
0.138802
0.138941
0.139067
0.139185
0.139295
0.139401
0.139504
0.139607
0.139709
0.139805
0.139891
0.139964
0.140022
0.140066
0.140098
0.14012
0.140134
0.140142
0.140147
0.14015
0.14015
0.14015
0.140149
0.140147
0.140144
0.140141
0.140137
0.14013
0.140122
0.14011
0.140094
0.140075
0.140053
0.140026
0.139995
0.139968
0.139973
0.140007
0.140046
0.140077
0.140107
0.140138
0.140171
0.140202
0.140228
0.140243
0.140254
0.140263
0.140278
0.140311
0.140367
0.140425
0.14043
0.14038
0.140412
0.140584
0.140359
0.117157
0.114839
0.11531
0.123244
0.143643
0.177745
0.220947
0.265273
0.30339
0.331147
0.348383
0.358372
0.365838
0.36399
0.344089
0.302657
0.245416
0.187287
0.145046
0.125809
0.123638
0.12783
0.131787
0.134014
0.135154
0.135923
0.136568
0.1371
0.137535
0.137937
0.138306
0.138635
0.138915
0.13915
0.139345
0.13951
0.139647
0.139763
0.139861
0.139949
0.140034
0.140114
0.140184
0.140238
0.140273
0.140294
0.140307
0.140316
0.140322
0.140326
0.14033
0.140334
0.140339
0.140342
0.140343
0.140342
0.14034
0.140337
0.140332
0.140327
0.140319
0.140311
0.1403
0.140286
0.140267
0.140244
0.14022
0.140199
0.14018
0.140158
0.140131
0.140101
0.140069
0.140034
0.140023
0.140046
0.140096
0.140107
0.140291
0.140286
0.119918
0.122532
0.124801
0.126762
0.128462
0.129937
0.131213
0.132317
0.13327
0.134095
0.134808
0.135427
0.135965
0.136433
0.136842
0.1372
0.137513
0.137789
0.138032
0.138246
0.138436
0.138605
0.138757
0.138895
0.139022
0.13914
0.139249
0.139354
0.139456
0.139557
0.139657
0.139755
0.139845
0.139924
0.13999
0.140042
0.140081
0.140109
0.140128
0.14014
0.140147
0.140151
0.140152
0.140153
0.140152
0.140151
0.140149
0.140146
0.140143
0.140138
0.140131
0.140122
0.140109
0.140093
0.140073
0.14005
0.140022
0.13999
0.139966
0.139974
0.140012
0.14005
0.140081
0.140111
0.140144
0.140176
0.140208
0.140233
0.140248
0.140258
0.140267
0.140284
0.140318
0.140377
0.140434
0.140435
0.140384
0.140428
0.1406
0.140359
0.122789
0.120249
0.117687
0.116994
0.122251
0.138608
0.168767
0.209971
0.254996
0.295919
0.327293
0.347568
0.359513
0.367228
0.367196
0.350563
0.312424
0.256752
0.197294
0.151354
0.128267
0.123964
0.127779
0.132012
0.134443
0.135574
0.136246
0.136809
0.137299
0.137737
0.138135
0.138492
0.138802
0.139062
0.139278
0.139457
0.139607
0.139732
0.139837
0.139929
0.140015
0.140098
0.140173
0.140231
0.140271
0.140296
0.14031
0.14032
0.140327
0.140331
0.140335
0.140339
0.140344
0.140347
0.140349
0.140348
0.140346
0.140343
0.140338
0.140333
0.140326
0.140317
0.140307
0.140292
0.140274
0.14025
0.140225
0.140204
0.140185
0.140163
0.140136
0.140105
0.140073
0.140036
0.140022
0.140044
0.140095
0.140105
0.140297
0.140294
0.124907
0.126737
0.12831
0.129685
0.130892
0.131954
0.132885
0.133703
0.13442
0.135049
0.135602
0.136088
0.136516
0.136894
0.137228
0.137524
0.137786
0.138018
0.138225
0.13841
0.138576
0.138726
0.138862
0.138987
0.139103
0.139212
0.139315
0.139415
0.139513
0.139612
0.139708
0.139801
0.139885
0.139957
0.140015
0.140061
0.140096
0.14012
0.140136
0.140146
0.140151
0.140154
0.140156
0.140155
0.140154
0.140153
0.140151
0.140148
0.140144
0.140139
0.140132
0.140122
0.140108
0.140091
0.140071
0.140046
0.140017
0.139985
0.139963
0.139977
0.140017
0.140055
0.140085
0.140116
0.140149
0.140182
0.140214
0.140239
0.140253
0.140263
0.140272
0.14029
0.140327
0.140388
0.140444
0.14044
0.140389
0.140446
0.140615
0.140357
0.127273
0.125494
0.123161
0.120506
0.118846
0.121584
0.133749
0.159263
0.197425
0.242297
0.28573
0.321038
0.345266
0.35981
0.367995
0.369745
0.356475
0.322
0.268456
0.208177
0.158683
0.131421
0.124483
0.127618
0.132095
0.134784
0.135953
0.136542
0.137025
0.13749
0.137929
0.138322
0.138665
0.138956
0.139196
0.139395
0.139559
0.139695
0.139809
0.139906
0.139995
0.14008
0.140158
0.140223
0.140268
0.140297
0.140313
0.140324
0.140331
0.140337
0.14034
0.140344
0.140349
0.140353
0.140354
0.140354
0.140352
0.140349
0.140345
0.140339
0.140332
0.140323
0.140313
0.140299
0.14028
0.140256
0.140231
0.14021
0.140191
0.140168
0.14014
0.140109
0.140077
0.140039
0.140022
0.140043
0.140094
0.140103
0.140303
0.140304
0.128675
0.129897
0.130971
0.131928
0.132783
0.133544
0.134223
0.134828
0.135366
0.135846
0.136273
0.136654
0.136995
0.137299
0.137571
0.137814
0.138033
0.138228
0.138405
0.138564
0.138709
0.138841
0.138963
0.139077
0.139184
0.139285
0.139382
0.139478
0.139574
0.139668
0.139761
0.139847
0.139923
0.139988
0.14004
0.14008
0.140109
0.14013
0.140143
0.140151
0.140156
0.140158
0.140159
0.140158
0.140157
0.140155
0.140153
0.14015
0.140146
0.14014
0.140132
0.140122
0.140107
0.14009
0.140068
0.140043
0.140012
0.13998
0.139962
0.13998
0.140022
0.140059
0.14009
0.140122
0.140155
0.140188
0.14022
0.140244
0.140258
0.140267
0.140277
0.140296
0.140337
0.140399
0.140453
0.140444
0.140394
0.140466
0.140632
0.140354
0.130517
0.129405
0.12791
0.12585
0.123256
0.12096
0.121564
0.129715
0.150155
0.18422
0.227797
0.273073
0.312329
0.340993
0.358705
0.367726
0.371235
0.361398
0.330942
0.280126
0.219652
0.166932
0.13532
0.125284
0.12741
0.132047
0.135038
0.136296
0.136819
0.137229
0.137674
0.13811
0.138498
0.138826
0.139097
0.139319
0.139501
0.139651
0.139775
0.13988
0.139973
0.14006
0.140142
0.140212
0.140264
0.140297
0.140316
0.140328
0.140336
0.140342
0.140346
0.14035
0.140354
0.140359
0.140361
0.14036
0.140359
0.140356
0.140351
0.140346
0.140339
0.14033
0.14032
0.140306
0.140287
0.140263
0.140238
0.140216
0.140196
0.140173
0.140145
0.140114
0.140081
0.140042
0.140022
0.140041
0.140093
0.140101
0.140309
0.140313
0.131422
0.132238
0.132974
0.133641
0.134246
0.134794
0.135289
0.135737
0.136142
0.136508
0.136839
0.137138
0.137408
0.137653
0.137874
0.138074
0.138255
0.13842
0.13857
0.138708
0.138834
0.138952
0.139062
0.139165
0.139264
0.139359
0.139451
0.139544
0.139636
0.139726
0.139813
0.139892
0.139961
0.140018
0.140063
0.140098
0.140122
0.140139
0.14015
0.140157
0.14016
0.140162
0.140162
0.140161
0.14016
0.140158
0.140155
0.140152
0.140148
0.140141
0.140133
0.140121
0.140106
0.140088
0.140065
0.140038
0.140007
0.139975
0.139961
0.139984
0.140027
0.140064
0.140095
0.140128
0.140161
0.140195
0.140227
0.14025
0.140263
0.140272
0.140282
0.140303
0.140347
0.140412
0.140463
0.140449
0.1404
0.140487
0.140648
0.14035
0.132824
0.132124
0.131233
0.130018
0.128274
0.125886
0.123277
0.122263
0.126866
0.142164
0.171264
0.212248
0.258314
0.301113
0.334404
0.355845
0.367308
0.372295
0.365537
0.339144
0.291496
0.231453
0.175948
0.139952
0.126451
0.127197
0.131857
0.135181
0.136593
0.137093
0.137447
0.137864
0.138288
0.138662
0.138972
0.139225
0.139431
0.139598
0.139735
0.139849
0.139947
0.140038
0.140123
0.140198
0.140257
0.140296
0.140319
0.140332
0.140341
0.140347
0.140351
0.140355
0.14036
0.140364
0.140367
0.140367
0.140366
0.140363
0.140358
0.140353
0.140346
0.140337
0.140327
0.140313
0.140295
0.140271
0.140244
0.140222
0.140202
0.140179
0.140151
0.140119
0.140085
0.140045
0.140023
0.14004
0.140091
0.140098
0.140314
0.140324
0.13342
0.133973
0.134481
0.134949
0.13538
0.135776
0.13614
0.136473
0.136779
0.137058
0.137315
0.137549
0.137764
0.13796
0.13814
0.138304
0.138456
0.138595
0.138723
0.138842
0.138954
0.139058
0.139158
0.139252
0.139344
0.139433
0.139522
0.139611
0.139699
0.139785
0.139864
0.139936
0.139996
0.140046
0.140085
0.140114
0.140135
0.140148
0.140157
0.140162
0.140165
0.140165
0.140165
0.140164
0.140162
0.14016
0.140157
0.140154
0.140149
0.140142
0.140133
0.140121
0.140105
0.140085
0.140062
0.140033
0.140001
0.139971
0.139961
0.13999
0.140033
0.14007
0.140101
0.140134
0.140168
0.140202
0.140233
0.140257
0.140269
0.140277
0.140288
0.140311
0.140358
0.140425
0.140473
0.140454
0.140407
0.140511
0.140665
0.140344
0.134482
0.134023
0.13347
0.13277
0.131814
0.130399
0.128316
0.125672
0.12364
0.125351
0.135802
0.159393
0.1965
0.242002
0.287523
0.325349
0.351368
0.366274
0.372764
0.368853
0.346516
0.302407
0.243412
0.18565
0.145394
0.128166
0.127145
0.131603
0.1352
0.136776
0.137287
0.137621
0.138041
0.138466
0.138825
0.139111
0.139343
0.139532
0.139687
0.139812
0.139918
0.140012
0.140101
0.140181
0.140247
0.140293
0.14032
0.140336
0.140346
0.140353
0.140358
0.140361
0.140366
0.14037
0.140373
0.140374
0.140373
0.14037
0.140366
0.14036
0.140353
0.140345
0.140334
0.140321
0.140302
0.140279
0.140252
0.140229
0.140209
0.140185
0.140157
0.140124
0.140089
0.140049
0.140023
0.140038
0.14009
0.140096
0.14032
0.140335
0.134885
0.135265
0.135621
0.135952
0.136262
0.136551
0.136819
0.137069
0.1373
0.137515
0.137714
0.137899
0.138069
0.138227
0.138374
0.13851
0.138636
0.138754
0.138865
0.138969
0.139067
0.139161
0.139251
0.139339
0.139425
0.13951
0.139595
0.13968
0.139763
0.139842
0.139914
0.139977
0.14003
0.140072
0.140105
0.140129
0.140146
0.140157
0.140164
0.140167
0.140169
0.140169
0.140168
0.140167
0.140165
0.140163
0.14016
0.140156
0.140151
0.140143
0.140133
0.14012
0.140103
0.140082
0.140058
0.140028
0.139995
0.139967
0.139962
0.139996
0.14004
0.140075
0.140107
0.140141
0.140175
0.140209
0.140241
0.140263
0.140274
0.140283
0.140294
0.14032
0.14037
0.140439
0.140484
0.140458
0.140414
0.140536
0.140681
0.140337
0.135692
0.135381
0.135015
0.134579
0.134038
0.133306
0.132203
0.130474
0.128021
0.12546
0.125029
0.131236
0.149209
0.181427
0.224974
0.272191
0.314321
0.345422
0.364234
0.372354
0.37104
0.352653
0.312333
0.254914
0.195414
0.151134
0.1301
0.127225
0.131539
0.135489
0.137185
0.137576
0.137775
0.138156
0.138601
0.138972
0.139247
0.139456
0.139626
0.139767
0.139884
0.139984
0.140077
0.140162
0.140234
0.140287
0.140321
0.14034
0.140351
0.140359
0.140364
0.140368
0.140372
0.140377
0.14038
0.140381
0.14038
0.140378
0.140374
0.140368
0.140361
0.140353
0.140342
0.140329
0.140311
0.140287
0.14026
0.140236
0.140215
0.140192
0.140163
0.14013
0.140094
0.140053
0.140025
0.140037
0.140089
0.140093
0.140326
0.140346
0.13597
0.136236
0.136488
0.136726
0.136951
0.137163
0.137363
0.137551
0.137728
0.137894
0.13805
0.138195
0.138332
0.13846
0.13858
0.138693
0.1388
0.138901
0.138997
0.139088
0.139176
0.139261
0.139344
0.139425
0.139507
0.139588
0.139669
0.139749
0.139826
0.139898
0.139961
0.140016
0.140061
0.140096
0.140123
0.140143
0.140156
0.140165
0.14017
0.140172
0.140173
0.140173
0.140171
0.14017
0.140168
0.140165
0.140162
0.140158
0.140152
0.140144
0.140133
0.140118
0.140101
0.140079
0.140053
0.140022
0.139989
0.139963
0.139965
0.140003
0.140046
0.140081
0.140114
0.140148
0.140183
0.140217
0.140248
0.14027
0.14028
0.140288
0.140301
0.14033
0.140383
0.140453
0.140494
0.140462
0.140422
0.140564
0.140697
0.140328
0.1366
0.136385
0.136135
0.135844
0.135502
0.135089
0.134546
0.133727
0.132379
0.130275
0.127594
0.125798
0.128432
0.140729
0.166821
0.206426
0.253719
0.299806
0.336898
0.36108
0.372451
0.373714
0.359229
0.323157
0.268027
0.207083
0.158063
0.131733
0.125789
0.129857
0.134903
0.137494
0.138122
0.138163
0.138345
0.138709
0.139078
0.139362
0.139563
0.139717
0.139842
0.139951
0.140049
0.140139
0.140217
0.140279
0.140319
0.140343
0.140356
0.140365
0.14037
0.140374
0.140379
0.140383
0.140387
0.140389
0.140388
0.140386
0.140382
0.140376
0.140369
0.140361
0.140351
0.140337
0.140319
0.140296
0.140268
0.140243
0.140222
0.140199
0.14017
0.140136
0.1401
0.140058
0.140026
0.140035
0.140087
0.140091
0.140331
0.140359
0.136794
0.136982
0.137162
0.137334
0.137499
0.137656
0.137806
0.137949
0.138084
0.138213
0.138335
0.138451
0.138561
0.138665
0.138765
0.138859
0.13895
0.139037
0.139121
0.139202
0.139281
0.139359
0.139436
0.139513
0.13959
0.139667
0.139744
0.139818
0.139888
0.139951
0.140006
0.140052
0.140089
0.140118
0.14014
0.140155
0.140166
0.140172
0.140175
0.140177
0.140177
0.140176
0.140175
0.140173
0.14017
0.140168
0.140164
0.14016
0.140153
0.140144
0.140132
0.140117
0.140098
0.140075
0.140048
0.140015
0.139982
0.13996
0.139969
0.140011
0.140053
0.140088
0.140121
0.140156
0.140191
0.140225
0.140256
0.140277
0.140286
0.140294
0.140309
0.14034
0.140398
0.140469
0.140504
0.140466
0.140432
0.140595
0.140713
0.140316
0.137415
0.137274
0.137112
0.136925
0.136709
0.136457
0.136161
0.135791
0.135263
0.134403
0.132972
0.130891
0.128738
0.128479
0.133972
0.149687
0.178291
0.218311
0.263902
0.307136
0.341142
0.362741
0.370562
0.364629
0.339884
0.29534
0.238879
0.185146
0.147452
0.130021
0.127736
0.13181
0.135929
0.138012
0.138602
0.1387
0.138854
0.139127
0.139408
0.139628
0.139785
0.139905
0.140008
0.140103
0.14019
0.140262
0.140313
0.140344
0.140362
0.140372
0.140378
0.140383
0.140387
0.140392
0.140396
0.140398
0.140398
0.140396
0.140392
0.140387
0.14038
0.140371
0.140361
0.140348
0.14033
0.140307
0.140278
0.140253
0.140231
0.140207
0.140178
0.140143
0.140106
0.140063
0.140029
0.140033
0.140085
0.140088
0.140336
0.140372
0.137543
0.13767
0.137792
0.13791
0.138025
0.138135
0.138242
0.138345
0.138445
0.13854
0.138633
0.138721
0.138807
0.13889
0.13897
0.139047
0.139123
0.139197
0.139269
0.13934
0.139411
0.139482
0.139554
0.139625
0.139697
0.139768
0.139836
0.1399
0.139959
0.140011
0.140055
0.140092
0.14012
0.140142
0.140158
0.140169
0.140176
0.14018
0.140182
0.140182
0.140182
0.14018
0.140179
0.140176
0.140174
0.140171
0.140167
0.140162
0.140154
0.140144
0.140131
0.140114
0.140094
0.140069
0.14004
0.140007
0.139975
0.139958
0.139976
0.140021
0.140062
0.140096
0.14013
0.140166
0.140201
0.140235
0.140266
0.140285
0.140294
0.140302
0.140318
0.140354
0.140416
0.140487
0.140516
0.14047
0.140443
0.14063
0.140728
0.140303
0.138111
0.138025
0.137927
0.137815
0.137687
0.13754
0.137372
0.137183
0.136969
0.136702
0.136286
0.135511
0.134095
0.131925
0.129648
0.129287
0.134588
0.149799
0.177448
0.216297
0.260965
0.30388
0.338244
0.359836
0.366401
0.356816
0.327572
0.280588
0.225738
0.176898
0.144536
0.130476
0.129247
0.133083
0.136724
0.138531
0.139018
0.139082
0.139204
0.139428
0.139657
0.139831
0.139956
0.140058
0.140151
0.140234
0.140299
0.140342
0.140367
0.14038
0.140388
0.140393
0.140398
0.140402
0.140407
0.14041
0.14041
0.140408
0.140405
0.140399
0.140392
0.140384
0.140374
0.140361
0.140343
0.14032
0.140291
0.140264
0.140242
0.140217
0.140188
0.140152
0.140114
0.14007
0.140032
0.140032
0.140083
0.140086
0.14034
0.140386
0.138191
0.138271
0.13835
0.138427
0.138502
0.138577
0.13865
0.138722
0.138792
0.138861
0.138928
0.138995
0.13906
0.139125
0.139188
0.139251
0.139314
0.139377
0.139439
0.139502
0.139566
0.13963
0.139694
0.139759
0.139821
0.139882
0.139938
0.13999
0.140035
0.140074
0.140106
0.140132
0.140152
0.140166
0.140176
0.140183
0.140187
0.140189
0.140189
0.140189
0.140187
0.140186
0.140183
0.140181
0.140178
0.140175
0.14017
0.140164
0.140155
0.140143
0.140128
0.14011
0.140088
0.140061
0.14003
0.139996
0.139967
0.139959
0.139988
0.140033
0.140072
0.140107
0.140142
0.140178
0.140214
0.140248
0.140277
0.140295
0.140302
0.140311
0.14033
0.140371
0.140438
0.140508
0.140528
0.140475
0.140461
0.140672
0.140743
0.140285
0.138594
0.138538
0.138476
0.138406
0.138327
0.138238
0.138137
0.138022
0.137897
0.137766
0.137626
0.137435
0.137052
0.136197
0.134558
0.132071
0.129543
0.129169
0.134726
0.150364
0.178409
0.21746
0.262213
0.305108
0.338996
0.358585
0.361788
0.346797
0.312139
0.262644
0.209693
0.166141
0.13977
0.130032
0.13074
0.134722
0.137806
0.1391
0.139342
0.13936
0.139482
0.139684
0.139869
0.140005
0.140108
0.140198
0.140275
0.140333
0.140369
0.140388
0.140398
0.140404
0.140409
0.140413
0.140418
0.140421
0.140423
0.140421
0.140418
0.140413
0.140406
0.140397
0.140387
0.140374
0.140357
0.140334
0.140304
0.140277
0.140253
0.140228
0.140198
0.140161
0.140122
0.140077
0.140036
0.14003
0.140081
0.140083
0.140345
0.1404
0.138647
0.1387
0.138753
0.138806
0.138858
0.138911
0.138963
0.139016
0.139068
0.13912
0.139173
0.139225
0.139277
0.13933
0.139383
0.139437
0.139491
0.139546
0.139602
0.139658
0.139715
0.139772
0.139828
0.139882
0.139934
0.139982
0.140026
0.140064
0.140097
0.140125
0.140147
0.140164
0.140177
0.140185
0.140191
0.140195
0.140196
0.140197
0.140196
0.140195
0.140193
0.140191
0.140188
0.140186
0.140182
0.140178
0.140172
0.140165
0.140155
0.140141
0.140124
0.140104
0.14008
0.140051
0.140018
0.139984
0.139961
0.139964
0.140001
0.140046
0.140084
0.140119
0.140155
0.140191
0.140228
0.140261
0.140289
0.140304
0.140311
0.140321
0.140344
0.140391
0.140462
0.14053
0.140539
0.140479
0.140484
0.140716
0.140755
0.140264
0.138943
0.138904
0.138861
0.138814
0.138762
0.138704
0.138639
0.138565
0.138483
0.138392
0.1383
0.138212
0.138121
0.137961
0.13755
0.136575
0.134732
0.132037
0.129445
0.129312
0.135536
0.152205
0.181433
0.221545
0.266869
0.309216
0.341049
0.356493
0.354555
0.333258
0.293353
0.242233
0.19227
0.15493
0.135168
0.130088
0.132639
0.136502
0.138813
0.139528
0.139566
0.139581
0.139722
0.139903
0.140052
0.140161
0.140247
0.140316
0.140365
0.140393
0.140408
0.140415
0.140421
0.140425
0.140429
0.140433
0.140435
0.140435
0.140432
0.140427
0.14042
0.140411
0.140401
0.140388
0.140371
0.140348
0.140319
0.14029
0.140265
0.140239
0.140209
0.140172
0.140131
0.140085
0.14004
0.140029
0.140078
0.140081
0.140348
0.140414
0.138981
0.139019
0.139057
0.139096
0.139135
0.139175
0.139216
0.139257
0.139298
0.139341
0.139383
0.139427
0.139472
0.139517
0.139563
0.13961
0.139658
0.139707
0.139756
0.139805
0.139854
0.139901
0.139947
0.13999
0.14003
0.140066
0.140097
0.140124
0.140146
0.140164
0.140178
0.140189
0.140196
0.140201
0.140203
0.140205
0.140205
0.140204
0.140202
0.1402
0.140198
0.140196
0.140193
0.14019
0.140186
0.140181
0.140174
0.140165
0.140153
0.140138
0.140119
0.140097
0.14007
0.140039
0.140005
0.139974
0.139959
0.139974
0.140016
0.140059
0.140097
0.140132
0.140169
0.140206
0.140242
0.140275
0.140301
0.140314
0.140321
0.140333
0.14036
0.140413
0.140489
0.140551
0.140549
0.140484
0.140515
0.140763
0.140763
0.14024
0.139214
0.139184
0.139152
0.139117
0.139079
0.139038
0.138992
0.138941
0.138885
0.138821
0.138751
0.138677
0.138608
0.138555
0.138501
0.138361
0.137917
0.136835
0.13482
0.131966
0.129407
0.129723
0.137061
0.155484
0.186785
0.228607
0.274378
0.315052
0.34305
0.352855
0.344361
0.316031
0.271196
0.219708
0.174401
0.144651
0.131981
0.131188
0.134886
0.138136
0.139556
0.139786
0.139726
0.139774
0.139925
0.140079
0.140199
0.140287
0.140352
0.140394
0.140416
0.140427
0.140433
0.140437
0.140442
0.140446
0.140449
0.140449
0.140446
0.140442
0.140435
0.140426
0.140416
0.140403
0.140387
0.140364
0.140334
0.140305
0.140279
0.140252
0.140221
0.140183
0.140141
0.140093
0.140046
0.140029
0.140076
0.140078
0.14035
0.140428
0.139243
0.139273
0.139303
0.139334
0.139366
0.139398
0.139432
0.139466
0.139501
0.139537
0.139574
0.139612
0.139651
0.139691
0.139731
0.139772
0.139814
0.139855
0.139896
0.139936
0.139975
0.140012
0.140047
0.140078
0.140106
0.140131
0.140151
0.140169
0.140183
0.140193
0.140202
0.140207
0.140211
0.140213
0.140213
0.140213
0.140212
0.14021
0.140208
0.140206
0.140203
0.140201
0.140198
0.140194
0.140189
0.140183
0.140175
0.140164
0.14015
0.140133
0.140112
0.140087
0.140058
0.140025
0.139992
0.139965
0.13996
0.139987
0.140031
0.140073
0.14011
0.140146
0.140184
0.140222
0.140258
0.14029
0.140313
0.140325
0.140331
0.140345
0.140378
0.140438
0.140517
0.140573
0.140557
0.140491
0.140553
0.140812
0.140766
0.140212
0.139442
0.139417
0.139391
0.139363
0.139333
0.1393
0.139264
0.139226
0.139183
0.139137
0.139085
0.139027
0.138964
0.138903
0.138856
0.138835
0.138816
0.138689
0.138198
0.136991
0.134784
0.131777
0.12936
0.130448
0.139546
0.160637
0.194854
0.238647
0.284176
0.321763
0.344011
0.347263
0.330736
0.294782
0.245903
0.196172
0.157772
0.136761
0.130929
0.133245
0.137065
0.139327
0.13997
0.139951
0.139924
0.14002
0.140154
0.14026
0.140334
0.140385
0.140418
0.140437
0.140445
0.14045
0.140454
0.140459
0.140462
0.140463
0.140462
0.140457
0.140451
0.140442
0.140432
0.140419
0.140403
0.14038
0.140351
0.14032
0.140293
0.140265
0.140234
0.140195
0.140152
0.140102
0.140053
0.140029
0.140073
0.140075
0.140351
0.140442
0.139466
0.139491
0.139516
0.139542
0.13957
0.139598
0.139626
0.139656
0.139687
0.139718
0.13975
0.139783
0.139816
0.13985
0.139884
0.139918
0.139952
0.139984
0.140016
0.140046
0.140075
0.140101
0.140124
0.140145
0.140163
0.140179
0.140191
0.140202
0.140209
0.140215
0.140219
0.140221
0.140222
0.140222
0.140221
0.14022
0.140218
0.140216
0.140214
0.140211
0.140208
0.140205
0.140202
0.140197
0.140192
0.140184
0.140174
0.140161
0.140145
0.140126
0.140103
0.140076
0.140044
0.14001
0.139979
0.139961
0.139968
0.140004
0.140048
0.140088
0.140125
0.140162
0.1402
0.140238
0.140274
0.140305
0.140326
0.140335
0.140342
0.14036
0.1404
0.140467
0.140547
0.140594
0.140563
0.1405
0.1406
0.140862
0.140763
0.14018
0.139644
0.139623
0.1396
0.139576
0.13955
0.139523
0.139493
0.139461
0.139426
0.139389
0.139348
0.139303
0.139253
0.139198
0.13914
0.13909
0.139065
0.139075
0.139084
0.138955
0.138389
0.13701
0.134566
0.131419
0.129328
0.131753
0.143504
0.168273
0.206032
0.251541
0.295509
0.328373
0.342918
0.33784
0.312139
0.269042
0.218482
0.173741
0.14461
0.132601
0.132194
0.135803
0.138679
0.139759
0.139859
0.139837
0.139965
0.140157
0.140304
0.140384
0.140424
0.140445
0.140457
0.140463
0.140468
0.140472
0.140476
0.140478
0.140477
0.140473
0.140467
0.140458
0.140448
0.140435
0.140419
0.140397
0.140368
0.140337
0.140308
0.140279
0.140247
0.140208
0.140163
0.140112
0.14006
0.140029
0.14007
0.140071
0.140352
0.140455
0.139665
0.139686
0.139708
0.139731
0.139755
0.139779
0.139804
0.139829
0.139855
0.139881
0.139908
0.139935
0.139961
0.139988
0.140014
0.14004
0.140065
0.140088
0.140111
0.140131
0.14015
0.140166
0.140181
0.140194
0.140204
0.140213
0.14022
0.140225
0.140228
0.14023
0.140231
0.140232
0.140231
0.14023
0.140228
0.140226
0.140224
0.140222
0.140219
0.140216
0.140213
0.14021
0.140205
0.1402
0.140193
0.140183
0.140171
0.140156
0.140138
0.140117
0.140091
0.140061
0.140028
0.139995
0.139968
0.13996
0.139981
0.140021
0.140065
0.140104
0.140141
0.140179
0.140218
0.140256
0.140291
0.14032
0.140338
0.140346
0.140354
0.140377
0.140424
0.140498
0.140578
0.140614
0.140568
0.140512
0.140655
0.140911
0.140753
0.140147
0.139828
0.13981
0.139791
0.13977
0.139748
0.139724
0.139699
0.139672
0.139642
0.13961
0.139576
0.139539
0.139498
0.139454
0.139404
0.13935
0.139296
0.139256
0.139252
0.139292
0.139323
0.139166
0.138482
0.136863
0.134121
0.130912
0.129508
0.134089
0.149643
0.179101
0.220604
0.266874
0.30725
0.332687
0.337867
0.322175
0.286421
0.237878
0.189495
0.153702
0.135813
0.132462
0.135783
0.139328
0.140765
0.140665
0.140232
0.140066
0.140155
0.140305
0.140407
0.140453
0.14047
0.140478
0.140482
0.140487
0.140491
0.140494
0.140494
0.140491
0.140485
0.140477
0.140466
0.140453
0.140438
0.140417
0.140388
0.140356
0.140327
0.140295
0.140262
0.140222
0.140177
0.140124
0.14007
0.140031
0.140066
0.140067
0.140349
0.140469
0.139846
0.139864
0.139883
0.139901
0.139921
0.13994
0.13996
0.13998
0.140001
0.140021
0.140041
0.140061
0.140081
0.140099
0.140118
0.140135
0.140151
0.140166
0.14018
0.140193
0.140203
0.140213
0.140221
0.140227
0.140233
0.140237
0.140239
0.140241
0.140242
0.140242
0.140241
0.14024
0.140239
0.140237
0.140235
0.140232
0.14023
0.140227
0.140224
0.140221
0.140218
0.140213
0.140208
0.140201
0.140192
0.14018
0.140166
0.140149
0.140128
0.140104
0.140076
0.140045
0.140011
0.139981
0.139963
0.139968
0.139998
0.140042
0.140084
0.140122
0.14016
0.140199
0.140238
0.140276
0.140309
0.140335
0.140351
0.140358
0.14037
0.140399
0.140454
0.140534
0.14061
0.140631
0.140572
0.140531
0.140721
0.140958
0.140737
0.140125
0.139978
0.139963
0.139947
0.13993
0.139911
0.139891
0.139869
0.139846
0.13982
0.139792
0.139762
0.13973
0.139695
0.139657
0.139615
0.139568
0.139516
0.13946
0.139407
0.139378
0.139395
0.139463
0.139502
0.139282
0.138408
0.136449
0.133344
0.130212
0.130034
0.137851
0.158583
0.193904
0.239709
0.286507
0.322948
0.339924
0.334592
0.306384
0.259917
0.207025
0.162297
0.135455
0.126772
0.129364
0.134989
0.13893
0.140409
0.140521
0.140343
0.140295
0.140362
0.140437
0.140478
0.140492
0.140496
0.140499
0.140502
0.140506
0.140507
0.140505
0.140499
0.140491
0.140481
0.140468
0.140452
0.140431
0.140403
0.140372
0.140341
0.140308
0.140274
0.140234
0.140187
0.140134
0.140076
0.140033
0.140064
0.140065
0.140353
0.140479
0.139992
0.140007
0.140021
0.140036
0.140051
0.140066
0.140081
0.140096
0.14011
0.140124
0.140138
0.140152
0.140165
0.140177
0.140188
0.140199
0.140208
0.140217
0.140225
0.140231
0.140237
0.140241
0.140245
0.140248
0.14025
0.140251
0.140251
0.140251
0.14025
0.140249
0.140248
0.140246
0.140244
0.140242
0.140239
0.140237
0.140234
0.140232
0.140229
0.140225
0.140221
0.140216
0.140209
0.140201
0.14019
0.140177
0.140161
0.140141
0.140118
0.140091
0.140061
0.140027
0.139994
0.139968
0.13996
0.139978
0.140016
0.140059
0.1401
0.140138
0.140177
0.140216
0.140256
0.140293
0.140325
0.140349
0.140361
0.140368
0.140383
0.140418
0.140481
0.140566
0.140639
0.140645
0.140572
0.140545
0.140783
0.141
0.14071
0.1401
0.140151
0.140142
0.140133
0.140122
0.140111
0.140099
0.140085
0.14007
0.140053
0.140035
0.140014
0.139992
0.139967
0.139939
0.139909
0.139876
0.139839
0.139797
0.139748
0.139695
0.139646
0.139623
0.139654
0.139742
0.139815
0.139637
0.138806
0.136901
0.133892
0.130989
0.131116
0.138905
0.158372
0.19029
0.230616
0.271003
0.302528
0.317
0.31151
0.285962
0.24613
0.203093
0.168013
0.146695
0.137967
0.136802
0.138222
0.13953
0.140122
0.140287
0.140345
0.140406
0.140466
0.140503
0.140521
0.140527
0.140531
0.140534
0.140536
0.140536
0.140532
0.140524
0.140514
0.140501
0.140485
0.140465
0.140438
0.140407
0.140375
0.14034
0.140303
0.140261
0.140214
0.140156
0.140096
0.140041
0.140062
0.140059
0.140335
0.140503
0.140159
0.140167
0.140176
0.140184
0.140192
0.140199
0.140207
0.140214
0.140221
0.140227
0.140234
0.140239
0.140245
0.140249
0.140254
0.140258
0.140261
0.140263
0.140266
0.140267
0.140268
0.140269
0.140269
0.140269
0.140268
0.140267
0.140266
0.140264
0.140262
0.14026
0.140258
0.140256
0.140254
0.140251
0.140249
0.140246
0.140243
0.140239
0.140235
0.14023
0.140224
0.140216
0.140206
0.140194
0.140179
0.140162
0.140142
0.140118
0.140091
0.140061
0.140029
0.139999
0.139975
0.139966
0.139977
0.14001
0.140052
0.140094
0.140134
0.140173
0.140212
0.140252
0.140291
0.140327
0.140355
0.140373
0.140383
0.140393
0.140419
0.140469
0.140546
0.140632
0.140685
0.140658
0.140579
0.14062
0.140914
0.14105
0.140676
0.140111
)
;

boundaryField
{
    inlet
    {
        type            freestream;
        freestreamValue uniform 0.14;
        value           nonuniform List<scalar> 
134
(
0.14
0.14
0.14
0.14
0.14
0.14
0.14
0.14
0.14
0.14
0.140015
0.140031
0.14005
0.140068
0.140086
0.140104
0.14012
0.140135
0.14015
0.140163
0.14
0.140175
0.140185
0.140195
0.140202
0.140208
0.140213
0.140217
0.140221
0.140223
0.140225
0.140226
0.140227
0.140227
0.140227
0.140227
0.140228
0.14023
0.140234
0.140237
0.14
0.14
0.14
0.14
0.14
0.14
0.14
0.140238
0.14024
0.140242
0.140246
0.140249
0.140254
0.140259
0.140265
0.140271
0.140278
0.140286
0.140294
0.140304
0.140313
0.140324
0.140335
0.140346
0.140359
0.140372
0.140386
0.1404
0.140414
0.140428
0.140442
0.140455
0.140469
0.140479
0.140503
0.14
0.14
0.14
0.14
0.14
0.14
0.14
0.14
0.14
0.14
0.14
0.14
0.14
0.14
0.14
0.14
0.14
0.14
0.14
0.14
0.14
0.14
0.14
0.14
0.14
0.14
0.14
0.14
0.14
0.14
0.14
0.14
0.14
0.14
0.14
0.14
0.14
0.14
0.14
0.14
0.14
0.14
0.14
0.14
0.14
0.14
0.14
0.14
0.14
0.14
0.14
0.14
0.14
0.14
0.14
0.14
0.14
0.14
0.14
)
;
    }
    outlet
    {
        type            freestream;
        freestreamValue uniform 0.14;
        value           nonuniform List<scalar> 
160
(
0.140151
0.140159
0.140142
0.140167
0.140133
0.140176
0.140122
0.140184
0.140111
0.140192
0.140099
0.140199
0.140085
0.140207
0.14007
0.140214
0.140053
0.140221
0.140035
0.140227
0.140014
0.140234
0.139992
0.140239
0.139967
0.140245
0.139939
0.140249
0.139909
0.140254
0.139876
0.140258
0.139839
0.140261
0.139797
0.140263
0.139748
0.140266
0.139695
0.140267
0.139646
0.140268
0.139623
0.140269
0.139654
0.140269
0.139742
0.140269
0.139815
0.140268
0.139637
0.140267
0.138806
0.140266
0.136901
0.140264
0.133892
0.140262
0.130989
0.14026
0.131116
0.140258
0.138905
0.140256
0.158372
0.140254
0.19029
0.140251
0.230616
0.140249
0.271003
0.140246
0.302528
0.140243
0.317
0.140239
0.31151
0.140235
0.285962
0.14023
0.24613
0.140224
0.203093
0.140216
0.168013
0.140206
0.146695
0.140194
0.137967
0.140179
0.136802
0.140162
0.138222
0.140142
0.13953
0.140118
0.140122
0.140091
0.140287
0.140061
0.140345
0.140029
0.140406
0.139999
0.140466
0.139975
0.140503
0.139966
0.140521
0.139977
0.140527
0.14001
0.140531
0.140052
0.140534
0.140094
0.140536
0.140134
0.140536
0.140173
0.140532
0.140212
0.140524
0.140252
0.140514
0.140291
0.140501
0.140327
0.140485
0.140355
0.140465
0.140373
0.140438
0.140383
0.140407
0.140393
0.140375
0.140419
0.14034
0.140469
0.140303
0.140546
0.140261
0.140632
0.140214
0.140685
0.140156
0.140658
0.140096
0.140579
0.140041
0.14062
0.140062
0.140914
0.140059
0.14105
0.140335
0.140676
0.140503
0.140111
)
;
    }
    walls
    {
        type            fixedValue;
        value           nonuniform List<scalar> 
78
(
0.094572
0.0999498
0.105865
0.112223
0.119408
0.127451
0.136635
0.147051
0.158927
0.172141
0.186385
0.201244
0.215841
0.229289
0.240879
0.249606
0.255182
0.257951
0.258298
0.256751
0.253543
0.248949
0.243121
0.236405
0.229327
0.222236
0.215085
0.207633
0.199652
0.191049
0.181668
0.170819
0.15863
0.144705
0.119075
0.0932461
0.116446
0.134812
0.0969946
0.0892749
0.0830154
0.0753501
0.0646224
0.051796
0.0500893
0.0500151
0.0617503
0.0717533
0.0800241
0.0877124
0.0955201
0.103657
0.11209
0.120536
0.128705
0.13631
0.143174
0.149219
0.154512
0.159203
0.163484
0.167553
0.171548
0.175254
0.178368
0.180879
0.182876
0.184406
0.185393
0.185971
0.186116
0.185747
0.184842
0.183414
0.181559
0.179158
0.176585
0.173623
)
;
    }
    frontAndBack
    {
        type            empty;
    }
}


// ************************************************************************* //
