/*--------------------------------*- C++ -*----------------------------------*\
  =========                 |
  \\      /  F ield         | OpenFOAM: The Open Source CFD Toolbox
   \\    /   O peration     | Website:  https://openfoam.org
    \\  /    A nd           | Version:  12
     \\/     M anipulation  |
\*---------------------------------------------------------------------------*/
FoamFile
{
    format      ascii;
    class       volScalarField;
    location    "100";
    object      omega;
}
// * * * * * * * * * * * * * * * * * * * * * * * * * * * * * * * * * * * * * //

dimensions      [0 0 -1 0 0 0 0];

internalField   nonuniform List<scalar> 
10720
(
0.957374
0.958266
0.957245
0.961582
0.963464
0.965522
0.968583
0.971454
0.974333
0.977487
0.980281
0.983009
0.985984
0.988783
0.991694
0.994897
0.998421
1.00251
1.0076
1.01412
1.02422
2.44397
87.8929
120.692
159.132
191.547
206.258
217.102
227.903
232.899
231.618
225.003
211.016
192.085
170.161
146.363
128.459
144.627
165.008
0.957998
0.960339
0.958471
0.962425
0.965998
0.970194
0.979472
0.989638
0.99794
1.00633
1.01516
1.024
1.03286
1.0416
1.05055
1.05982
1.06949
1.07975
1.09089
1.103
1.1162
1.13076
1.14676
1.16358
1.18101
1.19915
1.22779
46.688
69.889
86.8287
98.7318
106.337
110.36
111.51
110.447
107.745
103.756
98.6591
91.244
4.01945
4.04305
4.08057
4.12457
4.17036
4.22526
4.28561
4.34832
4.41676
4.48783
4.5616
4.63977
4.70461
4.74702
4.75785
4.73252
4.67645
4.60775
4.55677
4.58579
4.80503
8.14914
190.327
277.718
261.105
183.562
149.165
135.355
126.909
119.96
113.01
105.265
95.9626
86.0154
75.7842
67.0567
66.3782
68.6734
54.3783
3.99344
3.9787
3.95599
3.94132
3.92916
3.92135
3.93803
3.97087
4.00671
4.04782
4.09425
4.14392
4.1955
4.24946
4.30333
4.35778
4.41236
4.46788
4.52511
4.58606
4.65194
4.73056
4.82467
4.94192
5.08871
5.26928
5.50051
7.75931
12.6291
19.3211
26.92
34.6839
42.1541
49.1949
56.0086
63.5289
72.3491
83.5988
101.653
3.3061
3.31016
3.31721
3.32581
3.3355
3.34739
3.36109
3.37634
3.39413
3.4142
3.43721
3.46383
3.49495
3.53181
3.58345
3.65608
3.75102
3.8663
3.99685
4.14585
4.35282
5.728
83.7471
184.74
263.398
258.607
219.183
169.984
138.598
120.676
107.192
94.8932
83.1625
72.1803
62.1767
53.7804
52.4838
52.023
38.3966
3.30223
3.30089
3.29875
3.29911
3.30113
3.30576
3.32088
3.33653
3.35445
3.37327
3.39211
3.41041
3.42798
3.45365
3.48612
3.52452
3.56854
3.61831
3.67424
3.73199
3.78069
3.82668
3.87461
3.92628
3.98015
4.03798
4.10466
4.18388
4.29909
4.56594
5.24197
6.55616
8.6337
11.4664
14.9699
19.0532
23.8333
29.9931
34.5631
3.1627
3.16655
3.1722
3.17888
3.18657
3.19556
3.20546
3.21612
3.2276
3.23956
3.25325
3.26876
3.28616
3.30561
3.32767
3.35731
3.39849
3.45738
3.5454
3.67793
3.87697
4.50475
30.1513
83.6573
153.911
209.071
231.891
215.513
184.505
152.089
126.381
111.061
96.1522
80.1342
65.2531
51.917
47.5843
45.2533
34.9432
3.15947
3.15754
3.15582
3.15584
3.1581
3.16482
3.17855
3.1927
3.21133
3.2333
3.25823
3.28599
3.31677
3.35076
3.3881
3.42925
3.47457
3.52463
3.58006
3.64171
3.71036
3.78522
3.86664
3.95646
4.02822
4.08147
4.12219
4.15453
4.18052
4.20069
4.21865
4.25096
4.33721
4.54612
4.98257
5.79563
7.1954
9.83883
11.2538
3.11914
3.12325
3.1292
3.13609
3.14417
3.15369
3.16428
3.17608
3.18916
3.20344
3.21909
3.23623
3.25499
3.27561
3.29834
3.32384
3.35316
3.38866
3.43594
3.50665
3.62337
3.91621
13.4167
37.3429
75.753
120.302
161.781
186.368
188.232
172.823
149.87
127.186
112.165
94.3662
77.2433
60.4112
47.3253
42.3401
38.5842
3.11588
3.11378
3.11214
3.11207
3.11462
3.12331
3.13681
3.15194
3.16988
3.19086
3.21466
3.24117
3.27062
3.30317
3.33895
3.37844
3.42196
3.47008
3.52338
3.5827
3.64751
3.69986
3.743
3.77663
3.79923
3.81106
3.81415
3.81104
3.80408
3.79548
3.78759
3.78256
3.78027
3.78336
3.80185
3.86264
4.02625
4.55726
5.01807
3.09199
3.09691
3.10379
3.11147
3.12035
3.13068
3.14205
3.1546
3.16845
3.18348
3.1999
3.21781
3.23735
3.25877
3.2823
3.30832
3.33727
3.3698
3.40772
3.45558
3.5251
3.66529
7.09773
18.0921
38.2386
64.5251
93.94
121.592
141.635
149.636
144.571
130.782
116.979
103.425
87.0408
69.6245
54.4982
45.4794
42.0236
3.08793
3.085
3.08246
3.08115
3.0825
3.09059
3.10205
3.11609
3.13296
3.15287
3.17553
3.20081
3.22894
3.26007
3.29432
3.33216
3.37394
3.42014
3.47138
3.52843
3.5922
3.66158
3.72156
3.76677
3.79727
3.81406
3.81963
3.81629
3.8057
3.78913
3.76733
3.73945
3.70563
3.66683
3.62455
3.58234
3.54946
3.58194
3.64352
3.06673
3.07238
3.08007
3.08843
3.09801
3.10904
3.12106
3.13428
3.14879
3.16449
3.1816
3.20025
3.22055
3.24278
3.26719
3.29407
3.32392
3.35704
3.39419
3.43694
3.48988
3.57098
4.64892
9.19295
19.5488
35.1481
53.5943
72.6226
90.4299
104.911
113.003
113.297
106.122
98.1191
89.7691
76.0839
61.2675
49.2977
45.333
3.06195
3.05826
3.05491
3.0524
3.05269
3.05976
3.06973
3.0827
3.09854
3.11738
3.13891
3.16297
3.18978
3.21946
3.25216
3.28834
3.32831
3.37257
3.4217
3.47646
3.53762
3.58973
3.62927
3.65735
3.67413
3.68027
3.67741
3.6672
3.6509
3.62946
3.6038
3.57556
3.5451
3.51227
3.47689
3.43942
3.40076
3.37446
3.36703
3.04251
3.0488
3.05721
3.06615
3.07629
3.0879
3.10046
3.11423
3.12931
3.14558
3.1633
3.18259
3.20358
3.22655
3.25176
3.27951
3.31031
3.34437
3.38224
3.4247
3.47348
3.53487
3.88784
5.55186
10.1745
18.744
30.4839
43.3239
55.6724
67.1592
77.2646
84.4693
86.9635
84.2423
80.464
76.2009
65.7691
53.2634
48.4288
3.03708
3.03269
3.02857
3.02488
3.02427
3.03003
3.03881
3.05073
3.06554
3.08332
3.1037
3.12652
3.15199
3.1802
3.21131
3.24576
3.28386
3.32609
3.37302
3.42538
3.48326
3.53256
3.56939
3.59515
3.61045
3.61594
3.61306
3.60322
3.58751
3.56662
3.54113
3.51129
3.4767
3.43779
3.39502
3.34922
3.30109
3.25777
3.22306
3.01881
3.02566
3.03467
3.04407
3.05466
3.06673
3.07972
3.09392
3.10946
3.12621
3.14443
3.16427
3.18587
3.20952
3.23548
3.26406
3.29576
3.33083
3.36972
3.41301
3.46153
3.51753
3.65864
4.25866
6.10708
10.1644
16.82
25.2816
34.172
42.5498
50.2604
57.5433
64.088
67.9066
67.6873
67.6596
65.6912
56.1981
51.0966
3.01279
3.00775
3.00291
2.99804
2.99663
3.00101
3.0087
3.01956
3.0333
3.04997
3.06918
3.09073
3.1148
3.14148
3.17093
3.20356
3.23967
3.27975
3.32432
3.37401
3.42554
3.46398
3.49121
3.50871
3.51734
3.51771
3.51103
3.49846
3.48094
3.45911
3.43344
3.40457
3.37253
3.33744
3.29937
3.25881
3.21598
3.1759
3.14186
2.99529
3.00261
3.01211
3.02186
3.03276
3.04517
3.05846
3.07299
3.08887
3.10598
3.12461
3.14491
3.16703
3.19128
3.21791
3.24725
3.27971
3.31579
3.35575
3.40012
3.44951
3.50485
3.58717
3.82447
4.54087
6.27406
9.55653
14.4168
20.3211
26.533
32.529
38.3137
44.3603
50.4342
54.8812
55.9941
59.6843
56.5353
52.6748
2.98874
2.9831
2.97757
2.9715
2.96926
2.97243
2.97899
2.98874
3.00135
3.01685
3.03481
3.05502
3.07763
3.10271
3.13038
3.16107
3.19505
3.23277
3.2747
3.32113
3.36334
3.39377
3.4141
3.4259
3.43019
3.42758
3.41904
3.40555
3.38787
3.36649
3.34176
3.31402
3.28298
3.24866
3.21126
3.17137
3.12941
3.09
3.05659
2.9717
2.97941
2.98927
2.99924
3.01036
3.02296
3.03644
3.05117
3.06728
3.08465
3.10358
3.12423
3.14676
3.1715
3.19871
3.22874
3.262
3.29905
3.34006
3.38556
3.43609
3.4922
3.55963
3.67925
3.97909
4.69122
6.16229
8.62373
12.0324
16.1157
20.5466
25.1748
30.2034
35.8815
41.7917
46.4405
48.8863
53.0643
52.201
2.96467
2.95847
2.9523
2.94504
2.94197
2.944
2.94938
2.95794
2.96934
2.98357
3.00019
3.01896
3.04
3.06334
3.0891
3.11767
3.14928
3.18435
3.22315
3.26467
3.29597
3.31707
3.32942
3.33455
3.33358
3.32709
3.31586
3.30063
3.28204
3.26048
3.23624
3.20947
3.18036
3.14868
3.11449
3.07826
3.04033
3.00472
2.97488
2.94787
2.95588
2.96597
2.97605
2.98724
2.99992
3.01346
3.02826
3.04448
3.06198
3.0811
3.10198
3.12481
3.14992
3.1776
3.20822
3.24219
3.28014
3.32219
3.36882
3.42058
3.4779
3.54254
3.62693
3.77832
4.08631
4.72238
5.86912
7.62963
9.98985
12.8622
16.207
20.1702
25.0184
30.7079
36.6297
40.9388
45.8592
49.0242
2.94043
2.9337
2.9269
2.91846
2.91461
2.91549
2.91961
2.92689
2.93698
2.94982
2.96497
2.98215
3.00145
3.02289
3.04653
3.07272
3.10164
3.13353
3.16822
3.19941
3.22054
3.23309
3.2383
3.23764
3.23228
3.22271
3.20949
3.1932
3.1743
3.15307
3.1297
3.10426
3.07688
3.04719
3.01529
2.98162
2.94666
2.91417
2.88802
2.92367
2.93187
2.94207
2.95213
2.96327
2.97588
2.98935
3.0041
3.0203
3.03779
3.05695
3.07793
3.10092
3.12627
3.1543
3.18537
3.21993
3.25854
3.30156
3.3493
3.4023
3.46097
3.52606
3.60133
3.69823
3.85307
4.14038
4.66068
5.50907
6.74889
8.41313
10.5559
13.3471
17.113
22.0585
27.9424
33.5104
36.6497
43.2058
2.91589
2.90866
2.90123
2.89163
2.88705
2.88674
2.88953
2.89541
2.90405
2.91534
2.92884
2.94423
2.96159
2.98087
3.0021
3.02551
3.05117
3.07894
3.10713
3.12622
3.1375
3.14206
3.14088
3.13523
3.12621
3.11413
3.09939
3.08233
3.06328
3.04243
3.01989
2.99568
2.97
2.94247
2.91315
2.88244
2.85081
2.82171
2.79931
2.89899
2.90729
2.91745
2.92737
2.93832
2.95073
2.96399
2.97854
2.99456
3.0119
3.03095
3.05187
3.07484
3.10027
3.12847
3.15984
3.19485
3.23395
3.27785
3.32663
3.38083
3.44085
3.50679
3.57548
3.65173
3.74905
3.89754
4.1447
4.54769
5.16422
6.0533
7.29984
9.07224
11.6958
15.5679
20.8263
26.5683
31.1716
35.6437
2.89094
2.88324
2.87518
2.86444
2.8592
2.85763
2.85897
2.86333
2.87035
2.87989
2.89149
2.90483
2.91995
2.93673
2.95509
2.97511
2.99655
3.0182
3.03392
3.04313
3.04667
3.04527
3.03957
3.03065
3.0194
3.00599
2.99063
2.97351
2.95482
2.93468
2.91313
2.89016
2.86599
2.84027
2.81303
2.78465
2.75566
2.72926
2.70984
2.87374
2.88203
2.89201
2.90167
2.9123
2.92436
2.93725
2.95145
2.96712
2.98413
3.00287
3.02353
3.04629
3.07158
3.09974
3.13119
3.16644
3.20599
3.25063
3.30034
3.35566
3.41586
3.47741
3.54114
3.60838
3.68354
3.77772
3.9112
4.11287
4.41853
4.87369
5.55008
6.58604
8.25532
10.9922
15.2521
20.5896
25.7072
28.4886
2.8655
2.85738
2.84867
2.83686
2.83094
2.82805
2.82783
2.83049
2.83571
2.84323
2.85262
2.86356
2.87604
2.88979
2.90459
2.92014
2.93559
2.94646
2.95263
2.95471
2.95305
2.94796
2.93979
2.92931
2.91717
2.90345
2.88821
2.87153
2.85352
2.83423
2.81367
2.79181
2.76889
2.74464
2.71907
2.69254
2.6656
2.64111
2.62357
2.84784
2.85603
2.86569
2.87496
2.88513
2.89667
2.90904
2.92268
2.9378
2.95427
2.97247
2.9926
3.01488
3.03975
3.06757
3.09881
3.13404
3.17379
3.21902
3.26954
3.32476
3.3803
3.43751
3.49685
3.55859
3.62402
3.69659
3.78373
3.89818
4.05872
4.29286
4.64756
5.21713
6.2027
7.98059
11.1204
15.6774
20.7279
24.0391
2.83951
2.83101
2.82161
2.80884
2.80217
2.79789
2.79599
2.79678
2.79995
2.80515
2.81191
2.81996
2.82927
2.8392
2.84928
2.85841
2.86432
2.86758
2.86835
2.8667
2.86259
2.85605
2.84718
2.8365
2.8245
2.81118
2.79654
2.78061
2.76342
2.74502
2.72538
2.70449
2.68253
2.65934
2.63492
2.60961
2.58394
2.56039
2.54343
2.82125
2.82921
2.83842
2.84717
2.85673
2.86758
2.87923
2.89211
2.90644
2.92208
2.93944
2.95872
2.98015
3.00418
3.03123
3.06182
3.09656
3.13609
3.18151
3.23113
3.28104
3.3322
3.38549
3.441
3.49868
3.55878
3.62199
3.69023
3.76806
3.86388
3.99203
4.17951
4.48344
5.03419
6.11049
8.24292
11.8199
16.4317
19.8658
2.81291
2.80409
2.79394
2.78034
2.77284
2.76711
2.76336
2.76207
2.76292
2.76538
2.76896
2.7735
2.77891
2.78366
2.78709
2.78947
2.79076
2.79082
2.78944
2.78644
2.78162
2.77488
2.76619
2.75592
2.74442
2.73171
2.71776
2.70255
2.68612
2.66846
2.64958
2.62944
2.6082
2.58574
2.56209
2.53752
2.51252
2.4892
2.47177
2.7939
2.80154
2.81015
2.81825
2.82705
2.83701
2.84772
2.85958
2.87281
2.88729
2.90341
2.92138
2.94142
2.964
2.98957
3.01873
3.05201
3.09022
3.1317
3.17511
3.22026
3.2677
3.31788
3.37053
3.42532
3.48222
3.54096
3.60134
3.66423
3.73247
3.81255
3.91852
4.08197
4.38023
4.99748
6.3496
8.94548
12.866
16.1786
2.78565
2.77656
2.76562
2.75132
2.74291
2.73561
2.72988
2.72625
2.72446
2.72367
2.72331
2.7235
2.72405
2.72477
2.72534
2.72558
2.72523
2.72405
2.7218
2.71827
2.71324
2.70657
2.69817
2.68829
2.67723
2.665
2.65156
2.63691
2.62104
2.60395
2.58563
2.56604
2.54516
2.5232
2.50003
2.47587
2.45116
2.42764
2.4091
2.76576
2.77296
2.78084
2.78815
2.79602
2.80487
2.81438
2.82491
2.83666
2.84954
2.86388
2.87986
2.89769
2.91779
2.94061
2.96676
2.99523
3.02592
3.05957
3.0972
3.13812
3.18254
3.23054
3.28145
3.33466
3.38998
3.44683
3.50428
3.56169
3.6193
3.67927
3.74818
3.84259
4.00536
4.34741
5.15821
6.91687
10.0233
13.0461
2.75769
2.74841
2.73661
2.72173
2.71232
2.70337
2.69545
2.68921
2.68439
2.68081
2.6784
2.67679
2.67568
2.67484
2.67399
2.67294
2.67146
2.66935
2.66637
2.66233
2.65701
2.65025
2.64194
2.63224
2.6214
2.60944
2.59633
2.58202
2.56652
2.54981
2.53186
2.51266
2.49215
2.47051
2.44763
2.42369
2.39903
2.37507
2.35518
2.73678
2.74345
2.75046
2.75685
2.76359
2.77109
2.7791
2.78792
2.79772
2.8084
2.82018
2.83318
2.84745
2.86322
2.88065
2.89997
2.9215
2.94558
2.97273
3.00454
3.04077
3.08156
3.12681
3.17567
3.22732
3.28148
3.33747
3.39405
3.45003
3.5045
3.55753
3.61165
3.67481
3.76975
3.95927
4.42732
5.55136
7.85518
10.466
2.72899
2.7196
2.70721
2.69276
2.68331
2.67383
2.66504
2.65767
2.65157
2.64657
2.64269
2.63963
2.6371
2.63491
2.6328
2.63058
2.62806
2.62504
2.62131
2.61669
2.61097
2.60398
2.59558
2.58587
2.57508
2.56322
2.55025
2.53612
2.52083
2.50434
2.48663
2.46766
2.44739
2.42595
2.40323
2.37938
2.35468
2.33022
2.30896
2.71372
2.71922
2.72465
2.72938
2.73421
2.7395
2.74513
2.75135
2.75833
2.76601
2.77461
2.7842
2.79487
2.8068
2.82017
2.83517
2.85208
2.87119
2.89296
2.91878
2.94897
2.98384
3.02355
3.06746
3.11492
3.16572
3.21924
3.27421
3.3292
3.38285
3.4342
3.48369
3.53476
3.59889
3.70954
3.97632
4.66371
6.27427
8.40735
2.70688
2.69799
2.68515
2.67111
2.66148
2.65143
2.64178
2.63336
2.62607
2.61978
2.61458
2.61023
2.60643
2.60304
2.5998
2.59653
2.59304
2.58917
2.58471
2.57949
2.57331
2.56599
2.55738
2.54753
2.53664
2.52474
2.51178
2.49771
2.4825
2.46611
2.44852
2.42968
2.40954
2.3882
2.36556
2.34171
2.31689
2.29192
2.2694
2.69688
2.70137
2.70543
2.70872
2.71192
2.7153
2.71889
2.72289
2.72744
2.73257
2.73843
2.74511
2.75269
2.76133
2.77118
2.78243
2.79531
2.81009
2.82714
2.84725
2.87137
2.89961
2.93231
2.9692
3.00993
3.0546
3.10287
3.15367
3.20573
3.25759
3.30792
3.35612
3.4032
3.45466
3.52768
3.68413
4.09401
5.16551
6.81788
2.69089
2.68244
2.66897
2.65531
2.64541
2.63476
2.62427
2.61484
2.60644
2.59895
2.59255
2.58704
2.58212
2.57765
2.57341
2.56919
2.56484
2.56018
2.55503
2.54921
2.54254
2.53484
2.52594
2.51585
2.50477
2.49273
2.47968
2.46556
2.45033
2.43396
2.41639
2.39759
2.3775
2.35617
2.33353
2.30962
2.28462
2.25916
2.2355
2.68507
2.68867
2.69153
2.69358
2.69536
2.69708
2.6989
2.70096
2.70342
2.70634
2.70983
2.71399
2.7189
2.72469
2.73149
2.73947
2.74884
2.75982
2.77273
2.78789
2.80666
2.82889
2.85491
2.88463
2.91794
2.95519
2.99637
3.0408
3.0876
3.13552
3.18325
3.22985
3.27526
3.32185
3.37791
3.47714
3.72211
4.40924
5.62925
2.67984
2.67181
2.65755
2.64428
2.634
2.62273
2.6114
2.601
2.59155
2.58295
2.57545
2.56889
2.56295
2.55752
2.55238
2.54732
2.54219
2.53681
2.53101
2.52462
2.51747
2.50936
2.50011
2.48972
2.47838
2.46613
2.45292
2.43867
2.42335
2.40691
2.3893
2.37046
2.35035
2.32898
2.30628
2.28227
2.25706
2.23111
2.20643
2.67738
2.68019
2.68199
2.68296
2.68347
2.68374
2.68399
2.68435
2.68497
2.68596
2.68738
2.68935
2.69192
2.69522
2.69937
2.70449
2.71077
2.71842
2.7277
2.73888
2.75298
2.76996
2.79009
2.81332
2.83966
2.86953
2.90316
2.94023
2.98022
3.02231
3.06545
3.10878
3.15181
3.19551
3.24378
3.31449
3.46638
3.89827
4.76357
2.67283
2.66521
2.65008
2.63711
2.6264
2.6145
2.60232
2.59098
2.58053
2.57088
2.56236
2.55483
2.54797
2.54167
2.53572
2.52991
2.52408
2.51805
2.51166
2.50474
2.4971
2.48858
2.47896
2.46823
2.45659
2.44407
2.43063
2.41621
2.40073
2.38417
2.36645
2.34754
2.32735
2.30589
2.28309
2.25892
2.23348
2.20708
2.18151
2.6731
2.67521
2.67607
2.67606
2.67546
2.67442
2.67328
2.67213
2.67112
2.67038
2.66998
2.67001
2.67054
2.67165
2.67345
2.67606
2.67964
2.68436
2.69043
2.69811
2.70815
2.7206
2.73567
2.75331
2.77355
2.79679
2.82334
2.85312
2.88589
2.92121
2.9584
2.99681
3.03604
3.07647
3.11989
3.17586
3.27687
3.54862
4.14425
2.66918
2.66197
2.64592
2.63314
2.62198
2.60941
2.59639
2.58412
2.57269
2.56205
2.55256
2.54413
2.53642
2.52933
2.52266
2.51616
2.5097
2.50309
2.49616
2.48874
2.48065
2.47171
2.46171
2.45062
2.43863
2.42582
2.41212
2.39747
2.3818
2.36507
2.34721
2.32816
2.30785
2.28627
2.26334
2.239
2.21331
2.18647
2.16011
2.6717
2.67318
2.67319
2.67231
2.67069
2.66846
2.66606
2.66354
2.66106
2.65879
2.65675
2.65505
2.65376
2.65293
2.65266
2.65305
2.65423
2.65635
2.6596
2.66419
2.67069
2.67922
2.68992
2.70276
2.71775
2.73523
2.75552
2.77863
2.80451
2.83297
2.86363
2.89615
2.93027
2.96625
3.00516
3.05227
3.12527
3.30036
3.70324
2.66835
2.66154
2.64455
2.63185
2.62021
2.60695
2.59308
2.57988
2.5675
2.55589
2.54549
2.53621
2.5277
2.51989
2.51255
2.50544
2.49841
2.49127
2.48385
2.47596
2.46745
2.4581
2.44772
2.43625
2.42391
2.41078
2.39679
2.38188
2.36599
2.34905
2.33101
2.3118
2.29135
2.26961
2.24652
2.22199
2.19605
2.1688
2.14176
2.67274
2.67366
2.6729
2.67122
2.66866
2.66534
2.66179
2.65801
2.65419
2.65051
2.64701
2.64375
2.64082
2.63825
2.63613
2.63453
2.63358
2.6334
2.63415
2.636
2.63941
2.64451
2.65143
2.66014
2.67063
2.68317
2.69802
2.71526
2.73493
2.75697
2.78122
2.80754
2.83588
2.86656
2.90033
2.94055
2.99702
3.11475
3.38622
2.66991
2.66351
2.64558
2.63288
2.62073
2.60675
2.59199
2.57786
2.56454
2.55199
2.5407
2.5306
2.52135
2.51286
2.50491
2.49723
2.48968
2.48205
2.47418
2.46587
2.45695
2.44723
2.43646
2.42461
2.41191
2.39844
2.38414
2.36895
2.35281
2.33565
2.3174
2.29801
2.27738
2.25548
2.23221
2.20748
2.18129
2.15365
2.126
2.67592
2.67633
2.67485
2.67242
2.669
2.66466
2.66002
2.65508
2.65001
2.64505
2.64019
2.63551
2.63108
2.62694
2.62315
2.61977
2.61691
2.61467
2.61318
2.61261
2.61325
2.61536
2.619
2.62415
2.63078
2.63908
2.64926
2.6614
2.6756
2.69187
2.71017
2.73049
2.75289
2.77781
2.80595
2.83971
2.88495
2.96814
3.15271
2.67356
2.66756
2.64868
2.6359
2.62321
2.60848
2.59282
2.57775
2.56348
2.54998
2.53783
2.52695
2.51698
2.50785
2.49932
2.49111
2.48308
2.47501
2.46672
2.45802
2.44872
2.43863
2.42749
2.41526
2.40218
2.38837
2.37376
2.35828
2.34187
2.32447
2.306
2.2864
2.26559
2.24347
2.22001
2.19508
2.16864
2.14065
2.11249
2.68098
2.68091
2.67878
2.67565
2.6714
2.66609
2.66043
2.65439
2.64815
2.64198
2.63586
2.62986
2.62407
2.61848
2.61316
2.60817
2.60358
2.59949
2.596
2.59326
2.59143
2.59091
2.59168
2.59375
2.59706
2.60171
2.60786
2.61562
2.62507
2.63626
2.64922
2.664
2.68075
2.6999
2.72219
2.74954
2.78589
2.84713
2.97494
2.67905
2.67345
2.65363
2.6407
2.62744
2.61191
2.59532
2.57928
2.56405
2.54962
2.5366
2.52495
2.51429
2.50453
2.49546
2.48676
2.47828
2.4698
2.46112
2.45205
2.4424
2.43194
2.42044
2.40783
2.39439
2.38023
2.3653
2.34952
2.33283
2.31517
2.29647
2.27665
2.25564
2.23333
2.20967
2.18453
2.15784
2.12951
2.10088
2.68774
2.68724
2.68447
2.68067
2.67563
2.66939
2.66275
2.65566
2.6483
2.64099
2.63367
2.62644
2.61937
2.61244
2.60572
2.59924
2.59308
2.5873
2.58201
2.57732
2.57339
2.57054
2.5688
2.56818
2.5686
2.57008
2.57276
2.57671
2.58203
2.58879
2.59702
2.60681
2.61834
2.63203
2.64858
2.66964
2.69817
2.74422
2.8346
2.6862
2.68099
2.66024
2.6471
2.63322
2.61687
2.5993
2.58226
2.56605
2.55067
2.53679
2.52438
2.51303
2.50268
2.49307
2.4839
2.47499
2.46612
2.45708
2.44766
2.43767
2.42688
2.41502
2.40204
2.38823
2.37372
2.35846
2.34237
2.3254
2.30747
2.28853
2.26849
2.24726
2.22476
2.2009
2.17555
2.14862
2.11997
2.09096
2.69605
2.69515
2.69178
2.68733
2.68152
2.67436
2.66677
2.65865
2.65022
2.64181
2.63335
2.62494
2.61666
2.60848
2.60045
2.59259
2.58497
2.57765
2.57071
2.56427
2.55845
2.55354
2.54959
2.54663
2.54455
2.5433
2.54297
2.54364
2.54539
2.54828
2.55237
2.55775
2.56459
2.57327
2.58444
2.59949
2.62086
2.65535
2.72025
2.69487
2.69002
2.66838
2.65496
2.64044
2.6232
2.60461
2.58655
2.56934
2.55299
2.53823
2.52505
2.51302
2.50207
2.49194
2.48231
2.47299
2.46375
2.45436
2.44461
2.4343
2.42318
2.41097
2.39762
2.38344
2.36859
2.35299
2.3366
2.31933
2.30114
2.28195
2.26167
2.24023
2.21752
2.19346
2.1679
2.14074
2.1118
2.08244
2.70582
2.70454
2.70058
2.69551
2.68893
2.68087
2.67234
2.66321
2.65372
2.64424
2.63467
2.62514
2.6157
2.60632
2.59705
2.5879
2.57892
2.57017
2.56172
2.55367
2.54614
2.53938
2.53347
2.52846
2.52421
2.5206
2.51768
2.51551
2.51416
2.51369
2.51417
2.51566
2.51834
2.52252
2.52876
2.53825
2.55304
2.57805
2.62473
2.70496
2.70047
2.67796
2.6642
2.64898
2.63081
2.61116
2.59203
2.57377
2.55643
2.54078
2.52681
2.51409
2.50255
2.49191
2.48183
2.47211
2.4625
2.45278
2.44271
2.43209
2.42065
2.4081
2.39438
2.37983
2.36462
2.3487
2.33199
2.31444
2.29597
2.27652
2.25601
2.23435
2.21143
2.18717
2.16141
2.13402
2.1048
2.07515
2.71699
2.71535
2.71081
2.7051
2.69776
2.68881
2.67933
2.66921
2.65867
2.64813
2.63748
2.62683
2.61627
2.60574
2.59528
2.5849
2.57464
2.56455
2.55469
2.54516
2.53607
2.52765
2.51999
2.51317
2.50702
2.50135
2.49616
2.49154
2.48751
2.48413
2.48146
2.47957
2.47859
2.47878
2.48061
2.48506
2.49386
2.51078
2.54374
2.71641
2.71225
2.6889
2.67475
2.65878
2.63964
2.61887
2.59861
2.57927
2.5609
2.54433
2.52957
2.51615
2.504
2.49285
2.48231
2.4722
2.46224
2.45219
2.44181
2.43087
2.41912
2.40623
2.39214
2.37722
2.36166
2.3454
2.32838
2.31053
2.29178
2.27207
2.25132
2.22944
2.20632
2.18185
2.15588
2.12828
2.0988
2.06888
2.72952
2.72753
2.72242
2.71607
2.70796
2.6981
2.68767
2.67654
2.66495
2.65335
2.64162
2.62988
2.61822
2.60655
2.59494
2.58338
2.5719
2.56053
2.54936
2.53844
2.52791
2.51797
2.50874
2.5003
2.49248
2.485
2.47786
2.47109
2.46473
2.45883
2.45343
2.44858
2.44439
2.44106
2.43899
2.43895
2.44239
2.45226
2.47435
2.7292
2.72533
2.70117
2.68657
2.6698
2.64962
2.62767
2.60624
2.58577
2.56632
2.5488
2.53322
2.51908
2.50632
2.49465
2.48366
2.47314
2.46283
2.45245
2.44176
2.43053
2.41846
2.40522
2.39076
2.37547
2.35956
2.34296
2.32562
2.30747
2.28844
2.26847
2.24748
2.22537
2.20204
2.17737
2.1512
2.12339
2.09366
2.06352
2.74339
2.74107
2.73537
2.72838
2.71949
2.70869
2.6973
2.68514
2.67248
2.65982
2.64701
2.63418
2.62141
2.60864
2.59589
2.58318
2.57051
2.55793
2.54549
2.53327
2.52139
2.51006
2.49939
2.48951
2.4802
2.47114
2.46226
2.45363
2.44524
2.43714
2.42936
2.42193
2.41495
2.40855
2.40305
2.39905
2.39774
2.40146
2.41469
2.7433
2.73968
2.71475
2.69964
2.68203
2.66074
2.63755
2.61488
2.59323
2.57266
2.55415
2.53771
2.52283
2.50944
2.49723
2.48577
2.47486
2.46419
2.45348
2.44248
2.43094
2.41856
2.40497
2.39014
2.37447
2.35819
2.34126
2.32359
2.30513
2.28582
2.26558
2.24434
2.22201
2.19847
2.1736
2.14723
2.11921
2.08924
2.05889
2.75861
2.75596
2.74967
2.74202
2.73232
2.72057
2.70818
2.69497
2.68123
2.66747
2.65356
2.63963
2.62576
2.61187
2.59801
2.58415
2.57032
2.55655
2.5429
2.52944
2.51629
2.50365
2.49167
2.48048
2.46984
2.45936
2.44897
2.43869
2.42853
2.41851
2.40865
2.39898
2.38955
2.38048
2.37198
2.36453
2.35905
2.35742
2.36325
2.75873
2.75532
2.72966
2.71398
2.69546
2.673
2.64849
2.62452
2.60162
2.57987
2.56032
2.54299
2.52734
2.5133
2.50054
2.4886
2.47727
2.46624
2.4552
2.44389
2.43204
2.41933
2.4054
2.39017
2.37412
2.35748
2.34019
2.3222
2.30343
2.28382
2.26332
2.24183
2.21926
2.19551
2.17043
2.14387
2.11565
2.08545
2.05492
2.77522
2.77223
2.76534
2.75701
2.74647
2.73373
2.72031
2.70602
2.69114
2.67628
2.66124
2.64618
2.6312
2.61618
2.60119
2.58619
2.57122
2.55628
2.54145
2.52679
2.51242
2.49855
2.48533
2.47294
2.4611
2.44936
2.43761
2.42588
2.41417
2.40247
2.3908
2.37917
2.36761
2.3562
2.3451
2.33463
2.32554
2.31927
2.31889
2.77552
2.77227
2.74592
2.7296
2.7101
2.6864
2.6605
2.63514
2.61092
2.58793
2.5673
2.54904
2.53258
2.51786
2.50452
2.4921
2.48034
2.46893
2.45755
2.44592
2.43375
2.42071
2.40642
2.3908
2.37435
2.35733
2.33968
2.32135
2.30226
2.28236
2.26158
2.23983
2.21703
2.19306
2.16779
2.14103
2.1126
2.08217
2.05147
2.79324
2.78992
2.7824
2.77336
2.76195
2.74818
2.73369
2.71827
2.70223
2.6862
2.67
2.65379
2.63766
2.6215
2.60537
2.58923
2.5731
2.55701
2.541
2.52517
2.50962
2.49457
2.4802
2.46669
2.45375
2.44087
2.4279
2.41488
2.40179
2.38861
2.37535
2.36201
2.3486
2.33515
2.32177
2.3087
2.29648
2.28621
2.2806
2.79371
2.79057
2.76356
2.74654
2.726
2.70098
2.67359
2.64677
2.62116
2.59686
2.57508
2.55584
2.53853
2.5231
2.50916
2.49622
2.48402
2.47222
2.4605
2.44853
2.43603
2.42266
2.40799
2.39196
2.37509
2.35768
2.33967
2.32099
2.30157
2.28137
2.2603
2.2383
2.21525
2.19106
2.16558
2.13862
2.11
2.07934
2.0485
2.81275
2.80909
2.80092
2.79113
2.77881
2.76396
2.74835
2.73174
2.71449
2.69726
2.67985
2.66244
2.64513
2.6278
2.61049
2.59319
2.5759
2.55864
2.54148
2.52448
2.50778
2.49159
2.47612
2.46156
2.4476
2.43367
2.4196
2.40542
2.39109
2.3766
2.36194
2.3471
2.33206
2.31685
2.3015
2.28617
2.27125
2.25754
2.24755
2.81337
2.81029
2.78266
2.76485
2.7432
2.71677
2.68779
2.65942
2.63234
2.60665
2.58366
2.56339
2.54519
2.52901
2.51444
2.50096
2.4883
2.47609
2.464
2.45168
2.43885
2.42512
2.41006
2.3936
2.37631
2.3585
2.3401
2.32106
2.30131
2.28078
2.25943
2.23715
2.21387
2.18945
2.16376
2.13659
2.10776
2.07687
2.04588
2.83383
2.82982
2.82095
2.81039
2.79711
2.78112
2.76433
2.74648
2.72794
2.70946
2.69079
2.67213
2.65359
2.63504
2.61653
2.59804
2.57956
2.56112
2.54278
2.52462
2.50678
2.48949
2.47294
2.45739
2.44247
2.42757
2.41249
2.39725
2.38181
2.36616
2.35026
2.33409
2.31763
2.30086
2.2838
2.26651
2.24927
2.23263
2.21894
2.83459
2.83149
2.80327
2.78461
2.76176
2.73382
2.70317
2.67314
2.64449
2.61734
2.59306
2.57169
2.55255
2.53558
2.52035
2.5063
2.49316
2.48053
2.46805
2.45537
2.44218
2.42808
2.41261
2.39571
2.37797
2.35974
2.34094
2.32152
2.30142
2.28057
2.25891
2.23636
2.21282
2.18817
2.16226
2.13489
2.10585
2.07473
2.04361
2.85656
2.85218
2.8426
2.83122
2.81692
2.79972
2.78168
2.76252
2.74264
2.72282
2.70283
2.68286
2.66305
2.64323
2.62347
2.60374
2.58405
2.56441
2.54487
2.52554
2.50656
2.48816
2.47057
2.45405
2.43823
2.42241
2.40639
2.39018
2.37374
2.35703
2.34002
2.32268
2.30497
2.28684
2.26829
2.24931
2.23008
2.21092
2.19416
2.85745
2.85427
2.82549
2.80589
2.78177
2.75222
2.71977
2.68798
2.65766
2.62894
2.6033
2.58077
2.56064
2.54283
2.5269
2.51225
2.49859
2.48551
2.47263
2.45957
2.44601
2.43152
2.41563
2.39825
2.38005
2.36137
2.34215
2.32235
2.30187
2.28068
2.25871
2.23587
2.21207
2.18718
2.16105
2.13346
2.10421
2.07285
2.04159
2.88105
2.87629
2.86595
2.8537
2.83833
2.81985
2.80049
2.77994
2.75863
2.73741
2.71602
2.69467
2.67351
2.65237
2.63131
2.6103
2.58934
2.56846
2.54771
2.52718
2.50704
2.48754
2.46891
2.45145
2.43475
2.41806
2.40116
2.38405
2.36668
2.34901
2.331
2.31262
2.29379
2.27448
2.25462
2.23418
2.21323
2.19193
2.1726
2.88207
2.87873
2.84944
2.8288
2.80331
2.77203
2.73767
2.704
2.67189
2.64151
2.61442
2.59066
2.56947
2.55077
2.5341
2.51882
2.50461
2.49106
2.47775
2.46429
2.45033
2.43543
2.41909
2.40122
2.38252
2.36338
2.34373
2.32351
2.30265
2.2811
2.2588
2.23566
2.21158
2.18644
2.16008
2.13227
2.10281
2.0712
2.03981
2.90744
2.90228
2.89114
2.87797
2.86145
2.84161
2.82084
2.7988
2.77598
2.75327
2.73039
2.7076
2.68502
2.66248
2.64006
2.61771
2.59543
2.57326
2.55125
2.5295
2.50818
2.48756
2.4679
2.44951
2.43196
2.41443
2.39668
2.37873
2.36049
2.34193
2.32302
2.30369
2.28388
2.26351
2.24251
2.22079
2.19837
2.17524
2.15377
2.90859
2.90502
2.87523
2.85345
2.82649
2.79337
2.75695
2.72127
2.68726
2.6551
2.62646
2.60139
2.57907
2.55943
2.54197
2.52601
2.51124
2.49718
2.48341
2.46953
2.45515
2.43982
2.423
2.40461
2.38539
2.36576
2.34564
2.32499
2.30373
2.2818
2.25916
2.2357
2.21134
2.18594
2.15934
2.1313
2.1016
2.06974
2.03821
2.93588
2.9303
2.91831
2.90415
2.88641
2.86512
2.84284
2.81922
2.79477
2.77048
2.74603
2.72169
2.69761
2.6736
2.64974
2.62598
2.60233
2.57882
2.5555
2.53249
2.50995
2.4882
2.46749
2.44817
2.42977
2.41142
2.39286
2.37409
2.35504
2.33566
2.3159
2.29571
2.27501
2.25371
2.23171
2.20887
2.18517
2.16048
2.13722
2.93715
2.93327
2.903
2.87997
2.85144
2.81633
2.77771
2.73987
2.70383
2.66977
2.63948
2.613
2.58949
2.56884
2.55054
2.53387
2.51848
2.50389
2.48964
2.4753
2.46048
2.44469
2.42736
2.40842
2.38865
2.36849
2.34789
2.32678
2.30509
2.28277
2.25977
2.23598
2.21131
2.18564
2.15879
2.13051
2.10057
2.06845
2.03678
2.96654
2.9605
2.94761
2.9324
2.91336
2.8905
2.86661
2.8413
2.81511
2.78912
2.763
2.73701
2.71134
2.68576
2.66039
2.63515
2.61005
2.58513
2.56045
2.53612
2.51233
2.48941
2.46763
2.44737
2.42813
2.40897
2.38961
2.37005
2.35022
2.33006
2.30953
2.28854
2.26703
2.24489
2.22199
2.19819
2.17337
2.14733
2.1226
2.96794
2.96369
2.9329
2.90853
2.8783
2.84106
2.80007
2.75992
2.72169
2.6856
2.65354
2.62556
2.60076
2.57904
2.55984
2.54241
2.52637
2.5112
2.49644
2.48162
2.46633
2.45005
2.43218
2.41265
2.39229
2.37159
2.35046
2.32887
2.30673
2.284
2.26061
2.23647
2.21149
2.18553
2.15841
2.12988
2.09969
2.0673
2.03548
2.9996
2.99309
2.97923
2.9629
2.94245
2.91792
2.89229
2.86516
2.83712
2.80931
2.78139
2.75365
2.72627
2.69904
2.67205
2.64524
2.61862
2.59222
2.56611
2.54041
2.51532
2.49119
2.46831
2.44709
2.427
2.40703
2.38688
2.36655
2.34596
2.32505
2.30377
2.28205
2.25979
2.23689
2.21319
2.18852
2.16274
2.13553
2.10956
3.00114
2.9965
2.9651
2.9393
2.90723
2.8677
2.82417
2.78152
2.74094
2.70267
2.66871
2.63913
2.61296
2.59009
2.56993
2.55168
2.53494
2.51916
2.50385
2.48851
2.47272
2.45591
2.43747
2.41731
2.39634
2.37504
2.35337
2.33126
2.30865
2.28547
2.26168
2.23718
2.21186
2.1856
2.1582
2.1294
2.09895
2.06627
2.03431
3.0353
3.02829
3.0134
2.99586
2.9739
2.94756
2.92006
2.89097
2.86093
2.83117
2.80132
2.7717
2.7425
2.7135
2.68479
2.65632
2.62808
2.60012
2.5725
2.54536
2.51891
2.49352
2.4695
2.4473
2.42634
2.40556
2.38461
2.36352
2.34218
2.32055
2.29856
2.27614
2.25318
2.22958
2.20516
2.17972
2.15308
2.12485
2.09786
3.03697
3.03191
2.9998
2.97247
2.93843
2.89642
2.85013
2.80481
2.7617
2.72108
2.68508
2.65378
2.62613
2.60203
2.58084
2.56171
2.54422
2.5278
2.51189
2.496
2.47967
2.46231
2.44325
2.42242
2.40078
2.37887
2.35661
2.33395
2.31083
2.28719
2.26297
2.23808
2.21241
2.18583
2.15813
2.12906
2.09833
2.06534
2.03323
3.07389
3.06633
3.05034
3.0315
3.00791
2.97962
2.9501
2.91889
2.88669
2.85483
2.82291
2.79127
2.76013
2.72923
2.69869
2.66844
2.63848
2.60886
2.57966
2.551
2.52312
2.49641
2.47121
2.448
2.42615
2.40453
2.38278
2.36092
2.33884
2.31649
2.29382
2.27072
2.24711
2.22285
2.19777
2.17162
2.14422
2.11509
2.08723
3.0757
3.07018
3.03725
3.00828
2.9721
2.92741
2.87815
2.82993
2.7841
2.74094
2.70275
2.66958
2.64035
2.61492
2.59263
2.57256
2.55427
2.53714
2.52061
2.50412
2.48721
2.46925
2.44953
2.42799
2.40564
2.38306
2.36018
2.33694
2.31328
2.28914
2.26447
2.23916
2.21312
2.1862
2.1582
2.12883
2.09781
2.0645
2.03223
3.11565
3.10752
3.09034
3.0701
3.04474
3.01434
2.98263
2.94912
2.91459
2.88046
2.8463
2.81249
2.77925
2.74632
2.71382
2.68167
2.64989
2.61851
2.58762
2.55735
2.52797
2.49988
2.47345
2.44917
2.42641
2.40394
2.38137
2.35872
2.3359
2.31284
2.28949
2.26574
2.2415
2.21661
2.19091
2.16413
2.13603
2.10609
2.0775
3.11761
3.11158
3.07774
3.04698
3.00849
2.96088
2.90841
2.85705
2.80827
2.76237
2.72181
2.68664
2.65569
2.62884
2.60536
2.58427
2.56512
2.54723
2.53002
2.5129
2.49536
2.47676
2.45634
2.43403
2.41093
2.38763
2.36408
2.34023
2.31599
2.29133
2.26617
2.24042
2.21399
2.18671
2.15838
2.1287
2.09737
2.06373
2.03128
3.16092
3.15218
3.13372
3.11196
3.08468
3.05198
3.01789
2.9819
2.94484
2.90824
2.87166
2.83551
2.80001
2.7649
2.73029
2.69612
2.66238
2.62912
2.59644
2.56447
2.5335
2.50395
2.47622
2.45085
2.42713
2.40377
2.38035
2.35691
2.33334
2.30957
2.28553
2.26114
2.23628
2.2108
2.18451
2.15713
2.1284
2.09773
2.06851
3.16302
3.15645
3.12157
3.08888
3.04786
2.99709
2.94112
2.88636
2.83438
2.78552
2.74238
2.70504
2.67225
2.64385
2.61908
2.5969
2.57682
2.55812
2.54017
2.52236
2.50415
2.48485
2.46368
2.44055
2.41663
2.39258
2.36832
2.3438
2.31895
2.29372
2.26805
2.24184
2.21499
2.18733
2.15865
2.12865
2.097
2.063
2.03038
3.21007
3.20067
3.18084
3.15743
3.12806
3.09286
3.05617
3.01747
2.97765
2.93838
2.89919
2.86049
2.82257
2.7851
2.74823
2.71187
2.67604
2.64078
2.60618
2.57241
2.53974
2.50866
2.47956
2.45303
2.42832
2.40403
2.37974
2.35548
2.33113
2.30664
2.28192
2.25689
2.23142
2.20536
2.17851
2.15056
2.12123
2.08988
2.06012
3.21233
3.20514
3.16911
3.13432
3.09054
3.03631
2.97653
2.91807
2.86261
2.81053
2.7646
2.72491
2.6901
2.66003
2.63387
2.61051
2.58941
2.56983
2.55109
2.53254
2.51361
2.49356
2.47157
2.44756
2.42277
2.3979
2.37288
2.34765
2.32215
2.29632
2.27011
2.24341
2.2161
2.18805
2.159
2.12865
2.09667
2.0623
2.0295
3.26354
3.25344
3.23213
3.20691
3.17526
3.13732
3.09779
3.05613
3.01331
2.97113
2.92909
2.88764
2.84708
2.80706
2.76775
2.72905
2.69098
2.65356
2.61692
2.58122
2.54676
2.51405
2.48351
2.45575
2.42999
2.40474
2.37955
2.35443
2.32929
2.30405
2.27863
2.25295
2.22688
2.20025
2.17285
2.14435
2.11445
2.08247
2.05222
3.26595
3.25811
3.22077
3.18367
3.13688
3.07887
3.01493
2.95243
2.89319
2.83759
2.78861
2.74635
2.70935
2.67747
2.64979
2.62514
2.60295
2.58242
2.56282
2.54346
2.52374
2.50289
2.48002
2.45506
2.42933
2.40358
2.37775
2.35177
2.32557
2.2991
2.2723
2.24508
2.21731
2.18883
2.1594
2.12868
2.09634
2.06158
2.0286
3.32184
3.31099
3.28806
3.26087
3.22672
3.18577
3.14313
3.09822
3.05212
3.00677
2.96162
2.91717
2.87375
2.83098
2.78903
2.7478
2.7073
2.66758
2.62875
2.59099
2.55462
2.52017
2.48809
2.45905
2.43218
2.40592
2.37978
2.35378
2.3278
2.30179
2.27567
2.24933
2.22264
2.19544
2.16749
2.13846
2.10801
2.07542
2.04473
3.3244
3.31582
3.27702
3.2374
3.18728
3.12513
3.05663
2.98972
2.92633
2.86688
2.81457
2.76949
2.7301
2.69623
2.6669
2.64085
2.61747
2.5959
2.57536
2.55514
2.53456
2.51284
2.48901
2.46303
2.4363
2.40961
2.3829
2.35611
2.32917
2.30202
2.27461
2.24683
2.21856
2.18963
2.1598
2.1287
2.09599
2.06083
2.02764
3.38555
3.37389
3.3492
3.31985
3.28294
3.23868
3.19261
3.14414
3.09444
3.0456
2.99706
2.94935
2.90281
2.85705
2.81223
2.76826
2.72516
2.68295
2.64177
2.6018
2.56338
2.52708
2.49338
2.46296
2.43493
2.4076
2.38046
2.35353
2.3267
2.29989
2.27303
2.24601
2.21869
2.19091
2.16242
2.13285
2.10187
2.06868
2.03759
3.38825
3.37886
3.33841
3.29601
3.24224
3.17551
3.102
3.03025
2.9623
2.89862
2.84263
2.79447
2.75246
2.7164
2.68527
2.65769
2.63301
2.6103
2.58875
2.56758
2.54608
2.5234
2.49855
2.47146
2.44365
2.41595
2.38831
2.36066
2.33292
2.30505
2.27698
2.24861
2.21981
2.19041
2.16016
2.12866
2.09556
2.05997
2.02659
3.45536
3.44281
3.4162
3.38448
3.34452
3.29659
3.24674
3.19434
3.14067
3.08802
3.03575
2.98447
2.93452
2.8855
2.83757
2.79063
2.7447
2.69981
2.65609
2.61375
2.57314
2.53486
2.49942
2.46755
2.43828
2.40982
2.38162
2.35372
2.32598
2.29834
2.27071
2.24299
2.21504
2.18666
2.15761
2.12751
2.09599
2.06221
2.03073
3.45819
3.44789
3.4056
3.36012
3.30228
3.23051
3.15147
3.07439
3.00141
2.93304
2.873
2.82142
2.77651
2.73806
2.70494
2.67569
2.64958
2.62564
2.60298
2.58077
2.55827
2.53457
2.50861
2.48032
2.45134
2.42256
2.39392
2.36535
2.33676
2.30812
2.27936
2.25037
2.22102
2.19112
2.16042
2.1285
2.095
2.05898
2.02539
3.53205
3.51856
3.48984
3.45548
3.41214
3.36015
3.30611
3.24935
3.1913
3.13443
3.07807
3.02287
2.96919
2.9166
2.86527
2.8151
2.76609
2.71829
2.67184
2.62694
2.58397
2.54357
2.50627
2.47285
2.44227
2.41262
2.3833
2.35437
2.32568
2.29717
2.26874
2.24029
2.21167
2.18268
2.15307
2.12242
2.09036
2.05598
2.02414
3.535
3.5237
3.47932
3.43041
3.36806
3.29069
3.20553
3.12255
3.044
2.97042
2.90586
2.85048
2.80237
2.76127
2.72597
2.69487
2.6672
2.64191
2.61804
2.59471
2.57112
2.5463
2.51913
2.48957
2.45933
2.42939
2.39968
2.37012
2.34064
2.31119
2.28169
2.25204
2.22211
2.19169
2.16052
2.12817
2.09425
2.05777
2.02398
3.61657
3.60205
3.57102
3.53373
3.48661
3.4301
3.37138
3.30979
3.24687
3.18534
3.12447
3.06494
3.00716
2.95065
2.8956
2.84189
2.78953
2.73857
2.68914
2.64148
2.59597
2.55329
2.51401
2.47893
2.44696
2.41603
2.38553
2.35551
2.32582
2.29638
2.26712
2.23791
2.2086
2.17898
2.14878
2.11758
2.08496
2.04998
2.01778
3.61964
3.60719
3.56046
3.50771
3.44032
3.35671
3.26474
3.17522
3.09045
3.01103
2.9414
2.88179
2.83011
2.78608
2.74837
2.71524
2.68587
2.6591
2.63391
2.60935
2.58457
2.55855
2.53008
2.49913
2.46755
2.43638
2.40552
2.37492
2.34449
2.31417
2.2839
2.25356
2.22302
2.19206
2.1604
2.1276
2.09324
2.0563
2.02229
3.71005
3.6944
3.66082
3.62024
3.56891
3.50731
3.44338
3.37638
3.30805
3.24134
3.17545
3.11114
3.04884
2.988
2.92886
2.87126
2.81522
2.7608
2.70814
2.65747
2.60922
2.56409
2.52267
2.48583
2.45236
2.42008
2.38832
2.35715
2.32641
2.29601
2.26586
2.23585
2.20582
2.17555
2.14475
2.11297
2.07979
2.04419
2.01163
3.71319
3.69946
3.65007
3.59299
3.51994
3.42934
3.32977
3.23296
3.14119
3.05518
2.97985
2.91549
2.85982
2.81254
2.77216
2.7368
2.70555
2.67716
2.65054
2.62464
2.59859
2.57126
2.54139
2.50897
2.47595
2.44345
2.41139
2.37968
2.34824
2.31702
2.28594
2.25488
2.22369
2.19216
2.16
2.12673
2.09193
2.0545
2.02028
3.81382
3.79695
3.76052
3.71625
3.66015
3.59285
3.52304
3.44999
3.3756
3.30311
3.23165
3.16202
3.09468
3.02904
2.96534
2.90344
2.84335
2.78513
2.72893
2.67499
2.62377
2.576
2.53229
2.49355
2.45849
2.42477
2.39169
2.3593
2.32744
2.29602
2.26496
2.23412
2.20333
2.17239
2.14096
2.10859
2.07482
2.03859
2.00567
3.81701
3.8018
3.74938
3.68742
3.60797
3.5095
3.40139
3.29642
3.19671
3.1032
3.0214
2.95168
2.89156
2.84065
2.79733
2.75952
2.72621
2.69607
2.66788
2.64055
2.61311
2.58438
2.55302
2.51901
2.48447
2.45057
2.41722
2.38435
2.35186
2.31968
2.28775
2.25593
2.22408
2.19197
2.15928
2.12553
2.09026
2.05233
2.0179
3.92949
3.91127
3.87167
3.82322
3.76173
3.68796
3.61152
3.53164
3.45043
3.37146
3.29377
3.21819
3.1452
3.07419
3.0054
2.9387
2.87411
2.81168
2.75159
2.69409
2.63963
2.58901
2.54284
2.50208
2.46532
2.43007
2.39558
2.3619
2.32887
2.29639
2.26437
2.23266
2.2011
2.16945
2.13738
2.1044
2.07004
2.03316
1.99988
3.93268
3.91579
3.85989
3.79236
3.70565
3.59827
3.48054
3.36636
3.25757
3.15543
3.06625
2.99046
2.92536
2.87043
2.82386
2.78337
2.74784
2.71578
2.68591
2.65703
2.6281
2.59788
2.56493
2.52924
2.49308
2.45771
2.42301
2.38892
2.35532
2.32215
2.28933
2.25673
2.22418
2.19146
2.15823
2.12398
2.08823
2.04979
2.01514
4.05903
4.03933
3.99615
3.94296
3.8753
3.79418
3.71019
3.62256
3.53365
3.44738
3.36266
3.28036
3.20099
3.12388
3.04935
2.97725
2.90761
2.84051
2.77613
2.71471
2.65674
2.60304
2.55423
2.5113
2.47274
2.43587
2.3999
2.36487
2.33062
2.29703
2.26401
2.23141
2.19905
2.16668
2.13395
2.10036
2.06539
2.02786
1.99422
4.06215
4.04332
3.98342
3.90951
3.81449
3.69697
3.5683
3.4437
3.32437
3.21222
3.11457
3.03193
2.96125
2.90189
2.85177
2.80836
2.7704
2.7363
2.70462
2.67408
2.64358
2.61177
2.57713
2.53967
2.50181
2.46489
2.42879
2.39342
2.35866
2.32446
2.29072
2.2573
2.22403
2.19068
2.15688
2.12211
2.08587
2.04689
2.01202
4.20484
4.1835
4.13629
4.07763
4.00289
3.91334
3.82073
3.72424
3.62656
3.53205
3.43936
3.34937
3.26266
3.17855
3.09744
3.0192
2.94388
2.87156
2.80242
2.73671
2.67492
2.61789
2.56626
2.52103
2.48055
2.44198
2.40446
2.36803
2.3325
2.29777
2.26373
2.23021
2.19704
2.16395
2.13057
2.09635
2.06079
2.02259
1.98861
4.20781
4.18672
4.12218
4.04089
3.9363
3.80717
3.66599
3.5295
3.39776
3.2739
3.16652
3.07616
2.99929
2.93506
2.88108
2.83452
2.79397
2.75767
2.72407
2.69178
2.65961
2.62613
2.58973
2.55041
2.51077
2.47223
2.43466
2.39795
2.36199
2.32671
2.29201
2.25774
2.22373
2.18971
2.15532
2.12001
2.08325
2.04371
2.0086
4.36992
4.34674
4.29494
4.22995
4.14703
4.04774
3.94517
3.83851
3.73079
3.6269
3.52504
3.4261
3.3308
3.23852
3.1498
3.06453
2.98278
2.90464
2.83024
2.75983
2.6939
2.63329
2.57865
2.53097
2.48849
2.44814
2.40899
2.37111
2.33428
2.29838
2.2633
2.22887
2.19488
2.16107
2.12705
2.09223
2.05608
2.01725
1.98295
4.37263
4.34887
4.27892
4.18902
4.07334
3.93077
3.7752
3.62505
3.47845
3.34078
3.22224
3.12323
3.03957
2.97005
2.91191
2.86198
2.81868
2.78006
2.74443
2.7103
2.67639
2.64116
2.6029
2.56164
2.52014
2.47991
2.4408
2.4027
2.36549
2.32908
2.29337
2.25822
2.22342
2.18871
2.1537
2.11782
2.0805
2.04038
2.00501
4.55805
4.53283
4.47572
4.40333
4.31084
4.20023
4.08608
3.96762
3.84832
3.73371
3.62111
3.51147
3.40589
3.30394
3.20634
3.11303
3.02404
2.93941
2.85925
2.78374
2.71334
2.64891
2.59106
2.54081
2.49622
2.45402
2.4132
2.37382
2.33566
2.29858
2.26246
2.22712
2.19233
2.15782
2.12318
2.08779
2.05108
2.01164
1.97707
4.56032
4.53337
4.45704
4.35704
4.22835
4.07015
3.89787
3.73189
3.56711
3.41313
3.2819
3.17332
3.08227
3.00709
2.94453
2.89104
2.84483
2.80377
2.76602
2.72996
2.69421
2.65715
2.61695
2.57366
2.53021
2.48821
2.44749
2.40794
2.3694
2.33181
2.29505
2.25896
2.22333
2.18789
2.15223
2.11574
2.07783
2.03706
2.00141
4.77397
4.74644
4.6832
4.60207
4.4983
4.37437
4.24661
4.11437
3.98161
3.85472
3.7291
3.60623
3.4881
3.37464
3.26676
3.16433
3.0673
2.97558
2.88918
2.80819
2.73303
2.66453
2.60328
2.55033
2.50353
2.45939
2.41685
2.37593
2.33641
2.29814
2.26097
2.22472
2.18915
2.15396
2.11873
2.0828
2.04558
2.00557
1.97077
4.77559
4.74486
4.66092
4.54887
4.40482
4.22823
4.03639
3.85193
3.66436
3.49116
3.34573
3.22675
3.12782
3.04663
2.9794
2.92217
2.8729
2.82927
2.78929
2.7512
2.71354
2.67454
2.6323
2.58686
2.54137
2.4975
2.45508
2.41399
2.37406
2.33522
2.29734
2.26025
2.22374
2.18751
2.15114
2.11399
2.07545
2.034
1.99802
5.02389
4.99375
4.92333
4.83171
4.7145
4.57478
4.43087
4.28233
4.13378
3.9928
3.85052
3.71066
3.57709
3.4501
3.33059
3.21813
3.11242
3.01314
2.92012
2.83335
2.75316
2.68035
2.6155
2.55966
2.51054
2.46437
2.42
2.37749
2.33654
2.29703
2.25878
2.2216
2.18524
2.14938
2.11356
2.07711
2.0394
1.99887
1.96389
5.02458
4.98918
4.89609
4.7696
4.60719
4.40875
4.19373
3.98744
3.77057
3.57513
3.41419
3.28416
3.1769
3.08939
3.01725
2.95605
2.90355
2.85721
2.81486
2.77461
2.7349
2.69386
2.64945
2.60174
2.55406
2.5082
2.46398
2.42125
2.37984
2.33966
2.30059
2.26243
2.22497
2.1879
2.15076
2.11289
2.07364
2.03143
1.99509
5.31595
5.28279
5.20381
5.09949
4.9661
4.80737
4.64402
4.47603
4.3088
4.15175
3.98619
3.82399
3.67194
3.52981
3.39778
3.27478
3.16004
3.05293
2.95307
2.8603
2.77484
2.69747
2.62873
2.56979
2.51813
2.46974
2.42339
2.37911
2.33662
2.29574
2.25631
2.2181
2.18088
2.14427
2.10782
2.07082
2.0326
1.99152
1.95637
5.31526
5.27414
5.16987
5.02575
4.84107
4.61639
4.37366
4.14132
3.88558
3.66547
3.48822
3.34662
3.23062
3.1364
3.059
2.99355
2.93758
2.88831
2.8434
2.80084
2.75892
2.71568
2.66894
2.6188
2.5688
2.52084
2.47469
2.43022
2.38723
2.34562
2.30526
2.26595
2.22746
2.18946
2.15148
2.11281
2.07278
2.02971
1.99294
5.66096
5.62435
5.53511
5.41509
5.26192
5.08004
4.89295
4.70147
4.51188
4.33672
4.13464
3.94387
3.77184
3.61428
3.46969
3.33609
3.21226
3.09724
2.99049
2.8917
2.80106
2.7193
2.64702
2.58488
2.53041
2.47941
2.43061
2.38414
2.3397
2.297
2.25606
2.21656
2.17824
2.14071
2.10348
2.06578
2.02693
1.98519
1.9498
5.65832
5.60998
5.49188
5.32595
5.11397
4.8573
4.58097
4.31715
4.00823
3.76338
3.56954
3.4158
3.29039
3.18887
3.10572
3.03561
2.97582
2.92333
2.87563
2.83054
2.78625
2.74065
2.69145
2.63875
2.58631
2.53612
2.48796
2.44164
2.39697
2.35384
2.31209
2.27154
2.23192
2.1929
2.15396
2.11437
2.07339
2.02925
1.99185
5.94673
5.90927
5.81755
5.69344
5.535
5.34682
5.15302
4.95462
4.75823
4.57937
4.33144
4.09656
3.89181
3.70923
3.54527
3.39641
3.2604
3.13559
3.02089
2.91565
2.81974
2.73373
2.65812
2.59365
2.53745
2.48501
2.43493
2.38728
2.34172
2.29795
2.25595
2.21545
2.17618
2.13775
2.09967
2.06117
2.02151
1.97891
1.94308
5.94357
5.89347
5.77243
5.60109
5.38204
5.11688
4.83123
4.55689
4.16928
3.88012
3.65816
3.48587
3.34751
3.2368
3.14692
3.07168
3.0079
2.95219
2.90178
2.85431
2.80783
2.76011
2.70874
2.65385
2.59939
2.54741
2.49765
2.44991
2.40398
2.35971
2.31695
2.27548
2.23503
2.19525
2.15562
2.11535
2.07368
2.02878
1.99094
6.29321
6.25476
6.16007
6.03105
5.86635
5.67063
5.46878
5.26208
5.05749
4.87398
4.56675
4.27624
4.03121
3.81846
3.63148
3.46474
3.31463
3.17856
3.05482
2.94225
2.84041
2.74971
2.67034
2.60298
2.54451
2.49016
2.43844
2.38938
2.34262
2.29779
2.25486
2.21353
2.17348
2.13433
2.09556
2.05636
2.01597
1.97252
1.93621
6.28937
6.23711
6.11248
5.93469
5.70721
5.4318
5.13481
4.84767
4.36011
4.01654
3.76083
3.56659
3.41311
3.29178
3.1942
3.11312
3.04481
2.98547
2.93202
2.88189
2.83298
2.78292
2.72917
2.67189
2.61522
2.56129
2.50981
2.46053
2.41322
2.36771
2.32385
2.28138
2.24003
2.19942
2.159
2.11796
2.07551
2.02968
1.9913
6.71944
6.67976
6.58151
6.44663
6.27436
6.06964
5.85802
5.64121
5.42659
5.23719
4.8516
4.48976
4.19448
3.9449
3.73035
3.54249
3.37592
3.22687
3.09277
2.97188
2.86335
2.76751
2.68392
2.61333
2.5523
2.49577
2.44213
2.39141
2.34319
2.2971
2.25309
2.21082
2.16996
2.13009
2.09066
2.05083
2.00978
1.96557
1.92885
6.71486
6.66005
6.53098
6.34528
6.10754
5.81965
5.50876
5.20591
4.58893
4.17756
3.8808
3.66042
3.48917
3.3555
3.24907
3.16134
3.08792
3.0245
2.96766
2.91459
2.86301
2.81039
2.75406
2.69419
2.63516
2.57916
2.52584
2.47494
2.42617
2.37936
2.33431
2.29077
2.24844
2.20692
2.16563
2.12373
2.08037
2.03348
1.99439
7.25323
7.21212
7.10951
6.96747
6.78603
6.57027
6.34668
6.11746
5.89045
5.69347
5.20171
4.74646
4.38748
4.0924
3.84447
3.63143
3.44554
3.28139
3.13537
3.00499
2.88899
2.78717
2.69889
2.62468
2.56082
2.50186
2.4461
2.39351
2.34367
2.29617
2.25093
2.20758
2.16579
2.12512
2.08497
2.04445
2.00274
1.95776
1.92068
7.24766
7.18975
7.05514
6.8598
6.60948
6.30621
5.97807
5.65574
4.8672
4.36985
4.02258
3.7707
3.57845
3.43043
3.31383
3.21856
3.13941
3.07147
3.01093
2.95466
2.90021
2.84488
2.78583
2.72328
2.66182
2.6037
2.54853
2.49598
2.44574
2.3976
2.35135
2.3067
2.26334
2.22084
2.17861
2.13574
2.09135
2.04326
2.00322
7.93641
7.89359
7.78566
7.63474
7.44202
7.21259
6.97411
6.72938
6.48686
6.27996
5.63985
5.05945
4.61822
4.26604
3.97715
3.73384
3.52503
3.34324
3.18342
3.04216
2.91792
2.80933
2.71573
2.63747
2.57042
2.50873
2.4506
2.39593
2.34428
2.29519
2.24856
2.204
2.16116
2.11957
2.0786
2.03733
1.99487
1.94906
1.91158
7.92967
7.86791
7.72632
7.51895
7.25296
6.9305
6.58062
6.23383
5.21168
4.60297
4.19254
3.90238
3.6852
3.52053
3.39238
3.2887
3.20329
3.13049
3.06603
3.00645
2.94909
2.89104
2.82935
2.76424
2.7005
2.64044
2.58359
2.52956
2.478
2.42865
2.38128
2.33558
2.29122
2.24774
2.20452
2.1606
2.11505
2.06554
2.02449
8.8349
8.78991
8.67543
8.51339
8.30652
8.05993
7.80258
7.53822
7.27587
7.0557
6.20047
5.44758
4.89777
4.47267
4.13287
3.85269
3.61647
3.41385
3.23803
3.085
2.95093
2.8346
2.73495
2.6521
2.58145
2.51671
2.45592
2.39893
2.34525
2.2944
2.24622
2.20032
2.1563
2.11367
2.07177
2.02964
1.98634
1.93959
1.90168
8.8266
8.76003
8.60949
8.38696
8.10111
7.75425
7.37656
6.99852
5.64733
4.89091
4.40029
4.06331
3.81671
3.63305
3.49216
3.37952
3.28765
3.21003
3.1418
3.07918
3.01925
2.95893
2.89512
2.82808
2.76272
2.70135
2.64341
2.58843
2.53602
2.48587
2.43772
2.39124
2.34607
2.30175
2.25761
2.21264
2.16585
2.11477
2.07236
10.0581
10.0104
9.88745
9.71126
9.48638
9.21786
8.93605
8.64625
8.3581
8.11976
6.93795
5.93919
5.24231
4.72227
4.3181
3.99238
3.72284
3.49629
3.30281
3.13515
2.98959
2.86427
2.75765
2.66951
2.59474
2.52651
2.46267
2.40303
2.34704
2.29419
2.24426
2.19682
2.15146
2.10766
2.06471
2.02159
1.97732
1.92951
1.89108
10.0478
9.97498
9.81269
9.57058
9.2592
8.88075
8.46673
8.04802
6.21377
5.25583
4.66196
4.26792
3.9875
3.78331
3.62953
3.50847
3.41099
3.32955
3.25868
3.19417
3.13292
3.07168
3.0073
2.94001
2.87469
2.81355
2.7559
2.70122
2.64906
2.59904
2.5509
2.50428
2.4588
2.41401
2.3692
2.32332
2.27532
2.2226
2.17851
11.7995
11.7484
11.6146
11.4202
11.1718
10.8745
10.5604
10.2368
9.91428
9.65022
7.94322
6.58541
5.68485
5.03906
4.55303
4.1716
3.86288
3.60592
3.38837
3.20209
3.04197
2.9053
2.78986
2.69504
2.61506
2.54238
2.4747
2.41169
2.35272
2.29738
2.24522
2.19583
2.14875
2.10343
2.05911
2.01472
1.96921
1.92006
1.88091
11.7865
11.7055
11.5277
11.2599
10.9149
10.4945
10.0319
9.55904
6.97768
5.73627
5.00906
4.5479
4.23195
4.009
3.84542
3.71943
3.61984
3.53791
3.46757
3.40429
3.34487
3.28594
3.22448
3.16054
3.09869
3.04083
2.98614
2.93408
2.88411
2.83588
2.78909
2.74342
2.69847
2.65379
2.6087
2.56213
2.51295
2.45844
2.41211
14.4323
14.3768
14.2286
14.01
13.7308
13.3952
13.0375
12.6682
12.2987
11.9969
9.40114
7.49194
6.29613
5.47305
4.87222
4.41166
4.04589
3.74731
3.49867
3.28869
3.11029
2.95953
2.83323
2.73023
2.64387
2.56578
2.49343
2.42629
2.36368
2.30533
2.25041
2.1986
2.1494
2.10218
2.05615
2.01014
1.96306
1.9122
1.87204
14.4155
14.3236
14.1248
13.8225
13.4321
12.955
12.4261
11.8796
8.06317
6.41263
5.51923
4.98927
4.64673
4.41665
4.25471
4.13425
4.04168
3.96734
3.90488
3.84949
3.79827
3.74801
3.69583
3.64158
3.58887
3.53905
3.49138
3.44521
3.40016
3.35567
3.31177
3.26807
3.22428
3.18002
3.13463
3.08704
3.03618
2.97933
2.92951
18.759
18.6981
18.5315
18.2811
17.9611
17.5737
17.1568
16.7247
16.2899
15.9317
11.6611
8.77472
7.10311
6.01543
5.25432
4.68993
4.25347
3.90486
3.61979
3.38269
3.18384
3.01758
2.87957
2.76789
2.67487
2.59119
2.51405
2.44276
2.37652
2.3151
2.25746
2.20326
2.15195
2.10286
2.05513
2.00751
1.95882
1.90623
1.86508
18.7369
18.6303
18.4032
18.0545
17.6028
17.0483
16.4278
15.7795
9.74642
7.50936
6.4428
5.87833
5.54932
5.34762
5.21625
5.12467
5.05792
5.00669
4.96489
4.92886
4.89596
4.86348
4.8296
4.79337
4.75624
4.71964
4.68262
4.64506
4.60633
4.56662
4.52582
4.48387
4.44049
4.39546
4.34829
4.29801
4.24329
4.18135
4.12442
26.7898
26.7232
26.5349
26.246
25.8761
25.4246
24.9319
24.4186
23.8974
23.4567
15.4014
10.6935
8.22938
6.73462
5.74065
5.03156
4.49955
4.08501
3.75279
3.48115
3.25653
3.07102
2.91862
2.79643
2.69546
2.60519
2.52242
2.44634
2.37598
2.31094
2.25024
2.19342
2.13986
2.08879
2.03928
1.98998
1.93961
1.88502
1.84294
26.7605
26.6351
26.3723
25.9658
25.437
24.7831
24.0424
23.2602
12.8941
9.94339
8.83897
8.37853
8.16836
8.06967
8.02048
7.99512
7.98182
7.97331
7.96849
7.96353
7.95954
7.9533
7.94539
7.93325
7.91649
7.89547
7.87067
7.84322
7.81118
7.77676
7.73883
7.69801
7.65412
7.60787
7.55781
7.50326
7.44494
7.3806
7.31583
44.7826
44.7173
44.5237
44.219
43.8263
43.3414
42.8029
42.2369
41.6538
41.1359
18.1257
2.03162
0.00267484
0.0025965
0.00252912
0.00247642
0.00243126
0.00239075
0.00235007
0.00230511
0.00224741
0.00216329
0.00204955
0.00188515
0.00174535
0.001692
0.00166391
0.00163158
0.00160283
0.00157805
0.00154329
0.00151752
0.00149686
0.00148588
0.00149188
0.00152732
0.00159342
0.0017339
0.00146729
44.7467
44.6116
44.3314
43.8947
43.3231
42.6085
41.7858
40.9053
22.4246
19.4131
18.8098
18.7334
18.7817
18.8587
18.9375
19.01
19.0751
19.1324
19.1822
19.2254
19.2621
19.2926
19.3151
19.3286
19.3368
19.3418
19.3427
19.3394
19.3313
19.3183
19.3005
19.2779
19.2502
19.217
19.1774
19.129
19.0691
18.9882
18.9233
93.2799
91.5146
81.2662
69.0341
55.9485
44.7329
40.8055
43.1791
47.8521
51.1148
51.498
48.8223
43.4596
36.1989
28.2662
23.1275
18.9884
15.3844
12.4125
10.0156
8.10821
6.62324
5.4999
4.67349
4.07775
3.64785
3.34045
3.11462
2.94176
2.80467
2.69256
2.59865
2.51879
2.45021
2.39108
2.33999
2.29582
2.25762
2.22457
2.19595
2.17111
2.14949
2.1306
2.11401
2.09934
2.08628
2.07455
2.06392
2.0542
2.04523
2.03686
2.029
2.02155
2.01446
2.00766
2.00111
1.99481
1.98871
1.98281
1.97708
1.97148
1.96594
1.96035
1.95457
1.94839
1.94165
1.93429
1.92787
1.92125
1.91449
1.90726
1.89926
1.89035
1.88065
1.87024
1.86025
1.85145
1.84461
1.82271
0.000814296
67.5052
42.5438
16.0805
6.32714
3.86561
3.30534
3.15049
3.0539
2.97939
2.90293
2.82663
2.74795
2.66915
2.59189
2.51879
2.45173
2.39191
2.33946
2.29396
2.25461
2.22064
2.19126
2.16589
2.14396
2.12502
2.10865
2.09453
2.08235
2.07185
2.06281
2.05503
2.04833
2.04256
2.0376
2.03331
2.0296
2.02639
2.02359
2.02115
2.019
2.0171
2.01541
2.0139
2.01254
2.01131
2.01019
2.00916
2.0082
2.0073
2.00644
2.00559
2.00471
2.00379
2.00276
2.00158
2.00019
1.99853
1.99656
1.99423
1.99152
1.98847
1.98515
1.98166
1.97819
1.97493
1.97212
1.97009
1.96905
1.96826
1.96878
1.97213
1.98138
2.00334
2.05243
2.16063
2.39743
2.91935
4.12155
7.31919
18.8921
55.2772
64.7539
65.982
62.41
59.1569
52.7252
44.4238
38.6161
38.0023
40.8592
43.3953
43.4017
40.3586
34.8691
28.0913
22.5494
18.6687
15.1296
12.1634
9.80921
7.97654
6.547
5.45332
4.63952
4.04793
3.61955
3.31207
3.08642
2.91414
2.77778
2.66641
2.5732
2.4939
2.42577
2.36695
2.31605
2.27198
2.23382
2.20077
2.17211
2.14723
2.12557
2.10664
2.09001
2.07532
2.06225
2.05053
2.03991
2.03022
2.02127
2.01295
2.00513
1.99774
1.9907
1.98395
1.97747
1.97122
1.96519
1.95935
1.95368
1.94814
1.94268
1.93717
1.93148
1.92543
1.91883
1.91163
1.90537
1.89886
1.8922
1.88511
1.87728
1.86856
1.85906
1.84886
1.83905
1.83033
1.82361
1.80191
0.000848072
37.6862
20.5685
8.50068
4.33338
3.3289
3.07411
2.97377
2.89858
2.83066
2.76172
2.69233
2.62245
2.55362
2.48752
2.42572
2.3695
2.3193
2.27516
2.23655
2.20294
2.17365
2.14818
2.126
2.10673
2.08996
2.07542
2.06278
2.05184
2.04236
2.03417
2.02708
2.02097
2.01567
2.01111
2.00714
2.00371
2.00072
1.99811
1.99582
1.99381
1.99202
1.99043
1.989
1.98772
1.98655
1.98549
1.98451
1.98361
1.98275
1.98192
1.9811
1.98026
1.97935
1.97835
1.97719
1.97583
1.9742
1.97226
1.96997
1.96733
1.96436
1.96112
1.95775
1.95439
1.95126
1.94859
1.94667
1.94568
1.94502
1.94572
1.94933
1.95903
1.98173
2.03211
2.14247
2.38261
2.90928
4.11883
7.32186
18.8663
34.5102
43.6645
48.6014
49.8531
48.4823
48.5059
44.7095
38.9319
34.2871
33.0505
34.7873
36.7216
36.5118
33.4487
28.2713
22.2396
18.8309
15.4499
12.4385
9.99513
8.10174
6.64008
5.52123
4.68213
4.06787
3.62249
3.30275
3.06951
2.89321
2.7548
2.64252
2.54893
2.46954
2.4014
2.34259
2.29168
2.24759
2.20937
2.17626
2.14755
2.12261
2.10089
2.08192
2.06527
2.05057
2.0375
2.02579
2.0152
2.00554
1.99664
1.98837
1.98061
1.97328
1.9663
1.95963
1.95321
1.94703
1.94107
1.93529
1.92969
1.92423
1.91883
1.91341
1.90783
1.90189
1.89544
1.8884
1.88231
1.87591
1.86937
1.86241
1.85474
1.84622
1.83693
1.82693
1.81731
1.80868
1.80208
1.78057
0.000882954
22.4408
11.4914
5.33604
3.47456
3.03391
2.89768
2.82304
2.75886
2.69716
2.63487
2.57272
2.51112
2.45152
2.39497
2.34269
2.29523
2.2529
2.21544
2.18255
2.15366
2.12838
2.10621
2.08683
2.06985
2.05505
2.04211
2.03085
2.02103
2.01251
2.0051
1.99868
1.9931
1.98827
1.98407
1.98043
1.97726
1.97449
1.97207
1.96994
1.96805
1.96638
1.96489
1.96355
1.96234
1.96124
1.96023
1.95931
1.95844
1.95763
1.95683
1.95605
1.95523
1.95436
1.95338
1.95224
1.9509
1.9493
1.9474
1.94516
1.94257
1.93968
1.93654
1.93327
1.93004
1.92703
1.92449
1.92269
1.92176
1.92122
1.92212
1.92601
1.93618
1.95967
2.01143
2.12405
2.3677
2.89931
4.11623
7.32387
18.8451
22.5183
29.9675
35.2147
38.2312
39.2941
38.7529
39.2909
37.0916
33.2414
29.8723
28.7156
29.6833
30.8848
30.4132
27.6348
23.1602
19.0365
16.0809
13.1698
10.6152
8.5563
6.95945
5.74061
4.826
4.15399
3.66752
3.31935
3.06826
2.88158
2.73742
2.62196
2.52667
2.44629
2.37759
2.31839
2.26721
2.22288
2.18449
2.15122
2.12238
2.09733
2.07554
2.05652
2.03983
2.02512
2.01206
2.00037
1.98981
1.9802
1.97135
1.96314
1.95545
1.94819
1.94129
1.93469
1.92835
1.92224
1.91635
1.91065
1.90512
1.89973
1.89441
1.88908
1.8836
1.87779
1.87149
1.86462
1.85868
1.85241
1.84598
1.83916
1.83167
1.82334
1.81426
1.80447
1.79504
1.7865
1.78002
1.75868
0.000918965
14.0132
7.1506
3.90256
3.04822
2.83633
2.75019
2.68913
2.6325
2.57667
2.52092
2.46574
2.41196
2.36046
2.31221
2.26776
2.22758
2.1916
2.1597
2.13147
2.1066
2.08464
2.06534
2.04834
2.03342
2.02031
2.00884
1.99878
1.99001
1.98234
1.97567
1.96985
1.9648
1.96038
1.95656
1.95321
1.95029
1.94773
1.9455
1.94351
1.94176
1.9402
1.9388
1.93754
1.93641
1.93537
1.93443
1.93355
1.93273
1.93195
1.9312
1.93044
1.92966
1.9288
1.92785
1.92673
1.92542
1.92385
1.92198
1.91978
1.91726
1.91444
1.9114
1.90824
1.90513
1.90226
1.89985
1.89816
1.89729
1.89689
1.89798
1.90218
1.91285
1.93718
1.99039
2.10541
2.35272
2.88949
4.11373
7.3254
18.8276
14.8465
20.7862
25.5574
28.9533
31.033
31.9168
31.7193
32.0109
30.7627
28.2255
25.8558
24.9023
25.3955
26.0601
25.4527
23.0387
19.2399
16.4875
13.9473
11.4615
9.28482
7.51597
6.13872
5.09601
4.32621
3.76893
3.3718
3.08892
2.88314
2.72792
2.6062
2.5073
2.42483
2.3548
2.29473
2.24292
2.19812
2.15936
2.12581
2.09674
2.07152
2.04961
2.0305
2.01377
1.99903
1.98597
1.97429
1.96378
1.95421
1.94543
1.93728
1.92967
1.92248
1.91566
1.90914
1.90289
1.89686
1.89105
1.88543
1.87998
1.87466
1.86943
1.86419
1.85881
1.85313
1.84698
1.84028
1.83451
1.82836
1.82205
1.81537
1.80805
1.79992
1.79106
1.78149
1.77224
1.7638
1.75744
1.73623
0.000956093
8.94979
4.84138
3.18886
2.79569
2.68156
2.61896
2.5667
2.51627
2.46639
2.41696
2.36863
2.322
2.27785
2.23669
2.199
2.16486
2.13427
2.10698
2.08276
2.06125
2.04222
2.02536
2.01049
1.99734
1.98577
1.97557
1.96664
1.95878
1.95192
1.9459
1.94066
1.93607
1.93207
1.92856
1.92551
1.92283
1.92048
1.9184
1.91657
1.91494
1.91349
1.91218
1.91101
1.90994
1.90898
1.90808
1.90726
1.90648
1.90575
1.90502
1.9043
1.90354
1.90271
1.90177
1.90068
1.89939
1.89785
1.89601
1.89387
1.89141
1.88867
1.88572
1.88267
1.87969
1.87694
1.87466
1.87309
1.87229
1.87204
1.87334
1.87786
1.88905
1.91429
1.96904
2.08657
2.33772
2.87984
4.11132
7.32656
18.813
9.73134
14.2953
18.4539
21.7711
24.1934
25.7534
26.497
26.461
26.3981
25.73
24.0576
22.3881
21.6217
21.8389
22.1667
21.526
19.462
16.408
14.4402
12.2589
10.1306
8.25646
6.71804
5.51456
4.60805
3.9459
3.47356
3.14042
2.90322
2.72943
2.59696
2.4919
2.40576
2.33348
2.27192
2.21907
2.17351
2.13417
2.10016
2.07075
2.04528
2.02318
2.00394
1.98712
1.97234
1.95926
1.94761
1.93712
1.92761
1.91888
1.91081
1.90327
1.89618
1.88944
1.88301
1.87684
1.8709
1.86517
1.85964
1.85427
1.84904
1.84389
1.83875
1.83348
1.82793
1.82193
1.8154
1.80979
1.80378
1.79759
1.79105
1.78391
1.77598
1.76734
1.75799
1.74893
1.7406
1.73434
1.71325
0.000994378
5.86208
3.58493
2.80438
2.61932
2.54872
2.49892
2.45334
2.40873
2.36466
2.32144
2.27954
2.23954
2.20188
2.16698
2.13502
2.10608
2.08003
2.05672
2.03589
2.01735
2.00082
1.98615
1.97311
1.96157
1.95135
1.94234
1.93437
1.92738
1.92123
1.91584
1.9111
1.90696
1.90332
1.90014
1.89735
1.8949
1.89273
1.89083
1.88913
1.88762
1.88627
1.88506
1.88396
1.88297
1.88205
1.88122
1.88044
1.87971
1.87901
1.87832
1.87763
1.87689
1.87609
1.87517
1.8741
1.87283
1.87132
1.86952
1.86742
1.86503
1.86236
1.85951
1.85658
1.85372
1.8511
1.84895
1.84748
1.84677
1.84667
1.84819
1.85305
1.86482
1.89101
1.9474
2.06758
2.32272
2.8704
4.109
7.32742
18.8009
6.37301
9.64236
13.0832
16.1457
18.6213
20.4784
21.7226
22.3645
22.4162
22.0628
21.755
20.6485
19.4563
18.841
18.9014
19.029
18.4076
16.6507
14.4675
12.7683
10.8897
9.05537
7.42818
6.07975
5.0196
4.22237
3.64483
3.23698
2.95099
2.74727
2.59726
2.48206
2.39003
2.31417
2.25033
2.19592
2.14925
2.10907
2.07443
2.04454
2.0187
1.99633
1.9769
1.95996
1.9451
1.932
1.92034
1.90988
1.90041
1.89175
1.88375
1.8763
1.86928
1.86264
1.8563
1.85023
1.84438
1.83874
1.83329
1.82801
1.82286
1.81781
1.81276
1.80761
1.80219
1.79635
1.79
1.78455
1.77868
1.77261
1.76621
1.75925
1.75152
1.74311
1.73397
1.72512
1.7169
1.71075
1.68973
0.00103376
4.0514
2.91783
2.57361
2.47923
2.42941
2.38779
2.34804
2.30894
2.27059
2.23325
2.19739
2.16333
2.13148
2.10198
2.07501
2.05049
2.02838
2.00846
1.99062
1.97461
1.96032
1.94754
1.93617
1.92603
1.91705
1.90907
1.90203
1.89579
1.89031
1.88546
1.88122
1.87747
1.87419
1.8713
1.86876
1.86651
1.86453
1.86277
1.86121
1.85982
1.85857
1.85744
1.85642
1.85549
1.85464
1.85385
1.85312
1.85243
1.85177
1.85111
1.85045
1.84973
1.84895
1.84805
1.84701
1.84576
1.84427
1.84251
1.84046
1.83813
1.83555
1.83279
1.82997
1.82723
1.82475
1.82273
1.82137
1.82074
1.8208
1.82256
1.82779
1.84016
1.86738
1.9255
2.04847
2.30778
2.86118
4.10677
7.32802
18.7911
4.29728
6.41314
9.03732
11.6917
14.059
16.0109
17.5124
18.5519
19.1234
19.2348
18.9055
18.5773
17.8504
16.9892
16.4952
16.471
16.484
15.9063
14.4044
12.8464
11.3765
9.75154
8.16064
6.73912
5.55129
4.61247
3.90663
3.3977
3.0403
2.79038
2.6123
2.48072
2.37919
2.29776
2.23047
2.17382
2.12557
2.08425
2.04876
2.01822
1.99189
1.96916
1.94947
1.93235
1.91738
1.90421
1.89253
1.88209
1.87266
1.86405
1.85613
1.84875
1.84183
1.83528
1.82904
1.82306
1.81731
1.81176
1.80641
1.80122
1.79616
1.7912
1.78626
1.78122
1.77593
1.77025
1.76407
1.75879
1.75307
1.74713
1.74087
1.73409
1.72657
1.71838
1.70947
1.70081
1.69271
1.68667
1.66569
0.0010743
3.0666
2.56355
2.41373
2.35849
2.31985
2.2845
2.25009
2.21635
2.18342
2.15162
2.12123
2.09256
2.06577
2.04101
2.01831
1.99764
1.97888
1.96194
1.94666
1.93291
1.92055
1.90949
1.89957
1.89072
1.88282
1.8758
1.86956
1.86404
1.85914
1.85483
1.85101
1.84765
1.84467
1.84206
1.83974
1.8377
1.83589
1.83428
1.83284
1.83155
1.83039
1.82935
1.8284
1.82754
1.82674
1.82601
1.82532
1.82467
1.82404
1.82342
1.82277
1.82209
1.82132
1.82044
1.81941
1.81819
1.81673
1.81501
1.81301
1.81074
1.80824
1.80558
1.80287
1.80026
1.7979
1.79601
1.79476
1.79423
1.79446
1.79646
1.80208
1.81511
1.84342
1.90337
2.02928
2.29293
2.85221
4.10464
7.32843
18.7831
3.1314
4.33013
6.12245
8.22635
10.3325
12.235
13.8374
15.1003
16.0022
16.53
16.6838
16.4774
16.0119
15.5432
14.9145
14.5167
14.4503
14.4006
13.8743
12.5837
11.4778
10.201
8.78802
7.40022
6.15222
5.10197
4.26791
3.64016
3.18831
2.87162
2.65046
2.49278
2.37601
2.28571
2.21317
2.15322
2.1028
2.05993
2.02331
1.99192
1.96496
1.94176
1.92172
1.90436
1.88923
1.87596
1.86424
1.85379
1.84438
1.83583
1.82797
1.82068
1.81384
1.80738
1.80124
1.79536
1.78971
1.78427
1.779
1.77391
1.76895
1.76408
1.75924
1.75432
1.74917
1.74364
1.73765
1.73253
1.72696
1.72115
1.71505
1.70844
1.70112
1.69316
1.68448
1.67602
1.66806
1.66211
1.64114
0.00111594
2.56552
2.35844
2.28771
2.25021
2.21876
2.1887
2.15931
2.13059
2.10273
2.07597
2.05052
2.02655
2.0042
1.98351
1.9645
1.94711
1.93128
1.9169
1.90388
1.89209
1.88147
1.87189
1.86329
1.85556
1.84866
1.84249
1.837
1.8321
1.82776
1.82391
1.8205
1.81748
1.81481
1.81244
1.81035
1.80848
1.80683
1.80535
1.80403
1.80284
1.80178
1.80081
1.79993
1.79912
1.79838
1.79769
1.79705
1.79644
1.79584
1.79524
1.79463
1.79396
1.79321
1.79235
1.79134
1.79014
1.78871
1.78702
1.78507
1.78287
1.78045
1.77789
1.7753
1.77281
1.77058
1.76881
1.76767
1.76725
1.76766
1.76993
1.77597
1.78969
1.81917
1.88107
2.01005
2.27823
2.84353
4.1026
7.3287
18.7764
2.53761
3.11995
4.18528
5.67045
7.37464
9.0873
10.6612
12.0165
13.1109
13.917
14.416
14.6008
14.4846
14.1058
13.6209
13.1616
12.8416
12.7573
12.6747
12.1998
11.1772
10.3118
9.19633
7.96087
6.74395
5.64378
4.71253
3.9698
3.4097
3.00621
2.72347
2.52598
2.38505
2.28061
2.19981
2.13491
2.08135
2.03639
1.99828
1.96581
1.93803
1.91422
1.89374
1.87605
1.8607
1.8473
1.8355
1.82502
1.81562
1.80711
1.79931
1.79209
1.78534
1.77898
1.77293
1.76716
1.76161
1.75626
1.7511
1.7461
1.74124
1.73647
1.73174
1.72693
1.72192
1.71656
1.71074
1.70579
1.70038
1.69471
1.68875
1.68232
1.67521
1.66747
1.65903
1.65078
1.64294
1.6371
1.61608
0.00115892
2.30601
2.21933
2.17989
2.15159
2.12552
2.10019
2.07542
2.05132
2.02806
2.00579
1.98467
1.96481
1.94627
1.92908
1.91323
1.89867
1.88535
1.87319
1.86213
1.85207
1.84296
1.83471
1.82727
1.82057
1.81455
1.80915
1.80432
1.80001
1.79616
1.79274
1.7897
1.787
1.7846
1.78247
1.78057
1.77888
1.77737
1.77602
1.77481
1.77372
1.77273
1.77184
1.77102
1.77028
1.76958
1.76894
1.76834
1.76776
1.7672
1.76663
1.76603
1.76538
1.76465
1.76381
1.76282
1.76164
1.76023
1.75858
1.75668
1.75454
1.75221
1.74975
1.74727
1.7449
1.7428
1.74116
1.74012
1.73983
1.74042
1.74297
1.74946
1.76393
1.79466
1.85863
1.99085
2.26372
2.83515
4.10066
7.32888
18.7711
2.24355
2.49045
3.03064
3.94001
5.16363
6.56031
7.97966
9.3093
10.48
11.4489
12.1845
12.6639
12.8758
12.8266
12.5492
12.1149
11.6696
11.4141
11.3253
11.2274
10.7984
10.0689
9.30873
8.32898
7.24309
6.17109
5.19781
4.3701
3.70751
3.20637
2.84471
2.59092
2.41342
2.28669
2.19277
2.12016
2.06196
2.01404
1.97393
1.94004
1.91123
1.88665
1.8656
1.84751
1.83187
1.81827
1.80636
1.79582
1.78641
1.77792
1.77017
1.76302
1.75636
1.75009
1.74414
1.73847
1.73302
1.72778
1.72272
1.71782
1.71306
1.70839
1.70377
1.69908
1.69421
1.68901
1.68338
1.67859
1.67333
1.66781
1.662
1.65575
1.64884
1.64134
1.63313
1.62508
1.61739
1.61164
1.59053
0.00120265
2.15173
2.11025
2.08403
2.06149
2.03986
2.01874
1.99814
1.97818
1.95897
1.94063
1.92325
1.9069
1.89161
1.87739
1.86422
1.85208
1.84092
1.83068
1.82132
1.81277
1.80498
1.79791
1.7915
1.7857
1.78048
1.77577
1.77154
1.76775
1.76436
1.76133
1.75863
1.75622
1.75407
1.75215
1.75044
1.74891
1.74754
1.74631
1.7452
1.7442
1.74329
1.74246
1.74171
1.74101
1.74037
1.73977
1.73921
1.73866
1.73813
1.73758
1.737
1.73637
1.73566
1.73483
1.73386
1.73269
1.73132
1.72971
1.72786
1.72579
1.72353
1.72117
1.7188
1.71656
1.71459
1.71307
1.71214
1.71198
1.71277
1.71563
1.72261
1.73787
1.76994
1.8361
1.97171
2.24944
2.82709
4.09882
7.32901
18.7668
2.08084
2.17924
2.41627
2.89072
3.6515
4.65974
5.8157
7.00834
8.14812
9.17428
10.0446
10.7259
11.1915
11.4261
11.4306
11.2304
10.886
10.4947
10.1886
10.1028
9.99969
9.613
9.10985
8.43898
7.57397
6.61498
5.66668
4.80294
4.06579
3.47355
3.02433
2.69927
2.47059
2.31041
2.19597
2.11121
2.04582
1.99354
1.95064
1.91487
1.88473
1.85918
1.83742
1.81881
1.8028
1.78895
1.77688
1.76625
1.75681
1.74832
1.74061
1.73352
1.72693
1.72075
1.7149
1.70933
1.70399
1.69885
1.69389
1.68909
1.68443
1.67987
1.67535
1.67079
1.66605
1.66101
1.65557
1.65095
1.64585
1.64047
1.63481
1.62874
1.62205
1.61477
1.6068
1.59896
1.59142
1.58577
1.5645
0.00124787
2.04099
2.01674
1.99722
1.97898
1.9612
1.94385
1.92694
1.91061
1.89491
1.87995
1.86574
1.85237
1.83982
1.82812
1.81723
1.80715
1.79783
1.78925
1.78135
1.77412
1.7675
1.76146
1.75596
1.75096
1.74644
1.74236
1.73867
1.73535
1.73237
1.7297
1.72731
1.72516
1.72324
1.72152
1.71998
1.7186
1.71735
1.71623
1.71522
1.7143
1.71347
1.71271
1.71201
1.71137
1.71077
1.71021
1.70968
1.70916
1.70865
1.70813
1.70757
1.70696
1.70626
1.70545
1.70449
1.70335
1.702
1.70043
1.69863
1.69662
1.69445
1.69219
1.68993
1.68781
1.68597
1.68456
1.68375
1.68374
1.68475
1.68793
1.69542
1.71155
1.74504
1.81352
1.95269
2.23544
2.81939
4.0971
7.32914
18.7635
1.97148
2.01299
2.10918
2.32316
2.72664
3.35651
4.18857
5.15244
6.16405
7.1507
8.05876
8.84798
9.4844
9.93915
10.1928
10.2413
10.1031
9.82836
9.50192
9.21756
9.04938
8.94673
8.66005
8.27489
7.67961
6.91213
6.06144
5.21941
4.45084
3.79289
3.26278
2.85948
2.56669
2.36018
2.21524
2.11163
2.035
1.97602
1.92905
1.89065
1.85875
1.83196
1.8093
1.79004
1.77357
1.7594
1.74711
1.73635
1.72684
1.71834
1.71064
1.7036
1.69709
1.69099
1.68523
1.67976
1.67452
1.66949
1.66463
1.65994
1.65538
1.65093
1.64652
1.64208
1.63748
1.6326
1.62734
1.62288
1.61795
1.61272
1.60722
1.60133
1.59484
1.58779
1.58006
1.57243
1.56504
1.55949
1.53801
0.00129406
1.95041
1.93366
1.91838
1.90361
1.88916
1.87505
1.86134
1.84811
1.8354
1.82326
1.81174
1.80085
1.79062
1.78102
1.77206
1.76371
1.75597
1.74879
1.74217
1.73607
1.73046
1.72532
1.72063
1.71634
1.71245
1.70891
1.70571
1.70282
1.70021
1.69786
1.69575
1.69384
1.69214
1.6906
1.68921
1.68797
1.68684
1.68582
1.6849
1.68406
1.68329
1.68259
1.68195
1.68135
1.6808
1.68027
1.67978
1.67929
1.6788
1.6783
1.67776
1.67716
1.67648
1.67568
1.67473
1.67361
1.67229
1.67076
1.66901
1.66707
1.66498
1.66282
1.66068
1.65868
1.65696
1.65567
1.65498
1.65513
1.65636
1.65989
1.66796
1.68501
1.72003
1.79096
1.93384
2.22178
2.81205
4.0955
7.32931
18.7611
1.88498
1.90581
1.94604
2.03483
2.22037
2.55686
3.07512
3.76272
4.57031
5.43369
6.29305
7.10123
7.82059
8.41778
8.86251
9.13199
9.21709
9.12997
8.91209
8.63688
8.38958
8.21553
8.08004
7.88675
7.54315
7.0124
6.3284
5.57073
4.82063
4.13481
3.54654
3.07141
2.70881
2.44479
2.25801
2.12666
2.03275
1.96339
1.91019
1.86799
1.83364
1.80521
1.78141
1.76133
1.74427
1.72968
1.71711
1.70617
1.69656
1.68801
1.68032
1.67332
1.66686
1.66084
1.65518
1.6498
1.64466
1.63973
1.63498
1.63039
1.62594
1.62159
1.61729
1.61297
1.60852
1.6038
1.59872
1.59443
1.58966
1.58459
1.57924
1.57352
1.56724
1.56042
1.55293
1.54552
1.53829
1.53283
1.51107
0.00134148
1.87142
1.85877
1.84663
1.83476
1.82313
1.81178
1.80077
1.79014
1.77991
1.77014
1.76084
1.75202
1.74369
1.73585
1.72849
1.72162
1.7152
1.70923
1.7037
1.69857
1.69384
1.68949
1.6855
1.68184
1.6785
1.67545
1.67268
1.67017
1.66789
1.66583
1.66397
1.66229
1.66077
1.6594
1.65816
1.65704
1.65602
1.6551
1.65426
1.6535
1.65279
1.65215
1.65156
1.651
1.65049
1.65
1.64953
1.64907
1.64861
1.64812
1.6476
1.64701
1.64634
1.64555
1.64462
1.64352
1.64223
1.64073
1.63904
1.63717
1.63516
1.6331
1.63107
1.62919
1.62759
1.62643
1.62585
1.62618
1.62766
1.63157
1.64024
1.65829
1.69494
1.76846
1.91524
2.2085
2.80511
4.09403
7.32955
18.7597
1.81058
1.82336
1.84282
1.8803
1.95885
2.11556
2.39263
2.81731
3.38572
4.06422
4.80374
5.55492
6.27633
6.93347
7.49447
7.92862
8.21047
8.32639
8.28242
8.11223
7.88013
7.66298
7.50532
7.3807
7.20628
6.89841
6.42302
5.81084
5.1336
4.46318
3.84983
3.32297
2.89649
2.57021
2.33192
2.16285
2.04375
1.95858
1.89581
1.84784
1.80995
1.77924
1.75393
1.73279
1.715
1.69989
1.68696
1.67578
1.66603
1.6574
1.64969
1.64271
1.6363
1.63035
1.62476
1.61948
1.61444
1.60961
1.60497
1.60048
1.59613
1.59189
1.5877
1.5835
1.57919
1.57463
1.56973
1.56561
1.56101
1.55609
1.5509
1.54536
1.53928
1.53269
1.52545
1.51825
1.51118
1.50582
1.48371
0.00138963
1.80071
1.79086
1.78122
1.77176
1.76249
1.75345
1.74466
1.73617
1.72799
1.72015
1.71266
1.70554
1.69878
1.6924
1.68638
1.68073
1.67544
1.67049
1.66588
1.66159
1.65762
1.65395
1.65056
1.64745
1.64459
1.64197
1.63959
1.63741
1.63543
1.63363
1.632
1.63052
1.62917
1.62796
1.62685
1.62584
1.62493
1.6241
1.62333
1.62264
1.62199
1.6214
1.62086
1.62035
1.61987
1.61941
1.61897
1.61853
1.61809
1.61762
1.61711
1.61653
1.61587
1.6151
1.61418
1.6131
1.61183
1.61038
1.60874
1.60693
1.60501
1.60305
1.60113
1.59937
1.59789
1.59685
1.59641
1.59693
1.59867
1.60299
1.61232
1.63145
1.66983
1.7461
1.89693
2.19565
2.79858
4.09274
7.32987
18.7594
1.74401
1.753
1.76443
1.78237
1.81599
1.88351
2.01359
2.2398
2.58658
3.05626
3.62693
4.26145
4.91912
5.56377
6.16411
6.69041
7.1125
7.40324
7.54501
7.53824
7.40943
7.21436
7.02265
6.87824
6.76288
6.6046
6.32734
5.8997
5.34979
4.74227
4.14142
3.59169
3.11898
2.73581
2.442
2.22683
2.07378
1.96577
1.88857
1.83179
1.78857
1.75458
1.72716
1.70464
1.68589
1.67012
1.65672
1.64524
1.63529
1.62656
1.61879
1.61181
1.60543
1.59954
1.59403
1.58883
1.58389
1.57916
1.57462
1.57024
1.56599
1.56185
1.55778
1.5537
1.54952
1.54512
1.54041
1.53644
1.53201
1.52725
1.52222
1.51686
1.51099
1.50463
1.49762
1.49064
1.48375
1.47848
1.45595
0.0014391
1.73656
1.72884
1.72125
1.71377
1.70643
1.69927
1.69231
1.68556
1.67905
1.67279
1.66679
1.66106
1.65561
1.65043
1.64553
1.64091
1.63656
1.63247
1.62864
1.62507
1.62175
1.61866
1.6158
1.61316
1.61073
1.6085
1.60644
1.60457
1.60285
1.60128
1.59986
1.59856
1.59737
1.59629
1.5953
1.59441
1.59358
1.59283
1.59214
1.59151
1.59092
1.59038
1.58988
1.58941
1.58896
1.58854
1.58812
1.5877
1.58728
1.58682
1.58632
1.58576
1.58511
1.58434
1.58344
1.58238
1.58114
1.57973
1.57814
1.5764
1.57457
1.5727
1.5709
1.56925
1.5679
1.56697
1.56667
1.56741
1.56943
1.57419
1.58423
1.60452
1.64477
1.72393
1.87898
2.18327
2.79247
4.09163
7.33046
18.7603
1.6836
1.69033
1.69809
1.70837
1.72449
1.75384
1.81071
1.91742
2.10097
2.38333
2.771
3.25091
3.79546
4.37138
4.94723
5.49495
5.98742
6.39579
6.69204
6.85524
6.88058
6.78775
6.62469
6.45479
6.32196
6.2148
6.0704
5.81939
5.43295
4.93696
4.39035
3.85059
3.35687
2.9322
2.58759
2.32288
2.12857
1.99004
1.89217
1.82224
1.77094
1.73204
1.70159
1.67714
1.65712
1.64048
1.62651
1.61462
1.60441
1.59552
1.58768
1.58066
1.5743
1.56845
1.56301
1.5579
1.55305
1.54842
1.54398
1.53969
1.53555
1.53152
1.52756
1.5236
1.51955
1.51531
1.51077
1.50697
1.50271
1.49811
1.49324
1.48805
1.48239
1.47625
1.46949
1.46273
1.45601
1.45083
1.42781
0.00148956
1.67789
1.67185
1.66589
1.66003
1.65428
1.64865
1.64317
1.63785
1.6327
1.62772
1.62294
1.61835
1.61397
1.60978
1.60581
1.60203
1.59847
1.5951
1.59195
1.58898
1.58621
1.58362
1.58122
1.57899
1.57693
1.57502
1.57327
1.57165
1.57017
1.56881
1.56757
1.56643
1.56538
1.56443
1.56356
1.56275
1.56202
1.56134
1.56072
1.56014
1.55961
1.55911
1.55865
1.55822
1.5578
1.5574
1.55701
1.55662
1.5562
1.55576
1.55527
1.55472
1.55408
1.55332
1.55243
1.55139
1.55018
1.54881
1.54727
1.54561
1.54386
1.54209
1.54039
1.53886
1.53763
1.53683
1.53667
1.53765
1.53998
1.54523
1.55604
1.57757
1.61981
1.70203
1.86146
2.17142
2.7868
4.09073
7.33119
18.7626
1.62823
1.63337
1.639
1.64583
1.65495
1.66911
1.69423
1.74149
1.82834
1.97665
2.20604
2.52558
2.92879
3.39582
3.89973
4.41329
4.91144
5.36988
5.76208
6.06035
6.24144
6.29561
6.23554
6.10118
5.94999
5.82622
5.7254
5.59316
5.36562
5.01545
4.56653
4.07293
3.58659
3.14247
2.76062
2.45054
2.21196
2.03648
1.91114
1.82251
1.75923
1.71294
1.67797
1.65074
1.62895
1.61117
1.59642
1.58402
1.57346
1.56436
1.5564
1.54932
1.54295
1.53714
1.53176
1.52671
1.52195
1.51741
1.51307
1.50889
1.50484
1.50092
1.49706
1.49322
1.48931
1.48523
1.48086
1.47721
1.47313
1.4687
1.46398
1.45897
1.45351
1.44759
1.44108
1.43453
1.42799
1.42291
1.3993
0.00154119
1.62392
1.61924
1.61461
1.61005
1.60556
1.60116
1.59686
1.59267
1.5886
1.58466
1.58085
1.57718
1.57366
1.57029
1.56707
1.56401
1.56109
1.55834
1.55573
1.55328
1.55098
1.54882
1.54681
1.54493
1.54319
1.54157
1.54007
1.53869
1.53741
1.53624
1.53515
1.53416
1.53324
1.5324
1.53163
1.53091
1.53025
1.52965
1.52909
1.52857
1.52808
1.52763
1.52721
1.52681
1.52642
1.52605
1.52568
1.5253
1.5249
1.52447
1.52399
1.52344
1.52281
1.52206
1.52119
1.52017
1.51899
1.51766
1.51618
1.51458
1.51292
1.51125
1.50966
1.50824
1.50712
1.50645
1.50645
1.50769
1.51036
1.51613
1.52779
1.55067
1.59503
1.68046
1.84442
2.16013
2.7816
4.09008
7.33211
18.7668
1.55217
1.5556
1.55925
1.5635
1.56859
1.57528
1.58516
1.60175
1.63152
1.68509
1.77677
1.92216
2.13317
2.4134
2.75591
3.14543
3.56221
3.98627
4.39779
4.77555
5.09513
5.33146
5.46512
5.49221
5.43154
5.32424
5.21551
5.12377
5.02228
4.85914
4.59841
4.24544
3.83799
3.42109
3.02859
2.6813
2.39041
2.15925
1.98397
1.8558
1.76403
1.69862
1.65146
1.61668
1.59029
1.5697
1.55323
1.5398
1.52863
1.51921
1.51113
1.50409
1.49786
1.49226
1.48716
1.48244
1.47804
1.47389
1.46995
1.4662
1.4626
1.45914
1.45577
1.45245
1.4491
1.44561
1.44189
1.43882
1.43532
1.43149
1.42741
1.4231
1.4184
1.41333
1.40773
1.40211
1.39653
1.39238
1.36881
0.00158676
1.54931
1.5461
1.54293
1.53978
1.53669
1.53364
1.53065
1.52773
1.52487
1.5221
1.5194
1.5168
1.51428
1.51186
1.50953
1.50731
1.50519
1.50317
1.50125
1.49945
1.49773
1.49613
1.49462
1.49321
1.49189
1.49068
1.48954
1.4885
1.48752
1.48663
1.4858
1.48505
1.48435
1.48372
1.48314
1.48261
1.48212
1.48169
1.48128
1.48092
1.48058
1.48028
1.48
1.47975
1.47951
1.47928
1.47905
1.47882
1.47857
1.4783
1.47798
1.4776
1.47714
1.47658
1.47591
1.47511
1.47419
1.47313
1.47196
1.4707
1.4694
1.46813
1.46697
1.466
1.46535
1.46518
1.46576
1.46771
1.47116
1.47801
1.49119
1.51631
1.56391
1.6539
1.82389
2.14667
2.77482
4.08646
7.32337
18.7206
1.48445
1.48678
1.48916
1.4919
1.49505
1.49887
1.50373
1.51066
1.52167
1.54065
1.57391
1.63085
1.72274
1.86084
2.05266
2.29918
2.59385
2.92431
3.27516
3.63059
3.97406
4.28704
4.54799
4.73509
4.83298
4.84226
4.78418
4.69565
4.60756
4.52024
4.4006
4.21056
3.93814
3.60491
3.24825
2.90186
2.58765
2.31795
2.0979
1.92677
1.7989
1.7061
1.63971
1.59222
1.55776
1.5322
1.51271
1.49746
1.48521
1.47519
1.4668
1.45967
1.45348
1.44803
1.44315
1.43872
1.43463
1.43084
1.42728
1.42392
1.42075
1.41772
1.41482
1.41198
1.40915
1.40623
1.40312
1.40058
1.39765
1.39441
1.39095
1.3873
1.38334
1.37906
1.37434
1.36962
1.36497
1.36171
1.33807
0.00164353
1.4826
1.48042
1.47826
1.4761
1.47398
1.47188
1.4698
1.46777
1.46578
1.46382
1.46192
1.46008
1.45829
1.45656
1.45489
1.4533
1.45175
1.4503
1.44889
1.44758
1.44631
1.44514
1.44402
1.44299
1.442
1.44111
1.44025
1.43948
1.43875
1.4381
1.43748
1.43694
1.43642
1.43598
1.43556
1.43519
1.43485
1.43457
1.4343
1.43408
1.43388
1.43372
1.43356
1.43345
1.43333
1.43324
1.43314
1.43305
1.43293
1.4328
1.43262
1.4324
1.4321
1.43172
1.43124
1.43065
1.42996
1.42916
1.42828
1.42734
1.42639
1.4255
1.42474
1.42419
1.42399
1.42431
1.42547
1.42817
1.43243
1.44041
1.45522
1.48269
1.53368
1.62839
1.80447
2.13421
2.76865
4.08299
7.31561
18.6949
1.42321
1.42475
1.42629
1.42808
1.43009
1.43246
1.43525
1.43881
1.44366
1.45109
1.46329
1.48424
1.51985
1.57811
1.66807
1.79793
1.97246
2.19124
2.44801
2.73227
3.03147
3.33275
3.62237
3.88414
4.09845
4.24567
4.3135
4.30598
4.24624
4.16677
4.08621
3.9926
3.8533
3.64571
3.37596
3.07275
2.76802
2.48494
2.23677
2.02994
1.86555
1.74041
1.64833
1.58209
1.53482
1.50095
1.47626
1.45784
1.44371
1.43258
1.42359
1.41618
1.40991
1.40452
1.3998
1.39559
1.39179
1.38831
1.3851
1.38211
1.37933
1.37671
1.37424
1.37186
1.36951
1.36713
1.3646
1.36257
1.36017
1.3575
1.35463
1.35161
1.34835
1.34484
1.34095
1.3371
1.33335
1.33095
1.30711
0.0017011
1.42199
1.42051
1.41904
1.41756
1.4161
1.41466
1.41322
1.41181
1.41042
1.40906
1.40772
1.40643
1.40515
1.40394
1.40274
1.40161
1.4005
1.39946
1.39844
1.3975
1.39658
1.39573
1.39491
1.39417
1.39345
1.39281
1.39218
1.39163
1.39111
1.39065
1.39021
1.38983
1.38948
1.38918
1.3889
1.38868
1.38847
1.38832
1.38817
1.38808
1.38799
1.38795
1.38791
1.38791
1.38792
1.38794
1.38797
1.38799
1.38801
1.388
1.38796
1.38787
1.38772
1.3875
1.3872
1.38682
1.38634
1.38579
1.38518
1.38455
1.38393
1.3834
1.38301
1.38287
1.3831
1.3839
1.38565
1.38914
1.39426
1.40344
1.41997
1.44992
1.50446
1.60401
1.78623
2.12278
2.76312
4.07988
7.30989
18.684
1.36655
1.36749
1.36849
1.36965
1.37097
1.3725
1.37425
1.37636
1.37895
1.38243
1.38747
1.3955
1.40887
1.43143
1.46859
1.5272
1.61449
1.73659
1.89632
2.09228
2.31835
2.56553
2.82354
3.0819
3.32889
3.54938
3.72436
3.83571
3.87448
3.84955
3.78644
3.71221
3.63281
3.52751
3.36994
3.15394
2.89808
2.63114
2.37694
2.14986
1.95714
1.80122
1.68054
1.59064
1.52551
1.47907
1.44604
1.42233
1.40496
1.39191
1.38182
1.37382
1.36728
1.36183
1.35718
1.35314
1.34956
1.34636
1.34346
1.34081
1.33839
1.33615
1.33408
1.33213
1.33025
1.32836
1.32637
1.3248
1.32293
1.3208
1.31849
1.31607
1.31347
1.31069
1.30762
1.3046
1.30171
1.30013
1.27594
0.00175922
1.36587
1.36491
1.36395
1.36298
1.362
1.36103
1.36006
1.3591
1.35814
1.3572
1.35627
1.35537
1.35448
1.35362
1.35278
1.35198
1.3512
1.35045
1.34974
1.34906
1.34841
1.34781
1.34723
1.3467
1.3462
1.34574
1.34531
1.34493
1.34457
1.34426
1.34398
1.34374
1.34352
1.34335
1.3432
1.34308
1.343
1.34295
1.34292
1.34293
1.34295
1.34301
1.34309
1.34319
1.3433
1.34343
1.34356
1.3437
1.34382
1.34393
1.34401
1.34405
1.34404
1.34398
1.34384
1.34364
1.34338
1.34306
1.34271
1.34236
1.34206
1.34185
1.34183
1.34207
1.34272
1.344
1.34635
1.35067
1.3567
1.36716
1.38553
1.41811
1.47635
1.58086
1.76922
2.11239
2.75826
4.07744
7.30696
18.6842
1.31408
1.31467
1.31529
1.31601
1.31683
1.31778
1.31887
1.32015
1.32167
1.32355
1.32601
1.32948
1.33482
1.3435
1.35797
1.3819
1.42023
1.47884
1.56355
1.67877
1.82599
2.00297
2.20396
2.42115
2.64618
2.87027
3.08246
3.26739
3.4061
3.48252
3.49308
3.45271
3.388
3.31714
3.2332
3.1127
2.94103
2.72682
2.49407
2.2665
2.05952
1.88116
1.73466
1.6197
1.53306
1.46988
1.42478
1.39289
1.37026
1.35397
1.34196
1.33287
1.32577
1.32007
1.31537
1.31141
1.30801
1.30504
1.30242
1.30007
1.29798
1.29609
1.29439
1.29284
1.29138
1.28996
1.28848
1.28734
1.28595
1.28434
1.28257
1.28073
1.27876
1.27667
1.27436
1.27214
1.27008
1.26929
1.24461
0.00181816
1.31362
1.31297
1.31231
1.31165
1.31099
1.31034
1.30968
1.30903
1.30838
1.30773
1.3071
1.30648
1.30587
1.30528
1.3047
1.30414
1.30361
1.30308
1.30259
1.30212
1.30168
1.30126
1.30087
1.3005
1.30017
1.29986
1.29959
1.29934
1.29912
1.29893
1.29878
1.29864
1.29855
1.29847
1.29844
1.29842
1.29844
1.29848
1.29856
1.29865
1.29878
1.29892
1.2991
1.29929
1.2995
1.29972
1.29995
1.30018
1.30041
1.30062
1.30081
1.30097
1.30109
1.30117
1.30119
1.30117
1.3011
1.301
1.3009
1.30081
1.3008
1.30091
1.30122
1.30183
1.30289
1.30465
1.30763
1.31286
1.31985
1.33168
1.35199
1.38736
1.44944
1.55902
1.75349
2.10306
2.75417
4.07594
7.3071
18.6938
1.26516
1.26554
1.26595
1.26639
1.26688
1.26744
1.26808
1.26883
1.26971
1.27076
1.27208
1.27377
1.27615
1.2797
1.28539
1.29478
1.31035
1.33558
1.375
1.43362
1.51608
1.62544
1.7621
1.92323
2.10355
2.29632
2.49455
2.69033
2.87229
3.02405
3.12712
3.16941
3.15475
3.1038
3.04009
2.9693
2.87512
2.73905
2.56092
2.35897
2.1558
1.96772
1.80348
1.66687
1.55837
1.47581
1.41521
1.3719
1.3414
1.31998
1.30479
1.29382
1.28566
1.27942
1.27449
1.27051
1.2672
1.26441
1.26201
1.25994
1.25814
1.25657
1.25522
1.25403
1.25297
1.25197
1.25096
1.25023
1.24929
1.24817
1.24692
1.24562
1.24425
1.24282
1.24123
1.23976
1.23851
1.23847
1.21313
0.00187747
1.26471
1.2642
1.26371
1.26321
1.26273
1.26224
1.26177
1.2613
1.26085
1.26039
1.25996
1.25952
1.25911
1.25869
1.25831
1.25792
1.25756
1.25721
1.25689
1.25656
1.25628
1.256
1.25576
1.25552
1.25533
1.25513
1.25499
1.25484
1.25475
1.25465
1.25461
1.25456
1.25457
1.25458
1.25464
1.2547
1.25481
1.25493
1.2551
1.25527
1.25548
1.25571
1.25597
1.25623
1.25653
1.25683
1.25715
1.25746
1.25779
1.25809
1.25839
1.25865
1.2589
1.2591
1.25928
1.25942
1.25954
1.25964
1.25977
1.25993
1.2602
1.26061
1.26124
1.2622
1.26366
1.26592
1.26957
1.27576
1.28379
1.29708
1.31948
1.35776
1.42383
1.53855
1.73908
2.09482
2.7509
4.07565
7.31085
18.7125
1.21811
1.2184
1.21867
1.21896
1.21929
1.21965
1.22006
1.22052
1.22106
1.22169
1.22245
1.22337
1.22458
1.22621
1.22864
1.23241
1.2386
1.24884
1.26562
1.29225
1.33285
1.39165
1.47229
1.57669
1.70438
1.85225
2.01531
2.18778
2.36356
2.53462
2.68826
2.80705
2.87452
2.88517
2.85118
2.7957
2.73348
2.6573
2.54899
2.40158
2.22714
2.04625
1.87575
1.72507
1.59844
1.49689
1.419
1.36152
1.32037
1.2915
1.2714
1.25736
1.24739
1.24014
1.23471
1.23052
1.2272
1.22451
1.22229
1.22045
1.21891
1.21763
1.21659
1.21574
1.21504
1.21444
1.21387
1.2135
1.21299
1.21232
1.21156
1.21078
1.20997
1.20916
1.20826
1.20751
1.20702
1.20769
1.1816
0.00193733
1.21779
1.21743
1.21708
1.21673
1.21639
1.21605
1.21573
1.2154
1.21509
1.21477
1.21449
1.21419
1.21392
1.21364
1.2134
1.21314
1.21292
1.21269
1.2125
1.2123
1.21213
1.21196
1.21184
1.21171
1.21161
1.21152
1.21147
1.21142
1.21141
1.2114
1.21144
1.21148
1.21157
1.21166
1.21179
1.21193
1.21212
1.21231
1.21255
1.21279
1.21308
1.21337
1.21371
1.21404
1.21441
1.21479
1.21518
1.21558
1.21598
1.21637
1.21676
1.21713
1.21748
1.21781
1.21813
1.21842
1.21871
1.21901
1.21935
1.21976
1.22028
1.22097
1.22191
1.22321
1.22508
1.22786
1.23222
1.23945
1.2486
1.26347
1.28808
1.32943
1.39961
1.51952
1.72601
2.08768
2.74856
4.07687
7.31835
18.7408
1.1726
1.17279
1.17294
1.17312
1.17333
1.17357
1.17384
1.17416
1.17452
1.17495
1.17543
1.17602
1.17672
1.17763
1.17881
1.18051
1.18309
1.18726
1.19411
1.20538
1.22353
1.25174
1.29364
1.35284
1.43202
1.53218
1.65215
1.78862
1.93691
2.09201
2.24806
2.39591
2.52102
2.60588
2.63869
2.62304
2.57795
2.52273
2.45883
2.37133
2.24934
2.09927
1.93895
1.78501
1.64733
1.53051
1.43604
1.36306
1.30899
1.27025
1.24316
1.22448
1.2116
1.20263
1.19625
1.1916
1.1881
1.18542
1.18331
1.18164
1.18033
1.17931
1.17855
1.178
1.17764
1.1774
1.17723
1.1772
1.17708
1.17685
1.17654
1.17625
1.17597
1.17574
1.17549
1.17542
1.17564
1.177
1.15009
0.00199759
1.17253
1.17235
1.17215
1.17197
1.17177
1.17157
1.17137
1.17118
1.17098
1.17079
1.1706
1.17042
1.17024
1.17008
1.16992
1.16977
1.16964
1.16951
1.1694
1.1693
1.16922
1.16914
1.16909
1.16905
1.16904
1.16903
1.16905
1.16908
1.16914
1.16921
1.16931
1.16942
1.16957
1.16973
1.16993
1.17013
1.17038
1.17064
1.17094
1.17124
1.17159
1.17195
1.17234
1.17274
1.17318
1.17361
1.17408
1.17454
1.17501
1.17548
1.17596
1.17642
1.17688
1.17732
1.17776
1.1782
1.17866
1.17914
1.17969
1.18031
1.18108
1.18203
1.18327
1.18492
1.1872
1.19052
1.19566
1.20402
1.21438
1.23094
1.2579
1.30247
1.37686
1.50198
1.71431
2.08167
2.74726
4.07976
7.33011
18.7817
1.13036
1.13063
1.13081
1.13095
1.13106
1.13114
1.13124
1.13132
1.13145
1.13159
1.1318
1.13204
1.1324
1.13282
1.13341
1.13418
1.13533
1.13705
1.13985
1.14442
1.15205
1.16443
1.18408
1.21392
1.25725
1.31693
1.39492
1.49136
1.60451
1.73088
1.8662
2.00593
2.14394
2.26931
2.36587
2.41771
2.42002
2.38544
2.33537
2.27982
2.20887
2.10838
1.97903
1.83603
1.69632
1.57051
1.46323
1.37597
1.30817
1.25775
1.2216
1.19643
1.1792
1.1675
1.15951
1.15397
1.15005
1.14721
1.14512
1.14357
1.14243
1.14163
1.14112
1.14085
1.14078
1.14088
1.14108
1.14135
1.14159
1.14176
1.1419
1.14206
1.14228
1.14259
1.14295
1.14352
1.14443
1.14643
1.119
0.00205748
1.12993
1.12963
1.1294
1.12917
1.129
1.12881
1.12869
1.12852
1.12842
1.12828
1.12819
1.12806
1.12798
1.12787
1.12781
1.12771
1.12767
1.1276
1.12757
1.12752
1.12752
1.1275
1.12753
1.12754
1.12759
1.12764
1.12773
1.1278
1.12793
1.12805
1.12822
1.12838
1.12859
1.1288
1.12905
1.12931
1.12961
1.12992
1.13027
1.13063
1.13103
1.13144
1.13189
1.13234
1.13283
1.13332
1.13384
1.13437
1.13491
1.13545
1.136
1.13654
1.1371
1.13765
1.13821
1.13879
1.1394
1.14005
1.14079
1.14162
1.14262
1.14383
1.14535
1.14734
1.15006
1.15398
1.15995
1.16955
1.18122
1.1996
1.22905
1.27696
1.35566
1.48597
1.70397
2.07677
2.74701
4.08441
7.34488
18.8404
1.08736
1.08747
1.08756
1.08771
1.08789
1.08812
1.08834
1.08859
1.08881
1.08906
1.08928
1.08955
1.08979
1.0901
1.09043
1.09087
1.09142
1.09222
1.09339
1.0953
1.09839
1.10359
1.11214
1.12593
1.14729
1.1791
1.22407
1.28458
1.36162
1.45482
1.56188
1.67935
1.8027
1.92652
2.04261
2.13921
2.20283
2.22511
2.20917
2.16859
2.11556
2.05061
1.96575
1.85788
1.73494
1.61054
1.49595
1.39731
1.31683
1.2542
1.20759
1.17422
1.1511
1.13542
1.12493
1.11791
1.11321
1.10998
1.10779
1.10626
1.10526
1.10463
1.10434
1.10431
1.10452
1.10492
1.10545
1.10601
1.10657
1.10712
1.10766
1.10825
1.10894
1.10975
1.11068
1.11185
1.11341
1.116
1.0879
0.00206128
1.08746
1.08742
1.08737
1.08733
1.08726
1.08721
1.08714
1.08709
1.08702
1.08698
1.08693
1.0869
1.08686
1.08684
1.08682
1.08682
1.08681
1.08683
1.08684
1.08687
1.08691
1.08697
1.08703
1.08711
1.0872
1.08732
1.08744
1.08759
1.08774
1.08793
1.08813
1.08835
1.08859
1.08886
1.08915
1.08946
1.0898
1.09016
1.09055
1.09095
1.0914
1.09185
1.09234
1.09284
1.09338
1.09392
1.09449
1.09507
1.09567
1.09627
1.0969
1.09752
1.09816
1.09881
1.09949
1.1002
1.10095
1.10177
1.10268
1.10371
1.10493
1.10638
1.1082
1.11054
1.11372
1.11828
1.12518
1.13613
1.14923
1.16954
1.20163
1.253
1.33606
1.4715
1.69499
2.073
2.74791
4.09093
7.36257
18.9297
)
;

boundaryField
{
    inlet
    {
        type            fixedValue;
        value           uniform 100;
    }
    outlet
    {
        type            zeroGradient;
    }
    walls
    {
        beta1           0.075;
        blended         false;
        type            omegaWallFunction;
        value           nonuniform List<scalar> 
78
(
0.957374
0.958266
0.957245
0.961582
0.963464
0.965522
0.968583
0.971454
0.974333
0.977487
0.980281
0.983009
0.985984
0.988783
0.991694
0.994897
0.998421
1.00251
1.0076
1.01412
1.02422
2.44397
87.8929
120.692
159.132
191.547
206.258
217.102
227.903
232.899
231.618
225.003
211.016
192.085
170.161
146.363
128.459
144.627
165.008
0.957998
0.960339
0.958471
0.962425
0.965998
0.970194
0.979472
0.989638
0.99794
1.00633
1.01516
1.024
1.03286
1.0416
1.05055
1.05982
1.06949
1.07975
1.09089
1.103
1.1162
1.13076
1.14676
1.16358
1.18101
1.19915
1.22779
46.688
69.889
86.8287
98.7318
106.337
110.36
111.51
110.447
107.745
103.756
98.6591
91.244
)
;
    }
    frontAndBack
    {
        type            empty;
    }
}


// ************************************************************************* //
