/*--------------------------------*- C++ -*----------------------------------*\
  =========                 |
  \\      /  F ield         | OpenFOAM: The Open Source CFD Toolbox
   \\    /   O peration     | Website:  https://openfoam.org
    \\  /    A nd           | Version:  12
     \\/     M anipulation  |
\*---------------------------------------------------------------------------*/
FoamFile
{
    format      ascii;
    class       volScalarField;
    location    "305";
    object      nut;
}
// * * * * * * * * * * * * * * * * * * * * * * * * * * * * * * * * * * * * * //

dimensions      [0 2 -1 0 0 0 0];

internalField   nonuniform List<scalar> 
10720
(
0.108876
0.114227
0.120292
0.127342
0.135388
0.144723
0.155611
0.168023
0.182115
0.197627
0.213991
0.230534
0.246046
0.25948
0.270122
0.277581
0.281862
0.283273
0.282224
0.279174
0.274425
0.268195
0.260699
0.252259
0.243557
0.235289
0.227519
0.219894
0.212144
0.204175
0.195938
0.187315
0.178283
0.168825
0.158075
0.147394
0.1367
0.127225
0.0934213
0.103855
0.0986779
0.0929472
0.08635
0.0785748
0.0689125
0.0568144
0.0455581
0.0436631
0.0533075
0.0626477
0.0706663
0.0782516
0.0860053
0.094089
0.102379
0.11056
0.118328
0.125471
0.131952
0.137835
0.143261
0.148366
0.153235
0.15763
0.16123
0.164017
0.166088
0.16753
0.168374
0.168671
0.16848
0.167803
0.166638
0.16494
0.162728
0.159494
0.155788
0.143638
0.111121
0.110706
0.110075
0.109251
0.108375
0.107435
0.106413
0.106153
0.106922
0.10852
0.110915
0.114159
0.118539
0.124237
0.13132
0.139754
0.149447
0.160062
0.171337
0.18282
0.194246
0.205044
0.214746
0.222651
0.228136
0.23102
0.231469
0.229774
0.226358
0.221677
0.216138
0.210053
0.20365
0.197122
0.190625
0.184582
0.17874
0.173511
0.166948
0.111532
0.111701
0.111988
0.11189
0.111605
0.111066
0.110096
0.108439
0.105854
0.10228
0.0983166
0.094322
0.0904059
0.0866143
0.0831179
0.0800052
0.0773565
0.075219
0.0736051
0.0724905
0.0718393
0.0716146
0.0717736
0.0723054
0.0731897
0.0743289
0.0756016
0.0768862
0.0781144
0.0794054
0.0820005
0.086309
0.0914298
0.0964291
0.100797
0.104582
0.107673
0.112741
0.117136
0.127982
0.127883
0.127637
0.127245
0.126792
0.126197
0.125445
0.124655
0.124164
0.123857
0.123631
0.123432
0.123289
0.123262
0.123435
0.123737
0.124334
0.125452
0.127349
0.130161
0.133867
0.136402
0.139607
0.143176
0.15171
0.162613
0.17404
0.184777
0.1942
0.201934
0.207834
0.211969
0.214572
0.21594
0.216383
0.216145
0.215635
0.213319
0.213659
0.128087
0.128024
0.128014
0.127802
0.127466
0.126967
0.126253
0.125305
0.124124
0.122684
0.120939
0.118917
0.116645
0.11412
0.111411
0.108546
0.105579
0.102552
0.0995182
0.0964983
0.0935278
0.0906153
0.0877679
0.0849285
0.0820679
0.0792564
0.076545
0.0739822
0.0716118
0.0694404
0.0677286
0.0676515
0.0690915
0.0717366
0.0752378
0.0794353
0.0840942
0.0891434
0.0972514
0.132673
0.132601
0.132466
0.132262
0.132016
0.131702
0.131314
0.130865
0.130335
0.129722
0.129186
0.128792
0.128482
0.128203
0.127946
0.127659
0.127234
0.126273
0.12472
0.123006
0.121443
0.120011
0.119498
0.119987
0.121533
0.12316
0.125964
0.13037
0.139735
0.15152
0.164238
0.177002
0.189171
0.200337
0.210382
0.219362
0.227768
0.234344
0.240993
0.132724
0.132718
0.132711
0.132616
0.132461
0.132217
0.131862
0.131375
0.130748
0.129972
0.12904
0.127959
0.126726
0.125325
0.123772
0.122068
0.120223
0.118252
0.116175
0.114001
0.111749
0.109423
0.107021
0.10447
0.101707
0.0987688
0.0956783
0.0924688
0.0891743
0.0858304
0.0824726
0.0791906
0.0761479
0.0735324
0.0714933
0.0716537
0.073497
0.0761788
0.0831806
0.135085
0.135041
0.134951
0.134822
0.134668
0.134468
0.134224
0.133941
0.133606
0.133224
0.13279
0.132299
0.131755
0.131262
0.130866
0.130531
0.130167
0.129656
0.128822
0.127573
0.125971
0.124118
0.122418
0.121133
0.12028
0.1197
0.119434
0.119543
0.120861
0.122586
0.126008
0.134961
0.147422
0.162241
0.17857
0.195827
0.213799
0.232658
0.250878
0.135119
0.13511
0.135105
0.13504
0.134943
0.134784
0.134553
0.134246
0.133862
0.133395
0.132836
0.13219
0.131453
0.130615
0.129682
0.128648
0.127515
0.126283
0.124958
0.123538
0.122029
0.120426
0.11872
0.116852
0.114765
0.112468
0.10996
0.107248
0.10434
0.101253
0.0980054
0.094614
0.0911011
0.0875137
0.0838835
0.0804144
0.0774485
0.0748624
0.0764893
0.136436
0.136404
0.136346
0.13626
0.136153
0.136017
0.13585
0.135655
0.135426
0.135163
0.134864
0.134525
0.134142
0.133711
0.133227
0.132691
0.132094
0.131435
0.130704
0.129875
0.128899
0.127728
0.126336
0.124779
0.123171
0.121581
0.120074
0.119244
0.118825
0.118616
0.11862
0.119947
0.122042
0.129177
0.141567
0.159066
0.181343
0.210394
0.243578
0.136455
0.136448
0.136443
0.136399
0.136335
0.136227
0.136067
0.135857
0.135599
0.135288
0.134921
0.134498
0.134019
0.133477
0.132874
0.132204
0.131468
0.130663
0.129791
0.128848
0.127833
0.126741
0.12556
0.124248
0.122759
0.121089
0.119226
0.117164
0.114895
0.112416
0.109723
0.106821
0.10371
0.100392
0.0968717
0.0930961
0.0891258
0.0844133
0.0789148
0.137296
0.137275
0.137233
0.13717
0.137094
0.136996
0.136876
0.136736
0.136573
0.136385
0.136172
0.135929
0.135655
0.135347
0.134998
0.134605
0.134159
0.13365
0.133057
0.132373
0.131586
0.130684
0.129642
0.128435
0.127075
0.125581
0.123944
0.122298
0.12068
0.11939
0.118664
0.118313
0.11803
0.119031
0.121086
0.129537
0.145925
0.175731
0.221094
0.137309
0.137301
0.137295
0.137262
0.137217
0.137138
0.13702
0.136867
0.136681
0.136461
0.136203
0.135909
0.135578
0.135205
0.134792
0.134333
0.133829
0.133277
0.132677
0.132025
0.13132
0.130556
0.129723
0.128791
0.127727
0.126522
0.125165
0.123642
0.121939
0.120044
0.117942
0.115625
0.113079
0.110297
0.107263
0.103918
0.100166
0.0958111
0.0873607
0.137885
0.137869
0.137839
0.137792
0.137734
0.13766
0.13757
0.137464
0.137341
0.1372
0.13704
0.136857
0.136652
0.136419
0.136155
0.135857
0.135517
0.13513
0.134684
0.134169
0.133569
0.132878
0.132085
0.131178
0.130156
0.129008
0.127708
0.12624
0.124605
0.122862
0.121181
0.119551
0.118601
0.118146
0.117754
0.119123
0.123269
0.142073
0.189462
0.137893
0.137885
0.137877
0.13785
0.137817
0.137758
0.137667
0.13755
0.13741
0.137246
0.137055
0.136841
0.136601
0.136334
0.136038
0.135711
0.13535
0.134955
0.134526
0.134058
0.13355
0.132997
0.132391
0.131711
0.130933
0.130049
0.129048
0.127918
0.126644
0.125213
0.123607
0.121811
0.119807
0.117574
0.115086
0.112297
0.109032
0.105446
0.0970325
0.138311
0.138298
0.138275
0.138239
0.138194
0.138136
0.138065
0.137984
0.137889
0.13778
0.137657
0.137518
0.137361
0.137184
0.136984
0.136757
0.1365
0.136207
0.13587
0.135482
0.13503
0.134506
0.133899
0.133204
0.132424
0.131551
0.130562
0.129432
0.128136
0.126644
0.124971
0.123114
0.12129
0.119554
0.118505
0.117951
0.117915
0.12122
0.158206
0.138315
0.138307
0.138298
0.138275
0.138249
0.138203
0.138131
0.138038
0.137929
0.137802
0.137657
0.137495
0.137314
0.137115
0.136895
0.136653
0.136388
0.136097
0.13578
0.135434
0.135056
0.134645
0.134192
0.133682
0.133099
0.132435
0.131682
0.13083
0.129866
0.128777
0.127548
0.126162
0.124602
0.122843
0.120854
0.118597
0.115869
0.112957
0.105621
0.138631
0.138621
0.138602
0.138573
0.138537
0.13849
0.138433
0.138368
0.138292
0.138205
0.138108
0.137998
0.137873
0.137734
0.137575
0.137396
0.137193
0.13696
0.136695
0.136392
0.136043
0.135641
0.135177
0.134646
0.134048
0.133378
0.132619
0.131754
0.130763
0.129615
0.128278
0.126717
0.124935
0.122933
0.12095
0.119227
0.118488
0.115387
0.136156
0.138633
0.138625
0.138615
0.138594
0.138574
0.138536
0.138478
0.138403
0.138315
0.138214
0.1381
0.137973
0.137834
0.13768
0.137513
0.137329
0.137128
0.136908
0.136668
0.136406
0.13612
0.135806
0.135459
0.135069
0.134621
0.134112
0.133534
0.132879
0.132137
0.131297
0.130345
0.129268
0.128049
0.126666
0.125089
0.123285
0.12106
0.118706
0.112618
0.138879
0.138871
0.138855
0.138831
0.138801
0.138762
0.138715
0.138662
0.1386
0.13853
0.138451
0.138362
0.138263
0.138151
0.138025
0.137883
0.137722
0.137539
0.137329
0.137089
0.136811
0.136492
0.136125
0.135707
0.135238
0.134712
0.134118
0.133442
0.13267
0.131782
0.13075
0.129539
0.128105
0.126391
0.124398
0.122088
0.120349
0.116315
0.123875
0.138881
0.138872
0.138861
0.138841
0.138825
0.138794
0.138746
0.138683
0.138612
0.13853
0.138438
0.138336
0.138226
0.138105
0.137974
0.137831
0.137675
0.137505
0.13732
0.137117
0.136896
0.136652
0.136383
0.136078
0.135729
0.13533
0.134878
0.134366
0.133785
0.133126
0.13238
0.131533
0.130571
0.129477
0.128223
0.126781
0.124983
0.123088
0.118146
0.139077
0.13907
0.139056
0.139035
0.139009
0.138976
0.138937
0.138892
0.138841
0.138783
0.138718
0.138645
0.138563
0.138472
0.138369
0.138253
0.138122
0.137973
0.137803
0.137609
0.137386
0.137131
0.136838
0.136504
0.13613
0.135712
0.135238
0.134699
0.134085
0.133381
0.132568
0.131621
0.130504
0.129159
0.127529
0.125412
0.123215
0.11952
0.119965
0.139078
0.139069
0.139058
0.139039
0.139025
0.138999
0.138958
0.138905
0.138845
0.138778
0.138702
0.13862
0.13853
0.138433
0.138328
0.138215
0.138092
0.137958
0.137812
0.137653
0.137479
0.137287
0.137073
0.136832
0.136555
0.13624
0.135881
0.135473
0.135012
0.134488
0.133894
0.13322
0.132453
0.131579
0.130573
0.129415
0.127962
0.126434
0.122464
0.139237
0.13923
0.139218
0.1392
0.139177
0.139149
0.139115
0.139077
0.139033
0.138984
0.13893
0.138869
0.138801
0.138726
0.138641
0.138545
0.138437
0.138315
0.138176
0.138017
0.137835
0.137627
0.137389
0.137118
0.136816
0.136477
0.136095
0.13566
0.135164
0.134595
0.13394
0.133181
0.132293
0.131234
0.129956
0.128275
0.126237
0.122877
0.120251
0.139238
0.13923
0.139218
0.139199
0.139187
0.139165
0.13913
0.139085
0.139034
0.138977
0.138914
0.138846
0.138772
0.138692
0.138608
0.138516
0.138417
0.13831
0.138194
0.138067
0.137928
0.137774
0.137603
0.137409
0.137187
0.136933
0.136645
0.136317
0.135946
0.135524
0.135046
0.134502
0.133884
0.133178
0.132365
0.131427
0.130247
0.129008
0.125831
0.139369
0.139363
0.139352
0.139335
0.139315
0.13929
0.13926
0.139227
0.13919
0.139148
0.139102
0.139051
0.138994
0.13893
0.138859
0.138779
0.138689
0.138587
0.138472
0.13834
0.13819
0.138018
0.137822
0.1376
0.137353
0.137076
0.136763
0.136408
0.136003
0.135538
0.135003
0.134384
0.133661
0.132806
0.131785
0.130475
0.128812
0.12607
0.122313
0.139371
0.139362
0.13935
0.139332
0.139321
0.139302
0.139271
0.139232
0.139189
0.13914
0.139087
0.139029
0.138968
0.138902
0.138832
0.138757
0.138677
0.13859
0.138496
0.138393
0.138281
0.138156
0.138018
0.13786
0.137679
0.137473
0.137239
0.136973
0.13667
0.136327
0.135937
0.135495
0.134991
0.134416
0.133753
0.132987
0.132022
0.131009
0.128466
0.139479
0.139473
0.139463
0.139448
0.139429
0.139407
0.13938
0.139352
0.139319
0.139283
0.139244
0.1392
0.139152
0.139098
0.139038
0.138971
0.138895
0.138809
0.138712
0.138602
0.138476
0.138332
0.13817
0.137986
0.137781
0.137552
0.137294
0.137001
0.136667
0.136284
0.135843
0.135332
0.134737
0.134034
0.133196
0.132146
0.130812
0.128757
0.124855
0.139481
0.139474
0.139461
0.139443
0.139433
0.139416
0.139389
0.139355
0.139318
0.139276
0.13923
0.139181
0.139129
0.139074
0.139016
0.138954
0.138887
0.138816
0.138739
0.138655
0.138563
0.138461
0.138347
0.138218
0.13807
0.137901
0.137709
0.13749
0.137242
0.13696
0.13664
0.136276
0.135862
0.135388
0.134843
0.134212
0.133419
0.132583
0.13054
0.139573
0.139566
0.139556
0.139542
0.139525
0.139505
0.139482
0.139456
0.139428
0.139397
0.139363
0.139326
0.139284
0.139238
0.139187
0.139129
0.139065
0.138992
0.13891
0.138816
0.13871
0.138589
0.138453
0.138299
0.138128
0.137937
0.137722
0.137478
0.1372
0.136881
0.136515
0.136091
0.135597
0.135013
0.134316
0.133454
0.13235
0.130851
0.127303
0.139575
0.139568
0.139556
0.139538
0.139528
0.139513
0.139489
0.13946
0.139426
0.13939
0.13935
0.139308
0.139264
0.139217
0.139168
0.139116
0.139061
0.139002
0.138938
0.138868
0.138792
0.138708
0.138614
0.138507
0.138385
0.138245
0.138086
0.137905
0.137699
0.137466
0.1372
0.136899
0.136555
0.136163
0.135711
0.135188
0.134531
0.133837
0.132188
0.139652
0.139646
0.139636
0.139622
0.139607
0.139588
0.139568
0.139545
0.139521
0.139494
0.139464
0.139432
0.139396
0.139356
0.139312
0.139263
0.139207
0.139145
0.139075
0.138995
0.138904
0.138802
0.138686
0.138557
0.138413
0.138252
0.138071
0.137866
0.137633
0.137367
0.13706
0.136705
0.136292
0.135804
0.135221
0.134505
0.133568
0.13244
0.129468
0.139655
0.139649
0.139637
0.139619
0.13961
0.139596
0.139575
0.139549
0.139519
0.139487
0.139452
0.139416
0.139378
0.139338
0.139296
0.139252
0.139205
0.139156
0.139103
0.139045
0.138981
0.138911
0.138833
0.138744
0.138641
0.138524
0.138392
0.138241
0.13807
0.137875
0.137654
0.137402
0.137115
0.136788
0.13641
0.135973
0.135426
0.134846
0.133508
0.139721
0.139714
0.139704
0.139691
0.139677
0.13966
0.139642
0.139622
0.1396
0.139577
0.139551
0.139522
0.139491
0.139457
0.139419
0.139376
0.139328
0.139274
0.139214
0.139145
0.139068
0.13898
0.138882
0.138771
0.138649
0.138513
0.13836
0.138187
0.13799
0.137765
0.137507
0.137208
0.13686
0.136451
0.13596
0.135362
0.134564
0.133658
0.131303
0.139724
0.139719
0.139707
0.139689
0.13968
0.139668
0.139649
0.139625
0.139599
0.139571
0.13954
0.139508
0.139475
0.13944
0.139404
0.139367
0.139327
0.139285
0.139241
0.139192
0.139139
0.13908
0.139014
0.138939
0.138853
0.138755
0.138643
0.138517
0.138373
0.13821
0.138025
0.137813
0.137572
0.137297
0.136979
0.136612
0.136154
0.135667
0.134575
0.13978
0.139773
0.139763
0.139751
0.139737
0.139722
0.139706
0.139689
0.139669
0.139649
0.139626
0.139601
0.139574
0.139544
0.13951
0.139473
0.139432
0.139385
0.139333
0.139274
0.139207
0.139131
0.139047
0.138952
0.138848
0.138732
0.138602
0.138454
0.138287
0.138096
0.137877
0.137624
0.137329
0.136983
0.136569
0.136066
0.135392
0.134624
0.132802
0.139784
0.139779
0.139768
0.13975
0.139741
0.13973
0.139713
0.139692
0.139669
0.139643
0.139616
0.139588
0.139559
0.139528
0.139497
0.139465
0.139431
0.139396
0.139357
0.139316
0.139271
0.139221
0.139166
0.139102
0.139029
0.138946
0.138852
0.138746
0.138624
0.138487
0.13833
0.138152
0.137949
0.137716
0.137447
0.137138
0.136751
0.13634
0.135445
0.139832
0.139825
0.139814
0.139803
0.13979
0.139777
0.139762
0.139747
0.13973
0.139711
0.139691
0.13967
0.139646
0.13962
0.139591
0.139558
0.139522
0.139482
0.139436
0.139385
0.139327
0.139261
0.139188
0.139107
0.139017
0.138917
0.138806
0.138679
0.138536
0.138373
0.138186
0.137971
0.13772
0.137426
0.137074
0.136648
0.136082
0.135416
0.134
0.139836
0.139833
0.139822
0.139804
0.139795
0.139785
0.139769
0.13975
0.139729
0.139707
0.139682
0.139657
0.139631
0.139605
0.139578
0.13955
0.139521
0.13949
0.139457
0.139422
0.139384
0.139341
0.139294
0.13924
0.139178
0.139107
0.139027
0.138937
0.138834
0.138717
0.138585
0.138433
0.138261
0.138064
0.137836
0.137573
0.137246
0.136897
0.136159
0.139878
0.13987
0.139859
0.139848
0.139837
0.139825
0.139812
0.139798
0.139783
0.139767
0.139749
0.13973
0.13971
0.139687
0.139662
0.139634
0.139602
0.139567
0.139527
0.139482
0.139432
0.139375
0.139311
0.13924
0.139163
0.139077
0.13898
0.138871
0.138748
0.138608
0.138448
0.138263
0.138049
0.137797
0.137497
0.137134
0.13666
0.13608
0.134962
0.139882
0.139879
0.139869
0.139852
0.139843
0.139833
0.139819
0.139802
0.139783
0.139762
0.13974
0.139718
0.139695
0.139671
0.139647
0.139623
0.139598
0.139571
0.139543
0.139513
0.13948
0.139443
0.139403
0.139357
0.139303
0.139243
0.139175
0.139098
0.13901
0.138911
0.138798
0.138669
0.138522
0.138355
0.13816
0.137936
0.137658
0.13736
0.13675
0.139918
0.139909
0.139899
0.139889
0.139879
0.139867
0.139856
0.139844
0.13983
0.139816
0.139801
0.139785
0.139767
0.139747
0.139725
0.139701
0.139673
0.139642
0.139607
0.139568
0.139524
0.139474
0.139418
0.139357
0.139289
0.139215
0.139131
0.139037
0.13893
0.138809
0.13867
0.138511
0.138327
0.138111
0.137854
0.137542
0.137149
0.136645
0.135746
0.139923
0.139921
0.139911
0.139893
0.139885
0.139875
0.139863
0.139847
0.13983
0.139811
0.139791
0.139771
0.13975
0.139729
0.139708
0.139687
0.139665
0.139642
0.139617
0.139591
0.139562
0.139531
0.139496
0.139457
0.139411
0.139359
0.139301
0.139235
0.13916
0.139075
0.138978
0.138868
0.138743
0.138599
0.138433
0.138241
0.138004
0.13775
0.137243
0.139953
0.139944
0.139934
0.139925
0.139916
0.139905
0.139895
0.139884
0.139873
0.139861
0.139849
0.139835
0.139819
0.139802
0.139783
0.139761
0.139737
0.13971
0.139679
0.139645
0.139606
0.139562
0.139513
0.139459
0.1394
0.139335
0.139262
0.13918
0.139087
0.138982
0.138862
0.138725
0.138565
0.138379
0.138159
0.137887
0.13757
0.137132
0.136397
0.139959
0.139958
0.139948
0.139931
0.139922
0.139914
0.139902
0.139888
0.139872
0.139855
0.139836
0.139818
0.139799
0.139781
0.139762
0.139743
0.139723
0.139703
0.139682
0.139659
0.139634
0.139607
0.139577
0.139543
0.139504
0.139459
0.139409
0.139352
0.139288
0.139215
0.139132
0.139038
0.13893
0.138807
0.138665
0.1385
0.138297
0.138078
0.137655
0.139984
0.139976
0.139966
0.139957
0.139949
0.13994
0.139931
0.139922
0.139912
0.139903
0.139892
0.13988
0.139866
0.139852
0.139835
0.139816
0.139794
0.13977
0.139743
0.139713
0.139678
0.13964
0.139597
0.139549
0.139498
0.139441
0.139377
0.139306
0.139225
0.139133
0.139029
0.138909
0.138771
0.138609
0.13842
0.138182
0.137928
0.137553
0.136948
0.139991
0.139991
0.139981
0.139964
0.139955
0.139948
0.139937
0.139924
0.139909
0.139893
0.139877
0.139859
0.139843
0.139826
0.139809
0.139792
0.139775
0.139757
0.139738
0.139719
0.139697
0.139674
0.139648
0.139618
0.139584
0.139545
0.139502
0.139453
0.139398
0.139335
0.139264
0.139183
0.13909
0.138984
0.138862
0.13872
0.138546
0.138357
0.138003
0.140012
0.140004
0.139994
0.139986
0.139978
0.13997
0.139963
0.139956
0.139949
0.139941
0.139932
0.139921
0.13991
0.139897
0.139882
0.139865
0.139846
0.139825
0.139801
0.139773
0.139743
0.139709
0.139671
0.139629
0.139584
0.139534
0.139478
0.139416
0.139345
0.139265
0.139174
0.139069
0.138949
0.138808
0.138646
0.138439
0.138234
0.137914
0.137416
0.140019
0.14002
0.140011
0.139994
0.139985
0.139978
0.139969
0.139957
0.139943
0.139928
0.139912
0.139896
0.139881
0.139866
0.139851
0.139836
0.13982
0.139805
0.139788
0.139771
0.139752
0.139732
0.139709
0.139684
0.139654
0.139621
0.139583
0.139541
0.139493
0.139439
0.139377
0.139307
0.139228
0.139136
0.139031
0.138909
0.138758
0.138596
0.138298
0.140037
0.140029
0.14002
0.140012
0.140005
0.139999
0.139993
0.139988
0.139982
0.139976
0.139968
0.139959
0.139949
0.139937
0.139924
0.139909
0.139893
0.139874
0.139852
0.139828
0.139801
0.139771
0.139737
0.139701
0.139661
0.139617
0.139568
0.139513
0.139451
0.13938
0.139301
0.139209
0.139105
0.138982
0.138845
0.13867
0.1385
0.138225
0.137814
0.140045
0.140047
0.140038
0.140021
0.140012
0.140006
0.139997
0.139986
0.139973
0.139958
0.139944
0.139929
0.139915
0.139901
0.139888
0.139874
0.139861
0.139847
0.139833
0.139818
0.139801
0.139784
0.139764
0.139741
0.139716
0.139687
0.139654
0.139617
0.139576
0.139529
0.139476
0.139415
0.139347
0.139268
0.139177
0.139071
0.138941
0.1388
0.13855
0.14006
0.140051
0.140043
0.140036
0.14003
0.140025
0.140022
0.140018
0.140013
0.140008
0.140001
0.139994
0.139985
0.139975
0.139963
0.13995
0.139935
0.139918
0.139899
0.139878
0.139854
0.139827
0.139797
0.139765
0.139729
0.139691
0.139647
0.139599
0.139544
0.139482
0.139412
0.139332
0.139241
0.139136
0.139023
0.13888
0.138737
0.1385
0.138156
0.140067
0.140071
0.140063
0.140045
0.140037
0.140031
0.140023
0.140012
0.139999
0.139986
0.139972
0.139959
0.139946
0.139933
0.139921
0.139909
0.139897
0.139885
0.139872
0.139859
0.139845
0.139829
0.139812
0.139793
0.13977
0.139745
0.139717
0.139685
0.139649
0.139608
0.139562
0.13951
0.13945
0.139382
0.139303
0.139211
0.139099
0.138976
0.138765
0.14008
0.140072
0.140064
0.140058
0.140053
0.14005
0.140048
0.140046
0.140042
0.140038
0.140032
0.140025
0.140018
0.140009
0.139999
0.139987
0.139974
0.139959
0.139942
0.139923
0.139902
0.139878
0.139851
0.139823
0.139791
0.139757
0.139719
0.139676
0.139627
0.139573
0.139511
0.139441
0.139363
0.139275
0.139182
0.139066
0.138946
0.138743
0.138454
0.140088
0.140092
0.140085
0.140067
0.140059
0.140053
0.140046
0.140035
0.140023
0.14001
0.139997
0.139985
0.139973
0.139962
0.139951
0.13994
0.13993
0.139919
0.139908
0.139896
0.139884
0.13987
0.139855
0.139838
0.139819
0.139797
0.139772
0.139744
0.139713
0.139677
0.139637
0.139592
0.13954
0.139481
0.139412
0.139333
0.139236
0.139129
0.138951
0.140098
0.14009
0.140083
0.140077
0.140075
0.140074
0.140073
0.140072
0.140069
0.140065
0.14006
0.140055
0.140048
0.140041
0.140032
0.140022
0.14001
0.139997
0.139982
0.139965
0.139946
0.139925
0.139901
0.139875
0.139847
0.139817
0.139783
0.139745
0.139702
0.139654
0.1396
0.139538
0.139472
0.1394
0.139323
0.139228
0.139128
0.138959
0.138715
0.140106
0.140112
0.140105
0.140087
0.140079
0.140074
0.140067
0.140056
0.140044
0.140032
0.14002
0.140009
0.139998
0.139988
0.139978
0.139969
0.139959
0.13995
0.13994
0.13993
0.139919
0.139907
0.139894
0.139879
0.139862
0.139843
0.139821
0.139796
0.139769
0.139738
0.139703
0.139664
0.139619
0.139567
0.139508
0.139439
0.139356
0.139262
0.139111
0.140114
0.140107
0.1401
0.140096
0.140095
0.140096
0.140096
0.140095
0.140093
0.14009
0.140087
0.140082
0.140077
0.14007
0.140063
0.140054
0.140044
0.140032
0.140019
0.140004
0.139986
0.139967
0.139946
0.139923
0.139899
0.139872
0.139841
0.139808
0.13977
0.139727
0.139679
0.139626
0.139571
0.139512
0.139449
0.13937
0.139286
0.139146
0.138944
0.140123
0.14013
0.140123
0.140105
0.140097
0.140093
0.140085
0.140075
0.140063
0.140052
0.14004
0.14003
0.14002
0.140011
0.140003
0.139994
0.139986
0.139978
0.139969
0.139961
0.139951
0.139941
0.139929
0.139916
0.139901
0.139884
0.139864
0.139843
0.139819
0.139792
0.139762
0.139727
0.139688
0.139644
0.139592
0.139532
0.13946
0.139377
0.13925
0.14013
0.140123
0.140116
0.140114
0.140115
0.140117
0.140118
0.140117
0.140116
0.140114
0.140112
0.140108
0.140104
0.140098
0.140092
0.140084
0.140075
0.140064
0.140052
0.140039
0.140023
0.140006
0.139988
0.139967
0.139945
0.139921
0.139894
0.139864
0.139831
0.139793
0.139751
0.139707
0.139662
0.139613
0.139559
0.139493
0.139423
0.139307
0.139142
0.140137
0.140146
0.140139
0.140121
0.140114
0.14011
0.140102
0.140092
0.14008
0.140069
0.140059
0.14005
0.140041
0.140033
0.140026
0.140018
0.140011
0.140004
0.139996
0.139988
0.13998
0.139971
0.13996
0.139949
0.139935
0.13992
0.139904
0.139885
0.139865
0.139841
0.139815
0.139785
0.139751
0.139712
0.139668
0.139615
0.139552
0.13948
0.139371
0.140143
0.140137
0.14013
0.140131
0.140134
0.140136
0.140137
0.140138
0.140138
0.140137
0.140135
0.140133
0.140129
0.140124
0.140118
0.140111
0.140103
0.140094
0.140083
0.140071
0.140057
0.140042
0.140025
0.140007
0.139987
0.139966
0.139942
0.139915
0.139886
0.139852
0.139817
0.139781
0.139744
0.139703
0.139657
0.139602
0.139542
0.139446
0.139312
0.14015
0.14016
0.140154
0.140135
0.140129
0.140125
0.140117
0.140107
0.140096
0.140085
0.140076
0.140068
0.14006
0.140053
0.140046
0.14004
0.140033
0.140027
0.14002
0.140013
0.140006
0.139998
0.139989
0.139979
0.139968
0.139955
0.139941
0.139926
0.139909
0.139889
0.139867
0.139841
0.139812
0.139778
0.139739
0.139693
0.139638
0.139574
0.13948
0.140156
0.14015
0.140144
0.140148
0.140152
0.140154
0.140156
0.140157
0.140158
0.140158
0.140157
0.140155
0.140152
0.140148
0.140143
0.140137
0.14013
0.140122
0.140112
0.140101
0.140089
0.140075
0.14006
0.140044
0.140026
0.140007
0.139986
0.139962
0.139936
0.139908
0.139879
0.139849
0.139818
0.139783
0.139745
0.139698
0.139647
0.139566
0.139457
0.140162
0.140173
0.140167
0.140148
0.140143
0.140139
0.140131
0.14012
0.14011
0.1401
0.140092
0.140085
0.140078
0.140072
0.140066
0.14006
0.140054
0.140048
0.140043
0.140037
0.14003
0.140023
0.140016
0.140008
0.14
0.139991
0.13998
0.139968
0.139954
0.139939
0.13992
0.139899
0.139874
0.139844
0.13981
0.13977
0.139721
0.139664
0.139581
0.140168
0.140161
0.140157
0.140164
0.140168
0.140169
0.140173
0.140175
0.140177
0.140178
0.140177
0.140176
0.140173
0.14017
0.140166
0.140161
0.140155
0.140148
0.140139
0.14013
0.140119
0.140107
0.140094
0.140079
0.140063
0.140046
0.140027
0.140006
0.139983
0.13996
0.139937
0.139912
0.139885
0.139856
0.139823
0.139782
0.139739
0.139671
0.139581
0.140173
0.140182
0.140178
0.14016
0.140156
0.140152
0.140143
0.140132
0.140122
0.140114
0.140107
0.1401
0.140095
0.140089
0.140083
0.140078
0.140073
0.140068
0.140063
0.140058
0.140053
0.140048
0.140044
0.14004
0.140036
0.14003
0.140023
0.140014
0.140004
0.139992
0.139977
0.139959
0.139938
0.139913
0.139882
0.139847
0.139803
0.139752
0.13968
0.140179
0.140172
0.140169
0.140179
0.140182
0.140183
0.140188
0.14019
0.140192
0.140193
0.140193
0.140193
0.140191
0.140189
0.140186
0.140183
0.140178
0.140173
0.140166
0.140159
0.140151
0.140141
0.14013
0.140118
0.140104
0.140089
0.140072
0.140054
0.140035
0.140015
0.139994
0.139972
0.139948
0.139922
0.139893
0.139858
0.139821
0.139763
0.139689
0.140183
0.140189
0.140185
0.140171
0.140167
0.140163
0.140153
0.140143
0.140134
0.140127
0.140121
0.140115
0.14011
0.140105
0.1401
0.140096
0.140092
0.140088
0.140084
0.14008
0.140077
0.140075
0.140075
0.140075
0.140074
0.140071
0.140066
0.14006
0.140054
0.140045
0.140034
0.14002
0.140003
0.139981
0.139954
0.139923
0.139885
0.139837
0.139783
0.140188
0.140181
0.140181
0.14019
0.140192
0.140195
0.140198
0.1402
0.140202
0.140203
0.140204
0.140204
0.140204
0.140203
0.140202
0.1402
0.140198
0.140195
0.140191
0.140187
0.140182
0.140177
0.14017
0.140162
0.140153
0.140142
0.140128
0.140113
0.140096
0.140078
0.140058
0.140036
0.140012
0.139987
0.139959
0.139927
0.139894
0.139844
0.139783
0.14019
0.140193
0.14019
0.140179
0.140175
0.140171
0.140163
0.140152
0.140145
0.140139
0.140133
0.140128
0.140124
0.140119
0.140116
0.140113
0.14011
0.140107
0.140105
0.140104
0.140103
0.140104
0.140105
0.140106
0.140106
0.140104
0.140101
0.140097
0.140093
0.140087
0.14008
0.140071
0.140058
0.140042
0.14002
0.139993
0.13996
0.139917
0.139877
0.140194
0.140189
0.140191
0.140197
0.140199
0.140201
0.140204
0.140206
0.140208
0.140209
0.14021
0.140211
0.140212
0.140212
0.140212
0.140211
0.14021
0.140209
0.140207
0.140205
0.140202
0.140199
0.140196
0.140192
0.140186
0.14018
0.140172
0.140162
0.140151
0.140137
0.14012
0.140101
0.140079
0.140054
0.140027
0.139996
0.139964
0.139918
0.139866
0.140194
0.140196
0.140193
0.140185
0.14018
0.140176
0.14017
0.140161
0.140155
0.14015
0.140145
0.14014
0.140137
0.140134
0.140131
0.140129
0.140128
0.140127
0.140126
0.140126
0.140126
0.140127
0.140127
0.140128
0.140127
0.140125
0.140123
0.14012
0.140117
0.140113
0.140108
0.140102
0.140095
0.140085
0.14007
0.140049
0.140023
0.139985
0.139956
0.140197
0.140195
0.140197
0.140201
0.140203
0.140206
0.140208
0.14021
0.140212
0.140214
0.140215
0.140216
0.140217
0.140218
0.140218
0.140218
0.140218
0.140218
0.140217
0.140216
0.140215
0.140213
0.140211
0.140209
0.140206
0.140203
0.140198
0.140193
0.140187
0.140178
0.140168
0.140155
0.140139
0.140118
0.140095
0.140065
0.140034
0.13999
0.139943
0.140197
0.140197
0.140194
0.140188
0.140183
0.140179
0.140174
0.140168
0.140163
0.140159
0.140155
0.140151
0.140149
0.140147
0.140145
0.140144
0.140143
0.140142
0.140142
0.140141
0.140141
0.14014
0.14014
0.14014
0.140139
0.140137
0.140136
0.140133
0.140131
0.140128
0.140125
0.140121
0.140117
0.14011
0.140102
0.140089
0.140072
0.140042
0.14002
0.140199
0.140199
0.1402
0.140204
0.140206
0.140209
0.140211
0.140213
0.140215
0.140217
0.140219
0.14022
0.140221
0.140222
0.140223
0.140224
0.140224
0.140224
0.140224
0.140224
0.140224
0.140223
0.140222
0.140221
0.140219
0.140217
0.140215
0.140212
0.140208
0.140204
0.140198
0.140191
0.140181
0.140168
0.140152
0.140129
0.140102
0.140061
0.140017
0.140198
0.140198
0.140195
0.140189
0.140185
0.140181
0.140176
0.140171
0.140168
0.140164
0.140161
0.140159
0.140156
0.140155
0.140153
0.140152
0.140151
0.14015
0.140149
0.140149
0.140148
0.140147
0.140147
0.140146
0.140145
0.140144
0.140143
0.140141
0.140139
0.140137
0.140135
0.140133
0.14013
0.140126
0.140121
0.140113
0.140105
0.140081
0.140068
0.1402
0.140201
0.140202
0.140206
0.140208
0.140211
0.140213
0.140216
0.140218
0.14022
0.140222
0.140223
0.140225
0.140226
0.140227
0.140228
0.140229
0.140229
0.14023
0.14023
0.14023
0.14023
0.14023
0.140229
0.140228
0.140227
0.140226
0.140224
0.140222
0.140219
0.140216
0.140212
0.140208
0.140201
0.140192
0.140177
0.140159
0.140127
0.140089
0.140199
0.140199
0.140196
0.14019
0.140185
0.140181
0.140177
0.140173
0.14017
0.140167
0.140164
0.140162
0.14016
0.140158
0.140157
0.140156
0.140155
0.140154
0.140153
0.140152
0.140151
0.140151
0.14015
0.14015
0.140149
0.140148
0.140147
0.140145
0.140144
0.140143
0.140141
0.140139
0.140138
0.140135
0.140132
0.140127
0.140124
0.140107
0.1401
0.140201
0.140202
0.140204
0.140207
0.14021
0.140212
0.140215
0.140217
0.14022
0.140222
0.140224
0.140226
0.140227
0.140229
0.14023
0.140231
0.140232
0.140233
0.140234
0.140235
0.140235
0.140235
0.140236
0.140236
0.140235
0.140235
0.140234
0.140233
0.140232
0.140231
0.140229
0.140227
0.140224
0.140221
0.140216
0.140209
0.1402
0.140178
0.140151
0.1402
0.140199
0.140196
0.14019
0.140185
0.140181
0.140177
0.140174
0.14017
0.140168
0.140165
0.140163
0.140161
0.140159
0.140158
0.140157
0.140156
0.140155
0.140154
0.140153
0.140153
0.140152
0.140151
0.140151
0.14015
0.140149
0.140148
0.140147
0.140146
0.140145
0.140144
0.140143
0.140142
0.14014
0.140138
0.140135
0.140133
0.140124
0.140121
0.140201
0.140202
0.140204
0.140208
0.140211
0.140213
0.140216
0.140219
0.140221
0.140223
0.140225
0.140227
0.140229
0.140231
0.140232
0.140234
0.140235
0.140236
0.140237
0.140238
0.140239
0.14024
0.14024
0.140241
0.140241
0.140241
0.140241
0.140241
0.14024
0.140239
0.140238
0.140237
0.140236
0.140234
0.140232
0.140229
0.140225
0.140213
0.140199
0.1402
0.140199
0.140195
0.14019
0.140185
0.140181
0.140177
0.140173
0.14017
0.140167
0.140164
0.140162
0.14016
0.140159
0.140157
0.140156
0.140155
0.140154
0.140153
0.140153
0.140152
0.140151
0.140151
0.14015
0.140149
0.140149
0.140148
0.140147
0.140146
0.140146
0.140145
0.140144
0.140143
0.140143
0.140142
0.14014
0.140139
0.140133
0.140133
0.140201
0.140203
0.140205
0.140208
0.140211
0.140214
0.140217
0.140219
0.140222
0.140224
0.140227
0.140229
0.140231
0.140232
0.140234
0.140236
0.140237
0.140238
0.14024
0.140241
0.140242
0.140243
0.140244
0.140245
0.140245
0.140246
0.140246
0.140246
0.140247
0.140246
0.140246
0.140246
0.140245
0.140244
0.140243
0.140242
0.140241
0.140235
0.14023
0.140199
0.140198
0.140195
0.140189
0.140184
0.14018
0.140176
0.140172
0.140169
0.140166
0.140163
0.140161
0.140159
0.140157
0.140156
0.140154
0.140153
0.140153
0.140152
0.140151
0.14015
0.14015
0.140149
0.140148
0.140148
0.140147
0.140146
0.140146
0.140145
0.140145
0.140144
0.140144
0.140143
0.140143
0.140142
0.140142
0.140141
0.140138
0.14014
0.140201
0.140202
0.140205
0.140208
0.140211
0.140214
0.140217
0.14022
0.140223
0.140225
0.140227
0.14023
0.140232
0.140233
0.140235
0.140237
0.140239
0.14024
0.140242
0.140243
0.140244
0.140246
0.140247
0.140248
0.140249
0.14025
0.140251
0.140251
0.140252
0.140252
0.140252
0.140253
0.140253
0.140252
0.140252
0.140252
0.140252
0.140248
0.14025
0.140199
0.140197
0.140194
0.140188
0.140183
0.140178
0.140175
0.140171
0.140167
0.140164
0.140161
0.140158
0.140156
0.140154
0.140153
0.140152
0.140151
0.14015
0.140149
0.140148
0.140147
0.140147
0.140146
0.140146
0.140145
0.140144
0.140144
0.140143
0.140143
0.140143
0.140142
0.140142
0.140142
0.140142
0.140142
0.140141
0.140142
0.140139
0.140142
0.1402
0.140202
0.140204
0.140208
0.140211
0.140214
0.140217
0.14022
0.140223
0.140225
0.140228
0.14023
0.140232
0.140234
0.140236
0.140238
0.14024
0.140241
0.140243
0.140245
0.140246
0.140248
0.140249
0.140251
0.140252
0.140253
0.140254
0.140255
0.140256
0.140257
0.140257
0.140258
0.140259
0.140259
0.14026
0.14026
0.140261
0.140258
0.140263
0.140198
0.140196
0.140192
0.140186
0.140181
0.140177
0.140173
0.140169
0.140165
0.140161
0.140158
0.140155
0.140153
0.140151
0.14015
0.140148
0.140147
0.140146
0.140145
0.140145
0.140144
0.140143
0.140143
0.140142
0.140142
0.140141
0.14014
0.14014
0.14014
0.14014
0.14014
0.140139
0.14014
0.14014
0.14014
0.14014
0.140141
0.140139
0.140143
0.140199
0.140201
0.140204
0.140207
0.140211
0.140214
0.140217
0.14022
0.140223
0.140225
0.140228
0.14023
0.140232
0.140234
0.140236
0.140238
0.14024
0.140242
0.140244
0.140246
0.140247
0.140249
0.140251
0.140252
0.140254
0.140255
0.140256
0.140258
0.140259
0.14026
0.140261
0.140262
0.140264
0.140265
0.140266
0.140267
0.140269
0.140267
0.140272
0.140197
0.140195
0.140191
0.140184
0.140179
0.140175
0.140171
0.140166
0.140162
0.140158
0.140155
0.140152
0.140149
0.140147
0.140145
0.140144
0.140143
0.140142
0.140141
0.14014
0.14014
0.140139
0.140139
0.140138
0.140137
0.140137
0.140137
0.140136
0.140136
0.140136
0.140136
0.140136
0.140136
0.140137
0.140137
0.140138
0.140139
0.140138
0.140141
0.140198
0.1402
0.140203
0.140207
0.14021
0.140213
0.140216
0.140219
0.140222
0.140225
0.140227
0.14023
0.140232
0.140234
0.140236
0.140238
0.14024
0.140242
0.140244
0.140246
0.140248
0.14025
0.140252
0.140253
0.140255
0.140257
0.140258
0.14026
0.140261
0.140263
0.140264
0.140266
0.140267
0.140269
0.140271
0.140272
0.140275
0.140274
0.14028
0.140195
0.140193
0.140189
0.140183
0.140177
0.140173
0.140168
0.140163
0.140159
0.140154
0.14015
0.140147
0.140145
0.140142
0.140141
0.140139
0.140138
0.140137
0.140137
0.140136
0.140135
0.140135
0.140134
0.140134
0.140133
0.140133
0.140132
0.140132
0.140132
0.140132
0.140132
0.140133
0.140133
0.140133
0.140134
0.140135
0.140136
0.140136
0.140139
0.140196
0.140199
0.140202
0.140206
0.140209
0.140212
0.140216
0.140219
0.140221
0.140224
0.140227
0.140229
0.140231
0.140233
0.140235
0.140237
0.14024
0.140242
0.140244
0.140246
0.140248
0.14025
0.140252
0.140254
0.140256
0.140258
0.140259
0.140261
0.140263
0.140265
0.140267
0.140268
0.14027
0.140272
0.140274
0.140276
0.140279
0.140279
0.140286
0.140194
0.140191
0.140187
0.14018
0.140175
0.14017
0.140165
0.14016
0.140155
0.14015
0.140146
0.140142
0.14014
0.140137
0.140136
0.140134
0.140133
0.140132
0.140132
0.140131
0.14013
0.14013
0.140129
0.140129
0.140128
0.140128
0.140128
0.140128
0.140128
0.140128
0.140128
0.140129
0.140129
0.14013
0.140131
0.140131
0.140133
0.140133
0.140137
0.140195
0.140197
0.140201
0.140204
0.140208
0.140211
0.140215
0.140218
0.14022
0.140223
0.140225
0.140228
0.14023
0.140232
0.140234
0.140236
0.140239
0.140241
0.140243
0.140245
0.140247
0.14025
0.140252
0.140254
0.140256
0.140258
0.14026
0.140262
0.140264
0.140266
0.140268
0.14027
0.140272
0.140275
0.140277
0.140279
0.140283
0.140284
0.140291
0.140192
0.140189
0.140185
0.140178
0.140172
0.140168
0.140162
0.140156
0.140151
0.140145
0.140141
0.140137
0.140134
0.140132
0.14013
0.140129
0.140128
0.140127
0.140126
0.140126
0.140125
0.140125
0.140124
0.140124
0.140124
0.140123
0.140123
0.140123
0.140123
0.140124
0.140124
0.140125
0.140125
0.140126
0.140127
0.140128
0.140129
0.14013
0.140133
0.140193
0.140196
0.140199
0.140203
0.140206
0.14021
0.140213
0.140216
0.140219
0.140222
0.140224
0.140226
0.140228
0.140231
0.140233
0.140235
0.140237
0.140239
0.140242
0.140244
0.140246
0.140249
0.140251
0.140253
0.140255
0.140258
0.14026
0.140262
0.140264
0.140266
0.140269
0.140271
0.140274
0.140276
0.140279
0.140282
0.140286
0.140287
0.140295
0.14019
0.140187
0.140182
0.140175
0.14017
0.140165
0.140159
0.140152
0.140146
0.14014
0.140135
0.140131
0.140129
0.140126
0.140125
0.140123
0.140122
0.140122
0.140121
0.14012
0.14012
0.14012
0.140119
0.140119
0.140119
0.140118
0.140118
0.140119
0.140119
0.140119
0.140119
0.14012
0.140121
0.140122
0.140123
0.140124
0.140125
0.140126
0.14013
0.140191
0.140194
0.140197
0.140201
0.140205
0.140208
0.140212
0.140214
0.140217
0.14022
0.140222
0.140224
0.140226
0.140229
0.140231
0.140233
0.140235
0.140237
0.14024
0.140242
0.140245
0.140247
0.14025
0.140252
0.140254
0.140257
0.140259
0.140261
0.140264
0.140266
0.140269
0.140271
0.140274
0.140277
0.14028
0.140283
0.140288
0.140289
0.140298
0.140188
0.140185
0.14018
0.140173
0.140167
0.140161
0.140155
0.140148
0.140141
0.140134
0.140129
0.140126
0.140123
0.140121
0.140119
0.140118
0.140117
0.140116
0.140116
0.140115
0.140115
0.140114
0.140114
0.140114
0.140113
0.140113
0.140113
0.140113
0.140113
0.140114
0.140114
0.140115
0.140116
0.140116
0.140117
0.140119
0.14012
0.140121
0.140125
0.140189
0.140192
0.140195
0.140199
0.140203
0.140206
0.14021
0.140212
0.140215
0.140217
0.14022
0.140222
0.140224
0.140226
0.140228
0.14023
0.140232
0.140235
0.140237
0.14024
0.140242
0.140245
0.140247
0.14025
0.140252
0.140255
0.140257
0.14026
0.140262
0.140265
0.140268
0.140271
0.140274
0.140277
0.14028
0.140284
0.140288
0.140291
0.140299
0.140185
0.140182
0.140177
0.14017
0.140164
0.140158
0.140151
0.140143
0.140135
0.140129
0.140124
0.14012
0.140117
0.140115
0.140113
0.140112
0.140111
0.14011
0.14011
0.140109
0.140109
0.140108
0.140108
0.140108
0.140107
0.140107
0.140107
0.140107
0.140107
0.140108
0.140108
0.140109
0.140109
0.14011
0.140111
0.140112
0.140114
0.140115
0.140119
0.140186
0.140189
0.140193
0.140197
0.140201
0.140204
0.140207
0.14021
0.140212
0.140215
0.140217
0.140219
0.140221
0.140223
0.140225
0.140227
0.140229
0.140232
0.140234
0.140237
0.140239
0.140242
0.140245
0.140247
0.14025
0.140252
0.140255
0.140258
0.140261
0.140263
0.140266
0.14027
0.140273
0.140276
0.14028
0.140284
0.140288
0.140292
0.140299
0.140183
0.140179
0.140174
0.140166
0.14016
0.140154
0.140146
0.140137
0.140129
0.140123
0.140117
0.140114
0.140111
0.140109
0.140107
0.140106
0.140105
0.140104
0.140104
0.140103
0.140102
0.140102
0.140101
0.140101
0.1401
0.1401
0.1401
0.1401
0.1401
0.1401
0.1401
0.140101
0.140101
0.140102
0.140103
0.140104
0.140106
0.140107
0.140111
0.140183
0.140187
0.140191
0.140195
0.140198
0.140202
0.140205
0.140207
0.140209
0.140212
0.140213
0.140215
0.140217
0.140219
0.140221
0.140223
0.140225
0.140228
0.14023
0.140233
0.140236
0.140238
0.140241
0.140244
0.140247
0.140249
0.140252
0.140255
0.140258
0.140261
0.140264
0.140267
0.140271
0.140275
0.140278
0.140282
0.140288
0.140291
0.140299
0.14018
0.140176
0.140171
0.140163
0.140157
0.14015
0.140141
0.140131
0.140123
0.140116
0.140111
0.140107
0.140105
0.140103
0.140101
0.140099
0.140098
0.140097
0.140097
0.140096
0.140095
0.140094
0.140094
0.140093
0.140092
0.140091
0.140091
0.140091
0.14009
0.14009
0.14009
0.140091
0.140091
0.140092
0.140093
0.140094
0.140095
0.140097
0.140101
0.140181
0.140184
0.140188
0.140192
0.140196
0.140199
0.140201
0.140204
0.140206
0.140208
0.14021
0.140211
0.140213
0.140215
0.140217
0.140219
0.140221
0.140223
0.140226
0.140228
0.140231
0.140234
0.140237
0.14024
0.140243
0.140245
0.140248
0.140251
0.140254
0.140258
0.140261
0.140264
0.140268
0.140272
0.140276
0.14028
0.140286
0.14029
0.140298
0.140177
0.140173
0.140167
0.14016
0.140153
0.140145
0.140136
0.140125
0.140117
0.14011
0.140105
0.140101
0.140098
0.140096
0.140094
0.140092
0.140091
0.140089
0.140088
0.140087
0.140086
0.140085
0.140084
0.140083
0.140082
0.140081
0.14008
0.14008
0.140079
0.140079
0.140078
0.140078
0.140079
0.140079
0.14008
0.140081
0.140082
0.140083
0.140087
0.140178
0.140181
0.140185
0.140189
0.140193
0.140195
0.140198
0.1402
0.140202
0.140204
0.140205
0.140207
0.140208
0.14021
0.140212
0.140214
0.140216
0.140218
0.14022
0.140223
0.140226
0.140229
0.140232
0.140235
0.140238
0.140241
0.140244
0.140247
0.14025
0.140253
0.140257
0.140261
0.140265
0.140269
0.140273
0.140278
0.140283
0.140288
0.140296
0.140174
0.14017
0.140164
0.140156
0.140149
0.140141
0.14013
0.140119
0.14011
0.140104
0.140098
0.140094
0.140091
0.140088
0.140085
0.140083
0.140082
0.14008
0.140079
0.140077
0.140076
0.140074
0.140073
0.140071
0.14007
0.140069
0.140067
0.140066
0.140066
0.140065
0.140064
0.140064
0.140064
0.140064
0.140064
0.140065
0.140066
0.140067
0.140071
0.140174
0.140178
0.140182
0.140186
0.140189
0.140192
0.140194
0.140196
0.140197
0.140199
0.1402
0.140202
0.140203
0.140204
0.140206
0.140208
0.14021
0.140212
0.140214
0.140217
0.14022
0.140223
0.140226
0.140229
0.140232
0.140235
0.140238
0.140242
0.140245
0.140248
0.140252
0.140256
0.14026
0.140264
0.140269
0.140274
0.140279
0.140284
0.140292
0.14017
0.140166
0.14016
0.140152
0.140145
0.140136
0.140124
0.140113
0.140104
0.140097
0.140091
0.140087
0.140083
0.140079
0.140076
0.140073
0.140071
0.140069
0.140067
0.140065
0.140064
0.140062
0.14006
0.140058
0.140056
0.140054
0.140053
0.140051
0.14005
0.140049
0.140048
0.140047
0.140047
0.140047
0.140047
0.140047
0.140048
0.140049
0.140052
0.140171
0.140175
0.140179
0.140182
0.140185
0.140188
0.14019
0.140191
0.140192
0.140194
0.140195
0.140196
0.140197
0.140198
0.1402
0.140201
0.140203
0.140205
0.140208
0.14021
0.140213
0.140216
0.14022
0.140223
0.140226
0.140229
0.140232
0.140236
0.140239
0.140243
0.140246
0.14025
0.140255
0.140259
0.140264
0.140269
0.140275
0.14028
0.140288
0.140167
0.140163
0.140156
0.140148
0.14014
0.14013
0.140118
0.140106
0.140097
0.14009
0.140084
0.140078
0.140073
0.140069
0.140065
0.140062
0.140059
0.140056
0.140054
0.140052
0.14005
0.140048
0.140046
0.140043
0.140041
0.140039
0.140036
0.140034
0.140033
0.140031
0.14003
0.140028
0.140027
0.140027
0.140026
0.140026
0.140027
0.140027
0.14003
0.140167
0.140171
0.140175
0.140179
0.140181
0.140183
0.140185
0.140186
0.140187
0.140188
0.140188
0.140189
0.14019
0.140191
0.140192
0.140194
0.140196
0.140198
0.1402
0.140203
0.140206
0.140209
0.140212
0.140215
0.140219
0.140222
0.140225
0.140229
0.140232
0.140236
0.14024
0.140244
0.140248
0.140253
0.140258
0.140263
0.140269
0.140275
0.140283
0.140163
0.140159
0.140152
0.140143
0.140136
0.140124
0.140111
0.1401
0.140091
0.140083
0.140075
0.140068
0.140062
0.140057
0.140053
0.140049
0.140046
0.140043
0.14004
0.140038
0.140035
0.140033
0.14003
0.140027
0.140024
0.140021
0.140018
0.140016
0.140013
0.140011
0.140009
0.140007
0.140005
0.140004
0.140003
0.140001
0.140002
0.14
0.140002
0.140163
0.140167
0.140171
0.140174
0.140177
0.140178
0.14018
0.14018
0.140181
0.140181
0.140181
0.140182
0.140183
0.140183
0.140184
0.140186
0.140188
0.140189
0.140192
0.140194
0.140197
0.1402
0.140203
0.140207
0.14021
0.140213
0.140217
0.14022
0.140224
0.140228
0.140232
0.140237
0.140241
0.140246
0.140251
0.140256
0.140263
0.140269
0.140277
0.140159
0.140154
0.140147
0.140139
0.140131
0.140118
0.140105
0.140093
0.140083
0.140074
0.140065
0.140058
0.140051
0.140045
0.14004
0.140036
0.140032
0.140029
0.140026
0.140023
0.14002
0.140017
0.140015
0.140011
0.140008
0.140005
0.140002
0.139999
0.139997
0.139995
0.139993
0.139991
0.139989
0.139987
0.139986
0.139984
0.139982
0.139979
0.13998
0.140159
0.140163
0.140166
0.14017
0.140172
0.140173
0.140174
0.140174
0.140174
0.140174
0.140174
0.140174
0.140174
0.140175
0.140176
0.140177
0.140178
0.14018
0.140182
0.140184
0.140186
0.140189
0.140193
0.140196
0.140199
0.140202
0.140206
0.14021
0.140214
0.140218
0.140222
0.140227
0.140232
0.140237
0.140243
0.140248
0.140255
0.140261
0.14027
0.140155
0.14015
0.140143
0.140134
0.140125
0.140112
0.140098
0.140086
0.140076
0.140065
0.140055
0.140046
0.140039
0.140033
0.140027
0.140023
0.140019
0.140016
0.140013
0.14001
0.140008
0.140006
0.140004
0.140003
0.140001
0.140001
0.14
0.139999
0.139999
0.139999
0.139998
0.139998
0.139997
0.139996
0.139995
0.139993
0.139991
0.139988
0.139985
0.140154
0.140158
0.140162
0.140165
0.140166
0.140167
0.140167
0.140167
0.140167
0.140166
0.140166
0.140165
0.140165
0.140165
0.140166
0.140166
0.140167
0.140168
0.140169
0.140171
0.140173
0.140176
0.140179
0.140182
0.140186
0.140189
0.140193
0.140197
0.140201
0.140205
0.14021
0.140215
0.14022
0.140226
0.140231
0.140238
0.140245
0.140252
0.140261
0.14015
0.140145
0.140138
0.140129
0.14012
0.140105
0.140091
0.140079
0.140067
0.140055
0.140044
0.140035
0.140027
0.140021
0.140016
0.140013
0.14001
0.140009
0.140008
0.140007
0.140008
0.140008
0.140009
0.14001
0.140011
0.140013
0.140015
0.140017
0.140018
0.14002
0.140021
0.140022
0.140023
0.140024
0.140024
0.140024
0.140023
0.140023
0.140018
0.140149
0.140153
0.140157
0.140159
0.14016
0.140161
0.14016
0.14016
0.140159
0.140158
0.140157
0.140156
0.140155
0.140155
0.140154
0.140154
0.140154
0.140154
0.140155
0.140157
0.140159
0.140161
0.140164
0.140167
0.14017
0.140174
0.140177
0.140181
0.140185
0.14019
0.140195
0.1402
0.140205
0.140211
0.140217
0.140224
0.140231
0.140239
0.140249
0.140145
0.14014
0.140133
0.140124
0.140114
0.140099
0.140084
0.140071
0.140058
0.140045
0.140034
0.140025
0.140018
0.140014
0.140012
0.140012
0.140013
0.140014
0.140016
0.140018
0.140021
0.140023
0.140026
0.140029
0.140032
0.140034
0.140037
0.140039
0.140041
0.140043
0.140045
0.140046
0.140048
0.140049
0.140049
0.14005
0.14005
0.14005
0.140048
0.140144
0.140148
0.140151
0.140153
0.140154
0.140154
0.140153
0.140151
0.14015
0.140148
0.140147
0.140146
0.140144
0.140142
0.140141
0.14014
0.14014
0.14014
0.14014
0.140141
0.140143
0.140145
0.140148
0.140151
0.140154
0.140157
0.14016
0.140164
0.140168
0.140173
0.140177
0.140182
0.140188
0.140194
0.1402
0.140207
0.140215
0.140223
0.140234
0.14014
0.140135
0.140127
0.140118
0.140107
0.140092
0.140077
0.140063
0.140048
0.140035
0.140025
0.140018
0.140015
0.140016
0.140019
0.140022
0.140026
0.140029
0.140032
0.140035
0.140038
0.140041
0.140044
0.140047
0.14005
0.140053
0.140056
0.140059
0.140062
0.140064
0.140066
0.140068
0.14007
0.140071
0.140072
0.140073
0.140074
0.140075
0.140074
0.140138
0.140142
0.140145
0.140147
0.140147
0.140146
0.140145
0.140143
0.14014
0.140138
0.140136
0.140134
0.140131
0.140129
0.140127
0.140126
0.140125
0.140124
0.140125
0.140126
0.140127
0.140129
0.140132
0.140134
0.140137
0.14014
0.140143
0.140147
0.140151
0.140155
0.14016
0.140164
0.14017
0.140175
0.140181
0.140188
0.140196
0.140205
0.140215
0.140134
0.140129
0.140122
0.140112
0.140101
0.140084
0.14007
0.140055
0.140039
0.140027
0.140019
0.140018
0.140021
0.140026
0.140032
0.140036
0.140041
0.140045
0.140048
0.140051
0.140055
0.140058
0.140062
0.140066
0.14007
0.140073
0.140077
0.14008
0.140084
0.140087
0.140089
0.140092
0.140094
0.140096
0.140098
0.140099
0.1401
0.140102
0.140101
0.140132
0.140136
0.140139
0.14014
0.14014
0.140138
0.140136
0.140133
0.140131
0.140128
0.140125
0.140121
0.140118
0.140115
0.140112
0.140111
0.14011
0.140109
0.140109
0.14011
0.140111
0.140113
0.140115
0.140117
0.14012
0.140123
0.140126
0.14013
0.140133
0.140137
0.140141
0.140146
0.140151
0.140156
0.140162
0.140169
0.140176
0.140184
0.140194
0.140128
0.140123
0.140116
0.140106
0.140094
0.140077
0.140063
0.140046
0.14003
0.140021
0.14002
0.140025
0.140032
0.140039
0.140045
0.140051
0.140056
0.140061
0.140065
0.140069
0.140073
0.140077
0.140082
0.140086
0.140091
0.140096
0.1401
0.140104
0.140108
0.140111
0.140114
0.140117
0.14012
0.140122
0.140125
0.140127
0.140128
0.14013
0.140131
0.140126
0.140129
0.140132
0.140132
0.140132
0.140129
0.140127
0.140123
0.14012
0.140117
0.140112
0.140108
0.140104
0.1401
0.140098
0.140095
0.140094
0.140093
0.140092
0.140093
0.140094
0.140095
0.140097
0.1401
0.140102
0.140105
0.140108
0.140112
0.140115
0.140119
0.140124
0.140128
0.140133
0.140138
0.140144
0.14015
0.140157
0.140164
0.140174
0.140122
0.140117
0.140109
0.1401
0.140087
0.14007
0.140055
0.140037
0.140024
0.140021
0.140026
0.140035
0.140044
0.140053
0.140061
0.140068
0.140074
0.14008
0.140085
0.140089
0.140094
0.140099
0.140104
0.140109
0.140114
0.140119
0.140124
0.140129
0.140133
0.140137
0.14014
0.140144
0.140147
0.14015
0.140152
0.140155
0.140157
0.140159
0.14016
0.14012
0.140123
0.140125
0.140125
0.140124
0.140121
0.140118
0.140113
0.140109
0.140103
0.140098
0.140093
0.140089
0.140086
0.140083
0.14008
0.140079
0.140077
0.140077
0.140077
0.140077
0.140079
0.14008
0.140083
0.140085
0.140088
0.140091
0.140094
0.140098
0.140102
0.140106
0.140111
0.140116
0.140121
0.140127
0.140133
0.14014
0.140147
0.140156
0.140116
0.140111
0.140104
0.140094
0.140081
0.140063
0.140046
0.140029
0.140022
0.140025
0.140035
0.140046
0.140057
0.140067
0.140076
0.140084
0.140091
0.140097
0.140103
0.140108
0.140113
0.140118
0.140123
0.140129
0.140134
0.14014
0.140145
0.14015
0.140154
0.140158
0.140162
0.140166
0.140169
0.140172
0.140175
0.140178
0.140181
0.140184
0.140185
0.140115
0.140118
0.140119
0.140119
0.140117
0.140113
0.140108
0.140102
0.140097
0.140087
0.140081
0.140077
0.140073
0.14007
0.140068
0.140065
0.140064
0.140063
0.140062
0.140062
0.140063
0.140064
0.140065
0.140067
0.140069
0.140072
0.140075
0.140078
0.140081
0.140085
0.140089
0.140094
0.140099
0.140104
0.140109
0.140116
0.140123
0.14013
0.140139
0.140111
0.140107
0.140099
0.140088
0.140075
0.140056
0.140038
0.140024
0.140024
0.140032
0.140044
0.140057
0.14007
0.140081
0.140091
0.1401
0.140107
0.140113
0.140119
0.140124
0.140129
0.140134
0.140139
0.140144
0.14015
0.140155
0.14016
0.140165
0.140169
0.140173
0.140177
0.140181
0.140185
0.140188
0.140191
0.140195
0.140198
0.140202
0.140204
0.14011
0.140112
0.140113
0.140112
0.140109
0.140104
0.140098
0.14009
0.140084
0.14007
0.140063
0.140059
0.140056
0.140054
0.140052
0.14005
0.140049
0.140048
0.140047
0.140047
0.140048
0.140049
0.14005
0.140052
0.140054
0.140056
0.140058
0.140061
0.140064
0.140067
0.140071
0.140075
0.140079
0.140084
0.140089
0.140095
0.140102
0.140109
0.140119
0.140106
0.140101
0.140093
0.140083
0.140068
0.140049
0.140029
0.140023
0.140028
0.140041
0.140056
0.140071
0.140085
0.140097
0.140107
0.140115
0.140122
0.140128
0.140134
0.140139
0.140143
0.140148
0.140153
0.140158
0.140163
0.140168
0.140173
0.140177
0.140181
0.140185
0.140189
0.140193
0.140197
0.1402
0.140204
0.140207
0.140211
0.140215
0.140218
0.140104
0.140106
0.140106
0.140104
0.1401
0.140095
0.140088
0.140078
0.140069
0.140053
0.140046
0.140043
0.14004
0.140039
0.140037
0.140036
0.140034
0.140034
0.140033
0.140033
0.140033
0.140034
0.140035
0.140036
0.140038
0.14004
0.140042
0.140044
0.140047
0.140049
0.140052
0.140056
0.14006
0.140064
0.140068
0.140073
0.140079
0.140086
0.140094
0.1401
0.140095
0.140087
0.140076
0.140062
0.140042
0.140022
0.140023
0.140034
0.140051
0.140069
0.140086
0.1401
0.140112
0.140122
0.14013
0.140136
0.140142
0.140147
0.140151
0.140156
0.14016
0.140164
0.140169
0.140174
0.140178
0.140183
0.140187
0.140191
0.140195
0.140199
0.140203
0.140206
0.14021
0.140213
0.140217
0.140221
0.140225
0.140229
0.140097
0.140099
0.140098
0.140096
0.140091
0.140085
0.140076
0.140065
0.140054
0.140037
0.140031
0.140028
0.140027
0.140025
0.140024
0.140023
0.140022
0.140021
0.140021
0.14002
0.140021
0.140021
0.140021
0.140022
0.140023
0.140024
0.140025
0.140027
0.140029
0.140031
0.140033
0.140036
0.140039
0.140043
0.140047
0.140051
0.140057
0.140063
0.14007
0.140093
0.140089
0.140081
0.14007
0.140055
0.140035
0.140015
0.140026
0.140043
0.140064
0.140084
0.140101
0.140115
0.140126
0.140135
0.140142
0.140148
0.140153
0.140157
0.140161
0.140165
0.140169
0.140173
0.140178
0.140182
0.140187
0.140191
0.140195
0.140199
0.140203
0.140207
0.140211
0.140215
0.140219
0.140223
0.140227
0.140231
0.140235
0.140239
0.140089
0.140091
0.14009
0.140087
0.140081
0.140074
0.140064
0.140052
0.140039
0.140024
0.14002
0.140018
0.140018
0.140017
0.140016
0.140016
0.140016
0.140017
0.140017
0.140018
0.140018
0.140018
0.140018
0.140018
0.140018
0.140018
0.140018
0.140018
0.140018
0.140018
0.140018
0.140018
0.140019
0.140021
0.140023
0.140026
0.14003
0.140035
0.140041
0.140086
0.140082
0.140074
0.140063
0.140047
0.140027
0.14001
0.14003
0.140053
0.140078
0.140098
0.140114
0.140127
0.140137
0.140144
0.140151
0.140156
0.140161
0.140165
0.140169
0.140173
0.140177
0.140181
0.140186
0.140191
0.140196
0.140201
0.140206
0.14021
0.140215
0.14022
0.140225
0.140229
0.140234
0.140238
0.140243
0.140248
0.140253
0.140257
0.140081
0.140082
0.140081
0.140077
0.140071
0.140063
0.140052
0.140039
0.140024
0.140018
0.140016
0.140017
0.140019
0.140021
0.140023
0.140025
0.140027
0.140029
0.140031
0.140032
0.140033
0.140034
0.140034
0.140033
0.140033
0.140032
0.140031
0.14003
0.140029
0.140028
0.140026
0.140025
0.140023
0.140021
0.14002
0.140019
0.140019
0.140019
0.140021
0.140078
0.140074
0.140066
0.140055
0.14004
0.14002
0.140007
0.140037
0.140064
0.140089
0.140109
0.140123
0.140134
0.140144
0.140151
0.140158
0.140163
0.140168
0.140173
0.140178
0.140182
0.140187
0.140192
0.140198
0.140205
0.140211
0.140218
0.140225
0.140231
0.140238
0.140244
0.14025
0.140256
0.140263
0.140269
0.140275
0.140281
0.140289
0.140294
0.140072
0.140072
0.14007
0.140066
0.14006
0.140051
0.14004
0.140026
0.140013
0.140016
0.140019
0.140023
0.140027
0.140031
0.140034
0.140038
0.140041
0.140044
0.140046
0.140048
0.14005
0.140051
0.140052
0.140052
0.140053
0.140052
0.140052
0.140052
0.140051
0.14005
0.140049
0.140048
0.140047
0.140045
0.140043
0.140041
0.140039
0.140036
0.140034
0.140069
0.140065
0.140058
0.140047
0.140033
0.140014
0.140008
0.140043
0.140072
0.140097
0.140114
0.140128
0.14014
0.14015
0.140159
0.140167
0.140174
0.140181
0.140187
0.140193
0.140199
0.140206
0.140213
0.140221
0.14023
0.140238
0.140247
0.140256
0.140264
0.140273
0.140281
0.140289
0.140297
0.140305
0.140313
0.140322
0.14033
0.14034
0.140348
0.140061
0.140062
0.140059
0.140055
0.140048
0.140039
0.140028
0.140015
0.140007
0.140018
0.140026
0.140032
0.140038
0.140043
0.140048
0.140052
0.140056
0.14006
0.140063
0.140066
0.140068
0.14007
0.140072
0.140073
0.140074
0.140074
0.140074
0.140074
0.140073
0.140073
0.140073
0.140072
0.14007
0.140069
0.140067
0.140065
0.140062
0.140058
0.140054
0.140059
0.140055
0.140049
0.140039
0.140025
0.140008
0.140012
0.140046
0.140075
0.140099
0.140117
0.140133
0.140147
0.140161
0.140173
0.140183
0.140193
0.140202
0.140209
0.140217
0.140224
0.140232
0.14024
0.14025
0.140259
0.140269
0.140278
0.140288
0.140296
0.140305
0.140314
0.140322
0.14033
0.140338
0.140346
0.140355
0.140364
0.140374
0.140383
0.14005
0.14005
0.140048
0.140043
0.140037
0.140028
0.140017
0.140007
0.140006
0.140022
0.140031
0.140039
0.140047
0.140054
0.14006
0.140066
0.140071
0.140075
0.140079
0.140083
0.140086
0.140089
0.140091
0.140093
0.140095
0.140096
0.140097
0.140099
0.1401
0.1401
0.140101
0.140102
0.140103
0.140104
0.140104
0.140104
0.140105
0.140105
0.140104
0.140048
0.140045
0.140039
0.14003
0.140018
0.140005
0.140015
0.140045
0.140072
0.140098
0.140121
0.140141
0.14016
0.140176
0.14019
0.140201
0.140211
0.140219
0.140227
0.140233
0.14024
0.140246
0.140253
0.14026
0.140267
0.140274
0.140281
0.140287
0.140293
0.140299
0.140304
0.140309
0.140315
0.14032
0.140325
0.14033
0.140335
0.140341
0.140347
0.140037
0.140037
0.140035
0.140031
0.140025
0.140018
0.140008
0.140003
0.140009
0.140022
0.140032
0.140042
0.140052
0.140061
0.140069
0.140076
0.140083
0.140089
0.140095
0.1401
0.140105
0.140109
0.140113
0.140116
0.140118
0.140119
0.140121
0.140122
0.140121
0.140123
0.140123
0.140123
0.140122
0.140121
0.14012
0.140118
0.140116
0.140115
0.140115
0.140036
0.140034
0.140029
0.140022
0.140012
0.140003
0.140016
0.140038
0.140066
0.140098
0.140125
0.140147
0.140164
0.140176
0.140185
0.140192
0.140197
0.140202
0.140205
0.140208
0.140211
0.140214
0.140217
0.140221
0.140225
0.140229
0.140234
0.140239
0.140244
0.140249
0.140255
0.140262
0.140268
0.140275
0.140282
0.140289
0.140297
0.140307
0.140315
0.140023
0.140023
0.140021
0.140018
0.140014
0.140009
0.140003
0.140003
0.140009
0.140016
0.140026
0.140037
0.140049
0.140059
0.140068
0.140075
0.140082
0.140089
0.140095
0.140101
0.140107
0.140113
0.140119
0.140125
0.14013
0.140136
0.140142
0.140149
0.140157
0.140162
0.140169
0.140176
0.140183
0.140191
0.140198
0.140207
0.140215
0.140225
0.140234
0.140023
0.140021
0.140018
0.140013
0.140006
0.140003
0.140014
0.140026
0.140057
0.14009
0.140108
0.140117
0.140122
0.140125
0.140129
0.140133
0.140136
0.14014
0.140143
0.140146
0.140149
0.140154
0.140161
0.14017
0.140183
0.140197
0.140212
0.140229
0.140247
0.140265
0.140284
0.140303
0.140323
0.140343
0.140363
0.140385
0.140407
0.140433
0.140457
0.140008
0.140008
0.140007
0.140006
0.140004
0.140002
0.14
0.140002
0.140005
0.140006
0.140015
0.140031
0.14005
0.140068
0.140086
0.140104
0.14012
0.140135
0.14015
0.140163
0.140175
0.140185
0.140195
0.140202
0.140208
0.140213
0.140217
0.140221
0.140223
0.140225
0.140226
0.140227
0.140227
0.140227
0.140227
0.140228
0.14023
0.140234
0.140237
0.140008
0.140007
0.140006
0.140004
0.140002
0.140001
0.140006
0.140009
0.140033
0.140042
0.14003
0.140028
0.140036
0.140049
0.140065
0.140081
0.140096
0.140111
0.140124
0.140137
0.140149
0.140161
0.140174
0.140188
0.140202
0.140215
0.140229
0.140241
0.140252
0.140263
0.140273
0.140283
0.140292
0.1403
0.140307
0.140314
0.14032
0.140327
0.140333
0.181839
0.200494
0.246013
0.273539
0.280537
0.27015
0.244814
0.208915
0.171194
0.14228
0.125995
0.120241
0.119839
0.121831
0.124328
0.126802
0.129035
0.130947
0.132515
0.133768
0.134771
0.135586
0.136262
0.136832
0.137317
0.13773
0.138087
0.138397
0.138667
0.138903
0.139108
0.139285
0.139435
0.139565
0.139676
0.139773
0.139857
0.139935
0.140008
0.14008
0.140144
0.140195
0.14023
0.140251
0.140264
0.140273
0.14028
0.140286
0.140288
0.140292
0.140295
0.1403
0.140301
0.140301
0.140301
0.140299
0.140296
0.140292
0.140287
0.140281
0.140274
0.140265
0.140254
0.140239
0.14022
0.140199
0.140178
0.140161
0.140144
0.140123
0.140098
0.140073
0.140044
0.140022
0.140033
0.140052
0.140103
0.140114
0.14024
0.140238
0.170965
0.130853
0.0999003
0.0840763
0.0789687
0.0823833
0.0906841
0.0997202
0.107652
0.11411
0.119226
0.12324
0.126386
0.128861
0.13082
0.132384
0.133643
0.134666
0.135502
0.136193
0.136766
0.137245
0.137647
0.137988
0.138278
0.138525
0.138737
0.138921
0.139079
0.139218
0.139341
0.139452
0.139556
0.139661
0.139768
0.139864
0.139945
0.140011
0.140059
0.140093
0.140115
0.140128
0.140135
0.140138
0.140139
0.140139
0.140137
0.140135
0.140133
0.140129
0.140125
0.140119
0.140111
0.1401
0.140087
0.14007
0.140049
0.140027
0.14
0.13998
0.139987
0.140019
0.14005
0.140076
0.140104
0.140134
0.140163
0.140189
0.140208
0.140222
0.140232
0.140243
0.140262
0.1403
0.140356
0.14039
0.140351
0.140321
0.140473
0.140338
0.22457
0.239806
0.263925
0.292864
0.305009
0.296905
0.271237
0.232812
0.189694
0.153142
0.130685
0.121541
0.119835
0.121508
0.124026
0.126542
0.128817
0.13077
0.132376
0.13366
0.134685
0.135515
0.1362
0.136776
0.137266
0.137681
0.13803
0.138331
0.138606
0.138848
0.139059
0.139241
0.139396
0.139528
0.139643
0.139743
0.139831
0.139911
0.139986
0.140063
0.140133
0.140188
0.140226
0.140249
0.140264
0.140274
0.140281
0.140287
0.140289
0.140293
0.140296
0.140301
0.140304
0.140304
0.140303
0.140302
0.140299
0.140295
0.14029
0.140284
0.140277
0.140269
0.140257
0.140242
0.140224
0.140203
0.140182
0.140164
0.140147
0.140126
0.140101
0.140076
0.140046
0.140023
0.140032
0.140052
0.140103
0.140114
0.140244
0.14024
0.190487
0.141621
0.102493
0.0849482
0.0820141
0.086964
0.0951868
0.103479
0.110614
0.1164
0.120987
0.124594
0.127431
0.129671
0.131451
0.132877
0.13403
0.134969
0.135741
0.136379
0.13691
0.137355
0.13773
0.138047
0.138317
0.138547
0.138747
0.13892
0.139074
0.13921
0.139332
0.139445
0.139553
0.139663
0.139772
0.139869
0.139949
0.140013
0.14006
0.140093
0.140114
0.140127
0.140134
0.140137
0.140139
0.140138
0.140137
0.140135
0.140133
0.140129
0.140125
0.140119
0.140111
0.1401
0.140086
0.140068
0.140047
0.140024
0.139997
0.139978
0.139988
0.140021
0.140052
0.140078
0.140107
0.140137
0.140166
0.140192
0.140211
0.140225
0.140235
0.140246
0.140266
0.140306
0.140362
0.140394
0.140354
0.140327
0.140483
0.140342
0.236745
0.262805
0.278503
0.29992
0.318923
0.320853
0.302102
0.265637
0.218714
0.172901
0.140173
0.124425
0.1202
0.12113
0.123551
0.12612
0.128463
0.130481
0.132147
0.133483
0.134547
0.135404
0.136106
0.136692
0.13718
0.137593
0.137948
0.138254
0.138534
0.138784
0.139001
0.139188
0.139351
0.139496
0.139619
0.139724
0.139815
0.139897
0.139974
0.140052
0.140125
0.140183
0.140224
0.140249
0.140265
0.140275
0.140283
0.140289
0.140291
0.140295
0.140299
0.140304
0.140307
0.140307
0.140307
0.140305
0.140303
0.140299
0.140294
0.140288
0.140281
0.140273
0.140261
0.140246
0.140228
0.140206
0.140185
0.140167
0.14015
0.140128
0.140104
0.140078
0.140048
0.140023
0.140031
0.140051
0.140102
0.140114
0.140248
0.140242
0.192847
0.141059
0.101517
0.0862494
0.086445
0.0926935
0.100526
0.107863
0.114047
0.119043
0.123012
0.126149
0.128629
0.130599
0.132175
0.133445
0.134478
0.135324
0.136022
0.136603
0.137088
0.137495
0.13784
0.138132
0.138381
0.138595
0.138781
0.138945
0.139091
0.139223
0.139343
0.139456
0.139567
0.139679
0.139788
0.139882
0.139959
0.140021
0.140065
0.140096
0.140116
0.140128
0.140134
0.140138
0.140139
0.140139
0.140137
0.140136
0.140133
0.14013
0.140125
0.140119
0.140111
0.140099
0.140085
0.140067
0.140046
0.140021
0.139993
0.139977
0.139989
0.140024
0.140054
0.140081
0.14011
0.14014
0.14017
0.140196
0.140215
0.140228
0.140238
0.140249
0.14027
0.140312
0.140369
0.140398
0.140356
0.140335
0.140494
0.140345
0.229596
0.266143
0.28804
0.30237
0.320447
0.333433
0.329413
0.304512
0.261704
0.209973
0.163283
0.13362
0.121854
0.120547
0.122661
0.125372
0.127855
0.129991
0.131767
0.133195
0.134328
0.135232
0.135967
0.136571
0.137059
0.137484
0.137852
0.138169
0.138457
0.138715
0.138948
0.139147
0.139318
0.139469
0.139598
0.139708
0.139802
0.139886
0.139964
0.140043
0.140117
0.140179
0.140222
0.140249
0.140266
0.140277
0.140285
0.140292
0.140295
0.140298
0.140302
0.140307
0.14031
0.140311
0.14031
0.140309
0.140306
0.140303
0.140298
0.140292
0.140285
0.140277
0.140265
0.14025
0.140232
0.14021
0.140188
0.14017
0.140153
0.140131
0.140106
0.14008
0.14005
0.140024
0.14003
0.140051
0.140101
0.140113
0.140253
0.140246
0.181187
0.131749
0.0986619
0.0889825
0.0920514
0.0987871
0.105874
0.11217
0.117401
0.121624
0.124993
0.127672
0.129806
0.131515
0.132892
0.134011
0.134927
0.135681
0.136308
0.136832
0.137271
0.137642
0.137957
0.138225
0.138455
0.138654
0.138828
0.138982
0.139122
0.139249
0.139367
0.139479
0.139591
0.139703
0.139808
0.139899
0.139973
0.14003
0.140072
0.1401
0.140118
0.140129
0.140135
0.140139
0.14014
0.140139
0.140138
0.140136
0.140134
0.140131
0.140126
0.14012
0.140111
0.140099
0.140084
0.140065
0.140043
0.140018
0.13999
0.139975
0.13999
0.140026
0.140057
0.140084
0.140113
0.140144
0.140174
0.1402
0.140218
0.140231
0.140241
0.140252
0.140274
0.140318
0.140376
0.140402
0.140359
0.140343
0.140505
0.140348
0.208516
0.252513
0.285009
0.304592
0.317624
0.333006
0.342572
0.335521
0.307494
0.261201
0.206637
0.159223
0.130849
0.121091
0.121248
0.124075
0.126899
0.129247
0.131181
0.132751
0.133998
0.134982
0.135771
0.136413
0.136924
0.137357
0.13774
0.138073
0.138372
0.138648
0.138895
0.139106
0.139285
0.139442
0.139577
0.139691
0.139788
0.139874
0.139954
0.140033
0.140109
0.140173
0.14022
0.14025
0.140268
0.140279
0.140288
0.140295
0.140298
0.140301
0.140305
0.14031
0.140314
0.140315
0.140314
0.140313
0.140311
0.140307
0.140302
0.140296
0.140289
0.140281
0.14027
0.140255
0.140236
0.140214
0.140192
0.140174
0.140156
0.140135
0.140109
0.140082
0.140052
0.140024
0.140029
0.140051
0.1401
0.140113
0.140258
0.140249
0.16009
0.11862
0.0966317
0.0935051
0.098401
0.104852
0.110956
0.116203
0.12053
0.124032
0.126844
0.1291
0.130914
0.132381
0.133573
0.13455
0.135356
0.136026
0.136585
0.137055
0.137452
0.137789
0.138076
0.138322
0.138533
0.138718
0.138881
0.139027
0.13916
0.139283
0.139397
0.139509
0.13962
0.139731
0.139832
0.139918
0.139987
0.140041
0.140079
0.140105
0.140122
0.140132
0.140137
0.14014
0.140141
0.14014
0.140139
0.140137
0.140135
0.140131
0.140127
0.14012
0.140111
0.140098
0.140083
0.140064
0.140041
0.140015
0.139986
0.139974
0.139992
0.140029
0.14006
0.140087
0.140117
0.140148
0.140178
0.140204
0.140222
0.140235
0.140244
0.140256
0.140279
0.140325
0.140383
0.140406
0.140362
0.140351
0.140517
0.140351
0.17823
0.224813
0.266597
0.297134
0.315811
0.328102
0.341454
0.349158
0.340896
0.311646
0.263607
0.207166
0.158564
0.130072
0.120972
0.121956
0.125274
0.128182
0.130392
0.132135
0.133532
0.134637
0.13551
0.136209
0.136764
0.137213
0.13761
0.137963
0.13828
0.138574
0.138836
0.139059
0.139248
0.139412
0.139553
0.139672
0.139773
0.139862
0.139943
0.140023
0.1401
0.140167
0.140217
0.14025
0.140269
0.140282
0.140291
0.140298
0.140302
0.140305
0.140309
0.140314
0.140318
0.140319
0.140319
0.140317
0.140315
0.140311
0.140307
0.140301
0.140294
0.140285
0.140274
0.140259
0.140241
0.140218
0.140196
0.140177
0.14016
0.140138
0.140112
0.140085
0.140055
0.140025
0.140028
0.14005
0.1401
0.140112
0.140263
0.140254
0.136045
0.107752
0.0977219
0.0995162
0.10496
0.110621
0.115657
0.119908
0.123408
0.126257
0.128566
0.130436
0.131957
0.1332
0.134222
0.135066
0.135769
0.136358
0.136854
0.137273
0.13763
0.137934
0.138194
0.138419
0.138614
0.138785
0.138938
0.139077
0.139203
0.139321
0.139433
0.139543
0.139654
0.139761
0.139857
0.139938
0.140003
0.140052
0.140087
0.140111
0.140125
0.140134
0.140139
0.140142
0.140142
0.140142
0.14014
0.140139
0.140136
0.140132
0.140127
0.14012
0.140111
0.140098
0.140081
0.140062
0.140039
0.140011
0.139983
0.139973
0.139993
0.140032
0.140063
0.140091
0.140121
0.140152
0.140182
0.140208
0.140226
0.140238
0.140248
0.14026
0.140285
0.140332
0.140391
0.140411
0.140365
0.140361
0.140529
0.140354
0.146189
0.187791
0.233637
0.274491
0.30469
0.323583
0.335718
0.347519
0.35431
0.346062
0.316974
0.268477
0.210788
0.160535
0.130723
0.12122
0.122529
0.126238
0.129259
0.131358
0.132925
0.134172
0.135163
0.135947
0.136564
0.137053
0.137463
0.137834
0.138174
0.138487
0.138765
0.139003
0.139204
0.139376
0.139524
0.139649
0.139756
0.139848
0.139931
0.140011
0.14009
0.14016
0.140213
0.140249
0.140271
0.140284
0.140294
0.140301
0.140306
0.140309
0.140312
0.140318
0.140322
0.140323
0.140323
0.140322
0.14032
0.140316
0.140311
0.140305
0.140298
0.14029
0.140279
0.140264
0.140245
0.140223
0.1402
0.140181
0.140163
0.140141
0.140116
0.140088
0.140057
0.140026
0.140026
0.14005
0.140099
0.140112
0.140268
0.140259
0.116992
0.103397
0.102117
0.106171
0.1112
0.115852
0.119861
0.123221
0.125996
0.128274
0.130139
0.131669
0.132928
0.133969
0.134834
0.135557
0.136165
0.136678
0.137114
0.137485
0.137803
0.138076
0.138312
0.138516
0.138695
0.138855
0.138998
0.139129
0.139249
0.139363
0.139472
0.139581
0.13969
0.139793
0.139884
0.139959
0.140019
0.140064
0.140095
0.140116
0.14013
0.140137
0.140142
0.140143
0.140144
0.140143
0.140142
0.14014
0.140137
0.140133
0.140128
0.140121
0.14011
0.140097
0.14008
0.14006
0.140036
0.140008
0.139979
0.139972
0.139996
0.140035
0.140066
0.140094
0.140125
0.140156
0.140187
0.140213
0.14023
0.140242
0.140251
0.140264
0.14029
0.14034
0.140399
0.140415
0.140369
0.140372
0.140542
0.140356
0.121991
0.150387
0.191332
0.236656
0.277667
0.308756
0.328794
0.341343
0.351985
0.358486
0.351122
0.323264
0.275347
0.216946
0.164717
0.132624
0.12177
0.122936
0.126954
0.130143
0.132179
0.133594
0.134707
0.135604
0.13631
0.13686
0.137299
0.137686
0.13805
0.138384
0.13868
0.138936
0.139151
0.139334
0.13949
0.139623
0.139735
0.139831
0.139917
0.139999
0.140079
0.140151
0.140209
0.140248
0.140272
0.140287
0.140297
0.140305
0.14031
0.140313
0.140316
0.140321
0.140326
0.140328
0.140328
0.140327
0.140324
0.140321
0.140316
0.14031
0.140303
0.140295
0.140284
0.140269
0.14025
0.140228
0.140205
0.140185
0.140167
0.140145
0.140119
0.140091
0.14006
0.140028
0.140025
0.140049
0.140098
0.140111
0.140273
0.140265
0.108237
0.105483
0.108311
0.11261
0.116764
0.120408
0.123507
0.126106
0.128269
0.130063
0.13155
0.132786
0.133817
0.134679
0.135405
0.136018
0.136539
0.136983
0.137363
0.13769
0.137971
0.138215
0.138427
0.138613
0.138777
0.138925
0.139059
0.139183
0.139298
0.139408
0.139515
0.139622
0.139728
0.139826
0.139911
0.13998
0.140035
0.140075
0.140104
0.140122
0.140134
0.140141
0.140144
0.140146
0.140146
0.140145
0.140143
0.140141
0.140138
0.140134
0.140129
0.140121
0.14011
0.140096
0.140079
0.140058
0.140033
0.140004
0.139975
0.139972
0.139999
0.140039
0.140069
0.140098
0.140129
0.140161
0.140192
0.140218
0.140234
0.140246
0.140255
0.140268
0.140297
0.140348
0.140407
0.14042
0.140372
0.140384
0.140555
0.140358
0.11141
0.12388
0.150622
0.190088
0.235015
0.276921
0.309815
0.331791
0.345321
0.355177
0.361829
0.355974
0.330173
0.283688
0.225089
0.170748
0.135655
0.12266
0.123208
0.127448
0.130856
0.132886
0.134175
0.135166
0.135976
0.136616
0.137111
0.137518
0.137904
0.13826
0.138578
0.138855
0.139088
0.139284
0.139451
0.139592
0.139711
0.139812
0.139901
0.139984
0.140066
0.140141
0.140203
0.140246
0.140273
0.140289
0.1403
0.140309
0.140314
0.140317
0.140321
0.140326
0.14033
0.140332
0.140333
0.140332
0.140329
0.140326
0.140321
0.140315
0.140308
0.1403
0.140289
0.140275
0.140256
0.140233
0.140209
0.14019
0.140171
0.140149
0.140123
0.140094
0.140063
0.140029
0.140024
0.140048
0.140097
0.14011
0.140279
0.140271
0.108814
0.111017
0.114675
0.118291
0.121492
0.124246
0.126587
0.128564
0.130226
0.131622
0.132795
0.133784
0.134619
0.135328
0.135931
0.136447
0.13689
0.137271
0.1376
0.137886
0.138134
0.13835
0.13854
0.138709
0.13886
0.138997
0.139122
0.139239
0.139349
0.139455
0.13956
0.139665
0.139767
0.139859
0.139938
0.140002
0.140051
0.140087
0.140112
0.140128
0.140138
0.140144
0.140147
0.140148
0.140148
0.140147
0.140145
0.140143
0.14014
0.140136
0.14013
0.140121
0.14011
0.140095
0.140077
0.140055
0.14003
0.139999
0.139972
0.139972
0.140003
0.140042
0.140073
0.140102
0.140133
0.140165
0.140197
0.140223
0.140239
0.14025
0.140259
0.140273
0.140303
0.140357
0.140416
0.140425
0.140376
0.140398
0.14057
0.140359
0.111909
0.113562
0.124033
0.148
0.185208
0.229547
0.272692
0.308024
0.332613
0.347684
0.357124
0.364208
0.360314
0.337248
0.292959
0.234727
0.17835
0.139797
0.12397
0.123417
0.127733
0.131404
0.133496
0.13469
0.135566
0.136293
0.136875
0.137331
0.137732
0.138112
0.138456
0.138757
0.139011
0.139224
0.139404
0.139555
0.139683
0.13979
0.139883
0.139968
0.140051
0.140129
0.140195
0.140243
0.140274
0.140292
0.140304
0.140312
0.140318
0.140322
0.140325
0.14033
0.140335
0.140337
0.140338
0.140337
0.140335
0.140331
0.140327
0.140321
0.140314
0.140305
0.140295
0.14028
0.140261
0.140238
0.140214
0.140194
0.140176
0.140153
0.140127
0.140097
0.140066
0.140031
0.140024
0.140047
0.140096
0.140108
0.140285
0.140278
0.113997
0.117172
0.120271
0.123004
0.125367
0.127398
0.129137
0.13062
0.131884
0.13296
0.133878
0.134662
0.135335
0.135912
0.13641
0.136841
0.137215
0.13754
0.137824
0.138071
0.138289
0.138481
0.138651
0.138803
0.138942
0.139068
0.139186
0.139296
0.139402
0.139505
0.139608
0.13971
0.139806
0.139892
0.139964
0.140022
0.140067
0.140098
0.14012
0.140134
0.140143
0.140147
0.14015
0.14015
0.14015
0.140149
0.140147
0.140144
0.140141
0.140137
0.14013
0.140122
0.14011
0.140094
0.140075
0.140053
0.140026
0.139995
0.139969
0.139973
0.140007
0.140046
0.140077
0.140107
0.140138
0.140171
0.140202
0.140228
0.140243
0.140254
0.140263
0.140278
0.140311
0.140367
0.140425
0.14043
0.14038
0.140412
0.140584
0.140359
0.117155
0.114839
0.115312
0.12325
0.143655
0.17776
0.22096
0.26528
0.30339
0.331143
0.34838
0.358372
0.365845
0.363996
0.344089
0.302647
0.245402
0.187273
0.145039
0.125809
0.123642
0.127834
0.13179
0.134015
0.135155
0.135923
0.136567
0.137098
0.137535
0.137939
0.13831
0.138638
0.138918
0.139153
0.139348
0.139512
0.139649
0.139764
0.139862
0.139951
0.140035
0.140115
0.140185
0.140238
0.140273
0.140294
0.140307
0.140316
0.140322
0.140327
0.14033
0.140334
0.140339
0.140342
0.140343
0.140342
0.14034
0.140337
0.140332
0.140327
0.14032
0.140311
0.1403
0.140286
0.140267
0.140244
0.14022
0.140199
0.140181
0.140158
0.140131
0.140101
0.140069
0.140034
0.140023
0.140046
0.140096
0.140107
0.140291
0.140286
0.119917
0.122531
0.124801
0.126761
0.128462
0.129937
0.131213
0.132317
0.133271
0.134095
0.134809
0.135428
0.135965
0.136434
0.136843
0.1372
0.137514
0.13779
0.138032
0.138247
0.138437
0.138606
0.138758
0.138897
0.139023
0.139141
0.13925
0.139355
0.139457
0.139558
0.139658
0.139756
0.139846
0.139925
0.139991
0.140043
0.140082
0.140109
0.140128
0.14014
0.140147
0.140151
0.140153
0.140153
0.140152
0.140151
0.140149
0.140146
0.140143
0.140138
0.140131
0.140122
0.140109
0.140093
0.140073
0.14005
0.140022
0.13999
0.139966
0.139974
0.140011
0.14005
0.140081
0.140111
0.140144
0.140176
0.140208
0.140233
0.140248
0.140258
0.140267
0.140284
0.140318
0.140377
0.140434
0.140435
0.140384
0.140428
0.1406
0.140359
0.122788
0.120248
0.117686
0.116995
0.122256
0.138618
0.16878
0.209984
0.255004
0.295921
0.327289
0.347562
0.35951
0.367233
0.367202
0.350563
0.312416
0.256738
0.197279
0.151345
0.128266
0.123968
0.127783
0.132014
0.134444
0.135574
0.136245
0.136808
0.137298
0.137738
0.138137
0.138495
0.138805
0.139065
0.139281
0.139459
0.139609
0.139733
0.139838
0.13993
0.140017
0.140099
0.140174
0.140232
0.140272
0.140296
0.14031
0.14032
0.140327
0.140332
0.140335
0.140339
0.140344
0.140348
0.140349
0.140348
0.140346
0.140343
0.140338
0.140333
0.140326
0.140317
0.140307
0.140292
0.140274
0.14025
0.140225
0.140204
0.140185
0.140163
0.140136
0.140105
0.140073
0.140036
0.140022
0.140044
0.140095
0.140105
0.140297
0.140294
0.124907
0.126737
0.12831
0.129685
0.130893
0.131954
0.132886
0.133703
0.13442
0.135049
0.135602
0.136089
0.136517
0.136895
0.137229
0.137525
0.137787
0.138019
0.138226
0.138411
0.138577
0.138727
0.138863
0.138988
0.139104
0.139213
0.139316
0.139416
0.139515
0.139613
0.13971
0.139802
0.139886
0.139958
0.140016
0.140062
0.140096
0.14012
0.140136
0.140146
0.140152
0.140155
0.140156
0.140156
0.140155
0.140153
0.140151
0.140148
0.140144
0.140139
0.140132
0.140122
0.140108
0.140091
0.140071
0.140046
0.140017
0.139985
0.139963
0.139977
0.140016
0.140055
0.140085
0.140116
0.140149
0.140182
0.140214
0.140239
0.140253
0.140263
0.140272
0.14029
0.140327
0.140388
0.140444
0.14044
0.140389
0.140446
0.140615
0.140357
0.127273
0.125493
0.12316
0.120505
0.118846
0.121588
0.133757
0.159275
0.197439
0.242307
0.285733
0.321035
0.345258
0.359804
0.367998
0.369751
0.356477
0.321993
0.268442
0.208161
0.158673
0.131418
0.124486
0.127622
0.132098
0.134785
0.135952
0.136541
0.137024
0.13749
0.137931
0.138325
0.138668
0.138959
0.139199
0.139397
0.139561
0.139697
0.13981
0.139907
0.139996
0.140081
0.14016
0.140224
0.140269
0.140297
0.140313
0.140324
0.140332
0.140337
0.14034
0.140344
0.140349
0.140353
0.140355
0.140354
0.140352
0.140349
0.140345
0.140339
0.140332
0.140324
0.140313
0.140299
0.14028
0.140257
0.140231
0.14021
0.140191
0.140168
0.14014
0.140109
0.140077
0.140039
0.140022
0.140043
0.140094
0.140103
0.140303
0.140304
0.128675
0.129897
0.130972
0.131929
0.132783
0.133545
0.134224
0.134828
0.135367
0.135846
0.136274
0.136655
0.136996
0.1373
0.137572
0.137815
0.138034
0.13823
0.138406
0.138565
0.13871
0.138842
0.138964
0.139078
0.139185
0.139286
0.139384
0.13948
0.139575
0.13967
0.139762
0.139848
0.139925
0.139989
0.140041
0.140081
0.14011
0.14013
0.140143
0.140152
0.140156
0.140158
0.140159
0.140158
0.140157
0.140155
0.140153
0.14015
0.140146
0.14014
0.140132
0.140122
0.140107
0.14009
0.140068
0.140043
0.140012
0.13998
0.139962
0.13998
0.140022
0.140059
0.14009
0.140122
0.140155
0.140188
0.14022
0.140244
0.140258
0.140267
0.140277
0.140296
0.140337
0.140399
0.140453
0.140444
0.140394
0.140466
0.140632
0.140354
0.130518
0.129405
0.12791
0.12585
0.123255
0.12096
0.121566
0.129721
0.150165
0.184233
0.227807
0.273077
0.312326
0.340985
0.358698
0.367728
0.371243
0.361402
0.330937
0.280112
0.219636
0.16692
0.135316
0.125287
0.127414
0.132049
0.135039
0.136295
0.136818
0.137228
0.137675
0.138113
0.138501
0.138829
0.1391
0.139321
0.139503
0.139653
0.139777
0.139881
0.139974
0.140061
0.140143
0.140213
0.140264
0.140297
0.140316
0.140328
0.140336
0.140342
0.140346
0.14035
0.140355
0.140359
0.140361
0.140361
0.140359
0.140356
0.140351
0.140346
0.140339
0.14033
0.14032
0.140306
0.140287
0.140263
0.140238
0.140216
0.140196
0.140173
0.140145
0.140114
0.140081
0.140042
0.140022
0.140041
0.140093
0.140101
0.140309
0.140313
0.131423
0.132239
0.132975
0.133642
0.134247
0.134795
0.13529
0.135738
0.136143
0.136509
0.13684
0.137139
0.137409
0.137654
0.137875
0.138075
0.138256
0.138421
0.138571
0.138709
0.138836
0.138953
0.139063
0.139166
0.139265
0.13936
0.139453
0.139545
0.139637
0.139728
0.139814
0.139893
0.139962
0.140019
0.140064
0.140098
0.140123
0.14014
0.140151
0.140157
0.140161
0.140162
0.140162
0.140161
0.14016
0.140158
0.140155
0.140152
0.140148
0.140141
0.140133
0.140121
0.140106
0.140088
0.140065
0.140038
0.140007
0.139975
0.139961
0.139984
0.140027
0.140064
0.140095
0.140128
0.140161
0.140195
0.140227
0.14025
0.140263
0.140272
0.140282
0.140303
0.140347
0.140412
0.140463
0.140449
0.1404
0.140487
0.140648
0.14035
0.132825
0.132125
0.131234
0.130018
0.128274
0.125885
0.123277
0.122265
0.126871
0.142174
0.171276
0.212259
0.258319
0.301111
0.334396
0.355837
0.367305
0.372299
0.365541
0.339141
0.291484
0.231437
0.175934
0.139947
0.126452
0.1272
0.13186
0.135181
0.136592
0.137091
0.137447
0.137866
0.138292
0.138665
0.138975
0.139228
0.139433
0.1396
0.139737
0.13985
0.139948
0.140039
0.140124
0.140199
0.140257
0.140296
0.140319
0.140332
0.140341
0.140348
0.140352
0.140356
0.14036
0.140365
0.140367
0.140367
0.140366
0.140363
0.140358
0.140353
0.140346
0.140337
0.140327
0.140313
0.140295
0.140271
0.140244
0.140222
0.140202
0.140179
0.140151
0.140119
0.140085
0.140045
0.140023
0.14004
0.140091
0.140098
0.140315
0.140324
0.133421
0.133974
0.134482
0.13495
0.135381
0.135777
0.136141
0.136474
0.13678
0.13706
0.137316
0.13755
0.137765
0.137961
0.138141
0.138306
0.138457
0.138596
0.138724
0.138844
0.138955
0.13906
0.139159
0.139254
0.139345
0.139435
0.139524
0.139613
0.139701
0.139786
0.139866
0.139937
0.139998
0.140047
0.140086
0.140115
0.140135
0.140149
0.140157
0.140162
0.140165
0.140166
0.140165
0.140164
0.140162
0.14016
0.140157
0.140154
0.140149
0.140142
0.140133
0.140121
0.140105
0.140085
0.140062
0.140034
0.140001
0.139971
0.139961
0.13999
0.140033
0.14007
0.140101
0.140134
0.140168
0.140202
0.140233
0.140257
0.140269
0.140277
0.140288
0.140311
0.140358
0.140425
0.140473
0.140454
0.140407
0.140511
0.140665
0.140344
0.134484
0.134025
0.133471
0.132771
0.131814
0.130399
0.128316
0.125672
0.123641
0.125354
0.135809
0.159404
0.196511
0.242009
0.287522
0.325342
0.351359
0.366267
0.372766
0.368857
0.346515
0.302397
0.243396
0.185635
0.145387
0.128165
0.127148
0.131606
0.1352
0.136774
0.137286
0.137621
0.138043
0.13847
0.138829
0.139115
0.139346
0.139535
0.139688
0.139814
0.139919
0.140014
0.140102
0.140183
0.140248
0.140293
0.140321
0.140336
0.140346
0.140353
0.140358
0.140362
0.140366
0.140371
0.140373
0.140374
0.140373
0.14037
0.140366
0.14036
0.140353
0.140345
0.140334
0.140321
0.140303
0.140279
0.140252
0.140229
0.140209
0.140185
0.140157
0.140124
0.140089
0.140049
0.140023
0.140038
0.14009
0.140096
0.14032
0.140335
0.134886
0.135267
0.135622
0.135954
0.136263
0.136552
0.13682
0.13707
0.137301
0.137516
0.137715
0.1379
0.138071
0.138229
0.138375
0.138511
0.138638
0.138756
0.138866
0.13897
0.139069
0.139163
0.139253
0.13934
0.139426
0.139511
0.139597
0.139682
0.139765
0.139844
0.139916
0.139978
0.140031
0.140073
0.140106
0.14013
0.140146
0.140157
0.140164
0.140168
0.140169
0.140169
0.140168
0.140167
0.140165
0.140163
0.14016
0.140156
0.140151
0.140143
0.140133
0.14012
0.140103
0.140082
0.140058
0.140028
0.139995
0.139967
0.139962
0.139996
0.14004
0.140075
0.140107
0.140141
0.140175
0.140209
0.140241
0.140263
0.140274
0.140283
0.140294
0.14032
0.14037
0.140439
0.140484
0.140458
0.140414
0.140536
0.140681
0.140337
0.135694
0.135382
0.135016
0.13458
0.134039
0.133307
0.132204
0.130475
0.128021
0.12546
0.125031
0.131242
0.149218
0.181438
0.224982
0.272193
0.314315
0.345411
0.364225
0.372354
0.371046
0.352654
0.312325
0.254899
0.195398
0.151124
0.130099
0.127228
0.131541
0.135489
0.137184
0.137574
0.137775
0.138159
0.138605
0.138976
0.13925
0.139459
0.139628
0.139768
0.139885
0.139986
0.140078
0.140163
0.140235
0.140288
0.140321
0.14034
0.140351
0.140359
0.140364
0.140368
0.140372
0.140377
0.14038
0.140381
0.14038
0.140378
0.140374
0.140368
0.140361
0.140353
0.140342
0.140329
0.140311
0.140287
0.14026
0.140236
0.140215
0.140192
0.140163
0.14013
0.140094
0.140053
0.140025
0.140037
0.140089
0.140093
0.140326
0.140347
0.135971
0.136238
0.136489
0.136727
0.136952
0.137165
0.137365
0.137553
0.13773
0.137896
0.138051
0.138197
0.138334
0.138462
0.138582
0.138695
0.138802
0.138902
0.138998
0.13909
0.139177
0.139262
0.139345
0.139427
0.139508
0.13959
0.139671
0.139751
0.139828
0.139899
0.139963
0.140017
0.140062
0.140097
0.140124
0.140143
0.140157
0.140165
0.14017
0.140172
0.140173
0.140173
0.140172
0.14017
0.140168
0.140165
0.140162
0.140158
0.140152
0.140144
0.140133
0.140119
0.140101
0.140079
0.140053
0.140022
0.139989
0.139963
0.139965
0.140003
0.140046
0.140081
0.140114
0.140148
0.140183
0.140217
0.140248
0.14027
0.14028
0.140288
0.140301
0.14033
0.140383
0.140453
0.140494
0.140462
0.140422
0.140564
0.140697
0.140328
0.136602
0.136386
0.136137
0.135846
0.135504
0.135091
0.134547
0.133728
0.13238
0.130275
0.127594
0.125799
0.128435
0.140737
0.166831
0.206435
0.253722
0.299802
0.336887
0.361069
0.372444
0.373715
0.35923
0.32315
0.268012
0.207067
0.158052
0.13173
0.12579
0.12986
0.134903
0.137493
0.138122
0.138164
0.138349
0.138713
0.139082
0.139365
0.139566
0.139719
0.139844
0.139952
0.14005
0.14014
0.140219
0.140279
0.14032
0.140343
0.140356
0.140365
0.14037
0.140375
0.140379
0.140384
0.140387
0.140389
0.140388
0.140386
0.140382
0.140376
0.140369
0.140361
0.140351
0.140337
0.14032
0.140296
0.140268
0.140243
0.140222
0.140199
0.14017
0.140136
0.1401
0.140058
0.140026
0.140035
0.140087
0.140091
0.140331
0.140359
0.136796
0.136984
0.137164
0.137336
0.137501
0.137658
0.137808
0.13795
0.138086
0.138215
0.138337
0.138453
0.138563
0.138667
0.138766
0.138861
0.138952
0.139039
0.139122
0.139204
0.139283
0.13936
0.139437
0.139514
0.139592
0.139669
0.139746
0.13982
0.139889
0.139952
0.140007
0.140053
0.14009
0.140119
0.140141
0.140156
0.140166
0.140172
0.140176
0.140177
0.140177
0.140176
0.140175
0.140173
0.140171
0.140168
0.140164
0.14016
0.140153
0.140144
0.140132
0.140117
0.140098
0.140075
0.140048
0.140016
0.139982
0.13996
0.139969
0.140011
0.140053
0.140088
0.140121
0.140156
0.140191
0.140225
0.140256
0.140277
0.140286
0.140294
0.140309
0.14034
0.140398
0.140469
0.140504
0.140466
0.140432
0.140595
0.140713
0.140316
0.137417
0.137276
0.137114
0.136927
0.136711
0.136459
0.136164
0.135793
0.135265
0.134405
0.132973
0.130891
0.128739
0.128481
0.133976
0.149695
0.178299
0.218317
0.263901
0.307129
0.34113
0.36273
0.370558
0.364629
0.339881
0.29533
0.238865
0.185133
0.147444
0.130019
0.127738
0.131811
0.135929
0.138014
0.138604
0.138703
0.138858
0.13913
0.139411
0.139631
0.139787
0.139906
0.140009
0.140105
0.140192
0.140263
0.140314
0.140345
0.140362
0.140372
0.140379
0.140383
0.140387
0.140392
0.140396
0.140398
0.140398
0.140396
0.140392
0.140387
0.14038
0.140371
0.140361
0.140348
0.14033
0.140307
0.140278
0.140253
0.140231
0.140207
0.140178
0.140143
0.140106
0.140063
0.140029
0.140033
0.140085
0.140088
0.140336
0.140372
0.137545
0.137672
0.137794
0.137912
0.138027
0.138137
0.138244
0.138347
0.138447
0.138542
0.138635
0.138723
0.138809
0.138892
0.138972
0.139049
0.139125
0.139198
0.139271
0.139342
0.139413
0.139484
0.139555
0.139627
0.139699
0.139769
0.139838
0.139902
0.139961
0.140012
0.140056
0.140093
0.140121
0.140143
0.140159
0.140169
0.140176
0.14018
0.140182
0.140183
0.140182
0.140181
0.140179
0.140177
0.140174
0.140171
0.140167
0.140162
0.140154
0.140144
0.140131
0.140114
0.140094
0.140069
0.14004
0.140007
0.139975
0.139958
0.139976
0.140021
0.140062
0.140096
0.14013
0.140166
0.140201
0.140235
0.140266
0.140285
0.140294
0.140302
0.140318
0.140354
0.140416
0.140487
0.140516
0.14047
0.140443
0.14063
0.140728
0.140303
0.138114
0.138027
0.137929
0.137818
0.13769
0.137543
0.137375
0.137186
0.136972
0.136705
0.136288
0.135513
0.134097
0.131926
0.129649
0.129289
0.134593
0.149806
0.177455
0.216301
0.260963
0.303871
0.338233
0.359825
0.366397
0.356814
0.327567
0.280578
0.225725
0.176886
0.144529
0.130474
0.129247
0.133084
0.136726
0.138533
0.139021
0.139086
0.139207
0.139431
0.139659
0.139833
0.139958
0.140059
0.140152
0.140235
0.1403
0.140343
0.140367
0.140381
0.140388
0.140394
0.140398
0.140402
0.140407
0.14041
0.14041
0.140408
0.140405
0.140399
0.140392
0.140384
0.140374
0.140361
0.140343
0.14032
0.140291
0.140264
0.140242
0.140217
0.140188
0.140152
0.140114
0.14007
0.140032
0.140032
0.140083
0.140086
0.14034
0.140386
0.138194
0.138274
0.138352
0.138429
0.138505
0.138579
0.138652
0.138724
0.138794
0.138863
0.138931
0.138997
0.139062
0.139127
0.13919
0.139253
0.139316
0.139378
0.139441
0.139504
0.139568
0.139632
0.139696
0.13976
0.139823
0.139883
0.13994
0.139991
0.140036
0.140075
0.140107
0.140133
0.140152
0.140167
0.140177
0.140184
0.140187
0.140189
0.14019
0.140189
0.140188
0.140186
0.140184
0.140181
0.140178
0.140175
0.14017
0.140164
0.140155
0.140143
0.140128
0.14011
0.140088
0.140061
0.14003
0.139996
0.139967
0.139959
0.139988
0.140033
0.140072
0.140107
0.140142
0.140178
0.140214
0.140248
0.140277
0.140295
0.140302
0.140311
0.14033
0.140371
0.140438
0.140508
0.140528
0.140475
0.140461
0.140672
0.140743
0.140285
0.138597
0.138541
0.138479
0.138409
0.138331
0.138242
0.13814
0.138025
0.1379
0.137769
0.137629
0.137438
0.137055
0.136199
0.13456
0.132073
0.129545
0.129172
0.134731
0.15037
0.178415
0.217462
0.262209
0.305098
0.338984
0.358574
0.361783
0.346793
0.312133
0.262634
0.20968
0.166131
0.139764
0.130031
0.130741
0.134724
0.137809
0.139103
0.139346
0.139363
0.139486
0.139687
0.139871
0.140006
0.14011
0.140199
0.140276
0.140334
0.140369
0.140388
0.140399
0.140405
0.140409
0.140414
0.140418
0.140421
0.140423
0.140422
0.140418
0.140413
0.140406
0.140397
0.140387
0.140374
0.140357
0.140334
0.140304
0.140277
0.140253
0.140228
0.140198
0.140162
0.140122
0.140077
0.140036
0.14003
0.140081
0.140083
0.140345
0.1404
0.13865
0.138703
0.138756
0.138808
0.138861
0.138914
0.138966
0.139018
0.139071
0.139123
0.139175
0.139227
0.13928
0.139332
0.139385
0.139439
0.139493
0.139548
0.139604
0.13966
0.139717
0.139774
0.13983
0.139884
0.139936
0.139984
0.140027
0.140066
0.140098
0.140126
0.140148
0.140165
0.140177
0.140186
0.140192
0.140195
0.140197
0.140197
0.140196
0.140195
0.140193
0.140191
0.140188
0.140186
0.140182
0.140178
0.140173
0.140165
0.140155
0.140141
0.140125
0.140104
0.14008
0.140051
0.140018
0.139985
0.139962
0.139964
0.140001
0.140046
0.140084
0.140119
0.140155
0.140191
0.140228
0.140261
0.140289
0.140304
0.140311
0.140321
0.140344
0.140391
0.140462
0.14053
0.140539
0.140479
0.140484
0.140717
0.140755
0.140264
0.138947
0.138908
0.138865
0.138818
0.138766
0.138708
0.138643
0.138569
0.138487
0.138396
0.138304
0.138216
0.138125
0.137964
0.137553
0.136578
0.134734
0.132039
0.129448
0.129315
0.135541
0.152211
0.181438
0.221545
0.266863
0.309204
0.341035
0.35648
0.354547
0.333253
0.293344
0.242221
0.192258
0.154921
0.135163
0.130087
0.132642
0.136505
0.138817
0.139532
0.139569
0.139584
0.139724
0.139905
0.140054
0.140163
0.140249
0.140318
0.140366
0.140394
0.140408
0.140416
0.140421
0.140425
0.14043
0.140434
0.140436
0.140435
0.140432
0.140427
0.14042
0.140411
0.140401
0.140388
0.140372
0.140348
0.140319
0.14029
0.140265
0.140239
0.140209
0.140172
0.140131
0.140085
0.14004
0.140029
0.140078
0.140081
0.140348
0.140414
0.138984
0.139022
0.13906
0.139099
0.139138
0.139178
0.139218
0.139259
0.139301
0.139343
0.139386
0.13943
0.139474
0.139519
0.139566
0.139613
0.139661
0.139709
0.139758
0.139807
0.139856
0.139903
0.139949
0.139992
0.140031
0.140067
0.140098
0.140125
0.140147
0.140165
0.140179
0.140189
0.140196
0.140201
0.140204
0.140205
0.140205
0.140204
0.140203
0.140201
0.140198
0.140196
0.140193
0.14019
0.140186
0.140181
0.140174
0.140165
0.140153
0.140138
0.140119
0.140097
0.14007
0.140039
0.140005
0.139974
0.139959
0.139974
0.140016
0.140059
0.140097
0.140132
0.140169
0.140206
0.140242
0.140275
0.140301
0.140314
0.140321
0.140333
0.14036
0.140413
0.140489
0.140551
0.140549
0.140484
0.140515
0.140763
0.140763
0.14024
0.139218
0.139188
0.139156
0.139121
0.139083
0.139042
0.138996
0.138945
0.138889
0.138825
0.138755
0.138681
0.138613
0.138559
0.138506
0.138365
0.137921
0.136839
0.134823
0.131969
0.12941
0.129727
0.137066
0.155489
0.186788
0.228605
0.274369
0.315037
0.343034
0.352845
0.344355
0.316025
0.271186
0.219695
0.174389
0.144643
0.131978
0.13119
0.134889
0.138141
0.139561
0.13979
0.139729
0.139777
0.139927
0.140081
0.140201
0.140289
0.140353
0.140394
0.140417
0.140428
0.140433
0.140437
0.140442
0.140446
0.140449
0.140449
0.140447
0.140442
0.140435
0.140426
0.140416
0.140403
0.140387
0.140364
0.140334
0.140305
0.140279
0.140252
0.140221
0.140183
0.140141
0.140093
0.140046
0.140029
0.140076
0.140078
0.14035
0.140428
0.139247
0.139276
0.139306
0.139337
0.139369
0.139401
0.139435
0.139469
0.139504
0.13954
0.139577
0.139615
0.139654
0.139693
0.139734
0.139775
0.139816
0.139858
0.139898
0.139939
0.139977
0.140014
0.140048
0.140079
0.140107
0.140132
0.140153
0.14017
0.140184
0.140194
0.140202
0.140208
0.140211
0.140213
0.140214
0.140213
0.140212
0.14021
0.140208
0.140206
0.140204
0.140201
0.140198
0.140194
0.140189
0.140183
0.140175
0.140164
0.14015
0.140133
0.140112
0.140087
0.140058
0.140026
0.139992
0.139966
0.13996
0.139987
0.140031
0.140073
0.14011
0.140146
0.140184
0.140222
0.140258
0.14029
0.140313
0.140325
0.140331
0.140345
0.140378
0.140438
0.140517
0.140573
0.140557
0.140491
0.140553
0.140812
0.140766
0.140212
0.139446
0.139421
0.139395
0.139367
0.139337
0.139304
0.139269
0.13923
0.139188
0.139141
0.139089
0.139032
0.138969
0.138908
0.138861
0.13884
0.138821
0.138694
0.138203
0.136995
0.134788
0.13178
0.129363
0.130453
0.139552
0.160642
0.194856
0.238642
0.284164
0.321747
0.343995
0.347254
0.33073
0.294774
0.245892
0.19616
0.157762
0.136756
0.130929
0.133249
0.13707
0.139332
0.139974
0.139954
0.139926
0.140022
0.140156
0.140262
0.140335
0.140386
0.140419
0.140437
0.140446
0.140451
0.140455
0.140459
0.140462
0.140464
0.140462
0.140457
0.140451
0.140442
0.140432
0.140419
0.140403
0.14038
0.140351
0.140321
0.140293
0.140265
0.140234
0.140195
0.140152
0.140102
0.140053
0.140029
0.140073
0.140075
0.140351
0.140442
0.13947
0.139494
0.13952
0.139546
0.139573
0.139601
0.13963
0.139659
0.13969
0.139721
0.139753
0.139786
0.139819
0.139853
0.139887
0.139921
0.139954
0.139987
0.140018
0.140048
0.140076
0.140102
0.140126
0.140147
0.140165
0.14018
0.140192
0.140202
0.14021
0.140216
0.140219
0.140222
0.140223
0.140223
0.140222
0.14022
0.140219
0.140216
0.140214
0.140211
0.140209
0.140206
0.140202
0.140198
0.140192
0.140184
0.140174
0.140161
0.140145
0.140126
0.140103
0.140076
0.140045
0.140011
0.139979
0.139961
0.139968
0.140003
0.140048
0.140088
0.140125
0.140162
0.1402
0.140238
0.140274
0.140305
0.140326
0.140335
0.140342
0.14036
0.1404
0.140467
0.140547
0.140594
0.140564
0.1405
0.1406
0.140862
0.140764
0.14018
0.139648
0.139627
0.139605
0.139581
0.139555
0.139527
0.139498
0.139466
0.139431
0.139394
0.139353
0.139308
0.139258
0.139203
0.139146
0.139095
0.13907
0.13908
0.13909
0.13896
0.138394
0.137015
0.13457
0.131423
0.129332
0.131758
0.14351
0.168277
0.206031
0.251532
0.295493
0.328356
0.342901
0.33783
0.312131
0.269032
0.218469
0.173729
0.144603
0.1326
0.132198
0.135809
0.138684
0.139764
0.139862
0.139839
0.139967
0.140159
0.140305
0.140386
0.140425
0.140446
0.140457
0.140464
0.140468
0.140472
0.140476
0.140478
0.140477
0.140473
0.140467
0.140458
0.140448
0.140435
0.140419
0.140397
0.140368
0.140337
0.140308
0.140279
0.140247
0.140208
0.140163
0.140112
0.14006
0.140029
0.14007
0.140071
0.140352
0.140455
0.139669
0.13969
0.139712
0.139735
0.139758
0.139782
0.139807
0.139832
0.139858
0.139884
0.139911
0.139938
0.139964
0.139991
0.140017
0.140042
0.140067
0.14009
0.140112
0.140133
0.140151
0.140168
0.140182
0.140195
0.140205
0.140214
0.14022
0.140225
0.140229
0.140231
0.140232
0.140232
0.140232
0.14023
0.140229
0.140227
0.140224
0.140222
0.140219
0.140217
0.140214
0.14021
0.140206
0.1402
0.140193
0.140184
0.140172
0.140157
0.140138
0.140117
0.140091
0.140062
0.140028
0.139995
0.139969
0.13996
0.139981
0.140021
0.140065
0.140104
0.140141
0.140179
0.140218
0.140256
0.140291
0.14032
0.140338
0.140346
0.140355
0.140377
0.140424
0.140498
0.140578
0.140614
0.140568
0.140512
0.140655
0.140911
0.140753
0.140147
0.139833
0.139815
0.139796
0.139775
0.139753
0.139729
0.139704
0.139677
0.139647
0.139616
0.139581
0.139544
0.139504
0.139459
0.13941
0.139355
0.139302
0.139262
0.139258
0.139298
0.139329
0.139172
0.138487
0.136868
0.134125
0.130916
0.129513
0.134095
0.149649
0.179103
0.220599
0.266861
0.307231
0.332667
0.337854
0.322167
0.286413
0.237866
0.189482
0.153693
0.13581
0.132465
0.135789
0.139334
0.14077
0.140668
0.140235
0.140069
0.140157
0.140307
0.140408
0.140454
0.140471
0.140478
0.140483
0.140487
0.140491
0.140494
0.140494
0.140491
0.140485
0.140477
0.140466
0.140454
0.140438
0.140417
0.140388
0.140357
0.140327
0.140295
0.140262
0.140223
0.140177
0.140124
0.14007
0.140031
0.140066
0.140067
0.140349
0.140469
0.13985
0.139868
0.139887
0.139905
0.139925
0.139944
0.139964
0.139984
0.140004
0.140024
0.140044
0.140064
0.140083
0.140102
0.14012
0.140137
0.140153
0.140168
0.140182
0.140194
0.140205
0.140214
0.140222
0.140228
0.140234
0.140237
0.14024
0.140242
0.140243
0.140243
0.140242
0.140241
0.140239
0.140237
0.140235
0.140233
0.14023
0.140228
0.140225
0.140222
0.140218
0.140214
0.140208
0.140201
0.140192
0.140181
0.140166
0.140149
0.140128
0.140104
0.140076
0.140045
0.140011
0.139981
0.139963
0.139968
0.139998
0.140041
0.140084
0.140122
0.14016
0.140199
0.140238
0.140276
0.140309
0.140335
0.140351
0.140358
0.14037
0.140399
0.140454
0.140534
0.14061
0.140631
0.140572
0.140531
0.140721
0.140958
0.140737
0.140125
0.139982
0.139968
0.139952
0.139935
0.139916
0.139896
0.139875
0.139851
0.139826
0.139798
0.139768
0.139736
0.139701
0.139663
0.139621
0.139574
0.139522
0.139466
0.139413
0.139384
0.139402
0.139469
0.139508
0.139289
0.138414
0.136454
0.133349
0.130217
0.13004
0.137858
0.158588
0.193904
0.239701
0.286489
0.322927
0.339903
0.334578
0.306374
0.259906
0.207013
0.162287
0.13545
0.126775
0.12937
0.134996
0.138936
0.140413
0.140524
0.140345
0.140297
0.140363
0.140438
0.140479
0.140493
0.140496
0.140499
0.140503
0.140506
0.140507
0.140505
0.1405
0.140491
0.140481
0.140468
0.140452
0.140432
0.140403
0.140372
0.140341
0.140308
0.140274
0.140234
0.140187
0.140134
0.140076
0.140033
0.140064
0.140065
0.140353
0.140479
0.139996
0.140011
0.140025
0.14004
0.140055
0.140069
0.140084
0.140099
0.140113
0.140127
0.140141
0.140154
0.140167
0.140179
0.14019
0.1402
0.14021
0.140218
0.140226
0.140232
0.140238
0.140243
0.140246
0.140249
0.140251
0.140252
0.140252
0.140252
0.140251
0.14025
0.140248
0.140246
0.140244
0.140242
0.14024
0.140237
0.140235
0.140232
0.140229
0.140226
0.140221
0.140216
0.14021
0.140201
0.14019
0.140177
0.140161
0.140141
0.140118
0.140092
0.140061
0.140027
0.139994
0.139968
0.13996
0.139978
0.140016
0.140059
0.1401
0.140138
0.140177
0.140216
0.140256
0.140293
0.140325
0.140349
0.140361
0.140368
0.140383
0.140418
0.140481
0.140566
0.140639
0.140645
0.140572
0.140545
0.140783
0.141
0.14071
0.1401
0.140155
0.140146
0.140137
0.140127
0.140116
0.140104
0.14009
0.140075
0.140058
0.14004
0.14002
0.139997
0.139973
0.139946
0.139916
0.139882
0.139845
0.139803
0.139755
0.139701
0.139653
0.13963
0.139661
0.139749
0.139822
0.139643
0.138812
0.136907
0.133898
0.130995
0.131122
0.138911
0.158377
0.190289
0.230608
0.270986
0.302508
0.316981
0.311495
0.285949
0.246117
0.203081
0.168004
0.146692
0.137969
0.136807
0.138228
0.139535
0.140126
0.14029
0.140347
0.140408
0.140467
0.140504
0.140521
0.140528
0.140531
0.140534
0.140537
0.140536
0.140532
0.140525
0.140514
0.140501
0.140486
0.140466
0.140438
0.140407
0.140375
0.14034
0.140303
0.140261
0.140214
0.140156
0.140096
0.140041
0.140062
0.140059
0.140335
0.140503
0.140163
0.140171
0.140179
0.140187
0.140195
0.140202
0.140209
0.140216
0.140223
0.14023
0.140236
0.140241
0.140246
0.140251
0.140255
0.140259
0.140262
0.140265
0.140267
0.140268
0.140269
0.14027
0.14027
0.14027
0.140269
0.140268
0.140266
0.140265
0.140263
0.140261
0.140259
0.140257
0.140254
0.140252
0.140249
0.140246
0.140243
0.140239
0.140235
0.14023
0.140224
0.140216
0.140206
0.140194
0.14018
0.140162
0.140142
0.140118
0.140091
0.140061
0.140029
0.139999
0.139975
0.139966
0.139977
0.140009
0.140051
0.140094
0.140134
0.140173
0.140212
0.140252
0.140291
0.140327
0.140355
0.140373
0.140383
0.140393
0.140419
0.140469
0.140546
0.140632
0.140685
0.140658
0.140579
0.14062
0.140914
0.14105
0.140676
0.140111
)
;

boundaryField
{
    inlet
    {
        type            freestream;
        freestreamValue uniform 0.14;
        value           nonuniform List<scalar> 
134
(
0.14
0.14
0.14
0.14
0.14
0.14
0.14
0.14
0.14
0.14
0.140015
0.140031
0.14005
0.140068
0.140086
0.140104
0.14012
0.140135
0.14015
0.140163
0.14
0.140175
0.140185
0.140195
0.140202
0.140208
0.140213
0.140217
0.140221
0.140223
0.140225
0.140226
0.140227
0.140227
0.140227
0.140227
0.140228
0.14023
0.140234
0.140237
0.14
0.14
0.14
0.14
0.14
0.14
0.14
0.140238
0.14024
0.140242
0.140246
0.140249
0.140254
0.140259
0.140265
0.140271
0.140278
0.140286
0.140294
0.140304
0.140313
0.140324
0.140335
0.140347
0.140359
0.140372
0.140386
0.1404
0.140414
0.140428
0.140442
0.140455
0.140469
0.140479
0.140503
0.14
0.14
0.14
0.14
0.14
0.14
0.14
0.14
0.14
0.14
0.14
0.14
0.14
0.14
0.14
0.14
0.14
0.14
0.14
0.14
0.14
0.14
0.14
0.14
0.14
0.14
0.14
0.14
0.14
0.14
0.14
0.14
0.14
0.14
0.14
0.14
0.14
0.14
0.14
0.14
0.14
0.14
0.14
0.14
0.14
0.14
0.14
0.14
0.14
0.14
0.14
0.14
0.14
0.14
0.14
0.14
0.14
0.14
0.14
)
;
    }
    outlet
    {
        type            freestream;
        freestreamValue uniform 0.14;
        value           nonuniform List<scalar> 
160
(
0.140155
0.140163
0.140146
0.140171
0.140137
0.140179
0.140127
0.140187
0.140116
0.140195
0.140104
0.140202
0.14009
0.140209
0.140075
0.140216
0.140058
0.140223
0.14004
0.14023
0.14002
0.140236
0.139997
0.140241
0.139973
0.140246
0.139946
0.140251
0.139916
0.140255
0.139882
0.140259
0.139845
0.140262
0.139803
0.140265
0.139755
0.140267
0.139701
0.140268
0.139653
0.140269
0.13963
0.14027
0.139661
0.14027
0.139749
0.14027
0.139822
0.140269
0.139643
0.140268
0.138812
0.140266
0.136907
0.140265
0.133898
0.140263
0.130995
0.140261
0.131122
0.140259
0.138911
0.140257
0.158377
0.140254
0.190289
0.140252
0.230608
0.140249
0.270986
0.140246
0.302508
0.140243
0.316981
0.140239
0.311495
0.140235
0.285949
0.14023
0.246117
0.140224
0.203081
0.140216
0.168004
0.140206
0.146692
0.140194
0.137969
0.14018
0.136807
0.140162
0.138228
0.140142
0.139535
0.140118
0.140126
0.140091
0.14029
0.140061
0.140347
0.140029
0.140408
0.139999
0.140467
0.139975
0.140504
0.139966
0.140521
0.139977
0.140528
0.140009
0.140531
0.140051
0.140534
0.140094
0.140537
0.140134
0.140536
0.140173
0.140532
0.140212
0.140525
0.140252
0.140514
0.140291
0.140501
0.140327
0.140486
0.140355
0.140466
0.140373
0.140438
0.140383
0.140407
0.140393
0.140375
0.140419
0.14034
0.140469
0.140303
0.140546
0.140261
0.140632
0.140214
0.140685
0.140156
0.140658
0.140096
0.140579
0.140041
0.14062
0.140062
0.140914
0.140059
0.14105
0.140335
0.140676
0.140503
0.140111
)
;
    }
    walls
    {
        type            nutUSpaldingWallFunction;
        Cmu             0.09;
        kappa           0.41;
        E               9.8;
        value           nonuniform List<scalar> 
78
(
0.00480455
0.00513206
0.0054743
0.00574359
0.00599621
0.00621832
0.00639047
0.00652298
0.00661981
0.00667943
0.00671193
0.00672338
0.00670867
0.00667311
0.00661577
0.00654008
0.00644552
0.00633446
0.00620379
0.00605752
0.00589174
0.00571049
0.00551789
0.00532668
0.00516134
0.00502967
0.00491446
0.00479884
0.00467551
0.00454261
0.0043994
0.00424542
0.00408004
0.0039014
0.00370141
0.00347371
0.00317197
0.00280417
0.00194059
0.00445666
0.00406262
0.00363041
0.003094
0.00251199
0.0018819
0.0012363
0.000708995
0.00073076
0.00119409
0.0016627
0.002051
0.00236409
0.0026198
0.0028322
0.00301197
0.00316743
0.00330505
0.00343031
0.00354682
0.00365767
0.0037639
0.00386565
0.00395819
0.0040325
0.00408778
0.00412807
0.00415594
0.00417216
0.00417731
0.00416735
0.00414355
0.00410835
0.00406366
0.00400842
0.00394064
0.00384257
0.0037009
0.00329358
)
;
    }
    frontAndBack
    {
        type            empty;
    }
}


// ************************************************************************* //
