# Force coefficients
# liftDir     : (0.000000e+00 1.000000e+00 0.000000e+00)
# dragDir     : (1.000000e+00 0.000000e+00 0.000000e+00)
# pitchAxis   : (0.000000e+00 0.000000e+00 1.000000e+00)
# magUInf     : 4.000000e+01
# lRef        : 1.000000e+00
# Aref        : 1.000000e+00
# CofR        : (0.000000e+00 0.000000e+00 0.000000e+00)
# Time        	Cm            	Cd            	Cl            	Cl(f)         	Cl(r)         
0             	2.039763e-04	1.596222e-03	4.244828e-04	4.162177e-04	8.265108e-06
1             	-7.156953e-25	8.369845e-02	-3.341363e-24	-2.386377e-24	-9.549861e-25
2             	2.136058e-25	6.994033e-02	-8.936431e-24	-4.254610e-24	-4.681821e-24
3             	1.532144e-23	7.064234e-03	1.598896e-23	2.331592e-23	-7.326964e-24
4             	-2.614377e-23	-4.417384e-02	-4.717352e-23	-4.973052e-23	2.557007e-24
5             	-2.231832e-23	-4.252218e-02	-3.266130e-23	-3.864897e-23	5.987670e-24
6             	-9.639421e-24	-1.412831e-02	-4.411532e-23	-3.169708e-23	-1.241824e-23
7             	6.586637e-24	1.446220e-02	1.516134e-23	1.416730e-23	9.940316e-25
8             	3.237602e-23	2.934146e-02	5.536599e-23	6.005902e-23	-4.693022e-24
9             	-3.723341e-24	2.509718e-02	-3.554102e-23	-2.149385e-23	-1.404717e-23
10            	2.846701e-23	7.484525e-03	2.612589e-23	4.152996e-23	-1.540407e-23
11            	2.120887e-23	-4.927719e-03	-2.806311e-24	1.980572e-23	-2.261203e-23
12            	-4.083011e-23	-6.134484e-03	-1.449115e-22	-1.132858e-22	-3.162562e-23
13            	-1.324667e-23	-2.786288e-03	-4.435391e-23	-3.542362e-23	-8.930286e-24
14            	2.145675e-23	4.239940e-03	9.385457e-23	6.838403e-23	2.547054e-23
15            	-1.352248e-23	1.105512e-02	-1.463910e-23	-2.084203e-23	6.202931e-24
16            	-6.920275e-23	1.351763e-02	-2.818376e-22	-2.101215e-22	-7.171603e-23
17            	-1.127773e-23	7.769154e-03	-1.791363e-22	-1.008459e-22	-7.829041e-23
18            	-5.218466e-24	1.376310e-03	-1.199491e-22	-6.519301e-23	-5.475608e-23
19            	-1.004863e-23	-1.685271e-03	-3.220452e-23	-2.615088e-23	-6.053632e-24
20            	-6.811501e-24	-4.393809e-04	1.110010e-22	4.868898e-23	6.231198e-23
21            	-1.871429e-23	3.015579e-03	2.221865e-23	-7.604961e-24	2.982361e-23
22            	-3.208849e-23	6.250314e-03	-2.614285e-22	-1.628028e-22	-9.862577e-23
23            	-1.864372e-23	5.669896e-03	-2.159381e-22	-1.266128e-22	-8.932531e-23
24            	1.152832e-22	3.422239e-03	2.264610e-22	2.285137e-22	-2.052658e-24
25            	-8.524501e-23	1.222924e-03	-2.802198e-22	-2.253549e-22	-5.486489e-23
26            	-1.635475e-23	1.532252e-03	-4.304860e-23	-3.787906e-23	-5.169547e-24
27            	-4.066537e-23	1.754543e-03	-5.979731e-23	-7.056402e-23	1.076671e-23
28            	-2.016772e-23	1.652012e-03	8.769415e-24	-1.578302e-23	2.455243e-23
29            	3.588087e-23	2.521105e-03	1.473060e-22	1.095339e-22	3.777214e-23
30            	1.252416e-22	3.557125e-03	4.151956e-22	3.328394e-22	8.235622e-23
31            	5.339255e-23	2.855206e-03	2.171280e-22	1.619566e-22	5.517146e-23
32            	-4.349243e-23	2.253404e-03	-1.118294e-22	-9.940711e-23	-1.242226e-23
33            	-9.692333e-23	1.606134e-03	-2.069075e-22	-2.003771e-22	-6.530425e-24
34            	1.850657e-23	1.342680e-03	9.279332e-23	6.490323e-23	2.789009e-23
35            	-2.018829e-24	1.960326e-03	-2.546734e-23	-1.475250e-23	-1.071484e-23
36            	-9.929099e-23	2.993955e-03	-3.614033e-22	-2.799926e-22	-8.141067e-23
37            	3.427605e-23	3.043499e-03	-1.760563e-23	2.547323e-23	-4.307886e-23
38            	-1.030076e-22	2.745242e-03	-1.579789e-22	-1.819970e-22	2.401812e-23
39            	-4.387487e-23	2.163076e-03	-3.113506e-23	-5.944241e-23	2.830734e-23
40            	-1.752055e-23	1.862941e-03	-4.957012e-23	-4.230561e-23	-7.264509e-24
41            	1.954978e-23	1.716627e-03	1.439129e-23	2.674542e-23	-1.235413e-23
42            	-2.086327e-23	2.166759e-03	-7.624628e-23	-5.898640e-23	-1.725987e-23
43            	1.219557e-23	2.351775e-03	-5.825571e-24	9.282783e-24	-1.510835e-23
44            	-8.057205e-23	2.320959e-03	-2.353560e-22	-1.982501e-22	-3.710596e-23
45            	-3.778043e-23	2.437526e-03	-1.146200e-22	-9.509043e-23	-1.952957e-23
46            	6.288696e-23	2.424034e-03	1.355195e-22	1.306467e-22	4.872800e-24
47            	3.991521e-23	2.339504e-03	1.219011e-22	1.008657e-22	2.103532e-23
48            	5.556028e-25	2.467545e-03	3.390926e-23	1.751023e-23	1.639903e-23
49            	2.141154e-23	2.275476e-03	6.884025e-23	5.583166e-23	1.300859e-23
50            	2.120690e-23	2.133834e-03	6.062333e-23	5.151856e-23	9.104764e-24
51            	6.778575e-24	2.131339e-03	3.004261e-23	2.179988e-23	8.242731e-24
52            	3.649822e-23	2.319024e-03	7.012764e-23	7.156204e-23	-1.434402e-24
53            	1.978885e-23	2.332412e-03	4.763212e-23	4.360491e-23	4.027210e-24
54            	2.363833e-23	2.336579e-03	4.411851e-23	4.569758e-23	-1.579075e-24
55            	8.768751e-26	2.320317e-03	2.004796e-23	1.011167e-23	9.936291e-24
56            	5.373820e-23	2.328991e-03	1.063063e-22	1.068913e-22	-5.850667e-25
57            	1.513412e-23	2.305036e-03	5.228832e-23	4.127828e-23	1.101004e-23
58            	9.042034e-24	2.324437e-03	3.699989e-23	2.754198e-23	9.457913e-24
59            	-4.074683e-24	2.262449e-03	1.559899e-23	3.724810e-24	1.187418e-23
60            	-7.562097e-24	2.233791e-03	-7.210772e-24	-1.116748e-23	3.956712e-24
61            	2.200656e-24	2.239155e-03	5.864510e-24	5.132911e-24	7.315994e-25
62            	4.957277e-24	2.293080e-03	4.747256e-24	7.330905e-24	-2.583649e-24
63            	9.892435e-24	2.324798e-03	1.773812e-23	1.876150e-23	-1.023374e-24
64            	5.224561e-24	2.379318e-03	1.163550e-23	1.104231e-23	5.931870e-25
65            	2.639181e-24	2.359338e-03	8.886567e-24	7.082465e-24	1.804102e-24
66            	-4.997630e-24	2.323840e-03	-6.392905e-24	-8.194082e-24	1.801178e-24
67            	-9.181946e-24	2.294870e-03	-1.335884e-23	-1.586136e-23	2.502528e-24
68            	-1.492012e-23	2.288470e-03	-2.240230e-23	-2.612127e-23	3.718974e-24
69            	-1.643397e-23	2.290683e-03	-2.176349e-23	-2.731572e-23	5.552226e-24
70            	-1.433259e-23	2.304550e-03	-1.857272e-23	-2.361895e-23	5.046233e-24
71            	-7.819323e-24	2.323375e-03	-7.562331e-24	-1.160049e-23	4.038158e-24
72            	-2.644252e-24	2.339099e-03	-4.060536e-24	-4.674520e-24	6.139844e-25
73            	1.346681e-24	2.345399e-03	3.500276e-24	3.096819e-24	4.034564e-25
74            	-1.956287e-24	2.342917e-03	-5.117256e-24	-4.514915e-24	-6.023415e-25
75            	-4.311435e-24	2.333795e-03	-3.107167e-24	-5.865018e-24	2.757851e-24
76            	-1.134168e-23	2.327087e-03	-1.622066e-23	-1.945201e-23	3.231353e-24
77            	-9.527476e-24	2.323864e-03	-6.122318e-24	-1.258863e-23	6.466317e-24
78            	-1.102335e-23	2.328870e-03	-1.530555e-23	-1.867613e-23	3.370579e-24
79            	-3.559551e-24	2.334242e-03	6.903522e-25	-3.214375e-24	3.904727e-24
80            	-3.483980e-24	2.334706e-03	-7.804086e-24	-7.386023e-24	-4.180630e-25
81            	3.182896e-24	2.327963e-03	7.222050e-24	6.793921e-24	4.281289e-25
82            	-4.368016e-26	2.315347e-03	-6.058385e-24	-3.072873e-24	-2.985512e-24
83            	4.669774e-24	2.311759e-03	9.524711e-24	9.432129e-24	9.258185e-26
84            	-8.222061e-25	2.316460e-03	-4.983948e-24	-3.314180e-24	-1.669768e-24
85            	3.896925e-24	2.326025e-03	1.073497e-23	9.264411e-24	1.470560e-24
86            	-3.540979e-25	2.337889e-03	-3.244392e-24	-1.976294e-24	-1.268098e-24
87            	6.000557e-24	2.343271e-03	1.443494e-23	1.321803e-23	1.216913e-24
88            	8.041113e-25	2.338717e-03	-3.493234e-24	-9.425060e-25	-2.550729e-24
89            	5.959807e-24	2.327786e-03	1.132137e-23	1.162049e-23	-2.991226e-25
90            	9.517099e-25	2.311069e-03	-5.333578e-24	-1.715079e-24	-3.618499e-24
91            	5.572704e-24	2.301554e-03	9.473817e-24	1.030961e-23	-8.357951e-25
92            	5.285455e-25	2.301385e-03	-5.940657e-24	-2.441783e-24	-3.498874e-24
93            	6.101459e-24	2.309661e-03	1.150194e-23	1.185243e-23	-3.504870e-25
94            	1.681112e-24	2.321768e-03	-3.205840e-24	7.819243e-26	-3.284032e-24
95            	7.239987e-24	2.331930e-03	1.361542e-23	1.404769e-23	-4.322781e-25
96            	2.515083e-24	2.333985e-03	-1.997356e-24	1.516405e-24	-3.513761e-24
97            	7.346451e-24	2.330476e-03	1.335949e-23	1.402620e-23	-6.667048e-25
98            	1.731194e-24	2.322768e-03	-3.649972e-24	-9.379170e-26	-3.556180e-24
99            	6.140575e-24	2.313030e-03	1.143040e-23	1.185577e-23	-4.253748e-25
100           	5.370808e-25	2.304099e-03	-5.149361e-24	-2.037600e-24	-3.111761e-24
101           	5.341985e-24	2.301484e-03	1.076827e-23	1.072612e-23	4.214911e-26
102           	1.554516e-26	2.305944e-03	-5.573866e-24	-2.771388e-24	-2.802478e-24
103           	4.964312e-24	2.314396e-03	1.057525e-23	1.025193e-23	3.233113e-25
104           	-4.195213e-25	2.323683e-03	-5.896084e-24	-3.367563e-24	-2.528521e-24
105           	4.385067e-24	2.330632e-03	9.861746e-24	9.315939e-24	5.458063e-25
106           	-9.139262e-25	2.332387e-03	-6.372555e-24	-4.100204e-24	-2.272351e-24
107           	3.994224e-24	2.328503e-03	9.502028e-24	8.745238e-24	7.567896e-25
108           	-1.334640e-24	2.323530e-03	-6.973437e-24	-4.821358e-24	-2.152079e-24
109           	3.612493e-24	2.318772e-03	9.203770e-24	8.214377e-24	9.893922e-25
110           	-1.828753e-24	2.316066e-03	-7.290564e-24	-5.474035e-24	-1.816529e-24
111           	2.969392e-24	2.316742e-03	8.556728e-24	7.247756e-24	1.308972e-24
112           	-2.429827e-24	2.320564e-03	-7.784532e-24	-6.322093e-24	-1.462439e-24
113           	2.491454e-24	2.325827e-03	8.142926e-24	6.562917e-24	1.580009e-24
114           	-2.635924e-24	2.331108e-03	-7.988328e-24	-6.630088e-24	-1.358240e-24
115           	2.524244e-24	2.334530e-03	8.069662e-24	6.559075e-24	1.510587e-24
116           	-2.507142e-24	2.336719e-03	-7.922217e-24	-6.468250e-24	-1.453967e-24
117           	2.801543e-24	2.336373e-03	8.583973e-24	7.093530e-24	1.490443e-24
118           	-2.438770e-24	2.334319e-03	-7.780582e-24	-6.329060e-24	-1.451521e-24
119           	2.678660e-24	2.331950e-03	8.486362e-24	6.921840e-24	1.564521e-24
120           	-2.811953e-24	2.330504e-03	-8.419858e-24	-7.021882e-24	-1.397976e-24
121           	2.464957e-24	2.331086e-03	8.328435e-24	6.629174e-24	1.699261e-24
122           	-2.929179e-24	2.333292e-03	-8.542951e-24	-7.200654e-24	-1.342297e-24
123           	2.563891e-24	2.336206e-03	8.529262e-24	6.828522e-24	1.700740e-24
124           	-2.492792e-24	2.338632e-03	-7.716243e-24	-6.350913e-24	-1.365329e-24
125           	2.904995e-24	2.340957e-03	8.919685e-24	7.364838e-24	1.554848e-24
126           	-2.365140e-24	2.341774e-03	-7.812035e-24	-6.271158e-24	-1.540878e-24
127           	2.850692e-24	2.341379e-03	8.588154e-24	7.144769e-24	1.443385e-24
128           	-2.590127e-24	2.340403e-03	-8.372786e-24	-6.776520e-24	-1.596266e-24
129           	2.639721e-24	2.339452e-03	8.242908e-24	6.761174e-24	1.481733e-24
130           	-2.668951e-24	2.339095e-03	-8.403623e-24	-6.870762e-24	-1.532860e-24
131           	2.765704e-24	2.339522e-03	8.634207e-24	7.082807e-24	1.551400e-24
132           	-2.428467e-24	2.340649e-03	-7.850386e-24	-6.353659e-24	-1.496726e-24
133           	2.928231e-24	2.341988e-03	8.907857e-24	7.382159e-24	1.525697e-24
134           	-2.320449e-24	2.343168e-03	-7.620712e-24	-6.130805e-24	-1.489907e-24
135           	2.828955e-24	2.343901e-03	8.670151e-24	7.164030e-24	1.506121e-24
136           	-2.471260e-24	2.344207e-03	-7.933031e-24	-6.437775e-24	-1.495255e-24
137           	2.705510e-24	2.344096e-03	8.459558e-24	6.935289e-24	1.524269e-24
138           	-2.565050e-24	2.343818e-03	-8.104590e-24	-6.617345e-24	-1.487245e-24
139           	2.665565e-24	2.343590e-03	8.380611e-24	6.855870e-24	1.524740e-24
140           	-2.518706e-24	2.343615e-03	-7.969330e-24	-6.503371e-24	-1.465958e-24
141           	2.684518e-24	2.343879e-03	8.424109e-24	6.896573e-24	1.527536e-24
142           	-2.503054e-24	2.344373e-03	-7.933374e-24	-6.469741e-24	-1.463633e-24
143           	2.703711e-24	2.344936e-03	8.479578e-24	6.943500e-24	1.536078e-24
144           	-2.513025e-24	2.345474e-03	-7.958192e-24	-6.492121e-24	-1.466071e-24
145           	2.672051e-24	2.345855e-03	8.404577e-24	6.874339e-24	1.530238e-24
146           	-2.547446e-24	2.346094e-03	-8.016280e-24	-6.555586e-24	-1.460694e-24
147           	2.622105e-24	2.346172e-03	8.329753e-24	6.786982e-24	1.542771e-24
148           	-2.605566e-24	2.346197e-03	-8.099886e-24	-6.655509e-24	-1.444377e-24
149           	2.581295e-24	2.346192e-03	8.291172e-24	6.726881e-24	1.564291e-24
150           	-2.620950e-24	2.346253e-03	-8.106177e-24	-6.674039e-24	-1.432138e-24
151           	2.580670e-24	2.346358e-03	8.281319e-24	6.721330e-24	1.559989e-24
152           	-2.589251e-24	2.346546e-03	-8.069609e-24	-6.624055e-24	-1.445554e-24
153           	2.621506e-24	2.346756e-03	8.326022e-24	6.784517e-24	1.541505e-24
154           	-2.563045e-24	2.347001e-03	-8.050086e-24	-6.588088e-24	-1.461998e-24
155           	2.622439e-24	2.347213e-03	8.315651e-24	6.780264e-24	1.535386e-24
156           	-2.579762e-24	2.347406e-03	-8.066366e-24	-6.612945e-24	-1.453421e-24
157           	2.581153e-24	2.347532e-03	8.259304e-24	6.710805e-24	1.548500e-24
158           	-2.617814e-24	2.347620e-03	-8.105778e-24	-6.670703e-24	-1.435075e-24
159           	2.549316e-24	2.347648e-03	8.218572e-24	6.658602e-24	1.559970e-24
160           	-2.625956e-24	2.347662e-03	-8.112425e-24	-6.682169e-24	-1.430257e-24
161           	2.554011e-24	2.347658e-03	8.213287e-24	6.660655e-24	1.552633e-24
162           	-2.604138e-24	2.347685e-03	-8.093660e-24	-6.650968e-24	-1.442692e-24
163           	2.580394e-24	2.347737e-03	8.240278e-24	6.700533e-24	1.539745e-24
164           	-2.590067e-24	2.347840e-03	-8.085943e-24	-6.633038e-24	-1.452905e-24
165           	2.572442e-24	2.347965e-03	8.213862e-24	6.679373e-24	1.534489e-24
166           	-2.555771e-24	2.348103e-03	-7.994454e-24	-6.552998e-24	-1.441456e-24
167           	2.561530e-24	2.348207e-03	8.202956e-24	6.663008e-24	1.539948e-24
168           	-2.575683e-24	2.348272e-03	-8.013928e-24	-6.582647e-24	-1.431280e-24
169           	2.548565e-24	2.348286e-03	8.195930e-24	6.646530e-24	1.549400e-24
170           	-2.592137e-24	2.348267e-03	-8.051862e-24	-6.618068e-24	-1.433794e-24
171           	2.535101e-24	2.348222e-03	8.143257e-24	6.606729e-24	1.536528e-24
172           	-2.579964e-24	2.348173e-03	-8.033332e-24	-6.596630e-24	-1.436702e-24
173           	2.534103e-24	2.348155e-03	8.127055e-24	6.597630e-24	1.529425e-24
174           	-2.576032e-24	2.348198e-03	-8.031874e-24	-6.591970e-24	-1.439905e-24
175           	2.530414e-24	2.348291e-03	8.114222e-24	6.587525e-24	1.526697e-24
176           	-2.583106e-24	2.348407e-03	-8.044014e-24	-6.605113e-24	-1.438901e-24
177           	2.526052e-24	2.348506e-03	8.113442e-24	6.582773e-24	1.530669e-24
178           	-2.585034e-24	2.348569e-03	-8.040209e-24	-6.605138e-24	-1.435070e-24
179           	2.520802e-24	2.348578e-03	8.097199e-24	6.569401e-24	1.527798e-24
180           	-2.580914e-24	2.348547e-03	-8.037630e-24	-6.599729e-24	-1.437901e-24
181           	2.522491e-24	2.348487e-03	8.086590e-24	6.565786e-24	1.520804e-24
182           	-2.573323e-24	2.348426e-03	-8.031628e-24	-6.589137e-24	-1.442491e-24
183           	2.530121e-24	2.348381e-03	8.095975e-24	6.578108e-24	1.517867e-24
184           	-2.567796e-24	2.348375e-03	-8.023010e-24	-6.579301e-24	-1.443709e-24
185           	2.532289e-24	2.348405e-03	8.098272e-24	6.581425e-24	1.516847e-24
186           	-2.566075e-24	2.348468e-03	-8.018842e-24	-6.575496e-24	-1.443346e-24
187           	2.530648e-24	2.348538e-03	8.091916e-24	6.576606e-24	1.515311e-24
188           	-2.564735e-24	2.348600e-03	-8.017695e-24	-6.573583e-24	-1.444112e-24
189           	2.530746e-24	2.348629e-03	8.087144e-24	6.574318e-24	1.512826e-24
190           	-2.562911e-24	2.348626e-03	-8.019269e-24	-6.572546e-24	-1.446724e-24
191           	2.533208e-24	2.348586e-03	8.085992e-24	6.576204e-24	1.509788e-24
192           	-2.547472e-24	2.348512e-03	-8.024024e-24	-6.559484e-24	-1.464540e-24
193           	2.605199e-24	2.348444e-03	8.329085e-24	6.769741e-24	1.559344e-24
194           	-2.604077e-24	2.348423e-03	-8.213227e-24	-6.710691e-24	-1.502537e-24
195           	2.631874e-24	2.348426e-03	8.426943e-24	6.845345e-24	1.581598e-24
196           	-2.629610e-24	2.348467e-03	-8.271790e-24	-6.765505e-24	-1.506285e-24
197           	2.616734e-24	2.348495e-03	8.390838e-24	6.812153e-24	1.578684e-24
198           	-2.651230e-24	2.348522e-03	-8.341513e-24	-6.821987e-24	-1.519526e-24
199           	2.610625e-24	2.348511e-03	8.355951e-24	6.788600e-24	1.567351e-24
200           	-2.650899e-24	2.348493e-03	-8.362263e-24	-6.832031e-24	-1.530232e-24
201           	2.625659e-24	2.348450e-03	8.378053e-24	6.814686e-24	1.563367e-24
202           	-2.633131e-24	2.348422e-03	-8.326924e-24	-6.796593e-24	-1.530331e-24
203           	2.655393e-24	2.348406e-03	8.455567e-24	6.883176e-24	1.572391e-24
204           	-2.628721e-24	2.348417e-03	-8.316045e-24	-6.786744e-24	-1.529301e-24
205           	2.634901e-24	2.348396e-03	8.393622e-24	6.831713e-24	1.561910e-24
206           	-2.638828e-24	2.348366e-03	-8.344221e-24	-6.810939e-24	-1.533282e-24
207           	2.632443e-24	2.348329e-03	8.399987e-24	6.832437e-24	1.567550e-24
208           	-2.642313e-24	2.348330e-03	-8.339664e-24	-6.812145e-24	-1.527519e-24
209           	2.635759e-24	2.348336e-03	8.414101e-24	6.842809e-24	1.571292e-24
210           	-2.655049e-24	2.348356e-03	-8.385690e-24	-6.847894e-24	-1.537796e-24
211           	2.629175e-24	2.348344e-03	8.369637e-24	6.813994e-24	1.555643e-24
212           	-2.644113e-24	2.348313e-03	-8.381972e-24	-6.835099e-24	-1.546873e-24
213           	2.651552e-24	2.348267e-03	8.418217e-24	6.860660e-24	1.557557e-24
214           	-2.629826e-24	2.348244e-03	-8.340079e-24	-6.799865e-24	-1.540214e-24
215           	2.645361e-24	2.348217e-03	8.415349e-24	6.853035e-24	1.562313e-24
216           	-2.651255e-24	2.348215e-03	-8.382844e-24	-6.842678e-24	-1.540167e-24
217           	2.625745e-24	2.348204e-03	8.371396e-24	6.811443e-24	1.559953e-24
218           	-2.655893e-24	2.348201e-03	-8.396868e-24	-6.854327e-24	-1.542541e-24
219           	2.635776e-24	2.348182e-03	8.388493e-24	6.830023e-24	1.558471e-24
220           	-2.641216e-24	2.348166e-03	-8.370791e-24	-6.826611e-24	-1.544179e-24
221           	2.645347e-24	2.348132e-03	8.401249e-24	6.845971e-24	1.555277e-24
222           	-2.638909e-24	2.348107e-03	-8.375014e-24	-6.826416e-24	-1.548598e-24
223           	2.643884e-24	2.348073e-03	8.390113e-24	6.838940e-24	1.551172e-24
224           	-2.640006e-24	2.348056e-03	-8.381309e-24	-6.830661e-24	-1.550648e-24
225           	2.643602e-24	2.348035e-03	8.391078e-24	6.839141e-24	1.551937e-24
226           	-2.640818e-24	2.348029e-03	-8.377621e-24	-6.829629e-24	-1.547992e-24
227           	2.640535e-24	2.348014e-03	8.389919e-24	6.835495e-24	1.554424e-24
228           	-2.644612e-24	2.348003e-03	-8.383703e-24	-6.836463e-24	-1.547240e-24
229           	2.638226e-24	2.347975e-03	8.381668e-24	6.829060e-24	1.552608e-24
230           	-2.643146e-24	2.347952e-03	-8.387634e-24	-6.836963e-24	-1.550670e-24
231           	2.643023e-24	2.347918e-03	8.383737e-24	6.834892e-24	1.548846e-24
232           	-2.636887e-24	2.347894e-03	-8.380630e-24	-6.827202e-24	-1.553429e-24
233           	2.647912e-24	2.347867e-03	8.390742e-24	6.843283e-24	1.547459e-24
234           	-2.634660e-24	2.347853e-03	-8.376711e-24	-6.823016e-24	-1.553695e-24
235           	2.647284e-24	2.347833e-03	8.389782e-24	6.842175e-24	1.547607e-24
236           	-2.636669e-24	2.347822e-03	-8.380377e-24	-6.826857e-24	-1.553520e-24
237           	2.645072e-24	2.347801e-03	8.385160e-24	6.837652e-24	1.547508e-24
238           	-2.637867e-24	2.347784e-03	-8.383190e-24	-6.829462e-24	-1.553728e-24
239           	2.645028e-24	2.347755e-03	8.384168e-24	6.837112e-24	1.547056e-24
240           	-2.636645e-24	2.347732e-03	-8.382088e-24	-6.827689e-24	-1.554399e-24
241           	2.647103e-24	2.347702e-03	8.386086e-24	6.840145e-24	1.545940e-24
242           	-2.633911e-24	2.347681e-03	-8.379495e-24	-6.823658e-24	-1.555837e-24
243           	2.649814e-24	2.347657e-03	8.388287e-24	6.843957e-24	1.544330e-24
244           	-2.631606e-24	2.347641e-03	-8.377485e-24	-6.820348e-24	-1.557136e-24
245           	2.650986e-24	2.347620e-03	8.389056e-24	6.845514e-24	1.543542e-24
246           	-2.631483e-24	2.347605e-03	-8.377379e-24	-6.820173e-24	-1.557206e-24
247           	2.650162e-24	2.347582e-03	8.388029e-24	6.844176e-24	1.543853e-24
248           	-2.632367e-24	2.347563e-03	-8.378257e-24	-6.821496e-24	-1.556761e-24
249           	2.649753e-24	2.347536e-03	8.387395e-24	6.843450e-24	1.543944e-24
250           	-2.631712e-24	2.347514e-03	-8.377599e-24	-6.820511e-24	-1.557088e-24
251           	2.651251e-24	2.347487e-03	8.388820e-24	6.845661e-24	1.543159e-24
252           	-2.629674e-24	2.347467e-03	-8.375328e-24	-6.817338e-24	-1.557990e-24
253           	2.653065e-24	2.347444e-03	8.390806e-24	6.848468e-24	1.542338e-24
254           	-2.628351e-24	2.347426e-03	-8.373584e-24	-6.815143e-24	-1.558441e-24
255           	2.653629e-24	2.347405e-03	8.391637e-24	6.849447e-24	1.542190e-24
256           	-2.628141e-24	2.347387e-03	-8.372892e-24	-6.814587e-24	-1.558305e-24
257           	2.653688e-24	2.347365e-03	8.392009e-24	6.849692e-24	1.542317e-24
258           	-2.627748e-24	2.347344e-03	-8.371959e-24	-6.813728e-24	-1.558231e-24
259           	2.654340e-24	2.347321e-03	8.393043e-24	6.850862e-24	1.542182e-24
260           	-2.626780e-24	2.347299e-03	-8.370397e-24	-6.811979e-24	-1.558418e-24
261           	2.655242e-24	2.347275e-03	8.394379e-24	6.852431e-24	1.541948e-24
262           	-2.625969e-24	2.347254e-03	-8.368955e-24	-6.810447e-24	-1.558508e-24
263           	2.655740e-24	2.347233e-03	8.395365e-24	6.853423e-24	1.541942e-24
264           	-2.625568e-24	2.347214e-03	-8.367860e-24	-6.809498e-24	-1.558362e-24
265           	2.655996e-24	2.347194e-03	8.396165e-24	6.854079e-24	1.542087e-24
266           	-2.625204e-24	2.347174e-03	-8.366753e-24	-6.808581e-24	-1.558172e-24
267           	2.656332e-24	2.347154e-03	8.397067e-24	6.854865e-24	1.542202e-24
268           	-2.624762e-24	2.347133e-03	-8.365566e-24	-6.807545e-24	-1.558020e-24
269           	2.656670e-24	2.347112e-03	8.397972e-24	6.855656e-24	1.542317e-24
270           	-2.624406e-24	2.347090e-03	-8.364455e-24	-6.806633e-24	-1.557822e-24
271           	2.656880e-24	2.347069e-03	8.398779e-24	6.856270e-24	1.542510e-24
272           	-2.624172e-24	2.347048e-03	-8.363435e-24	-6.805889e-24	-1.557546e-24
273           	2.656993e-24	2.347029e-03	8.399516e-24	6.856751e-24	1.542765e-24
274           	-2.624014e-24	2.347008e-03	-8.362477e-24	-6.805252e-24	-1.557224e-24
275           	2.657031e-24	2.346989e-03	8.400169e-24	6.857115e-24	1.543054e-24
276           	-2.623934e-24	2.346969e-03	-8.361605e-24	-6.804736e-24	-1.556869e-24
277           	2.656989e-24	2.346950e-03	8.400732e-24	6.857355e-24	1.543377e-24
278           	-2.623917e-24	2.346929e-03	-8.360796e-24	-6.804315e-24	-1.556481e-24
279           	2.656908e-24	2.346910e-03	8.401263e-24	6.857539e-24	1.543724e-24
280           	-2.623919e-24	2.346889e-03	-8.359999e-24	-6.803919e-24	-1.556080e-24
281           	2.656813e-24	2.346870e-03	8.401783e-24	6.857705e-24	1.544078e-24
282           	-2.623949e-24	2.346849e-03	-8.359239e-24	-6.803568e-24	-1.555671e-24
283           	2.656671e-24	2.346831e-03	8.402236e-24	6.857789e-24	1.544447e-24
284           	-2.624043e-24	2.346810e-03	-8.358570e-24	-6.803328e-24	-1.555242e-24
285           	2.656460e-24	2.346792e-03	8.402594e-24	6.857757e-24	1.544837e-24
286           	-2.624197e-24	2.346771e-03	-8.357985e-24	-6.803189e-24	-1.554796e-24
287           	2.656207e-24	2.346754e-03	8.402889e-24	6.857652e-24	1.545237e-24
288           	-2.624375e-24	2.346733e-03	-8.357448e-24	-6.803099e-24	-1.554349e-24
289           	2.655943e-24	2.346716e-03	8.403149e-24	6.857517e-24	1.545632e-24
290           	-2.624565e-24	2.346695e-03	-8.356954e-24	-6.803042e-24	-1.553911e-24
291           	2.655665e-24	2.346678e-03	8.403362e-24	6.857346e-24	1.546016e-24
292           	-2.624777e-24	2.346657e-03	-8.356523e-24	-6.803039e-24	-1.553484e-24
293           	2.655366e-24	2.346640e-03	8.403519e-24	6.857125e-24	1.546393e-24
294           	-2.625011e-24	2.346619e-03	-8.356151e-24	-6.803087e-24	-1.553064e-24
295           	2.655039e-24	2.346603e-03	8.403604e-24	6.856842e-24	1.546763e-24
296           	-2.625275e-24	2.346582e-03	-8.355853e-24	-6.803201e-24	-1.552652e-24
297           	2.654683e-24	2.346566e-03	8.403611e-24	6.856488e-24	1.547123e-24
298           	-2.625566e-24	2.346546e-03	-8.355634e-24	-6.803383e-24	-1.552251e-24
299           	2.654303e-24	2.346530e-03	8.403544e-24	6.856075e-24	1.547469e-24
300           	-2.625874e-24	2.346509e-03	-8.355482e-24	-6.803615e-24	-1.551867e-24
301           	2.653913e-24	2.346493e-03	8.403417e-24	6.855622e-24	1.547795e-24
302           	-2.626187e-24	2.346473e-03	-8.355383e-24	-6.803879e-24	-1.551504e-24
303           	2.653516e-24	2.346457e-03	8.403234e-24	6.855133e-24	1.548101e-24
304           	-2.626512e-24	2.346437e-03	-8.355341e-24	-6.804182e-24	-1.551159e-24
305           	2.653104e-24	2.346422e-03	8.402991e-24	6.854599e-24	1.548391e-24
306           	-2.626851e-24	2.346401e-03	-8.355361e-24	-6.804531e-24	-1.550829e-24
307           	2.652680e-24	2.346387e-03	8.402690e-24	6.854025e-24	1.548665e-24
308           	-2.627197e-24	2.346366e-03	-8.355433e-24	-6.804914e-24	-1.550519e-24
309           	2.652256e-24	2.346352e-03	8.402344e-24	6.853428e-24	1.548916e-24
310           	-2.627540e-24	2.346331e-03	-8.355549e-24	-6.805315e-24	-1.550234e-24
311           	2.651837e-24	2.346317e-03	8.401958e-24	6.852816e-24	1.549142e-24
312           	-2.627881e-24	2.346297e-03	-8.355707e-24	-6.805734e-24	-1.549973e-24
313           	2.651418e-24	2.346283e-03	8.401531e-24	6.852183e-24	1.549348e-24
314           	-2.628221e-24	2.346263e-03	-8.355905e-24	-6.806174e-24	-1.549731e-24
315           	2.651000e-24	2.346249e-03	8.401065e-24	6.851533e-24	1.549533e-24
316           	-2.628558e-24	2.346229e-03	-8.356141e-24	-6.806629e-24	-1.549512e-24
317           	2.650589e-24	2.346215e-03	8.400566e-24	6.850872e-24	1.549694e-24
318           	-2.628886e-24	2.346196e-03	-8.356407e-24	-6.807090e-24	-1.549317e-24
319           	2.650188e-24	2.346182e-03	8.400039e-24	6.850207e-24	1.549832e-24
320           	-2.629205e-24	2.346162e-03	-8.356701e-24	-6.807556e-24	-1.549145e-24
321           	2.649794e-24	2.346149e-03	8.399487e-24	6.849538e-24	1.549949e-24
322           	-2.629516e-24	2.346130e-03	-8.357018e-24	-6.808025e-24	-1.548993e-24
323           	2.649410e-24	2.346117e-03	8.398912e-24	6.848866e-24	1.550046e-24
324           	-2.629816e-24	2.346097e-03	-8.357354e-24	-6.808493e-24	-1.548861e-24
325           	2.649038e-24	2.346084e-03	8.398320e-24	6.848198e-24	1.550122e-24
326           	-2.630103e-24	2.346065e-03	-8.357706e-24	-6.808956e-24	-1.548750e-24
327           	2.648680e-24	2.346052e-03	8.397715e-24	6.847538e-24	1.550177e-24
328           	-2.630376e-24	2.346033e-03	-8.358070e-24	-6.809411e-24	-1.548659e-24
329           	2.648336e-24	2.346021e-03	8.397102e-24	6.846887e-24	1.550214e-24
330           	-2.630635e-24	2.346002e-03	-8.358443e-24	-6.809857e-24	-1.548586e-24
331           	2.648006e-24	2.345989e-03	8.396482e-24	6.846247e-24	1.550235e-24
332           	-2.630881e-24	2.345971e-03	-8.358822e-24	-6.810292e-24	-1.548530e-24
333           	2.647692e-24	2.345958e-03	8.395860e-24	6.845622e-24	1.550238e-24
334           	-2.631110e-24	2.345940e-03	-8.359202e-24	-6.810712e-24	-1.548491e-24
335           	2.647394e-24	2.345928e-03	8.395239e-24	6.845013e-24	1.550226e-24
336           	-2.631323e-24	2.345909e-03	-8.359581e-24	-6.811114e-24	-1.548467e-24
337           	2.647113e-24	2.345897e-03	8.394624e-24	6.844425e-24	1.550199e-24
338           	-2.631520e-24	2.345879e-03	-8.359955e-24	-6.811498e-24	-1.548458e-24
339           	2.646849e-24	2.345867e-03	8.394016e-24	6.843857e-24	1.550159e-24
340           	-2.631701e-24	2.345849e-03	-8.360323e-24	-6.811863e-24	-1.548460e-24
341           	2.646601e-24	2.345838e-03	8.393418e-24	6.843309e-24	1.550108e-24
342           	-2.631866e-24	2.345820e-03	-8.360680e-24	-6.812207e-24	-1.548474e-24
343           	2.646369e-24	2.345808e-03	8.392832e-24	6.842785e-24	1.550047e-24
344           	-2.632015e-24	2.345790e-03	-8.361025e-24	-6.812527e-24	-1.548498e-24
345           	2.646155e-24	2.345779e-03	8.392261e-24	6.842286e-24	1.549976e-24
346           	-2.632146e-24	2.345762e-03	-8.361355e-24	-6.812824e-24	-1.548531e-24
347           	2.645958e-24	2.345750e-03	8.391709e-24	6.841812e-24	1.549897e-24
348           	-2.632262e-24	2.345733e-03	-8.361667e-24	-6.813096e-24	-1.548571e-24
349           	2.645776e-24	2.345722e-03	8.391176e-24	6.841364e-24	1.549812e-24
350           	-2.632363e-24	2.345705e-03	-8.361961e-24	-6.813343e-24	-1.548618e-24
351           	2.645611e-24	2.345694e-03	8.390664e-24	6.840943e-24	1.549721e-24
352           	-2.632448e-24	2.345677e-03	-8.362234e-24	-6.813565e-24	-1.548669e-24
353           	2.645461e-24	2.345666e-03	8.390174e-24	6.840548e-24	1.549627e-24
354           	-2.632518e-24	2.345649e-03	-8.362485e-24	-6.813760e-24	-1.548725e-24
355           	2.645326e-24	2.345638e-03	8.389708e-24	6.840180e-24	1.549528e-24
356           	-2.632573e-24	2.345621e-03	-8.362712e-24	-6.813929e-24	-1.548783e-24
357           	2.645205e-24	2.345611e-03	8.389267e-24	6.839839e-24	1.549428e-24
358           	-2.632615e-24	2.345594e-03	-8.362915e-24	-6.814072e-24	-1.548843e-24
359           	2.645098e-24	2.345584e-03	8.388851e-24	6.839524e-24	1.549327e-24
360           	-2.632643e-24	2.345568e-03	-8.363093e-24	-6.814189e-24	-1.548904e-24
361           	2.645005e-24	2.345557e-03	8.388460e-24	6.839235e-24	1.549225e-24
362           	-2.632658e-24	2.345541e-03	-8.363245e-24	-6.814281e-24	-1.548964e-24
363           	2.644923e-24	2.345531e-03	8.388094e-24	6.838971e-24	1.549124e-24
364           	-2.632662e-24	2.345515e-03	-8.363373e-24	-6.814349e-24	-1.549024e-24
365           	2.644854e-24	2.345505e-03	8.387755e-24	6.838731e-24	1.549024e-24
366           	-2.632656e-24	2.345489e-03	-8.363476e-24	-6.814394e-24	-1.549083e-24
367           	2.644795e-24	2.345479e-03	8.387443e-24	6.838516e-24	1.548927e-24
368           	-2.632640e-24	2.345463e-03	-8.363557e-24	-6.814418e-24	-1.549139e-24
369           	2.644747e-24	2.345453e-03	8.387158e-24	6.838326e-24	1.548833e-24
370           	-2.632615e-24	2.345438e-03	-8.363618e-24	-6.814424e-24	-1.549194e-24
371           	2.644708e-24	2.345428e-03	8.386901e-24	6.838159e-24	1.548742e-24
372           	-2.632584e-24	2.345412e-03	-8.363658e-24	-6.814413e-24	-1.549245e-24
373           	2.644679e-24	2.345403e-03	8.386672e-24	6.838015e-24	1.548657e-24
374           	-2.632547e-24	2.345388e-03	-8.363681e-24	-6.814387e-24	-1.549294e-24
375           	2.644658e-24	2.345378e-03	8.386467e-24	6.837892e-24	1.548576e-24
376           	-2.632503e-24	2.345363e-03	-8.363684e-24	-6.814346e-24	-1.549339e-24
377           	2.644644e-24	2.345354e-03	8.386287e-24	6.837787e-24	1.548499e-24
378           	-2.632455e-24	2.345339e-03	-8.363669e-24	-6.814290e-24	-1.549379e-24
379           	2.644636e-24	2.345330e-03	8.386127e-24	6.837699e-24	1.548428e-24
380           	-2.632403e-24	2.345315e-03	-8.363636e-24	-6.814221e-24	-1.549415e-24
381           	2.644632e-24	2.345306e-03	8.385987e-24	6.837626e-24	1.548362e-24
382           	-2.632346e-24	2.345291e-03	-8.363586e-24	-6.814139e-24	-1.549447e-24
383           	2.644632e-24	2.345282e-03	8.385865e-24	6.837565e-24	1.548301e-24
384           	-2.632287e-24	2.345267e-03	-8.363520e-24	-6.814046e-24	-1.549473e-24
385           	2.644636e-24	2.345259e-03	8.385760e-24	6.837515e-24	1.548244e-24
386           	-2.632224e-24	2.345244e-03	-8.363438e-24	-6.813943e-24	-1.549495e-24
387           	2.644641e-24	2.345235e-03	8.385669e-24	6.837476e-24	1.548193e-24
388           	-2.632160e-24	2.345221e-03	-8.363343e-24	-6.813832e-24	-1.549511e-24
389           	2.566882e-24	2.345213e-03	8.188618e-24	6.661191e-24	1.527427e-24
390           	-2.336106e-24	2.345195e-03	-7.605705e-24	-6.138959e-24	-1.466746e-24
391           	2.767073e-24	2.345164e-03	8.649882e-24	7.092014e-24	1.557868e-24
392           	-2.669289e-24	2.345119e-03	-8.500253e-24	-6.919415e-24	-1.580838e-24
393           	2.606278e-24	2.345118e-03	8.298112e-24	6.755334e-24	1.542778e-24
394           	-2.732699e-24	2.345087e-03	-8.628708e-24	-7.047053e-24	-1.581655e-24
395           	2.611636e-24	2.345073e-03	8.342063e-24	6.782667e-24	1.559395e-24
396           	-2.740247e-24	2.345062e-03	-8.642819e-24	-7.061656e-24	-1.581163e-24
397           	2.643214e-24	2.345049e-03	8.436992e-24	6.861710e-24	1.575282e-24
398           	-2.716512e-24	2.345054e-03	-8.575954e-24	-7.004489e-24	-1.571465e-24
399           	2.667915e-24	2.345064e-03	8.485931e-24	6.910880e-24	1.575050e-24
400           	-2.667699e-24	2.345081e-03	-8.448321e-24	-6.891860e-24	-1.556461e-24
401           	2.664658e-24	2.345107e-03	8.450772e-24	6.890044e-24	1.560728e-24
402           	-2.627771e-24	2.345125e-03	-8.340982e-24	-6.798262e-24	-1.542719e-24
403           	2.571211e-24	2.345146e-03	8.189785e-24	6.666104e-24	1.523681e-24
404           	-2.308229e-24	2.345150e-03	-7.526890e-24	-6.071674e-24	-1.455215e-24
405           	2.762464e-24	2.345133e-03	8.610598e-24	7.067763e-24	1.542835e-24
406           	-2.628825e-24	2.345097e-03	-8.395384e-24	-6.826517e-24	-1.568867e-24
407           	2.518586e-24	2.345099e-03	8.045528e-24	6.541350e-24	1.504178e-24
408           	-2.478682e-24	2.345066e-03	-7.970279e-24	-6.463822e-24	-1.506457e-24
409           	2.928384e-24	2.345034e-03	9.089338e-24	7.473054e-24	1.616285e-24
410           	-2.345890e-24	2.345006e-03	-7.705811e-24	-6.198796e-24	-1.507015e-24
411           	2.646817e-24	2.344997e-03	8.358551e-24	6.826092e-24	1.532459e-24
412           	-2.891522e-24	2.344940e-03	-9.049755e-24	-7.416400e-24	-1.633355e-24
413           	2.382444e-24	2.344953e-03	7.790227e-24	6.277557e-24	1.512669e-24
414           	-2.684965e-24	2.344944e-03	-8.453777e-24	-6.911853e-24	-1.541924e-24
415           	2.837521e-24	2.344924e-03	8.935743e-24	7.305392e-24	1.630351e-24
416           	-2.523515e-24	2.344946e-03	-8.095688e-24	-6.571359e-24	-1.524329e-24
417           	2.818765e-24	2.344968e-03	8.852683e-24	7.245107e-24	1.607577e-24
418           	-2.554951e-24	2.344966e-03	-8.175845e-24	-6.642874e-24	-1.532972e-24
419           	2.745242e-24	2.345014e-03	8.642639e-24	7.066561e-24	1.576078e-24
420           	-2.603017e-24	2.345008e-03	-8.296544e-24	-6.751289e-24	-1.545255e-24
421           	2.580084e-24	2.345047e-03	8.212861e-24	6.686514e-24	1.526347e-24
422           	-2.420332e-24	2.345052e-03	-7.800887e-24	-6.320776e-24	-1.480112e-24
423           	2.932367e-24	2.345058e-03	9.069101e-24	7.466918e-24	1.602183e-24
424           	-2.266888e-24	2.345054e-03	-7.472005e-24	-6.002891e-24	-1.469114e-24
425           	2.605988e-24	2.345077e-03	8.208610e-24	6.710293e-24	1.498317e-24
426           	-2.803943e-24	2.345017e-03	-8.775126e-24	-7.191506e-24	-1.583620e-24
427           	2.309169e-24	2.345028e-03	7.583165e-24	6.100752e-24	1.482413e-24
428           	-2.638030e-24	2.344995e-03	-8.273838e-24	-6.774950e-24	-1.498889e-24
429           	2.764261e-24	2.344944e-03	8.748770e-24	7.138646e-24	1.610124e-24
430           	-2.419950e-24	2.344930e-03	-7.800775e-24	-6.320337e-24	-1.480438e-24
431           	2.573263e-24	2.344909e-03	8.212369e-24	6.679448e-24	1.532922e-24
432           	-2.863828e-24	2.344857e-03	-8.928435e-24	-7.328046e-24	-1.600389e-24
433           	2.381212e-24	2.344864e-03	7.785880e-24	6.274152e-24	1.511728e-24
434           	-2.617600e-24	2.344848e-03	-8.266183e-24	-6.750692e-24	-1.515491e-24
435           	2.858566e-24	2.344814e-03	8.967897e-24	7.342515e-24	1.625382e-24
436           	-2.380099e-24	2.344822e-03	-7.745167e-24	-6.252682e-24	-1.492484e-24
437           	2.637850e-24	2.344819e-03	8.338360e-24	6.807030e-24	1.531330e-24
438           	-2.825046e-24	2.344789e-03	-8.875835e-24	-7.262964e-24	-1.612871e-24
439           	2.424237e-24	2.344812e-03	7.840057e-24	6.344266e-24	1.495791e-24
440           	-2.577868e-24	2.344813e-03	-8.215408e-24	-6.685572e-24	-1.529836e-24
441           	2.885040e-24	2.344794e-03	8.978065e-24	7.374073e-24	1.603993e-24
442           	-2.352258e-24	2.344814e-03	-7.709112e-24	-6.206814e-24	-1.502299e-24
443           	2.637429e-24	2.344820e-03	8.304381e-24	6.789620e-24	1.514762e-24
444           	-2.817421e-24	2.344793e-03	-8.859912e-24	-7.247377e-24	-1.612535e-24
445           	2.402803e-24	2.344818e-03	7.778890e-24	6.292248e-24	1.486642e-24
446           	-2.579041e-24	2.344816e-03	-8.206981e-24	-6.682532e-24	-1.524449e-24
447           	2.863179e-24	2.344793e-03	8.919131e-24	7.322745e-24	1.596386e-24
448           	-2.347643e-24	2.344807e-03	-7.692958e-24	-6.194122e-24	-1.498836e-24
449           	2.626040e-24	2.344810e-03	8.266150e-24	6.759115e-24	1.507035e-24
450           	-2.809744e-24	2.344777e-03	-8.841685e-24	-7.230586e-24	-1.611098e-24
451           	2.395028e-24	2.344797e-03	7.752988e-24	6.271522e-24	1.481465e-24
452           	-2.576042e-24	2.344790e-03	-8.198302e-24	-6.675193e-24	-1.523109e-24
453           	2.857009e-24	2.344763e-03	8.901096e-24	7.307557e-24	1.593539e-24
454           	-2.344562e-24	2.344772e-03	-7.686984e-24	-6.188054e-24	-1.498930e-24
455           	2.627193e-24	2.344770e-03	8.262344e-24	6.758365e-24	1.503979e-24
456           	-2.802404e-24	2.344734e-03	-8.831692e-24	-7.218250e-24	-1.613442e-24
457           	2.401059e-24	2.344752e-03	7.758221e-24	6.280170e-24	1.478051e-24
458           	-2.569084e-24	2.344743e-03	-8.189512e-24	-6.663840e-24	-1.525672e-24
459           	2.861725e-24	2.344714e-03	8.906429e-24	7.314939e-24	1.591489e-24
460           	-2.340796e-24	2.344723e-03	-7.681973e-24	-6.181782e-24	-1.500191e-24
461           	2.630126e-24	2.344721e-03	8.266700e-24	6.763476e-24	1.503224e-24
462           	-2.799609e-24	2.344685e-03	-8.827425e-24	-7.213321e-24	-1.614103e-24
463           	2.404058e-24	2.344702e-03	7.763159e-24	6.285637e-24	1.477522e-24
464           	-2.566648e-24	2.344693e-03	-8.185534e-24	-6.659415e-24	-1.526119e-24
465           	2.863098e-24	2.344665e-03	8.909422e-24	7.317810e-24	1.591613e-24
466           	-2.341663e-24	2.344674e-03	-7.681851e-24	-6.182589e-24	-1.499262e-24
467           	2.549686e-24	2.344672e-03	8.068733e-24	6.584052e-24	1.484680e-24
468           	-2.585035e-24	2.344633e-03	-8.265812e-24	-6.717941e-24	-1.547871e-24
469           	2.809257e-24	2.344632e-03	8.768786e-24	7.193650e-24	1.575136e-24
470           	-2.424741e-24	2.344617e-03	-7.895385e-24	-6.372433e-24	-1.522952e-24
471           	2.469002e-24	2.344617e-03	7.885955e-24	6.411980e-24	1.473975e-24
472           	-2.696678e-24	2.344582e-03	-8.521982e-24	-6.957669e-24	-1.564313e-24
473           	2.733452e-24	2.344565e-03	8.633975e-24	7.050439e-24	1.583536e-24
474           	-2.510507e-24	2.344564e-03	-8.076219e-24	-6.548617e-24	-1.527602e-24
475           	2.443296e-24	2.344563e-03	7.869625e-24	6.378108e-24	1.491517e-24
476           	-2.731296e-24	2.344538e-03	-8.582781e-24	-7.022686e-24	-1.560095e-24
477           	2.738741e-24	2.344534e-03	8.680977e-24	7.079229e-24	1.601748e-24
478           	-2.515858e-24	2.344543e-03	-8.067256e-24	-6.549486e-24	-1.517770e-24
479           	2.447911e-24	2.344553e-03	7.895806e-24	6.395814e-24	1.499992e-24
480           	-2.722397e-24	2.344539e-03	-8.550248e-24	-6.997522e-24	-1.552727e-24
481           	2.743631e-24	2.344539e-03	8.684991e-24	7.086126e-24	1.598865e-24
482           	-2.493410e-24	2.344554e-03	-8.016335e-24	-6.501578e-24	-1.514757e-24
483           	2.458049e-24	2.344567e-03	7.899052e-24	6.407575e-24	1.491477e-24
484           	-2.697895e-24	2.344556e-03	-8.497751e-24	-6.946771e-24	-1.550980e-24
485           	2.743142e-24	2.344557e-03	8.668990e-24	7.077637e-24	1.591353e-24
486           	-2.485266e-24	2.344571e-03	-7.991076e-24	-6.480804e-24	-1.510272e-24
487           	2.443244e-24	2.344583e-03	7.861954e-24	6.374221e-24	1.487734e-24
488           	-2.697712e-24	2.344568e-03	-8.486778e-24	-6.941101e-24	-1.545677e-24
489           	2.730702e-24	2.344566e-03	8.634743e-24	7.048073e-24	1.586670e-24
490           	-2.477844e-24	2.344575e-03	-7.973916e-24	-6.464802e-24	-1.509114e-24
491           	2.442064e-24	2.344582e-03	7.846908e-24	6.365518e-24	1.481390e-24
492           	-2.688248e-24	2.344563e-03	-8.467967e-24	-6.922232e-24	-1.545735e-24
493           	2.726557e-24	2.344556e-03	8.620764e-24	7.036939e-24	1.583825e-24
494           	-2.479431e-24	2.344562e-03	-7.971237e-24	-6.465050e-24	-1.506187e-24
495           	2.432166e-24	2.344567e-03	7.829484e-24	6.346908e-24	1.482577e-24
496           	-2.692439e-24	2.344544e-03	-8.471289e-24	-6.928084e-24	-1.543205e-24
497           	2.723645e-24	2.344535e-03	8.613166e-24	7.030228e-24	1.582938e-24
498           	-2.474672e-24	2.344539e-03	-7.966190e-24	-6.457767e-24	-1.508424e-24
499           	2.439348e-24	2.344542e-03	7.835229e-24	6.356963e-24	1.478267e-24
500           	-2.683528e-24	2.344518e-03	-8.461903e-24	-6.914480e-24	-1.547424e-24
