/*--------------------------------*- C++ -*----------------------------------*\
  =========                 |
  \\      /  F ield         | OpenFOAM: The Open Source CFD Toolbox
   \\    /   O peration     | Website:  https://openfoam.org
    \\  /    A nd           | Version:  12
     \\/     M anipulation  |
\*---------------------------------------------------------------------------*/
FoamFile
{
    format      ascii;
    class       volScalarField;
    location    "250";
    object      nuTilda;
}
// * * * * * * * * * * * * * * * * * * * * * * * * * * * * * * * * * * * * * //

dimensions      [0 2 -1 0 0 0 0];

internalField   nonuniform List<scalar> 
10720
(
0.144589
0.151833
0.160486
0.170985
0.183175
0.197611
0.214405
0.233113
0.253344
0.27417
0.293985
0.310861
0.322954
0.329363
0.330288
0.326774
0.320133
0.311493
0.301488
0.290487
0.278459
0.265397
0.251374
0.236874
0.223092
0.211074
0.200661
0.19046
0.181136
0.165428
0.14843
0.135067
0.110099
0.0956413
0.072912
0.061595
0.0864282
0.0997588
0.0928436
0.13788
0.131507
0.12455
0.117515
0.110003
0.10204
0.0935364
0.0843634
0.074334
0.0629789
0.0498323
0.0357603
0.0340014
0.041293
0.0505306
0.0587584
0.0665197
0.074358
0.0824544
0.0907713
0.0991683
0.107509
0.115662
0.12351
0.13074
0.137008
0.142297
0.146733
0.15047
0.153634
0.156301
0.158517
0.160345
0.161839
0.163006
0.16393
0.164368
0.165161
0.164473
0.110511
0.110271
0.109935
0.110399
0.11136
0.112683
0.114757
0.117934
0.122831
0.129745
0.138879
0.150392
0.163907
0.178967
0.195185
0.212053
0.229318
0.246629
0.263681
0.279982
0.295093
0.308392
0.319343
0.32761
0.333098
0.335726
0.335364
0.332169
0.327084
0.319204
0.308748
0.297117
0.286953
0.27183
0.255317
0.211716
0.199256
0.29754
0.278707
0.110739
0.110828
0.110948
0.110799
0.110446
0.10981
0.108762
0.107222
0.105216
0.102853
0.100132
0.0970663
0.093122
0.0886121
0.0842011
0.0801419
0.0764417
0.0731088
0.0702359
0.0678709
0.0660575
0.0648135
0.0641378
0.0639908
0.0643396
0.0651262
0.0662485
0.0675966
0.0690758
0.0706047
0.0721249
0.07381
0.0764159
0.0799797
0.0838884
0.0876714
0.0911341
0.0940165
0.103598
0.128575
0.12844
0.128275
0.128354
0.128559
0.128753
0.128932
0.129144
0.129475
0.129803
0.130091
0.130535
0.13149
0.133307
0.136326
0.140809
0.146961
0.154653
0.161007
0.172266
0.188778
0.209473
0.233601
0.259794
0.2862
0.311516
0.3347
0.354682
0.371017
0.383417
0.391815
0.396601
0.400276
0.400799
0.403875
0.380178
0.407683
0.56985
0.542064
0.128698
0.128666
0.128693
0.128524
0.128254
0.127842
0.127229
0.126359
0.125212
0.123803
0.122109
0.120166
0.117974
0.11552
0.112895
0.110138
0.107271
0.104317
0.101328
0.0983312
0.0953636
0.0924353
0.0895513
0.0866223
0.0836047
0.0805851
0.0776175
0.0747569
0.0720517
0.0695381
0.0672816
0.065138
0.0643106
0.0653963
0.0675807
0.0702766
0.0736413
0.0765014
0.0829985
0.1329
0.132821
0.132681
0.132476
0.132411
0.132453
0.132528
0.132612
0.132695
0.132779
0.132823
0.132755
0.132343
0.131291
0.129928
0.129437
0.129596
0.130526
0.132046
0.134633
0.139115
0.146776
0.156475
0.170458
0.191801
0.219212
0.251866
0.288215
0.326173
0.36343
0.397995
0.428534
0.455721
0.478809
0.505381
0.506791
0.559447
0.788788
0.825194
0.132966
0.132982
0.132992
0.13293
0.132806
0.132608
0.132309
0.131889
0.131341
0.130657
0.129825
0.128836
0.127684
0.126358
0.124889
0.123282
0.121545
0.119684
0.117717
0.115655
0.113517
0.111308
0.109023
0.106592
0.10395
0.101132
0.0981583
0.0950604
0.09187
0.0886177
0.0853417
0.0820646
0.0788728
0.0759155
0.0733635
0.0710542
0.0704904
0.0714288
0.0715183
0.135297
0.13524
0.135141
0.135005
0.134832
0.134676
0.134616
0.134597
0.134584
0.134571
0.134564
0.134555
0.134507
0.134369
0.134064
0.133609
0.133043
0.13244
0.131918
0.131573
0.131534
0.132298
0.134191
0.137861
0.144661
0.156226
0.170849
0.197389
0.23536
0.283612
0.339163
0.397631
0.45557
0.509587
0.566106
0.59972
0.675288
0.963519
1.12248
0.135347
0.135354
0.135362
0.135316
0.135237
0.135106
0.134915
0.134654
0.134319
0.133908
0.13341
0.132819
0.13214
0.131363
0.130497
0.129535
0.128481
0.127333
0.126097
0.124772
0.123364
0.12187
0.120283
0.118547
0.116612
0.114484
0.112165
0.109662
0.106984
0.104142
0.101154
0.0980447
0.0948438
0.0915928
0.0883484
0.0851549
0.081999
0.0799714
0.0735366
0.136609
0.136562
0.136489
0.136389
0.136269
0.136118
0.135935
0.135723
0.13548
0.135203
0.134991
0.134844
0.134698
0.134458
0.134099
0.133684
0.133214
0.132669
0.132022
0.131295
0.13043
0.130069
0.130043
0.130474
0.131664
0.134551
0.139226
0.148965
0.164177
0.195705
0.247135
0.318168
0.403307
0.49299
0.58653
0.660413
0.76428
1.09375
1.41257
0.136646
0.136655
0.136663
0.136633
0.13658
0.136491
0.136362
0.136188
0.135966
0.135696
0.135368
0.134986
0.13455
0.134057
0.133503
0.132886
0.132207
0.131464
0.130657
0.129784
0.128847
0.12784
0.126753
0.12555
0.124189
0.122667
0.120978
0.119116
0.117076
0.114855
0.112456
0.109885
0.107157
0.104292
0.101311
0.0982731
0.0950073
0.0926049
0.0853577
0.137462
0.137429
0.137374
0.137298
0.13721
0.137098
0.136964
0.136811
0.136634
0.136433
0.136208
0.13603
0.135887
0.135717
0.135461
0.135071
0.134591
0.134044
0.133421
0.132715
0.131876
0.130981
0.130026
0.129495
0.129319
0.129596
0.130513
0.132954
0.137378
0.148658
0.171696
0.224779
0.31399
0.431351
0.564933
0.686638
0.825972
1.18204
1.60999
0.137492
0.137498
0.137502
0.137479
0.137439
0.137371
0.137276
0.137152
0.136994
0.136802
0.136571
0.136307
0.13601
0.135675
0.1353
0.134883
0.134422
0.133915
0.133362
0.132762
0.132114
0.131413
0.13065
0.1298
0.128834
0.127746
0.126526
0.125167
0.123658
0.12199
0.120156
0.118154
0.115981
0.113647
0.111155
0.108553
0.105664
0.103427
0.0969981
0.138038
0.13801
0.137964
0.137904
0.137833
0.137745
0.137639
0.137517
0.137377
0.137218
0.13704
0.136839
0.136614
0.136364
0.136088
0.13578
0.13543
0.135033
0.134576
0.134044
0.133417
0.132669
0.131759
0.130779
0.129838
0.128924
0.128654
0.128929
0.129848
0.132612
0.139376
0.160932
0.22153
0.338283
0.502014
0.674857
0.857637
1.23304
1.73484
0.138063
0.138069
0.138073
0.138055
0.138025
0.137972
0.137898
0.137804
0.137685
0.137542
0.137372
0.137181
0.136967
0.136728
0.136462
0.136167
0.13584
0.135482
0.13509
0.134663
0.134198
0.133692
0.133139
0.132521
0.131817
0.131022
0.130128
0.129125
0.128005
0.126757
0.125371
0.123841
0.122159
0.120325
0.118331
0.116212
0.113809
0.111878
0.106566
0.138455
0.138432
0.138395
0.138347
0.138292
0.138224
0.138143
0.138051
0.137944
0.137824
0.137689
0.137536
0.137365
0.137174
0.136955
0.136702
0.136413
0.136082
0.135703
0.135268
0.134766
0.134181
0.133486
0.13265
0.131691
0.130606
0.129542
0.128545
0.128234
0.128549
0.129857
0.13482
0.158887
0.241629
0.407185
0.623071
0.855292
1.24922
1.80088
0.138477
0.138482
0.138486
0.138472
0.138448
0.138405
0.138345
0.138271
0.138178
0.138067
0.137937
0.137793
0.137634
0.137456
0.13726
0.137043
0.136805
0.136543
0.136256
0.135942
0.1356
0.135226
0.134815
0.134354
0.133829
0.133233
0.132561
0.131807
0.130962
0.130016
0.128962
0.12779
0.126494
0.125066
0.123499
0.121812
0.119872
0.118265
0.114018
0.138767
0.138747
0.138715
0.138676
0.13863
0.138574
0.138508
0.138434
0.138348
0.138251
0.138142
0.138019
0.137881
0.137725
0.137548
0.137349
0.137124
0.136867
0.136571
0.13623
0.135833
0.135372
0.134836
0.134204
0.13346
0.132577
0.131535
0.130327
0.12915
0.128093
0.127867
0.128187
0.132428
0.16934
0.301028
0.535072
0.815083
1.23044
1.81512
0.138786
0.138792
0.138796
0.138785
0.138767
0.138731
0.138681
0.13862
0.138546
0.138457
0.138355
0.138243
0.138119
0.137983
0.137834
0.137671
0.137491
0.137294
0.137078
0.136842
0.136584
0.136301
0.135989
0.135638
0.135237
0.134782
0.134269
0.13369
0.13304
0.132312
0.131498
0.130591
0.129583
0.128468
0.127236
0.125901
0.124353
0.123038
0.119696
0.139008
0.13899
0.138964
0.138931
0.138893
0.138848
0.138795
0.138735
0.138667
0.13859
0.138503
0.138406
0.138296
0.138173
0.138034
0.137876
0.137696
0.137489
0.137252
0.136978
0.13666
0.136292
0.135865
0.135372
0.134805
0.134143
0.133343
0.132354
0.131162
0.12978
0.128407
0.127692
0.126541
0.13331
0.209307
0.423816
0.736111
1.17496
1.78133
0.139026
0.139032
0.139036
0.139028
0.139014
0.138983
0.138941
0.13889
0.138828
0.138756
0.138674
0.138584
0.138486
0.138379
0.138263
0.138137
0.137998
0.137847
0.137681
0.137499
0.137301
0.137082
0.136841
0.136568
0.136256
0.135903
0.135503
0.135053
0.134546
0.133977
0.133339
0.132627
0.131834
0.130954
0.129979
0.128918
0.127684
0.126611
0.123993
0.1392
0.139184
0.139161
0.139134
0.139104
0.139067
0.139025
0.138977
0.138921
0.138858
0.138788
0.138708
0.138618
0.138516
0.138402
0.138272
0.138125
0.137958
0.137766
0.137546
0.137291
0.136996
0.136653
0.136258
0.135809
0.135296
0.134693
0.133958
0.133031
0.131843
0.130344
0.128831
0.127457
0.123508
0.149004
0.30976
0.623807
1.0812
1.70144
0.139215
0.139222
0.139226
0.139221
0.13921
0.139185
0.139148
0.139104
0.139052
0.138992
0.138924
0.138851
0.138771
0.138686
0.138593
0.138493
0.138384
0.138266
0.138136
0.137994
0.137838
0.137667
0.137477
0.137261
0.137015
0.136736
0.136421
0.136064
0.135664
0.135213
0.134708
0.134142
0.133511
0.132811
0.132032
0.131181
0.130191
0.129313
0.127257
0.139356
0.139342
0.139324
0.139302
0.139279
0.13925
0.139217
0.139178
0.139133
0.139082
0.139024
0.138959
0.138884
0.138801
0.138706
0.138599
0.138477
0.138338
0.138179
0.137997
0.137786
0.137544
0.137264
0.136944
0.136579
0.136166
0.13569
0.135141
0.134466
0.133567
0.132353
0.130748
0.129293
0.125264
0.122249
0.214162
0.491614
0.950581
1.57689
0.139369
0.139375
0.13938
0.139378
0.13937
0.139348
0.139316
0.139278
0.139233
0.139182
0.139125
0.139064
0.138999
0.138929
0.138854
0.138773
0.138686
0.138591
0.138488
0.138376
0.138252
0.138115
0.137963
0.137791
0.137595
0.137371
0.137119
0.136833
0.136512
0.136151
0.135746
0.135292
0.134785
0.134221
0.133593
0.132906
0.132105
0.131382
0.129757
0.139485
0.139475
0.139461
0.139446
0.139429
0.139407
0.139381
0.13935
0.139313
0.139271
0.139222
0.139167
0.139105
0.139035
0.138955
0.138865
0.138763
0.138646
0.138513
0.138361
0.138185
0.137983
0.137751
0.137486
0.137187
0.136848
0.136462
0.136024
0.135525
0.134911
0.134056
0.132677
0.131245
0.129249
0.118133
0.150153
0.358898
0.790345
1.41033
0.139496
0.139502
0.139507
0.139507
0.139502
0.139483
0.139455
0.139421
0.139382
0.139338
0.139289
0.139238
0.139183
0.139125
0.139063
0.138998
0.138927
0.13885
0.138767
0.138676
0.138577
0.138467
0.138344
0.138205
0.138046
0.137865
0.137661
0.13743
0.137169
0.136877
0.136548
0.13618
0.135768
0.13531
0.134799
0.134239
0.133588
0.132988
0.131695
0.139595
0.139589
0.139581
0.139571
0.13956
0.139544
0.139523
0.139497
0.139466
0.139429
0.139388
0.13934
0.139287
0.139227
0.13916
0.139084
0.138998
0.1389
0.138788
0.138659
0.138511
0.138342
0.138147
0.137926
0.137677
0.1374
0.137087
0.136731
0.136326
0.135864
0.135288
0.1344
0.132883
0.132164
0.123748
0.119779
0.245866
0.614905
1.20805
0.139604
0.139608
0.139613
0.139614
0.139612
0.139596
0.139571
0.139541
0.139506
0.139468
0.139426
0.139381
0.139335
0.139286
0.139235
0.13918
0.139122
0.13906
0.138992
0.138918
0.138837
0.138747
0.138647
0.138534
0.138404
0.138256
0.138089
0.1379
0.137687
0.137448
0.137179
0.136877
0.13654
0.136165
0.135746
0.135286
0.134751
0.134251
0.133213
0.139691
0.139689
0.139687
0.139682
0.139674
0.139661
0.139643
0.139619
0.139591
0.139559
0.139522
0.139481
0.139434
0.139383
0.139325
0.139261
0.139188
0.139105
0.13901
0.138902
0.138778
0.138636
0.138472
0.138286
0.13808
0.137856
0.137607
0.137321
0.136988
0.136602
0.136149
0.1356
0.134443
0.133777
0.130274
0.113989
0.166395
0.444258
0.982345
0.139696
0.139699
0.139703
0.139705
0.139705
0.139692
0.139669
0.139642
0.139611
0.139577
0.13954
0.139502
0.139462
0.139421
0.139377
0.139332
0.139283
0.139232
0.139176
0.139115
0.139048
0.138975
0.138892
0.138799
0.138692
0.13857
0.138432
0.138277
0.138101
0.137904
0.137682
0.137433
0.137155
0.136844
0.136498
0.136117
0.135675
0.135256
0.134416
0.139777
0.13978
0.139781
0.139779
0.139772
0.139759
0.139741
0.139719
0.139692
0.139663
0.139629
0.139593
0.139552
0.139507
0.139457
0.139402
0.13934
0.13927
0.13919
0.139099
0.138995
0.138875
0.138738
0.138583
0.138414
0.138236
0.138038
0.137812
0.137544
0.137223
0.136834
0.136408
0.13568
0.134667
0.134293
0.120347
0.123759
0.299042
0.752272
0.139777
0.139777
0.13978
0.139782
0.139783
0.139773
0.139753
0.139728
0.1397
0.13967
0.139638
0.139604
0.13957
0.139534
0.139497
0.139459
0.139418
0.139375
0.139328
0.139278
0.139223
0.139162
0.139094
0.139016
0.138927
0.138826
0.138711
0.138582
0.138436
0.138272
0.138088
0.137881
0.13765
0.137391
0.137104
0.136786
0.136418
0.136065
0.13538
0.139854
0.13986
0.139863
0.139861
0.139853
0.139839
0.13982
0.139798
0.139773
0.139745
0.139715
0.139683
0.139647
0.139608
0.139565
0.139517
0.139463
0.139403
0.139335
0.139258
0.13917
0.13907
0.138955
0.138827
0.138691
0.138549
0.138393
0.138213
0.138001
0.137743
0.137419
0.137033
0.136567
0.135546
0.13593
0.12896
0.111161
0.194048
0.541152
0.13985
0.139846
0.139846
0.139848
0.139851
0.139843
0.139825
0.139803
0.139777
0.13975
0.139721
0.139692
0.139662
0.139631
0.1396
0.139567
0.139532
0.139496
0.139457
0.139415
0.139368
0.139317
0.13926
0.139195
0.139121
0.139036
0.13894
0.138832
0.13871
0.138573
0.138419
0.138246
0.138052
0.137836
0.137595
0.137329
0.137022
0.136722
0.13616
0.139924
0.139931
0.139933
0.139929
0.139918
0.139902
0.139883
0.139862
0.139839
0.139814
0.139787
0.139758
0.139727
0.139693
0.139655
0.139614
0.139567
0.139515
0.139456
0.13939
0.139315
0.139229
0.139133
0.139028
0.13892
0.138807
0.138683
0.13854
0.138371
0.138166
0.13791
0.137571
0.137213
0.136406
0.136265
0.13477
0.115768
0.132937
0.369877
0.139916
0.139907
0.139903
0.139905
0.13991
0.139904
0.139888
0.139867
0.139844
0.139819
0.139793
0.139767
0.139741
0.139714
0.139687
0.139659
0.13963
0.139599
0.139566
0.13953
0.139491
0.139448
0.1394
0.139345
0.139283
0.139211
0.13913
0.139039
0.138937
0.138821
0.138692
0.138546
0.138384
0.138202
0.138
0.137775
0.137517
0.137261
0.136798
0.139986
0.139993
0.139992
0.139984
0.139971
0.139954
0.139935
0.139916
0.139895
0.139873
0.13985
0.139825
0.139798
0.139769
0.139736
0.1397
0.139659
0.139613
0.139562
0.139504
0.139438
0.139364
0.139282
0.139196
0.13911
0.139019
0.13892
0.138806
0.138671
0.138508
0.138307
0.138032
0.137721
0.137166
0.136511
0.13727
0.12581
0.10851
0.248938
0.139975
0.139963
0.139954
0.139954
0.139961
0.139957
0.139943
0.139923
0.139902
0.139879
0.139856
0.139833
0.13981
0.139787
0.139763
0.139739
0.139714
0.139688
0.139659
0.139629
0.139596
0.13956
0.139519
0.139472
0.139419
0.139358
0.13929
0.139213
0.139127
0.13903
0.138921
0.138798
0.138661
0.138508
0.138337
0.138147
0.137928
0.13771
0.137324
0.140041
0.140045
0.140039
0.140029
0.140014
0.139997
0.13998
0.139963
0.139946
0.139928
0.139909
0.139888
0.139865
0.13984
0.139812
0.13978
0.139744
0.139704
0.139659
0.139607
0.139548
0.139484
0.139414
0.139343
0.139271
0.139197
0.139116
0.139024
0.138916
0.138785
0.138625
0.138412
0.138141
0.137776
0.136964
0.137685
0.134197
0.107424
0.175988
0.14003
0.140013
0.14
0.139998
0.140006
0.140004
0.139991
0.139972
0.139952
0.139932
0.139911
0.139891
0.139871
0.13985
0.13983
0.139809
0.139787
0.139765
0.13974
0.139714
0.139686
0.139655
0.13962
0.139581
0.139536
0.139485
0.139429
0.139365
0.139293
0.139212
0.13912
0.139017
0.138901
0.138771
0.138625
0.138464
0.138277
0.13809
0.137766
0.140088
0.140088
0.140079
0.140065
0.140051
0.140035
0.140021
0.140008
0.139994
0.13998
0.139965
0.139949
0.13993
0.139909
0.139885
0.139858
0.139827
0.139791
0.139751
0.139704
0.139652
0.139596
0.139536
0.139476
0.139415
0.139352
0.139284
0.139207
0.139118
0.139012
0.138882
0.138718
0.138492
0.138233
0.137576
0.137394
0.138586
0.116351
0.140163
0.140079
0.14006
0.140042
0.140036
0.140045
0.140045
0.140033
0.140015
0.139997
0.139978
0.139959
0.139942
0.139924
0.139906
0.139889
0.139871
0.139852
0.139832
0.139811
0.139789
0.139765
0.139738
0.13971
0.139678
0.139642
0.139602
0.139556
0.139504
0.139445
0.139378
0.139301
0.139214
0.139115
0.139005
0.13888
0.138742
0.138582
0.138419
0.138145
0.140127
0.140123
0.140111
0.140096
0.140083
0.140071
0.140061
0.140051
0.140042
0.140032
0.140022
0.140009
0.139995
0.139978
0.139958
0.139935
0.139908
0.139877
0.139841
0.139799
0.139754
0.139705
0.139655
0.139602
0.139548
0.139492
0.139432
0.139365
0.139289
0.139201
0.139095
0.138964
0.138783
0.138573
0.138169
0.137354
0.139814
0.126336
0.128012
0.140122
0.140104
0.14008
0.140071
0.140081
0.140082
0.14007
0.140053
0.140036
0.140019
0.140002
0.139987
0.139971
0.139956
0.13994
0.139925
0.139908
0.139892
0.139874
0.139855
0.139835
0.139815
0.139794
0.139771
0.139745
0.139715
0.139681
0.13964
0.139592
0.139536
0.139471
0.139397
0.139313
0.139218
0.139111
0.138991
0.138853
0.138712
0.138477
0.14016
0.140152
0.140138
0.140124
0.140114
0.140106
0.1401
0.140095
0.14009
0.140085
0.140079
0.140071
0.140061
0.140049
0.140033
0.140014
0.13999
0.139963
0.139931
0.139896
0.139857
0.139816
0.139772
0.139725
0.139675
0.139624
0.139568
0.139507
0.13944
0.139363
0.139274
0.139166
0.139024
0.138838
0.138631
0.137677
0.139493
0.133426
0.127631
0.140159
0.140144
0.140115
0.140102
0.140112
0.140114
0.140104
0.140087
0.140071
0.140055
0.140041
0.140027
0.140013
0.14
0.139987
0.139973
0.139959
0.139945
0.139931
0.139917
0.139902
0.139889
0.139878
0.139866
0.139851
0.13983
0.139803
0.139771
0.139731
0.139684
0.139629
0.139566
0.139494
0.139412
0.139319
0.139216
0.139097
0.138973
0.138772
0.140186
0.140175
0.140161
0.14015
0.140144
0.14014
0.140139
0.140139
0.140139
0.140139
0.140138
0.140134
0.140128
0.140119
0.140107
0.140092
0.140073
0.140051
0.140025
0.139996
0.139964
0.139929
0.139889
0.139846
0.1398
0.139752
0.139699
0.139641
0.139578
0.139509
0.13943
0.139337
0.139224
0.139059
0.138947
0.13819
0.138898
0.137152
0.13111
0.14019
0.14018
0.140148
0.140129
0.14014
0.140144
0.140133
0.140117
0.140101
0.140088
0.140075
0.140063
0.140051
0.140039
0.140028
0.140017
0.140006
0.139996
0.139986
0.139977
0.139969
0.139966
0.139964
0.139962
0.139954
0.139939
0.139917
0.13989
0.139856
0.139816
0.13977
0.139715
0.139654
0.139583
0.139504
0.139415
0.139312
0.139204
0.139032
0.140208
0.140196
0.140182
0.140176
0.140175
0.140175
0.140179
0.140184
0.140188
0.140191
0.140192
0.140191
0.140188
0.140182
0.140174
0.140164
0.140151
0.140136
0.140117
0.140096
0.140071
0.140041
0.140007
0.139968
0.139925
0.139878
0.139827
0.139771
0.139711
0.139645
0.139571
0.139487
0.139393
0.139252
0.139162
0.138686
0.138646
0.138563
0.134566
0.140216
0.140209
0.140178
0.140155
0.140166
0.14017
0.140159
0.140144
0.140129
0.140117
0.140106
0.140095
0.140085
0.140075
0.140066
0.140058
0.14005
0.140044
0.140039
0.140037
0.140036
0.140039
0.140043
0.140045
0.14004
0.140029
0.140012
0.139989
0.139962
0.139929
0.139889
0.139844
0.139791
0.139731
0.139664
0.139587
0.139499
0.139406
0.139259
0.140226
0.140214
0.140201
0.140203
0.140205
0.140208
0.140217
0.140223
0.140229
0.140232
0.140234
0.140234
0.140232
0.140229
0.140224
0.140217
0.140209
0.1402
0.140188
0.140174
0.140157
0.140136
0.14011
0.140079
0.140042
0.140001
0.139953
0.1399
0.139841
0.139776
0.139705
0.139626
0.139541
0.139422
0.139325
0.139064
0.138726
0.138913
0.136829
0.140235
0.14023
0.140204
0.140177
0.140188
0.140193
0.140183
0.140167
0.140154
0.140143
0.140133
0.140124
0.140115
0.140108
0.140102
0.140097
0.140093
0.140092
0.140091
0.140093
0.140095
0.140099
0.140102
0.140103
0.1401
0.140091
0.140079
0.140064
0.140044
0.140019
0.139989
0.139952
0.139908
0.139858
0.139801
0.139736
0.139661
0.139581
0.139456
0.140242
0.140231
0.14022
0.140228
0.140233
0.140239
0.140247
0.140253
0.140257
0.14026
0.140261
0.140261
0.14026
0.140259
0.140256
0.140252
0.140247
0.140241
0.140233
0.140224
0.140214
0.140201
0.140185
0.140164
0.140139
0.140107
0.140068
0.140021
0.139966
0.139905
0.139836
0.139759
0.139677
0.139575
0.13947
0.139322
0.138971
0.139002
0.138028
0.140249
0.140245
0.140224
0.140198
0.140209
0.140214
0.140203
0.140188
0.140176
0.140167
0.140158
0.14015
0.140144
0.140139
0.140135
0.140134
0.140133
0.140134
0.140135
0.140137
0.140138
0.140139
0.14014
0.14014
0.140136
0.14013
0.140121
0.140111
0.140098
0.140083
0.140064
0.140038
0.140006
0.139967
0.13992
0.139865
0.139803
0.139731
0.139642
0.140256
0.140246
0.14024
0.14025
0.140257
0.140262
0.140268
0.140273
0.140276
0.140278
0.14028
0.14028
0.14028
0.14028
0.140278
0.140276
0.140273
0.140269
0.140264
0.140258
0.140252
0.140243
0.140233
0.140221
0.140206
0.140186
0.140159
0.140124
0.14008
0.140026
0.139962
0.139888
0.139808
0.139715
0.139608
0.139501
0.139238
0.139108
0.138615
0.14026
0.140256
0.14024
0.140217
0.140227
0.140231
0.140221
0.140207
0.140196
0.140188
0.14018
0.140174
0.140169
0.140167
0.140165
0.140165
0.140165
0.140165
0.140165
0.140165
0.140165
0.140164
0.140164
0.140163
0.14016
0.140155
0.140149
0.140141
0.140133
0.140123
0.140111
0.140096
0.140076
0.140051
0.140019
0.139977
0.139929
0.139863
0.139808
0.140267
0.140259
0.140258
0.140268
0.140273
0.140278
0.140283
0.140286
0.140289
0.140292
0.140294
0.140295
0.140295
0.140295
0.140295
0.140294
0.140292
0.14029
0.140287
0.140283
0.140278
0.140273
0.140266
0.140258
0.140249
0.140238
0.140222
0.140201
0.140171
0.140129
0.140076
0.140011
0.139934
0.139847
0.139744
0.139643
0.139462
0.139271
0.13894
0.140267
0.140264
0.140251
0.140233
0.140241
0.140244
0.140236
0.140222
0.140213
0.140207
0.140199
0.140194
0.140191
0.140189
0.140188
0.140186
0.140185
0.140184
0.140183
0.140182
0.140181
0.14018
0.140179
0.140178
0.140175
0.140171
0.140167
0.140162
0.140156
0.140149
0.140141
0.140131
0.140119
0.140104
0.140085
0.140059
0.140032
0.139975
0.139942
0.140274
0.140271
0.140272
0.14028
0.140284
0.140289
0.140293
0.140297
0.1403
0.140302
0.140304
0.140306
0.140307
0.140308
0.140308
0.140308
0.140307
0.140306
0.140304
0.140302
0.140299
0.140295
0.14029
0.140285
0.140279
0.140272
0.140263
0.140251
0.140234
0.140208
0.140171
0.140119
0.140053
0.139972
0.139876
0.139772
0.139638
0.139454
0.139181
0.140273
0.140269
0.140259
0.140245
0.140251
0.140251
0.140245
0.140235
0.140227
0.14022
0.140214
0.140209
0.140206
0.140203
0.140201
0.140199
0.140198
0.140196
0.140195
0.140193
0.140192
0.140191
0.140189
0.140188
0.140186
0.140183
0.140179
0.140175
0.140171
0.140166
0.14016
0.140154
0.140146
0.140137
0.140125
0.140109
0.140095
0.140052
0.140033
0.14028
0.14028
0.140282
0.140288
0.140293
0.140297
0.140301
0.140305
0.140308
0.140311
0.140313
0.140315
0.140316
0.140317
0.140318
0.140319
0.140319
0.140318
0.140317
0.140316
0.140314
0.140312
0.140309
0.140305
0.140301
0.140296
0.14029
0.140284
0.140275
0.140261
0.140239
0.140205
0.140155
0.140087
0.140001
0.139899
0.139783
0.139626
0.139393
0.140278
0.140274
0.140264
0.140254
0.140257
0.140257
0.140251
0.140242
0.140235
0.140229
0.140223
0.140218
0.140214
0.140211
0.140209
0.140207
0.140205
0.140203
0.140202
0.1402
0.140199
0.140197
0.140196
0.140194
0.140192
0.14019
0.140187
0.140184
0.140181
0.140177
0.140173
0.140169
0.140164
0.140158
0.140151
0.14014
0.140132
0.140103
0.140096
0.140284
0.140285
0.140288
0.140294
0.140299
0.140303
0.140307
0.140311
0.140314
0.140317
0.14032
0.140322
0.140324
0.140326
0.140327
0.140328
0.140328
0.140329
0.140328
0.140328
0.140327
0.140326
0.140324
0.140322
0.140319
0.140315
0.140311
0.140307
0.140302
0.140295
0.140284
0.140266
0.140234
0.140184
0.140114
0.140021
0.139913
0.139778
0.139583
0.140281
0.140277
0.140268
0.140259
0.140261
0.14026
0.140254
0.140247
0.140239
0.140233
0.140227
0.140223
0.140219
0.140216
0.140213
0.140211
0.140209
0.140207
0.140205
0.140204
0.140202
0.140201
0.1402
0.140198
0.140196
0.140194
0.140192
0.140189
0.140187
0.140184
0.140182
0.140179
0.140175
0.140171
0.140167
0.14016
0.140156
0.140137
0.140136
0.140287
0.14029
0.140293
0.140299
0.140303
0.140308
0.140312
0.140316
0.14032
0.140323
0.140326
0.140328
0.14033
0.140332
0.140334
0.140335
0.140336
0.140337
0.140338
0.140338
0.140338
0.140337
0.140336
0.140335
0.140333
0.140331
0.140328
0.140325
0.140322
0.140318
0.140313
0.140304
0.140288
0.140258
0.140208
0.140132
0.140035
0.139912
0.139751
0.140284
0.140279
0.140271
0.140263
0.140264
0.140262
0.140256
0.140249
0.140242
0.140235
0.140229
0.140225
0.140221
0.140217
0.140215
0.140212
0.140211
0.140209
0.140207
0.140206
0.140204
0.140203
0.140201
0.1402
0.140198
0.140197
0.140195
0.140193
0.140191
0.140189
0.140187
0.140185
0.140183
0.14018
0.140178
0.140173
0.140171
0.140158
0.140162
0.14029
0.140293
0.140297
0.140303
0.140307
0.140312
0.140316
0.14032
0.140324
0.140328
0.140331
0.140334
0.140336
0.140338
0.14034
0.140342
0.140343
0.140345
0.140346
0.140346
0.140347
0.140347
0.140347
0.140346
0.140345
0.140344
0.140343
0.140341
0.140338
0.140335
0.140332
0.140329
0.140323
0.140308
0.140279
0.140225
0.140146
0.140034
0.139899
0.140286
0.140281
0.140273
0.140265
0.140265
0.140263
0.140257
0.14025
0.140242
0.140236
0.14023
0.140225
0.140221
0.140217
0.140215
0.140213
0.140211
0.140209
0.140207
0.140206
0.140204
0.140203
0.140202
0.1402
0.140199
0.140197
0.140196
0.140194
0.140193
0.140192
0.14019
0.140189
0.140188
0.140186
0.140185
0.140182
0.140181
0.140172
0.140178
0.140292
0.140295
0.1403
0.140305
0.14031
0.140315
0.14032
0.140324
0.140328
0.140332
0.140335
0.140338
0.140341
0.140343
0.140346
0.140348
0.140349
0.140351
0.140353
0.140354
0.140355
0.140355
0.140356
0.140356
0.140356
0.140355
0.140355
0.140354
0.140352
0.14035
0.140348
0.140346
0.140344
0.140339
0.140326
0.140295
0.140239
0.140145
0.14003
0.140287
0.140282
0.140274
0.140267
0.140266
0.140263
0.140257
0.140249
0.140242
0.140235
0.140229
0.140224
0.14022
0.140216
0.140214
0.140211
0.140209
0.140208
0.140206
0.140205
0.140203
0.140202
0.140201
0.1402
0.140198
0.140197
0.140196
0.140195
0.140193
0.140193
0.140192
0.140191
0.14019
0.14019
0.140189
0.140188
0.140188
0.140182
0.140189
0.140293
0.140297
0.140302
0.140308
0.140313
0.140318
0.140323
0.140327
0.140331
0.140335
0.140339
0.140342
0.140345
0.140348
0.14035
0.140353
0.140355
0.140357
0.140359
0.14036
0.140362
0.140363
0.140364
0.140364
0.140365
0.140365
0.140365
0.140365
0.140364
0.140363
0.140362
0.14036
0.140359
0.140359
0.140356
0.140342
0.14031
0.140239
0.140145
0.140288
0.140283
0.140275
0.140267
0.140266
0.140263
0.140256
0.140248
0.14024
0.140233
0.140227
0.140222
0.140217
0.140214
0.140211
0.140209
0.140207
0.140205
0.140204
0.140203
0.140201
0.1402
0.140199
0.140198
0.140197
0.140196
0.140195
0.140194
0.140193
0.140192
0.140192
0.140192
0.140192
0.140192
0.140192
0.140191
0.140192
0.140188
0.140197
0.140294
0.140298
0.140303
0.14031
0.140315
0.14032
0.140325
0.14033
0.140334
0.140338
0.140342
0.140345
0.140349
0.140352
0.140354
0.140357
0.140359
0.140362
0.140364
0.140366
0.140368
0.140369
0.140371
0.140372
0.140373
0.140373
0.140374
0.140374
0.140375
0.140375
0.140374
0.140373
0.140373
0.140372
0.140373
0.14037
0.140358
0.140313
0.140245
0.140289
0.140283
0.140275
0.140268
0.140266
0.140262
0.140255
0.140246
0.140238
0.14023
0.140224
0.140219
0.140214
0.140211
0.140208
0.140206
0.140204
0.140203
0.140201
0.1402
0.140199
0.140198
0.140197
0.140196
0.140195
0.140194
0.140193
0.140192
0.140192
0.140192
0.140192
0.140192
0.140192
0.140192
0.140193
0.140193
0.140195
0.140192
0.140201
0.140294
0.140299
0.140305
0.140311
0.140316
0.140322
0.140327
0.140332
0.140336
0.140341
0.140345
0.140348
0.140352
0.140355
0.140358
0.140361
0.140364
0.140366
0.140369
0.140371
0.140373
0.140375
0.140377
0.140378
0.14038
0.140381
0.140382
0.140383
0.140384
0.140384
0.140385
0.140385
0.140385
0.140384
0.140386
0.140387
0.140387
0.140365
0.140324
0.140289
0.140283
0.140275
0.140267
0.140265
0.140261
0.140253
0.140244
0.140235
0.140227
0.14022
0.140215
0.140211
0.140207
0.140205
0.140202
0.140201
0.140199
0.140198
0.140197
0.140195
0.140194
0.140194
0.140193
0.140192
0.140191
0.140191
0.14019
0.14019
0.14019
0.14019
0.140191
0.140191
0.140192
0.140193
0.140194
0.140196
0.140194
0.140204
0.140295
0.1403
0.140305
0.140312
0.140317
0.140323
0.140328
0.140334
0.140338
0.140343
0.140347
0.140351
0.140354
0.140358
0.140361
0.140364
0.140367
0.14037
0.140373
0.140375
0.140378
0.14038
0.140382
0.140384
0.140386
0.140387
0.140389
0.14039
0.140391
0.140393
0.140394
0.140395
0.140395
0.140396
0.140397
0.140398
0.140404
0.140396
0.14038
0.140289
0.140282
0.140274
0.140267
0.140264
0.140259
0.140251
0.140241
0.140231
0.140223
0.140216
0.140211
0.140206
0.140203
0.1402
0.140198
0.140197
0.140195
0.140194
0.140193
0.140192
0.140191
0.14019
0.14019
0.140189
0.140189
0.140188
0.140188
0.140188
0.140188
0.140189
0.140189
0.14019
0.140191
0.140193
0.140194
0.140197
0.140196
0.140205
0.140295
0.1403
0.140306
0.140313
0.140318
0.140324
0.14033
0.140335
0.14034
0.140345
0.140349
0.140353
0.140357
0.140361
0.140364
0.140367
0.140371
0.140374
0.140377
0.14038
0.140382
0.140385
0.140387
0.140389
0.140391
0.140393
0.140395
0.140397
0.140399
0.1404
0.140402
0.140403
0.140405
0.140406
0.140407
0.140408
0.140414
0.140414
0.140417
0.140288
0.140282
0.140273
0.140266
0.140263
0.140257
0.140248
0.140237
0.140227
0.140219
0.140212
0.140206
0.140202
0.140198
0.140196
0.140194
0.140192
0.140191
0.14019
0.140189
0.140188
0.140187
0.140187
0.140186
0.140186
0.140186
0.140185
0.140185
0.140186
0.140186
0.140187
0.140188
0.140189
0.14019
0.140192
0.140193
0.140196
0.140196
0.140205
0.140294
0.1403
0.140306
0.140313
0.140319
0.140325
0.140331
0.140336
0.140341
0.140346
0.140351
0.140355
0.140359
0.140363
0.140367
0.14037
0.140374
0.140377
0.14038
0.140383
0.140386
0.140389
0.140392
0.140394
0.140397
0.140399
0.140401
0.140403
0.140405
0.140407
0.140409
0.140411
0.140413
0.140415
0.140417
0.140418
0.140423
0.140424
0.140437
0.140288
0.140281
0.140272
0.140264
0.140261
0.140254
0.140245
0.140233
0.140223
0.140214
0.140207
0.140201
0.140197
0.140193
0.140191
0.140189
0.140188
0.140187
0.140186
0.140185
0.140184
0.140183
0.140183
0.140183
0.140182
0.140182
0.140182
0.140183
0.140183
0.140183
0.140184
0.140185
0.140187
0.140188
0.14019
0.140192
0.140195
0.140195
0.140204
0.140294
0.1403
0.140306
0.140313
0.140319
0.140325
0.140331
0.140337
0.140342
0.140347
0.140352
0.140357
0.140361
0.140365
0.140369
0.140373
0.140376
0.14038
0.140383
0.140387
0.14039
0.140393
0.140396
0.140399
0.140401
0.140404
0.140406
0.140408
0.140411
0.140413
0.140415
0.140418
0.14042
0.140423
0.140426
0.140427
0.140432
0.140432
0.140448
0.140287
0.14028
0.140271
0.140263
0.140259
0.140252
0.140241
0.140229
0.140218
0.140209
0.140201
0.140196
0.140191
0.140188
0.140186
0.140184
0.140183
0.140182
0.140181
0.140181
0.14018
0.14018
0.140179
0.140179
0.140179
0.140179
0.140179
0.140179
0.14018
0.14018
0.140181
0.140182
0.140184
0.140185
0.140187
0.140189
0.140192
0.140193
0.140201
0.140293
0.140299
0.140306
0.140313
0.140319
0.140326
0.140332
0.140338
0.140343
0.140348
0.140353
0.140358
0.140363
0.140367
0.140371
0.140375
0.140379
0.140383
0.140386
0.14039
0.140393
0.140397
0.1404
0.140403
0.140405
0.140408
0.140411
0.140413
0.140416
0.140419
0.140421
0.140424
0.140427
0.14043
0.140433
0.140436
0.14044
0.14044
0.140455
0.140286
0.140279
0.140269
0.140261
0.140256
0.140249
0.140237
0.140224
0.140213
0.140203
0.140196
0.14019
0.140186
0.140183
0.140181
0.14018
0.140178
0.140177
0.140177
0.140176
0.140176
0.140175
0.140175
0.140175
0.140175
0.140175
0.140175
0.140176
0.140176
0.140177
0.140178
0.140179
0.14018
0.140182
0.140183
0.140185
0.140189
0.140189
0.140197
0.140292
0.140298
0.140305
0.140313
0.140319
0.140326
0.140332
0.140338
0.140344
0.140349
0.140354
0.140359
0.140364
0.140368
0.140373
0.140377
0.140381
0.140385
0.140389
0.140393
0.140396
0.1404
0.140403
0.140406
0.140409
0.140412
0.140415
0.140418
0.140421
0.140424
0.140427
0.14043
0.140433
0.140436
0.14044
0.140443
0.140449
0.140448
0.140462
0.140285
0.140277
0.140268
0.140259
0.140254
0.140245
0.140232
0.140219
0.140207
0.140197
0.14019
0.140185
0.140181
0.140178
0.140176
0.140175
0.140174
0.140173
0.140172
0.140172
0.140171
0.140171
0.140171
0.140171
0.140171
0.140171
0.140171
0.140171
0.140172
0.140172
0.140173
0.140174
0.140175
0.140177
0.140178
0.14018
0.140183
0.140184
0.140192
0.140291
0.140297
0.140304
0.140312
0.140319
0.140326
0.140332
0.140338
0.140344
0.14035
0.140355
0.14036
0.140365
0.14037
0.140374
0.140378
0.140383
0.140387
0.140391
0.140395
0.140399
0.140403
0.140406
0.14041
0.140413
0.140416
0.140419
0.140422
0.140425
0.140428
0.140432
0.140435
0.140438
0.140442
0.140446
0.14045
0.140456
0.140456
0.140469
0.140283
0.140275
0.140266
0.140257
0.140251
0.140241
0.140228
0.140213
0.140201
0.140191
0.140184
0.140179
0.140175
0.140173
0.140171
0.14017
0.140169
0.140168
0.140168
0.140167
0.140167
0.140166
0.140166
0.140166
0.140166
0.140166
0.140166
0.140166
0.140166
0.140167
0.140167
0.140168
0.140169
0.14017
0.140172
0.140173
0.140176
0.140177
0.140184
0.140289
0.140296
0.140303
0.140311
0.140318
0.140325
0.140332
0.140338
0.140344
0.14035
0.140355
0.140361
0.140366
0.14037
0.140375
0.14038
0.140384
0.140388
0.140393
0.140397
0.140401
0.140405
0.140409
0.140413
0.140416
0.14042
0.140423
0.140426
0.140429
0.140433
0.140436
0.14044
0.140444
0.140447
0.140452
0.140456
0.140462
0.140464
0.140476
0.140281
0.140273
0.140263
0.140254
0.140248
0.140237
0.140223
0.140208
0.140195
0.140185
0.140178
0.140173
0.14017
0.140168
0.140166
0.140165
0.140164
0.140163
0.140162
0.140162
0.140162
0.140161
0.140161
0.14016
0.14016
0.14016
0.14016
0.14016
0.14016
0.14016
0.14016
0.14016
0.140161
0.140162
0.140163
0.140164
0.140167
0.140167
0.140174
0.140287
0.140295
0.140302
0.14031
0.140317
0.140324
0.140331
0.140338
0.140344
0.14035
0.140355
0.140361
0.140366
0.140371
0.140376
0.140381
0.140385
0.14039
0.140394
0.140399
0.140403
0.140407
0.140412
0.140415
0.140419
0.140423
0.140426
0.14043
0.140433
0.140437
0.140441
0.140444
0.140448
0.140452
0.140457
0.140461
0.140468
0.140471
0.140482
0.14028
0.140271
0.140261
0.140251
0.140244
0.140233
0.140217
0.140202
0.140189
0.140179
0.140172
0.140168
0.140164
0.140162
0.140161
0.140159
0.140158
0.140158
0.140157
0.140156
0.140156
0.140155
0.140154
0.140154
0.140153
0.140153
0.140152
0.140152
0.140151
0.140151
0.140151
0.140151
0.140151
0.140151
0.140152
0.140153
0.140155
0.140155
0.140161
0.140285
0.140293
0.140301
0.140309
0.140316
0.140323
0.14033
0.140337
0.140343
0.140349
0.140355
0.140361
0.140366
0.140371
0.140376
0.140381
0.140386
0.140391
0.140395
0.1404
0.140405
0.140409
0.140414
0.140418
0.140422
0.140425
0.140429
0.140433
0.140437
0.14044
0.140444
0.140448
0.140453
0.140457
0.140462
0.140466
0.140473
0.140476
0.140488
0.140277
0.140269
0.140258
0.140248
0.140241
0.140228
0.140211
0.140195
0.140182
0.140173
0.140166
0.140162
0.140159
0.140156
0.140155
0.140153
0.140152
0.140151
0.14015
0.140149
0.140149
0.140148
0.140147
0.140146
0.140145
0.140143
0.140142
0.140141
0.140141
0.14014
0.140139
0.140139
0.140138
0.140138
0.140138
0.140138
0.14014
0.140139
0.140145
0.140283
0.140291
0.140299
0.140307
0.140315
0.140322
0.140329
0.140336
0.140342
0.140349
0.140354
0.14036
0.140365
0.140371
0.140376
0.140381
0.140386
0.140391
0.140396
0.140401
0.140406
0.140411
0.140415
0.140419
0.140424
0.140428
0.140431
0.140435
0.14044
0.140444
0.140448
0.140452
0.140457
0.140461
0.140466
0.140471
0.140478
0.140482
0.140493
0.140275
0.140266
0.140255
0.140245
0.140237
0.140223
0.140205
0.140189
0.140176
0.140167
0.14016
0.140156
0.140153
0.14015
0.140148
0.140147
0.140145
0.140144
0.140143
0.140141
0.14014
0.140139
0.140137
0.140136
0.140134
0.140132
0.140131
0.140129
0.140128
0.140126
0.140125
0.140124
0.140123
0.140122
0.140122
0.140121
0.140122
0.140121
0.140126
0.140281
0.140289
0.140297
0.140305
0.140313
0.14032
0.140328
0.140335
0.140341
0.140347
0.140353
0.140359
0.140364
0.14037
0.140375
0.14038
0.140385
0.140391
0.140396
0.140401
0.140406
0.140411
0.140416
0.140421
0.140425
0.140429
0.140433
0.140438
0.140442
0.140446
0.140451
0.140455
0.14046
0.140465
0.14047
0.140475
0.140482
0.140487
0.140498
0.140272
0.140263
0.140252
0.140241
0.140233
0.140218
0.140199
0.140182
0.140169
0.14016
0.140154
0.14015
0.140146
0.140143
0.140141
0.140139
0.140137
0.140135
0.140133
0.140132
0.14013
0.140128
0.140126
0.140124
0.140121
0.140119
0.140117
0.140114
0.140112
0.14011
0.140108
0.140107
0.140105
0.140103
0.140102
0.140101
0.140101
0.140099
0.140104
0.140278
0.140286
0.140295
0.140303
0.140311
0.140318
0.140326
0.140333
0.140339
0.140346
0.140352
0.140357
0.140363
0.140368
0.140374
0.140379
0.140384
0.14039
0.140395
0.140401
0.140406
0.140411
0.140416
0.140421
0.140426
0.14043
0.140435
0.140439
0.140444
0.140449
0.140453
0.140458
0.140463
0.140468
0.140474
0.140479
0.140486
0.140491
0.140502
0.14027
0.14026
0.140249
0.140238
0.140228
0.140212
0.140192
0.140175
0.140163
0.140154
0.140148
0.140143
0.140139
0.140135
0.140132
0.14013
0.140127
0.140125
0.140122
0.14012
0.140118
0.140115
0.140113
0.14011
0.140107
0.140104
0.140101
0.140098
0.140095
0.140092
0.140089
0.140087
0.140085
0.140082
0.140081
0.140079
0.140078
0.140075
0.140079
0.140275
0.140283
0.140292
0.140301
0.140308
0.140316
0.140323
0.14033
0.140337
0.140343
0.140349
0.140355
0.140361
0.140366
0.140372
0.140377
0.140383
0.140388
0.140394
0.140399
0.140405
0.140411
0.140416
0.140421
0.140426
0.140431
0.140435
0.14044
0.140445
0.14045
0.140455
0.14046
0.140466
0.140471
0.140477
0.140483
0.14049
0.140496
0.140506
0.140267
0.140257
0.140245
0.140234
0.140223
0.140206
0.140185
0.140168
0.140156
0.140147
0.140141
0.140135
0.14013
0.140126
0.140122
0.140119
0.140115
0.140112
0.140109
0.140106
0.140104
0.140101
0.140097
0.140094
0.14009
0.140086
0.140082
0.140079
0.140075
0.140072
0.140069
0.140066
0.140063
0.14006
0.140058
0.140056
0.140054
0.140051
0.140053
0.140272
0.14028
0.140289
0.140298
0.140306
0.140313
0.140321
0.140328
0.140334
0.14034
0.140346
0.140352
0.140358
0.140363
0.140369
0.140374
0.14038
0.140385
0.140391
0.140397
0.140403
0.140409
0.140415
0.14042
0.140425
0.14043
0.140435
0.14044
0.140446
0.140451
0.140456
0.140462
0.140467
0.140473
0.140479
0.140486
0.140493
0.140499
0.14051
0.140263
0.140254
0.140241
0.140229
0.140218
0.1402
0.140178
0.140161
0.140149
0.140141
0.140133
0.140127
0.140121
0.140115
0.14011
0.140106
0.140102
0.140098
0.140095
0.140091
0.140088
0.140084
0.14008
0.140076
0.140072
0.140067
0.140063
0.140059
0.140055
0.140052
0.140048
0.140045
0.140042
0.140039
0.140037
0.140034
0.140033
0.140029
0.14003
0.140269
0.140277
0.140286
0.140294
0.140302
0.14031
0.140317
0.140324
0.140331
0.140337
0.140342
0.140348
0.140354
0.140359
0.140365
0.14037
0.140376
0.140382
0.140388
0.140394
0.1404
0.140406
0.140412
0.140418
0.140424
0.140429
0.140434
0.14044
0.140445
0.140451
0.140456
0.140462
0.140468
0.140475
0.140481
0.140488
0.140496
0.140502
0.140513
0.14026
0.14025
0.140237
0.140225
0.140213
0.140193
0.140171
0.140154
0.140143
0.140133
0.140125
0.140117
0.14011
0.140103
0.140097
0.140092
0.140087
0.140083
0.140079
0.140075
0.140071
0.140067
0.140063
0.140058
0.140053
0.140049
0.140045
0.140041
0.140037
0.140034
0.140031
0.140028
0.140026
0.140024
0.140022
0.14002
0.140019
0.140015
0.140015
0.140265
0.140273
0.140282
0.140291
0.140299
0.140306
0.140313
0.14032
0.140326
0.140332
0.140338
0.140343
0.140349
0.140354
0.14036
0.140365
0.140371
0.140377
0.140383
0.14039
0.140396
0.140403
0.140409
0.140415
0.140421
0.140426
0.140432
0.140438
0.140444
0.140449
0.140456
0.140462
0.140468
0.140475
0.140482
0.140489
0.140497
0.140505
0.140515
0.140256
0.140246
0.140233
0.14022
0.140207
0.140186
0.140164
0.140147
0.140135
0.140125
0.140115
0.140106
0.140097
0.140089
0.140082
0.140076
0.140071
0.140066
0.140062
0.140058
0.140054
0.14005
0.140046
0.140042
0.140038
0.140034
0.140031
0.140029
0.140027
0.140025
0.140024
0.140023
0.140022
0.140022
0.140022
0.140022
0.140022
0.140021
0.140022
0.140261
0.140269
0.140278
0.140287
0.140294
0.140302
0.140309
0.140315
0.140321
0.140327
0.140332
0.140338
0.140343
0.140348
0.140354
0.140359
0.140365
0.140371
0.140378
0.140384
0.140391
0.140397
0.140404
0.140411
0.140417
0.140422
0.140428
0.140435
0.140441
0.140447
0.140454
0.14046
0.140467
0.140474
0.140482
0.140489
0.140498
0.140506
0.140517
0.140251
0.140241
0.140228
0.140215
0.140202
0.140179
0.140157
0.14014
0.140128
0.140116
0.140104
0.140093
0.140083
0.140075
0.140067
0.140061
0.140055
0.140051
0.140047
0.140043
0.14004
0.140037
0.140034
0.140032
0.140031
0.14003
0.140031
0.140033
0.140035
0.140038
0.140041
0.140043
0.140046
0.140049
0.140051
0.140054
0.140056
0.14006
0.140061
0.140256
0.140265
0.140274
0.140282
0.14029
0.140297
0.140303
0.140309
0.140315
0.14032
0.140326
0.140331
0.140336
0.140341
0.140346
0.140352
0.140358
0.140364
0.14037
0.140377
0.140384
0.140391
0.140398
0.140405
0.140411
0.140417
0.140424
0.14043
0.140437
0.140443
0.14045
0.140457
0.140465
0.140472
0.14048
0.140488
0.140497
0.140506
0.140518
0.140247
0.140237
0.140224
0.14021
0.140195
0.140172
0.140149
0.140133
0.14012
0.140106
0.140092
0.14008
0.140069
0.14006
0.140053
0.140047
0.140042
0.140039
0.140036
0.140034
0.140034
0.140034
0.140036
0.140038
0.140042
0.140047
0.140052
0.140057
0.140062
0.140067
0.140072
0.140076
0.14008
0.140084
0.140088
0.140092
0.140095
0.1401
0.140098
0.140251
0.14026
0.140269
0.140277
0.140284
0.140291
0.140297
0.140303
0.140308
0.140313
0.140318
0.140323
0.140328
0.140333
0.140338
0.140343
0.140349
0.140355
0.140362
0.140369
0.140376
0.140383
0.14039
0.140397
0.140404
0.140411
0.140417
0.140424
0.140431
0.140438
0.140445
0.140453
0.140461
0.140469
0.140477
0.140486
0.140496
0.140505
0.140517
0.140242
0.140232
0.140218
0.140204
0.140189
0.140164
0.140142
0.140125
0.140111
0.140095
0.14008
0.140066
0.140056
0.140047
0.140042
0.140038
0.140037
0.140037
0.140039
0.140042
0.140045
0.14005
0.140055
0.14006
0.140066
0.140071
0.140077
0.140082
0.140087
0.140092
0.140097
0.140102
0.140106
0.140111
0.140115
0.14012
0.140124
0.140129
0.14013
0.140246
0.140255
0.140263
0.140271
0.140278
0.140285
0.14029
0.140295
0.1403
0.140305
0.140309
0.140313
0.140318
0.140323
0.140328
0.140333
0.140339
0.140345
0.140352
0.140359
0.140366
0.140374
0.140381
0.140389
0.140395
0.140402
0.140409
0.140416
0.140424
0.140431
0.140439
0.140447
0.140455
0.140464
0.140473
0.140482
0.140492
0.140503
0.140515
0.140237
0.140226
0.140213
0.140199
0.140182
0.140156
0.140134
0.140117
0.140101
0.140083
0.140067
0.140054
0.140045
0.14004
0.140039
0.140041
0.140045
0.14005
0.140055
0.14006
0.140065
0.14007
0.140075
0.140081
0.140087
0.140094
0.1401
0.140106
0.140112
0.140118
0.140124
0.14013
0.140136
0.140141
0.140147
0.140152
0.140157
0.140163
0.140166
0.14024
0.140249
0.140257
0.140265
0.140271
0.140277
0.140282
0.140287
0.140291
0.140295
0.140299
0.140303
0.140307
0.140311
0.140316
0.140321
0.140327
0.140333
0.14034
0.140347
0.140355
0.140363
0.14037
0.140378
0.140385
0.140392
0.1404
0.140407
0.140415
0.140423
0.140431
0.140439
0.140448
0.140457
0.140466
0.140476
0.140487
0.140498
0.140511
0.140231
0.140221
0.140207
0.140192
0.140175
0.140149
0.140127
0.140109
0.14009
0.140071
0.140055
0.140045
0.14004
0.140043
0.140049
0.140055
0.140061
0.140067
0.140073
0.140078
0.140084
0.14009
0.140096
0.140104
0.140111
0.140119
0.140127
0.140134
0.140142
0.140149
0.140156
0.140163
0.140169
0.140176
0.140182
0.140188
0.140194
0.140201
0.140205
0.140234
0.140242
0.140251
0.140258
0.140264
0.140269
0.140273
0.140277
0.14028
0.140284
0.140287
0.14029
0.140294
0.140298
0.140303
0.140308
0.140314
0.14032
0.140326
0.140333
0.140341
0.140349
0.140357
0.140365
0.140373
0.14038
0.140388
0.140396
0.140404
0.140413
0.140421
0.14043
0.140439
0.140448
0.140458
0.140469
0.14048
0.140492
0.140506
0.140225
0.140215
0.140201
0.140186
0.140168
0.140141
0.140119
0.140099
0.140078
0.140059
0.140046
0.140041
0.140046
0.140054
0.140063
0.140071
0.140079
0.140086
0.140093
0.1401
0.140107
0.140114
0.140122
0.14013
0.140139
0.140148
0.140157
0.140166
0.140174
0.140182
0.14019
0.140198
0.140205
0.140212
0.140219
0.140226
0.140232
0.14024
0.140245
0.140228
0.140236
0.140243
0.14025
0.140255
0.14026
0.140263
0.140266
0.140269
0.140271
0.140274
0.140277
0.14028
0.140284
0.140288
0.140292
0.140297
0.140303
0.14031
0.140317
0.140324
0.140332
0.140341
0.140349
0.140357
0.140365
0.140373
0.140382
0.140391
0.1404
0.140409
0.140418
0.140428
0.140438
0.140448
0.140459
0.140471
0.140484
0.140498
0.140218
0.140208
0.140194
0.140179
0.14016
0.140132
0.140111
0.140089
0.140067
0.14005
0.140042
0.140047
0.140057
0.140069
0.14008
0.14009
0.1401
0.140108
0.140117
0.140125
0.140133
0.140141
0.14015
0.14016
0.14017
0.14018
0.14019
0.140199
0.140208
0.140216
0.140225
0.140232
0.14024
0.140247
0.140255
0.140262
0.140269
0.140277
0.140282
0.14022
0.140228
0.140235
0.140242
0.140246
0.14025
0.140252
0.140254
0.140256
0.140258
0.140259
0.140262
0.140264
0.140267
0.14027
0.140274
0.140278
0.140283
0.140289
0.140296
0.140304
0.140312
0.14032
0.140329
0.140337
0.140346
0.140354
0.140364
0.140373
0.140383
0.140393
0.140403
0.140413
0.140424
0.140435
0.140447
0.14046
0.140474
0.140488
0.140211
0.140201
0.140187
0.140172
0.140152
0.140124
0.140103
0.140079
0.140056
0.140044
0.140046
0.140057
0.140072
0.140086
0.1401
0.140113
0.140124
0.140134
0.140144
0.140153
0.140162
0.140171
0.140181
0.140191
0.140202
0.140212
0.140222
0.140231
0.14024
0.140249
0.140257
0.140265
0.140272
0.140279
0.140287
0.140294
0.140301
0.140309
0.140315
0.140212
0.14022
0.140227
0.140232
0.140236
0.140238
0.14024
0.140241
0.140242
0.140242
0.140243
0.140245
0.140246
0.140248
0.14025
0.140253
0.140256
0.140261
0.140267
0.140273
0.14028
0.140288
0.140297
0.140305
0.140314
0.140322
0.140331
0.140341
0.14035
0.140361
0.140371
0.140383
0.140394
0.140406
0.140418
0.140431
0.140445
0.14046
0.140476
0.140204
0.140194
0.14018
0.140164
0.140144
0.140116
0.140094
0.140068
0.140047
0.140043
0.140054
0.140071
0.140089
0.140107
0.140124
0.140138
0.140151
0.140162
0.140172
0.140182
0.140191
0.140201
0.14021
0.140221
0.140231
0.140242
0.140251
0.14026
0.140269
0.140277
0.140285
0.140293
0.1403
0.140307
0.140314
0.140321
0.140328
0.140336
0.140343
0.140204
0.140211
0.140217
0.140222
0.140224
0.140226
0.140226
0.140226
0.140226
0.140226
0.140226
0.140225
0.140225
0.140226
0.140228
0.14023
0.140233
0.140238
0.140243
0.140249
0.140256
0.140264
0.140272
0.14028
0.140288
0.140297
0.140305
0.140315
0.140325
0.140335
0.140346
0.140357
0.140369
0.140382
0.140395
0.140409
0.140425
0.140441
0.140459
0.140196
0.140186
0.140172
0.140156
0.140135
0.140107
0.140084
0.140057
0.140042
0.140047
0.140065
0.140088
0.14011
0.140131
0.140149
0.140165
0.140178
0.14019
0.1402
0.14021
0.140219
0.140228
0.140238
0.140248
0.140258
0.140267
0.140277
0.140285
0.140294
0.140302
0.14031
0.140317
0.140325
0.140332
0.140339
0.140347
0.140354
0.140362
0.140369
0.140195
0.140201
0.140206
0.14021
0.140212
0.140212
0.140212
0.14021
0.140209
0.140208
0.140206
0.140204
0.140204
0.140204
0.140205
0.140207
0.14021
0.140214
0.140218
0.140224
0.140231
0.140239
0.140247
0.140255
0.140263
0.140271
0.14028
0.140289
0.140298
0.140308
0.140319
0.14033
0.140342
0.140355
0.140369
0.140383
0.140399
0.140417
0.140436
0.140187
0.140177
0.140164
0.140148
0.140127
0.140099
0.140074
0.140048
0.140041
0.140055
0.14008
0.140107
0.140133
0.140156
0.140175
0.140191
0.140204
0.140216
0.140226
0.140235
0.140244
0.140252
0.140261
0.140271
0.140281
0.140291
0.1403
0.140309
0.140318
0.140326
0.140335
0.140343
0.140351
0.140359
0.140368
0.140376
0.140384
0.140394
0.140401
0.140186
0.140192
0.140197
0.140199
0.1402
0.140199
0.140197
0.140193
0.140191
0.140186
0.140183
0.140181
0.140181
0.140181
0.140182
0.140184
0.140187
0.14019
0.140195
0.140201
0.140208
0.140215
0.140224
0.140232
0.14024
0.140248
0.140257
0.140266
0.140275
0.140285
0.140296
0.140307
0.140319
0.140331
0.140344
0.140359
0.140375
0.140393
0.140413
0.140179
0.140169
0.140156
0.14014
0.140118
0.14009
0.140063
0.14004
0.140044
0.140066
0.140097
0.140127
0.140155
0.140178
0.140197
0.140212
0.140225
0.140236
0.140245
0.140254
0.140262
0.140271
0.14028
0.14029
0.1403
0.14031
0.140321
0.140331
0.140341
0.140351
0.140361
0.140371
0.140381
0.140391
0.140401
0.140411
0.140421
0.140433
0.140442
0.140179
0.140184
0.140188
0.140189
0.140188
0.140185
0.140182
0.140175
0.140171
0.140161
0.140156
0.140155
0.140155
0.140156
0.140157
0.14016
0.140163
0.140167
0.140172
0.140178
0.140185
0.140192
0.140201
0.140209
0.140218
0.140226
0.140235
0.140244
0.140254
0.140264
0.140274
0.140285
0.140296
0.140309
0.140322
0.140336
0.140351
0.140369
0.140389
0.140172
0.140163
0.14015
0.140133
0.140111
0.140082
0.140053
0.140036
0.140051
0.14008
0.140115
0.140147
0.140174
0.140196
0.140214
0.140228
0.140241
0.140251
0.14026
0.140269
0.140278
0.140287
0.140296
0.140307
0.140319
0.140331
0.140343
0.140355
0.140367
0.140379
0.140391
0.140403
0.140415
0.140426
0.140438
0.140451
0.140463
0.140477
0.140488
0.14017
0.140175
0.140178
0.140178
0.140176
0.140171
0.140165
0.140156
0.140149
0.140133
0.140127
0.140126
0.140127
0.140128
0.14013
0.140133
0.140136
0.14014
0.140145
0.140151
0.140158
0.140166
0.140174
0.140183
0.140191
0.1402
0.140209
0.140218
0.140228
0.140238
0.140249
0.14026
0.140271
0.140283
0.140296
0.14031
0.140325
0.140342
0.140362
0.140164
0.140155
0.140142
0.140125
0.140103
0.140073
0.140042
0.140038
0.140061
0.140097
0.140134
0.140166
0.140192
0.140213
0.14023
0.140244
0.140256
0.140267
0.140277
0.140286
0.140296
0.140306
0.140317
0.14033
0.140343
0.140358
0.140372
0.140386
0.1404
0.140414
0.140428
0.140442
0.140455
0.140469
0.140482
0.140496
0.14051
0.140526
0.140539
0.140161
0.140165
0.140167
0.140166
0.140162
0.140155
0.140147
0.140135
0.140126
0.140103
0.140097
0.140096
0.140098
0.1401
0.140102
0.140105
0.140109
0.140113
0.140118
0.140124
0.140131
0.140138
0.140146
0.140154
0.140162
0.140171
0.140179
0.140189
0.140199
0.140209
0.140219
0.140231
0.140242
0.140254
0.140267
0.14028
0.140295
0.140312
0.140331
0.140155
0.140146
0.140134
0.140117
0.140095
0.140064
0.140032
0.140041
0.140073
0.140115
0.140153
0.140184
0.140209
0.140229
0.140246
0.140261
0.140274
0.140286
0.140297
0.140308
0.140319
0.140331
0.140344
0.140359
0.140375
0.140391
0.140407
0.140423
0.140438
0.140453
0.140468
0.140482
0.140496
0.140509
0.140523
0.140536
0.14055
0.140565
0.140578
0.140151
0.140154
0.140155
0.140152
0.140147
0.140138
0.140128
0.140114
0.1401
0.140074
0.140067
0.140067
0.140069
0.140072
0.140074
0.140077
0.140081
0.140085
0.14009
0.140096
0.140102
0.140109
0.140116
0.140124
0.140131
0.140139
0.140147
0.140156
0.140166
0.140175
0.140186
0.140197
0.140208
0.14022
0.140233
0.140247
0.140262
0.140279
0.140297
0.140145
0.140137
0.140125
0.140108
0.140086
0.140055
0.140023
0.140046
0.140087
0.140133
0.14017
0.1402
0.140225
0.140246
0.140264
0.140281
0.140296
0.14031
0.140323
0.140336
0.140348
0.140362
0.140376
0.140392
0.140409
0.140425
0.140441
0.140456
0.140469
0.140482
0.140494
0.140506
0.140516
0.140527
0.140536
0.140546
0.140555
0.140565
0.140575
0.140139
0.140142
0.140141
0.140137
0.14013
0.14012
0.140108
0.140091
0.140074
0.140048
0.140042
0.140042
0.140044
0.140046
0.140049
0.140051
0.140055
0.140058
0.140062
0.140067
0.140073
0.140079
0.140086
0.140093
0.1401
0.140107
0.140114
0.140122
0.140131
0.14014
0.140149
0.140159
0.14017
0.140181
0.140193
0.140207
0.140221
0.140238
0.140256
0.140134
0.140127
0.140115
0.140099
0.140076
0.140045
0.140017
0.140053
0.140101
0.140148
0.140185
0.140215
0.140241
0.140265
0.140286
0.140305
0.140323
0.140338
0.140352
0.140366
0.140379
0.140392
0.140405
0.140419
0.140432
0.140444
0.140455
0.140464
0.140472
0.140478
0.140484
0.140488
0.140492
0.140495
0.140497
0.140499
0.140501
0.140502
0.140505
0.140126
0.140128
0.140126
0.140121
0.140113
0.140101
0.140087
0.140069
0.140048
0.14003
0.140025
0.140025
0.140025
0.140026
0.140027
0.140028
0.14003
0.140032
0.140035
0.140039
0.140043
0.140048
0.140054
0.14006
0.140066
0.140072
0.140079
0.140086
0.140094
0.140102
0.140111
0.14012
0.14013
0.14014
0.140152
0.140164
0.140178
0.140194
0.140212
0.140122
0.140115
0.140104
0.140088
0.140067
0.140035
0.140013
0.140061
0.140114
0.140161
0.140198
0.140231
0.140261
0.140288
0.140311
0.140331
0.140348
0.140362
0.140374
0.140385
0.140394
0.140402
0.140409
0.140416
0.140421
0.140424
0.140425
0.140425
0.140424
0.140422
0.140419
0.140416
0.140413
0.140409
0.140406
0.140403
0.1404
0.140397
0.140396
0.140112
0.140113
0.14011
0.140104
0.140094
0.140082
0.140066
0.140047
0.140027
0.140024
0.140024
0.140026
0.140028
0.140029
0.14003
0.14003
0.140031
0.140031
0.14003
0.14003
0.14003
0.14003
0.140031
0.140034
0.140036
0.14004
0.140044
0.140049
0.140055
0.140061
0.140068
0.140076
0.140084
0.140093
0.140103
0.140114
0.140126
0.140141
0.140157
0.140108
0.140102
0.140092
0.140077
0.140056
0.140026
0.140012
0.140069
0.140122
0.140171
0.140212
0.140249
0.140281
0.140308
0.140328
0.140343
0.140353
0.140361
0.140365
0.140368
0.14037
0.14037
0.140368
0.140365
0.14036
0.140355
0.140349
0.140343
0.140338
0.140334
0.140331
0.14033
0.140331
0.140334
0.140338
0.140345
0.140355
0.140369
0.140385
0.140096
0.140096
0.140092
0.140085
0.140075
0.140062
0.140046
0.140027
0.140012
0.140024
0.140031
0.140036
0.14004
0.140043
0.140046
0.140047
0.140048
0.140048
0.140048
0.140046
0.140045
0.140043
0.140041
0.140039
0.140037
0.140036
0.140035
0.140035
0.140036
0.140037
0.140039
0.140043
0.140047
0.140053
0.14006
0.140068
0.140077
0.140089
0.140103
0.140093
0.140088
0.140079
0.140065
0.140046
0.140017
0.140015
0.140072
0.140126
0.140179
0.140225
0.140262
0.140288
0.140304
0.140313
0.140315
0.140315
0.140312
0.140308
0.140304
0.140299
0.140295
0.140289
0.140285
0.140282
0.140281
0.140285
0.140291
0.140301
0.140314
0.140333
0.140357
0.140384
0.140415
0.14045
0.140488
0.140532
0.140583
0.140632
0.140078
0.140077
0.140073
0.140066
0.140056
0.140044
0.140028
0.140013
0.140008
0.140029
0.14004
0.140048
0.140055
0.140061
0.140065
0.140068
0.140071
0.140072
0.140072
0.140072
0.140071
0.140069
0.140067
0.140064
0.140062
0.140059
0.140056
0.140054
0.140052
0.140049
0.140047
0.140046
0.140046
0.140046
0.140047
0.140049
0.140052
0.140056
0.140063
0.140076
0.140072
0.140064
0.140052
0.140035
0.14001
0.140018
0.14007
0.140126
0.140184
0.140226
0.140249
0.140256
0.140255
0.140249
0.140243
0.140237
0.140233
0.140232
0.140233
0.140236
0.140242
0.140251
0.140267
0.140291
0.140323
0.140359
0.140399
0.140442
0.140487
0.140534
0.14058
0.140627
0.140674
0.140721
0.140769
0.140819
0.140872
0.14092
0.140058
0.140057
0.140053
0.140046
0.140038
0.140027
0.140013
0.140006
0.140012
0.14003
0.140044
0.140055
0.140067
0.140076
0.140084
0.140091
0.140096
0.1401
0.140104
0.140106
0.140107
0.140108
0.140107
0.140105
0.140103
0.1401
0.140096
0.140092
0.140085
0.140083
0.140077
0.140072
0.140067
0.140063
0.140059
0.140056
0.140054
0.140053
0.140053
0.140057
0.140054
0.140048
0.140038
0.140025
0.140005
0.140019
0.140061
0.14012
0.14017
0.14019
0.140188
0.14018
0.140175
0.140177
0.140183
0.140198
0.140217
0.14024
0.140266
0.140295
0.140327
0.140366
0.14041
0.14046
0.140509
0.140557
0.140603
0.140646
0.140686
0.140724
0.140758
0.140789
0.140818
0.140844
0.140869
0.140892
0.140913
0.140931
0.140036
0.140035
0.140032
0.140027
0.140021
0.140013
0.140004
0.140005
0.140013
0.140023
0.140037
0.140052
0.140067
0.140079
0.140088
0.140096
0.140101
0.140106
0.14011
0.140114
0.140118
0.140122
0.140126
0.14013
0.140134
0.140138
0.140142
0.140147
0.140151
0.140153
0.140156
0.14016
0.140163
0.140166
0.14017
0.140173
0.140175
0.140179
0.140183
0.140036
0.140034
0.14003
0.140024
0.140014
0.140001
0.140016
0.140042
0.140097
0.140113
0.140109
0.140102
0.140119
0.140153
0.140195
0.140238
0.140279
0.140317
0.140352
0.140384
0.140415
0.140446
0.140476
0.140507
0.140536
0.14056
0.14058
0.140596
0.140609
0.140618
0.140624
0.140628
0.14063
0.14063
0.140628
0.140623
0.140617
0.140606
0.140596
0.140012
0.140012
0.140011
0.140009
0.140006
0.140003
0.140001
0.140003
0.140007
0.140008
0.140021
0.140042
0.140068
0.140093
0.140117
0.140138
0.140158
0.140175
0.14019
0.140202
0.140213
0.140221
0.140228
0.140234
0.140238
0.14024
0.140242
0.140243
0.140242
0.140242
0.14024
0.140238
0.140235
0.140233
0.140232
0.140233
0.140235
0.140239
0.140239
0.140012
0.140012
0.14001
0.140008
0.140005
0.14
0.140007
0.140015
0.140038
0.140022
0.14004
0.140077
0.140117
0.140154
0.140184
0.140208
0.140227
0.140241
0.140252
0.140259
0.140264
0.140266
0.140266
0.140263
0.140259
0.140254
0.140248
0.140241
0.140234
0.140227
0.14022
0.140212
0.140204
0.140195
0.140186
0.140177
0.140166
0.140155
0.140147
0.31482
0.718021
1.11402
1.42553
1.65269
1.80935
1.91267
1.98658
2.06164
2.1341
2.17225
2.15703
2.07793
1.9308
1.71741
1.44662
1.13678
0.82023
0.540774
0.337253
0.216332
0.155462
0.130867
0.125832
0.128618
0.132705
0.135715
0.137475
0.138337
0.138764
0.139032
0.139251
0.139439
0.139619
0.139781
0.139926
0.140055
0.140168
0.140266
0.140343
0.140397
0.140429
0.140447
0.140456
0.140463
0.140469
0.140477
0.140484
0.14049
0.140496
0.140501
0.140506
0.140511
0.140515
0.140518
0.140521
0.140523
0.140524
0.140524
0.140523
0.140519
0.140514
0.140507
0.140498
0.140486
0.14047
0.140448
0.140425
0.140401
0.140373
0.140342
0.140308
0.140267
0.140222
0.140167
0.140111
0.140067
0.140052
0.140185
0.14024
0.113517
0.084402
0.0822375
0.0842299
0.0916676
0.10077
0.10864
0.115
0.120009
0.123914
0.126958
0.129344
0.13123
0.132736
0.133949
0.134936
0.135746
0.136416
0.136974
0.137446
0.13785
0.138203
0.138516
0.138796
0.139045
0.139266
0.139467
0.139653
0.139813
0.139934
0.140018
0.140076
0.140114
0.14014
0.140158
0.14017
0.140179
0.140186
0.14019
0.140193
0.140195
0.140196
0.140196
0.140193
0.140189
0.140181
0.140171
0.140157
0.140139
0.140118
0.140095
0.140071
0.140048
0.140027
0.140016
0.14003
0.140069
0.140105
0.140138
0.140174
0.140214
0.140254
0.140291
0.140323
0.14035
0.140377
0.140411
0.140454
0.140502
0.140554
0.14059
0.14058
0.140502
0.140393
0.140403
0.140674
0.140955
0.140941
0.140586
0.140142
0.166209
0.435808
0.805036
1.15468
1.4444
1.67074
1.83871
1.95503
2.02907
2.07432
2.11091
2.14855
2.15362
2.10121
1.9754
1.76905
1.48533
1.14342
0.784642
0.473594
0.269571
0.172629
0.136831
0.12681
0.127173
0.130962
0.134594
0.136889
0.138026
0.138565
0.138897
0.139147
0.139356
0.139543
0.139712
0.139864
0.139999
0.140121
0.140227
0.140314
0.14038
0.140423
0.140447
0.14046
0.140467
0.140473
0.14048
0.140487
0.140494
0.1405
0.140506
0.140511
0.140515
0.14052
0.140523
0.140527
0.140529
0.14053
0.14053
0.140529
0.140526
0.140521
0.140514
0.140505
0.140493
0.140478
0.140456
0.140433
0.140409
0.140381
0.14035
0.140315
0.140274
0.140229
0.140174
0.140116
0.14007
0.140052
0.140187
0.140241
0.0862991
0.0919167
0.0966872
0.102839
0.109189
0.114694
0.119218
0.122887
0.125843
0.128226
0.130154
0.131724
0.133011
0.134075
0.13496
0.135701
0.136326
0.136856
0.13731
0.137702
0.138047
0.138356
0.138635
0.138887
0.139116
0.139325
0.139519
0.139694
0.13984
0.139949
0.140025
0.140077
0.140112
0.140136
0.140154
0.140166
0.140176
0.140182
0.140187
0.14019
0.140193
0.140194
0.140195
0.140192
0.140187
0.140179
0.140168
0.140153
0.140134
0.140112
0.140089
0.140065
0.140042
0.140021
0.140016
0.140037
0.140077
0.140111
0.140145
0.140183
0.140223
0.140262
0.140299
0.14033
0.140357
0.140385
0.14042
0.140465
0.140515
0.140566
0.140599
0.140582
0.140497
0.140391
0.140421
0.140707
0.14098
0.140946
0.140577
0.140139
0.100643
0.168109
0.377518
0.687792
1.01335
1.30816
1.55645
1.75322
1.89771
1.99311
2.04724
2.07271
2.08841
2.09869
2.07144
1.97931
1.80399
1.53892
1.19506
0.81179
0.465486
0.238785
0.144826
0.12495
0.126292
0.129864
0.133133
0.135804
0.137498
0.138331
0.138748
0.139026
0.139261
0.139468
0.139648
0.139806
0.139947
0.140075
0.140188
0.140284
0.14036
0.140414
0.140447
0.140465
0.140474
0.140479
0.140485
0.140492
0.140499
0.140506
0.140511
0.140517
0.140521
0.140526
0.140529
0.140533
0.140535
0.140537
0.140537
0.140536
0.140533
0.140528
0.140522
0.140513
0.140501
0.140486
0.140465
0.140442
0.140418
0.14039
0.140358
0.140323
0.140282
0.140236
0.140181
0.140122
0.140073
0.140052
0.140189
0.140244
0.100734
0.107989
0.112708
0.117209
0.120885
0.123833
0.126274
0.128304
0.129998
0.131419
0.132617
0.133632
0.134496
0.135235
0.135869
0.136415
0.136888
0.1373
0.137663
0.137987
0.13828
0.138549
0.138797
0.139025
0.139237
0.139432
0.139612
0.139768
0.139891
0.139981
0.140045
0.140088
0.140119
0.14014
0.140156
0.140168
0.140177
0.140183
0.140188
0.140191
0.140194
0.140195
0.140195
0.140192
0.140187
0.140178
0.140165
0.140149
0.14013
0.140107
0.140083
0.140059
0.140036
0.140016
0.140017
0.140045
0.140085
0.140119
0.140153
0.140192
0.140232
0.140271
0.140307
0.140338
0.140365
0.140393
0.14043
0.140477
0.140529
0.140579
0.140608
0.140583
0.140491
0.14039
0.140443
0.140744
0.141006
0.140949
0.140567
0.140136
0.110342
0.104628
0.139981
0.283693
0.540327
0.84471
1.14189
1.40609
1.62638
1.7977
1.91874
1.99246
2.02744
2.03717
2.04225
2.02998
1.96847
1.83111
1.60129
1.27868
0.892541
0.517247
0.250693
0.133722
0.114846
0.124472
0.132055
0.135139
0.136687
0.137776
0.138484
0.138883
0.139148
0.139373
0.139573
0.139744
0.139892
0.140025
0.140145
0.140249
0.140335
0.1404
0.140443
0.140468
0.140481
0.140487
0.140492
0.140498
0.140505
0.140511
0.140517
0.140523
0.140528
0.140532
0.140536
0.140539
0.140542
0.140544
0.140544
0.140543
0.140541
0.140536
0.14053
0.140521
0.14051
0.140494
0.140474
0.140451
0.140427
0.140399
0.140367
0.140331
0.14029
0.140243
0.140188
0.140128
0.140076
0.140052
0.140191
0.140248
0.116872
0.120494
0.123357
0.125725
0.12761
0.129181
0.130532
0.131701
0.132717
0.133604
0.134379
0.135058
0.135653
0.136176
0.136636
0.137043
0.137403
0.137725
0.138015
0.138282
0.13853
0.138763
0.138981
0.139186
0.139379
0.139557
0.139715
0.139846
0.139945
0.140017
0.140068
0.140103
0.140129
0.140147
0.140161
0.140172
0.14018
0.140186
0.14019
0.140194
0.140196
0.140197
0.140196
0.140193
0.140186
0.140176
0.140163
0.140145
0.140124
0.140101
0.140077
0.140052
0.140029
0.140013
0.140019
0.140053
0.140093
0.140126
0.140162
0.140201
0.140242
0.140281
0.140316
0.140346
0.140373
0.140401
0.140441
0.140491
0.140543
0.140593
0.140616
0.140583
0.140484
0.140391
0.140469
0.140783
0.141031
0.140951
0.140556
0.140132
0.123595
0.117117
0.107301
0.118211
0.204014
0.401159
0.67474
0.966874
1.24121
1.48052
1.67613
1.82363
1.92224
1.97604
1.99484
1.99196
1.98648
1.94919
1.84843
1.65948
1.37125
1
0.608709
0.299114
0.140925
0.106637
0.119504
0.132382
0.136841
0.137612
0.138002
0.13853
0.138964
0.139259
0.13948
0.139668
0.13983
0.139971
0.140096
0.140208
0.140303
0.140379
0.140434
0.140468
0.140487
0.140495
0.1405
0.140505
0.140511
0.140517
0.140524
0.140529
0.140534
0.140539
0.140543
0.140546
0.140549
0.140551
0.140552
0.140551
0.140549
0.140544
0.140538
0.140529
0.140518
0.140503
0.140483
0.140461
0.140437
0.140408
0.140376
0.14034
0.140299
0.140252
0.140196
0.140134
0.14008
0.140052
0.140193
0.140252
0.126117
0.127792
0.12923
0.130412
0.131425
0.132327
0.133135
0.133861
0.134514
0.135102
0.135629
0.136102
0.136527
0.136908
0.13725
0.137558
0.137837
0.138092
0.138328
0.13855
0.138763
0.138967
0.139162
0.139348
0.139522
0.139678
0.139811
0.139917
0.139995
0.140051
0.140091
0.140119
0.14014
0.140156
0.140168
0.140177
0.140185
0.14019
0.140194
0.140197
0.140199
0.140199
0.140198
0.140193
0.140185
0.140174
0.140159
0.140141
0.140119
0.140095
0.140071
0.140046
0.140023
0.14001
0.140024
0.140062
0.140101
0.140135
0.140172
0.140211
0.140252
0.140291
0.140326
0.140355
0.140381
0.140411
0.140453
0.140506
0.140559
0.140607
0.140624
0.140581
0.140477
0.140393
0.140499
0.140825
0.141057
0.140952
0.140545
0.140127
0.129951
0.128234
0.122934
0.112464
0.108663
0.149818
0.282848
0.510642
0.786822
1.06556
1.32074
1.53901
1.71296
1.83885
1.91689
1.95299
1.9594
1.95237
1.92927
1.85828
1.70868
1.4601
1.11575
0.722918
0.377185
0.169143
0.104221
0.112181
0.130019
0.137728
0.138697
0.138395
0.138569
0.138996
0.139347
0.139581
0.139757
0.139908
0.140041
0.14016
0.140264
0.140351
0.140418
0.140463
0.140489
0.140503
0.140509
0.140513
0.140518
0.140524
0.14053
0.140536
0.140541
0.140546
0.14055
0.140554
0.140557
0.140559
0.14056
0.140559
0.140557
0.140553
0.140547
0.140538
0.140527
0.140513
0.140493
0.140471
0.140447
0.140419
0.140386
0.140349
0.140308
0.14026
0.140205
0.140141
0.140085
0.140053
0.140196
0.140258
0.130837
0.131686
0.132434
0.133102
0.133718
0.134289
0.134815
0.135301
0.135748
0.136159
0.136534
0.136878
0.137191
0.137477
0.137738
0.137976
0.138196
0.138402
0.138597
0.138787
0.138974
0.139156
0.139333
0.139501
0.139654
0.139786
0.139894
0.139976
0.140037
0.14008
0.140111
0.140134
0.140151
0.140165
0.140175
0.140183
0.14019
0.140194
0.140198
0.1402
0.140202
0.140201
0.140199
0.140193
0.140184
0.140172
0.140155
0.140136
0.140113
0.140089
0.140064
0.140039
0.140017
0.140009
0.140031
0.140072
0.14011
0.140144
0.140182
0.140222
0.140263
0.140301
0.140335
0.140364
0.14039
0.140421
0.140466
0.140522
0.140576
0.140621
0.140631
0.140578
0.14047
0.140398
0.140534
0.140868
0.141082
0.14095
0.140532
0.140121
0.132914
0.132482
0.131539
0.127921
0.11896
0.108651
0.119768
0.194328
0.36254
0.606465
0.880319
1.1473
1.38658
1.58671
1.74107
1.84692
1.90605
1.92637
1.91918
1.90446
1.85742
1.74398
1.53651
1.22667
0.845432
0.475731
0.21839
0.111912
0.104959
0.12499
0.137218
0.139685
0.139002
0.138686
0.139002
0.139402
0.139669
0.139841
0.139979
0.140105
0.140218
0.140315
0.140393
0.14045
0.140487
0.140508
0.140518
0.140522
0.140526
0.140531
0.140537
0.140543
0.140549
0.140554
0.140558
0.140561
0.140565
0.140567
0.140568
0.140568
0.140566
0.140562
0.140556
0.140548
0.140537
0.140523
0.140504
0.140482
0.140458
0.140429
0.140396
0.140359
0.140317
0.140269
0.140214
0.140149
0.14009
0.140054
0.140198
0.140264
0.133382
0.133872
0.134331
0.134773
0.135195
0.135593
0.135965
0.13631
0.136631
0.136929
0.137207
0.137464
0.137703
0.137923
0.138127
0.138316
0.138493
0.138664
0.138831
0.138998
0.139165
0.139331
0.139491
0.139639
0.13977
0.139877
0.139962
0.140025
0.140071
0.140105
0.14013
0.140148
0.140162
0.140174
0.140183
0.14019
0.140195
0.140199
0.140202
0.140204
0.140204
0.140203
0.1402
0.140193
0.140182
0.140168
0.140151
0.14013
0.140106
0.140081
0.140056
0.140031
0.140012
0.14001
0.140039
0.140083
0.140119
0.140154
0.140193
0.140234
0.140275
0.140312
0.140345
0.140373
0.140399
0.140432
0.140481
0.140539
0.140593
0.140635
0.140637
0.140574
0.140462
0.140406
0.140573
0.140914
0.141106
0.140947
0.140519
0.140114
0.134662
0.134379
0.134183
0.133816
0.131797
0.125303
0.113937
0.108605
0.139187
0.244035
0.437232
0.690371
0.961025
1.21806
1.44346
1.62686
1.76237
1.84841
1.88911
1.89612
1.88399
1.85225
1.76833
1.59931
1.32695
0.96688
0.586112
0.286145
0.13262
0.100927
0.118194
0.134936
0.140191
0.139762
0.138949
0.139018
0.139426
0.139739
0.139919
0.140048
0.140164
0.14027
0.14036
0.14043
0.140479
0.140509
0.140524
0.140531
0.140535
0.140539
0.140544
0.14055
0.140556
0.140561
0.140566
0.14057
0.140573
0.140575
0.140577
0.140577
0.140575
0.140572
0.140566
0.140558
0.140547
0.140533
0.140515
0.140493
0.14047
0.140441
0.140407
0.140369
0.140327
0.140279
0.140223
0.140158
0.140095
0.140056
0.140201
0.140271
0.134973
0.135289
0.135598
0.135902
0.136203
0.136497
0.136776
0.137039
0.137283
0.137509
0.13772
0.137917
0.138103
0.138277
0.138439
0.138593
0.138741
0.138888
0.139035
0.139186
0.13934
0.139491
0.139633
0.13976
0.139867
0.139952
0.140016
0.140065
0.1401
0.140126
0.140146
0.140161
0.140173
0.140183
0.14019
0.140196
0.140201
0.140204
0.140206
0.140207
0.140207
0.140205
0.1402
0.140191
0.140179
0.140164
0.140145
0.140123
0.140099
0.140074
0.140048
0.140024
0.140009
0.140014
0.14005
0.140093
0.140129
0.140165
0.140205
0.140246
0.140286
0.140323
0.140355
0.140382
0.140409
0.140444
0.140496
0.140557
0.140611
0.140648
0.140641
0.140568
0.140454
0.140417
0.140617
0.140961
0.141129
0.140942
0.140504
0.140106
0.135887
0.135668
0.135458
0.13536
0.135328
0.134492
0.130524
0.121111
0.10951
0.112837
0.164212
0.295411
0.507355
0.766718
1.03424
1.28229
1.49447
1.66122
1.7779
1.8449
1.86926
1.86149
1.83991
1.78013
1.64645
1.41257
1.08049
0.700541
0.36798
0.167144
0.102788
0.111039
0.130869
0.139857
0.140516
0.139378
0.139089
0.139428
0.139785
0.13999
0.140114
0.14022
0.140318
0.140401
0.140463
0.140504
0.140528
0.140539
0.140545
0.140548
0.140552
0.140558
0.140564
0.140569
0.140574
0.140578
0.140581
0.140584
0.140586
0.140586
0.140585
0.140581
0.140576
0.140568
0.140558
0.140544
0.140526
0.140505
0.140482
0.140453
0.140419
0.140381
0.140338
0.140289
0.140233
0.140167
0.140101
0.140059
0.140203
0.140279
0.136098
0.136315
0.136529
0.136743
0.136956
0.137166
0.137372
0.137575
0.13777
0.137952
0.138119
0.138275
0.138421
0.13856
0.138694
0.138824
0.138952
0.139083
0.139218
0.139358
0.139498
0.139634
0.139756
0.139861
0.139945
0.14001
0.140059
0.140096
0.140123
0.140144
0.14016
0.140172
0.140183
0.140191
0.140197
0.140202
0.140206
0.140208
0.14021
0.14021
0.140209
0.140206
0.140199
0.140189
0.140176
0.140159
0.140139
0.140116
0.140091
0.140065
0.140039
0.140017
0.140008
0.140021
0.140062
0.140105
0.14014
0.140177
0.140217
0.140259
0.140299
0.140335
0.140366
0.140392
0.14042
0.140458
0.140514
0.140577
0.14063
0.140661
0.140644
0.14056
0.140447
0.140432
0.140666
0.14101
0.14115
0.140935
0.140489
0.140096
0.136795
0.136643
0.13647
0.1363
0.136222
0.136318
0.136193
0.134277
0.127887
0.116192
0.106551
0.121132
0.193486
0.347955
0.575359
0.839703
1.1041
1.3432
1.54175
1.69103
1.78775
1.8348
1.84343
1.82762
1.78492
1.68113
1.4839
1.18337
0.813679
0.459251
0.214711
0.112551
0.105202
0.125391
0.138424
0.14105
0.139944
0.139258
0.139433
0.139807
0.140047
0.140176
0.140273
0.140362
0.140437
0.140492
0.140527
0.140545
0.140554
0.140558
0.140561
0.140566
0.140571
0.140577
0.140582
0.140587
0.14059
0.140593
0.140595
0.140596
0.140595
0.140592
0.140587
0.140579
0.140569
0.140556
0.140538
0.140518
0.140495
0.140466
0.140432
0.140393
0.14035
0.1403
0.140244
0.140177
0.140108
0.140061
0.140206
0.140287
0.136936
0.137085
0.137234
0.137385
0.137538
0.137692
0.137845
0.137997
0.138146
0.138291
0.138431
0.13856
0.138679
0.138794
0.138906
0.139019
0.139135
0.139256
0.139383
0.139512
0.139639
0.139756
0.139858
0.139941
0.140006
0.140055
0.140092
0.140121
0.140143
0.140159
0.140172
0.140183
0.140192
0.140198
0.140204
0.140208
0.140211
0.140213
0.140214
0.140213
0.140211
0.140206
0.140198
0.140186
0.140171
0.140153
0.140131
0.140107
0.140082
0.140055
0.14003
0.140012
0.140009
0.140031
0.140076
0.140116
0.140152
0.14019
0.140231
0.140273
0.140312
0.140347
0.140376
0.140403
0.140432
0.140473
0.140533
0.140598
0.140649
0.140673
0.140644
0.140551
0.140441
0.140455
0.14072
0.141059
0.14117
0.140926
0.140471
0.140085
0.13748
0.13738
0.137264
0.137127
0.136982
0.136896
0.13699
0.137192
0.136624
0.133118
0.124206
0.111174
0.105549
0.13341
0.227192
0.403383
0.644649
0.913183
1.17382
1.40281
1.58592
1.71587
1.79173
1.82012
1.81065
1.78086
1.70268
1.54001
1.27309
0.92107
0.555184
0.273263
0.131216
0.102286
0.119178
0.135804
0.141139
0.140575
0.139546
0.139469
0.139813
0.140089
0.140233
0.140324
0.140404
0.140471
0.140518
0.140547
0.140561
0.140567
0.140571
0.140575
0.14058
0.140585
0.140591
0.140596
0.140599
0.140603
0.140605
0.140606
0.140605
0.140603
0.140598
0.14059
0.140581
0.140568
0.14055
0.140531
0.140509
0.14048
0.140445
0.140405
0.140362
0.140312
0.140255
0.140188
0.140116
0.140065
0.140208
0.140296
0.137573
0.137673
0.137777
0.137884
0.137994
0.138108
0.138224
0.138342
0.138458
0.13857
0.138679
0.138786
0.138889
0.138989
0.139088
0.13919
0.139299
0.139413
0.139531
0.139649
0.139759
0.139857
0.139938
0.140002
0.140052
0.140089
0.140119
0.140141
0.140159
0.140172
0.140183
0.140192
0.1402
0.140206
0.14021
0.140214
0.140216
0.140217
0.140217
0.140215
0.140211
0.140205
0.140195
0.140182
0.140165
0.140145
0.140122
0.140098
0.140071
0.140045
0.140022
0.140008
0.140012
0.140043
0.14009
0.140128
0.140164
0.140204
0.140246
0.140287
0.140326
0.140359
0.140388
0.140414
0.140445
0.140489
0.140553
0.14062
0.140668
0.140684
0.140642
0.140539
0.140438
0.140484
0.140779
0.14111
0.141187
0.140914
0.140452
0.140073
0.138004
0.13794
0.137865
0.137777
0.137671
0.137549
0.137452
0.137492
0.137758
0.137903
0.136517
0.131042
0.119726
0.106459
0.106986
0.150392
0.266846
0.464455
0.718723
0.990318
1.2455
1.46208
1.62714
1.73516
1.78796
1.79677
1.77542
1.71623
1.58364
1.34988
1.02036
0.652034
0.340288
0.158843
0.103599
0.113077
0.132092
0.14061
0.14114
0.13994
0.139563
0.13982
0.140116
0.14028
0.140371
0.140442
0.1405
0.140541
0.140565
0.140576
0.140581
0.140584
0.140589
0.140594
0.1406
0.140605
0.140609
0.140612
0.140615
0.140616
0.140616
0.140614
0.140609
0.140602
0.140593
0.14058
0.140564
0.140545
0.140523
0.140495
0.14046
0.140419
0.140375
0.140325
0.140267
0.140199
0.140125
0.14007
0.140211
0.140306
0.138063
0.138129
0.1382
0.138275
0.138355
0.138439
0.138528
0.13862
0.138713
0.138804
0.138892
0.138978
0.139064
0.139155
0.139247
0.139344
0.139446
0.139553
0.139661
0.139765
0.139858
0.139936
0.14
0.140049
0.140086
0.140116
0.140139
0.140158
0.140172
0.140184
0.140193
0.140201
0.140207
0.140212
0.140216
0.140219
0.14022
0.14022
0.140219
0.140216
0.140211
0.140203
0.140191
0.140176
0.140158
0.140136
0.140113
0.140087
0.14006
0.140035
0.140015
0.140007
0.14002
0.140059
0.140104
0.140141
0.140178
0.140219
0.140261
0.140302
0.140339
0.140372
0.140399
0.140426
0.140459
0.140508
0.140576
0.140644
0.140687
0.140693
0.140638
0.140527
0.140438
0.140523
0.140844
0.14116
0.141202
0.1409
0.140431
0.140058
0.138409
0.13837
0.138323
0.138268
0.138203
0.138124
0.138025
0.137926
0.137909
0.138107
0.138498
0.138367
0.135783
0.128057
0.114619
0.102468
0.111725
0.173659
0.314951
0.534548
0.801003
1.07372
1.3205
1.52088
1.664
1.74737
1.7777
1.76475
1.72082
1.61465
1.41304
1.10943
0.746317
0.412777
0.194661
0.110043
0.108022
0.127588
0.139345
0.14149
0.140383
0.13972
0.139842
0.140141
0.140326
0.140418
0.140479
0.140528
0.140562
0.140581
0.14059
0.140595
0.140598
0.140603
0.140608
0.140614
0.140619
0.140623
0.140625
0.140627
0.140627
0.140626
0.140622
0.140615
0.140606
0.140594
0.140577
0.140559
0.140538
0.14051
0.140475
0.140434
0.140389
0.140338
0.14028
0.140212
0.140135
0.140075
0.140213
0.140316
0.138444
0.138487
0.138534
0.138585
0.138642
0.138704
0.138772
0.138846
0.138922
0.138999
0.139073
0.139146
0.13922
0.1393
0.139388
0.139482
0.139578
0.139676
0.139771
0.139859
0.139935
0.139997
0.140045
0.140083
0.140113
0.140137
0.140156
0.140171
0.140184
0.140193
0.140201
0.140208
0.140214
0.140218
0.140221
0.140223
0.140223
0.140223
0.14022
0.140216
0.140209
0.140199
0.140185
0.140169
0.140149
0.140126
0.140101
0.140075
0.140048
0.140025
0.14001
0.14001
0.140032
0.140077
0.140119
0.140155
0.140194
0.140235
0.140277
0.140318
0.140354
0.140385
0.140411
0.140439
0.140475
0.140528
0.1406
0.140668
0.140705
0.140699
0.14063
0.140514
0.140443
0.14057
0.140913
0.14121
0.141213
0.140883
0.140408
0.140045
0.138729
0.138706
0.138679
0.138646
0.138607
0.138561
0.138504
0.138428
0.138339
0.138281
0.138376
0.138745
0.139172
0.138498
0.134316
0.124109
0.109033
0.0998246
0.121201
0.206062
0.375664
0.618223
0.895261
1.16566
1.3995
1.57883
1.69564
1.75099
1.75511
1.72204
1.63664
1.46404
1.18749
0.835379
0.487715
0.237175
0.121976
0.104912
0.122806
0.137424
0.141551
0.140813
0.139914
0.139865
0.140141
0.140349
0.140455
0.140516
0.140557
0.140583
0.140597
0.140604
0.140608
0.140613
0.140618
0.140623
0.140629
0.140633
0.140636
0.140638
0.140639
0.140638
0.140634
0.140628
0.140619
0.140607
0.140592
0.140574
0.140554
0.140526
0.140491
0.14045
0.140404
0.140352
0.140294
0.140225
0.140145
0.140081
0.140216
0.140326
0.138745
0.13877
0.1388
0.138834
0.138873
0.138918
0.138971
0.139031
0.139096
0.139162
0.139228
0.139293
0.139361
0.139434
0.139514
0.139603
0.139693
0.13978
0.139861
0.139933
0.139993
0.140041
0.140079
0.140109
0.140134
0.140154
0.14017
0.140183
0.140193
0.140202
0.140209
0.140215
0.14022
0.140223
0.140225
0.140226
0.140226
0.140224
0.14022
0.140214
0.140205
0.140193
0.140178
0.14016
0.140138
0.140114
0.140088
0.140062
0.140036
0.140017
0.140008
0.140016
0.140049
0.140095
0.140134
0.140171
0.140211
0.140253
0.140294
0.140334
0.140369
0.140398
0.140424
0.140453
0.140493
0.140551
0.140627
0.140693
0.140721
0.140702
0.140619
0.140501
0.140454
0.140627
0.140986
0.141259
0.141221
0.140863
0.140382
0.140036
0.138987
0.138978
0.138965
0.138948
0.138926
0.1389
0.138869
0.138828
0.138774
0.1387
0.138625
0.138633
0.138873
0.139405
0.139727
0.138173
0.131939
0.119081
0.103169
0.0995706
0.138154
0.25276
0.455578
0.721501
1.0058
1.26855
1.48314
1.63502
1.72005
1.74531
1.7214
1.65205
1.50462
1.2546
0.917388
0.562206
0.284278
0.138851
0.104138
0.118156
0.134974
0.1413
0.141243
0.140233
0.14
0.140194
0.140375
0.140472
0.140535
0.14058
0.140605
0.140614
0.140618
0.140622
0.140627
0.140633
0.140639
0.140644
0.140647
0.14065
0.140651
0.14065
0.140647
0.140642
0.140633
0.140622
0.140607
0.140589
0.14057
0.140543
0.140509
0.140467
0.14042
0.140367
0.140309
0.140239
0.140157
0.140089
0.140218
0.140336
0.138989
0.139
0.139016
0.139036
0.139062
0.139096
0.139137
0.139187
0.139243
0.139302
0.139362
0.139423
0.139486
0.139553
0.139627
0.139707
0.139788
0.139865
0.139932
0.13999
0.140037
0.140075
0.140105
0.14013
0.140151
0.140168
0.140181
0.140193
0.140202
0.140209
0.140215
0.14022
0.140224
0.140227
0.140229
0.140229
0.140227
0.140224
0.140218
0.140211
0.1402
0.140186
0.140169
0.140149
0.140126
0.140101
0.140074
0.140048
0.140025
0.140011
0.14001
0.140028
0.140069
0.140113
0.140151
0.140188
0.140229
0.140271
0.140313
0.140351
0.140384
0.140412
0.140438
0.140469
0.140513
0.140577
0.140655
0.140717
0.140736
0.140702
0.140606
0.14049
0.140472
0.140694
0.141063
0.141305
0.141225
0.140839
0.140356
0.140031
0.139203
0.139205
0.139203
0.139197
0.139188
0.139176
0.13916
0.139139
0.139112
0.139075
0.139019
0.138946
0.1389
0.139004
0.139421
0.14008
0.140079
0.137191
0.128416
0.112839
0.0973604
0.103717
0.168395
0.323293
0.564426
0.851512
1.13668
1.38381
1.57087
1.68797
1.73625
1.72403
1.66603
1.53865
1.31286
0.992323
0.634702
0.3343
0.16006
0.10605
0.114144
0.132108
0.140392
0.141112
0.140207
0.140025
0.140293
0.140482
0.140531
0.140552
0.140588
0.140618
0.140631
0.140634
0.140637
0.140642
0.140649
0.140654
0.140659
0.140662
0.140664
0.140664
0.140661
0.140656
0.140648
0.140637
0.140622
0.140606
0.140587
0.140561
0.140527
0.140485
0.140437
0.140384
0.140324
0.140255
0.140171
0.140097
0.140221
0.140347
0.139193
0.139192
0.139197
0.139207
0.139223
0.139247
0.139279
0.13932
0.139369
0.139422
0.139478
0.139535
0.139594
0.139657
0.139725
0.139795
0.139865
0.139931
0.139987
0.140033
0.140071
0.140101
0.140126
0.140147
0.140165
0.140179
0.140191
0.140201
0.140209
0.140215
0.140221
0.140225
0.140228
0.14023
0.14023
0.140229
0.140226
0.140222
0.140215
0.140205
0.140192
0.140176
0.140157
0.140135
0.140111
0.140085
0.140058
0.140034
0.140016
0.140009
0.140017
0.140046
0.14009
0.140131
0.140168
0.140207
0.140248
0.140291
0.140331
0.140368
0.140399
0.140426
0.140452
0.140486
0.140536
0.140605
0.140685
0.140741
0.140747
0.140697
0.140589
0.140481
0.140502
0.140771
0.141142
0.141349
0.141223
0.140811
0.140328
0.14003
0.139387
0.139397
0.139403
0.139406
0.139407
0.139405
0.1394
0.139391
0.139379
0.139362
0.139338
0.1393
0.139241
0.139174
0.139178
0.139421
0.140042
0.140721
0.14007
0.135324
0.123396
0.104864
0.0921673
0.117795
0.225091
0.433155
0.713961
1.01531
1.29128
1.51169
1.66034
1.7325
1.73647
1.68468
1.57051
1.36425
1.05968
0.702679
0.383972
0.183151
0.110025
0.112064
0.131316
0.141301
0.141925
0.140212
0.139669
0.140091
0.140516
0.140641
0.140621
0.140608
0.140623
0.140641
0.14065
0.140654
0.140659
0.140665
0.14067
0.140674
0.140677
0.140677
0.140675
0.140671
0.140664
0.140653
0.140639
0.140623
0.140605
0.14058
0.140547
0.140504
0.140456
0.140401
0.140341
0.140271
0.140185
0.140107
0.140224
0.140357
0.139367
0.139357
0.139353
0.139355
0.139363
0.139379
0.139403
0.139437
0.139479
0.139527
0.139579
0.139632
0.139688
0.139746
0.139807
0.139868
0.139928
0.139982
0.140029
0.140066
0.140097
0.140122
0.140143
0.140162
0.140177
0.140189
0.140199
0.140208
0.140214
0.14022
0.140225
0.140228
0.140231
0.140231
0.140231
0.140228
0.140224
0.140217
0.140208
0.140196
0.140181
0.140164
0.140143
0.140119
0.140094
0.140068
0.140043
0.140023
0.140011
0.140012
0.14003
0.140068
0.140112
0.14015
0.140187
0.140227
0.140269
0.140311
0.140351
0.140385
0.140415
0.140441
0.140469
0.140506
0.140561
0.140636
0.140715
0.140763
0.140755
0.140687
0.14057
0.140477
0.140546
0.140857
0.141223
0.141388
0.141217
0.140779
0.140299
0.140033
0.139546
0.139563
0.139575
0.139585
0.139592
0.139598
0.139601
0.139602
0.1396
0.139595
0.139587
0.139574
0.139552
0.139511
0.139448
0.1394
0.139494
0.139916
0.140694
0.141228
0.13964
0.132351
0.115938
0.0946456
0.092746
0.156114
0.323548
0.588075
0.901002
1.20687
1.46462
1.64969
1.75189
1.77439
1.72557
1.61684
1.42309
1.13103
0.774292
0.43658
0.20489
0.106661
0.100245
0.123813
0.140506
0.144129
0.141921
0.140009
0.139773
0.140258
0.140617
0.1407
0.140668
0.140644
0.140648
0.140661
0.14067
0.140676
0.140682
0.140686
0.14069
0.140691
0.14069
0.140686
0.14068
0.14067
0.140656
0.140641
0.140623
0.1406
0.140567
0.140525
0.140475
0.14042
0.140359
0.140289
0.140201
0.140119
0.140227
0.140369
0.13952
0.139503
0.139492
0.139487
0.139489
0.139497
0.139514
0.13954
0.139576
0.139618
0.139666
0.139716
0.139769
0.139822
0.139876
0.139929
0.139978
0.140022
0.140059
0.140091
0.140117
0.140139
0.140158
0.140173
0.140186
0.140197
0.140206
0.140213
0.140219
0.140224
0.140227
0.14023
0.140231
0.140231
0.140229
0.140225
0.140218
0.14021
0.140199
0.140185
0.140168
0.140148
0.140125
0.140101
0.140075
0.14005
0.140028
0.140014
0.14001
0.140022
0.140051
0.140093
0.140133
0.14017
0.140208
0.140249
0.140292
0.140333
0.140371
0.140403
0.140431
0.140457
0.140486
0.140529
0.140591
0.140669
0.140746
0.140783
0.140757
0.140672
0.140551
0.140481
0.140606
0.140953
0.141304
0.141422
0.141204
0.140743
0.140271
0.140041
0.139703
0.139724
0.13974
0.139755
0.139768
0.13978
0.13979
0.139799
0.139807
0.139812
0.139815
0.139816
0.139813
0.139807
0.139789
0.139754
0.139708
0.139706
0.139856
0.140278
0.140958
0.141248
0.138854
0.129657
0.112024
0.0970852
0.116475
0.212175
0.408057
0.687313
1.00281
1.30326
1.54941
1.71737
1.79687
1.7898
1.70397
1.54009
1.28552
0.954911
0.607139
0.322897
0.155243
0.0984695
0.105298
0.127603
0.141265
0.144057
0.142149
0.140383
0.139999
0.140331
0.140644
0.140733
0.140704
0.140675
0.140674
0.140686
0.140696
0.140702
0.140706
0.140708
0.140708
0.140705
0.1407
0.14069
0.140677
0.140662
0.140646
0.140623
0.140592
0.14055
0.140499
0.140442
0.14038
0.140309
0.140219
0.140133
0.140231
0.14038
0.139673
0.139651
0.139634
0.139622
0.139616
0.139618
0.139628
0.139649
0.13968
0.13972
0.139765
0.139813
0.139861
0.139908
0.139952
0.139994
0.140031
0.140064
0.140092
0.140116
0.140138
0.140157
0.140173
0.140186
0.140196
0.140205
0.140212
0.140218
0.140222
0.140226
0.140228
0.140229
0.140229
0.140227
0.140222
0.140216
0.140207
0.140196
0.140182
0.140165
0.140145
0.140123
0.140099
0.140074
0.14005
0.14003
0.140016
0.140011
0.14002
0.140044
0.140082
0.140122
0.14016
0.140197
0.140237
0.140279
0.140321
0.14036
0.140395
0.140425
0.140451
0.140477
0.140511
0.140561
0.14063
0.140712
0.140782
0.1408
0.140751
0.140648
0.140529
0.140501
0.140696
0.14107
0.141392
0.141452
0.141182
0.1407
0.140243
0.140054
0.139848
0.139872
0.139892
0.139911
0.139929
0.139945
0.139962
0.139977
0.139992
0.140005
0.140017
0.140028
0.140037
0.140045
0.140051
0.140053
0.140042
0.140013
0.139976
0.13997
0.140103
0.140638
0.141824
0.142786
0.139848
0.127579
0.105977
0.0906402
0.115848
0.221653
0.428686
0.719426
1.04712
1.35919
1.61353
1.78315
1.85698
1.83302
1.71904
1.51564
1.22239
0.871581
0.53106
0.273482
0.134178
0.0950796
0.108086
0.130414
0.142613
0.144384
0.142114
0.140355
0.140066
0.140434
0.140717
0.140766
0.140723
0.140699
0.140706
0.14072
0.140727
0.14073
0.14073
0.140728
0.140723
0.140714
0.140702
0.140687
0.140671
0.14065
0.14062
0.140579
0.140528
0.140469
0.140404
0.140332
0.14024
0.14015
0.140237
0.140392
0.139813
0.139785
0.13976
0.139741
0.139728
0.139724
0.139731
0.13975
0.139781
0.139821
0.139865
0.13991
0.139952
0.13999
0.140023
0.140053
0.14008
0.140103
0.140124
0.140142
0.140159
0.140173
0.140186
0.140196
0.140204
0.14021
0.140215
0.14022
0.140222
0.140224
0.140224
0.140223
0.14022
0.140214
0.140207
0.140197
0.140185
0.14017
0.140153
0.140133
0.140111
0.140088
0.140065
0.140044
0.140026
0.140016
0.140014
0.140024
0.140047
0.140082
0.140121
0.140158
0.140195
0.140233
0.140274
0.140316
0.140356
0.140392
0.140424
0.140451
0.140476
0.140505
0.140545
0.140604
0.140682
0.140763
0.140818
0.140809
0.140733
0.140615
0.140514
0.140549
0.14082
0.141208
0.141484
0.141473
0.141148
0.140647
0.140214
0.140072
0.139959
0.139987
0.14001
0.140031
0.140051
0.140071
0.140091
0.140109
0.140127
0.140145
0.140162
0.140178
0.140193
0.140207
0.14022
0.140233
0.140245
0.14025
0.140245
0.140227
0.140193
0.140176
0.140423
0.141446
0.143216
0.143364
0.136569
0.118268
0.0925283
0.0796747
0.116228
0.240587
0.46904
0.780046
1.12412
1.4466
1.7038
1.86727
1.92432
1.8703
1.71688
1.46613
1.1324
0.764781
0.437312
0.213054
0.109013
0.0931315
0.114555
0.135951
0.14464
0.144159
0.141473
0.140144
0.140209
0.140612
0.140789
0.14077
0.140726
0.14072
0.140735
0.140748
0.140752
0.140751
0.140747
0.140739
0.140727
0.140714
0.140698
0.140678
0.140649
0.140609
0.140558
0.140497
0.14043
0.140357
0.140262
0.140169
0.140243
0.140403
0.139918
0.139882
0.13985
0.139823
0.139805
0.139799
0.139806
0.139828
0.139861
0.139902
0.139945
0.139985
0.14002
0.140049
0.140074
0.140095
0.140114
0.140131
0.140147
0.14016
0.140172
0.140183
0.140192
0.140199
0.140205
0.140209
0.140212
0.140214
0.140215
0.140214
0.140211
0.140207
0.1402
0.140191
0.14018
0.140167
0.140152
0.140134
0.140115
0.140094
0.140073
0.140053
0.140035
0.140022
0.140015
0.140018
0.140031
0.140055
0.140087
0.140124
0.14016
0.140196
0.140234
0.140274
0.140315
0.140355
0.140392
0.140425
0.140452
0.140477
0.140503
0.140537
0.140587
0.140656
0.140739
0.140814
0.140845
0.140803
0.140703
0.140581
0.140516
0.140634
0.140968
0.141349
0.141566
0.141481
0.141104
0.14059
0.140186
0.140094
0.140044
0.140074
0.140099
0.140121
0.140142
0.140163
0.140182
0.140201
0.14022
0.140238
0.140256
0.140273
0.14029
0.140306
0.140322
0.140338
0.140354
0.14037
0.140384
0.140396
0.140404
0.140382
0.140307
0.140315
0.140886
0.142453
0.144032
0.141875
0.130412
0.106981
0.0793429
0.0717771
0.122781
0.26913
0.52222
0.855429
1.21563
1.54566
1.79961
1.94686
1.97475
1.87995
1.67937
1.37937
1.01031
0.636338
0.334429
0.154071
0.0906919
0.0978428
0.12437
0.141653
0.145519
0.143069
0.140663
0.140093
0.140468
0.140797
0.140851
0.140797
0.140765
0.140765
0.140771
0.140774
0.140771
0.140765
0.140754
0.140741
0.140726
0.140707
0.14068
0.140641
0.14059
0.140528
0.140458
0.140383
0.140287
0.14019
0.140249
0.140413
0.139998
0.139956
0.139918
0.139887
0.139866
0.13986
0.139869
0.139892
0.139927
0.139966
0.140005
0.140038
0.140065
0.140087
0.140105
0.14012
0.140134
0.140146
0.140158
0.140167
0.140176
0.140183
0.140188
0.140193
0.140196
0.140198
0.140198
0.140197
0.140195
0.140191
0.140185
0.140177
0.140167
0.140155
0.140142
0.140126
0.140109
0.140091
0.140073
0.140055
0.140039
0.140026
0.140018
0.140017
0.140024
0.140041
0.140066
0.140098
0.140132
0.140167
0.140202
0.140239
0.140278
0.140318
0.140357
0.140395
0.140428
0.140456
0.140481
0.140505
0.140535
0.140577
0.140637
0.140716
0.1408
0.14086
0.140859
0.140782
0.140662
0.140552
0.140546
0.140757
0.141134
0.141489
0.141634
0.141474
0.141048
0.140529
0.140171
0.140118
0.140096
0.140125
0.140148
0.14017
0.140189
0.140208
0.140226
0.140243
0.14026
0.140277
0.140294
0.14031
0.140327
0.140344
0.14036
0.140377
0.140395
0.140413
0.140431
0.140449
0.14047
0.140493
0.140494
0.140419
0.140313
0.140527
0.141632
0.143581
0.144338
0.139267
0.123097
0.0952404
0.0670569
0.0667524
0.134754
0.305968
0.586305
0.94292
1.31766
1.6497
1.89083
2.01002
1.99651
1.85521
1.60067
1.25072
0.854689
0.490814
0.232697
0.107728
0.0858428
0.109939
0.135166
0.14544
0.144774
0.141589
0.140077
0.140155
0.140579
0.14077
0.140785
0.14078
0.140791
0.1408
0.140799
0.140792
0.140781
0.140769
0.140755
0.140737
0.140711
0.140674
0.140624
0.140561
0.140489
0.140411
0.140313
0.140213
0.140258
0.140423
0.140051
0.140009
0.139971
0.139941
0.139921
0.139916
0.139925
0.139948
0.139979
0.140012
0.140043
0.140069
0.140089
0.140104
0.140116
0.140127
0.140137
0.140146
0.140153
0.140159
0.140163
0.140166
0.140168
0.14017
0.14017
0.14017
0.140168
0.140164
0.140159
0.140152
0.140144
0.140133
0.140121
0.140108
0.140094
0.140079
0.140064
0.140049
0.140036
0.140026
0.140019
0.140018
0.140023
0.140037
0.140056
0.140083
0.140113
0.140146
0.140179
0.140213
0.140249
0.140287
0.140325
0.140364
0.140401
0.140434
0.140463
0.140488
0.140511
0.140538
0.140574
0.140626
0.140698
0.140783
0.14086
0.140896
0.140855
0.140744
0.140618
0.140542
0.140621
0.140918
0.141312
0.14162
0.141685
0.141449
0.14098
0.140468
0.140171
0.140145
0.140104
0.140128
0.140148
0.140167
0.140185
0.140201
0.140218
0.140234
0.140251
0.140267
0.140284
0.140301
0.140319
0.140336
0.140354
0.140373
0.140392
0.140412
0.140432
0.140452
0.140473
0.140498
0.140529
0.140548
0.140503
0.14038
0.140383
0.141018
0.1427
0.144728
0.144128
0.135713
0.114809
0.0831077
0.0558195
0.0653242
0.153982
0.354248
0.665117
1.04555
1.43082
1.75608
1.97182
2.05036
1.98276
1.78449
1.47024
1.07483
0.66921
0.340654
0.146746
0.0826703
0.0947964
0.125173
0.143235
0.146402
0.14349
0.141135
0.140628
0.14083
0.140914
0.140841
0.140788
0.140796
0.140817
0.140821
0.140812
0.140799
0.140785
0.140767
0.140744
0.140709
0.140661
0.140597
0.140523
0.140442
0.140342
0.140239
0.140267
0.140433
0.140066
0.140031
0.14
0.139976
0.139962
0.139959
0.139968
0.139987
0.140011
0.140036
0.140058
0.140075
0.140088
0.140098
0.140106
0.140114
0.14012
0.140125
0.140129
0.140132
0.140133
0.140133
0.140132
0.14013
0.140128
0.140125
0.14012
0.140114
0.140107
0.140099
0.14009
0.14008
0.140069
0.140058
0.140048
0.140038
0.140029
0.140023
0.14002
0.140022
0.140028
0.14004
0.140057
0.140079
0.140105
0.140134
0.140165
0.140197
0.14023
0.140264
0.140301
0.140339
0.140376
0.140412
0.140444
0.140473
0.140498
0.14052
0.140545
0.140577
0.140623
0.140687
0.140769
0.140854
0.140915
0.140916
0.140831
0.140692
0.14058
0.140568
0.140751
0.14111
0.141495
0.141737
0.141715
0.141404
0.1409
0.140411
0.140189
0.140173
0.140087
0.140108
0.140127
0.140145
0.140163
0.140181
0.140199
0.140217
0.140236
0.140255
0.140275
0.140295
0.140316
0.140336
0.140358
0.140379
0.140401
0.140423
0.140446
0.140469
0.140492
0.140515
0.14054
0.140573
0.140603
0.14059
0.140492
0.140397
0.140655
0.141803
0.143954
0.145719
0.143306
0.131166
0.105483
0.0706473
0.0463001
0.0695508
0.184602
0.419887
0.764818
1.16764
1.55582
1.8616
2.03624
2.05793
1.92601
1.66037
1.28505
0.859198
0.473793
0.210723
0.0942114
0.0831873
0.112209
0.136217
0.143639
0.141956
0.139759
0.139662
0.140481
0.140967
0.140983
0.140873
0.140826
0.140831
0.140837
0.14083
0.140817
0.140799
0.140776
0.140744
0.140698
0.140634
0.140558
0.140474
0.140372
0.140267
0.140279
0.140441
0.140056
0.140029
0.140006
0.13999
0.139981
0.139981
0.139989
0.140002
0.140019
0.140035
0.140048
0.140058
0.140066
0.140072
0.140077
0.140082
0.140086
0.140089
0.140091
0.140091
0.140091
0.140089
0.140087
0.140084
0.140081
0.140077
0.140072
0.140066
0.14006
0.140053
0.140047
0.14004
0.140034
0.14003
0.140026
0.140025
0.140026
0.14003
0.140038
0.14005
0.140066
0.140085
0.140108
0.140133
0.140161
0.14019
0.140221
0.140252
0.140286
0.140321
0.140357
0.140393
0.140428
0.140459
0.140486
0.14051
0.140532
0.140555
0.140584
0.140626
0.140685
0.140762
0.140848
0.140924
0.140956
0.140913
0.140784
0.140635
0.140567
0.140649
0.140931
0.141324
0.141674
0.141835
0.141721
0.14134
0.140812
0.140361
0.140223
0.1402
0.140101
0.140124
0.140144
0.140164
0.140185
0.140207
0.140229
0.140253
0.140277
0.140302
0.140327
0.140353
0.140378
0.140404
0.14043
0.140456
0.140482
0.140507
0.140532
0.140557
0.140581
0.140605
0.140628
0.140652
0.140681
0.140713
0.14072
0.140658
0.140534
0.140546
0.141148
0.142813
0.145278
0.146439
0.141724
0.125379
0.0948187
0.0578726
0.0397546
0.0830224
0.232909
0.51083
0.892518
1.31245
1.6899
1.95582
2.06725
2.00967
1.79867
1.45613
1.02983
0.607596
0.287592
0.121793
0.0868161
0.113951
0.143597
0.153332
0.14897
0.142592
0.139818
0.13991
0.140621
0.140937
0.140934
0.140879
0.140861
0.140858
0.140851
0.140835
0.140814
0.140783
0.14074
0.140678
0.140601
0.140514
0.140409
0.140301
0.14029
0.140455
0.140068
0.140042
0.140021
0.140006
0.139998
0.139996
0.14
0.140007
0.140015
0.140023
0.140029
0.140033
0.140037
0.14004
0.140044
0.140047
0.14005
0.140053
0.140054
0.140054
0.140054
0.140054
0.140052
0.140051
0.140049
0.140046
0.140044
0.140041
0.140039
0.140037
0.140035
0.140035
0.140036
0.140038
0.140043
0.14005
0.140059
0.140071
0.140086
0.140103
0.140123
0.140145
0.14017
0.140196
0.140223
0.140252
0.140283
0.140315
0.140349
0.140383
0.140417
0.140449
0.140479
0.140505
0.140528
0.14055
0.140572
0.140599
0.140637
0.140691
0.140762
0.140846
0.140927
0.14098
0.140973
0.140883
0.140728
0.140603
0.140614
0.140811
0.141163
0.141552
0.141836
0.141901
0.141693
0.14125
0.140715
0.140322
0.140276
0.140231
0.140211
0.140245
0.140276
0.140307
0.14034
0.140373
0.140407
0.140441
0.140474
0.140508
0.14054
0.140571
0.140602
0.140631
0.14066
0.140688
0.140716
0.140742
0.140768
0.140792
0.140816
0.140839
0.140861
0.14088
0.1409
0.140922
0.140949
0.140964
0.140931
0.14082
0.140706
0.140888
0.141887
0.144054
0.146675
0.14686
0.139226
0.117922
0.0821184
0.0442824
0.036725
0.108296
0.304353
0.63654
1.06461
1.50769
1.87563
2.09593
2.13097
1.97607
1.65711
1.21613
0.738456
0.337523
0.0975425
0.023561
0.051328
0.104061
0.138005
0.147675
0.14534
0.141794
0.140474
0.14056
0.140833
0.140918
0.140903
0.140882
0.140871
0.140859
0.140839
0.140811
0.140769
0.14071
0.140631
0.140542
0.140433
0.140326
0.140314
0.140458
0.140162
0.140126
0.140096
0.140073
0.140056
0.140045
0.140038
0.140034
0.140032
0.140029
0.140027
0.140024
0.140022
0.14002
0.14002
0.14002
0.140021
0.140022
0.140023
0.140024
0.140025
0.140027
0.140029
0.140031
0.140033
0.140035
0.140037
0.14004
0.140042
0.140046
0.14005
0.140055
0.140062
0.14007
0.14008
0.140092
0.140106
0.140121
0.140139
0.140159
0.14018
0.140203
0.140228
0.140255
0.140283
0.140313
0.140344
0.140377
0.140409
0.140441
0.140471
0.140499
0.140522
0.140543
0.140561
0.14058
0.140605
0.140639
0.14069
0.14076
0.140845
0.140936
0.141008
0.141029
0.14097
0.140826
0.14065
0.140571
0.140692
0.140994
0.14139
0.141759
0.141976
0.141951
0.141659
0.141162
0.140625
0.140299
0.14033
0.140249
0.140548
0.140591
0.140627
0.140661
0.140692
0.140721
0.140749
0.140775
0.140799
0.140821
0.140842
0.140861
0.140878
0.140895
0.14091
0.140926
0.140941
0.140956
0.140971
0.140987
0.141003
0.141019
0.141035
0.141052
0.141067
0.141083
0.141101
0.141123
0.141146
0.141148
0.141091
0.140958
0.140853
0.141108
0.142248
0.14459
0.14737
0.147671
0.140162
0.119172
0.0841445
0.0475237
0.0401452
0.106123
0.283896
0.581567
0.964789
1.36555
1.70559
1.91911
1.96505
1.83086
1.53724
1.13685
0.722504
0.39152
0.195297
0.120146
0.114193
0.12873
0.139331
0.142317
0.141791
0.14103
0.140825
0.14088
0.140931
0.140939
0.14093
0.140917
0.1409
0.140876
0.14084
0.140785
0.140709
0.140615
0.140505
0.140384
0.140324
0.140495
0.140482
0.140425
0.140374
0.140328
0.140289
0.140254
0.140225
0.1402
0.140179
0.140161
0.140145
0.140132
0.140121
0.140113
0.140106
0.140101
0.140097
0.140093
0.140091
0.140089
0.140089
0.140089
0.140091
0.140094
0.140097
0.140101
0.140105
0.140111
0.140118
0.140126
0.140135
0.140145
0.140156
0.140169
0.140183
0.140198
0.140215
0.140233
0.140253
0.140274
0.140297
0.140321
0.140346
0.140373
0.1404
0.140428
0.140456
0.140484
0.14051
0.140534
0.140556
0.140576
0.140596
0.140615
0.140639
0.140669
0.140711
0.140767
0.140838
0.140919
0.140997
0.141054
0.141062
0.141002
0.140876
0.140731
0.140671
0.140796
0.141079
0.141446
0.141805
0.142053
0.142103
0.14191
0.141495
0.140958
0.140501
0.140355
0.140446
0.140305
)
;

boundaryField
{
    inlet
    {
        type            freestream;
        freestreamValue uniform 0.14;
        value           nonuniform List<scalar> 
134
(
0.14
0.14
0.14
0.14
0.14
0.14
0.14
0.14
0.14
0.14
0.140021
0.140042
0.140068
0.140093
0.140117
0.140138
0.140158
0.140175
0.14019
0.140202
0.14
0.140213
0.140221
0.140228
0.140234
0.140238
0.14024
0.140242
0.140243
0.140242
0.140242
0.14024
0.140238
0.140235
0.140233
0.140232
0.140233
0.140235
0.140239
0.140239
0.14
0.14
0.14
0.14
0.14
0.14
0.14
0.14024
0.140241
0.140244
0.140248
0.140252
0.140258
0.140264
0.140271
0.140279
0.140287
0.140296
0.140306
0.140316
0.140326
0.140336
0.140347
0.140357
0.140369
0.14038
0.140392
0.140403
0.140413
0.140423
0.140433
0.140441
0.140455
0.140458
0.140495
0.14
0.14
0.14
0.14
0.14
0.14
0.14
0.14
0.14
0.14
0.14
0.14
0.14
0.14
0.14
0.14
0.14
0.14
0.14
0.14
0.14
0.14
0.14
0.14
0.14
0.14
0.14
0.14
0.14
0.14
0.14
0.14
0.14
0.14
0.14
0.14
0.14
0.14
0.14
0.14
0.14
0.14
0.14
0.14
0.14
0.14
0.14
0.14
0.14
0.14
0.14
0.14
0.14
0.14
0.14
0.14
0.14
0.14
0.14
)
;
    }
    outlet
    {
        type            freestream;
        freestreamValue uniform 0.14;
        value           nonuniform List<scalar> 
160
(
0.140548
0.140482
0.140591
0.140425
0.140627
0.140374
0.140661
0.140328
0.140692
0.140289
0.140721
0.140254
0.140749
0.140225
0.140775
0.1402
0.140799
0.140179
0.140821
0.140161
0.140842
0.140145
0.140861
0.140132
0.140878
0.140121
0.140895
0.140113
0.14091
0.140106
0.140926
0.140101
0.140941
0.140097
0.140956
0.140093
0.140971
0.140091
0.140987
0.140089
0.141003
0.140089
0.141019
0.140089
0.141035
0.140091
0.141052
0.140094
0.141067
0.140097
0.141083
0.140101
0.141101
0.140105
0.141123
0.140111
0.141146
0.140118
0.141148
0.140126
0.141091
0.140135
0.140958
0.140145
0.140853
0.140156
0.141108
0.140169
0.142248
0.140183
0.14459
0.140198
0.14737
0.140215
0.147671
0.140233
0.140162
0.140253
0.119172
0.140274
0.0841445
0.140297
0.0475237
0.140321
0.0401452
0.140346
0.106123
0.140373
0.283896
0.1404
0.581567
0.140428
0.964789
0.140456
1.36555
0.140484
1.70559
0.14051
1.91911
0.140534
1.96505
0.140556
1.83086
0.140576
1.53724
0.140596
1.13685
0.140615
0.722504
0.140639
0.39152
0.140669
0.195297
0.140711
0.120146
0.140767
0.114193
0.140838
0.12873
0.140919
0.139331
0.140997
0.142317
0.141054
0.141791
0.141062
0.14103
0.141002
0.140825
0.140876
0.14088
0.140731
0.140931
0.140671
0.140939
0.140796
0.14093
0.141079
0.140917
0.141446
0.1409
0.141805
0.140876
0.142053
0.14084
0.142103
0.140785
0.14191
0.140709
0.141495
0.140615
0.140958
0.140505
0.140501
0.140384
0.140355
0.140324
0.140446
0.140495
0.140305
)
;
    }
    walls
    {
        type            fixedValue;
        value           nonuniform List<scalar> 
78
(
0.123574
0.129374
0.136264
0.144224
0.15373
0.164976
0.178185
0.193006
0.209209
0.22561
0.241265
0.255193
0.266416
0.274226
0.278266
0.278729
0.27599
0.27056
0.262615
0.252328
0.239406
0.223632
0.204506
0.181772
0.156405
0.126164
0.101103
0.0819959
0.055332
0.0755036
0.127427
0.164601
0.0964452
0.195467
0.20548
0.180737
0.154211
0.117394
0.0987019
0.118115
0.112399
0.10619
0.0991002
0.0912795
0.0822974
0.0717316
0.0587009
0.0432684
0.0406976
0.0439699
0.0544886
0.0630444
0.0705156
0.077761
0.0850829
0.0925309
0.100099
0.107789
0.11561
0.123499
0.13131
0.138827
0.145822
0.151899
0.156744
0.160485
0.163403
0.165824
0.168027
0.17006
0.171925
0.173614
0.17508
0.176207
0.177034
0.177124
0.1775
0.174255
)
;
    }
    frontAndBack
    {
        type            empty;
    }
}


// ************************************************************************* //
