/*--------------------------------*- C++ -*----------------------------------*\
  =========                 |
  \\      /  F ield         | OpenFOAM: The Open Source CFD Toolbox
   \\    /   O peration     | Website:  https://openfoam.org
    \\  /    A nd           | Version:  12
     \\/     M anipulation  |
\*---------------------------------------------------------------------------*/
FoamFile
{
    format      ascii;
    class       volScalarField;
    location    "200";
    object      nut;
}
// * * * * * * * * * * * * * * * * * * * * * * * * * * * * * * * * * * * * * //

dimensions      [0 2 -1 0 0 0 0];

internalField   nonuniform List<scalar> 
10720
(
0.14246
0.149561
0.158028
0.168289
0.180194
0.194264
0.210657
0.228935
0.24873
0.269155
0.288668
0.305401
0.317549
0.324187
0.325454
0.322313
0.316019
0.307665
0.297883
0.287048
0.275152
0.262201
0.248286
0.233896
0.220222
0.208331
0.19819
0.188517
0.180094
0.165763
0.150676
0.140149
0.119443
0.111744
0.0895939
0.064316
0.057545
0.0924009
0.0970582
0.135918
0.129676
0.122848
0.115911
0.108482
0.100586
0.0921253
0.0829661
0.0729273
0.0615721
0.0485527
0.0356377
0.0339378
0.0424054
0.0515446
0.0595792
0.0672283
0.0750107
0.083066
0.0913382
0.0996838
0.107968
0.116064
0.123854
0.131024
0.137234
0.142464
0.14684
0.150517
0.153617
0.156215
0.15836
0.160109
0.161506
0.162542
0.163295
0.163442
0.163889
0.161172
0.110733
0.110466
0.110259
0.110768
0.111706
0.112992
0.11495
0.117933
0.122548
0.129065
0.137698
0.14862
0.161483
0.175863
0.191387
0.207556
0.224108
0.240674
0.256946
0.272443
0.286747
0.299268
0.309507
0.317138
0.322042
0.324128
0.323293
0.319705
0.314291
0.306242
0.295907
0.284914
0.275327
0.262681
0.249784
0.226223
0.212272
0.289026
0.272892
0.110955
0.111036
0.111152
0.110989
0.110618
0.10996
0.10888
0.107305
0.105263
0.102869
0.100123
0.0970514
0.0931487
0.0886262
0.0842387
0.0801792
0.0764796
0.0731697
0.070322
0.0679806
0.0661892
0.0649662
0.06431
0.0641813
0.0645469
0.0653456
0.0664732
0.0678186
0.0692867
0.0707968
0.0723132
0.0742019
0.0771134
0.0807989
0.0846674
0.0882958
0.0916456
0.0959139
0.104256
0.12876
0.128641
0.12833
0.128161
0.128266
0.128433
0.128601
0.128799
0.129089
0.129378
0.129616
0.129984
0.130814
0.132433
0.135166
0.13925
0.144938
0.151729
0.157587
0.168009
0.183441
0.202799
0.225306
0.249663
0.274106
0.297412
0.318621
0.33673
0.3513
0.362052
0.368947
0.372541
0.374708
0.374224
0.374121
0.362617
0.368466
0.508544
0.525503
0.128887
0.128854
0.128882
0.128715
0.128448
0.128036
0.127407
0.126511
0.125339
0.123911
0.122219
0.120302
0.118117
0.115675
0.11305
0.110276
0.107382
0.104404
0.101396
0.0983848
0.0954084
0.092479
0.0896022
0.0866912
0.0837019
0.080707
0.0777596
0.0749159
0.0722245
0.0697212
0.0674758
0.0653217
0.0650965
0.0664769
0.0687577
0.0714699
0.074844
0.0777424
0.0850022
0.133173
0.133096
0.132973
0.132981
0.133065
0.13316
0.133236
0.133291
0.133343
0.133405
0.133454
0.133376
0.133188
0.132159
0.130817
0.12945
0.129158
0.129712
0.130853
0.132986
0.136847
0.14374
0.151615
0.164622
0.184088
0.208869
0.238214
0.27069
0.304395
0.337229
0.367338
0.393602
0.416369
0.435366
0.453424
0.460364
0.481619
0.663982
0.794033
0.133226
0.133234
0.133238
0.133174
0.133043
0.132841
0.132534
0.132101
0.131536
0.130839
0.13001
0.129035
0.127885
0.126567
0.125101
0.123491
0.121744
0.119872
0.117896
0.115825
0.113681
0.111467
0.109182
0.106751
0.104113
0.101299
0.0983307
0.0952368
0.0920471
0.0887921
0.0855123
0.0822213
0.0790462
0.076129
0.0736251
0.0713534
0.0713722
0.0723736
0.0737037
0.13548
0.135423
0.135324
0.135183
0.135015
0.1348
0.134545
0.13428
0.134145
0.13409
0.134065
0.134027
0.133946
0.133741
0.133302
0.132595
0.13179
0.131029
0.13039
0.129927
0.129724
0.13026
0.13163
0.13462
0.140429
0.150242
0.163442
0.186202
0.218406
0.259077
0.305686
0.354622
0.402863
0.448131
0.491445
0.524422
0.563785
0.77096
0.991123
0.135521
0.135529
0.135537
0.135504
0.135427
0.135306
0.135119
0.134855
0.134514
0.134095
0.133605
0.133031
0.132363
0.131598
0.130738
0.12978
0.128728
0.127579
0.12634
0.125014
0.123605
0.12211
0.120522
0.118786
0.11685
0.114719
0.112396
0.109887
0.107201
0.104351
0.101353
0.098229
0.0950082
0.0917313
0.0884592
0.0851972
0.082084
0.0796374
0.0747774
0.136791
0.136759
0.136705
0.136626
0.136528
0.136398
0.136256
0.136156
0.136098
0.136053
0.136009
0.135967
0.13591
0.135812
0.135655
0.135419
0.135062
0.134551
0.133747
0.132676
0.131424
0.129997
0.129288
0.129121
0.129673
0.131655
0.135283
0.143049
0.154938
0.179716
0.219664
0.274782
0.341589
0.414135
0.488225
0.554855
0.618907
0.83907
1.11594
0.136808
0.136814
0.136812
0.13679
0.136739
0.136659
0.136537
0.136365
0.136145
0.135876
0.135563
0.135198
0.134776
0.134292
0.133747
0.13314
0.132469
0.131732
0.130932
0.130067
0.129137
0.128136
0.127055
0.125856
0.124497
0.122976
0.121284
0.119416
0.117367
0.115135
0.112722
0.110135
0.107383
0.104484
0.101459
0.0983414
0.0950077
0.0922795
0.0849525
0.137601
0.137581
0.137545
0.13749
0.137418
0.137323
0.137203
0.137059
0.136886
0.136687
0.136465
0.13622
0.135951
0.135665
0.135369
0.135063
0.134754
0.134431
0.13406
0.133578
0.132942
0.132115
0.131058
0.129879
0.128648
0.128253
0.128519
0.130024
0.132953
0.14089
0.156541
0.19272
0.254643
0.341229
0.444121
0.549456
0.6465
0.87522
1.18627
0.13761
0.137613
0.13761
0.137595
0.137559
0.137505
0.137421
0.137301
0.13715
0.136969
0.136759
0.136514
0.13623
0.135904
0.13554
0.135134
0.134683
0.134188
0.133647
0.133059
0.132423
0.131733
0.130982
0.130142
0.129185
0.128104
0.12689
0.125533
0.124024
0.122352
0.12051
0.118494
0.116301
0.113937
0.111401
0.108726
0.10574
0.103266
0.0964311
0.13816
0.138153
0.138134
0.138099
0.138052
0.137988
0.137909
0.137817
0.137709
0.137584
0.137445
0.137314
0.137205
0.137092
0.136927
0.136683
0.136354
0.135958
0.135508
0.135014
0.134513
0.134058
0.133542
0.132865
0.131947
0.130739
0.12928
0.128496
0.128358
0.129578
0.133192
0.145505
0.179702
0.252064
0.366077
0.506735
0.643766
0.882549
1.21283
0.138158
0.138156
0.13815
0.138137
0.138109
0.138071
0.138011
0.137927
0.137819
0.137693
0.137546
0.137374
0.137176
0.13695
0.136696
0.136412
0.136098
0.135751
0.135372
0.134957
0.134506
0.134015
0.133477
0.132873
0.132182
0.131399
0.130516
0.129523
0.128411
0.127169
0.125785
0.124253
0.122562
0.12071
0.118687
0.116514
0.114027
0.111919
0.106171
0.138561
0.138562
0.138549
0.138522
0.138487
0.138443
0.138391
0.138331
0.138259
0.138175
0.138075
0.137957
0.137821
0.137662
0.137485
0.137291
0.137072
0.136817
0.136513
0.136148
0.135728
0.135323
0.134985
0.134666
0.134285
0.133733
0.132847
0.131781
0.130149
0.128929
0.128478
0.130058
0.140177
0.17864
0.273517
0.430637
0.607658
0.861484
1.20188
0.138552
0.138544
0.138534
0.138521
0.138499
0.13847
0.138427
0.138366
0.13829
0.1382
0.138094
0.13797
0.137828
0.137666
0.137484
0.13728
0.137054
0.136804
0.13653
0.136229
0.1359
0.13554
0.135145
0.134699
0.134188
0.133608
0.132952
0.132213
0.131381
0.130449
0.129405
0.128241
0.126946
0.125514
0.123932
0.122212
0.120211
0.118476
0.113854
0.138863
0.138865
0.138854
0.138836
0.138817
0.138796
0.138772
0.138744
0.138706
0.138659
0.138601
0.138532
0.138457
0.138379
0.138294
0.138188
0.138053
0.137886
0.137683
0.13744
0.137145
0.136805
0.13645
0.136115
0.135816
0.135525
0.135155
0.134635
0.133715
0.13245
0.130382
0.128754
0.128706
0.139249
0.193594
0.335078
0.538307
0.81078
1.15664
0.138848
0.138834
0.13882
0.138806
0.138785
0.138764
0.138732
0.138689
0.138635
0.13857
0.138493
0.138402
0.138297
0.138178
0.138045
0.137896
0.13773
0.137546
0.137343
0.13712
0.136875
0.136605
0.136307
0.135971
0.135585
0.135145
0.134648
0.134087
0.133455
0.132744
0.131947
0.131054
0.130057
0.128948
0.127715
0.126363
0.124776
0.123371
0.119734
0.139092
0.139092
0.139084
0.139079
0.139079
0.13908
0.139079
0.139074
0.139061
0.13904
0.139011
0.138974
0.138925
0.138863
0.138784
0.138696
0.13861
0.138527
0.138439
0.138335
0.1382
0.138017
0.137779
0.137496
0.1372
0.136913
0.136637
0.13635
0.135963
0.135372
0.134141
0.132273
0.129594
0.128082
0.144097
0.241854
0.443019
0.729848
1.07895
0.139076
0.139059
0.139039
0.139023
0.139003
0.138986
0.138963
0.138933
0.138895
0.138848
0.138791
0.138724
0.138647
0.138558
0.13846
0.138349
0.138225
0.138087
0.137935
0.137766
0.13758
0.137374
0.137146
0.136887
0.13659
0.136251
0.135867
0.135434
0.134945
0.134395
0.133777
0.133083
0.132307
0.131441
0.130475
0.12941
0.128153
0.127021
0.124183
0.139268
0.139264
0.139266
0.139279
0.139296
0.139315
0.139332
0.139342
0.139348
0.139351
0.139353
0.139353
0.139349
0.139338
0.13932
0.139292
0.139249
0.139192
0.139124
0.139046
0.138958
0.138853
0.13872
0.138549
0.13834
0.138103
0.137849
0.137591
0.13733
0.137048
0.136564
0.135617
0.133654
0.1299
0.126594
0.172103
0.337602
0.621979
0.971066
0.139255
0.139237
0.139213
0.139192
0.139171
0.139157
0.13914
0.139121
0.139096
0.139063
0.139021
0.138971
0.138914
0.138848
0.138775
0.138692
0.138598
0.138494
0.138378
0.138248
0.138105
0.137946
0.137768
0.137566
0.137333
0.137068
0.136767
0.136427
0.136044
0.135611
0.135125
0.13458
0.133968
0.133285
0.13252
0.131676
0.130677
0.129761
0.127548
0.139403
0.1394
0.139418
0.139447
0.139476
0.139507
0.139533
0.139551
0.139568
0.13958
0.139589
0.139595
0.139597
0.139594
0.139585
0.13957
0.139554
0.139533
0.139505
0.139468
0.139421
0.139364
0.139294
0.139206
0.139096
0.138957
0.138784
0.138581
0.138356
0.13813
0.137889
0.137522
0.136702
0.134537
0.127287
0.134475
0.24211
0.497151
0.837385
0.139394
0.139378
0.139352
0.139327
0.139304
0.139292
0.13928
0.13927
0.139255
0.139232
0.139201
0.139165
0.139123
0.139074
0.13902
0.138957
0.138886
0.138806
0.138717
0.138617
0.138505
0.13838
0.13824
0.13808
0.137895
0.137684
0.137445
0.137175
0.13687
0.136526
0.136139
0.135705
0.135218
0.134673
0.134062
0.133386
0.132587
0.131842
0.130109
0.139508
0.139511
0.139548
0.139585
0.13962
0.139657
0.139684
0.139704
0.139723
0.139736
0.139747
0.139755
0.139761
0.139763
0.139761
0.139756
0.139747
0.139736
0.139722
0.139704
0.139682
0.139654
0.139619
0.139578
0.139528
0.139465
0.139381
0.139269
0.139121
0.138944
0.138754
0.138554
0.138259
0.137668
0.133291
0.123995
0.172857
0.371709
0.686667
0.139503
0.139492
0.139465
0.139436
0.13941
0.139399
0.139391
0.139388
0.139381
0.139366
0.139345
0.139319
0.139289
0.139253
0.139213
0.139166
0.139112
0.139051
0.138982
0.138904
0.138816
0.138717
0.138605
0.138476
0.138328
0.138158
0.137966
0.137748
0.137503
0.137227
0.136915
0.136566
0.136174
0.135735
0.135243
0.134697
0.134052
0.133442
0.132076
0.139591
0.139604
0.139654
0.139693
0.13973
0.139765
0.13979
0.139808
0.139824
0.139836
0.139846
0.139854
0.13986
0.139863
0.139865
0.139864
0.139861
0.139856
0.139851
0.139843
0.139833
0.139821
0.139806
0.139789
0.139768
0.139745
0.139715
0.139672
0.139609
0.139513
0.139384
0.139235
0.139064
0.138985
0.138028
0.127717
0.135213
0.263738
0.533079
0.139588
0.139582
0.139557
0.139526
0.139496
0.139485
0.13948
0.139483
0.139483
0.139474
0.139461
0.139443
0.139423
0.139398
0.139368
0.139333
0.139292
0.139246
0.139192
0.139131
0.139061
0.138981
0.138891
0.138787
0.138666
0.138528
0.138372
0.138195
0.137995
0.137771
0.137518
0.137234
0.136915
0.136559
0.136158
0.135714
0.13519
0.134686
0.133603
0.139658
0.139682
0.139736
0.139774
0.139809
0.13984
0.139861
0.139877
0.13989
0.139901
0.13991
0.139918
0.139924
0.139929
0.139932
0.139934
0.139934
0.139934
0.139933
0.139931
0.139928
0.139925
0.139921
0.139916
0.13991
0.139905
0.139899
0.139892
0.13988
0.139854
0.139803
0.139719
0.139605
0.139483
0.140022
0.134735
0.123633
0.186284
0.393802
0.139654
0.139654
0.139632
0.1396
0.139567
0.139555
0.139553
0.139561
0.139565
0.139563
0.139555
0.139545
0.139532
0.139515
0.139494
0.139468
0.139438
0.139402
0.13936
0.139312
0.139256
0.139192
0.139118
0.139033
0.138933
0.13882
0.138692
0.138547
0.138383
0.138199
0.137992
0.137759
0.137498
0.137206
0.136878
0.136513
0.136084
0.135666
0.134801
0.139711
0.139743
0.139796
0.139832
0.139863
0.13989
0.139908
0.139922
0.139934
0.139944
0.139953
0.139961
0.139967
0.139973
0.139977
0.139981
0.139983
0.139985
0.139987
0.139989
0.139991
0.139993
0.139995
0.139997
0.14
0.140004
0.14001
0.140018
0.140028
0.140039
0.140043
0.140026
0.139991
0.139827
0.140336
0.139637
0.126624
0.142318
0.283189
0.139706
0.139712
0.139694
0.139662
0.139625
0.139612
0.139613
0.139624
0.139633
0.139635
0.139633
0.139628
0.139621
0.139611
0.139597
0.139579
0.139556
0.139529
0.139497
0.139458
0.139413
0.139361
0.1393
0.13923
0.139147
0.139054
0.138947
0.138827
0.138692
0.138539
0.138368
0.138176
0.13796
0.137719
0.137448
0.137147
0.136793
0.136445
0.135749
0.139754
0.139789
0.139839
0.139871
0.1399
0.139924
0.139941
0.139954
0.139965
0.139975
0.139983
0.139991
0.139998
0.140004
0.140009
0.140014
0.140017
0.140021
0.140025
0.140029
0.140033
0.140038
0.140044
0.140051
0.140059
0.140069
0.140081
0.140096
0.140116
0.14014
0.14017
0.140196
0.140225
0.140152
0.140215
0.141482
0.133832
0.125353
0.207307
0.139746
0.139757
0.139744
0.139714
0.139675
0.139661
0.139662
0.139676
0.139689
0.139694
0.139697
0.139697
0.139696
0.13969
0.139682
0.13967
0.139654
0.139633
0.139608
0.139577
0.139541
0.139498
0.139447
0.139388
0.13932
0.139241
0.139153
0.139052
0.138939
0.138812
0.138669
0.138509
0.13833
0.13813
0.137905
0.137656
0.137362
0.137072
0.136507
0.139787
0.139823
0.13987
0.139899
0.139926
0.139948
0.139964
0.139977
0.139988
0.139997
0.140006
0.140013
0.14002
0.140027
0.140033
0.140038
0.140043
0.140047
0.140052
0.140057
0.140063
0.14007
0.140078
0.140087
0.140099
0.140112
0.140128
0.140147
0.140171
0.140201
0.14024
0.140285
0.140341
0.140387
0.140227
0.141455
0.13958
0.124506
0.163349
0.139778
0.139792
0.139786
0.139758
0.139717
0.139703
0.139705
0.13972
0.139736
0.139744
0.13975
0.139755
0.139758
0.139757
0.139752
0.139745
0.139734
0.139718
0.139698
0.139674
0.139644
0.139609
0.139567
0.139517
0.139459
0.139393
0.139319
0.139234
0.139139
0.139032
0.138913
0.138779
0.138629
0.138462
0.138275
0.138068
0.137823
0.137581
0.137117
0.139813
0.139849
0.139892
0.139921
0.139946
0.139967
0.139982
0.139995
0.140006
0.140015
0.140024
0.140031
0.140039
0.140045
0.140052
0.140057
0.140062
0.140068
0.140073
0.140079
0.140086
0.140093
0.140102
0.140113
0.140125
0.14014
0.140158
0.140179
0.140206
0.140239
0.14028
0.140332
0.140393
0.140502
0.140394
0.140902
0.142283
0.130105
0.143042
0.139803
0.13982
0.139819
0.139796
0.139755
0.139741
0.139742
0.139758
0.139775
0.139786
0.139795
0.139804
0.139809
0.139812
0.139811
0.139807
0.1398
0.139788
0.139773
0.139753
0.139729
0.139699
0.139664
0.139622
0.139573
0.139517
0.139453
0.139382
0.139301
0.139211
0.13911
0.138998
0.138873
0.138734
0.138578
0.138405
0.1382
0.138
0.137611
0.139834
0.13987
0.139911
0.139939
0.139963
0.139983
0.139998
0.140011
0.140022
0.140031
0.14004
0.140047
0.140054
0.140061
0.140067
0.140073
0.140079
0.140084
0.14009
0.140096
0.140103
0.140111
0.140121
0.140132
0.140144
0.140159
0.140177
0.1402
0.140227
0.140261
0.140303
0.140357
0.140419
0.14053
0.140571
0.14053
0.142692
0.135986
0.136784
0.139825
0.139843
0.139847
0.139828
0.139789
0.139776
0.139775
0.139791
0.139809
0.139821
0.139833
0.139844
0.139852
0.139857
0.13986
0.139859
0.139854
0.139846
0.139834
0.139818
0.139798
0.139773
0.139743
0.139707
0.139665
0.139617
0.139563
0.139502
0.139434
0.139357
0.139273
0.139179
0.139074
0.138958
0.138828
0.138683
0.138512
0.138348
0.138016
0.139854
0.139889
0.139929
0.139956
0.13998
0.14
0.140014
0.140026
0.140037
0.140046
0.140054
0.140062
0.140069
0.140075
0.140081
0.140087
0.140093
0.140098
0.140104
0.140111
0.140118
0.140126
0.140135
0.140146
0.140159
0.140173
0.140191
0.140212
0.140239
0.140273
0.140314
0.140368
0.140431
0.140521
0.140667
0.140459
0.142101
0.139779
0.136904
0.139844
0.139863
0.139871
0.139857
0.139821
0.13981
0.139806
0.139821
0.139838
0.13985
0.139865
0.139877
0.139888
0.139895
0.1399
0.139901
0.139899
0.139894
0.139884
0.139871
0.139854
0.139833
0.139808
0.139777
0.13974
0.139699
0.139653
0.1396
0.139542
0.139478
0.139407
0.139329
0.139242
0.139145
0.139036
0.138916
0.138773
0.13864
0.138359
0.139874
0.139909
0.139948
0.139975
0.139997
0.140016
0.14003
0.140042
0.140052
0.14006
0.140068
0.140075
0.140081
0.140088
0.140094
0.140099
0.140105
0.14011
0.140116
0.140123
0.14013
0.140138
0.140147
0.140158
0.14017
0.140184
0.140201
0.140221
0.140247
0.140278
0.140318
0.140368
0.140433
0.140507
0.140678
0.14055
0.141414
0.141435
0.138796
0.139864
0.139882
0.139891
0.139882
0.139852
0.139842
0.139836
0.139848
0.139863
0.139876
0.139891
0.139905
0.139916
0.139925
0.139933
0.139936
0.139936
0.139932
0.139925
0.139914
0.1399
0.139882
0.13986
0.139833
0.139802
0.139766
0.139726
0.139682
0.139633
0.139579
0.13952
0.139455
0.139382
0.139301
0.139211
0.139112
0.138993
0.138891
0.138661
0.139896
0.139931
0.139969
0.139994
0.140015
0.140033
0.140046
0.140056
0.140065
0.140073
0.14008
0.140086
0.140092
0.140098
0.140104
0.140109
0.140115
0.14012
0.140126
0.140132
0.140139
0.140147
0.140157
0.140167
0.140179
0.140192
0.140208
0.140227
0.140251
0.14028
0.140317
0.140364
0.140427
0.140494
0.140643
0.140654
0.140982
0.141763
0.140423
0.139886
0.139901
0.13991
0.139905
0.139882
0.139873
0.139866
0.139873
0.139886
0.139897
0.139912
0.139927
0.139938
0.139948
0.139957
0.139962
0.139964
0.139962
0.139957
0.139949
0.139937
0.139922
0.139902
0.139879
0.139852
0.139821
0.139786
0.139749
0.139708
0.139663
0.139614
0.13956
0.1395
0.139433
0.139358
0.139278
0.139181
0.139111
0.138931
0.13992
0.139954
0.13999
0.140013
0.140033
0.140049
0.14006
0.140069
0.140077
0.140083
0.140089
0.140095
0.140101
0.140106
0.140111
0.140117
0.140122
0.140127
0.140133
0.140139
0.140147
0.140155
0.140164
0.140174
0.140186
0.140199
0.140214
0.140232
0.140253
0.14028
0.140314
0.140357
0.140415
0.140481
0.140597
0.140702
0.140802
0.14155
0.141283
0.13991
0.139922
0.139929
0.139927
0.139911
0.139904
0.139895
0.139898
0.139907
0.139916
0.13993
0.139943
0.139955
0.139966
0.139974
0.139981
0.139985
0.139986
0.139983
0.139976
0.139966
0.139953
0.139937
0.139916
0.139892
0.139865
0.139836
0.139805
0.139771
0.139734
0.139693
0.139648
0.139598
0.139543
0.139482
0.139419
0.139343
0.139302
0.139163
0.139946
0.139978
0.140011
0.140031
0.140048
0.140062
0.140071
0.140079
0.140085
0.140091
0.140096
0.140101
0.140106
0.140111
0.140116
0.140121
0.140127
0.140132
0.140138
0.140144
0.140151
0.140159
0.140169
0.140179
0.14019
0.140203
0.140217
0.140234
0.140255
0.140279
0.14031
0.14035
0.140402
0.140466
0.140557
0.140695
0.140758
0.141256
0.141532
0.139936
0.139944
0.139949
0.139949
0.139939
0.139932
0.139923
0.139921
0.139925
0.139932
0.139944
0.139957
0.139968
0.139978
0.139987
0.139994
0.139999
0.140002
0.140002
0.139997
0.13999
0.139979
0.139964
0.139946
0.139925
0.139902
0.139878
0.139852
0.139824
0.139794
0.13976
0.139723
0.139681
0.139636
0.139586
0.139538
0.13948
0.139462
0.139353
0.139971
0.140001
0.140031
0.140047
0.140062
0.140072
0.14008
0.140085
0.14009
0.140095
0.140099
0.140104
0.140108
0.140113
0.140118
0.140123
0.140128
0.140133
0.140139
0.140146
0.140153
0.140161
0.140171
0.140181
0.140192
0.140205
0.140219
0.140235
0.140255
0.140278
0.140306
0.140341
0.140388
0.140449
0.140525
0.140657
0.140748
0.141046
0.141466
0.139963
0.139967
0.13997
0.139971
0.139965
0.139959
0.13995
0.139944
0.139943
0.139946
0.139956
0.139967
0.139978
0.139987
0.139996
0.140003
0.140009
0.140013
0.140015
0.140013
0.140008
0.139999
0.139986
0.13997
0.139952
0.139932
0.139912
0.139891
0.139868
0.139843
0.139815
0.139784
0.13975
0.139713
0.139673
0.139637
0.139593
0.139589
0.139502
0.139996
0.140022
0.140049
0.140061
0.140072
0.14008
0.140085
0.140089
0.140093
0.140096
0.1401
0.140104
0.140108
0.140113
0.140117
0.140122
0.140127
0.140132
0.140138
0.140144
0.140152
0.14016
0.14017
0.140181
0.140192
0.140205
0.140219
0.140235
0.140253
0.140275
0.140301
0.140333
0.140375
0.14043
0.140498
0.140611
0.140728
0.140926
0.141305
0.139991
0.139991
0.139992
0.139993
0.13999
0.139984
0.139975
0.139966
0.139961
0.13996
0.139967
0.139976
0.139985
0.139994
0.140003
0.14001
0.140016
0.14002
0.140023
0.140024
0.140021
0.140014
0.140003
0.139989
0.139974
0.139958
0.139941
0.139924
0.139905
0.139884
0.139861
0.139835
0.139806
0.139776
0.139744
0.139717
0.139683
0.139687
0.139616
0.140019
0.140042
0.140065
0.140071
0.140079
0.140085
0.140088
0.14009
0.140093
0.140096
0.140099
0.140103
0.140106
0.140111
0.140115
0.140119
0.140124
0.140129
0.140135
0.140141
0.140149
0.140157
0.140167
0.140178
0.140189
0.140202
0.140216
0.140232
0.14025
0.140271
0.140295
0.140325
0.140363
0.140412
0.140475
0.140568
0.140691
0.140855
0.141153
0.140017
0.140015
0.140014
0.140014
0.140013
0.140007
0.139998
0.139988
0.139979
0.139973
0.139977
0.139984
0.139992
0.14
0.140008
0.140015
0.140021
0.140026
0.140029
0.140031
0.140031
0.140025
0.140016
0.140004
0.139991
0.139978
0.139965
0.139951
0.139936
0.139918
0.139899
0.139877
0.139853
0.139828
0.139802
0.139781
0.139754
0.139762
0.139703
0.140043
0.140061
0.140079
0.14008
0.140085
0.140088
0.140089
0.14009
0.140092
0.140095
0.140097
0.140101
0.140104
0.140108
0.140113
0.140117
0.140122
0.140126
0.140132
0.140138
0.140145
0.140153
0.140162
0.140173
0.140184
0.140197
0.140211
0.140227
0.140244
0.140265
0.140288
0.140317
0.140351
0.140395
0.140452
0.140532
0.140645
0.140799
0.141036
0.140041
0.140037
0.140036
0.140035
0.140034
0.140028
0.14002
0.140009
0.139997
0.139988
0.139987
0.139992
0.139999
0.140006
0.140013
0.140019
0.140025
0.14003
0.140034
0.140036
0.140037
0.140034
0.140026
0.140016
0.140006
0.139995
0.139985
0.139973
0.139961
0.139946
0.139929
0.139911
0.139891
0.13987
0.139848
0.139832
0.139809
0.139819
0.139769
0.140066
0.140079
0.140092
0.140089
0.14009
0.140091
0.14009
0.14009
0.140092
0.140094
0.140097
0.1401
0.140104
0.140108
0.140112
0.140116
0.14012
0.140125
0.140129
0.140135
0.140141
0.140149
0.140158
0.140167
0.140178
0.140191
0.140204
0.14022
0.140237
0.140257
0.14028
0.140307
0.140339
0.14038
0.140431
0.140501
0.1406
0.140745
0.140945
0.140064
0.140059
0.140056
0.140055
0.140053
0.140048
0.14004
0.140029
0.140016
0.140003
0.139998
0.14
0.140005
0.140011
0.140018
0.140024
0.140029
0.140034
0.140037
0.14004
0.140042
0.14004
0.140034
0.140026
0.140017
0.140009
0.140001
0.139991
0.139981
0.139968
0.139954
0.139938
0.139921
0.139903
0.139885
0.139872
0.139851
0.139862
0.139819
0.140089
0.140097
0.140104
0.1401
0.140098
0.140097
0.140093
0.140093
0.140094
0.140096
0.140099
0.140102
0.140106
0.140109
0.140113
0.140117
0.140121
0.140125
0.140129
0.140134
0.140139
0.140146
0.140154
0.140163
0.140173
0.140184
0.140197
0.140211
0.140228
0.140247
0.14027
0.140296
0.140326
0.140364
0.140411
0.140474
0.140559
0.140691
0.140866
0.140086
0.14008
0.140075
0.140073
0.140071
0.140066
0.140058
0.140047
0.140033
0.140019
0.14001
0.140008
0.140012
0.140017
0.140022
0.140027
0.140032
0.140037
0.14004
0.140043
0.140045
0.140044
0.14004
0.140033
0.140027
0.14002
0.140014
0.140006
0.139996
0.139986
0.139973
0.13996
0.139945
0.13993
0.139914
0.139902
0.139883
0.139894
0.139857
0.140111
0.140115
0.140117
0.140114
0.14011
0.140107
0.140102
0.1401
0.1401
0.140101
0.140104
0.140107
0.14011
0.140113
0.140117
0.14012
0.140123
0.140127
0.14013
0.140134
0.140139
0.140145
0.140152
0.140159
0.140168
0.140178
0.14019
0.140203
0.140219
0.140237
0.140258
0.140283
0.140312
0.140348
0.140391
0.140449
0.140523
0.14064
0.140794
0.140107
0.1401
0.140093
0.140089
0.140089
0.140083
0.140074
0.140063
0.14005
0.140035
0.140022
0.140017
0.140018
0.140022
0.140027
0.140031
0.140036
0.140039
0.140043
0.140045
0.140047
0.140048
0.140045
0.140039
0.140034
0.140029
0.140023
0.140017
0.140009
0.139999
0.139989
0.139977
0.139964
0.139951
0.139936
0.139926
0.139908
0.139918
0.139886
0.140131
0.140133
0.140133
0.14013
0.140126
0.140122
0.140118
0.140114
0.140111
0.14011
0.140112
0.140114
0.140117
0.14012
0.140122
0.140125
0.140128
0.140131
0.140134
0.140137
0.140141
0.140146
0.140151
0.140158
0.140165
0.140174
0.140185
0.140197
0.140211
0.140227
0.140247
0.14027
0.140297
0.140331
0.140371
0.140424
0.14049
0.140594
0.140727
0.140127
0.14012
0.140111
0.140105
0.140105
0.1401
0.14009
0.140078
0.140065
0.14005
0.140035
0.140027
0.140025
0.140028
0.140031
0.140035
0.140039
0.140042
0.140045
0.140048
0.140049
0.14005
0.140048
0.140044
0.140039
0.140036
0.140031
0.140025
0.140018
0.14001
0.140001
0.13999
0.139979
0.139967
0.139954
0.139943
0.139926
0.139935
0.139907
0.140149
0.140151
0.14015
0.140147
0.140144
0.140141
0.140138
0.140134
0.14013
0.140126
0.140124
0.140124
0.140126
0.140128
0.14013
0.140132
0.140134
0.140136
0.140139
0.140141
0.140144
0.140148
0.140152
0.140158
0.140164
0.140172
0.140181
0.140191
0.140204
0.140218
0.140236
0.140257
0.140282
0.140313
0.140351
0.1404
0.14046
0.140552
0.140667
0.140146
0.14014
0.140128
0.14012
0.14012
0.140115
0.140105
0.140092
0.140078
0.140063
0.140048
0.140036
0.140032
0.140033
0.140036
0.140039
0.140042
0.140044
0.140047
0.140049
0.140051
0.140052
0.14005
0.140047
0.140043
0.14004
0.140036
0.140031
0.140025
0.140018
0.140009
0.14
0.13999
0.139979
0.139967
0.139957
0.13994
0.139948
0.139924
0.140166
0.140167
0.140165
0.140162
0.14016
0.140159
0.140157
0.140154
0.140151
0.140146
0.140141
0.140138
0.140137
0.140138
0.140139
0.14014
0.140142
0.140143
0.140145
0.140147
0.140149
0.140151
0.140155
0.140159
0.140165
0.140171
0.140179
0.140188
0.140199
0.140212
0.140227
0.140245
0.140268
0.140296
0.140331
0.140376
0.140431
0.140514
0.140614
0.140164
0.140158
0.140145
0.140134
0.140135
0.14013
0.140119
0.140104
0.140089
0.140074
0.14006
0.140046
0.140039
0.140038
0.14004
0.140042
0.140044
0.140047
0.140049
0.140051
0.140052
0.140053
0.140052
0.140049
0.140046
0.140043
0.14004
0.140035
0.14003
0.140023
0.140016
0.140008
0.139998
0.139989
0.139977
0.139967
0.139951
0.139957
0.139936
0.140182
0.140181
0.140179
0.140178
0.140177
0.140176
0.140175
0.140174
0.140171
0.140168
0.140163
0.140157
0.140152
0.14015
0.140149
0.14015
0.14015
0.140151
0.140152
0.140153
0.140154
0.140156
0.140159
0.140162
0.140166
0.140172
0.140178
0.140186
0.140195
0.140206
0.14022
0.140236
0.140256
0.140281
0.140312
0.140353
0.140403
0.140479
0.140565
0.140181
0.140175
0.140161
0.140149
0.140149
0.140144
0.140132
0.140116
0.1401
0.140084
0.14007
0.140056
0.140046
0.140043
0.140044
0.140045
0.140047
0.140049
0.140051
0.140052
0.140054
0.140054
0.140053
0.14005
0.140048
0.140045
0.140042
0.140038
0.140033
0.140027
0.14002
0.140013
0.140004
0.139995
0.139985
0.139975
0.13996
0.139964
0.139945
0.140197
0.140195
0.140193
0.140193
0.140194
0.140194
0.140194
0.140193
0.140191
0.140188
0.140184
0.140179
0.140173
0.140167
0.140162
0.14016
0.14016
0.14016
0.14016
0.14016
0.140161
0.140162
0.140164
0.140166
0.140169
0.140173
0.140179
0.140185
0.140193
0.140202
0.140214
0.140228
0.140246
0.140268
0.140295
0.140331
0.140376
0.140445
0.140521
0.140196
0.140192
0.140175
0.140162
0.140163
0.140157
0.140144
0.140127
0.14011
0.140093
0.140079
0.140065
0.140054
0.140049
0.140048
0.140049
0.14005
0.140052
0.140053
0.140054
0.140055
0.140055
0.140054
0.140051
0.140049
0.140046
0.140043
0.140039
0.140035
0.140029
0.140023
0.140016
0.140008
0.14
0.13999
0.139981
0.139966
0.139968
0.139952
0.14021
0.140208
0.140207
0.140209
0.140211
0.140212
0.140212
0.140212
0.14021
0.140207
0.140204
0.1402
0.140195
0.140189
0.140181
0.140175
0.140171
0.140169
0.140168
0.140168
0.140168
0.140168
0.140169
0.140171
0.140173
0.140176
0.14018
0.140185
0.140192
0.1402
0.14021
0.140222
0.140238
0.140257
0.14028
0.140312
0.140351
0.140413
0.14048
0.14021
0.140207
0.14019
0.140175
0.140175
0.140169
0.140155
0.140137
0.140118
0.140101
0.140087
0.140074
0.140061
0.140054
0.140052
0.140052
0.140053
0.140054
0.140055
0.140055
0.140056
0.140056
0.140055
0.140052
0.140049
0.140047
0.140044
0.14004
0.140035
0.14003
0.140024
0.140017
0.14001
0.140002
0.139993
0.139984
0.139971
0.13997
0.139956
0.140222
0.14022
0.14022
0.140225
0.140228
0.140229
0.14023
0.14023
0.140229
0.140227
0.140224
0.14022
0.140215
0.14021
0.140204
0.140197
0.140188
0.140181
0.140178
0.140176
0.140175
0.140175
0.140175
0.140176
0.140178
0.14018
0.140183
0.140187
0.140192
0.140199
0.140207
0.140218
0.140231
0.140247
0.140268
0.140296
0.140329
0.140384
0.140442
0.140222
0.140218
0.140203
0.140186
0.140187
0.14018
0.140165
0.140146
0.140126
0.140109
0.140093
0.140081
0.140069
0.14006
0.140056
0.140055
0.140055
0.140056
0.140056
0.140057
0.140057
0.140057
0.140055
0.140052
0.140049
0.140046
0.140043
0.140039
0.140034
0.140029
0.140023
0.140017
0.14001
0.140003
0.139995
0.139986
0.139974
0.139971
0.139962
0.140233
0.140232
0.140233
0.140241
0.140243
0.140245
0.140247
0.140248
0.140248
0.140247
0.140244
0.140241
0.140237
0.140231
0.140225
0.140219
0.140212
0.140203
0.140193
0.140186
0.140183
0.140182
0.140182
0.140182
0.140183
0.140185
0.140187
0.14019
0.140194
0.140199
0.140206
0.140214
0.140225
0.14024
0.140258
0.140282
0.140311
0.140358
0.140408
0.140229
0.140223
0.140213
0.140198
0.140197
0.14019
0.140174
0.140153
0.140133
0.140115
0.140099
0.140087
0.140075
0.140065
0.14006
0.140058
0.140058
0.140058
0.140058
0.140058
0.140058
0.140057
0.140055
0.140052
0.140048
0.140045
0.140041
0.140037
0.140032
0.140027
0.140022
0.140016
0.14001
0.140003
0.139995
0.139987
0.139976
0.139969
0.139968
0.140238
0.140241
0.140245
0.14025
0.140254
0.140257
0.14026
0.140263
0.140264
0.140265
0.140263
0.14026
0.140257
0.140253
0.140247
0.140241
0.140234
0.140226
0.140217
0.140206
0.140196
0.140191
0.140189
0.140189
0.140189
0.14019
0.140191
0.140193
0.140196
0.1402
0.140205
0.140212
0.140222
0.140234
0.140249
0.14027
0.140295
0.140336
0.140378
0.140233
0.140227
0.140218
0.140207
0.140204
0.140196
0.140181
0.140159
0.140139
0.140121
0.140105
0.140092
0.140081
0.140071
0.140064
0.140061
0.14006
0.14006
0.14006
0.140059
0.140059
0.140058
0.140055
0.140051
0.140047
0.140043
0.140039
0.140034
0.14003
0.140025
0.14002
0.140014
0.140008
0.140002
0.139994
0.139987
0.139977
0.139967
0.139968
0.140242
0.140246
0.14025
0.140255
0.140259
0.140263
0.140267
0.14027
0.140273
0.140275
0.140276
0.140277
0.140276
0.140273
0.140268
0.140263
0.140256
0.140249
0.14024
0.140231
0.14022
0.140208
0.1402
0.140197
0.140196
0.140196
0.140196
0.140197
0.140199
0.140202
0.140206
0.140212
0.140219
0.140229
0.140242
0.14026
0.140281
0.140317
0.140352
0.140237
0.140231
0.140221
0.140211
0.140207
0.140198
0.140184
0.140165
0.140144
0.140126
0.14011
0.140097
0.140086
0.140077
0.140069
0.140065
0.140063
0.140062
0.140061
0.140061
0.14006
0.140058
0.140055
0.14005
0.140046
0.140041
0.140036
0.140032
0.140027
0.140022
0.140017
0.140012
0.140006
0.14
0.139993
0.139986
0.139977
0.139967
0.139967
0.140245
0.14025
0.140254
0.14026
0.140264
0.140269
0.140273
0.140276
0.140279
0.140282
0.140283
0.140285
0.140286
0.140286
0.140286
0.140284
0.140279
0.140272
0.140264
0.140255
0.140245
0.140233
0.14022
0.14021
0.140206
0.140204
0.140203
0.140203
0.140203
0.140205
0.140208
0.140212
0.140218
0.140226
0.140237
0.140251
0.140269
0.140301
0.14033
0.14024
0.140233
0.140224
0.140214
0.140208
0.140199
0.140184
0.140168
0.140148
0.140129
0.140114
0.140101
0.140091
0.140082
0.140075
0.140068
0.140065
0.140064
0.140063
0.140062
0.14006
0.140058
0.140054
0.14005
0.140045
0.14004
0.140035
0.14003
0.140025
0.14002
0.140015
0.140009
0.140004
0.139998
0.139991
0.139985
0.139977
0.139967
0.139967
0.140248
0.140253
0.140258
0.140264
0.140269
0.140274
0.140278
0.140282
0.140285
0.140288
0.140291
0.140292
0.140294
0.140294
0.140295
0.140295
0.140294
0.140293
0.140289
0.140282
0.140272
0.14026
0.140247
0.140233
0.140222
0.140216
0.140212
0.14021
0.140209
0.140209
0.140211
0.140214
0.140218
0.140224
0.140233
0.140245
0.14026
0.140287
0.140311
0.140242
0.140236
0.140226
0.140215
0.14021
0.140199
0.140184
0.140167
0.140151
0.140132
0.140117
0.140105
0.140095
0.140087
0.14008
0.140073
0.140069
0.140066
0.140064
0.140063
0.140061
0.140058
0.140054
0.140049
0.140044
0.140039
0.140034
0.140029
0.140023
0.140018
0.140013
0.140007
0.140001
0.139996
0.139989
0.139983
0.139977
0.139967
0.139967
0.14025
0.140256
0.140261
0.140267
0.140273
0.140278
0.140283
0.140287
0.140291
0.140294
0.140297
0.140299
0.140301
0.140302
0.140303
0.140303
0.140303
0.140302
0.140301
0.1403
0.140297
0.140289
0.140277
0.140263
0.140248
0.140235
0.140226
0.140221
0.140218
0.140216
0.140216
0.140217
0.140219
0.140224
0.14023
0.14024
0.140252
0.140275
0.140294
0.140244
0.140237
0.140227
0.140217
0.14021
0.140199
0.140183
0.140165
0.14015
0.140135
0.14012
0.140108
0.140099
0.140091
0.140085
0.140079
0.140073
0.140069
0.140066
0.140063
0.14006
0.140057
0.140053
0.140049
0.140044
0.140038
0.140033
0.140028
0.140022
0.140016
0.140011
0.140005
0.139999
0.139994
0.139988
0.139982
0.139976
0.139968
0.139968
0.140252
0.140258
0.140264
0.14027
0.140276
0.140281
0.140287
0.140291
0.140295
0.140299
0.140302
0.140305
0.140307
0.140309
0.14031
0.140311
0.140312
0.140312
0.140311
0.14031
0.140308
0.140306
0.140302
0.140292
0.140279
0.140264
0.140249
0.140237
0.14023
0.140226
0.140223
0.140222
0.140222
0.140225
0.140229
0.140237
0.140246
0.140265
0.140281
0.140246
0.140238
0.140228
0.140217
0.14021
0.140198
0.140181
0.140163
0.140147
0.140135
0.140122
0.140112
0.140103
0.140096
0.140089
0.140084
0.140079
0.140074
0.140069
0.140065
0.140061
0.140058
0.140053
0.140049
0.140043
0.140038
0.140032
0.140026
0.140021
0.140015
0.140009
0.140003
0.139998
0.139992
0.139987
0.139982
0.139977
0.139969
0.13997
0.140254
0.14026
0.140266
0.140273
0.140279
0.140285
0.14029
0.140295
0.1403
0.140304
0.140307
0.14031
0.140313
0.140315
0.140317
0.140318
0.140319
0.14032
0.14032
0.140319
0.140318
0.140317
0.140314
0.140311
0.140305
0.140293
0.140278
0.140262
0.140248
0.140239
0.140233
0.14023
0.140228
0.140228
0.14023
0.140235
0.140242
0.140257
0.140269
0.140247
0.140239
0.140228
0.140217
0.14021
0.140196
0.140178
0.14016
0.140145
0.140133
0.140123
0.140114
0.140107
0.1401
0.140094
0.140088
0.140083
0.140078
0.140073
0.140068
0.140064
0.140059
0.140054
0.140049
0.140043
0.140037
0.140031
0.140025
0.140019
0.140013
0.140007
0.140002
0.139997
0.139992
0.139988
0.139984
0.13998
0.139973
0.139974
0.140255
0.140261
0.140268
0.140275
0.140281
0.140287
0.140293
0.140299
0.140303
0.140308
0.140311
0.140315
0.140318
0.14032
0.140322
0.140324
0.140326
0.140327
0.140327
0.140328
0.140327
0.140326
0.140324
0.140322
0.140319
0.140315
0.140307
0.140293
0.140276
0.14026
0.140247
0.14024
0.140236
0.140234
0.140233
0.140236
0.14024
0.140252
0.14026
0.140248
0.14024
0.140228
0.140217
0.140209
0.140194
0.140175
0.140157
0.140141
0.14013
0.140121
0.140115
0.140109
0.140103
0.140097
0.140091
0.140086
0.140081
0.140076
0.140071
0.140066
0.14006
0.140054
0.140048
0.140041
0.140035
0.140028
0.140022
0.140016
0.14001
0.140006
0.140001
0.139998
0.139995
0.139992
0.139989
0.139987
0.139982
0.139984
0.140255
0.140262
0.140269
0.140276
0.140283
0.14029
0.140296
0.140301
0.140306
0.140311
0.140315
0.140319
0.140322
0.140325
0.140327
0.14033
0.140331
0.140333
0.140334
0.140335
0.140335
0.140335
0.140334
0.140332
0.14033
0.140327
0.140324
0.140318
0.140307
0.14029
0.140272
0.140257
0.140247
0.140242
0.140239
0.140238
0.14024
0.140248
0.140253
0.140248
0.14024
0.140228
0.140217
0.140207
0.140191
0.140171
0.140153
0.140138
0.140127
0.140118
0.140112
0.140107
0.140103
0.140098
0.140092
0.140087
0.140081
0.140076
0.140071
0.140065
0.140058
0.140052
0.140044
0.140037
0.14003
0.140024
0.140018
0.140014
0.14001
0.140007
0.140004
0.140003
0.140002
0.140001
0.14
0.139999
0.139997
0.140001
0.140255
0.140262
0.14027
0.140278
0.140284
0.140291
0.140298
0.140304
0.140309
0.140314
0.140318
0.140322
0.140326
0.140329
0.140332
0.140334
0.140336
0.140338
0.14034
0.140341
0.140342
0.140342
0.140342
0.140341
0.140339
0.140337
0.140334
0.140332
0.140327
0.140319
0.140305
0.140286
0.140267
0.140254
0.140247
0.140244
0.140242
0.140247
0.140246
0.140248
0.140239
0.140228
0.140215
0.140205
0.140188
0.140167
0.140148
0.140134
0.140123
0.140115
0.140109
0.140104
0.140099
0.140095
0.140091
0.140085
0.140079
0.140073
0.140067
0.14006
0.140053
0.140045
0.140038
0.140031
0.140025
0.140021
0.140017
0.140015
0.140013
0.140013
0.140013
0.140014
0.140015
0.140016
0.140017
0.140017
0.14002
0.140023
0.140255
0.140263
0.14027
0.140278
0.140285
0.140293
0.140299
0.140305
0.140311
0.140316
0.140321
0.140325
0.140328
0.140332
0.140335
0.140338
0.140341
0.140343
0.140345
0.140347
0.140348
0.140349
0.140349
0.140348
0.140347
0.140346
0.140344
0.140341
0.140339
0.140335
0.140329
0.140317
0.1403
0.140279
0.140262
0.140253
0.140248
0.140249
0.140244
0.140247
0.140238
0.140227
0.140214
0.140203
0.140185
0.140163
0.140144
0.14013
0.14012
0.140112
0.140106
0.1401
0.140095
0.14009
0.140086
0.14008
0.140073
0.140066
0.140058
0.140051
0.140043
0.140037
0.140031
0.140027
0.140023
0.140022
0.140021
0.140022
0.140023
0.140026
0.140029
0.140032
0.140035
0.140037
0.14004
0.14004
0.140044
0.140046
0.140255
0.140262
0.14027
0.140279
0.140286
0.140293
0.1403
0.140306
0.140312
0.140317
0.140322
0.140326
0.14033
0.140334
0.140338
0.140341
0.140344
0.140346
0.140349
0.140351
0.140353
0.140354
0.140355
0.140355
0.140355
0.140354
0.140352
0.140351
0.140348
0.140346
0.140343
0.140338
0.140328
0.140313
0.140292
0.140272
0.140256
0.140253
0.140249
0.140247
0.140237
0.140225
0.140212
0.140201
0.140181
0.140158
0.140139
0.140126
0.140116
0.140108
0.140101
0.140095
0.140089
0.140083
0.140078
0.140071
0.140062
0.140054
0.140047
0.14004
0.140035
0.140031
0.140029
0.140027
0.140027
0.140029
0.140032
0.140035
0.140038
0.140041
0.140044
0.140047
0.14005
0.140053
0.140056
0.140058
0.140063
0.14006
0.140254
0.140262
0.14027
0.140279
0.140286
0.140294
0.140301
0.140307
0.140313
0.140318
0.140323
0.140327
0.140332
0.140335
0.140339
0.140343
0.140346
0.140349
0.140352
0.140355
0.140357
0.140359
0.14036
0.140361
0.140361
0.140361
0.14036
0.140359
0.140357
0.140355
0.140353
0.14035
0.140346
0.140338
0.140324
0.140304
0.140281
0.140267
0.140257
0.140245
0.140236
0.140223
0.14021
0.140197
0.140177
0.140153
0.140134
0.140121
0.140111
0.140102
0.140095
0.140088
0.140081
0.140074
0.140067
0.140058
0.140049
0.140042
0.140036
0.140033
0.140032
0.140032
0.140033
0.140035
0.140038
0.140041
0.140044
0.140047
0.14005
0.140054
0.140057
0.140061
0.140064
0.140067
0.140071
0.140074
0.140079
0.140076
0.140252
0.140261
0.140269
0.140278
0.140286
0.140293
0.1403
0.140307
0.140312
0.140318
0.140323
0.140327
0.140332
0.140336
0.140339
0.140343
0.140347
0.14035
0.140354
0.140357
0.140359
0.140362
0.140364
0.140365
0.140366
0.140366
0.140366
0.140366
0.140365
0.140364
0.140362
0.140359
0.140357
0.140353
0.140347
0.140335
0.140315
0.140291
0.140274
0.140244
0.140234
0.140221
0.140207
0.140194
0.140172
0.140148
0.140129
0.140116
0.140106
0.140096
0.140087
0.140079
0.140071
0.140062
0.140053
0.140044
0.140037
0.140034
0.140034
0.140034
0.140036
0.140038
0.14004
0.140044
0.140047
0.140051
0.140055
0.140059
0.140063
0.140067
0.140071
0.140075
0.140079
0.140083
0.140087
0.14009
0.140095
0.140096
0.140251
0.140259
0.140268
0.140277
0.140285
0.140292
0.140299
0.140305
0.140311
0.140317
0.140322
0.140326
0.140331
0.140335
0.140339
0.140343
0.140346
0.14035
0.140354
0.140357
0.140361
0.140364
0.140366
0.140368
0.14037
0.140371
0.140371
0.140372
0.140372
0.140371
0.14037
0.140368
0.140366
0.140364
0.140361
0.140355
0.140344
0.140323
0.140301
0.140242
0.140232
0.140219
0.140204
0.14019
0.140167
0.140142
0.140124
0.140111
0.1401
0.140089
0.140078
0.140069
0.140059
0.140049
0.14004
0.140035
0.140034
0.140035
0.140037
0.14004
0.140043
0.140046
0.14005
0.140054
0.140059
0.140063
0.140068
0.140072
0.140077
0.140081
0.140086
0.14009
0.140094
0.140099
0.140103
0.140107
0.140112
0.140114
0.140248
0.140257
0.140266
0.140275
0.140283
0.14029
0.140297
0.140303
0.140309
0.140314
0.140319
0.140324
0.140328
0.140332
0.140337
0.140341
0.140345
0.140349
0.140353
0.140357
0.140361
0.140364
0.140367
0.14037
0.140372
0.140374
0.140375
0.140376
0.140377
0.140377
0.140377
0.140376
0.140375
0.140373
0.14037
0.140368
0.140363
0.140351
0.140332
0.140239
0.140229
0.140216
0.140201
0.140186
0.140161
0.140137
0.140119
0.140105
0.140093
0.14008
0.140068
0.140057
0.140047
0.140039
0.140036
0.140037
0.140039
0.140042
0.140046
0.140049
0.140053
0.140058
0.140062
0.140067
0.140073
0.140078
0.140083
0.140088
0.140093
0.140097
0.140102
0.140107
0.140112
0.140116
0.140121
0.140126
0.140131
0.140134
0.140246
0.140254
0.140263
0.140272
0.14028
0.140288
0.140294
0.1403
0.140306
0.140311
0.140316
0.14032
0.140324
0.140329
0.140333
0.140337
0.140341
0.140346
0.14035
0.140355
0.140359
0.140363
0.140367
0.14037
0.140372
0.140375
0.140377
0.140379
0.14038
0.140381
0.140382
0.140382
0.140382
0.140381
0.140379
0.140377
0.140375
0.140369
0.140359
0.140236
0.140226
0.140212
0.140197
0.140181
0.140155
0.140131
0.140113
0.140098
0.140084
0.14007
0.140058
0.140047
0.140039
0.140038
0.140041
0.140045
0.140049
0.140053
0.140057
0.140062
0.140066
0.140071
0.140077
0.140082
0.140088
0.140094
0.1401
0.140105
0.140111
0.140116
0.140121
0.140127
0.140132
0.140137
0.140143
0.140148
0.140154
0.140157
0.140243
0.140251
0.14026
0.140269
0.140277
0.140284
0.140291
0.140296
0.140302
0.140306
0.140311
0.140315
0.140319
0.140324
0.140328
0.140332
0.140337
0.140341
0.140346
0.140351
0.140355
0.14036
0.140364
0.140368
0.140371
0.140374
0.140377
0.140379
0.140382
0.140384
0.140385
0.140386
0.140387
0.140387
0.140387
0.140386
0.140384
0.140381
0.140377
0.140233
0.140222
0.140208
0.140193
0.140176
0.140149
0.140125
0.140107
0.140091
0.140075
0.14006
0.140048
0.14004
0.140041
0.140045
0.14005
0.140056
0.140061
0.140066
0.140071
0.140076
0.140081
0.140087
0.140093
0.1401
0.140106
0.140113
0.140119
0.140126
0.140132
0.140138
0.140144
0.14015
0.140156
0.140162
0.140168
0.140174
0.140181
0.140185
0.140239
0.140248
0.140257
0.140266
0.140273
0.14028
0.140286
0.140291
0.140296
0.1403
0.140304
0.140309
0.140313
0.140317
0.140321
0.140325
0.14033
0.140335
0.14034
0.140345
0.14035
0.140355
0.14036
0.140365
0.140368
0.140372
0.140375
0.140378
0.140381
0.140384
0.140387
0.140389
0.140391
0.140392
0.140393
0.140393
0.140392
0.14039
0.140389
0.140229
0.140218
0.140204
0.140189
0.14017
0.140143
0.140118
0.1401
0.140083
0.140066
0.140051
0.140042
0.140043
0.140049
0.140055
0.140062
0.140069
0.140075
0.140081
0.140087
0.140092
0.140099
0.140105
0.140112
0.14012
0.140128
0.140135
0.140143
0.14015
0.140158
0.140165
0.140172
0.140178
0.140185
0.140192
0.140199
0.140205
0.140213
0.140217
0.140235
0.140243
0.140252
0.140261
0.140268
0.140274
0.14028
0.140285
0.140289
0.140293
0.140297
0.1403
0.140304
0.140308
0.140313
0.140317
0.140322
0.140327
0.140332
0.140338
0.140343
0.140349
0.140354
0.140359
0.140364
0.140368
0.140372
0.140376
0.140379
0.140383
0.140386
0.140389
0.140392
0.140394
0.140396
0.140398
0.140399
0.140398
0.140398
0.140225
0.140214
0.1402
0.140184
0.140165
0.140136
0.140112
0.140093
0.140074
0.140056
0.140045
0.140044
0.14005
0.140059
0.140068
0.140076
0.140084
0.140091
0.140098
0.140105
0.140112
0.140119
0.140127
0.140135
0.140144
0.140153
0.140162
0.140171
0.140179
0.140187
0.140195
0.140203
0.140211
0.140218
0.140226
0.140233
0.14024
0.140249
0.140254
0.14023
0.140239
0.140247
0.140255
0.140262
0.140268
0.140273
0.140277
0.140281
0.140284
0.140287
0.140291
0.140294
0.140298
0.140302
0.140307
0.140311
0.140316
0.140322
0.140328
0.140334
0.14034
0.140346
0.140351
0.140356
0.140361
0.140366
0.140371
0.140375
0.14038
0.140384
0.140388
0.140391
0.140395
0.140398
0.1404
0.140403
0.140404
0.140405
0.14022
0.140209
0.140195
0.140178
0.140158
0.140129
0.140105
0.140085
0.140064
0.140048
0.140043
0.14005
0.14006
0.140071
0.140082
0.140092
0.140102
0.140111
0.140119
0.140127
0.140135
0.140143
0.140153
0.140162
0.140173
0.140183
0.140193
0.140202
0.140211
0.14022
0.140229
0.140237
0.140245
0.140253
0.140261
0.140269
0.140276
0.140285
0.140291
0.140224
0.140233
0.140241
0.140249
0.140255
0.14026
0.140264
0.140268
0.140271
0.140273
0.140276
0.140279
0.140282
0.140286
0.14029
0.140294
0.140298
0.140303
0.140308
0.140314
0.14032
0.140327
0.140334
0.14034
0.140346
0.140351
0.140357
0.140362
0.140368
0.140373
0.140378
0.140383
0.140388
0.140393
0.140397
0.140401
0.140405
0.140407
0.14041
0.140215
0.140204
0.140189
0.140173
0.140152
0.140122
0.140098
0.140076
0.140055
0.140044
0.140047
0.140059
0.140073
0.140087
0.1401
0.140112
0.140124
0.140134
0.140144
0.140153
0.140162
0.140172
0.140182
0.140193
0.140204
0.140215
0.140225
0.140235
0.140245
0.140254
0.140263
0.140271
0.140279
0.140287
0.140295
0.140303
0.140311
0.14032
0.140326
0.140218
0.140227
0.140235
0.140242
0.140247
0.140251
0.140255
0.140257
0.140259
0.140261
0.140263
0.140266
0.140268
0.140271
0.140274
0.140277
0.140281
0.140286
0.140291
0.140297
0.140303
0.14031
0.140317
0.140324
0.14033
0.140337
0.140343
0.140349
0.140356
0.140363
0.140369
0.140375
0.140381
0.140387
0.140393
0.140398
0.140404
0.140408
0.140413
0.140209
0.140198
0.140183
0.140166
0.140145
0.140115
0.140091
0.140067
0.140047
0.140044
0.140054
0.14007
0.140088
0.140106
0.140122
0.140136
0.140149
0.140161
0.140172
0.140182
0.140192
0.140202
0.140213
0.140224
0.140235
0.140246
0.140257
0.140267
0.140276
0.140285
0.140294
0.140302
0.14031
0.140318
0.140326
0.140333
0.140341
0.14035
0.140356
0.140211
0.140219
0.140227
0.140233
0.140238
0.140241
0.140244
0.140245
0.140246
0.140248
0.140249
0.14025
0.140252
0.140253
0.140256
0.140258
0.140262
0.140266
0.140271
0.140276
0.140283
0.14029
0.140297
0.140304
0.140311
0.140317
0.140324
0.140332
0.140339
0.140347
0.140354
0.140362
0.140369
0.140377
0.140384
0.140391
0.140399
0.140405
0.140412
0.140202
0.140191
0.140177
0.14016
0.140137
0.140107
0.140083
0.140057
0.140042
0.140047
0.140064
0.140085
0.140107
0.140128
0.140146
0.140163
0.140177
0.14019
0.140201
0.140212
0.140222
0.140232
0.140243
0.140254
0.140265
0.140276
0.140286
0.140295
0.140304
0.140313
0.140321
0.140329
0.140337
0.140344
0.140352
0.140359
0.140366
0.140375
0.140382
0.140204
0.140211
0.140218
0.140224
0.140228
0.14023
0.140231
0.140232
0.140232
0.140232
0.140232
0.140232
0.140233
0.140234
0.140235
0.140238
0.140241
0.140245
0.140249
0.140255
0.140261
0.140268
0.140275
0.140282
0.140289
0.140296
0.140303
0.140311
0.140318
0.140326
0.140334
0.140343
0.140351
0.14036
0.140369
0.140378
0.140387
0.140397
0.140406
0.140195
0.140184
0.14017
0.140153
0.14013
0.140099
0.140074
0.140049
0.140041
0.140054
0.140077
0.140104
0.140129
0.140153
0.140173
0.14019
0.140205
0.140218
0.140229
0.14024
0.14025
0.14026
0.14027
0.14028
0.140291
0.140301
0.140311
0.14032
0.140328
0.140337
0.140345
0.140352
0.14036
0.140368
0.140375
0.140383
0.14039
0.140399
0.140406
0.140195
0.140202
0.140209
0.140213
0.140216
0.140217
0.140217
0.140216
0.140216
0.140215
0.140214
0.140213
0.140212
0.140213
0.140214
0.140216
0.140219
0.140223
0.140227
0.140233
0.140239
0.140246
0.140253
0.14026
0.140267
0.140274
0.140282
0.140289
0.140297
0.140305
0.140314
0.140322
0.140331
0.14034
0.14035
0.14036
0.140371
0.140382
0.140394
0.140187
0.140176
0.140162
0.140145
0.140122
0.140092
0.140065
0.140042
0.140043
0.140063
0.140093
0.140124
0.140154
0.140179
0.1402
0.140217
0.140232
0.140244
0.140255
0.140265
0.140274
0.140283
0.140293
0.140303
0.140313
0.140323
0.140333
0.140342
0.140351
0.14036
0.140369
0.140377
0.140385
0.140394
0.140402
0.14041
0.140419
0.140429
0.140436
0.140187
0.140194
0.1402
0.140203
0.140205
0.140204
0.140203
0.1402
0.140198
0.140194
0.140192
0.140191
0.14019
0.140191
0.140192
0.140194
0.140197
0.140201
0.140206
0.140212
0.140218
0.140225
0.140233
0.14024
0.140248
0.140255
0.140263
0.14027
0.140279
0.140287
0.140295
0.140304
0.140313
0.140323
0.140332
0.140343
0.140354
0.140366
0.140379
0.140179
0.140169
0.140155
0.140138
0.140114
0.140084
0.140055
0.140037
0.140047
0.140076
0.140111
0.140146
0.140176
0.140202
0.140222
0.140239
0.140253
0.140264
0.140274
0.140284
0.140293
0.140301
0.140311
0.140321
0.140332
0.140342
0.140353
0.140363
0.140374
0.140384
0.140394
0.140404
0.140414
0.140424
0.140434
0.140445
0.140455
0.140467
0.140476
0.14018
0.140187
0.140191
0.140194
0.140194
0.140191
0.140188
0.140183
0.140179
0.140169
0.140166
0.140165
0.140166
0.140167
0.140169
0.140171
0.140174
0.140179
0.140184
0.140189
0.140196
0.140204
0.140212
0.14022
0.140228
0.140236
0.140244
0.140252
0.14026
0.140269
0.140278
0.140287
0.140296
0.140305
0.140315
0.140326
0.140337
0.14035
0.140364
0.140173
0.140163
0.140149
0.140131
0.140107
0.140076
0.140045
0.140036
0.140056
0.140091
0.14013
0.140166
0.140196
0.14022
0.14024
0.140255
0.140268
0.140279
0.140289
0.140298
0.140307
0.140317
0.140327
0.140338
0.14035
0.140362
0.140374
0.140387
0.140399
0.140411
0.140424
0.140436
0.140448
0.14046
0.140472
0.140484
0.140497
0.140511
0.140522
0.140173
0.140178
0.140182
0.140183
0.140181
0.140177
0.140172
0.140164
0.140158
0.140142
0.140137
0.140137
0.140138
0.14014
0.140142
0.140145
0.140149
0.140153
0.140158
0.140164
0.140171
0.140179
0.140188
0.140196
0.140204
0.140212
0.14022
0.140229
0.140238
0.140247
0.140256
0.140266
0.140275
0.140285
0.140295
0.140306
0.140318
0.14033
0.140344
0.140165
0.140156
0.140142
0.140124
0.1401
0.140068
0.140035
0.140038
0.140067
0.140109
0.140151
0.140186
0.140215
0.140237
0.140255
0.14027
0.140283
0.140294
0.140305
0.140315
0.140325
0.140335
0.140347
0.14036
0.140374
0.140389
0.140403
0.140418
0.140432
0.140447
0.140461
0.140475
0.140489
0.140502
0.140516
0.14053
0.140544
0.14056
0.140573
0.140164
0.140169
0.140171
0.140171
0.140168
0.140162
0.140154
0.140143
0.140134
0.140112
0.140106
0.140107
0.140108
0.140111
0.140114
0.140118
0.140122
0.140126
0.140132
0.140138
0.140145
0.140153
0.140161
0.140169
0.140177
0.140185
0.140194
0.140203
0.140212
0.140221
0.140231
0.140241
0.14025
0.140261
0.140271
0.140282
0.140294
0.140307
0.140321
0.140157
0.140148
0.140134
0.140116
0.140092
0.140059
0.140026
0.140043
0.140081
0.140129
0.140171
0.140205
0.140232
0.140253
0.140271
0.140287
0.1403
0.140313
0.140325
0.140336
0.140348
0.14036
0.140374
0.140389
0.140406
0.140423
0.140439
0.140456
0.140472
0.140487
0.140502
0.140516
0.14053
0.140544
0.140557
0.140571
0.140584
0.140599
0.140613
0.140154
0.140158
0.140159
0.140157
0.140152
0.140145
0.140135
0.140121
0.140109
0.140082
0.140076
0.140077
0.140079
0.140082
0.140086
0.140089
0.140093
0.140098
0.140104
0.14011
0.140117
0.140124
0.140132
0.14014
0.140148
0.140156
0.140165
0.140173
0.140183
0.140192
0.140201
0.140211
0.140222
0.140232
0.140243
0.140254
0.140267
0.14028
0.140294
0.140147
0.140139
0.140126
0.140108
0.140083
0.14005
0.140019
0.14005
0.140097
0.140148
0.140189
0.140221
0.140247
0.140269
0.140289
0.140306
0.140322
0.140337
0.140351
0.140365
0.140378
0.140392
0.140407
0.140424
0.140441
0.140458
0.140474
0.140489
0.140504
0.140517
0.140529
0.140541
0.140551
0.140561
0.140571
0.14058
0.14059
0.140599
0.140609
0.140142
0.140145
0.140146
0.140142
0.140136
0.140126
0.140114
0.140098
0.140082
0.140055
0.140049
0.14005
0.140052
0.140055
0.140058
0.140062
0.140066
0.14007
0.140076
0.140081
0.140088
0.140095
0.140103
0.14011
0.140118
0.140125
0.140133
0.140141
0.14015
0.140159
0.140168
0.140178
0.140188
0.140199
0.140209
0.140221
0.140234
0.140247
0.140262
0.140137
0.140129
0.140116
0.140098
0.140075
0.140041
0.140013
0.140059
0.140113
0.140164
0.140204
0.140236
0.140264
0.140289
0.140311
0.140332
0.14035
0.140367
0.140382
0.140396
0.140409
0.140423
0.140437
0.140451
0.140465
0.140478
0.140489
0.140498
0.140506
0.140512
0.140517
0.140522
0.140525
0.140528
0.14053
0.140531
0.140533
0.140533
0.140536
0.140129
0.140132
0.140131
0.140126
0.140118
0.140107
0.140093
0.140075
0.140055
0.140034
0.140029
0.140029
0.140031
0.140033
0.140035
0.140037
0.14004
0.140044
0.140048
0.140053
0.140059
0.140065
0.140072
0.140079
0.140086
0.140093
0.1401
0.140108
0.140117
0.140125
0.140134
0.140143
0.140153
0.140163
0.140173
0.140185
0.140197
0.140211
0.140226
0.140125
0.140117
0.140105
0.140088
0.140065
0.140032
0.140011
0.140068
0.140126
0.140177
0.140217
0.140252
0.140284
0.140312
0.140337
0.140359
0.140377
0.140392
0.140404
0.140415
0.140425
0.140434
0.140441
0.140448
0.140453
0.140456
0.140457
0.140457
0.140455
0.140452
0.140449
0.140445
0.140441
0.140436
0.140432
0.140428
0.140424
0.14042
0.140419
0.140115
0.140116
0.140114
0.140108
0.140099
0.140087
0.140071
0.140052
0.140032
0.140024
0.140023
0.140024
0.140025
0.140026
0.140026
0.140027
0.140027
0.140027
0.140028
0.14003
0.140033
0.140036
0.140041
0.140046
0.140052
0.140058
0.140064
0.140071
0.140079
0.140086
0.140094
0.140103
0.140112
0.140121
0.140131
0.140141
0.140153
0.140166
0.14018
0.140111
0.140104
0.140093
0.140077
0.140055
0.140023
0.140013
0.140076
0.140134
0.140187
0.14023
0.14027
0.140305
0.140333
0.140355
0.140371
0.140382
0.14039
0.140395
0.140398
0.140399
0.140399
0.140397
0.140393
0.140388
0.140382
0.140375
0.140368
0.140362
0.140357
0.140353
0.140351
0.14035
0.140352
0.140356
0.140362
0.14037
0.140383
0.140397
0.140099
0.140099
0.140096
0.140089
0.140079
0.140067
0.14005
0.140032
0.140015
0.140022
0.140027
0.140031
0.140035
0.140037
0.140038
0.140039
0.140039
0.140038
0.140037
0.140035
0.140034
0.140033
0.140032
0.140032
0.140033
0.140035
0.140037
0.140041
0.140046
0.140051
0.140057
0.140064
0.140071
0.140079
0.140088
0.140098
0.140109
0.140122
0.140136
0.140096
0.14009
0.14008
0.140065
0.140045
0.140015
0.140018
0.14008
0.140137
0.140195
0.140243
0.140283
0.140311
0.140329
0.140338
0.140341
0.140341
0.140338
0.140333
0.140329
0.140323
0.140317
0.140311
0.140305
0.140301
0.1403
0.140302
0.140308
0.140317
0.14033
0.140348
0.140371
0.140398
0.140428
0.140462
0.140501
0.140544
0.140595
0.140643
0.140081
0.14008
0.140076
0.140069
0.14006
0.140047
0.140031
0.140015
0.140007
0.140026
0.140036
0.140043
0.140049
0.140053
0.140056
0.140058
0.140059
0.14006
0.140059
0.140057
0.140055
0.140052
0.140049
0.140046
0.140043
0.140041
0.140039
0.140037
0.140037
0.140037
0.140038
0.140039
0.140042
0.140046
0.14005
0.140055
0.140062
0.14007
0.140081
0.140078
0.140074
0.140065
0.140053
0.140035
0.140009
0.140021
0.140077
0.140137
0.140199
0.140244
0.140269
0.140277
0.140276
0.14027
0.140262
0.140256
0.140251
0.140249
0.140249
0.140252
0.140257
0.140265
0.140281
0.140306
0.140337
0.140374
0.140415
0.140459
0.140505
0.140552
0.140599
0.140647
0.140694
0.140741
0.140789
0.140838
0.140891
0.140939
0.14006
0.140059
0.140056
0.140049
0.14004
0.140029
0.140015
0.140006
0.14001
0.140028
0.14004
0.140051
0.140061
0.140069
0.140075
0.14008
0.140084
0.140087
0.140089
0.14009
0.14009
0.140088
0.140086
0.140083
0.140079
0.140075
0.14007
0.140065
0.140059
0.140056
0.140052
0.140048
0.140046
0.140044
0.140044
0.140044
0.140045
0.140047
0.140052
0.140059
0.140056
0.140049
0.140039
0.140024
0.140004
0.140022
0.140066
0.14013
0.140184
0.140205
0.140203
0.140194
0.140189
0.14019
0.140196
0.14021
0.140229
0.140253
0.140279
0.140309
0.140343
0.140383
0.140429
0.14048
0.140531
0.140581
0.140628
0.140672
0.140713
0.14075
0.140784
0.140815
0.140844
0.140869
0.140893
0.140914
0.140934
0.140951
0.140038
0.140037
0.140034
0.140029
0.140022
0.140014
0.140005
0.140004
0.140012
0.140022
0.140035
0.140049
0.140062
0.140073
0.14008
0.140086
0.14009
0.140093
0.140096
0.140098
0.1401
0.140103
0.140105
0.140107
0.140109
0.140111
0.140113
0.140116
0.140118
0.140119
0.14012
0.140122
0.140125
0.140127
0.14013
0.140132
0.140135
0.14014
0.140145
0.140037
0.140035
0.140031
0.140024
0.140014
0.140002
0.140018
0.140046
0.140104
0.140122
0.140118
0.14011
0.140127
0.140162
0.140206
0.140251
0.140294
0.140333
0.14037
0.140404
0.140436
0.140468
0.1405
0.140531
0.140561
0.140586
0.140606
0.140622
0.140634
0.140642
0.140648
0.140651
0.140651
0.14065
0.140646
0.14064
0.140632
0.14062
0.140607
0.140013
0.140012
0.140011
0.140009
0.140007
0.140003
0.14
0.140003
0.140007
0.140008
0.14002
0.14004
0.140065
0.140088
0.14011
0.14013
0.140147
0.140162
0.140174
0.140185
0.140193
0.140199
0.140203
0.140206
0.140208
0.140208
0.140207
0.140205
0.140202
0.140199
0.140195
0.140191
0.140188
0.140187
0.140187
0.140188
0.14019
0.140193
0.140194
0.140013
0.140012
0.140011
0.140008
0.140004
0.140001
0.140008
0.140016
0.140041
0.140023
0.140042
0.140081
0.140124
0.140162
0.140194
0.14022
0.14024
0.140255
0.140266
0.140273
0.140278
0.14028
0.14028
0.140277
0.140272
0.140265
0.140259
0.140251
0.140244
0.140236
0.140228
0.140219
0.14021
0.140201
0.140191
0.140181
0.140169
0.140158
0.140149
0.313885
0.62828
0.911767
1.11384
1.24022
1.31104
1.35429
1.40865
1.44622
1.44452
1.39324
1.2903
1.13967
0.951091
0.741342
0.536251
0.366182
0.249502
0.182124
0.149465
0.137866
0.136507
0.138366
0.140243
0.141334
0.141759
0.141794
0.141647
0.141454
0.141282
0.141149
0.141046
0.140956
0.140872
0.140795
0.140725
0.140664
0.140609
0.140558
0.140511
0.140469
0.140431
0.140398
0.14037
0.140346
0.140324
0.140306
0.140291
0.140278
0.140268
0.140259
0.140252
0.140252
0.140258
0.14027
0.140292
0.140321
0.140349
0.14037
0.140386
0.140396
0.140405
0.140411
0.140415
0.140415
0.140411
0.1404
0.140387
0.140371
0.140352
0.140329
0.140303
0.14027
0.140234
0.140189
0.140144
0.140088
0.140055
0.140147
0.140195
0.126532
0.0855974
0.0825194
0.0832639
0.0899278
0.0988448
0.107158
0.114001
0.119419
0.123639
0.126908
0.129448
0.131433
0.132999
0.134244
0.135242
0.136051
0.136712
0.137263
0.137732
0.138141
0.138503
0.138815
0.139077
0.139289
0.139455
0.139583
0.13968
0.139754
0.139811
0.139854
0.139886
0.139911
0.139929
0.139943
0.139953
0.13996
0.139965
0.139969
0.139973
0.139978
0.139979
0.139977
0.139976
0.139974
0.139975
0.139977
0.139983
0.139994
0.140012
0.140033
0.140052
0.140066
0.140083
0.140103
0.140121
0.140141
0.140165
0.140194
0.140227
0.140264
0.140301
0.140335
0.140365
0.14039
0.140414
0.140446
0.140488
0.140536
0.140587
0.140624
0.140614
0.140531
0.140415
0.140414
0.140684
0.140972
0.140959
0.140596
0.140144
0.232811
0.515483
0.821808
1.08094
1.27785
1.41345
1.49314
1.52638
1.52815
1.5246
1.50639
1.45001
1.34164
1.17746
0.964274
0.722799
0.490225
0.311488
0.207577
0.160057
0.141382
0.136198
0.13719
0.139794
0.141609
0.142218
0.142143
0.141897
0.141682
0.141509
0.141356
0.14122
0.141102
0.141001
0.140911
0.140828
0.140754
0.140687
0.140627
0.140572
0.140523
0.140478
0.140439
0.140405
0.140376
0.140351
0.140329
0.14031
0.140294
0.140281
0.14027
0.140261
0.140257
0.140259
0.140268
0.140285
0.14031
0.140341
0.140365
0.140383
0.140395
0.140404
0.140411
0.140416
0.140418
0.140414
0.140404
0.140392
0.140377
0.140358
0.140335
0.140308
0.140276
0.14024
0.140195
0.14015
0.140093
0.140057
0.140149
0.140197
0.0935081
0.0876352
0.0933114
0.0990455
0.10592
0.112204
0.117489
0.121782
0.125203
0.127925
0.130092
0.131825
0.133221
0.134352
0.135277
0.136042
0.136683
0.137231
0.137708
0.138129
0.1385
0.138818
0.139083
0.139295
0.139461
0.139588
0.139686
0.13976
0.139818
0.139862
0.139895
0.139921
0.13994
0.139954
0.139964
0.139972
0.139977
0.13998
0.139982
0.139984
0.139987
0.139987
0.139985
0.139982
0.13998
0.13998
0.139983
0.139991
0.140004
0.140022
0.140041
0.140058
0.140072
0.14009
0.14011
0.140128
0.140149
0.140173
0.140202
0.140236
0.140273
0.14031
0.140344
0.140372
0.140397
0.140421
0.140455
0.140499
0.140549
0.140599
0.140633
0.140615
0.140526
0.140411
0.140431
0.140717
0.140996
0.140961
0.140585
0.140141
0.144782
0.346484
0.640462
0.939586
1.20409
1.41928
1.57855
1.67922
1.7231
1.71705
1.6732
1.6153
1.53694
1.41876
1.24757
1.02173
0.757094
0.493985
0.290618
0.182205
0.146727
0.139987
0.138669
0.138664
0.140054
0.141753
0.14262
0.14256
0.142122
0.14175
0.14154
0.141409
0.141285
0.141158
0.14104
0.14094
0.140854
0.140776
0.140705
0.14064
0.140582
0.14053
0.140484
0.140444
0.140409
0.140379
0.140353
0.140331
0.140312
0.140295
0.140282
0.14027
0.140263
0.140261
0.140266
0.14028
0.1403
0.140332
0.140359
0.140379
0.140394
0.140404
0.140412
0.140417
0.14042
0.140417
0.140409
0.140397
0.140382
0.140364
0.140341
0.140314
0.140282
0.140246
0.140202
0.140155
0.140098
0.14006
0.140151
0.1402
0.0919655
0.102389
0.108057
0.113288
0.117989
0.121804
0.12493
0.127484
0.129565
0.131269
0.132668
0.133823
0.134783
0.13559
0.136274
0.136865
0.137381
0.137839
0.138245
0.1386
0.138902
0.139151
0.139349
0.139504
0.139622
0.139713
0.139783
0.139836
0.139878
0.13991
0.139935
0.139954
0.139968
0.139978
0.139985
0.13999
0.139992
0.139994
0.139994
0.139995
0.139996
0.139994
0.139991
0.139988
0.139985
0.139986
0.13999
0.139999
0.140013
0.140031
0.140048
0.140064
0.14008
0.140098
0.140117
0.140135
0.140156
0.140182
0.140212
0.140246
0.140283
0.14032
0.140353
0.14038
0.140404
0.140429
0.140465
0.140511
0.140562
0.140612
0.140641
0.140615
0.140519
0.140409
0.140451
0.140753
0.14102
0.140962
0.140574
0.140137
0.117144
0.253444
0.519311
0.830809
1.13472
1.40775
1.63756
1.8159
1.93701
1.99766
1.99859
1.94581
1.8504
1.7364
1.59285
1.40419
1.16161
0.872025
0.569625
0.317453
0.17233
0.130171
0.135198
0.143178
0.143674
0.141721
0.141252
0.142002
0.142541
0.142402
0.141964
0.14162
0.141443
0.141332
0.141214
0.141086
0.14097
0.140875
0.140794
0.14072
0.140652
0.14059
0.140535
0.140488
0.140447
0.140412
0.140381
0.140354
0.140331
0.140312
0.140295
0.140281
0.140271
0.140265
0.140267
0.140276
0.140292
0.140323
0.140352
0.140375
0.140392
0.140404
0.140412
0.140419
0.140422
0.140421
0.140413
0.140402
0.140388
0.14037
0.140347
0.14032
0.140289
0.140252
0.140208
0.140161
0.140104
0.140063
0.140153
0.140204
0.105948
0.116485
0.119655
0.122967
0.125707
0.127899
0.12973
0.131261
0.132549
0.133638
0.134563
0.135356
0.136042
0.136642
0.137172
0.137645
0.138068
0.138441
0.138765
0.139038
0.13926
0.139436
0.139572
0.139677
0.139757
0.139818
0.139866
0.139903
0.139931
0.139954
0.139971
0.139984
0.139994
0.14
0.140004
0.140006
0.140007
0.140006
0.140005
0.140004
0.140003
0.140001
0.139997
0.139993
0.139991
0.139992
0.139997
0.140008
0.140022
0.140038
0.140054
0.14007
0.140087
0.140106
0.140124
0.140143
0.140165
0.140191
0.140222
0.140257
0.140294
0.14033
0.140362
0.140389
0.140412
0.140438
0.140476
0.140525
0.140576
0.140625
0.140649
0.140614
0.140511
0.140408
0.140476
0.140791
0.141043
0.140962
0.140561
0.140133
0.123577
0.240296
0.490189
0.801202
1.12051
1.42377
1.69779
1.93319
2.12219
2.2581
2.33561
2.35141
2.30596
2.20522
2.06011
1.88726
1.67448
1.40957
1.09108
0.741965
0.419763
0.198212
0.110491
0.113605
0.138248
0.149393
0.147504
0.143071
0.141373
0.141783
0.142306
0.142206
0.141809
0.141504
0.141354
0.141253
0.141136
0.14101
0.140899
0.140808
0.140731
0.140661
0.140597
0.14054
0.140491
0.140449
0.140413
0.140381
0.140354
0.140331
0.140311
0.140294
0.140281
0.140271
0.140269
0.140274
0.140286
0.140312
0.140343
0.14037
0.14039
0.140403
0.140413
0.14042
0.140424
0.140424
0.140418
0.140408
0.140394
0.140376
0.140353
0.140327
0.140295
0.140259
0.140215
0.140168
0.140109
0.140066
0.140156
0.140209
0.117513
0.125716
0.127115
0.128889
0.130454
0.131731
0.132839
0.133797
0.134633
0.135366
0.136014
0.136591
0.137108
0.137573
0.137992
0.138366
0.138694
0.138975
0.139208
0.139397
0.139545
0.139659
0.139747
0.139814
0.139865
0.139905
0.139935
0.139959
0.139977
0.139992
0.140003
0.140011
0.140017
0.14002
0.140021
0.140021
0.14002
0.140018
0.140015
0.140013
0.140011
0.140007
0.140003
0.139999
0.139997
0.139999
0.140005
0.140016
0.14003
0.140046
0.140062
0.140078
0.140096
0.140114
0.140132
0.140151
0.140174
0.140201
0.140232
0.140268
0.140305
0.14034
0.140371
0.140397
0.14042
0.140447
0.140487
0.140539
0.140592
0.140639
0.140656
0.140612
0.140502
0.140408
0.140505
0.140831
0.141067
0.14096
0.140548
0.140128
0.131635
0.236586
0.471696
0.77484
1.09521
1.40965
1.70637
1.97705
2.21445
2.41163
2.5619
2.659
2.69765
2.67442
2.58958
2.44845
2.26267
2.03695
1.75898
1.42091
1.03303
0.638539
0.31312
0.126677
0.0826319
0.111869
0.143667
0.153229
0.148686
0.143027
0.141178
0.141678
0.142199
0.142055
0.141653
0.141378
0.141256
0.141168
0.141055
0.140932
0.140826
0.14074
0.140668
0.140603
0.140545
0.140494
0.140451
0.140413
0.140381
0.140353
0.140329
0.140309
0.140293
0.14028
0.140273
0.140274
0.140283
0.140301
0.140333
0.140364
0.140386
0.140402
0.140413
0.140421
0.140426
0.140427
0.140422
0.140413
0.1404
0.140382
0.14036
0.140333
0.140302
0.140266
0.140222
0.140175
0.140116
0.14007
0.140159
0.140215
0.125155
0.131029
0.131609
0.132553
0.133491
0.134281
0.134994
0.135636
0.136215
0.13674
0.137218
0.137653
0.138047
0.138401
0.138715
0.138986
0.139215
0.139402
0.139552
0.139669
0.139759
0.139828
0.139881
0.139921
0.139952
0.139975
0.139993
0.140007
0.140017
0.140025
0.140031
0.140036
0.140038
0.140038
0.140037
0.140035
0.140032
0.140029
0.140025
0.140022
0.140018
0.140014
0.140009
0.140005
0.140004
0.140007
0.140014
0.140025
0.140039
0.140054
0.14007
0.140087
0.140105
0.140123
0.140141
0.14016
0.140183
0.140211
0.140244
0.14028
0.140317
0.140351
0.140381
0.140406
0.140429
0.140457
0.1405
0.140555
0.140608
0.140652
0.140662
0.140608
0.140493
0.140411
0.140538
0.140873
0.141089
0.140956
0.140534
0.140122
0.130055
0.185304
0.365436
0.640599
0.952111
1.26902
1.57825
1.8723
2.14492
2.38992
2.60093
2.77137
2.89463
2.96438
2.97531
2.92403
2.81074
2.63955
2.42301
2.15359
1.81911
1.41834
0.976055
0.55417
0.238425
0.0867935
0.0747985
0.117355
0.148638
0.154269
0.147742
0.142214
0.141018
0.14177
0.142188
0.141915
0.141488
0.141247
0.141155
0.141077
0.140967
0.14085
0.140751
0.140673
0.140607
0.140548
0.140496
0.140451
0.140413
0.14038
0.140351
0.140327
0.140307
0.140291
0.14028
0.140276
0.140281
0.140293
0.140323
0.140355
0.140382
0.1404
0.140412
0.140422
0.140428
0.14043
0.140427
0.140419
0.140406
0.140389
0.140367
0.14034
0.140309
0.140273
0.14023
0.140182
0.140122
0.140074
0.140162
0.140221
0.131535
0.134114
0.134418
0.135027
0.135624
0.136153
0.136646
0.137099
0.137517
0.137901
0.13825
0.138565
0.138845
0.139089
0.139296
0.139468
0.139607
0.139717
0.139802
0.139868
0.139918
0.139956
0.139985
0.140006
0.140022
0.140033
0.140042
0.140048
0.140052
0.140055
0.140057
0.140057
0.140056
0.140055
0.140052
0.140048
0.140043
0.140039
0.140034
0.14003
0.140025
0.14002
0.140015
0.140012
0.140012
0.140015
0.140023
0.140034
0.140047
0.140062
0.140078
0.140096
0.140114
0.140132
0.14015
0.14017
0.140194
0.140223
0.140256
0.140292
0.140329
0.140362
0.140391
0.140415
0.140438
0.140468
0.140514
0.140571
0.140625
0.140665
0.140667
0.140602
0.140484
0.140417
0.140575
0.140917
0.141111
0.140951
0.140519
0.140114
0.133001
0.138895
0.20731
0.388746
0.658016
0.964541
1.27915
1.58948
1.88885
2.17168
2.43222
2.66431
2.8614
3.01671
3.12347
3.17532
3.16709
3.09594
2.96296
2.77278
2.5304
2.22202
1.8376
1.38458
0.902966
0.470811
0.178294
0.0654622
0.0797945
0.127238
0.15272
0.153203
0.145593
0.141199
0.141021
0.141967
0.142177
0.141751
0.141322
0.141129
0.141061
0.140985
0.140877
0.140767
0.140679
0.140609
0.140549
0.140497
0.140451
0.140411
0.140378
0.140349
0.140324
0.140304
0.140289
0.14028
0.140281
0.140289
0.140311
0.140345
0.140376
0.140397
0.140412
0.140422
0.14043
0.140433
0.140431
0.140424
0.140413
0.140396
0.140374
0.140348
0.140317
0.14028
0.140238
0.140189
0.140129
0.140079
0.140165
0.140228
0.135578
0.136123
0.136429
0.136869
0.13727
0.13764
0.137985
0.138303
0.138593
0.138854
0.139086
0.139287
0.139458
0.139601
0.139717
0.13981
0.139882
0.139937
0.13998
0.140012
0.140036
0.140053
0.140065
0.140074
0.140079
0.140082
0.140083
0.140083
0.140083
0.140081
0.140079
0.140077
0.140074
0.14007
0.140065
0.140059
0.140054
0.140048
0.140042
0.140037
0.140032
0.140026
0.140022
0.140019
0.140019
0.140023
0.140031
0.140042
0.140056
0.140071
0.140088
0.140106
0.140123
0.140141
0.140159
0.14018
0.140205
0.140235
0.140269
0.140305
0.140341
0.140374
0.140401
0.140425
0.140448
0.14048
0.14053
0.140589
0.140642
0.140679
0.140671
0.140595
0.140474
0.140427
0.140618
0.140962
0.141131
0.140943
0.140503
0.140106
0.136884
0.133637
0.13614
0.180609
0.315946
0.548276
0.839102
1.15207
1.46827
1.77872
2.07746
2.35879
2.61661
2.84431
3.03497
3.18152
3.27706
3.31546
3.29199
3.20472
3.05505
2.84975
2.58083
2.23328
1.80142
1.30359
0.796609
0.373856
0.123621
0.0575597
0.0939041
0.139074
0.155252
0.150659
0.143093
0.140409
0.141196
0.142153
0.142102
0.141563
0.141167
0.141023
0.14097
0.140891
0.140786
0.140688
0.140611
0.140549
0.140496
0.14045
0.140409
0.140375
0.140345
0.140321
0.140301
0.140288
0.140283
0.140286
0.140301
0.140334
0.140368
0.140393
0.14041
0.140422
0.140431
0.140436
0.140435
0.14043
0.140419
0.140403
0.140382
0.140355
0.140324
0.140288
0.140246
0.140197
0.140137
0.140084
0.140169
0.140235
0.137585
0.137713
0.138007
0.138307
0.138571
0.138816
0.139038
0.139237
0.139411
0.139561
0.139688
0.139794
0.139879
0.139946
0.139998
0.140038
0.140068
0.14009
0.140106
0.140117
0.140124
0.140128
0.140129
0.140129
0.140126
0.140123
0.140119
0.140114
0.140109
0.140105
0.1401
0.140095
0.140089
0.140083
0.140077
0.14007
0.140063
0.140057
0.14005
0.140044
0.140038
0.140033
0.140028
0.140026
0.140027
0.140032
0.14004
0.140052
0.140065
0.140081
0.140099
0.140116
0.140133
0.140151
0.140169
0.140191
0.140217
0.140248
0.140283
0.140319
0.140355
0.140386
0.140412
0.140434
0.140458
0.140493
0.140547
0.140609
0.14066
0.140691
0.140673
0.140586
0.140465
0.14044
0.140665
0.141009
0.14115
0.140933
0.140486
0.140096
0.138808
0.137765
0.133553
0.129255
0.144526
0.217442
0.381504
0.631158
0.931624
1.25205
1.5753
1.89233
2.1967
2.48217
2.74209
2.96935
3.15656
3.29638
3.38187
3.4072
3.36855
3.26542
3.09983
2.87457
2.57324
2.18173
1.70136
1.16513
0.650363
0.263842
0.0782976
0.0631407
0.113546
0.149833
0.155462
0.147234
0.140902
0.140058
0.141461
0.142211
0.141918
0.141356
0.141034
0.140934
0.140881
0.140798
0.1407
0.140615
0.140548
0.140494
0.140447
0.140406
0.140371
0.140341
0.140317
0.140298
0.140288
0.140287
0.140295
0.140322
0.140357
0.140387
0.140408
0.140422
0.140432
0.140438
0.140439
0.140435
0.140426
0.140411
0.14039
0.140363
0.140332
0.140296
0.140254
0.140206
0.140145
0.14009
0.140173
0.140243
0.138881
0.139024
0.139222
0.139392
0.139541
0.139674
0.139787
0.139883
0.139963
0.140027
0.140077
0.140116
0.140145
0.140166
0.140181
0.14019
0.140196
0.140199
0.140199
0.140197
0.140193
0.140188
0.140182
0.140174
0.140166
0.140158
0.14015
0.140141
0.140134
0.140126
0.140119
0.140111
0.140103
0.140096
0.140088
0.14008
0.140072
0.140065
0.140057
0.14005
0.140044
0.140039
0.140035
0.140034
0.140036
0.140041
0.14005
0.140062
0.140076
0.140093
0.14011
0.140127
0.140144
0.140161
0.140181
0.140203
0.14023
0.140262
0.140297
0.140334
0.140368
0.140398
0.140423
0.140445
0.14047
0.140508
0.140566
0.140629
0.140679
0.140702
0.140672
0.140575
0.140458
0.140459
0.140717
0.141056
0.141167
0.140921
0.140467
0.140084
0.139866
0.139808
0.13886
0.13495
0.127501
0.124309
0.147976
0.233311
0.407463
0.664668
0.973672
1.30456
1.63899
1.96662
2.28009
2.57249
2.83652
3.06449
3.24858
3.38116
3.45541
3.466
3.41023
3.28854
3.10551
2.85143
2.50803
2.06481
1.53451
0.971045
0.475498
0.157883
0.0526732
0.0813588
0.134035
0.156879
0.15324
0.143656
0.13945
0.14018
0.141749
0.142133
0.141654
0.141147
0.14092
0.140853
0.140794
0.140709
0.140621
0.140548
0.140491
0.140443
0.140401
0.140366
0.140336
0.140313
0.140296
0.140289
0.140292
0.140309
0.140345
0.140379
0.140404
0.140421
0.140433
0.14044
0.140443
0.140441
0.140433
0.140418
0.140398
0.140372
0.140341
0.140305
0.140263
0.140215
0.140153
0.140097
0.140177
0.140252
0.139907
0.14
0.140081
0.140144
0.140195
0.140236
0.140267
0.14029
0.140305
0.140314
0.140318
0.140318
0.140316
0.140311
0.140305
0.140298
0.14029
0.14028
0.14027
0.14026
0.140249
0.140237
0.140225
0.140213
0.140201
0.140189
0.140177
0.140166
0.140155
0.140145
0.140135
0.140126
0.140117
0.140107
0.140098
0.140089
0.140081
0.140072
0.140064
0.140057
0.14005
0.140045
0.140042
0.140042
0.140044
0.14005
0.14006
0.140073
0.140088
0.140105
0.140122
0.140139
0.140155
0.140173
0.140193
0.140216
0.140245
0.140277
0.140313
0.140349
0.140382
0.140411
0.140434
0.140456
0.140483
0.140524
0.140586
0.140651
0.140697
0.140712
0.14067
0.140562
0.140452
0.140487
0.140774
0.141104
0.141181
0.140907
0.140447
0.140071
0.140617
0.140628
0.140664
0.140191
0.13762
0.131032
0.121453
0.118577
0.145176
0.233822
0.410185
0.671467
0.989282
1.33281
1.68117
2.02196
2.34653
2.6471
2.91571
3.14408
3.32391
3.44737
3.50786
3.50086
3.42516
3.28142
3.07207
2.77821
2.38195
1.88048
1.30488
0.73729
0.298641
0.0783017
0.0520569
0.107082
0.150677
0.15909
0.149416
0.140768
0.138929
0.1406
0.141918
0.141913
0.141362
0.140967
0.140825
0.140772
0.140706
0.140624
0.140548
0.140487
0.140438
0.140396
0.14036
0.140331
0.140309
0.140295
0.140292
0.140302
0.140332
0.140369
0.140399
0.140419
0.140433
0.140442
0.140447
0.140446
0.140439
0.140426
0.140407
0.140381
0.14035
0.140314
0.140272
0.140224
0.140162
0.140104
0.140182
0.140261
0.140627
0.140634
0.140628
0.140617
0.140602
0.140584
0.140564
0.140543
0.140521
0.1405
0.140479
0.140459
0.140439
0.14042
0.140401
0.140383
0.140365
0.140347
0.14033
0.140313
0.140296
0.140279
0.140263
0.140247
0.140231
0.140216
0.140202
0.140188
0.140175
0.140163
0.140151
0.14014
0.140129
0.140118
0.140108
0.140098
0.140088
0.140079
0.140071
0.140063
0.140057
0.140052
0.14005
0.14005
0.140054
0.140061
0.140072
0.140086
0.140101
0.140118
0.140134
0.140151
0.140167
0.140185
0.140206
0.140231
0.14026
0.140294
0.14033
0.140365
0.140397
0.140424
0.140446
0.140468
0.140497
0.140542
0.140608
0.140674
0.140716
0.140721
0.140664
0.140549
0.14045
0.140522
0.140836
0.141151
0.141192
0.14089
0.140424
0.140056
0.141073
0.141086
0.14113
0.141249
0.141228
0.14012
0.136085
0.127511
0.116227
0.112477
0.138625
0.226169
0.401342
0.665232
0.992193
1.34991
1.71418
2.06986
2.40668
2.71584
2.98862
3.21609
3.38954
3.50105
3.54438
3.51609
3.41624
3.2479
3.00113
2.65461
2.19474
1.63341
1.0292
0.494584
0.151644
0.0387017
0.0721356
0.13299
0.160546
0.156891
0.14498
0.138911
0.139177
0.141102
0.141898
0.141596
0.141099
0.140837
0.140749
0.140693
0.140621
0.140547
0.140483
0.140432
0.140389
0.140354
0.140325
0.140305
0.140296
0.140299
0.140318
0.140356
0.140391
0.140416
0.140432
0.140443
0.14045
0.14045
0.140446
0.140434
0.140416
0.14039
0.140359
0.140323
0.140281
0.140233
0.140171
0.140112
0.140187
0.14027
0.14104
0.140996
0.140948
0.140899
0.140851
0.140805
0.14076
0.140717
0.140677
0.14064
0.140605
0.140572
0.14054
0.140511
0.140483
0.140456
0.140431
0.140407
0.140383
0.140361
0.140339
0.140318
0.140298
0.140279
0.14026
0.140242
0.140225
0.140209
0.140194
0.14018
0.140166
0.140153
0.14014
0.140128
0.140117
0.140106
0.140096
0.140086
0.140077
0.14007
0.140064
0.14006
0.140058
0.14006
0.140065
0.140074
0.140085
0.1401
0.140115
0.140132
0.140148
0.140164
0.14018
0.140198
0.14022
0.140246
0.140277
0.140311
0.140347
0.140381
0.140412
0.140437
0.140458
0.140481
0.140513
0.140563
0.140632
0.140698
0.140733
0.140726
0.140655
0.140534
0.140452
0.140566
0.140903
0.141198
0.1412
0.14087
0.1404
0.140044
0.141259
0.141284
0.141296
0.141332
0.141457
0.141656
0.141525
0.139874
0.134764
0.124743
0.111931
0.106581
0.130615
0.215187
0.387969
0.654124
0.990755
1.36393
1.74562
2.11745
2.46712
2.78461
3.06034
3.28478
3.44886
3.54484
3.56721
3.51387
3.38388
3.18173
2.88581
2.47517
1.94655
1.33581
0.735992
0.279185
0.056681
0.0376795
0.102294
0.152522
0.163308
0.152604
0.14176
0.138606
0.140028
0.141522
0.141708
0.141259
0.140892
0.140743
0.140681
0.140616
0.140543
0.140478
0.140425
0.140382
0.140346
0.14032
0.140303
0.140299
0.140309
0.140342
0.14038
0.140411
0.140431
0.140444
0.140452
0.140455
0.140452
0.140442
0.140425
0.1404
0.140369
0.140333
0.140291
0.140244
0.140181
0.140121
0.140193
0.14028
0.14122
0.14117
0.141116
0.141061
0.141006
0.140952
0.1409
0.140849
0.140801
0.140755
0.140711
0.140669
0.14063
0.140593
0.140557
0.140524
0.140492
0.140462
0.140433
0.140406
0.14038
0.140355
0.140331
0.140309
0.140288
0.140267
0.140248
0.14023
0.140212
0.140196
0.14018
0.140165
0.140151
0.140138
0.140126
0.140114
0.140103
0.140093
0.140084
0.140077
0.140071
0.140068
0.140068
0.140071
0.140078
0.140088
0.1401
0.140115
0.14013
0.140146
0.140162
0.140177
0.140194
0.140213
0.140236
0.140263
0.140295
0.14033
0.140365
0.140399
0.140427
0.140451
0.140471
0.140495
0.14053
0.140585
0.140658
0.140722
0.140749
0.140729
0.140644
0.140519
0.14046
0.14062
0.140973
0.141242
0.141203
0.140847
0.140374
0.140036
0.141253
0.141266
0.141264
0.141254
0.141257
0.141331
0.141545
0.14182
0.14162
0.13961
0.133776
0.122697
0.108507
0.101276
0.122592
0.203783
0.374392
0.643494
0.990814
1.38075
1.78114
2.16991
2.5324
2.85722
3.13389
3.35232
3.50324
3.57919
3.57563
3.49247
3.33085
3.08224
2.72312
2.23882
1.64515
1.01103
0.460593
0.119242
0.0174142
0.0633456
0.131893
0.161961
0.158843
0.146331
0.139262
0.13902
0.140844
0.141651
0.141396
0.140958
0.140735
0.14066
0.140606
0.140539
0.140473
0.140417
0.140373
0.140339
0.140315
0.140303
0.140305
0.140328
0.140367
0.140403
0.140428
0.140444
0.140454
0.140459
0.140458
0.14045
0.140434
0.14041
0.140379
0.140343
0.140301
0.140254
0.140192
0.14013
0.140198
0.14029
0.141239
0.141211
0.141174
0.141133
0.141088
0.14104
0.140991
0.140941
0.140892
0.140843
0.140796
0.14075
0.140706
0.140663
0.140623
0.140584
0.140548
0.140513
0.14048
0.140448
0.140419
0.14039
0.140364
0.140338
0.140314
0.140291
0.14027
0.140249
0.140229
0.140211
0.140194
0.140177
0.140162
0.140148
0.140134
0.140122
0.14011
0.1401
0.140091
0.140085
0.14008
0.140078
0.14008
0.140084
0.140092
0.140103
0.140117
0.140131
0.140146
0.140161
0.140176
0.140192
0.140209
0.140229
0.140253
0.140282
0.140315
0.14035
0.140384
0.140416
0.140443
0.140465
0.140485
0.14051
0.14055
0.14061
0.140686
0.140746
0.140763
0.140728
0.140629
0.140505
0.140476
0.140683
0.141046
0.141285
0.141203
0.140821
0.140346
0.140032
0.141115
0.141106
0.141087
0.141062
0.141034
0.141012
0.141033
0.141169
0.141482
0.141849
0.141645
0.139438
0.133144
0.121274
0.10585
0.0967226
0.11536
0.193724
0.363558
0.637556
0.997539
1.40587
1.82594
2.23172
2.60603
2.93601
3.21033
3.4185
3.55142
3.60247
3.56857
3.44839
3.24585
2.9394
2.50706
1.94808
1.30726
0.690186
0.235986
0.0285468
0.0241789
0.0984371
0.152528
0.163896
0.152681
0.141625
0.138443
0.139921
0.141434
0.141594
0.141128
0.140765
0.140629
0.140579
0.140527
0.140466
0.14041
0.140365
0.140332
0.140311
0.140304
0.140317
0.140352
0.140392
0.140423
0.140443
0.140456
0.140462
0.140463
0.140458
0.140444
0.140421
0.14039
0.140354
0.140312
0.140265
0.140203
0.14014
0.140204
0.1403
0.141138
0.141143
0.141135
0.141118
0.141092
0.14106
0.141023
0.140982
0.140939
0.140895
0.14085
0.140805
0.14076
0.140717
0.140675
0.140634
0.140594
0.140557
0.140521
0.140487
0.140454
0.140423
0.140394
0.140366
0.14034
0.140314
0.14029
0.140268
0.140246
0.140226
0.140207
0.140189
0.140172
0.140157
0.140143
0.14013
0.140118
0.140108
0.1401
0.140094
0.140091
0.140091
0.140094
0.1401
0.140109
0.140121
0.140134
0.140149
0.140163
0.140177
0.140192
0.140208
0.140225
0.140247
0.140272
0.140302
0.140336
0.140371
0.140404
0.140434
0.140459
0.140479
0.1405
0.140528
0.140573
0.140638
0.140715
0.14077
0.140774
0.140722
0.140611
0.140494
0.140501
0.140756
0.141121
0.141323
0.141197
0.14079
0.140318
0.140033
0.140899
0.140876
0.140849
0.140823
0.140799
0.140777
0.140756
0.140753
0.140813
0.14102
0.14143
0.141892
0.141727
0.139434
0.132841
0.12034
0.103779
0.0928604
0.10926
0.186131
0.357813
0.640262
1.01653
1.44625
1.88787
2.31089
2.69529
3.02677
3.29342
3.4848
3.59246
3.61105
3.53993
3.37896
3.12212
2.74452
2.23223
1.60788
0.953516
0.400995
0.0781102
0.00189377
0.0635928
0.132796
0.163086
0.159939
0.146281
0.138638
0.138341
0.140388
0.141461
0.141352
0.140925
0.140657
0.140554
0.140503
0.140451
0.140399
0.140356
0.140326
0.140309
0.140311
0.140336
0.140378
0.140415
0.140441
0.140457
0.140465
0.140468
0.140465
0.140453
0.140432
0.140402
0.140365
0.140324
0.140277
0.140215
0.140151
0.140211
0.140311
0.140948
0.140983
0.141005
0.141016
0.141016
0.141006
0.140988
0.140963
0.140933
0.1409
0.140863
0.140825
0.140785
0.140745
0.140705
0.140665
0.140627
0.140589
0.140552
0.140517
0.140483
0.140451
0.14042
0.14039
0.140361
0.140334
0.140308
0.140284
0.140261
0.140239
0.140219
0.1402
0.140182
0.140166
0.140152
0.140139
0.140127
0.140118
0.140111
0.140106
0.140104
0.140106
0.14011
0.140118
0.140128
0.14014
0.140153
0.140167
0.14018
0.140194
0.140209
0.140225
0.140243
0.140266
0.140293
0.140324
0.140358
0.140392
0.140425
0.140452
0.140475
0.140494
0.140516
0.140548
0.140598
0.140668
0.140745
0.140791
0.140781
0.140711
0.14059
0.140488
0.140541
0.140838
0.141196
0.141357
0.141187
0.140756
0.14029
0.140038
0.14068
0.140666
0.140654
0.140647
0.140643
0.140641
0.14064
0.140636
0.140631
0.140646
0.140736
0.140993
0.141474
0.142015
0.141912
0.13962
0.132892
0.119982
0.102537
0.0901484
0.104819
0.180877
0.35467
0.64465
1.03571
1.48666
1.95188
2.39544
2.79269
3.12661
3.38429
3.55556
3.6334
3.61449
3.49831
3.28812
2.96481
2.50663
1.91716
1.25
0.624982
0.18539
0.0640818
0.00946495
0.0932547
0.150305
0.165635
0.156325
0.144023
0.138752
0.138981
0.140457
0.141124
0.141035
0.14076
0.140577
0.140488
0.140432
0.140385
0.140345
0.14032
0.140311
0.140324
0.140362
0.140404
0.140436
0.140456
0.140467
0.140473
0.140472
0.140463
0.140443
0.140414
0.140377
0.140336
0.140289
0.140227
0.140163
0.140218
0.140322
0.140725
0.140768
0.140807
0.14084
0.140863
0.140878
0.140883
0.14088
0.140869
0.140852
0.14083
0.140803
0.140773
0.140741
0.140708
0.140673
0.140638
0.140603
0.140569
0.140535
0.140502
0.140469
0.140438
0.140408
0.140378
0.14035
0.140323
0.140298
0.140274
0.140251
0.14023
0.14021
0.140192
0.140176
0.140162
0.140149
0.140138
0.14013
0.140124
0.140121
0.140121
0.140124
0.14013
0.140138
0.140149
0.140161
0.140173
0.140186
0.140199
0.140212
0.140227
0.140243
0.140264
0.140288
0.140316
0.140348
0.140382
0.140415
0.140445
0.140471
0.140491
0.14051
0.140533
0.14057
0.140627
0.140702
0.140776
0.140811
0.140783
0.140696
0.140569
0.140488
0.140595
0.140928
0.141272
0.141386
0.14117
0.140718
0.140262
0.140048
0.140591
0.140607
0.140624
0.140642
0.14066
0.140677
0.140692
0.140703
0.140708
0.140709
0.140711
0.140733
0.140819
0.141037
0.141431
0.141879
0.141854
0.140178
0.135072
0.125017
0.110982
0.100159
0.10987
0.168328
0.308165
0.553655
0.905933
1.33878
1.80966
2.27561
2.70227
3.06461
3.345
3.53097
3.61456
3.59242
3.46074
3.22434
2.86499
2.37007
1.76002
1.1112
0.537027
0.163588
0.0147705
0.0215563
0.0875114
0.140584
0.158951
0.154592
0.145418
0.14035
0.139544
0.140269
0.140781
0.140809
0.14065
0.140513
0.140431
0.140377
0.140338
0.140316
0.140316
0.140342
0.140386
0.140427
0.140454
0.140469
0.140477
0.140479
0.140473
0.140456
0.140428
0.140391
0.140349
0.140303
0.140241
0.140177
0.140226
0.140334
0.140582
0.140583
0.140595
0.140615
0.14064
0.140664
0.140686
0.140704
0.140717
0.140723
0.140723
0.140716
0.140704
0.140688
0.140667
0.140644
0.140618
0.14059
0.140562
0.140533
0.140503
0.140474
0.140444
0.140415
0.140387
0.14036
0.140333
0.140308
0.140284
0.140262
0.140241
0.140222
0.140204
0.140189
0.140175
0.140164
0.140155
0.140148
0.140144
0.140144
0.140145
0.14015
0.140157
0.140166
0.140176
0.140188
0.140199
0.140211
0.140223
0.140236
0.140251
0.140269
0.140291
0.140317
0.140347
0.140379
0.140412
0.140444
0.140471
0.140493
0.140512
0.140531
0.140558
0.140602
0.140666
0.140744
0.140811
0.140827
0.140777
0.140671
0.140545
0.140503
0.140678
0.14104
0.141354
0.14141
0.141144
0.140674
0.140235
0.140063
0.140686
0.140718
0.140749
0.140779
0.140808
0.140837
0.140865
0.140894
0.140924
0.140959
0.140995
0.141026
0.141052
0.141082
0.141154
0.141345
0.141749
0.142383
0.142957
0.142558
0.139408
0.131207
0.116708
0.0990005
0.0895829
0.110976
0.19449
0.372059
0.662901
1.06039
1.53043
2.02456
2.49651
2.91017
3.24006
3.46903
3.58666
3.58921
3.47205
3.23903
2.87539
2.37262
1.75645
1.10801
0.549812
0.17983
0.0234759
0.024167
0.0860749
0.137395
0.156034
0.152961
0.145007
0.14056
0.139814
0.140346
0.140687
0.140668
0.140541
0.140444
0.140382
0.140339
0.140317
0.140325
0.140364
0.140411
0.140447
0.140469
0.14048
0.140486
0.140484
0.14047
0.140444
0.140408
0.140365
0.140318
0.140255
0.140192
0.140236
0.140346
0.140648
0.140615
0.140588
0.140567
0.140551
0.14054
0.140533
0.14053
0.140531
0.140536
0.140543
0.140549
0.140553
0.140554
0.140551
0.140545
0.140535
0.140522
0.140506
0.140487
0.140467
0.140445
0.140422
0.140399
0.140375
0.140352
0.140329
0.140307
0.140286
0.140267
0.140248
0.140232
0.140217
0.140204
0.140193
0.140184
0.140178
0.140175
0.140174
0.140175
0.140179
0.140185
0.140192
0.140201
0.140211
0.14022
0.140231
0.140242
0.140253
0.140267
0.140284
0.140304
0.140328
0.140355
0.140386
0.140418
0.140449
0.140477
0.140501
0.140519
0.140536
0.140558
0.140592
0.140645
0.140717
0.140795
0.140847
0.140836
0.140759
0.140636
0.140525
0.140543
0.140795
0.14117
0.141438
0.141425
0.141106
0.14062
0.140207
0.140082
0.140802
0.140847
0.140894
0.140943
0.140999
0.141061
0.141131
0.141205
0.141281
0.141357
0.141431
0.141501
0.141563
0.141615
0.141654
0.141691
0.141762
0.141942
0.142335
0.142993
0.143702
0.143639
0.141029
0.133271
0.118111
0.0963487
0.0755873
0.073786
0.120274
0.251069
0.497362
0.867611
1.33662
1.85354
2.36221
2.81622
3.18288
3.44107
3.57817
3.58917
3.46872
3.22212
2.83504
2.30263
1.66694
1.01969
0.479352
0.14038
0.0172175
0.0372291
0.10032
0.143432
0.15488
0.149692
0.14302
0.14023
0.140114
0.140513
0.140618
0.140531
0.140439
0.14038
0.140337
0.140319
0.140338
0.140387
0.140435
0.140465
0.140482
0.140491
0.140493
0.140483
0.14046
0.140424
0.140381
0.140334
0.140271
0.140208
0.140246
0.140359
0.140747
0.140701
0.140661
0.140626
0.140594
0.140566
0.140541
0.140519
0.1405
0.140484
0.14047
0.140459
0.140449
0.14044
0.140431
0.140424
0.140418
0.140413
0.140407
0.1404
0.140391
0.140381
0.140369
0.140355
0.14034
0.140324
0.140308
0.140293
0.140277
0.140263
0.14025
0.140238
0.140228
0.140219
0.140213
0.140208
0.140205
0.140205
0.140207
0.14021
0.140215
0.140221
0.140229
0.140237
0.140245
0.140254
0.140263
0.140274
0.140286
0.140301
0.14032
0.140342
0.140368
0.140397
0.140428
0.140459
0.140486
0.14051
0.14053
0.140546
0.140563
0.14059
0.140632
0.140696
0.140774
0.140846
0.140874
0.140831
0.140728
0.140599
0.140522
0.140618
0.140934
0.141303
0.141512
0.141427
0.141058
0.140562
0.140184
0.140106
0.141007
0.141091
0.141189
0.141294
0.1414
0.141505
0.141607
0.141704
0.141794
0.141879
0.141957
0.142029
0.142094
0.142151
0.142199
0.142236
0.142259
0.142276
0.142311
0.142429
0.142727
0.143282
0.143972
0.144136
0.142188
0.135514
0.121242
0.0983659
0.071445
0.0549613
0.0767981
0.176345
0.393578
0.748368
1.22184
1.76054
2.29974
2.78388
3.17371
3.44435
3.58153
3.58061
3.43677
3.15856
2.72997
2.15733
1.49526
0.850814
0.352259
0.080995
0.0171974
0.062727
0.121194
0.149824
0.152091
0.145652
0.141237
0.140201
0.14043
0.140577
0.140516
0.140435
0.140386
0.140349
0.140331
0.140358
0.140411
0.140454
0.14048
0.140495
0.140501
0.140495
0.140476
0.140442
0.140399
0.140351
0.140288
0.140224
0.140256
0.140371
0.1409
0.140815
0.140746
0.140689
0.140642
0.140603
0.14057
0.14054
0.140514
0.14049
0.140468
0.140448
0.140429
0.140412
0.140395
0.14038
0.140367
0.140354
0.140343
0.140333
0.140323
0.140313
0.140304
0.140297
0.14029
0.140283
0.140277
0.140269
0.140262
0.140255
0.140249
0.140243
0.140239
0.140236
0.140234
0.140233
0.140235
0.140237
0.140241
0.140246
0.140251
0.140258
0.140264
0.140271
0.140279
0.140287
0.140297
0.140309
0.140323
0.14034
0.140361
0.140386
0.140413
0.140442
0.140472
0.140499
0.140523
0.140542
0.140558
0.140574
0.140594
0.140629
0.140682
0.140755
0.140834
0.140892
0.140888
0.140809
0.140686
0.140566
0.140544
0.14073
0.14109
0.141433
0.141572
0.141413
0.140999
0.140503
0.140174
0.140132
0.141534
0.141654
0.141771
0.141882
0.141984
0.142076
0.142157
0.142229
0.142293
0.142349
0.142398
0.142442
0.14248
0.142513
0.142542
0.142566
0.142583
0.14259
0.142585
0.142568
0.14256
0.142614
0.142837
0.143347
0.144123
0.144674
0.143584
0.138227
0.125175
0.102015
0.0710554
0.0447586
0.050952
0.133054
0.338468
0.69427
1.18325
1.74675
2.31151
2.81425
3.21071
3.47378
3.58916
3.555
3.37312
3.0439
2.55411
1.9243
1.23507
0.619638
0.206275
0.0358908
0.0373055
0.0966598
0.139776
0.151678
0.147551
0.142278
0.14037
0.140342
0.140468
0.140403
0.140344
0.140347
0.140355
0.14036
0.14039
0.140431
0.140468
0.140495
0.140508
0.140507
0.140492
0.14046
0.140417
0.140368
0.140305
0.140242
0.140267
0.140382
0.141354
0.141188
0.141038
0.140908
0.140802
0.140714
0.140643
0.140587
0.140541
0.140503
0.140472
0.140446
0.140423
0.140402
0.140383
0.140367
0.140351
0.140337
0.140324
0.140312
0.1403
0.14029
0.140281
0.140273
0.140267
0.140261
0.140256
0.140252
0.14025
0.14025
0.14025
0.140251
0.140252
0.140254
0.140257
0.14026
0.140265
0.140269
0.140275
0.14028
0.140286
0.140292
0.140299
0.140306
0.140313
0.140323
0.140334
0.140347
0.140364
0.140384
0.140407
0.140433
0.140461
0.140489
0.140515
0.140539
0.140558
0.140573
0.140587
0.140605
0.140632
0.140677
0.140742
0.140821
0.140894
0.140928
0.140885
0.140771
0.140639
0.14055
0.140606
0.140879
0.141257
0.141554
0.141614
0.141382
0.140929
0.140444
0.140181
0.14016
0.142145
0.142243
0.142325
0.142392
0.142447
0.142491
0.142527
0.142555
0.142577
0.142595
0.142609
0.14262
0.142628
0.142633
0.142637
0.142638
0.142636
0.142632
0.142624
0.14261
0.142584
0.142546
0.142511
0.142533
0.14273
0.143261
0.144196
0.145179
0.144906
0.140651
0.128403
0.104558
0.0699902
0.0366876
0.0346511
0.112836
0.32517
0.700956
1.21834
1.80987
2.39394
2.90148
3.28537
3.51879
3.5916
3.50247
3.26168
2.85641
2.28248
1.59058
0.901461
0.368918
0.0880083
0.0283318
0.0748413
0.127391
0.149313
0.149008
0.143713
0.141152
0.140838
0.140802
0.140522
0.140298
0.140267
0.140325
0.140384
0.140425
0.140456
0.140487
0.140509
0.140517
0.140507
0.140479
0.140437
0.140387
0.140324
0.14026
0.140278
0.140394
0.141983
0.14181
0.141633
0.141459
0.141292
0.141137
0.140997
0.140872
0.140764
0.140671
0.140593
0.140531
0.14048
0.140439
0.140407
0.14038
0.140358
0.14034
0.140325
0.140312
0.140301
0.140291
0.140283
0.140276
0.140271
0.140266
0.140263
0.140262
0.140262
0.140263
0.140266
0.140269
0.140274
0.14028
0.140285
0.140291
0.140297
0.140302
0.140308
0.140314
0.14032
0.140326
0.140333
0.140341
0.14035
0.140361
0.140375
0.140391
0.140411
0.140433
0.140458
0.140484
0.140511
0.140536
0.140558
0.140577
0.140592
0.140604
0.140619
0.140642
0.140679
0.140736
0.140811
0.140891
0.140949
0.140948
0.140861
0.140718
0.140596
0.140565
0.14072
0.141058
0.141428
0.141659
0.141634
0.141332
0.140849
0.140391
0.140206
0.140188
0.142458
0.142504
0.14253
0.142544
0.142552
0.142557
0.142561
0.142564
0.142567
0.142569
0.142571
0.142572
0.142573
0.142573
0.142572
0.142572
0.142571
0.142571
0.142571
0.142572
0.142571
0.142566
0.142551
0.142522
0.14249
0.142509
0.142709
0.143295
0.144423
0.145842
0.146265
0.142695
0.130391
0.104687
0.0659424
0.0276899
0.0248745
0.113561
0.352115
0.765733
1.32149
1.94061
2.53402
3.0293
3.37961
3.56065
3.56865
3.40725
3.08093
2.5717
1.90281
1.17483
0.550175
0.166176
0.0368981
0.0579972
0.112103
0.142563
0.146623
0.142055
0.139702
0.140132
0.140805
0.140751
0.140418
0.140262
0.140301
0.140386
0.140446
0.140484
0.140508
0.140522
0.14052
0.140497
0.140457
0.140407
0.140342
0.140279
0.140291
0.140406
0.142389
0.142289
0.142166
0.142025
0.141872
0.141712
0.141551
0.141393
0.141244
0.141105
0.14098
0.140867
0.140769
0.140683
0.14061
0.140548
0.140496
0.140453
0.140417
0.140387
0.140363
0.140344
0.14033
0.140319
0.140311
0.140305
0.140301
0.140299
0.140299
0.1403
0.140303
0.140307
0.140312
0.140317
0.140322
0.140328
0.140333
0.140339
0.140344
0.14035
0.140356
0.140363
0.140371
0.140381
0.140392
0.140406
0.140423
0.140442
0.140463
0.140487
0.140512
0.140537
0.14056
0.140581
0.140599
0.140612
0.140624
0.140637
0.140656
0.140688
0.140739
0.140808
0.140889
0.14096
0.14099
0.140945
0.140813
0.140658
0.140574
0.14063
0.140885
0.141258
0.141593
0.141745
0.141631
0.141263
0.140761
0.140346
0.140246
0.140216
0.142341
0.142347
0.142343
0.142337
0.142333
0.142336
0.142344
0.142357
0.142376
0.1424
0.142428
0.14246
0.142497
0.142537
0.142581
0.142628
0.142678
0.142729
0.142782
0.142833
0.142884
0.142932
0.142972
0.143001
0.143011
0.142994
0.142958
0.14296
0.143152
0.143798
0.145147
0.147006
0.147949
0.144428
0.130756
0.101464
0.057717
0.0171967
0.022748
0.138072
0.421675
0.887758
1.48711
2.1281
2.7152
3.17466
3.46262
3.56246
3.47483
3.21562
2.76903
2.13822
1.40135
0.718612
0.255982
0.0695507
0.0609913
0.112027
0.148284
0.154458
0.146687
0.140599
0.139423
0.140207
0.140634
0.140503
0.140327
0.140307
0.140383
0.140463
0.14051
0.140529
0.140532
0.140516
0.14048
0.14043
0.140365
0.140301
0.140301
0.140421
0.142369
0.142372
0.142351
0.142305
0.142235
0.142141
0.142028
0.141901
0.141764
0.141623
0.141483
0.141346
0.141217
0.141097
0.140988
0.14089
0.140803
0.140727
0.140662
0.140605
0.140557
0.140517
0.140483
0.140456
0.140433
0.140416
0.140402
0.140391
0.140384
0.140379
0.140376
0.140375
0.140375
0.140376
0.140378
0.14038
0.140383
0.140387
0.140391
0.140397
0.140403
0.140411
0.14042
0.140432
0.140445
0.140462
0.14048
0.140501
0.140523
0.140546
0.140569
0.140591
0.14061
0.140626
0.140639
0.140649
0.140661
0.140678
0.140706
0.140751
0.140814
0.140891
0.140967
0.141017
0.141007
0.140916
0.140755
0.140617
0.140605
0.14077
0.141098
0.141468
0.14174
0.141798
0.141595
0.14117
0.140667
0.140317
0.140304
0.140246
0.14188
0.141901
0.141929
0.14197
0.142028
0.142104
0.142196
0.142305
0.142426
0.142557
0.142699
0.142846
0.142991
0.143133
0.143269
0.143398
0.143518
0.143629
0.143731
0.143823
0.143904
0.143975
0.144035
0.144082
0.144116
0.144131
0.144118
0.144066
0.14398
0.143923
0.144085
0.144809
0.146433
0.14874
0.149943
0.145609
0.128936
0.0942149
0.0451904
0.00648522
0.0306069
0.18743
0.531423
1.06313
1.71834
2.39405
2.98641
3.41627
3.63711
3.63743
3.42491
3.00509
2.3749
1.59645
0.827444
0.252298
0.0304738
0.0155626
0.0643965
0.119244
0.146052
0.148123
0.143096
0.140296
0.140052
0.14038
0.140438
0.140366
0.140347
0.140405
0.140481
0.140529
0.140542
0.140529
0.140494
0.140445
0.140378
0.140317
0.140323
0.140428
0.141926
0.14198
0.142036
0.142086
0.142122
0.142139
0.142133
0.142105
0.142054
0.141983
0.141895
0.141794
0.141684
0.14157
0.141454
0.14134
0.141231
0.141129
0.141034
0.140947
0.14087
0.1408
0.140739
0.140686
0.140639
0.1406
0.140566
0.140538
0.140515
0.140495
0.14048
0.140467
0.140458
0.14045
0.140445
0.140442
0.14044
0.140441
0.140443
0.140447
0.140453
0.140461
0.140472
0.140485
0.1405
0.140518
0.140538
0.140559
0.140581
0.140602
0.140621
0.140637
0.140651
0.140661
0.140668
0.140677
0.140691
0.140715
0.140756
0.140816
0.140895
0.140979
0.141047
0.141066
0.141006
0.140861
0.140675
0.140576
0.140664
0.140935
0.14131
0.141661
0.141866
0.141837
0.141553
0.141079
0.140581
0.140305
0.140363
0.140263
0.141688
0.141845
0.142022
0.142205
0.142387
0.142563
0.142731
0.142891
0.143043
0.143186
0.143322
0.14345
0.143571
0.143686
0.143794
0.143896
0.143992
0.144083
0.144168
0.144248
0.144324
0.144394
0.14446
0.14452
0.144574
0.144621
0.144661
0.144688
0.14469
0.14465
0.144562
0.144479
0.144596
0.1453
0.147034
0.149711
0.151632
0.148367
0.13302
0.0999407
0.0530674
0.0161018
0.0364074
0.172756
0.468584
0.925436
1.49644
2.10165
2.65317
3.07616
3.32064
3.35597
3.16532
2.74602
2.12401
1.40166
0.769047
0.353953
0.157243
0.10677
0.117816
0.135379
0.142439
0.142378
0.14101
0.140436
0.140384
0.140395
0.140378
0.140382
0.140432
0.140496
0.14054
0.14055
0.14053
0.140483
0.140421
0.14035
0.140327
0.140465
0.141537
0.141443
0.141397
0.141386
0.141401
0.14143
0.141467
0.141503
0.141534
0.141557
0.141567
0.141565
0.141549
0.141522
0.141483
0.141436
0.141381
0.141322
0.141259
0.141196
0.141132
0.14107
0.141011
0.140955
0.140902
0.140854
0.14081
0.14077
0.140734
0.140702
0.140674
0.14065
0.14063
0.140613
0.140599
0.140588
0.140581
0.140577
0.140575
0.140577
0.140581
0.140588
0.140598
0.140609
0.140623
0.140637
0.140653
0.140668
0.140682
0.140694
0.140705
0.140714
0.140721
0.14073
0.140741
0.140761
0.140792
0.140837
0.140899
0.140972
0.141044
0.141096
0.141102
0.141041
0.140911
0.140755
0.140668
0.140754
0.141005
0.141348
0.141688
0.141922
0.141966
0.141778
0.141382
0.140882
0.140475
0.140382
0.140482
0.140319
)
;

boundaryField
{
    inlet
    {
        type            freestream;
        freestreamValue uniform 0.14;
        value           nonuniform List<scalar> 
134
(
0.14
0.14
0.14
0.14
0.14
0.14
0.14
0.14
0.14
0.14
0.14002
0.14004
0.140065
0.140088
0.14011
0.14013
0.140147
0.140162
0.140174
0.140185
0.14
0.140193
0.140199
0.140203
0.140206
0.140208
0.140208
0.140207
0.140205
0.140202
0.140199
0.140195
0.140191
0.140188
0.140187
0.140187
0.140188
0.14019
0.140193
0.140194
0.14
0.14
0.14
0.14
0.14
0.14
0.14
0.140195
0.140197
0.1402
0.140204
0.140209
0.140215
0.140221
0.140228
0.140235
0.140243
0.140252
0.140261
0.14027
0.14028
0.14029
0.1403
0.140311
0.140322
0.140334
0.140346
0.140359
0.140371
0.140382
0.140394
0.140406
0.140421
0.140428
0.140465
0.14
0.14
0.14
0.14
0.14
0.14
0.14
0.14
0.14
0.14
0.14
0.14
0.14
0.14
0.14
0.14
0.14
0.14
0.14
0.14
0.14
0.14
0.14
0.14
0.14
0.14
0.14
0.14
0.14
0.14
0.14
0.14
0.14
0.14
0.14
0.14
0.14
0.14
0.14
0.14
0.14
0.14
0.14
0.14
0.14
0.14
0.14
0.14
0.14
0.14
0.14
0.14
0.14
0.14
0.14
0.14
0.14
0.14
0.14
)
;
    }
    outlet
    {
        type            freestream;
        freestreamValue uniform 0.14;
        value           nonuniform List<scalar> 
160
(
0.141688
0.141537
0.141845
0.141443
0.142022
0.141397
0.142205
0.141386
0.142387
0.141401
0.142563
0.14143
0.142731
0.141467
0.142891
0.141503
0.143043
0.141534
0.143186
0.141557
0.143322
0.141567
0.14345
0.141565
0.143571
0.141549
0.143686
0.141522
0.143794
0.141483
0.143896
0.141436
0.143992
0.141381
0.144083
0.141322
0.144168
0.141259
0.144248
0.141196
0.144324
0.141132
0.144394
0.14107
0.14446
0.141011
0.14452
0.140955
0.144574
0.140902
0.144621
0.140854
0.144661
0.14081
0.144688
0.14077
0.14469
0.140734
0.14465
0.140702
0.144562
0.140674
0.144479
0.14065
0.144596
0.14063
0.1453
0.140613
0.147034
0.140599
0.149711
0.140588
0.151632
0.140581
0.148367
0.140577
0.13302
0.140575
0.0999407
0.140577
0.0530674
0.140581
0.0161018
0.140588
0.0364074
0.140598
0.172756
0.140609
0.468584
0.140623
0.925436
0.140637
1.49644
0.140653
2.10165
0.140668
2.65317
0.140682
3.07616
0.140694
3.32064
0.140705
3.35597
0.140714
3.16532
0.140721
2.74602
0.14073
2.12401
0.140741
1.40166
0.140761
0.769047
0.140792
0.353953
0.140837
0.157243
0.140899
0.10677
0.140972
0.117816
0.141044
0.135379
0.141096
0.142439
0.141102
0.142378
0.141041
0.14101
0.140911
0.140436
0.140755
0.140384
0.140668
0.140395
0.140754
0.140378
0.141005
0.140382
0.141348
0.140432
0.141688
0.140496
0.141922
0.14054
0.141966
0.14055
0.141778
0.14053
0.141382
0.140483
0.140882
0.140421
0.140475
0.14035
0.140382
0.140327
0.140482
0.140465
0.140319
)
;
    }
    walls
    {
        type            nutUSpaldingWallFunction;
        Cmu             0.09;
        kappa           0.41;
        E               9.8;
        value           nonuniform List<scalar> 
78
(
0.00726596
0.00751967
0.00778356
0.00793513
0.00805662
0.00813487
0.00813903
0.00807899
0.00795239
0.00776752
0.00754464
0.0072948
0.00703195
0.00677371
0.00652438
0.00629023
0.00606844
0.00585662
0.0056445
0.00542877
0.00519798
0.00495128
0.00468983
0.00442605
0.00418777
0.00398438
0.00379504
0.00359784
0.00338234
0.00313805
0.00285542
0.00252749
0.00213118
0.00166361
0.00105027
0.000425049
0.000922947
0.00193177
0.00164324
0.00697746
0.00663185
0.0062543
0.00573515
0.00516847
0.00453954
0.00385461
0.00314217
0.00243609
0.00175021
0.00109648
0.000532894
0.000483132
0.000920558
0.00133028
0.00167159
0.00196059
0.00221316
0.00243927
0.00264518
0.00283619
0.00301551
0.00318502
0.00334202
0.00347941
0.00359656
0.00369694
0.00378294
0.00385568
0.00391582
0.00396455
0.00400278
0.00403174
0.00405272
0.0040664
0.00407485
0.00407027
0.00405974
0.00393948
)
;
    }
    frontAndBack
    {
        type            empty;
    }
}


// ************************************************************************* //
