/*--------------------------------*- C++ -*----------------------------------*\
  =========                 |
  \\      /  F ield         | OpenFOAM: The Open Source CFD Toolbox
   \\    /   O peration     | Website:  https://openfoam.org
    \\  /    A nd           | Version:  12
     \\/     M anipulation  |
\*---------------------------------------------------------------------------*/
FoamFile
{
    format      ascii;
    class       volScalarField;
    location    "200";
    object      p;
}
// * * * * * * * * * * * * * * * * * * * * * * * * * * * * * * * * * * * * * //

dimensions      [0 2 -2 0 0 0 0];

internalField   nonuniform List<scalar> 
10720
(
-2020.84
-2282.82
-2582
-2839.52
-3032.91
-3212.46
-3338.36
-3410.41
-3454.72
-3461.11
-3435.54
-3384.83
-3312.95
-3223.75
-3120.37
-3003.11
-2876.19
-2736.99
-2588.94
-2429.35
-2261.48
-2084.15
-1903.27
-1721.61
-1546.43
-1387.68
-1242.36
-1102.08
-965.582
-833.019
-703.915
-577.774
-455.608
-339.516
-238.502
-157.654
-146.293
-195.315
-201.968
-1722.14
-1443.88
-1095.6
-731.759
-372.889
-35.1289
262.736
500.349
671.295
783.346
845.198
867.891
868.341
852.346
823.082
787.536
748.668
707.16
663.743
618.622
572.054
523.717
473.761
422.85
374.304
330.547
290.365
253.405
219.846
189.925
163.571
140.569
120.615
103.433
88.5951
75.9717
65.3982
59.9154
60.2867
-1132.29
-1348.46
-1573.93
-1792.5
-2000.22
-2199.7
-2378.13
-2529.96
-2654.61
-2746.83
-2809.65
-2846.35
-2858.72
-2847.5
-2813.12
-2755.79
-2678.24
-2580.46
-2465.68
-2333.84
-2188.37
-2029.86
-1863.92
-1694.21
-1527.91
-1374.56
-1232.47
-1094.6
-960.002
-828.968
-700.976
-575.704
-454.159
-338.442
-237.713
-156.872
-145.963
-198.488
-204.288
-928.403
-726.444
-511.823
-281.454
-48.9689
176.586
382.476
555.054
687.327
779.33
834.028
857.704
859.79
845.426
819.234
786.296
749.238
709.08
666.632
622.3
576.366
528.726
479.601
429.73
381.79
337.893
297.348
259.911
225.813
195.301
168.337
144.736
124.222
106.534
91.2715
78.3236
67.5414
62.0404
61.6602
-981.953
-1175.87
-1379.34
-1592.9
-1798.66
-1992.97
-2171.52
-2324.13
-2447.62
-2544.81
-2615.69
-2660.9
-2681.34
-2678.07
-2652.3
-2605.41
-2539.27
-2454.98
-2354.45
-2238.27
-2108.43
-1965.86
-1814.58
-1658.2
-1502.71
-1356.3
-1218.81
-1084.65
-952.873
-823.915
-697.461
-573.351
-452.638
-337.503
-237.044
-156.299
-145.545
-200.606
-206.549
-796.435
-600.771
-390.408
-172.973
39.1214
239.967
419.852
569.487
685.043
766.928
817.386
841.482
845.874
834.657
811.879
781.539
746.285
707.5
666.099
622.619
577.397
530.497
482.168
433.132
385.586
341.552
300.834
263.222
228.925
198.176
170.955
147.093
126.331
108.417
92.9731
79.904
69.0923
63.5575
63.0903
-696.938
-861.136
-1038.72
-1223
-1405.8
-1585.11
-1755.09
-1910.6
-2048.22
-2167.16
-2265.68
-2341.82
-2394.14
-2422.64
-2427.51
-2409.62
-2370.03
-2310
-2231.05
-2134.47
-2022.12
-1895.79
-1759.06
-1615.85
-1471.46
-1332.79
-1200.8
-1071.33
-943.347
-817.322
-693.135
-570.737
-451.275
-337.018
-236.972
-156.628
-145.723
-201.101
-207.38
-543.647
-387.925
-221.656
-45.7956
127.511
294.113
445.794
574.009
675.051
748.741
796.135
820.929
827.81
819.915
800.733
773.546
740.837
704.119
664.371
622.226
578.108
532.222
484.871
436.782
389.828
345.913
305.166
267.427
232.909
201.86
174.296
150.076
128.966
110.729
95.0155
81.7504
70.8377
65.213
64.6605
-565.469
-713.638
-874.547
-1044.41
-1214.07
-1383.59
-1548.27
-1702.35
-1842.51
-1966.3
-2070.8
-2154.05
-2215.29
-2254.35
-2271.16
-2266.15
-2239.91
-2193.42
-2127.8
-2044.38
-1944.74
-1830.86
-1705.85
-1573.58
-1438.79
-1307.23
-1180.52
-1055.71
-931.755
-809.092
-687.709
-567.582
-449.864
-336.858
-237.452
-157.743
-146.493
-200.56
-206.455
-426.082
-284.904
-134.488
22.4837
175.332
321.805
455.437
569.013
659.527
726.906
771.835
797.266
806.507
801.939
786.475
762.759
732.992
698.704
660.936
620.411
577.637
532.94
486.693
439.628
393.38
349.709
308.996
271.188
236.509
205.226
177.383
152.865
131.463
112.954
97.0159
83.5911
72.6038
66.9119
66.2458
-442.923
-574.202
-718.507
-870.76
-1023.94
-1179.13
-1331.42
-1476.43
-1611.5
-1733.87
-1841.19
-1931.75
-2004.37
-2057.54
-2090.36
-2102.39
-2093.53
-2064.27
-2015.32
-1947.83
-1863.18
-1763.34
-1651.12
-1530.27
-1405.17
-1280.82
-1159.37
-1039.09
-919.097
-799.857
-681.468
-563.945
-448.384
-337.029
-238.514
-159.578
-147.647
-199.361
-203.952
-320.019
-196.707
-64.9027
73.4639
208.13
337.752
456.766
558.632
640.66
702.782
745.699
771.611
782.844
781.382
769.512
749.348
722.78
691.25
655.81
617.234
576.103
532.838
487.876
441.961
396.555
353.285
312.727
274.943
240.176
208.705
180.608
155.803
134.107
115.317
99.1398
85.5378
74.4594
68.6663
67.85
-359.75
-478.939
-610.551
-750.009
-890.425
-1034.04
-1176.49
-1313.74
-1443.87
-1564.1
-1672.07
-1765.92
-1843.69
-1903.62
-1944.75
-1966.38
-1968.21
-1950.41
-1913.4
-1858.06
-1785.57
-1697.7
-1596.95
-1486.73
-1370.92
-1253.79
-1137.72
-1021.95
-905.889
-790.05
-674.713
-559.972
-446.875
-337.554
-240.241
-162.21
-149.139
-197.677
-200.148
-248.18
-136.905
-17.8822
106.856
227.858
344.53
452.123
544.675
619.786
677.488
718.615
744.766
757.626
758.909
750.378
733.694
710.422
681.852
648.992
612.626
573.384
531.762
488.252
443.61
399.172
356.458
316.176
278.507
243.72
212.113
183.802
158.738
136.768
117.711
101.304
87.5287
76.3582
70.4451
69.4566
-293.129
-401.397
-521.581
-648.96
-777.282
-909.403
-1041.17
-1169.1
-1291.77
-1406.67
-1511.58
-1604.83
-1684.54
-1749.21
-1797.53
-1828.35
-1840.84
-1834.65
-1809.79
-1766.79
-1706.56
-1630.66
-1541.34
-1441.68
-1335.18
-1225.51
-1115.18
-1004.16
-892.172
-779.813
-667.571
-555.714
-445.31
-338.371
-242.628
-165.672
-150.979
-195.418
-195.327
-191.814
-91.2434
16.6144
129.829
239.517
345.534
443.728
528.567
597.822
651.771
691.233
717.336
731.48
735.094
729.559
716.161
696.153
670.638
640.531
606.589
569.457
529.68
487.793
444.556
401.224
359.219
319.343
281.888
247.161
215.48
186.999
161.708
139.483
120.171
103.538
89.5877
78.3179
72.2599
71.0735
-242.192
-341.459
-452.007
-569.281
-687.31
-809.342
-931.618
-1050.96
-1166.43
-1275.76
-1376.98
-1468.63
-1548.92
-1616.16
-1668.87
-1705.71
-1725.55
-1727.9
-1712.48
-1679.58
-1629.82
-1564.53
-1485.63
-1395.86
-1298.29
-1196.06
-1091.63
-985.545
-877.819
-769.108
-660.064
-551.166
-443.6
-339.33
-245.549
-169.888
-153.136
-192.502
-189.591
-149.296
-57.4322
41.2859
144.981
245.303
342.494
432.845
511.187
575.412
626.109
663.974
689.801
704.894
710.43
707.51
697.122
680.246
657.78
630.516
599.147
564.305
526.552
486.446
444.751
402.657
361.51
322.171
285.037
250.453
218.765
190.166
164.682
142.228
122.676
105.825
91.7016
80.3275
74.103
72.6928
-201.721
-293.12
-395.177
-503.43
-612.246
-725.069
-838.387
-949.361
-1057.42
-1160.49
-1256.9
-1345.41
-1424.34
-1492.11
-1547.3
-1588.52
-1614.45
-1624.26
-1617.4
-1593.82
-1553.86
-1498.57
-1429.56
-1349.26
-1260.34
-1165.5
-1067.07
-966.064
-862.748
-757.847
-652.149
-546.31
-441.668
-340.258
-248.782
-174.656
-155.527
-188.871
-183.004
-116.145
-31.7877
59.0844
154.653
247.031
336.715
420.385
493.104
552.998
600.818
637.107
662.501
678.233
685.31
684.622
676.927
662.977
643.475
619.067
590.361
557.941
522.359
484.18
444.157
403.433
363.29
324.624
287.92
253.571
221.949
193.286
167.651
144.996
125.223
108.166
93.8705
82.3867
75.9739
74.315
-169.518
-254.092
-348.723
-449.067
-549.739
-654.339
-759.559
-862.842
-963.83
-1060.7
-1152.07
-1236.9
-1313.66
-1380.92
-1437.25
-1481.29
-1511.57
-1527.07
-1527.08
-1511.32
-1479.88
-1433.54
-1373.61
-1302.16
-1221.52
-1133.93
-1041.58
-945.744
-846.953
-746.002
-643.788
-541.12
-439.473
-341.021
-252.1
-179.702
-158.019
-184.534
-175.64
-90.2789
-12.3719
71.7367
160.299
245.846
329.067
406.936
474.739
530.86
576.086
610.814
635.664
651.78
660.053
661.226
655.893
644.62
627.929
606.327
580.311
550.398
517.106
480.978
442.746
403.517
364.518
326.66
290.5
256.481
225.002
196.337
170.598
147.774
127.803
110.552
96.0888
84.4904
77.8697
75.9366
-143.551
-222.098
-310.137
-403.43
-496.833
-594.002
-691.813
-787.935
-882.204
-972.989
-1059.13
-1139.82
-1213.68
-1279.44
-1335.75
-1381.3
-1414.69
-1434.7
-1440.45
-1431.48
-1407.63
-1369.42
-1317.87
-1254.73
-1181.98
-1101.48
-1015.21
-924.621
-830.455
-733.573
-634.968
-535.587
-437.008
-341.545
-255.316
-184.774
-160.456
-179.575
-167.552
-69.8875
2.37209
80.5686
162.995
242.59
320.164
392.924
456.396
509.17
552.017
585.238
609.454
625.736
634.903
637.604
634.305
625.432
611.358
592.452
569.1
541.733
510.81
476.833
440.502
402.884
365.16
328.241
292.741
259.151
227.899
199.299
173.505
150.551
130.406
112.977
98.3521
86.6348
79.7875
77.5565
-122.461
-195.671
-277.819
-364.811
-451.704
-542.172
-633.252
-722.78
-810.773
-895.768
-976.773
-1053.17
-1123.76
-1187.42
-1242.95
-1289.06
-1324.47
-1347.81
-1358.14
-1354.83
-1337.55
-1306.56
-1262.63
-1207.19
-1141.89
-1068.26
-988.034
-902.736
-813.271
-720.563
-625.685
-529.701
-434.275
-341.812
-258.292
-189.687
-162.727
-174.126
-158.907
-53.7571
13.5381
86.499
163.507
237.848
310.438
378.644
438.269
488.047
528.676
560.454
583.966
600.242
610.056
613.979
612.407
605.653
593.972
577.613
556.85
532.019
503.505
471.753
437.415
401.514
365.185
329.333
294.609
261.548
230.611
202.146
176.354
153.31
133.022
115.433
100.654
88.8144
81.7244
79.1721
-105.203
-173.641
-250.488
-331.8
-412.826
-497.224
-582.175
-665.642
-747.8
-827.313
-903.333
-975.407
-1042.5
-1103.65
-1157.79
-1203.71
-1240.21
-1265.97
-1279.9
-1281.3
-1269.68
-1245.09
-1208.05
-1159.71
-1101.42
-1034.39
-960.126
-880.129
-795.421
-706.977
-615.929
-523.447
-431.263
-341.827
-260.953
-194.297
-164.788
-168.361
-149.95
-40.9349
21.9293
90.2334
162.397
232.065
300.195
364.309
420.497
467.551
506.121
536.51
559.273
575.407
585.653
590.538
590.405
585.494
575.969
561.979
543.691
521.345
495.244
465.762
433.489
399.394
364.57
329.903
296.07
263.641
233.107
204.854
179.124
156.038
135.639
117.912
102.988
91.0238
83.6767
80.7819
-91.0016
-155.132
-227.184
-303.354
-379.076
-457.965
-537.312
-615.231
-691.976
-766.329
-837.59
-905.428
-968.952
-1027.36
-1079.69
-1124.86
-1161.75
-1189.13
-1205.81
-1211.03
-1204.21
-1185.21
-1154.35
-1112.49
-1060.74
-1000.02
-931.576
-856.854
-776.93
-692.819
-605.693
-516.805
-427.945
-341.581
-263.284
-198.49
-166.643
-162.518
-140.976
-30.7221
28.1647
92.2751
160.084
225.553
289.663
350.084
403.156
447.721
484.364
513.42
535.405
551.294
561.801
567.422
568.474
565.145
557.536
545.714
529.757
509.812
486.094
458.898
428.736
396.519
363.297
329.926
297.093
265.399
235.361
207.397
181.795
158.715
138.243
120.402
105.346
93.2563
85.6409
82.3832
-79.2457
-139.462
-207.158
-278.649
-349.558
-423.411
-497.632
-570.457
-642.194
-711.728
-778.484
-842.231
-902.198
-957.721
-1007.98
-1051.98
-1088.7
-1117.02
-1135.72
-1144.01
-1141.21
-1127.06
-1101.67
-1065.7
-1020.01
-965.266
-902.478
-832.969
-757.833
-678.102
-594.972
-509.759
-424.293
-341.046
-265.284
-202.2
-168.277
-156.846
-132.237
-22.5842
32.7114
93.025
156.887
218.553
279.006
336.08
386.311
428.571
463.421
491.197
512.389
527.95
538.574
544.743
546.753
544.769
538.84
528.979
515.188
497.529
476.131
451.205
423.18
392.899
361.358
329.379
297.651
266.791
237.341
209.75
184.343
161.324
140.82
122.893
107.72
95.5052
87.6124
83.9747
-69.4644
-126.117
-189.833
-257.042
-323.559
-392.802
-462.331
-530.465
-597.571
-662.629
-725.144
-784.968
-841.456
-894.054
-942.065
-984.611
-1020.72
-1049.45
-1069.57
-1080.24
-1080.76
-1070.76
-1050.2
-1019.53
-979.405
-930.284
-872.938
-808.545
-738.17
-662.843
-583.767
-502.294
-420.278
-340.181
-266.941
-205.419
-169.652
-151.563
-123.935
-16.1042
35.9288
92.782
153.04
211.246
268.353
322.37
369.996
410.108
443.282
469.829
490.222
505.395
516.028
522.583
525.359
524.501
520.033
511.924
500.12
484.611
465.444
442.746
416.858
388.546
358.748
328.248
297.72
267.791
239.022
211.886
186.745
163.846
143.354
125.372
110.099
97.7618
89.5866
85.5533
-61.2889
-114.679
-174.73
-238.019
-300.502
-365.525
-430.734
-494.555
-557.377
-618.269
-676.803
-732.913
-786.037
-835.735
-881.406
-922.285
-957.484
-986.177
-1007.18
-1019.66
-1022.88
-1016.4
-1000.05
-974.118
-939.083
-895.215
-843.068
-783.657
-717.987
-647.065
-572.079
-494.398
-415.879
-338.951
-268.227
-208.158
-170.737
-146.802
-116.24
-10.955
38.0954
91.7772
148.734
203.764
257.801
309.005
354.219
392.337
423.933
449.304
468.903
483.647
494.197
501.009
504.381
504.456
501.243
494.684
484.683
471.172
454.126
433.589
409.814
383.484
355.476
326.524
297.281
268.374
240.375
213.778
188.977
166.259
145.828
127.825
112.473
100.018
91.5579
87.1177
-54.4262
-104.812
-161.49
-221.159
-279.94
-341.071
-402.302
-462.136
-521.005
-578.025
-632.839
-685.438
-735.345
-782.197
-825.5
-864.58
-898.643
-926.952
-948.434
-962.216
-967.587
-964.049
-951.341
-929.613
-899.191
-860.194
-812.977
-758.387
-697.34
-630.797
-559.917
-486.063
-411.074
-337.323
-269.106
-210.432
-171.524
-142.616
-109.31
-6.87733
39.4311
90.194
144.109
196.209
247.415
296.018
338.992
375.244
405.353
429.598
448.415
462.699
473.097
480.061
483.89
484.728
482.583
477.381
469
457.325
442.271
423.807
402.101
377.748
351.554
324.205
296.321
268.52
241.376
215.401
191.016
168.542
148.223
130.237
114.828
102.264
93.5202
88.6644
-48.6407
-96.2517
-149.81
-206.132
-261.496
-319.034
-376.586
-432.744
-487.948
-541.371
-592.706
-642.002
-688.84
-732.938
-773.886
-811.098
-843.87
-871.532
-893.144
-907.815
-914.858
-913.751
-904.164
-886.133
-859.866
-825.355
-782.783
-732.823
-676.288
-614.073
-547.292
-477.283
-405.843
-335.271
-269.548
-212.244
-172.031
-138.991
-103.226
-3.66897
40.111
88.1753
139.276
188.663
237.242
283.432
324.315
358.82
387.525
410.696
428.746
442.548
452.743
459.771
463.938
465.394
464.147
460.124
453.184
443.181
429.978
413.483
393.781
371.378
347.006
321.296
294.832
268.21
242.003
216.731
192.837
170.674
150.52
132.591
117.153
104.49
95.467
90.1914
-43.7464
-88.7834
-139.443
-192.661
-244.862
-299.073
-353.223
-405.975
-457.781
-507.862
-555.958
-602.151
-646.087
-687.538
-726.173
-761.49
-792.864
-819.679
-841.139
-856.357
-864.661
-865.531
-858.59
-843.789
-821.239
-790.831
-752.6
-707.058
-654.895
-596.933
-534.223
-468.056
-400.173
-332.774
-269.529
-213.595
-172.28
-135.891
-98.0068
-1.16178
40.2734
85.8342
134.318
181.181
227.325
271.263
310.188
343.053
370.428
392.569
409.873
423.185
433.135
440.157
444.563
446.51
446.014
443.005
437.337
428.84
417.345
402.701
384.92
364.42
341.859
317.81
292.812
267.434
242.237
217.745
194.416
172.631
152.699
134.871
119.432
106.683
97.3905
91.695
-39.587
-82.229
-130.192
-180.521
-229.787
-280.909
-331.9
-381.496
-430.139
-477.115
-522.191
-565.482
-606.676
-645.603
-681.997
-715.417
-745.331
-771.163
-792.248
-807.722
-816.942
-819.393
-814.674
-802.667
-783.419
-756.739
-722.54
-681.182
-633.231
-579.424
-520.732
-458.386
-394.05
-329.812
-269.029
-214.481
-172.293
-133.264
-93.6249
0.774768
40.0311
83.2582
129.304
173.811
217.687
259.518
296.598
327.921
354.037
375.197
391.772
404.591
414.266
421.228
425.792
428.123
428.248
426.105
421.55
414.401
404.462
391.542
375.586
356.929
336.151
313.766
290.266
266.184
242.063
218.423
195.731
174.391
154.739
137.058
121.651
108.833
99.2828
93.1721
-36.0356
-76.4476
-121.89
-169.524
-216.063
-264.306
-312.363
-359.023
-404.731
-448.812
-491.072
-531.643
-570.258
-606.788
-641.022
-672.579
-701.001
-725.758
-746.295
-761.793
-771.635
-775.32
-772.446
-762.846
-746.508
-723.192
-692.711
-655.29
-611.371
-561.594
-506.847
-448.281
-387.469
-326.371
-268.039
-214.907
-172.087
-131.064
-90.0367
2.24721
39.4762
80.524
124.285
166.593
208.347
248.197
283.54
313.404
338.329
358.549
374.42
386.748
396.131
402.988
407.642
410.266
410.899
409.49
405.901
399.949
391.42
380.092
365.854
348.963
329.924
309.191
287.204
264.458
241.47
218.747
196.762
175.933
156.62
139.133
123.793
110.926
101.135
94.618
-32.9907
-71.3169
-114.402
-159.515
-203.51
-249.07
-294.392
-338.319
-381.293
-422.684
-462.318
-500.345
-536.532
-570.79
-602.953
-632.696
-659.622
-683.249
-703.103
-718.441
-728.662
-733.288
-731.923
-724.373
-710.583
-690.286
-663.215
-629.474
-589.39
-543.499
-492.601
-437.753
-380.427
-322.442
-266.55
-214.877
-171.675
-129.237
-87.1802
3.34672
38.678
77.685
119.307
159.553
199.311
237.298
270.999
299.488
323.283
342.604
357.794
369.635
378.71
385.43
390.122
392.963
394.006
393.214
390.459
385.561
378.299
368.43
355.796
340.583
323.226
304.116
283.644
262.26
240.449
218.703
197.489
177.234
158.319
141.076
125.841
112.949
102.937
96.0287
-30.3691
-66.7379
-107.613
-150.364
-191.978
-235.034
-277.8
-319.178
-359.607
-398.487
-435.67
-471.317
-505.228
-537.343
-567.531
-595.52
-620.963
-643.434
-662.512
-677.541
-687.943
-693.257
-693.109
-687.291
-675.721
-658.114
-634.149
-603.824
-567.363
-525.199
-478.03
-426.825
-372.93
-318.02
-264.562
-214.4
-171.067
-127.736
-84.9982
4.14416
37.6989
74.7889
114.398
152.705
190.586
226.816
258.968
286.154
308.871
327.334
341.869
353.233
361.991
368.549
373.235
376.232
377.602
377.322
375.28
371.306
365.175
356.631
345.483
331.853
316.106
298.579
279.608
259.599
239
218.279
197.895
178.278
159.818
142.869
127.778
114.888
104.679
97.3982
-28.0991
-62.6282
-101.428
-141.963
-181.347
-222.057
-262.434
-301.432
-339.483
-376.02
-410.917
-444.337
-476.11
-506.206
-534.52
-560.821
-584.812
-606.12
-624.357
-638.965
-649.381
-655.177
-655.996
-651.628
-641.978
-626.754
-605.598
-578.425
-545.364
-506.749
-463.18
-415.517
-364.986
-313.11
-262.075
-213.487
-170.271
-126.509
-83.428
4.69967
36.5852
71.8714
109.584
146.065
182.176
216.743
247.43
273.379
295.074
312.717
326.62
337.517
345.957
352.335
356.978
360.077
361.703
361.847
360.414
357.242
352.112
344.765
334.983
322.834
308.619
292.62
275.124
256.49
237.125
217.471
197.968
179.043
161.096
144.491
129.586
116.728
106.351
98.721
-26.1214
-58.9222
-95.7651
-134.217
-171.507
-210.018
-248.158
-284.93
-320.758
-355.105
-387.866
-419.205
-448.977
-477.171
-503.71
-528.396
-550.977
-571.126
-588.485
-602.587
-612.886
-618.988
-620.559
-617.391
-609.389
-596.267
-577.642
-553.361
-523.47
-488.214
-448.095
-403.865
-356.615
-307.717
-259.101
-212.152
-169.295
-125.511
-82.4094
5.06188
35.3762
68.9618
104.885
139.642
174.081
207.074
236.369
261.146
281.868
298.727
312.022
322.464
330.584
336.771
341.345
344.503
346.326
346.818
345.898
343.419
339.172
332.899
324.365
313.59
300.819
286.284
270.226
252.953
234.833
216.274
197.696
179.516
162.134
145.924
131.247
118.455
107.94
99.9897
-24.3879
-55.5576
-90.5585
-127.046
-162.371
-198.815
-234.856
-269.546
-303.292
-335.593
-366.356
-395.75
-423.645
-450.052
-474.913
-498.06
-519.28
-538.287
-554.751
-568.284
-578.364
-584.627
-586.769
-584.585
-577.99
-566.709
-550.348
-528.706
-501.754
-469.66
-432.826
-391.897
-347.838
-301.858
-255.65
-210.409
-168.146
-124.693
-81.8757
5.27005
34.104
66.084
100.315
133.442
166.3
197.799
225.774
249.434
269.229
285.341
298.054
308.055
315.858
321.843
326.327
329.51
331.48
332.253
331.763
329.879
326.406
321.091
313.688
304.181
292.762
279.619
264.947
249.011
232.135
214.691
197.073
179.683
162.917
147.149
132.743
120.053
109.435
101.197
-22.8588
-52.4888
-85.7492
-120.383
-153.859
-188.361
-222.429
-255.165
-286.963
-317.35
-346.24
-373.815
-399.954
-424.68
-447.958
-469.646
-489.56
-507.451
-523.018
-535.936
-545.718
-552.026
-554.582
-553.202
-547.798
-538.119
-523.776
-504.525
-480.286
-451.149
-417.425
-379.66
-338.681
-295.556
-251.741
-208.276
-166.822
-124.012
-81.7579
5.35898
32.7944
63.2557
95.8815
127.47
158.827
188.907
215.625
238.225
257.138
272.535
284.69
294.264
301.757
307.534
311.912
315.09
317.165
318.162
318.032
316.657
313.858
309.391
303.009
294.662
284.501
272.671
259.329
244.693
229.048
212.727
196.095
179.534
163.428
148.148
134.058
121.506
110.823
102.334
-21.4992
-49.674
-81.2883
-114.173
-145.906
-178.577
-210.791
-241.691
-271.661
-300.253
-327.395
-353.263
-377.757
-400.907
-422.694
-442.999
-461.665
-478.473
-493.152
-505.431
-514.855
-521.115
-523.959
-523.217
-518.817
-510.53
-497.975
-480.883
-459.128
-432.74
-401.948
-367.194
-329.183
-288.833
-247.397
-205.768
-165.329
-123.424
-81.9818
5.35567
31.4678
60.4905
91.5969
121.725
151.657
180.388
205.911
227.501
245.572
260.287
271.907
281.068
288.258
293.826
298.087
301.239
303.382
304.555
304.722
303.78
301.564
297.845
292.379
285.09
276.089
265.49
253.411
240.032
225.594
210.394
194.764
179.062
163.655
148.907
135.175
122.801
112.093
103.393
-20.2812
-47.0784
-77.1348
-108.365
-138.452
-169.398
-199.866
-229.041
-257.296
-284.206
-309.708
-333.979
-356.931
-378.601
-398.984
-417.982
-435.46
-451.227
-465.034
-476.659
-485.683
-491.821
-494.848
-494.61
-491.049
-483.961
-472.982
-457.829
-438.343
-414.497
-386.45
-354.549
-319.382
-281.726
-242.644
-202.907
-163.666
-122.889
-82.4806
5.28263
30.1422
57.8001
87.4643
116.207
144.784
172.23
196.617
217.244
234.512
248.575
259.682
268.448
275.34
280.7
284.835
287.942
290.126
291.435
291.845
291.268
289.555
286.493
281.843
275.511
267.577
258.123
247.236
235.059
221.797
207.706
193.085
178.263
163.589
149.412
136.079
123.922
113.231
104.364
-19.1802
-44.6724
-73.2528
-102.917
-131.452
-160.768
-189.591
-217.144
-243.787
-269.118
-293.083
-315.857
-337.363
-357.645
-376.709
-394.473
-410.822
-425.589
-438.551
-449.519
-458.114
-464.075
-467.196
-467.346
-464.482
-458.424
-448.829
-435.41
-417.981
-396.475
-370.985
-341.775
-309.319
-274.268
-237.511
-199.713
-161.831
-122.369
-83.1836
5.15817
28.8313
55.1933
83.4864
110.913
138.201
164.422
187.727
207.436
223.939
237.38
247.997
256.381
262.984
268.138
272.14
275.189
277.391
278.802
279.408
279.137
277.855
275.367
271.442
265.972
259.011
250.615
240.846
229.813
217.685
204.681
191.066
177.138
163.222
149.651
136.755
124.857
114.225
105.235
-18.1771
-42.4318
-69.6115
-97.7923
-124.858
-152.636
-179.906
-205.931
-231.058
-254.907
-277.431
-298.802
-318.953
-337.934
-355.758
-372.359
-387.637
-401.451
-413.598
-423.912
-432.062
-437.801
-440.947
-441.39
-439.1
-433.922
-425.537
-413.66
-398.092
-378.729
-355.611
-328.924
-299.044
-266.502
-232.032
-196.205
-159.824
-121.828
-84.0235
4.9985
27.5451
52.6762
79.6653
105.841
131.9
156.955
179.225
198.06
213.833
226.68
236.827
244.845
251.169
256.119
259.986
262.965
265.165
266.65
267.413
267.397
266.484
264.495
261.21
256.513
250.434
243.012
234.283
224.33
213.288
201.341
188.719
175.691
162.553
149.616
137.193
125.592
115.064
105.998
-17.2551
-40.3342
-66.185
-92.9589
-118.634
-144.958
-170.762
-195.347
-219.046
-241.502
-262.674
-282.728
-301.609
-319.371
-336.032
-351.538
-365.806
-378.711
-390.074
-399.748
-407.442
-412.929
-416.045
-416.701
-414.881
-410.453
-403.122
-392.613
-378.718
-361.309
-340.378
-316.048
-288.603
-258.469
-226.242
-192.408
-157.64
-121.234
-84.9377
4.816
26.2928
50.2525
76.0016
100.985
125.874
149.815
171.1
189.1
204.175
216.454
226.152
233.818
239.873
244.623
248.354
251.255
253.44
254.973
255.861
256.055
255.455
253.897
251.175
247.168
241.887
235.354
227.588
218.648
208.637
197.709
186.061
173.928
161.579
149.3
137.382
126.116
115.736
106.643
-16.3994
-38.3629
-62.9506
-88.3899
-112.748
-137.696
-162.116
-185.343
-207.698
-228.843
-248.744
-267.565
-285.256
-301.872
-317.441
-331.918
-345.232
-357.275
-367.889
-376.94
-384.178
-389.39
-392.435
-393.238
-391.797
-388.004
-381.59
-372.291
-359.895
-344.259
-325.339
-303.201
-278.049
-250.216
-220.178
-188.345
-155.28
-120.557
-85.8672
4.62076
25.0804
47.9259
72.4926
96.3404
120.113
142.992
163.335
180.539
194.947
206.684
215.952
223.282
229.078
233.634
237.227
240.045
242.201
243.763
244.747
245.114
244.778
243.592
241.362
237.969
233.405
227.68
220.799
212.802
203.765
193.813
183.11
171.862
160.305
148.701
137.316
126.42
116.231
107.159
-15.5994
-36.5013
-59.8893
-84.0609
-107.172
-130.816
-153.926
-175.872
-196.961
-216.872
-235.58
-253.243
-269.816
-285.361
-299.906
-313.415
-325.83
-337.057
-346.957
-355.406
-362.193
-367.117
-370.058
-370.954
-369.817
-366.561
-360.942
-352.709
-341.653
-327.62
-310.54
-290.431
-267.431
-241.789
-213.879
-184.038
-152.743
-119.771
-86.7584
4.42126
23.9135
45.6969
69.1378
91.9027
114.61
136.475
155.918
172.361
186.133
197.352
206.21
213.217
218.762
223.13
226.587
229.318
231.435
233.011
234.067
234.574
234.459
233.591
231.793
228.94
225.018
220.024
213.954
206.829
198.705
189.679
179.888
169.505
158.738
147.818
136.988
126.495
116.539
107.537
-14.8451
-34.7374
-56.9842
-79.9518
-101.879
-124.29
-146.161
-166.896
-186.791
-205.541
-223.127
-239.702
-255.227
-269.766
-283.351
-295.953
-307.522
-317.979
-327.199
-335.073
-341.416
-346.046
-348.857
-349.805
-348.91
-346.106
-341.173
-333.876
-324.015
-311.428
-296.026
-277.789
-256.8
-233.236
-207.382
-179.514
-150.028
-118.853
-87.5648
4.22427
22.7952
43.567
65.9329
87.6656
109.355
130.25
148.835
164.551
177.715
188.439
196.905
203.604
208.909
213.093
216.416
219.057
221.129
222.705
223.812
224.431
224.501
223.905
222.48
220.104
216.754
212.419
207.086
200.764
193.49
185.338
176.418
166.875
156.887
146.657
136.398
126.337
116.652
107.767
-14.1284
-33.0593
-54.2207
-76.0433
-96.8481
-118.089
-138.788
-158.379
-177.146
-194.804
-211.335
-226.888
-241.431
-255.027
-267.712
-279.462
-290.237
-299.967
-308.544
-315.867
-321.781
-326.115
-328.78
-329.745
-329.039
-326.615
-322.273
-315.799
-306.998
-295.713
-281.835
-265.32
-246.203
-224.602
-200.726
-174.796
-147.138
-117.783
-88.2442
4.03404
21.7284
41.5339
62.8754
83.6226
104.341
124.309
142.072
157.094
169.677
179.927
188.019
194.423
199.497
203.504
206.696
209.246
211.266
212.831
213.973
214.681
214.903
214.538
213.437
211.48
208.636
204.892
200.227
194.639
188.152
180.819
172.726
163.991
154.765
145.221
135.547
125.941
116.565
107.841
-13.4427
-31.4589
-51.586
-72.32
-92.0593
-112.19
-131.78
-150.289
-167.994
-184.621
-200.16
-214.754
-228.375
-241.087
-252.927
-263.879
-273.909
-282.956
-290.924
-297.724
-303.222
-307.264
-309.772
-310.726
-310.167
-308.061
-304.229
-298.475
-290.617
-280.498
-268.003
-253.066
-235.686
-215.932
-193.95
-169.91
-144.078
-116.547
-88.7639
3.85552
20.7137
39.5982
59.9609
79.7677
99.557
118.639
135.617
149.975
162.004
171.801
179.535
185.656
190.509
194.345
197.408
199.868
201.831
203.378
204.54
205.317
205.663
205.494
204.671
203.08
200.685
197.467
193.404
188.485
182.721
176.15
168.837
160.875
152.388
143.523
134.438
125.308
116.272
107.752
-12.7828
-29.927
-49.0701
-68.7681
-87.4956
-106.573
-125.111
-142.599
-159.299
-174.956
-189.56
-203.253
-216.009
-227.893
-238.943
-249.146
-258.477
-266.882
-274.277
-280.581
-285.681
-289.436
-291.781
-292.705
-292.257
-290.416
-287.024
-281.901
-274.878
-265.804
-254.56
-241.065
-225.291
-207.268
-187.089
-164.88
-140.852
-115.133
-89.0942
3.69128
19.7528
37.7577
57.1869
76.0944
94.996
113.23
129.457
143.181
154.678
164.044
171.436
177.286
181.927
185.599
188.537
190.906
192.811
194.33
195.503
196.33
196.778
196.772
196.188
194.915
192.915
190.166
186.642
182.329
177.228
171.361
164.778
157.549
149.774
141.573
133.078
124.438
115.771
107.493
-12.1445
-28.4581
-46.663
-65.3753
-83.1416
-101.22
-118.761
-135.282
-151.034
-165.776
-179.501
-192.347
-204.291
-215.398
-225.707
-235.21
-243.885
-251.688
-258.545
-264.38
-269.101
-272.578
-274.757
-275.636
-275.271
-273.652
-270.639
-266.067
-259.784
-251.644
-241.529
-229.35
-215.057
-198.649
-180.179
-159.732
-137.471
-113.533
-89.2142
3.54402
18.845
36.0114
54.5477
72.5965
90.6486
108.072
123.581
136.698
147.688
156.64
163.705
169.297
173.735
177.249
180.065
182.343
184.188
185.676
186.848
187.711
188.24
188.371
187.991
186.994
185.34
183.006
179.964
176.197
171.699
166.481
160.575
154.037
146.942
139.386
131.476
123.336
115.062
107.061
-11.5241
-27.0454
-44.357
-62.1308
-78.9836
-96.1128
-112.709
-128.315
-143.172
-157.05
-169.949
-181.998
-193.18
-203.559
-213.175
-222.022
-230.084
-237.322
-243.673
-249.068
-253.428
-256.637
-258.651
-259.476
-259.171
-257.737
-255.05
-250.962
-245.334
-238.028
-228.932
-217.949
-205.018
-190.113
-173.253
-154.491
-133.944
-111.745
-89.1083
3.41487
17.9907
34.3553
52.0398
69.267
86.5067
103.154
117.976
130.512
141.016
149.574
156.327
161.672
165.915
169.277
171.975
174.165
175.947
177.399
178.563
179.451
180.043
180.286
180.08
179.322
177.97
176.001
173.389
170.112
166.159
161.534
156.256
150.364
143.913
136.979
129.645
122.008
114.146
106.452
-10.9186
-25.6852
-42.1443
-59.0252
-75.0086
-91.2378
-106.939
-121.678
-135.688
-148.752
-160.872
-172.173
-182.64
-192.337
-201.303
-209.536
-217.025
-223.736
-229.612
-234.593
-238.613
-241.566
-243.418
-244.181
-243.919
-242.639
-240.235
-236.571
-231.522
-224.962
-216.782
-206.887
-195.203
-181.691
-166.342
-149.18
-130.284
-109.769
-88.7673
3.30497
17.1889
32.7881
49.6578
66.0999
82.5625
98.4672
112.63
124.611
134.651
142.831
149.285
154.394
158.45
161.667
164.252
166.354
168.074
169.487
170.637
171.538
172.179
172.514
172.453
171.901
170.812
169.164
166.933
164.094
160.633
156.547
151.846
146.554
140.711
134.371
127.598
120.464
113.027
105.666
-10.3258
-24.3724
-40.0196
-56.0497
-71.2076
-86.5808
-101.432
-115.352
-128.561
-140.858
-152.244
-162.841
-172.638
-181.694
-190.053
-197.712
-204.665
-210.883
-216.315
-220.908
-224.607
-227.318
-229.013
-229.711
-229.478
-228.328
-226.167
-222.876
-218.34
-212.447
-205.092
-196.182
-185.64
-173.413
-159.475
-143.823
-126.504
-107.609
-88.1859
3.21502
16.4384
31.3065
47.3971
63.0878
78.8066
94.0003
107.534
118.983
128.579
136.397
142.565
147.448
151.326
154.402
156.878
158.896
160.553
161.924
163.054
163.961
164.638
165.048
165.11
164.732
163.871
162.505
160.609
158.16
155.14
151.542
147.368
142.631
137.357
131.582
125.35
118.715
111.711
104.703
-9.74421
-23.1041
-37.977
-53.1967
-67.5695
-82.1297
-96.1751
-109.319
-121.772
-133.343
-144.039
-153.974
-163.141
-171.598
-179.388
-186.511
-192.964
-198.721
-203.739
-207.969
-211.368
-213.849
-215.393
-216.024
-215.809
-214.769
-212.82
-209.857
-205.778
-200.479
-193.866
-185.848
-176.347
-165.304
-152.676
-138.443
-122.621
-105.273
-87.3652
3.14508
15.7375
29.9073
45.2527
60.2252
75.2325
89.745
102.676
113.615
122.786
130.258
136.153
140.82
144.528
147.469
149.839
151.775
153.369
154.697
155.804
156.709
157.411
157.88
158.043
157.815
157.151
156.03
154.429
152.325
149.7
146.542
142.847
138.62
133.874
128.632
122.921
116.773
110.207
103.566
-9.17237
-21.877
-36.0117
-50.4596
-64.0857
-77.8732
-91.1542
-103.563
-115.3
-126.188
-136.232
-145.545
-154.121
-162.018
-169.276
-175.898
-181.884
-187.211
-191.842
-195.734
-198.852
-201.118
-202.519
-203.083
-202.879
-201.931
-200.168
-197.494
-193.82
-189.053
-183.106
-175.895
-167.342
-157.385
-145.97
-133.061
-118.649
-102.772
-86.3098
3.09468
15.0849
28.5869
43.2203
57.505
71.8308
85.6917
98.0448
108.498
117.261
124.402
130.036
134.496
138.04
140.852
143.12
144.976
146.508
147.792
148.872
149.77
150.488
151.002
151.25
151.148
150.653
149.744
148.402
146.603
144.329
141.565
138.304
134.543
130.286
125.543
120.327
114.653
108.524
102.261
-8.60955
-20.6891
-34.1197
-47.8322
-60.7477
-73.8019
-86.3573
-98.0693
-109.131
-119.373
-128.804
-137.532
-145.553
-152.924
-159.684
-165.839
-171.388
-176.315
-180.587
-184.165
-187.021
-189.086
-190.352
-190.85
-190.652
-189.783
-188.182
-185.764
-182.45
-178.159
-172.812
-166.329
-158.638
-149.673
-139.376
-127.697
-114.607
-100.117
-85.0289
3.06355
14.4784
27.3427
41.2944
54.9211
68.5952
81.8313
93.6318
103.618
111.992
118.816
124.2
128.462
131.849
134.537
136.707
138.485
139.957
141.195
142.246
143.132
143.859
144.407
144.722
144.727
144.376
143.652
142.535
141.004
139.041
136.63
133.759
130.422
126.614
122.337
117.589
112.372
106.673
100.795
-8.05507
-19.5381
-32.2973
-45.3092
-57.549
-69.9057
-81.7732
-92.8256
-103.247
-112.879
-121.733
-129.911
-137.412
-144.29
-150.585
-156.303
-161.447
-166.001
-169.938
-173.224
-175.836
-177.713
-178.853
-179.289
-179.093
-178.293
-176.834
-174.644
-171.652
-167.786
-162.977
-157.153
-150.243
-142.183
-132.912
-122.37
-110.512
-97.3241
-83.5335
3.05076
13.9162
26.1704
39.4705
52.4677
65.5174
78.1557
89.4267
98.9662
106.967
113.488
118.632
122.705
125.941
128.511
130.586
132.288
133.701
134.894
135.913
136.784
137.512
138.086
138.455
138.548
138.32
137.754
136.833
135.537
133.849
131.751
129.231
126.277
122.88
119.033
114.725
109.947
104.669
99.1742
-7.50861
-18.4227
-30.5412
-42.8855
-54.4822
-66.1764
-77.3909
-87.8182
-97.6347
-106.692
-115.001
-122.662
-129.674
-136.091
-141.951
-147.261
-152.027
-156.235
-159.861
-162.876
-165.262
-166.966
-167.989
-168.366
-168.169
-167.429
-166.097
-164.109
-161.405
-157.921
-153.596
-148.364
-142.161
-134.925
-126.592
-117.098
-106.381
-94.4092
-81.8385
3.05543
13.3959
25.0673
37.744
50.1385
62.5908
74.6562
85.4199
94.5317
102.175
108.405
113.32
117.212
120.304
122.76
124.744
126.373
127.727
128.876
129.862
130.713
131.438
132.028
132.441
132.606
132.482
132.052
131.3
130.21
128.763
126.943
124.736
122.127
119.105
115.655
111.758
107.394
102.525
97.4106
-6.97015
-17.341
-28.8486
-40.5569
-51.5418
-62.6058
-73.2005
-83.0359
-92.2802
-100.794
-108.591
-115.765
-122.319
-128.304
-133.757
-138.687
-143.1
-146.986
-150.325
-153.089
-155.266
-156.81
-157.724
-158.047
-157.849
-157.16
-155.941
-154.134
-151.688
-148.547
-144.656
-139.959
-134.395
-127.906
-120.428
-111.894
-102.231
-91.3896
-79.9599
3.07642
12.9155
24.0298
36.11
47.9274
59.8078
71.3243
81.6024
90.3045
97.6058
103.558
108.253
111.971
114.926
117.272
119.168
120.726
122.024
123.127
124.08
124.909
125.626
126.226
126.672
126.896
126.859
126.545
125.94
125.027
123.792
122.218
120.289
117.991
115.307
112.22
108.704
104.733
100.256
95.5147
-6.43981
-16.2926
-27.217
-38.3192
-48.7218
-59.1871
-69.1933
-78.4679
-87.171
-95.1724
-102.486
-109.203
-115.326
-120.906
-125.979
-130.555
-134.64
-138.227
-141.299
-143.831
-145.816
-147.212
-148.026
-148.299
-148.099
-147.458
-146.34
-144.696
-142.481
-139.648
-136.148
-131.932
-126.945
-121.132
-114.431
-106.773
-98.0789
-88.2826
-77.9165
3.11269
12.4725
23.0542
34.5636
45.8289
57.1618
68.1526
77.9654
86.2752
93.2486
98.934
103.419
106.97
109.793
112.035
113.847
115.336
116.579
117.637
118.556
119.362
120.067
120.671
121.14
121.412
121.448
121.231
120.752
119.994
118.943
117.585
115.903
113.882
111.504
108.748
105.585
101.98
97.8777
93.4994
-5.91782
-15.2758
-25.6444
-36.1689
-46.0174
-55.9133
-65.3611
-74.1041
-82.2949
-89.8121
-96.6705
-102.957
-108.677
-113.878
-118.595
-122.841
-126.621
-129.931
-132.755
-135.073
-136.881
-138.141
-138.865
-139.092
-138.891
-138.293
-137.266
-135.768
-133.761
-131.204
-128.057
-124.273
-119.806
-114.604
-108.608
-101.747
-93.939
-85.1062
-75.726
3.16259
12.0646
22.1371
33.1004
43.8371
54.6459
65.1333
74.5004
82.4343
89.0935
94.5239
98.8079
102.2
104.896
107.037
108.768
110.191
111.38
112.395
113.279
114.059
114.75
115.353
115.839
116.149
116.243
116.11
115.737
115.113
114.223
113.054
111.591
109.816
107.713
105.258
102.418
99.1551
95.4071
91.3775
-5.40467
-14.2905
-24.1286
-34.1026
-43.4237
-52.7785
-61.6959
-69.9349
-77.6412
-84.7012
-91.1303
-97.0124
-102.353
-107.199
-111.585
-115.522
-119.019
-122.071
-124.666
-126.788
-128.432
-129.569
-130.21
-130.397
-130.195
-129.635
-128.691
-127.326
-125.506
-123.199
-120.368
-116.974
-112.974
-108.323
-102.963
-96.8264
-89.826
-81.8773
-73.4085
3.22498
11.6894
21.2753
31.7161
41.947
52.254
62.2589
71.1993
78.773
85.1314
90.3175
94.4089
97.6485
100.223
102.268
103.921
105.281
106.417
107.389
108.238
108.992
109.666
110.264
110.76
111.099
111.242
111.177
110.896
110.386
109.636
108.632
107.361
105.806
103.949
101.765
99.2209
96.2744
92.8597
89.1634
-4.90074
-13.3359
-22.668
-32.1173
-40.9365
-49.7763
-58.1905
-65.9517
-73.1994
-79.8272
-85.8517
-91.3531
-96.338
-100.852
-104.927
-108.577
-111.81
-114.624
-117.008
-118.948
-120.442
-121.466
-122.033
-122.183
-121.981
-121.458
-120.589
-119.344
-117.695
-115.612
-113.065
-110.021
-106.443
-102.287
-97.5015
-92.0193
-85.7531
-78.6129
-70.9827
3.29838
11.3447
20.4656
30.4067
40.153
49.98
59.5227
68.0544
75.2829
81.3533
86.3056
90.2127
93.3063
95.7649
97.7171
99.2947
100.593
101.679
102.609
103.424
104.151
104.806
105.395
105.896
106.256
106.439
106.431
106.227
105.815
105.186
104.326
103.224
101.863
100.224
98.285
96.01
93.355
90.2518
86.8711
-4.40664
-12.4118
-21.261
-30.2104
-38.5515
-46.9019
-54.8377
-62.1458
-68.9593
-75.1788
-80.822
-85.9651
-90.6159
-94.818
-98.6041
-101.987
-104.975
-107.567
-109.755
-111.528
-112.886
-113.807
-114.306
-114.425
-114.224
-113.735
-112.935
-111.799
-110.303
-108.423
-106.132
-103.403
-100.203
-96.4932
-92.224
-87.3325
-81.7317
-75.3287
-68.4677
3.38144
11.0284
19.7051
29.168
38.451
47.8184
56.918
65.0583
71.9561
77.7505
82.4791
86.2098
89.1635
91.5109
93.3742
94.88
96.1193
97.156
98.0452
98.8261
99.5259
100.161
100.739
101.24
101.615
101.828
101.868
101.728
101.401
100.875
100.141
99.1857
97.9955
96.5523
94.832
92.8005
90.4126
87.5987
84.5151
-3.92275
-11.5175
-19.9064
-28.379
-36.2653
-44.15
-51.6315
-58.5098
-64.912
-70.7455
-76.0286
-80.8345
-85.1715
-89.0819
-92.5972
-95.7301
-98.4901
-100.877
-102.886
-104.505
-105.737
-106.565
-107.004
-107.094
-106.896
-106.439
-105.703
-104.666
-103.309
-101.612
-99.5526
-97.1069
-94.2461
-90.9361
-87.1312
-82.7716
-77.7723
-72.0392
-65.8814
3.47291
10.7383
18.9907
27.9966
36.8358
45.7635
54.4387
62.204
68.7845
74.3148
78.8295
82.3916
85.2115
87.4523
89.2304
90.6671
91.8494
92.8388
93.6882
94.4358
95.108
95.7219
96.2864
96.7844
97.1694
97.4061
97.4842
97.3986
97.1419
96.7054
96.0797
95.2534
94.2136
92.943
91.4186
89.6066
87.4622
84.9156
82.1095
-3.4496
-10.653
-18.6027
-26.6211
-34.0741
-41.5159
-48.5656
-55.0362
-61.0486
-66.517
-71.4602
-75.9483
-79.9904
-83.6271
-86.8893
-89.7895
-92.3378
-94.535
-96.3768
-97.8552
-98.9727
-99.7158
-100.101
-100.167
-99.9729
-99.5452
-98.8685
-97.9226
-96.6921
-95.1602
-93.3088
-91.1176
-88.5615
-85.6103
-82.2221
-78.3404
-73.8836
-68.7579
-63.2411
3.57161
10.4727
18.3201
26.8885
35.3031
43.8103
52.0786
59.4845
65.7609
71.0386
75.3489
78.7497
81.4416
83.5801
85.2767
86.6471
87.7748
88.7185
89.5293
90.2442
90.8891
91.4812
92.0306
92.5225
92.9126
93.167
93.2759
93.2352
93.0385
92.6784
92.1462
91.4321
90.524
89.4059
88.0558
86.4411
84.5177
82.2167
79.6685
-2.9876
-9.8177
-17.3488
-24.9344
-31.975
-38.9952
-45.6345
-51.718
-57.3608
-62.4836
-67.1057
-71.2942
-75.0589
-78.439
-81.4643
-84.1474
-86.4985
-88.5197
-90.2078
-91.5566
-92.5696
-93.2361
-93.5727
-93.6188
-93.4291
-93.03
-92.4077
-91.5451
-90.4297
-89.0475
-87.3838
-85.4213
-83.1387
-80.5091
-77.4943
-74.0416
-70.0732
-65.497
-60.5627
3.67628
10.2295
17.6901
25.8404
33.8486
41.9533
49.8313
56.8934
62.8779
67.9143
72.0297
75.2764
77.8456
79.8863
81.5049
82.8118
83.887
84.7867
85.5601
86.2431
86.8609
87.4309
87.964
88.4473
88.8389
89.1059
89.2392
89.2355
89.0893
88.7941
88.3427
87.726
86.9331
85.9493
84.7538
83.3157
81.5921
79.5155
77.2055
-2.53735
-9.01162
-16.1435
-23.3169
-29.9646
-36.5838
-42.8327
-48.5483
-53.8406
-58.6361
-62.9546
-66.8604
-70.3638
-73.5032
-76.3065
-78.7868
-80.9544
-82.8123
-84.3585
-85.5883
-86.5059
-87.1032
-87.3971
-87.4258
-87.2417
-86.8699
-86.2981
-85.5119
-84.5012
-83.2547
-81.7604
-80.0038
-77.9665
-75.625
-72.9448
-69.8768
-66.3471
-62.2668
-57.8609
3.78571
10.0069
17.0984
24.8487
32.4682
40.1878
47.6914
54.4241
60.1283
64.9346
68.8644
71.9638
74.4159
76.3631
77.9069
79.1531
80.178
81.0356
81.7729
82.4249
83.016
83.5637
84.0795
84.5523
84.9423
85.2176
85.3699
85.3963
85.2925
85.0526
84.6705
84.1382
83.4459
82.5801
81.5215
80.241
78.6972
76.8247
74.7336
-2.09941
-8.23447
-14.986
-21.7666
-28.0403
-34.2776
-40.1553
-45.5215
-50.4807
-54.9657
-58.9968
-62.6354
-65.8929
-68.8058
-71.401
-73.6916
-75.6883
-77.3946
-78.8096
-79.93
-80.7607
-81.2954
-81.5515
-81.5659
-81.3883
-81.0425
-80.5176
-79.8016
-78.8864
-77.7631
-76.4217
-74.8504
-73.0333
-70.9501
-68.5692
-65.8457
-62.7098
-59.0767
-55.1488
3.89845
9.80275
16.5421
23.9099
31.1577
38.509
45.6535
52.0709
57.5052
62.0923
65.8457
68.8046
71.1445
73.0025
74.4752
75.6633
76.6402
77.4575
78.1603
78.7822
79.3472
79.8727
80.3706
80.8313
81.2171
81.4973
81.6638
81.7147
81.6461
81.4533
81.1306
80.6714
80.0667
79.3045
78.3668
77.2263
75.844
74.1562
72.2651
-1.67458
-7.48645
-13.8754
-20.2818
-26.1994
-32.0734
-37.5976
-42.6313
-47.274
-51.4642
-55.2227
-58.6083
-61.6336
-64.3336
-66.7337
-68.8466
-70.6836
-72.2489
-73.5425
-74.5624
-75.3136
-75.792
-76.0148
-76.0175
-75.8471
-75.5262
-75.0452
-74.3939
-73.566
-72.5545
-71.3513
-69.9468
-68.3275
-66.4756
-64.3627
-61.9476
-59.1651
-55.9345
-52.4386
4.01322
9.615
16.0185
23.0202
29.9127
36.9118
43.7116
49.8276
55.0021
59.3813
62.9671
65.7915
68.0242
69.7973
71.2023
72.3355
73.2666
74.0454
74.7151
75.3082
75.8478
76.3513
76.831
77.2785
77.6581
77.9402
78.1171
78.1874
78.1481
77.995
77.7234
77.3274
76.799
76.1275
75.2964
74.2803
73.0422
71.5211
69.8121
-1.26356
-6.76729
-12.8111
-18.8608
-24.4392
-29.967
-35.1546
-39.8724
-44.2135
-48.1238
-51.6233
-54.7687
-57.5747
-60.0743
-62.2906
-64.2365
-65.924
-67.3582
-68.5395
-69.4666
-70.1455
-70.573
-70.7664
-70.7597
-70.5973
-70.3004
-69.8604
-69.2687
-68.5208
-67.6109
-66.533
-65.2788
-63.8373
-62.1926
-60.3197
-58.1806
-55.7147
-52.8464
-49.7404
4.12865
9.44171
15.5246
22.1761
28.7288
35.3904
41.8589
47.6873
52.6124
56.7964
60.2233
62.9184
65.0486
66.7408
68.0816
69.1624
70.0503
70.7926
71.4309
71.9963
72.5115
72.9935
73.4548
73.8884
74.2603
74.5418
74.7259
74.8116
74.7964
74.6769
74.4489
74.1075
73.6457
73.0537
72.3165
71.4104
70.301
68.9297
67.3855
-0.867203
-6.07735
-11.7925
-17.5024
-22.7577
-27.9554
-32.822
-37.2387
-41.2921
-44.9362
-48.1889
-51.1063
-53.7059
-56.0167
-58.0592
-59.8474
-61.3945
-62.7061
-63.7828
-64.6245
-65.2372
-65.6191
-65.7868
-65.773
-65.6193
-65.3454
-64.9439
-64.4075
-63.7328
-62.9156
-61.9512
-60.8328
-59.5511
-58.0925
-56.4344
-54.5424
-52.3605
-49.8178
-47.0631
4.24349
9.28175
15.0599
21.3761
27.6042
33.9418
40.0907
45.6435
50.3264
54.3302
57.6083
60.179
62.211
63.8268
65.107
66.1383
66.9851
67.6929
68.3014
68.8406
69.3324
69.7936
70.2369
70.6562
71.0192
71.2982
71.4869
71.5844
71.589
71.4978
71.3072
71.013
70.609
70.0865
69.432
68.6234
67.6284
66.3914
64.9957
-0.48631
-5.41801
-10.8211
-16.2079
-21.1551
-26.0386
-30.5983
-34.7273
-38.5044
-41.8957
-44.9097
-47.6088
-50.0153
-52.1494
-54.027
-55.6654
-57.0805
-58.2773
-59.2566
-60.0187
-60.5705
-60.9109
-61.0561
-61.037
-60.8926
-60.641
-60.2758
-59.7907
-59.1836
-58.4511
-57.5898
-56.5943
-55.4566
-54.1651
-52.6996
-51.0291
-49.1018
-46.8521
-44.4138
4.35682
9.1345
14.6234
20.6205
26.5402
32.5681
38.41
43.6954
48.131
51.9692
55.1109
57.5635
59.5029
61.0475
62.2713
63.2563
64.0646
64.74
65.3207
65.8353
66.3051
66.7466
67.1724
67.5775
67.931
68.2063
68.3974
68.504
68.5246
68.4571
68.2985
68.0449
67.6913
67.2297
66.6478
65.9252
65.0319
63.9148
62.6522
-0.122187
-4.78979
-9.8966
-14.9769
-19.6311
-24.216
-28.4825
-32.3371
-35.8483
-39.0009
-41.7784
-44.2637
-46.4897
-48.4582
-50.1784
-51.6743
-52.9651
-54.0551
-54.9438
-55.6328
-56.1287
-56.4318
-56.5577
-56.535
-56.4005
-56.1705
-55.8395
-55.4024
-54.8575
-54.2028
-53.4354
-52.5513
-51.5437
-50.4026
-49.1102
-47.6383
-45.9393
-43.9532
-41.8
4.46684
8.99692
14.2116
19.904
25.5315
31.2647
36.8169
41.8451
46.0252
49.7095
52.725
55.0652
56.9173
58.3957
59.5668
60.5085
61.281
61.9266
62.4815
62.9735
63.423
63.8462
64.2558
64.6474
64.9912
65.2621
65.4541
65.5675
65.6013
65.5538
65.4226
65.2042
64.8944
64.4861
63.9682
63.3216
62.5184
61.5082
60.3647
0.225289
-4.18961
-9.01319
-13.8009
-18.1761
-22.4761
-26.4646
-30.0592
-33.3171
-36.2424
-38.7887
-41.0734
-43.1327
-44.941
-46.5058
-47.8635
-49.0359
-50.024
-50.8267
-51.4468
-51.8912
-52.1605
-52.2697
-52.2448
-52.1207
-51.9119
-51.6137
-51.2215
-50.7346
-50.1516
-49.4703
-48.6873
-47.7978
-46.7924
-45.6556
-44.3623
-42.8689
-41.1199
-39.2229
4.5712
8.86443
13.8124
19.2103
24.5558
30.0036
35.2813
40.0675
44.0323
47.5822
50.4683
52.6926
54.4599
55.875
56.9946
57.8943
58.6325
59.2495
59.7803
60.2511
60.6817
61.088
61.4827
61.8617
62.1961
62.4623
62.6541
62.7726
62.8169
62.7862
62.6783
62.4905
62.219
61.8573
61.3956
60.8163
60.093
59.1778
58.1403
0.557414
-3.61564
-8.16571
-12.6727
-16.7791
-20.8047
-24.5254
-27.8734
-30.8904
-33.5991
-35.9125
-38.0373
-39.9605
-41.6056
-43.0082
-44.2307
-45.2906
-46.1803
-46.8989
-47.4525
-47.8486
-48.0869
-48.181
-48.156
-48.0426
-47.8547
-47.5877
-47.238
-46.805
-46.2889
-45.6867
-44.9961
-44.2137
-43.3315
-42.335
-41.2024
-39.894
-38.3596
-36.6956
4.67069
8.73571
13.4245
18.5327
23.6009
28.7621
33.7671
38.3081
42.1237
45.5993
48.3504
50.4445
52.1292
53.486
54.5569
55.4158
56.1213
56.7115
57.2195
57.6703
58.0834
58.474
58.8548
59.222
59.5482
59.8096
60.0009
60.1231
60.1761
60.1594
60.0713
59.9098
59.6716
59.3509
58.9387
58.4185
57.766
56.9355
55.9936
0.821195
-3.16283
-7.49822
-11.7626
-15.6211
-19.3708
-22.7829
-25.8139
-28.4712
-30.8597
-32.7227
-34.8345
-36.8345
-38.4412
-39.782
-40.9738
-42.0195
-42.8951
-43.6003
-44.1457
-44.5375
-44.7769
-44.8781
-44.8653
-44.7681
-44.6006
-44.3605
-44.0432
-43.6511
-43.1858
-42.6339
-42.0067
-41.2994
-40.5033
-39.6052
-38.5854
-37.4081
-36.0277
-34.5309
4.75588
8.64011
13.1347
17.9929
22.8103
27.6684
32.3168
36.4361
39.8798
43.584
46.3493
48.3873
50.0577
51.4165
52.4826
53.3339
54.0327
54.6177
55.1205
55.5667
55.9759
56.3634
56.7418
57.1081
57.4349
57.6981
57.8923
58.019
58.0786
58.071
57.9953
57.8503
57.633
57.3386
56.9586
56.4774
55.872
55.0978
54.2201
1.03552
-2.79197
-6.94148
-10.9887
-14.61
-18.0772
-21.1595
-23.8267
-26.0509
-28.0416
-29.2918
-31.5275
-33.7456
-35.3969
-36.7435
-37.9731
-39.0689
-39.9871
-40.7275
-41.3056
-41.7273
-41.9952
-42.1225
-42.1329
-42.057
-41.9106
-41.6952
-41.4038
-41.044
-40.6192
-40.0975
-39.5132
-38.8594
-38.1238
-37.2944
-36.3544
-35.2705
-33.9996
-32.6235
4.82269
8.55948
12.8831
17.5155
22.0885
26.6205
30.8591
34.5055
37.496
41.569
44.4552
46.4889
48.183
49.5785
50.6691
51.5346
52.2439
52.8372
53.3465
53.7978
54.2116
54.6039
54.9878
55.3603
55.694
55.9633
56.1632
56.2956
56.3611
56.3601
56.2926
56.1576
55.9531
55.6752
55.3157
54.8598
54.2855
53.5481
52.7138
1.25177
-2.41801
-6.38117
-10.2115
-13.598
-16.7866
-19.5499
-21.8665
-23.6859
-25.2948
-25.9774
-28.2825
-30.6765
-32.3594
-33.6953
-34.944
-36.0768
-37.029
-37.798
-38.4029
-38.851
-39.1447
-39.2968
-39.3299
-39.2756
-39.1516
-38.9626
-38.6991
-38.3734
-37.9915
-37.5021
-36.9622
-36.3641
-35.6904
-34.9304
-34.0703
-33.0798
-31.9176
-30.6648
4.88947
8.47871
12.6273
17.0332
21.3653
25.5666
29.4122
32.6225
35.1645
39.5365
42.5576
44.5883
46.2924
47.7178
48.8318
49.7109
50.43
51.0313
51.5469
52.0033
52.4214
52.8183
53.2076
53.5866
53.927
54.203
54.4094
54.5481
54.6202
54.6263
54.5669
54.4417
54.2499
53.9877
53.6481
53.2171
52.6734
51.9727
51.1827
1.46712
-2.04536
-5.82277
-9.43895
-12.5948
-15.5109
-17.9684
-19.9464
-21.3927
-22.6205
-22.8053
-25.1147
-27.6235
-29.3279
-30.6453
-31.8948
-33.0493
-34.0256
-34.816
-35.4418
-35.9127
-36.2302
-36.4058
-36.4612
-36.4281
-36.3264
-36.1635
-35.9276
-35.6358
-35.2962
-34.8385
-34.3424
-33.7988
-33.1861
-32.4945
-31.7133
-30.8148
-29.7588
-28.6193
4.95496
8.39794
12.369
16.5505
20.6465
24.5127
27.9889
30.7821
32.8967
37.4877
40.652
42.6926
44.4
45.8481
46.9821
47.8729
48.6002
49.2088
49.7308
50.1926
50.6154
51.0171
51.4119
51.7976
52.1456
52.4291
52.6432
52.7896
52.8695
52.8839
52.8332
52.7182
52.5387
52.2917
51.971
51.5636
51.0493
50.3841
49.6363
1.67934
-1.67778
-5.27191
-8.67854
-11.6101
-14.2618
-16.4277
-18.0796
-19.1844
-20.0252
-19.7896
-22.04
-24.5937
-26.3014
-27.594
-28.8296
-29.9893
-30.9788
-31.783
-32.4246
-32.9147
-33.2545
-33.4538
-33.5335
-33.5254
-33.4501
-33.3182
-33.1147
-32.8622
-32.5694
-32.15
-31.7019
-31.2159
-30.6664
-30.0441
-29.341
-28.5329
-27.5841
-26.575
5.01873
8.31754
12.1105
16.0724
19.938
23.4649
26.5985
28.9741
30.6841
35.4236
38.7273
40.7924
42.5066
43.9795
45.1353
46.0362
46.7674
47.3794
47.9053
48.3713
48.7988
49.2056
49.6063
49.9995
50.3558
50.648
50.8709
51.0268
51.117
51.1422
51.1032
51.0008
50.835
50.6041
50.3026
49.9183
49.4325
48.802
48.0958
1.88621
-1.31997
-4.73616
-7.9397
-10.6556
-13.0529
-14.9432
-16.2825
-17.0765
-17.5202
-16.9395
-19.0704
-21.5947
-23.2788
-24.5392
-25.7495
-26.8991
-27.8892
-28.6996
-29.352
-29.8573
-30.2152
-30.4336
-30.5321
-30.5419
-30.4862
-30.3778
-30.1996
-29.9783
-29.7235
-29.3354
-28.9293
-28.4954
-28.005
-27.45
-26.8241
-26.1039
-25.2505
-24.3195
5.08166
8.2411
11.8578
15.609
19.2469
22.4292
25.2466
27.1844
28.5042
33.3488
36.7832
38.8738
40.5922
42.0947
43.2867
44.2122
44.9554
45.5718
46.0989
46.5655
46.9946
47.4047
47.8113
48.2124
48.5778
48.8792
49.111
49.2762
49.3766
49.4129
49.3862
49.2977
49.1474
48.9338
48.6524
48.2917
47.8333
47.2363
46.567
2.0852
-0.979168
-4.22731
-7.23807
-9.74825
-11.9023
-13.5315
-14.5713
-15.0801
-15.1136
-14.2594
-16.2115
-18.6371
-20.2605
-21.4786
-22.654
-23.7778
-24.7542
-25.5628
-26.2236
-26.7453
-27.1276
-27.3776
-27.5141
-27.5652
-27.5521
-27.4897
-27.3601
-27.1935
-26.9999
-26.6654
-26.3191
-25.9513
-25.5298
-25.0463
-24.4984
-23.871
-23.1423
-22.4057
5.14609
8.17415
11.6207
15.1726
18.5776
21.4019
23.9199
25.3749
26.3051
31.2619
34.8499
36.9722
38.6721
40.1731
41.3865
42.3449
43.1224
43.7671
44.3136
44.7917
45.2276
45.6434
46.0571
46.4688
46.8485
47.1656
47.4128
47.5926
47.7067
47.7564
47.743
47.6679
47.5319
47.3343
47.0713
46.7327
46.3
45.7329
45.0842
2.27043
-0.665488
-3.76012
-6.59241
-8.90847
-10.8305
-12.2075
-12.954
-13.194
-12.8066
-11.7454
-13.4733
-15.7256
-17.2472
-18.4095
-19.5384
-20.6202
-21.568
-22.3614
-23.0146
-23.5337
-23.915
-24.1626
-24.2902
-24.3312
-24.3133
-24.2528
-24.1291
-23.9746
-23.7977
-23.4798
-23.163
-22.8376
-22.4701
-22.0522
-21.5811
-21.0313
-20.3528
-19.5453
5.20878
8.11427
11.3992
14.7654
17.9251
20.3811
22.6122
23.5026
23.9962
29.095
32.9156
35.1572
36.8883
38.3729
39.5436
40.4602
41.2189
41.8705
42.4389
42.942
43.3997
43.8327
44.2602
44.6846
45.0791
45.4153
45.6866
45.8946
46.0392
46.1206
46.1394
46.0961
45.9907
45.8223
45.5872
45.2773
44.8769
44.3569
43.7664
2.43393
-0.383587
-3.33784
-6.0083
-8.14626
-9.85381
-10.9896
-11.4515
-11.4381
-10.6213
-9.39473
-10.854
-12.8598
-14.2451
-15.3307
-16.392
-17.4169
-18.334
-19.126
-19.8019
-20.364
-20.8116
-21.1506
-21.3949
-21.5564
-21.6473
-21.6907
-21.6704
-21.6278
-21.5686
-21.354
-21.1344
-20.9026
-20.6219
-20.2864
-19.9016
-19.4755
-19.0253
-18.7139
5.25714
8.04524
11.1783
14.3753
17.2873
19.4148
21.3972
21.5712
21.5054
26.6975
30.7505
33.2049
35.1492
36.8182
38.0823
38.9899
39.6751
40.2386
40.7361
41.1951
41.6326
42.0634
42.5009
42.9394
43.3409
43.6753
43.942
44.1467
44.2916
44.378
44.407
44.3801
44.2974
44.1572
43.9538
43.6761
43.3006
42.7978
42.2043
2.57769
-0.130649
-2.95618
-5.48186
-7.46434
-8.98959
-9.91455
-10.1345
-9.89856
-8.62127
-7.21226
-8.34597
-10.0486
-11.2666
-12.2496
-13.208
-14.1222
-14.934
-15.6317
-16.2195
-16.6941
-17.0402
-17.2481
-17.324
-17.3242
-17.2998
-17.257
-17.1635
-17.0479
-16.9148
-16.6492
-16.4093
-16.1846
-15.9392
-15.6632
-15.3473
-14.942
-14.3424
-13.3943
5.29507
7.97808
10.9807
14.0303
16.7118
18.6147
20.3656
19.564
18.8676
24.1145
28.191
30.6068
32.6198
34.5307
36.1559
37.4333
38.4105
39.151
39.7273
40.2038
40.6316
41.0486
41.4871
41.9598
42.4323
42.8455
43.1737
43.4195
43.5896
43.6879
43.7179
43.6833
43.5892
43.4408
43.2399
42.9808
42.6372
42.1435
41.4224
2.71661
0.0691462
-2.67292
-5.08722
-6.93949
-8.30254
-9.02653
-9.0346
-8.5592
-6.75346
-5.16441
-5.96839
-7.31199
-8.30348
-9.16795
-10.0708
-10.9819
-11.8472
-12.6506
-13.3971
-14.091
-14.7418
-15.3536
-15.9155
-16.3593
-16.6643
-16.902
-17.0831
-17.277
-17.4791
-17.4771
-17.4232
-17.3602
-17.2598
-17.109
-16.9289
-16.7928
-16.8361
-17.4386
5.38155
8.01546
10.9468
13.8774
16.3302
18.015
19.2509
17.1151
16.0843
21.916
26.2336
28.4618
29.9819
31.2867
32.4378
33.5097
34.5438
35.5156
36.3836
37.1284
37.7576
38.2932
38.7693
39.2295
39.7062
40.1879
40.6446
41.0565
41.4131
41.71
41.9425
42.1025
42.1817
42.173
42.0738
41.8934
41.676
41.5519
41.8436
2.83283
0.12781
-2.64018
-5.01527
-6.75574
-7.91191
-8.32591
-7.97707
-7.02141
-4.62647
-3.09822
-3.73314
-4.73527
-5.37287
-5.85442
-6.32346
-6.77762
-7.18893
-7.5435
-7.83008
-8.01996
-8.06604
-7.93493
-7.6508
-7.38818
-7.23689
-7.13101
-6.97743
-6.77464
-6.60777
-6.32926
-6.1051
-5.94399
-5.79369
-5.63713
-5.45379
-5.11407
-4.37467
-2.69738
5.56307
8.25149
11.1969
14.0373
16.211
17.4131
17.3478
13.5778
12.5669
19.872
25.7804
29.526
31.9924
33.4623
34.0304
34.0124
33.7497
33.5102
33.4267
33.5365
33.833
34.2999
34.8959
35.483
35.8746
36.0797
36.1968
36.2558
36.2633
36.2221
36.146
36.055
35.9655
35.8865
35.8076
35.6726
35.3093
34.3491
32.1928
2.83624
0.0230126
-2.82315
-5.20363
-6.84253
-7.75493
-7.77601
-6.9199
-5.242
-2.30938
-0.883449
-1.42136
-2.3558
-3.20871
-4.06797
-4.97058
-5.92278
-6.92602
-7.99158
-9.1425
-10.4145
-11.8313
-13.3404
-14.7854
-15.863
-16.5525
-17.2461
-17.7812
-18.6875
-20.0397
-19.6634
-19.7617
-20.1904
-20.5064
-20.6669
-20.8138
-21.1711
-22.0732
-24.1967
5.67124
8.43368
11.3965
14.1457
16.036
16.5889
14.8626
9.68533
7.00996
13.8685
20.6496
26.8617
32.5932
37.802
42.1067
45.377
47.7502
49.3227
50.2865
50.8451
51.1779
51.4302
51.8151
52.6627
54.0823
55.5655
56.7476
57.6935
58.4895
59.1483
59.6443
59.9672
60.1262
60.1448
60.0754
60.0237
60.262
61.1788
63.5269
92.7979
96.0387
98.5042
99.9054
101.953
104.548
107.195
109.642
111.729
113.21
113.657
112.518
109.238
103.416
95.0239
84.4388
72.3663
59.7142
47.3091
35.6802
25.0513
15.4469
6.78852
-1.04086
-8.15529
-14.6567
-20.6261
-26.1332
-31.2316
-35.9692
-40.3824
-44.499
-48.3375
-51.909
-55.216
-58.2593
-61.0333
-63.5323
-65.7479
-67.6729
-69.2993
-70.6231
-71.6415
-72.3544
-72.765
-72.8805
-72.7091
-72.2633
-71.557
-70.6074
-69.4321
-68.0513
-66.4846
-64.7532
-62.8772
-60.8774
-58.7731
-56.583
-54.3246
-52.0142
-49.6666
-47.2951
-44.9118
-42.5261
-40.1493
-37.7829
-35.447
-33.4275
-31.6205
-29.7663
-27.8072
-25.8766
-23.6631
-21.9356
-18.961
-18.5865
-12.6857
-17.9463
-1.59654
-25.8701
97.402
97.0461
96.5558
95.6842
94.7618
93.8703
93.049
92.3115
91.6625
91.1075
90.6504
90.2941
90.0412
89.8916
89.8452
89.8997
90.0521
90.2975
90.6305
91.0439
91.5301
92.0801
92.6848
93.3341
94.0176
94.7246
95.4444
96.1658
96.8777
97.569
98.2283
98.8444
99.4058
99.9011
100.318
100.646
100.874
100.99
100.986
100.852
100.581
100.166
99.6019
98.886
98.0164
96.9938
95.82
94.4996
93.0382
91.4433
89.7242
87.8913
85.9561
83.931
81.8287
79.6624
77.4452
75.19
72.9096
70.6164
68.3229
66.0409
63.7815
61.5553
59.3731
57.2421
55.1804
53.4641
51.9955
50.5031
48.9926
47.4897
46.0023
44.5494
43.2981
41.7982
40.7913
42.169
30.6357
64.3338
81.5923
81.3461
79.7457
77.6988
76.2153
75.4045
75.0709
74.9739
74.875
74.6894
74.5528
74.6284
74.9268
75.2312
75.1336
74.1563
71.9549
68.4331
63.7504
58.1967
52.0357
45.46
38.616
31.6294
24.6096
17.6486
10.8242
4.1976
-2.18492
-8.28986
-14.095
-19.5837
-24.7489
-29.5845
-34.0889
-38.2614
-42.1028
-45.6126
-48.7914
-51.6382
-54.1536
-56.3379
-58.1933
-59.7214
-60.9275
-61.818
-62.4013
-62.6873
-62.6891
-62.4209
-61.8996
-61.142
-60.1674
-58.9949
-57.6446
-56.1362
-54.4896
-52.7237
-50.8568
-48.9061
-46.8881
-44.8172
-42.7074
-40.5698
-38.4176
-36.2544
-34.1006
-32.2228
-30.5368
-28.8044
-26.9574
-25.1401
-23.0235
-21.4024
-18.516
-18.2151
-12.4756
-17.6067
-1.83397
-25.4854
81.6521
81.907
82.5376
83.1744
83.8629
84.5281
85.1694
85.7777
86.3525
86.8918
87.3956
87.864
88.2983
88.7002
89.0728
89.4194
89.7444
90.0522
90.3482
90.6371
90.9242
91.2136
91.5093
91.8142
92.1301
92.4574
92.7954
93.1418
93.4931
93.844
94.1883
94.5184
94.8259
95.1013
95.3348
95.516
95.6345
95.6795
95.6408
95.5084
95.2732
94.9267
94.462
93.8728
93.155
92.3056
91.3237
90.2099
88.9666
87.5978
86.1094
84.509
82.8049
81.0071
79.1261
77.1732
75.1601
73.0988
71.0013
68.8797
66.7457
64.6112
62.4874
60.3853
58.3157
56.2868
54.3191
52.6768
51.27
49.8383
48.3859
46.9373
45.5014
44.0902
42.8653
41.4477
40.3557
41.8454
30.6842
62.8764
95.3634
95.9958
96.4675
96.5495
96.1991
95.5399
94.7177
93.8408
92.9454
91.9799
90.7902
89.2158
87.1793
84.6605
81.625
78.0312
73.8659
69.1846
64.1111
58.8042
53.4202
48.0706
42.7719
37.4831
32.1713
26.8293
21.4659
16.0975
10.7482
5.44694
0.225797
-4.88174
-9.84461
-14.6338
-19.2222
-23.5868
-27.7072
-31.5663
-35.1493
-38.4447
-41.4434
-44.1394
-46.5277
-48.6059
-50.3738
-51.834
-52.9901
-53.8492
-54.4192
-54.7119
-54.7391
-54.5155
-54.0566
-53.3797
-52.5022
-51.4429
-50.2199
-48.8518
-47.3564
-45.7511
-44.0524
-42.2758
-40.4362
-38.5456
-36.6186
-34.6605
-32.6919
-30.9611
-29.3995
-27.7903
-26.0604
-24.3563
-22.3514
-20.8193
-18.0707
-17.765
-12.3361
-17.1106
-2.22903
-24.7507
94.7571
94.2705
93.7428
93.2187
92.7092
92.2101
91.7308
91.2732
90.841
90.4373
90.0644
89.7252
89.421
89.1536
88.9235
88.7316
88.5771
88.46
88.3787
88.3324
88.319
88.3372
88.3842
88.4586
88.5575
88.6788
88.8193
88.9763
89.1459
89.3243
89.5064
89.6869
89.8593
90.017
90.1518
90.2558
90.3196
90.3344
90.2902
90.1781
89.9885
89.7129
89.3429
88.8717
88.2929
87.6021
86.7956
85.8718
84.8302
83.6722
82.4011
81.0212
79.5387
77.9607
76.2958
74.5535
72.7437
70.8772
68.9651
67.0186
65.049
63.0678
61.086
59.1147
57.1649
55.2453
53.3778
51.8156
50.4754
49.109
47.7198
46.3304
44.9508
43.5909
42.3965
41.06
39.9534
41.3532
30.8915
61.26
89.6412
89.6806
89.6332
89.4199
88.9266
88.1577
87.1988
86.1493
85.1056
84.1372
83.2706
82.4572
81.5768
80.4838
79.0664
77.2085
74.7747
71.6578
67.8658
63.5277
58.8055
53.8404
48.7794
43.7357
38.7408
33.7803
28.8493
23.9526
19.099
14.2965
9.55626
4.89083
0.31348
-4.16046
-8.51248
-12.7231
-16.7719
-20.6388
-24.3044
-27.7503
-30.9605
-33.9209
-36.6197
-39.0468
-41.1957
-43.062
-44.6442
-45.9431
-46.9627
-47.7082
-48.1886
-48.4132
-48.3951
-48.1472
-47.6851
-47.0247
-46.1827
-45.1757
-44.0211
-42.7351
-41.3345
-39.8346
-38.2506
-36.5954
-34.8842
-33.1235
-31.3341
-29.7461
-28.3018
-26.8074
-25.1877
-23.5904
-21.6907
-20.2474
-17.6193
-17.3405
-12.1363
-16.728
-2.38866
-24.2889
89.4575
89.1876
88.9047
88.6192
88.3251
88.0242
87.7179
87.4066
87.0929
86.7776
86.4637
86.1528
85.8484
85.5527
85.2694
85.0009
84.7512
84.5227
84.3191
84.142
83.9947
83.8779
83.7936
83.7413
83.7215
83.7323
83.7726
83.839
83.9288
84.0374
84.1607
84.2927
84.4282
84.56
84.6816
84.7851
84.8628
84.906
84.9064
84.8548
84.7431
84.5621
84.304
83.9609
83.5264
82.9942
82.3597
81.6193
80.7708
79.8137
78.7489
77.5786
76.3068
74.9386
73.4805
71.9403
70.3268
68.649
66.9172
65.1417
63.3332
61.5027
59.6612
57.8196
55.9889
54.1781
52.4099
50.925
49.6475
48.3427
47.0135
45.6817
44.3582
43.0534
41.9007
40.6303
39.5431
40.8839
30.8125
60.1356
77.1047
76.8433
76.5084
76.116
75.5883
74.8867
74.0205
73.0275
71.9538
70.856
69.7869
68.795
67.8975
67.0705
66.2363
65.3044
64.1818
62.7559
60.8968
58.5311
55.6921
52.4717
48.9325
45.1342
41.1749
37.1332
33.0242
28.8476
24.6194
20.3658
16.11
11.8733
7.67371
3.52949
-0.540761
-4.51816
-8.38423
-12.1206
-15.7093
-19.1325
-22.3735
-25.4162
-28.2457
-30.849
-33.2147
-35.3343
-37.2007
-38.8106
-40.1615
-41.255
-42.094
-42.6847
-43.0344
-43.1535
-43.0531
-42.7466
-42.2474
-41.5706
-40.7312
-39.7447
-38.6264
-37.3912
-36.0543
-34.6283
-33.1288
-31.5632
-29.9522
-28.506
-27.1789
-25.7994
-24.2908
-22.8013
-21.0071
-19.6574
-17.1415
-16.9142
-11.8848
-16.393
-2.42265
-23.9634
77.1855
77.164
77.1563
77.1456
77.1349
77.1253
77.1162
77.1089
77.1032
77.1001
77.0991
77.1017
77.1074
77.1175
77.1313
77.1506
77.1748
77.2055
77.2425
77.2875
77.3403
77.4029
77.4754
77.5594
77.6547
77.763
77.8833
78.0163
78.1605
78.3151
78.4774
78.6452
78.8145
78.9814
79.1403
79.2862
79.4122
79.5119
79.5775
79.6019
79.577
79.4953
79.3484
79.1296
78.8314
78.4478
77.973
77.4026
76.7332
75.9628
75.0905
74.1167
73.0436
71.8747
70.6144
69.2691
67.8457
66.3523
64.7978
63.1915
61.5435
59.8644
58.1645
56.4547
54.7458
53.0466
51.38
49.9735
48.7597
47.5174
46.2496
44.9772
43.7114
42.4635
41.3581
40.1444
39.0888
40.3911
30.5789
59.1463
66.8209
66.4687
66.054
65.614
65.1111
64.5145
63.8192
63.0277
62.1544
61.2167
60.2426
59.2601
58.3018
57.392
56.5397
55.7191
54.8766
53.9395
52.8215
51.4126
49.625
47.4525
44.9721
42.251
39.3068
36.1713
32.9185
29.5926
26.1925
22.7146
19.1726
15.5854
11.9716
8.34989
4.74104
1.16525
-2.35715
-5.80676
-9.16394
-12.41
-15.5264
-18.496
-21.3023
-23.9301
-26.366
-28.5978
-30.6158
-32.4115
-33.9794
-35.3154
-36.4191
-37.2909
-37.9349
-38.356
-38.5623
-38.5624
-38.3673
-37.9883
-37.4385
-36.7309
-35.8795
-34.8978
-33.7999
-32.5982
-31.3078
-29.9364
-28.5046
-27.2017
-25.9947
-24.7337
-23.3407
-21.963
-20.2795
-19.0267
-16.6299
-16.4545
-11.6106
-16.0242
-2.45202
-23.5852
67.0139
67.1296
67.2588
67.3856
67.5156
67.6472
67.7816
67.9184
68.0587
68.202
68.3498
68.5016
68.6589
68.821
68.9897
69.1642
69.3462
69.5346
69.7312
69.9348
70.1465
70.3653
70.592
70.825
71.0651
71.3105
71.5614
71.8158
72.0737
72.3327
72.5919
72.8484
73.1008
73.3451
73.5788
73.7971
73.9962
74.1703
74.3144
74.4219
74.487
74.5024
74.462
74.3584
74.1857
73.9373
73.6075
73.1916
72.6855
72.0859
71.391
70.5996
69.7127
68.7318
67.6601
66.5019
65.2631
63.9499
62.5702
61.1324
59.6456
58.1195
56.5641
54.9899
53.407
51.8241
50.2642
48.9406
47.7947
46.6191
45.4166
44.2075
43.0028
41.8141
40.7575
39.5977
38.5832
39.8193
30.3296
58.0357
57.8136
57.4316
56.9936
56.5387
56.0512
55.5191
54.9369
54.3028
53.6147
52.8774
52.0962
51.2828
50.4491
49.6129
48.7896
47.9936
47.2221
46.4539
45.6435
44.7312
43.6308
42.2482
40.5323
38.5196
36.289
33.8812
31.2978
28.5762
25.7773
22.9245
20.0088
17.0295
13.998
10.9303
7.8412
4.74616
1.66069
-1.39876
-4.41491
-7.36973
-10.2454
-13.0243
-15.6895
-18.2246
-20.6145
-22.8456
-24.9045
-26.7807
-28.4645
-29.9492
-31.2293
-32.3026
-33.1676
-33.8261
-34.2809
-34.5377
-34.6028
-34.4852
-34.194
-33.7404
-33.1355
-32.3912
-31.5202
-30.5338
-29.4461
-28.265
-27.0103
-25.8508
-24.7646
-23.6229
-22.3474
-21.0831
-19.5144
-18.3592
-16.0887
-15.9603
-11.3186
-15.615
-2.48031
-23.1398
58.0639
58.2613
58.4726
58.6881
58.9104
59.1392
59.3739
59.6154
59.8626
60.1164
60.3761
60.6423
60.914
61.1921
61.4758
61.7659
62.0613
62.3629
62.67
62.9834
63.3022
63.6271
63.957
64.2929
64.6331
64.9779
65.3258
65.6766
66.0282
66.38
66.7292
67.0745
67.4129
67.7424
68.059
68.3601
68.6412
68.8988
69.1274
69.323
69.4795
69.5919
69.6538
69.66
69.604
69.4804
69.2837
69.0091
68.6521
68.2089
67.6768
67.0541
66.3401
65.5353
64.6413
63.6613
62.5992
61.4605
60.2512
58.9789
57.6517
56.2785
54.8685
53.4317
51.9776
50.5148
49.0655
47.8287
46.754
45.6482
44.5142
43.3715
42.2305
41.1032
40.0973
38.9902
38.0294
39.1635
30.0657
56.8313
50.1946
49.8269
49.4165
48.9889
48.5328
48.043
47.5228
46.9695
46.3809
45.7546
45.0932
44.3976
43.6734
42.9248
42.1615
41.3916
40.6262
39.8698
39.119
38.3538
37.5424
36.6315
35.547
34.2175
32.6268
30.8233
28.8647
26.7614
24.5145
22.1632
19.7515
17.2869
14.764
12.1885
9.57406
6.93267
4.27615
1.61646
-1.03239
-3.65596
-6.23889
-8.76595
-11.2215
-13.5899
-15.8565
-18.0058
-20.0245
-21.8993
-23.6195
-25.1748
-26.5577
-27.7613
-28.7818
-29.6162
-30.2645
-30.7276
-31.0092
-31.1138
-31.0483
-30.8198
-30.4376
-29.911
-29.2511
-28.4674
-27.5731
-26.5752
-25.4927
-24.4741
-23.507
-22.4831
-21.3248
-20.1734
-18.7208
-17.6628
-15.5224
-15.439
-11.0044
-15.1818
-2.48083
-22.6681
50.4588
50.6884
50.9326
51.1845
51.4465
51.7179
51.999
52.2894
52.5896
52.899
53.2181
53.5461
53.8836
54.2298
54.5851
54.9485
55.3203
55.6996
56.0867
56.4803
56.8807
57.2866
57.6981
58.1138
58.5339
58.9566
59.382
59.8082
60.2349
60.6599
61.0824
61.4998
61.9108
62.3123
62.7022
63.0768
63.4334
63.7676
64.0761
64.3537
64.5967
64.7993
64.957
65.0642
65.1157
65.1064
65.0311
64.885
64.6635
64.3627
63.9795
63.5113
62.9568
62.3152
61.5873
60.7747
59.8804
58.908
57.8628
56.751
55.5797
54.3568
53.091
51.7915
50.4671
49.126
47.7898
46.6422
45.6408
44.6068
43.5432
42.4689
41.3933
40.3296
39.3762
38.3196
37.4259
38.4334
29.7544
55.5994
44.0722
43.7319
43.3623
42.9813
42.5727
42.1294
41.6534
41.1453
40.6033
40.0272
39.4167
38.7734
38.0987
37.3961
36.6691
35.9232
35.1641
34.3991
33.6337
32.8709
32.1042
31.3196
30.4911
29.5744
28.5091
27.2512
25.8061
24.2189
22.5167
20.6913
18.7491
16.7305
14.662
12.5432
10.3717
8.15547
5.90525
3.63174
1.34533
-0.941899
-3.21785
-5.46952
-7.6834
-9.84583
-11.942
-13.9583
-15.8806
-17.6963
-19.3925
-20.9584
-22.3835
-23.6593
-24.7784
-25.7356
-26.5267
-27.1503
-27.6058
-27.8953
-28.0215
-27.9891
-27.8043
-27.4745
-27.008
-26.4129
-25.7005
-24.877
-23.9602
-23.0782
-22.2274
-21.3191
-20.2769
-19.2373
-17.9015
-16.9401
-14.9317
-14.8933
-10.6654
-14.7294
-2.44802
-22.186
44.3317
44.5677
44.8172
45.0757
45.345
45.6248
45.9153
46.2168
46.5292
46.8526
47.1869
47.5323
47.8885
48.2556
48.6333
49.0216
49.42
49.8286
50.2467
50.6741
51.11
51.5542
52.0056
52.4638
52.9276
53.3965
53.8686
54.3435
54.8193
55.295
55.7684
56.2383
56.7022
57.1584
57.6038
58.0364
58.4525
58.8494
59.2231
59.5701
59.8857
60.1662
60.4064
60.6019
60.7477
60.8392
60.8711
60.839
60.7383
60.5651
60.3159
59.9878
59.5784
59.0869
58.5123
57.8558
57.1187
56.3039
55.4151
54.4576
53.4371
52.361
51.2366
50.0729
48.8778
47.6589
46.437
45.3804
44.4538
43.4934
42.502
41.4976
40.4889
39.4902
38.5907
37.5831
36.767
37.6327
29.3864
54.3444
39.0892
38.7736
38.4388
38.1007
37.7426
37.3547
36.9379
36.49
36.004
35.4756
34.9073
34.3024
33.6628
32.9904
32.2886
31.5617
30.8149
30.0534
29.2835
28.5106
27.7395
26.9702
26.1976
25.4102
24.5861
23.6857
22.6633
21.4954
20.2
18.8079
17.3217
15.7299
14.0507
12.3173
10.5405
8.71462
6.841
4.92815
2.98615
1.02388
-0.94897
-2.92203
-4.88412
-6.82244
-8.72492
-10.5783
-12.3703
-14.0876
-15.7182
-17.2497
-18.6713
-19.9723
-21.144
-22.1782
-23.0689
-23.8112
-24.4025
-24.8407
-25.1263
-25.261
-25.2486
-25.0934
-24.8017
-24.3795
-23.8362
-23.177
-22.4178
-21.6671
-20.9292
-20.1334
-19.2056
-18.2761
-17.057
-16.1913
-14.3165
-14.3227
-10.3017
-14.2559
-2.38706
-21.6873
39.3416
39.5772
39.8244
40.0803
40.3463
40.6222
40.9086
41.2055
41.5131
41.8317
42.1614
42.5024
42.8547
43.2182
43.5931
43.9792
44.3765
44.7846
45.2036
45.6329
46.0723
46.5212
46.9793
47.4456
47.9199
48.4007
48.8876
49.3789
49.874
50.3708
50.8682
51.364
51.857
52.3442
52.824
53.2934
53.75
54.1903
54.6116
55.0099
55.3819
55.7232
56.0299
56.2975
56.5218
56.6977
56.821
56.8869
56.8912
56.8298
56.6991
56.4957
56.2171
55.8612
55.4271
54.9141
54.3232
53.6559
52.9153
52.1045
51.2292
50.2947
49.3083
48.2776
47.2102
46.1129
45.0057
44.041
43.1906
42.3054
41.3878
40.4548
39.5143
38.582
37.7374
36.7777
36.0464
36.7609
28.9647
53.0451
34.961
34.6667
34.3592
34.0529
33.7329
33.3903
33.0263
32.641
32.229
31.7813
31.2886
30.7487
30.1656
29.5446
28.8887
28.2012
27.4864
26.7501
25.9982
25.2369
24.472
23.7095
22.952
22.1995
21.4469
20.6846
19.8904
19.0286
18.0658
16.9956
15.839
14.6104
13.2975
11.8969
10.4333
8.9277
7.37943
5.78461
4.1478
2.47785
0.782996
-0.928889
-2.64824
-4.36547
-6.06971
-7.7504
-9.39548
-10.9936
-12.5322
-13.9998
-15.3847
-16.6763
-17.8638
-18.9384
-19.8916
-20.7172
-21.409
-21.9633
-22.3778
-22.6519
-22.7865
-22.7837
-22.6472
-22.3809
-21.9925
-21.4857
-20.8748
-20.2489
-19.6192
-18.932
-18.1154
-17.2935
-16.19
-15.4184
-13.6776
-13.7276
-9.91367
-13.7592
-2.30179
-21.1677
35.2054
35.4374
35.6789
35.9281
36.186
36.4528
36.7288
37.0144
37.3097
37.6151
37.9308
38.257
38.5941
38.942
39.3009
39.671
40.0521
40.4443
40.8476
41.2617
41.6864
42.1214
42.5664
43.0208
43.4841
43.9557
44.4346
44.92
45.4109
45.9061
46.4039
46.9033
47.4021
47.8988
48.3909
48.8765
49.3528
49.8172
50.2666
50.698
51.1078
51.4925
51.8481
52.1708
52.4561
52.6998
52.8975
53.045
53.1378
53.1721
53.1438
53.0497
52.8865
52.6521
52.3442
51.9621
51.5055
50.9754
50.3727
49.7009
48.963
48.1646
47.3111
46.4099
45.4672
44.4897
43.4964
42.6237
41.8501
41.041
40.1984
39.3381
38.4668
37.6019
36.8128
35.9012
35.2598
35.8171
28.4901
51.6907
31.517
31.2391
30.952
30.6689
30.376
30.065
29.7375
29.3961
29.0387
28.6596
28.2525
27.8097
27.3231
26.7887
26.2102
25.5943
24.946
24.2692
23.5687
22.8507
22.1217
21.3882
20.6562
19.9305
19.2131
18.5027
17.7946
17.0779
16.329
15.5158
14.6174
13.6395
12.5989
11.4937
10.3102
9.05691
7.75757
6.42089
5.04218
3.62139
2.1653
0.682358
-0.820321
-2.33496
-3.85366
-5.36686
-6.86489
-8.33674
-9.77178
-11.1586
-12.4865
-13.7441
-14.921
-16.007
-16.9934
-17.8713
-18.6337
-19.2748
-19.7903
-20.1774
-20.4347
-20.5617
-20.5602
-20.4323
-20.1835
-19.8161
-19.3424
-18.8335
-18.3063
-17.7225
-17.0131
-16.2949
-15.3046
-14.6246
-13.0171
-13.1095
-9.50233
-13.2402
-2.19262
-20.6261
31.7531
31.9796
32.2132
32.4529
32.6997
32.9536
33.2154
33.485
33.7631
34.0498
34.3457
34.6508
34.9656
35.2902
35.625
35.9702
36.3258
36.692
37.0689
37.4565
37.8548
38.2635
38.6826
39.1117
39.5505
39.9984
40.4548
40.9192
41.3905
41.868
42.3504
42.8364
43.3247
43.8136
44.3012
44.7858
45.2647
45.736
46.1965
46.6438
47.0746
47.4857
47.8734
48.2342
48.5639
48.8587
49.1145
49.327
49.4923
49.6061
49.6646
49.6641
49.6014
49.4735
49.278
49.0134
48.6789
48.2738
47.7993
47.2563
46.6483
45.9785
45.2523
44.4754
43.6536
42.7929
41.9111
41.1295
40.4322
39.6994
38.9323
38.1453
37.344
36.5473
35.814
34.9515
34.4027
34.8005
27.9594
50.2755
28.5546
28.296
28.0309
27.7715
27.5065
27.2267
26.9317
26.625
26.3078
25.9773
25.6291
25.2595
24.8653
24.4406
23.9762
23.4664
22.9143
22.3281
21.714
21.0759
20.4184
19.7476
19.0699
18.3916
17.7181
17.0528
16.3962
15.746
15.0964
14.4332
13.7304
12.9619
12.1192
11.2141
10.2545
9.22937
8.1339
6.98627
5.80371
4.5861
3.32982
2.03837
0.719209
-0.620928
-1.97531
-3.33695
-4.69718
-6.04732
-7.37737
-8.67755
-9.93722
-11.1463
-12.2942
-13.3711
-14.367
-15.2728
-16.0802
-16.7826
-17.3739
-17.8495
-18.206
-18.4411
-18.5547
-18.547
-18.4218
-18.1797
-17.8312
-17.4306
-16.9992
-16.5125
-15.9051
-15.2859
-14.4054
-13.8135
-12.3374
-12.4705
-9.06898
-12.6991
-2.06249
-20.0647
28.7784
28.9952
29.2176
29.4453
29.6789
29.9188
30.165
30.4182
30.6784
30.9463
31.2218
31.5056
31.7977
32.0986
32.4084
32.7275
33.0559
33.3941
33.7419
34.0998
34.4675
34.8454
35.2331
35.6308
36.0381
36.4549
36.8806
37.315
37.7574
38.2071
38.6633
39.1249
39.591
40.06
40.5307
41.0011
41.4696
41.9339
42.3921
42.8411
43.2787
43.7015
44.1067
44.4906
44.8499
45.1808
45.4796
45.7421
45.9643
46.1425
46.2724
46.3507
46.3735
46.3378
46.2407
46.0805
45.8548
45.5632
45.2049
44.7813
44.2936
43.745
43.1387
42.4804
41.7743
41.0262
40.2526
39.5599
38.9377
38.2803
37.5883
36.8746
36.1434
35.4151
34.7378
33.9262
33.4711
33.7106
27.3695
48.7943
26.0971
25.8643
25.6255
25.3923
25.1566
24.9093
24.6479
24.3745
24.0914
23.7979
23.4919
23.1703
22.8312
22.4732
22.0949
21.6915
21.2545
20.7772
20.2625
19.7184
19.152
18.5667
17.967
17.3578
16.7455
16.135
15.5306
14.9336
14.3429
13.7541
13.1589
12.5381
11.8662
11.1252
10.3182
9.45676
8.53961
7.55781
6.52023
5.44738
4.34649
3.21327
2.04697
0.85306
-0.362004
-1.5918
-2.82981
-4.06819
-5.2989
-6.51283
-7.70104
-8.85375
-9.96167
-11.0144
-12.0027
-12.9169
-13.7489
-14.4908
-15.1356
-15.6774
-16.1112
-16.4335
-16.6425
-16.737
-16.7186
-16.5873
-16.3511
-16.0492
-15.7059
-15.3095
-14.7977
-14.272
-13.4968
-12.989
-11.6413
-11.8126
-8.61517
-12.1376
-1.91377
-19.4807
26.3007
26.4989
26.7019
26.9093
27.1219
27.3396
27.563
27.7922
28.0278
28.2697
28.5187
28.7746
29.0382
29.3095
29.5889
29.8766
30.173
30.4782
30.7926
31.1161
31.4492
31.7917
32.1438
32.5055
32.8768
33.2575
33.6474
34.0463
34.4538
34.8695
35.2927
35.7227
36.1587
36.5997
37.0445
37.4919
37.9401
38.3878
38.8326
39.2729
39.7058
40.1291
40.5396
40.9349
41.3111
41.6656
41.9939
42.293
42.5586
42.7873
42.9749
43.1178
43.2124
43.2551
43.2433
43.1735
43.0443
42.8533
42.6003
42.2848
41.9081
41.4713
40.9776
40.4306
39.8344
39.1937
38.524
37.917
37.3677
36.7839
36.1657
35.5243
34.8628
34.203
33.5813
32.8229
32.4605
32.5459
26.718
47.2346
24.0357
23.8341
23.627
23.4244
23.2213
23.0097
22.7849
22.5481
22.3016
22.046
21.779
21.4989
21.2039
20.8933
20.5657
20.2209
19.8589
19.4776
19.0695
18.6282
18.1548
17.6577
17.1435
16.6162
16.0785
15.5352
14.9909
14.4496
13.913
13.3802
12.8476
12.3089
11.7508
11.1514
10.4885
9.75536
8.96209
8.11647
7.21402
6.25602
5.26097
4.24269
3.19955
2.12731
1.02893
-0.089528
-1.2214
-2.3606
-3.49999
-4.63239
-5.74949
-6.84312
-7.90392
-8.9229
-9.89076
-10.7988
-11.6383
-12.4013
-13.0801
-13.6678
-14.159
-14.5488
-14.8343
-15.0128
-15.0849
-15.0489
-14.9117
-14.6977
-14.4344
-14.1203
-13.6972
-13.2584
-12.5831
-12.1545
-10.9319
-11.1376
-8.14373
-11.554
-1.75219
-18.8714
24.2119
24.3848
24.5618
24.7433
24.9292
25.1201
25.316
25.5174
25.7242
25.937
26.1557
26.3808
26.6124
26.851
27.0966
27.3499
27.6107
27.8797
28.1568
28.4426
28.7371
29.0406
29.3532
29.6751
30.0063
30.3469
30.6969
31.0561
31.4245
31.8016
32.1873
32.5808
32.982
33.3896
33.8032
34.2214
34.6435
35.0675
35.4923
35.9158
36.3365
36.7515
37.159
37.5558
37.9396
38.3066
38.6542
38.9783
39.2761
39.543
39.7761
39.9712
40.1247
40.2335
40.2933
40.3019
40.256
40.1541
39.9942
39.7764
39.4997
39.1657
38.7753
38.3323
37.8387
37.2995
36.7281
36.2032
35.7237
35.2109
34.6643
34.0934
33.5004
32.908
32.3413
31.6393
31.3665
31.3044
26.0045
45.5811
22.3323
22.1716
22.0026
21.8336
21.6649
21.4902
21.3041
21.1059
20.8975
20.68
20.4523
20.2122
19.9583
19.6898
19.4061
19.1056
18.7875
18.4524
18.1029
17.739
17.3547
16.9429
16.5043
16.0469
15.5772
15.0985
14.6125
14.1224
13.6315
13.1415
12.6518
12.1591
11.6578
11.1391
10.5865
9.97913
9.3044
8.56708
7.77896
6.94252
6.05626
5.13163
4.18352
3.21386
2.21652
1.19298
0.150557
-0.90246
-1.96001
-3.01609
-4.06466
-5.09801
-6.10821
-7.08656
-8.02491
-8.91476
-9.74786
-10.516
-11.2114
-11.8272
-12.3572
-12.796
-13.1396
-13.3849
-13.5307
-13.5749
-13.5221
-13.3855
-13.1928
-12.9525
-12.6101
-12.2511
-11.6692
-11.3139
-10.2124
-10.4471
-7.65812
-10.948
-1.58318
-18.2271
22.4711
22.6079
22.7489
22.8942
23.0441
23.1987
23.3581
23.5227
23.6927
23.8682
24.0496
24.2372
24.4311
24.6316
24.8391
25.0537
25.2759
25.5057
25.7436
25.9897
26.2444
26.5078
26.7801
27.0616
27.3523
27.6525
27.9621
28.2813
28.6099
28.9479
29.295
29.6511
30.0155
30.3883
30.7682
31.155
31.5473
31.9447
32.3451
32.748
33.1508
33.5525
33.9502
34.3423
34.7256
35.0981
35.4558
35.7967
36.1162
36.4119
36.6793
36.9157
37.117
37.2794
37.3994
37.4738
37.4996
37.4745
37.3968
37.2646
37.0778
36.8355
36.5396
36.1914
35.7931
35.3482
34.8693
34.4213
34.0081
33.5627
33.0844
32.5811
32.0546
31.528
31.015
30.373
30.1845
29.9823
25.232
43.8123
20.86
20.7438
20.6163
20.4837
20.3508
20.214
20.0671
19.9077
19.7372
19.5571
19.3672
19.1654
18.9502
18.7206
18.4761
18.2158
17.9381
17.6415
17.3259
16.9937
16.6492
16.2941
15.9235
15.5303
15.1151
14.6859
14.2496
13.8082
13.3629
12.9147
12.4653
12.0139
11.5577
11.0903
10.6043
10.0872
9.52149
8.89235
8.20063
7.46018
6.68011
5.8559
4.98911
4.09471
3.18159
2.24595
1.28737
0.312248
-0.670875
-1.65626
-2.6381
-3.61066
-4.5667
-5.49894
-6.39956
-7.26094
-8.07496
-8.83399
-9.53062
-10.158
-10.7099
-11.1803
-11.5651
-11.86
-12.0638
-12.1725
-12.1901
-12.1189
-11.9878
-11.8121
-11.5419
-11.2544
-10.7597
-10.4699
-9.48718
-9.74056
-7.1655
-10.3095
-1.42059
-17.5338
20.9551
21.0496
21.1483
21.2518
21.36
21.4732
21.5915
21.7151
21.8441
21.9789
22.1195
22.2662
22.4192
22.5788
22.7452
22.9187
23.0996
23.288
23.4845
23.6891
23.9023
24.1241
24.3552
24.5954
24.8453
25.1047
25.3743
25.6537
25.9434
26.243
26.5528
26.8722
27.2017
27.5402
27.8879
28.2436
28.6074
28.9775
29.354
29.7346
30.1189
30.5045
30.8904
31.2737
31.6531
32.0252
32.3882
32.7384
33.0735
33.3892
33.6833
33.9511
34.1901
34.3956
34.5651
34.6941
34.7806
34.8213
34.8138
34.7566
34.648
34.4876
34.2755
34.0132
33.7013
33.3432
32.9492
32.5733
32.222
31.8398
31.4256
30.9864
30.5237
30.0601
29.5988
29.0214
28.9091
28.5713
24.4131
41.8932
19.5711
19.5069
19.4265
19.3351
19.2421
19.1471
19.0432
18.9268
18.7985
18.6605
18.513
18.3548
18.1839
17.9997
17.8019
17.59
17.3629
17.1196
16.8591
16.5819
16.2892
15.9851
15.6738
15.3543
15.0142
14.6349
14.2056
13.7303
13.2193
12.6826
12.1274
11.5634
10.9981
10.4416
9.90138
9.38694
8.90454
8.45056
8.00569
7.54305
7.03261
6.43977
5.72843
4.8927
3.97834
3.05298
2.1487
1.25573
0.355553
-0.556735
-1.47426
-2.38682
-3.28631
-4.1662
-5.02049
-5.84245
-6.62508
-7.36142
-8.04449
-8.668
-9.22533
-9.71107
-10.1203
-10.4488
-10.694
-10.8521
-10.9251
-10.9078
-10.8281
-10.7073
-10.5002
-10.2749
-9.86093
-9.62597
-8.76286
-9.0161
-6.67587
-9.63161
-1.28507
-16.7703
19.6135
19.6556
19.7031
19.7558
19.8143
19.8786
19.9489
20.0254
20.1082
20.1975
20.2934
20.3963
20.5061
20.6234
20.748
20.8804
21.0205
21.1691
21.3258
21.4913
21.6655
21.8491
22.0418
22.2445
22.4568
22.6795
22.9121
23.1555
23.4092
23.6741
23.9492
24.2355
24.5319
24.8393
25.1563
25.4833
25.8191
26.1641
26.5164
26.8758
27.2405
27.6098
27.9814
28.3545
28.7261
29.0949
29.4577
29.8126
30.1561
30.4856
30.7976
31.089
31.3559
31.5952
31.8033
31.9768
32.1124
32.2073
32.2585
32.264
32.2225
32.1321
31.9933
31.8062
31.5713
31.2908
30.9738
30.6634
30.3688
30.0443
29.6892
29.3092
28.9065
28.5028
28.0898
27.5833
27.5387
27.0582
23.5711
39.795
17.6045
17.605
17.5827
17.5393
17.4896
17.4383
17.3801
17.3097
17.2255
17.1295
17.0228
16.9051
16.7742
16.6295
16.4698
16.2955
16.1055
15.8991
15.6744
15.4306
15.1659
14.8793
14.5702
14.2425
13.903
13.5595
13.2124
12.8534
12.4729
12.0736
11.664
11.2559
10.8515
10.4535
10.0573
9.65932
9.25093
8.82465
8.36941
7.87073
7.3109
6.6868
6.01431
5.31153
4.57481
3.79489
2.98052
2.15376
1.32551
0.495639
-0.337009
-1.16875
-1.99402
-2.80609
-3.59905
-4.36696
-5.1045
-5.80559
-6.46417
-7.07375
-7.62849
-8.12272
-8.55172
-8.91061
-9.19603
-9.4039
-9.53459
-9.57388
-9.55077
-9.4887
-9.35326
-9.19358
-8.87643
-8.69125
-7.98326
-8.20387
-6.17861
-8.85493
-1.20559
-15.9238
17.5837
17.5631
17.5493
17.542
17.5418
17.5485
17.5624
17.5839
17.6126
17.6493
17.6938
17.7464
17.8072
17.8768
17.9548
18.0419
18.1379
18.2437
18.3587
18.4839
18.6187
18.7645
18.9202
19.0871
19.2646
19.4538
19.6538
19.8659
20.089
20.3247
20.5715
20.8307
21.1011
21.384
21.6776
21.9829
22.2983
22.6249
22.9604
23.3054
23.6576
24.0171
24.3818
24.7512
25.1223
25.4945
25.8644
26.2308
26.5901
26.9405
27.2782
27.601
27.9044
28.1862
28.4424
28.67
28.865
29.025
29.1463
29.2272
29.2653
29.2592
29.2079
29.1111
28.9685
28.7824
28.5587
28.3294
28.1057
27.8546
27.5752
27.2715
26.9472
26.6202
26.2686
25.8661
25.9023
25.2588
22.6615
37.316
14.8243
14.8938
14.9377
14.953
14.9551
14.9537
14.9475
14.9313
14.9011
14.8577
14.8026
14.7368
14.6585
14.567
14.4605
14.3403
14.2049
14.0546
13.8876
13.7034
13.5004
13.2793
13.0394
12.7839
12.5159
12.2431
11.9741
11.7185
11.4779
11.2453
11.006
10.7522
10.4822
10.1992
9.89838
9.57315
9.21182
8.80557
8.34662
7.83636
7.28161
6.69359
6.08301
5.46358
4.84064
4.20314
3.5294
2.81479
2.07699
1.33634
0.598399
-0.137592
-0.87027
-1.59514
-2.30774
-3.00334
-3.67752
-4.32486
-4.93992
-5.51687
-6.05056
-6.53587
-6.96817
-7.34248
-7.65499
-7.90116
-8.08034
-8.171
-8.19958
-8.19537
-8.1279
-8.0389
-7.80996
-7.69846
-7.11119
-7.37746
-5.54991
-8.16394
-0.923196
-15.378
14.7386
14.6548
14.5791
14.5118
14.4527
14.4024
14.3606
14.3282
14.3046
14.2908
14.286
14.2913
14.3061
14.3317
14.3669
14.4132
14.4698
14.5381
14.617
14.708
14.81
14.9249
15.0512
15.1904
15.3416
15.5063
15.6835
15.8745
16.0779
16.2955
16.5257
16.77
17.0271
17.2982
17.5816
17.8784
18.187
18.5083
18.8402
19.1835
19.5359
19.8978
20.2669
20.6428
21.0232
21.4073
21.7921
22.1765
22.5574
22.9332
23.3002
23.6567
23.9987
24.3239
24.6286
24.9101
25.1645
25.3892
25.5808
25.7372
25.8559
25.9352
25.9736
25.9702
25.9245
25.8381
25.7157
25.5752
25.4307
25.2629
25.0705
24.8555
24.6223
24.3862
24.1132
23.8225
23.9812
23.2595
21.2914
35.3037
12.1463
12.2496
12.3305
12.3821
12.4145
12.4394
12.461
12.4766
12.4804
12.471
12.4497
12.4187
12.3773
12.3248
12.2591
12.1812
12.0904
11.9875
11.8714
11.7422
11.5986
11.4413
11.2693
11.0835
10.8824
10.6667
10.4351
10.1895
9.93157
9.66622
9.39422
9.1117
8.80704
8.4755
8.12143
7.75794
7.39422
7.03641
6.68457
6.33671
5.98666
5.62794
5.24833
4.83366
4.37232
3.86823
3.33256
2.77089
2.1804
1.56705
0.945691
0.327259
-0.287298
-0.898994
-1.5065
-2.1057
-2.69166
-3.25895
-3.80287
-4.31884
-4.80271
-5.24991
-5.65604
-6.01621
-6.32667
-6.58263
-6.78316
-6.90238
-6.96378
-6.99831
-6.9797
-6.94389
-6.78461
-6.73434
-6.24704
-6.56137
-4.89828
-7.4913
-0.580476
-14.8557
12.0304
11.9177
11.8132
11.7175
11.6301
11.5522
11.4829
11.4233
11.3729
11.3328
11.3019
11.2819
11.2718
11.273
11.2844
11.3078
11.3419
11.3884
11.4462
11.5167
11.5987
11.6942
11.8017
11.923
12.0568
12.2045
12.3651
12.5401
12.7281
12.9306
13.1462
13.3761
13.6194
13.8768
14.147
14.4309
14.7271
15.0361
15.3564
15.6885
16.0304
16.3824
16.7423
17.1099
17.4832
17.8615
18.2421
18.624
19.0046
19.3825
19.7545
20.1189
20.4724
20.8127
21.1368
21.442
21.7248
21.983
22.2132
22.4136
22.5817
22.7156
22.8138
22.8752
22.899
22.8867
22.8409
22.7698
22.6883
22.5876
22.4662
22.3254
22.1714
22.017
21.8203
21.6386
21.9104
21.1678
19.7242
33.2088
9.20813
9.29899
9.36989
9.41646
9.444
9.46206
9.47772
9.49018
9.49391
9.48634
9.46817
9.4424
9.40918
9.36791
9.31627
9.25494
9.18344
9.10302
9.01278
8.91309
8.80268
8.68224
8.55072
8.40902
8.25595
8.09246
7.9173
7.73129
7.53368
7.32602
7.10937
6.88798
6.66264
6.42986
6.17856
5.9022
5.60438
5.2985
4.99492
4.69964
4.41202
4.13
3.84641
3.55397
3.24189
2.89909
2.52135
2.11673
1.69284
1.24883
0.783345
0.305575
-0.173881
-0.652666
-1.13211
-1.61037
-2.08302
-2.54533
-2.99359
-3.42437
-3.83437
-4.21947
-4.57552
-4.89784
-5.18286
-5.4259
-5.62545
-5.75461
-5.83238
-5.88986
-5.90353
-5.90532
-5.79957
-5.79641
-5.39531
-5.74469
-4.23947
-6.79313
-0.226434
-14.2286
9.10975
9.01424
8.92541
8.84432
8.7701
8.70452
8.64611
8.59686
8.55546
8.52382
8.50045
8.48739
8.48332
8.49005
8.50623
8.53388
8.57158
8.62116
8.68135
8.75372
8.83726
8.93345
9.0413
9.16205
9.2948
9.44064
9.59879
9.77025
9.9541
10.1512
10.3608
10.5834
10.8185
11.0661
11.3256
11.5973
11.8801
12.1742
12.4785
12.793
13.1165
13.4484
13.7877
14.1336
14.4846
14.84
15.1978
15.557
15.9155
16.272
16.6242
16.9704
17.3081
17.6355
17.9499
18.2493
18.5306
18.7922
19.0313
19.2458
19.4339
19.5935
19.7234
19.8225
19.89
19.9266
19.9336
19.9127
19.8784
19.8293
19.7639
19.6831
19.595
19.5099
19.3825
19.3025
19.6628
18.9397
17.9738
30.7483
6.30553
6.33098
6.35033
6.3613
6.35662
6.33953
6.32045
6.30269
6.28242
6.25492
6.21981
6.17952
6.13588
6.0886
6.03624
5.97824
5.91473
5.8464
5.77345
5.69575
5.61283
5.52456
5.43084
5.33158
5.22655
5.11594
4.99963
4.87759
4.74988
4.61668
4.47815
4.33463
4.18727
4.03823
3.88834
3.73209
3.55819
3.35801
3.13563
2.90341
2.6722
2.44763
2.23017
2.01755
1.80618
1.59059
1.36195
1.11224
0.842378
0.558419
0.260696
-0.0564553
-0.390153
-0.729998
-1.06923
-1.40787
-1.74646
-2.08403
-2.41854
-2.74735
-3.06718
-3.37408
-3.66405
-3.93262
-4.17633
-4.39055
-4.57342
-4.69835
-4.78054
-4.84828
-4.88139
-4.90753
-4.84188
-4.87307
-4.54481
-4.91896
-3.55934
-6.05928
0.16025
-13.5031
6.27588
6.24803
6.22379
6.20435
6.18909
6.17927
6.17415
6.17506
6.18127
6.19419
6.21295
6.23894
6.27139
6.31161
6.3589
6.41449
6.47768
6.54965
6.62986
6.71925
6.8174
6.92501
7.04188
7.16849
7.3047
7.45085
7.60683
7.7729
7.94896
8.13509
8.33122
8.5372
8.75308
8.9785
9.21338
9.4573
9.71021
9.97141
10.2408
10.5175
10.8013
11.0914
11.3872
11.6877
11.9923
12.2999
12.6096
12.9201
13.2303
13.5389
13.8445
14.1456
14.4407
14.7279
15.0057
15.2722
15.5255
15.7637
15.985
16.1875
16.3698
16.5301
16.667
16.7796
16.8673
16.9302
16.9683
16.9797
16.9782
16.9662
16.9428
16.9084
16.8729
16.8429
16.774
16.7821
17.2062
16.5227
15.9719
27.9653
3.82667
3.74426
3.67565
3.62234
3.56223
3.48848
3.4125
3.34215
3.27768
3.21248
3.14472
3.07463
3.00605
2.93878
2.87335
2.80747
2.74216
2.67646
2.61212
2.54794
2.48503
2.42186
2.35954
2.29668
2.23441
2.17141
2.1088
2.0452
1.98161
1.9166
1.85138
1.78483
1.71821
1.65064
1.58418
1.51933
1.4572
1.38977
1.30539
1.19417
1.06151
0.919399
0.779897
0.646833
0.521419
0.401412
0.285007
0.165726
0.035448
-0.112568
-0.275746
-0.454039
-0.650737
-0.865875
-1.0889
-1.31224
-1.5359
-1.76306
-1.99366
-2.2255
-2.45534
-2.68005
-2.89686
-3.10246
-3.29399
-3.46714
-3.62007
-3.72882
-3.80372
-3.86997
-3.90939
-3.94722
-3.90708
-3.96112
-3.69062
-4.07994
-2.84596
-5.28367
0.604181
-12.6627
3.90443
3.98186
4.059
4.13677
4.21475
4.29341
4.37288
4.45336
4.53515
4.61833
4.70336
4.79021
4.87945
4.97096
5.06541
5.16256
5.2632
5.36698
5.4748
5.5862
5.70207
5.8219
5.9467
6.07576
6.21013
6.34908
6.49368
6.64305
6.79831
6.95851
7.12473
7.29592
7.47319
7.65537
7.84347
8.03632
8.23489
8.43784
8.6461
8.85832
9.07525
9.29564
9.52006
9.74709
9.97722
10.2091
10.443
10.6774
10.9123
11.1463
11.3789
11.6089
11.8356
12.0574
12.2735
12.4825
12.6832
12.874
13.0538
13.2212
13.375
13.5136
13.6359
13.7411
13.8288
13.8985
13.9489
13.9777
13.9953
14.0061
14.0091
14.0058
14.0061
14.0137
13.9862
14.0614
14.522
13.8851
13.6622
24.8451
2.28693
2.09897
1.93776
1.81225
1.694
1.56503
1.43246
1.30619
1.19224
1.08481
0.981016
0.877912
0.779958
0.687014
0.601462
0.520113
0.444461
0.372033
0.305386
0.242399
0.185343
0.131727
0.0835874
0.0384304
-0.00174157
-0.0394676
-0.0727296
-0.104106
-0.131848
-0.158616
-0.182753
-0.206792
-0.228993
-0.251398
-0.272174
-0.293172
-0.311819
-0.328379
-0.34202
-0.362334
-0.400684
-0.46567
-0.548756
-0.637318
-0.719373
-0.792103
-0.853642
-0.904087
-0.941124
-0.968535
-0.990605
-1.01141
-1.03379
-1.06806
-1.12158
-1.19361
-1.28099
-1.38768
-1.51629
-1.66305
-1.81994
-1.98012
-2.13966
-2.29536
-2.44449
-2.58245
-2.70742
-2.79805
-2.86282
-2.92304
-2.9628
-3.00394
-2.98058
-3.0474
-2.82212
-3.21509
-2.09182
-4.44281
1.10628
-11.5774
2.47112
2.65197
2.82836
3.00061
3.16925
3.3336
3.49481
3.65186
3.80616
3.95653
4.1045
4.24875
4.39091
4.5296
4.66649
4.8002
4.93241
5.06167
5.18974
5.31519
5.43973
5.56188
5.68342
5.8029
5.92198
6.03929
6.1565
6.27221
6.38806
6.50272
6.61786
6.73211
6.8471
6.96154
7.07697
7.19221
7.30871
7.42527
7.54332
7.66176
7.7819
7.90269
8.02544
8.14908
8.27492
8.40186
8.53109
8.66156
8.79412
8.9277
9.06292
9.19869
9.33523
9.47128
9.60684
9.74056
9.87195
9.99962
10.1228
10.2401
10.3505
10.4523
10.5448
10.6263
10.6965
10.7545
10.7976
10.8245
10.8456
10.8629
10.8766
10.8881
10.909
10.9391
10.9401
11.0629
11.5423
10.9598
10.9413
21.2226
1.40823
1.15381
0.931477
0.755618
0.598942
0.439365
0.276268
0.119083
-0.0235711
-0.153558
-0.274814
-0.39126
-0.500589
-0.602115
-0.693559
-0.776765
-0.850992
-0.918254
-0.976879
-1.02832
-1.0709
-1.10647
-1.13348
-1.15394
-1.16637
-1.17293
-1.1721
-1.16615
-1.15352
-1.13652
-1.11374
-1.08776
-1.05729
-1.02477
-0.988635
-0.951082
-0.910397
-0.868252
-0.821521
-0.770254
-0.71417
-0.664288
-0.631637
-0.622165
-0.623751
-0.622504
-0.609829
-0.590474
-0.57127
-0.561881
-0.569314
-0.601416
-0.656158
-0.726728
-0.810267
-0.910523
-1.01958
-1.12231
-1.21212
-1.2944
-1.37677
-1.46287
-1.55231
-1.64255
-1.73142
-1.81574
-1.89525
-1.95448
-1.99552
-2.03667
-2.06261
-2.09518
-2.07415
-2.14251
-1.94627
-2.33272
-1.30102
-3.5262
1.65017
-10.0688
1.66452
1.91614
2.16053
2.39794
2.62835
2.85131
3.06719
3.27532
3.47637
3.66968
3.85592
4.0343
4.20561
4.36912
4.52571
4.67449
4.81643
4.95065
5.07832
5.19842
5.31216
5.41853
5.51887
5.61219
5.69978
5.7807
5.85634
5.92573
5.9903
6.04913
6.1038
6.15337
6.19951
6.24126
6.28032
6.31588
6.34967
6.38082
6.41097
6.43949
6.46793
6.49557
6.52407
6.55283
6.58331
6.6149
6.64903
6.68514
6.72431
6.76593
6.81088
6.85853
6.90924
6.9625
7.01835
7.07604
7.13523
7.19532
7.25568
7.31567
7.37442
7.43112
7.48519
7.53584
7.5828
7.62426
7.65695
7.68455
7.70587
7.72288
7.73539
7.74584
7.76479
7.79074
7.78677
7.90567
8.34734
7.81596
7.81537
16.8668
2.55325
2.31706
2.10404
1.92972
1.78599
1.6505
1.51104
1.36857
1.23532
1.1133
1.00198
0.894476
0.791842
0.692446
0.599848
0.511536
0.42934
0.349852
0.275151
0.20243
0.133989
0.0668991
0.00310708
-0.0602319
-0.121467
-0.183496
-0.244735
-0.308208
-0.372336
-0.439811
-0.509548
-0.584501
-0.663934
-0.751097
-0.845679
-0.951148
-1.06799
-1.20037
-1.35021
-1.52334
-1.72235
-1.95227
-2.21611
-2.52052
-2.8582
-3.19478
-3.45944
-3.57253
-3.47133
-3.1341
-2.57559
-1.85177
-1.05806
-0.325186
0.224578
0.518282
0.557982
0.414434
0.19528
-0.0156778
-0.192611
-0.345579
-0.487172
-0.618189
-0.735279
-0.834886
-0.920084
-0.978222
-1.02085
-1.06168
-1.0892
-1.12196
-1.11022
-1.18001
-1.01775
-1.37164
-0.488562
-2.38287
1.93399
-7.28877
2.78053
3.00011
3.2114
3.41362
3.60789
3.7925
3.9688
4.13506
4.29289
4.44031
4.57894
4.70675
4.8256
4.93348
5.03216
5.1196
5.19775
5.26474
5.32237
5.36898
5.40633
5.43274
5.45015
5.45721
5.45561
5.44422
5.42475
5.39615
5.36018
5.31615
5.26565
5.20811
5.14525
5.07678
5.00427
4.92757
4.84838
4.7667
4.68414
4.6008
4.51807
4.43626
4.35687
4.28015
4.20745
4.13916
4.07641
4.01951
3.96947
3.92645
3.89115
3.86352
3.84393
3.83203
3.82792
3.83093
3.84087
3.85691
3.87846
3.90403
3.93248
3.96142
3.98886
4.01153
4.02736
4.03234
4.02151
3.99995
3.98386
3.96504
3.9471
3.93371
3.93973
3.96494
3.97656
4.10612
4.53734
4.17439
4.02009
11.1109
2.09463
2.0829
2.05709
2.01971
1.99482
1.98465
1.97337
1.95389
1.92833
1.90396
1.88113
1.85967
1.83596
1.81136
1.78497
1.75917
1.73233
1.70596
1.67853
1.65169
1.62429
1.59767
1.57087
1.54511
1.5197
1.4958
1.47303
1.45217
1.43334
1.41718
1.40415
1.39494
1.39041
1.39121
1.39879
1.41367
1.43705
1.46872
1.51032
1.56603
1.65002
1.78969
2.02979
2.41917
2.98443
3.69357
4.43992
5.06079
5.38466
5.27919
4.67916
3.60495
2.17377
0.606512
-0.810542
-1.80592
-2.24286
-2.18535
-1.8572
-1.48751
-1.19757
-0.993319
-0.839069
-0.709222
-0.602104
-0.520681
-0.466605
-0.435366
-0.40598
-0.384662
-0.362738
-0.35461
-0.32291
-0.357714
-0.241645
-0.47092
0.0757006
-1.01125
1.51815
-3.32461
2.11222
2.13091
2.15093
2.17304
2.19538
2.21955
2.2432
2.26857
2.29298
2.31856
2.34273
2.36774
2.39103
2.4146
2.43604
2.45733
2.47617
2.49433
2.50957
2.52392
2.53504
2.54452
2.55048
2.55463
2.55499
2.55319
2.54746
2.53925
2.52708
2.51248
2.49389
2.47277
2.44784
2.42072
2.39024
2.35781
2.32252
2.28589
2.24726
2.20784
2.16702
2.12603
2.08448
2.04337
2.00241
1.96244
1.92321
1.8853
1.84851
1.81321
1.77935
1.74677
1.71555
1.68512
1.65569
1.6263
1.59746
1.56828
1.5397
1.51144
1.48567
1.46358
1.44901
1.44529
1.4566
1.48195
1.52159
1.587
1.6348
1.67316
1.69907
1.71014
1.70781
1.68585
1.62124
1.56721
1.60332
1.2923
1.07985
3.91848
)
;

boundaryField
{
    inlet
    {
        type            freestreamPressure;
        freestreamValue uniform 0;
        supersonic      false;
        value           nonuniform List<scalar> 
134
(
2.78807
0.0226218
-2.7752
-5.11525
-6.72633
-7.62323
-7.64395
-6.80238
-5.15298
-2.27016
-0.327926
-0.528115
-0.87657
-1.1959
-1.51885
-1.85937
-2.21995
-2.60131
-3.00784
-3.44835
5.57492
-3.93647
-4.4812
-5.06246
-5.62033
-6.03862
-6.25136
-6.63581
-6.64046
-6.78151
-8.26819
-7.53521
-7.57918
-7.74986
-7.87714
-7.94448
-8.00662
-8.15012
-8.50507
-8.92159
8.29044
11.203
13.9054
15.7636
16.3072
14.6103
9.52085
-9.9812
-9.8332
-9.54967
-9.37176
-9.24675
-9.1014
-8.93012
-8.74875
-8.56338
-8.37163
-8.17181
-7.96345
-7.7474
-7.52254
-7.28784
-7.0395
-6.77205
-6.47747
-6.15035
-5.93936
-5.73731
-5.49456
-5.21359
-4.88799
-4.4676
-3.88363
-2.80941
-1.28061
4.40553
8.70997
12.9597
16.8472
20.4308
23.6858
26.3742
28.4149
29.8942
30.8721
31.469
31.8123
32.0139
32.165
32.3985
32.9214
33.8022
34.723
35.4558
36.0412
36.5333
36.94
37.2454
37.4432
37.5389
37.5472
37.5008
37.4658
37.6124
38.184
39.6528
40.1598
39.2528
38.2461
37.5464
36.9311
36.2398
35.4899
34.7227
33.9409
33.1315
32.2877
31.4058
30.4828
29.5107
28.4802
27.3776
26.1811
24.8726
23.3262
22.0721
20.7666
19.2324
17.4966
15.5493
13.2871
10.5645
6.96228
2.45699
)
;
    }
    outlet
    {
        type            freestreamPressure;
        freestreamValue uniform 0;
        supersonic      false;
        value           nonuniform List<scalar> 
160
(
0.0233301
0.0234373
0.0232855
0.0235673
0.0230961
0.023727
0.0227743
0.0239224
0.0225863
0.024133
0.0225603
0.0243763
0.0225234
0.0246254
0.022397
0.0249048
0.022202
0.0251842
0.0220176
0.0254866
0.0218473
0.0257823
0.0216894
0.0260961
0.021503
0.0263984
0.021303
0.0267112
0.0210786
0.0270063
0.0208562
0.0273057
0.0206172
0.0275824
0.0203784
0.0278563
0.0201225
0.028101
0.0198679
0.0283389
0.0196015
0.0285431
0.0193386
0.0287312
0.0190683
0.0288811
0.0188045
0.0290117
0.0185396
0.0291003
0.0182867
0.0291649
0.018042
0.0291846
0.0178144
0.0291761
0.0176059
0.0291216
0.0174239
0.0290386
0.0172743
0.0289086
0.0171651
0.0287483
0.0171072
0.0285423
0.0171083
0.0283094
0.0171864
0.0280355
0.0173485
0.0277368
0.0176096
0.0274024
0.0179677
0.02705
0.018441
0.0266715
0.0190749
0.0262815
0.02003
0.0258722
0.0216196
0.0254587
0.0243596
0.025036
0.0288119
0.0246164
0.0352837
0.0241964
0.0434256
0.0237867
0.0520611
0.0233841
0.0593827
0.0229963
0.063429
0.0226213
0.0625761
0.0222638
0.0558675
0.0219236
0.0433332
0.0215994
0.0262712
0.0212925
0.00740653
0.0209962
-0.00965078
0.0207135
-0.021542
0.0204327
-0.0266725
0.0201604
-0.0259141
0.0198858
-0.0219939
0.0196209
-0.0176258
0.0193623
-0.0142195
0.0191382
-0.0118278
0.0189649
-0.0100215
0.0188934
-0.0084959
0.0189695
-0.00723349
0.0192515
-0.0062735
0.0197323
-0.00563862
0.0204207
-0.0052755
0.0214493
-0.00493121
0.0222361
-0.00468457
0.0229198
-0.00443114
0.0234595
-0.00434451
0.023821
-0.00397254
0.0240214
-0.00441077
0.0239713
-0.00300231
0.0233346
-0.00583206
0.0228519
0.000957012
0.0237183
-0.0124021
0.0194968
0.0202122
0.0165476
-0.0376026
0.0607183
)
;
    }
    walls
    {
        type            zeroGradient;
    }
    frontAndBack
    {
        type            empty;
    }
}


// ************************************************************************* //
