/*--------------------------------*- C++ -*----------------------------------*\
  =========                 |
  \\      /  F ield         | OpenFOAM: The Open Source CFD Toolbox
   \\    /   O peration     | Website:  https://openfoam.org
    \\  /    A nd           | Version:  12
     \\/     M anipulation  |
\*---------------------------------------------------------------------------*/
FoamFile
{
    format      ascii;
    class       volScalarField;
    location    "500";
    object      nuTilda;
}
// * * * * * * * * * * * * * * * * * * * * * * * * * * * * * * * * * * * * * //

dimensions      [0 2 -1 0 0 0 0];

internalField   nonuniform List<scalar> 
10720
(
0.145526
0.152825
0.161557
0.172157
0.184464
0.199052
0.215975
0.234816
0.255177
0.276111
0.295986
0.312851
0.324857
0.331124
0.331886
0.328226
0.321477
0.312777
0.30276
0.291793
0.279844
0.26691
0.253068
0.238817
0.225358
0.213764
0.203883
0.194366
0.186033
0.171513
0.155732
0.144301
0.123524
0.11473
0.103907
0.0651941
0.0571196
0.0869738
0.090634
0.138775
0.132367
0.125372
0.118309
0.110774
0.102798
0.0942952
0.0851427
0.0751535
0.0638506
0.0506608
0.0358555
0.0340098
0.0395152
0.049071
0.0575717
0.0654414
0.0733054
0.081399
0.0897098
0.098106
0.106452
0.114616
0.122475
0.129716
0.135999
0.141302
0.145752
0.149501
0.152671
0.155339
0.157548
0.159356
0.160812
0.161915
0.162741
0.162988
0.163555
0.160461
0.110558
0.110306
0.11011
0.110662
0.111669
0.113012
0.115166
0.118459
0.123491
0.130591
0.139926
0.151643
0.165345
0.180567
0.196917
0.213889
0.231232
0.248595
0.265671
0.281972
0.297052
0.310285
0.321132
0.329254
0.334542
0.336898
0.336203
0.332635
0.327144
0.318973
0.308476
0.297244
0.287483
0.274309
0.264133
0.234814
0.212266
0.287985
0.276868
0.110768
0.110847
0.110954
0.110797
0.110434
0.109789
0.10873
0.107179
0.105164
0.102796
0.100078
0.0970332
0.093131
0.0886785
0.0842391
0.0801315
0.0763944
0.0730418
0.0701489
0.0677601
0.0659198
0.0646467
0.0639407
0.0637617
0.0640786
0.0648349
0.0659294
0.0672531
0.0687119
0.0702243
0.0717313
0.0734013
0.0759861
0.0795238
0.0834001
0.0871604
0.0904817
0.0945173
0.102705
0.128611
0.128482
0.128299
0.128375
0.12859
0.128796
0.128989
0.129216
0.129569
0.129889
0.130176
0.130643
0.131648
0.133542
0.136657
0.141239
0.147522
0.15508
0.161522
0.173081
0.189722
0.210436
0.234468
0.260448
0.286503
0.311321
0.333866
0.353084
0.368539
0.379996
0.387479
0.391545
0.394176
0.393858
0.395438
0.381969
0.380807
0.522438
0.540385
0.128731
0.128695
0.128719
0.128549
0.12828
0.127869
0.127257
0.12638
0.125226
0.12381
0.12211
0.120162
0.117991
0.115534
0.112897
0.110129
0.107256
0.104296
0.101303
0.0983006
0.0953267
0.0923915
0.0895001
0.0865606
0.0835426
0.0805206
0.0775472
0.0746778
0.071961
0.0694327
0.0671608
0.0649913
0.0641953
0.0652794
0.0674408
0.0701172
0.0734529
0.076362
0.0832772
0.132922
0.13285
0.132701
0.132578
0.132583
0.132647
0.132724
0.132805
0.132888
0.132974
0.133018
0.132942
0.132535
0.131478
0.130111
0.129621
0.129792
0.13072
0.132233
0.134839
0.139347
0.14703
0.156418
0.170323
0.191306
0.218051
0.249681
0.284624
0.320803
0.355963
0.388206
0.41642
0.441087
0.461645
0.482375
0.490035
0.506914
0.695594
0.827613
0.132982
0.132993
0.132998
0.132935
0.132809
0.132612
0.132314
0.131893
0.131341
0.130654
0.129822
0.128841
0.127685
0.126361
0.124891
0.123283
0.121544
0.119681
0.117711
0.115646
0.113504
0.11129
0.109
0.106562
0.103912
0.101088
0.0981103
0.0950086
0.0918116
0.0885497
0.0852618
0.0819688
0.0787606
0.075784
0.0732128
0.0708488
0.0704107
0.0712461
0.072059
0.135288
0.135235
0.13514
0.135005
0.134839
0.134643
0.134559
0.134535
0.134523
0.134519
0.134522
0.13452
0.134478
0.134343
0.134041
0.13359
0.133032
0.132444
0.13194
0.131609
0.131584
0.13236
0.134201
0.137794
0.144379
0.155577
0.169281
0.19404
0.229225
0.273611
0.324362
0.377532
0.430016
0.479195
0.527222
0.563631
0.602363
0.822081
1.09367
0.135333
0.135337
0.135341
0.135294
0.135215
0.135086
0.1349
0.134642
0.134307
0.133893
0.1334
0.132814
0.132135
0.131362
0.130497
0.129536
0.128482
0.127333
0.126097
0.12477
0.123361
0.121865
0.120275
0.118535
0.116595
0.11446
0.112134
0.109622
0.106932
0.10408
0.101081
0.0979579
0.0947382
0.0914611
0.0881844
0.0849291
0.0817494
0.079413
0.0736511
0.136599
0.136558
0.136491
0.136395
0.136279
0.136133
0.135956
0.135751
0.135508
0.135302
0.135167
0.135067
0.134956
0.134793
0.134491
0.13407
0.133575
0.132999
0.132326
0.131564
0.13064
0.13023
0.130166
0.130558
0.131673
0.13441
0.138804
0.147437
0.162196
0.189272
0.232981
0.293684
0.367452
0.447308
0.529273
0.602605
0.670479
0.908747
1.27218
0.136627
0.136634
0.136637
0.136605
0.13655
0.136461
0.136334
0.136162
0.135942
0.135672
0.135351
0.134972
0.134538
0.134046
0.133495
0.13288
0.132202
0.131459
0.130653
0.129782
0.128845
0.127837
0.12675
0.125545
0.124182
0.122657
0.120963
0.119094
0.117045
0.114814
0.112401
0.109816
0.107069
0.104177
0.10116
0.0980616
0.0947325
0.0920963
0.0846632
0.137442
0.137411
0.137357
0.137283
0.137196
0.137087
0.136956
0.136806
0.136631
0.136433
0.136208
0.135979
0.135788
0.135563
0.135249
0.134872
0.13444
0.13395
0.133384
0.132731
0.131934
0.131067
0.130146
0.129529
0.129332
0.129574
0.130463
0.132562
0.136739
0.146325
0.164986
0.205485
0.275249
0.372688
0.487911
0.604359
0.710212
0.96214
1.38308
0.137466
0.137469
0.13747
0.137444
0.137403
0.137335
0.13724
0.137117
0.136961
0.136772
0.136547
0.136286
0.13599
0.135656
0.135282
0.134867
0.134407
0.133902
0.133351
0.132752
0.132106
0.131405
0.130644
0.129795
0.128828
0.127739
0.126518
0.125155
0.123641
0.121966
0.120122
0.118106
0.115915
0.113555
0.111029
0.108373
0.105412
0.102999
0.0962348
0.138013
0.137987
0.137946
0.137888
0.13782
0.137734
0.137633
0.137516
0.13738
0.137227
0.137053
0.136858
0.136639
0.136394
0.136115
0.135798
0.135436
0.135023
0.134554
0.13402
0.1334
0.13267
0.131804
0.130853
0.129919
0.128995
0.128688
0.128888
0.129695
0.132045
0.13745
0.152772
0.192677
0.277161
0.408548
0.566528
0.718263
0.985142
1.43975
0.138031
0.138034
0.138035
0.138015
0.137983
0.13793
0.137856
0.137763
0.137647
0.137507
0.137342
0.137153
0.13694
0.136702
0.136437
0.136143
0.135818
0.135461
0.13507
0.134644
0.13418
0.133676
0.133126
0.132509
0.131806
0.131011
0.130117
0.129114
0.127992
0.12674
0.125349
0.12381
0.122115
0.12026
0.118238
0.116072
0.113601
0.111529
0.105881
0.138424
0.138403
0.138368
0.138322
0.138267
0.1382
0.138119
0.138028
0.137923
0.137803
0.137669
0.137518
0.137348
0.137158
0.136941
0.136693
0.136408
0.136079
0.1357
0.135263
0.134759
0.134174
0.133489
0.132673
0.131754
0.130711
0.129679
0.128684
0.128278
0.128473
0.129518
0.13311
0.146707
0.194254
0.309152
0.491362
0.690808
0.977901
1.45001
0.138439
0.138442
0.138443
0.138427
0.138402
0.138358
0.138299
0.138226
0.138136
0.138028
0.137903
0.13776
0.137601
0.137424
0.137229
0.137013
0.136775
0.136515
0.136229
0.135916
0.135575
0.135202
0.134792
0.134332
0.133807
0.133213
0.132544
0.131791
0.130946
0.13
0.128943
0.127767
0.126462
0.12502
0.123432
0.121709
0.119712
0.117994
0.113449
0.138731
0.138712
0.138684
0.138646
0.138602
0.138547
0.138482
0.138409
0.138324
0.138228
0.138121
0.137999
0.137863
0.137709
0.137535
0.137337
0.137113
0.136857
0.136563
0.136224
0.135829
0.13537
0.134835
0.134209
0.133483
0.132629
0.131644
0.130503
0.12937
0.128284
0.127924
0.128225
0.130505
0.14614
0.21756
0.390671
0.626445
0.938689
1.41865
0.138744
0.138748
0.138748
0.138736
0.138716
0.13868
0.138631
0.138572
0.1385
0.138414
0.138316
0.138205
0.138082
0.137946
0.137798
0.137635
0.137456
0.13726
0.137046
0.13681
0.136553
0.136271
0.13596
0.13561
0.135209
0.134755
0.134243
0.133666
0.133018
0.132291
0.131477
0.130568
0.129556
0.128432
0.127185
0.125824
0.124231
0.122831
0.119241
0.138969
0.138952
0.138928
0.138897
0.13886
0.138815
0.138762
0.138702
0.138634
0.138557
0.13847
0.138373
0.138264
0.138141
0.138003
0.137846
0.137667
0.137463
0.137228
0.136958
0.136644
0.136281
0.135859
0.135371
0.134813
0.134164
0.133396
0.132459
0.131358
0.130069
0.128766
0.127893
0.127446
0.128649
0.155565
0.285596
0.53015
0.865769
1.34863
0.13898
0.138983
0.138985
0.138975
0.13896
0.138929
0.138888
0.138838
0.138779
0.13871
0.138631
0.138542
0.138445
0.138338
0.138222
0.138096
0.137959
0.137808
0.137643
0.137463
0.137265
0.137047
0.136807
0.136535
0.136224
0.135871
0.135471
0.135021
0.134515
0.133947
0.133311
0.132599
0.131804
0.13092
0.129936
0.128855
0.127586
0.126448
0.123633
0.139157
0.139142
0.139122
0.139096
0.139065
0.139028
0.138984
0.138935
0.138878
0.138815
0.138744
0.138664
0.138574
0.138473
0.13836
0.138231
0.138086
0.13792
0.137731
0.137514
0.137262
0.136971
0.136634
0.136246
0.135805
0.135301
0.134713
0.134008
0.133143
0.132062
0.130724
0.129307
0.127905
0.126215
0.127572
0.198835
0.41543
0.760239
1.24209
0.139167
0.13917
0.139172
0.139165
0.139153
0.139127
0.139092
0.13905
0.139
0.138942
0.138878
0.138805
0.138726
0.138641
0.138549
0.138449
0.138341
0.138223
0.138094
0.137953
0.137798
0.137628
0.137438
0.137224
0.136978
0.136699
0.136384
0.136027
0.135626
0.135176
0.134671
0.134106
0.133475
0.132771
0.131986
0.131121
0.130104
0.129177
0.126967
0.139309
0.139297
0.13928
0.139257
0.139232
0.139201
0.139164
0.139124
0.139077
0.139025
0.138966
0.1389
0.138826
0.138743
0.13865
0.138544
0.138424
0.138287
0.138131
0.137952
0.137745
0.137507
0.137233
0.136918
0.136562
0.136156
0.13569
0.135144
0.134487
0.133672
0.132606
0.131237
0.12974
0.128244
0.122032
0.14388
0.30198
0.629111
1.10215
0.139318
0.139322
0.139324
0.139319
0.13931
0.139288
0.139258
0.139221
0.139178
0.13913
0.139075
0.139015
0.13895
0.13888
0.138805
0.138725
0.138639
0.138545
0.138442
0.138331
0.138208
0.138072
0.137921
0.137749
0.137553
0.13733
0.137078
0.136792
0.13647
0.136109
0.135703
0.135249
0.134741
0.134175
0.133542
0.132844
0.132022
0.131261
0.129517
0.139435
0.139424
0.13941
0.139392
0.13937
0.139345
0.139315
0.139281
0.139242
0.139198
0.139149
0.139094
0.139032
0.138962
0.138884
0.138796
0.138695
0.138581
0.138451
0.138302
0.138131
0.137933
0.137707
0.137448
0.137156
0.136824
0.136442
0.136
0.13548
0.134854
0.134062
0.132996
0.13152
0.130489
0.125683
0.120546
0.2091
0.486387
0.935182
0.139443
0.139446
0.139448
0.139445
0.139439
0.13942
0.139394
0.139362
0.139325
0.139283
0.139237
0.139186
0.139132
0.139073
0.139012
0.138947
0.138876
0.1388
0.138718
0.138628
0.138529
0.13842
0.138298
0.138159
0.138
0.13782
0.137615
0.137384
0.137124
0.13683
0.1365
0.136131
0.135718
0.135258
0.134743
0.134174
0.133505
0.132875
0.131489
0.139541
0.139532
0.13952
0.139505
0.139488
0.139467
0.139442
0.139414
0.139381
0.139344
0.139303
0.139256
0.139204
0.139145
0.139078
0.139004
0.138919
0.138823
0.138713
0.138588
0.138444
0.138279
0.13809
0.137875
0.137632
0.137357
0.13704
0.136674
0.136246
0.13574
0.135123
0.134347
0.133123
0.132119
0.130076
0.117941
0.14803
0.350569
0.752887
0.139548
0.139551
0.139553
0.139551
0.139547
0.139531
0.139508
0.13948
0.139447
0.139411
0.139371
0.139328
0.139281
0.139232
0.139181
0.139127
0.139069
0.139007
0.138939
0.138866
0.138785
0.138696
0.138597
0.138484
0.138354
0.138207
0.13804
0.137851
0.137637
0.137397
0.137127
0.136824
0.136485
0.136107
0.135684
0.135216
0.134667
0.134143
0.133031
0.139631
0.139624
0.139615
0.139603
0.139589
0.139572
0.139551
0.139528
0.1395
0.139468
0.139433
0.139393
0.139348
0.139297
0.13924
0.139177
0.139104
0.139023
0.138929
0.138823
0.138701
0.138562
0.138403
0.138222
0.138019
0.137789
0.137525
0.137219
0.136862
0.13644
0.135933
0.135322
0.134482
0.133271
0.132928
0.124027
0.119486
0.239449
0.572269
0.139637
0.139639
0.139642
0.139641
0.139638
0.139625
0.139605
0.13958
0.139551
0.139518
0.139483
0.139446
0.139406
0.139364
0.139321
0.139276
0.139227
0.139176
0.13912
0.13906
0.138994
0.13892
0.138839
0.138745
0.138639
0.138517
0.138379
0.138223
0.138047
0.137849
0.137626
0.137375
0.137095
0.136782
0.136432
0.136044
0.13559
0.13515
0.134252
0.139709
0.139704
0.139697
0.139689
0.139678
0.139664
0.139646
0.139626
0.139601
0.139574
0.139543
0.139508
0.139469
0.139425
0.139376
0.139321
0.139259
0.139189
0.139109
0.139018
0.138915
0.138796
0.138662
0.138509
0.138338
0.138144
0.137922
0.137666
0.137366
0.137012
0.136587
0.136067
0.135469
0.134425
0.134229
0.13061
0.114341
0.163641
0.412383
0.139714
0.139716
0.139718
0.139718
0.139717
0.139706
0.139688
0.139665
0.139639
0.13961
0.139579
0.139546
0.139511
0.139476
0.139439
0.1394
0.13936
0.139316
0.13927
0.13922
0.139165
0.139104
0.139036
0.138959
0.13887
0.138769
0.138654
0.138525
0.138379
0.138214
0.138029
0.13782
0.137587
0.137326
0.137033
0.13671
0.136331
0.13596
0.13523
0.139778
0.139775
0.13977
0.139764
0.139756
0.139743
0.139728
0.13971
0.139688
0.139664
0.139636
0.139605
0.139571
0.139533
0.13949
0.139442
0.139388
0.139328
0.139259
0.139181
0.139092
0.138991
0.138876
0.138747
0.138602
0.138438
0.138251
0.138034
0.137782
0.137483
0.137127
0.136684
0.136175
0.135448
0.134759
0.134553
0.120685
0.1232
0.287822
0.139781
0.139782
0.139783
0.139784
0.139784
0.139775
0.139759
0.139739
0.139715
0.139689
0.139661
0.139632
0.139602
0.139571
0.139539
0.139506
0.139471
0.139435
0.139396
0.139353
0.139307
0.139256
0.1392
0.139135
0.13906
0.138976
0.13888
0.138772
0.13865
0.138512
0.138357
0.138183
0.137987
0.137768
0.137523
0.137251
0.136933
0.136619
0.13602
0.139839
0.139838
0.139836
0.139831
0.139824
0.139813
0.139799
0.139782
0.139762
0.13974
0.139715
0.139688
0.139657
0.139623
0.139586
0.139544
0.139497
0.139444
0.139385
0.139317
0.139241
0.139154
0.139056
0.138945
0.138822
0.138683
0.138524
0.13834
0.138126
0.137874
0.137574
0.137204
0.136746
0.136238
0.135354
0.136037
0.129193
0.11042
0.203659
0.139841
0.13984
0.139841
0.139841
0.139843
0.139836
0.139822
0.139803
0.139781
0.139757
0.139732
0.139706
0.139679
0.139652
0.139624
0.139596
0.139566
0.139535
0.139502
0.139466
0.139427
0.139384
0.139336
0.139282
0.139219
0.139148
0.139067
0.138976
0.138873
0.138757
0.138627
0.13848
0.138316
0.138132
0.137925
0.137695
0.137427
0.137159
0.136665
0.139894
0.139895
0.139894
0.13989
0.139883
0.139873
0.13986
0.139844
0.139826
0.139805
0.139783
0.139758
0.139731
0.139701
0.139668
0.139631
0.13959
0.139544
0.139492
0.139433
0.139367
0.139292
0.139207
0.139112
0.139006
0.138888
0.138752
0.138596
0.138414
0.1382
0.137946
0.137638
0.13724
0.136812
0.136036
0.136199
0.135172
0.11328
0.155415
0.139893
0.139892
0.139891
0.139892
0.139894
0.139889
0.139876
0.139859
0.139839
0.139817
0.139794
0.13977
0.139747
0.139723
0.139698
0.139674
0.139648
0.139621
0.139592
0.139562
0.139529
0.139492
0.139452
0.139405
0.139352
0.139292
0.139223
0.139146
0.139059
0.138961
0.138851
0.138727
0.138588
0.138432
0.138257
0.138063
0.137836
0.137606
0.137197
0.139944
0.139946
0.139945
0.139942
0.139935
0.139925
0.139912
0.139897
0.13988
0.139861
0.139841
0.139819
0.139794
0.139768
0.139739
0.139706
0.13967
0.139629
0.139584
0.139532
0.139474
0.139409
0.139336
0.139253
0.139162
0.13906
0.138944
0.13881
0.138655
0.138474
0.138257
0.137998
0.137669
0.137279
0.136722
0.136112
0.137871
0.121614
0.133522
0.139941
0.139938
0.139936
0.139936
0.13994
0.139936
0.139924
0.139908
0.139889
0.139869
0.139848
0.139827
0.139805
0.139784
0.139763
0.139741
0.139718
0.139695
0.13967
0.139644
0.139616
0.139585
0.13955
0.13951
0.139465
0.139413
0.139355
0.139289
0.139215
0.139132
0.139038
0.138933
0.138815
0.138683
0.138534
0.138368
0.138176
0.137978
0.137637
0.139989
0.139992
0.139991
0.139987
0.13998
0.139969
0.139957
0.139943
0.139927
0.13991
0.139892
0.139872
0.139851
0.139828
0.139802
0.139773
0.139741
0.139705
0.139665
0.13962
0.139569
0.139511
0.139447
0.139375
0.139296
0.139208
0.139107
0.138992
0.138859
0.138704
0.13852
0.138298
0.138036
0.137682
0.137314
0.13635
0.138402
0.129391
0.127625
0.139984
0.139979
0.139976
0.139976
0.13998
0.139977
0.139967
0.139951
0.139934
0.139915
0.139895
0.139876
0.139857
0.139838
0.139819
0.139799
0.13978
0.139759
0.139738
0.139715
0.139691
0.139664
0.139634
0.1396
0.139561
0.139516
0.139467
0.13941
0.139347
0.139276
0.139196
0.139106
0.139006
0.138893
0.138766
0.138624
0.13846
0.13829
0.138005
0.14003
0.140033
0.140031
0.140026
0.140018
0.140008
0.139996
0.139983
0.139969
0.139954
0.139938
0.139921
0.139902
0.139882
0.139859
0.139834
0.139806
0.139774
0.139738
0.139698
0.139653
0.139602
0.139545
0.139482
0.139413
0.139335
0.139248
0.139148
0.139033
0.138899
0.138742
0.138553
0.138341
0.138042
0.137777
0.136853
0.138033
0.134417
0.128946
0.140024
0.140017
0.140012
0.140011
0.140016
0.140014
0.140005
0.13999
0.139973
0.139956
0.139937
0.13992
0.139902
0.139885
0.139868
0.139851
0.139833
0.139816
0.139797
0.139777
0.139756
0.139732
0.139706
0.139677
0.139643
0.139605
0.139562
0.139513
0.139459
0.139398
0.13933
0.139253
0.139167
0.13907
0.138962
0.13884
0.1387
0.138553
0.138313
0.140067
0.140069
0.140066
0.14006
0.140052
0.140041
0.14003
0.140019
0.140007
0.139994
0.139981
0.139966
0.13995
0.139932
0.139912
0.13989
0.139865
0.139837
0.139805
0.139769
0.139729
0.139684
0.139633
0.139577
0.139516
0.139448
0.139371
0.139284
0.139184
0.139068
0.138932
0.138772
0.138596
0.138355
0.138137
0.137443
0.137667
0.13681
0.132102
0.14006
0.140052
0.140044
0.140043
0.140048
0.140047
0.140038
0.140024
0.140008
0.139992
0.139975
0.139958
0.139942
0.139927
0.139911
0.139896
0.139881
0.139865
0.139848
0.139831
0.139812
0.139792
0.139769
0.139743
0.139714
0.139681
0.139643
0.139602
0.139555
0.139502
0.139443
0.139377
0.139303
0.13922
0.139127
0.139023
0.138903
0.138775
0.138573
0.1401
0.140101
0.140096
0.14009
0.140081
0.140072
0.140062
0.140053
0.140043
0.140032
0.140021
0.140009
0.139995
0.13998
0.139962
0.139943
0.139921
0.139896
0.139867
0.139835
0.139799
0.139759
0.139714
0.139664
0.139609
0.139549
0.139481
0.139404
0.139316
0.139214
0.139097
0.138963
0.138814
0.13862
0.138428
0.137971
0.137661
0.137688
0.134769
0.140094
0.140084
0.140074
0.140071
0.140077
0.140077
0.140069
0.140055
0.140039
0.140024
0.140008
0.139992
0.139978
0.139964
0.13995
0.139936
0.139922
0.139908
0.139893
0.139878
0.139861
0.139843
0.139823
0.139801
0.139775
0.139746
0.139713
0.139677
0.139637
0.139591
0.139541
0.139484
0.13942
0.139349
0.139268
0.139179
0.139075
0.138964
0.138793
0.140129
0.140129
0.140123
0.140115
0.140107
0.140099
0.140092
0.140085
0.140077
0.140069
0.14006
0.14005
0.140038
0.140025
0.14001
0.139992
0.139973
0.13995
0.139925
0.139897
0.139864
0.139828
0.139787
0.139743
0.139694
0.13964
0.13958
0.139511
0.139433
0.139344
0.139243
0.13913
0.139005
0.138845
0.138673
0.138379
0.13792
0.137952
0.136429
0.140124
0.140113
0.140101
0.140097
0.140103
0.140104
0.140096
0.140082
0.140067
0.140052
0.140037
0.140023
0.140009
0.139996
0.139984
0.139971
0.139959
0.139946
0.139933
0.139919
0.139904
0.139888
0.139871
0.139851
0.139828
0.139803
0.139774
0.139743
0.139708
0.139668
0.139624
0.139575
0.13952
0.139458
0.139389
0.139311
0.139222
0.139126
0.138981
0.140155
0.140152
0.140146
0.140138
0.140132
0.140125
0.14012
0.140116
0.14011
0.140104
0.140097
0.140089
0.140079
0.140067
0.140054
0.140039
0.140021
0.140002
0.139979
0.139953
0.139924
0.139892
0.139855
0.139815
0.139772
0.139724
0.13967
0.139609
0.139539
0.13946
0.139374
0.139279
0.139172
0.13904
0.138886
0.138678
0.138273
0.138099
0.137323
0.140152
0.140141
0.140126
0.14012
0.140127
0.140128
0.14012
0.140107
0.140092
0.140077
0.140063
0.14005
0.140038
0.140026
0.140014
0.140003
0.139991
0.13998
0.139968
0.139955
0.139942
0.139928
0.139912
0.139894
0.139874
0.139852
0.139827
0.139799
0.139769
0.139734
0.139696
0.139654
0.139606
0.139553
0.139493
0.139426
0.139349
0.139264
0.139141
0.140178
0.140173
0.140166
0.14016
0.140154
0.140151
0.140148
0.140146
0.140143
0.140138
0.140133
0.140126
0.140117
0.140107
0.140096
0.140083
0.140067
0.14005
0.140029
0.140006
0.13998
0.139951
0.139918
0.139882
0.139843
0.1398
0.139752
0.139697
0.139635
0.139566
0.139492
0.139411
0.13932
0.139209
0.139074
0.138908
0.13861
0.138301
0.137814
0.140176
0.140167
0.14015
0.140141
0.140149
0.14015
0.140142
0.140129
0.140114
0.1401
0.140087
0.140074
0.140063
0.140052
0.140041
0.14003
0.14002
0.140009
0.139999
0.139987
0.139975
0.139963
0.139949
0.139933
0.139915
0.139895
0.139873
0.139849
0.139822
0.139792
0.139759
0.139722
0.13968
0.139634
0.139583
0.139524
0.139458
0.139384
0.13928
0.140197
0.140192
0.140185
0.140179
0.140177
0.140176
0.140176
0.140175
0.140173
0.14017
0.140166
0.140161
0.140154
0.140146
0.140136
0.140124
0.14011
0.140095
0.140077
0.140056
0.140032
0.140006
0.139976
0.139944
0.139909
0.13987
0.139827
0.139778
0.139723
0.139663
0.139599
0.13953
0.139451
0.139357
0.139242
0.139098
0.138887
0.138554
0.138152
0.140198
0.14019
0.140171
0.140161
0.140168
0.14017
0.140162
0.140148
0.140134
0.14012
0.140108
0.140096
0.140085
0.140075
0.140065
0.140055
0.140045
0.140036
0.140026
0.140015
0.140005
0.139993
0.13998
0.139966
0.13995
0.139933
0.139913
0.139892
0.139868
0.139842
0.139813
0.139781
0.139746
0.139706
0.139661
0.139611
0.139554
0.13949
0.1394
0.140213
0.140208
0.140201
0.140199
0.140199
0.140201
0.140203
0.140203
0.140203
0.140202
0.140199
0.140195
0.140189
0.140182
0.140173
0.140163
0.140151
0.140137
0.140121
0.140102
0.140081
0.140057
0.140031
0.140001
0.13997
0.139935
0.139896
0.139852
0.139804
0.139752
0.139698
0.139638
0.139569
0.139488
0.13939
0.139263
0.139108
0.138813
0.138445
0.140217
0.140212
0.140191
0.140178
0.140186
0.140188
0.140179
0.140165
0.140151
0.140138
0.140126
0.140115
0.140105
0.140095
0.140086
0.140076
0.140067
0.140058
0.140049
0.14004
0.14003
0.14002
0.140009
0.139996
0.139982
0.139966
0.139949
0.13993
0.13991
0.139887
0.139862
0.139835
0.139804
0.13977
0.139732
0.139689
0.139639
0.139584
0.139507
0.140228
0.140223
0.140217
0.140218
0.140222
0.140225
0.140228
0.14023
0.140231
0.140231
0.14023
0.140227
0.140222
0.140216
0.140209
0.1402
0.140189
0.140176
0.140162
0.140145
0.140126
0.140104
0.14008
0.140054
0.140026
0.139995
0.13996
0.139921
0.139879
0.139836
0.139788
0.139736
0.139676
0.139605
0.139522
0.13941
0.139286
0.139044
0.138718
0.140232
0.140231
0.14021
0.140194
0.140202
0.140205
0.140195
0.140181
0.140167
0.140155
0.140143
0.140133
0.140122
0.140113
0.140104
0.140095
0.140087
0.140079
0.14007
0.140062
0.140053
0.140044
0.140033
0.140022
0.140009
0.139996
0.139981
0.139965
0.139947
0.139929
0.139908
0.139885
0.139859
0.13983
0.139797
0.13976
0.139718
0.139667
0.139613
0.140242
0.140237
0.140233
0.140238
0.140244
0.140247
0.140252
0.140256
0.140258
0.140259
0.140259
0.140256
0.140253
0.140248
0.140241
0.140233
0.140224
0.140213
0.1402
0.140185
0.140167
0.140148
0.140127
0.140103
0.140078
0.14005
0.140019
0.139986
0.139951
0.139913
0.139872
0.139826
0.139773
0.139711
0.139639
0.139542
0.139437
0.13924
0.138965
0.140245
0.140246
0.140227
0.140209
0.140217
0.14022
0.140209
0.140195
0.140181
0.140169
0.140158
0.140148
0.140138
0.140129
0.14012
0.140112
0.140104
0.140097
0.140089
0.140081
0.140073
0.140065
0.140056
0.140046
0.140035
0.140023
0.140011
0.139998
0.139984
0.139968
0.139951
0.139932
0.13991
0.139886
0.139858
0.139826
0.139791
0.139743
0.139711
0.140254
0.14025
0.140248
0.140258
0.140263
0.140267
0.140274
0.140278
0.14028
0.140282
0.140282
0.140281
0.140279
0.140276
0.140271
0.140265
0.140257
0.140248
0.140237
0.140224
0.140208
0.140191
0.140171
0.140149
0.140126
0.140102
0.140075
0.140047
0.140017
0.139985
0.139949
0.139909
0.139862
0.139808
0.139744
0.139661
0.139569
0.139404
0.13918
0.140256
0.140256
0.140241
0.140223
0.14023
0.140232
0.140222
0.140207
0.140194
0.140182
0.140171
0.140161
0.140151
0.140142
0.140134
0.140127
0.14012
0.140113
0.140106
0.140099
0.140091
0.140084
0.140076
0.140068
0.14006
0.140051
0.140042
0.140031
0.14002
0.140008
0.139994
0.139978
0.13996
0.139939
0.139916
0.139889
0.139859
0.139817
0.139795
0.140265
0.140261
0.140262
0.140273
0.140279
0.140283
0.140288
0.140291
0.140294
0.140296
0.140297
0.140298
0.140297
0.140296
0.140294
0.140292
0.140287
0.140282
0.140276
0.140267
0.140256
0.140243
0.140227
0.140208
0.140187
0.140164
0.14014
0.140113
0.140085
0.140055
0.140022
0.139985
0.139944
0.139895
0.139839
0.139767
0.139688
0.139545
0.139362
0.140265
0.140262
0.140251
0.140235
0.140242
0.140242
0.140232
0.140218
0.140205
0.140194
0.140183
0.140172
0.140163
0.140154
0.140147
0.14014
0.140133
0.140127
0.14012
0.140114
0.140108
0.140101
0.140096
0.140091
0.140085
0.140079
0.140072
0.140064
0.140056
0.140046
0.140035
0.140023
0.140009
0.139992
0.139973
0.13995
0.139925
0.139887
0.139872
0.140273
0.140272
0.140276
0.140284
0.140288
0.140293
0.140297
0.1403
0.140303
0.140305
0.140307
0.140308
0.140309
0.140309
0.140309
0.140308
0.140306
0.140304
0.1403
0.140296
0.14029
0.140283
0.140273
0.140261
0.140247
0.140229
0.140208
0.140184
0.140157
0.140127
0.140095
0.140059
0.14002
0.139976
0.139926
0.139863
0.139794
0.139673
0.13952
0.14027
0.140267
0.140257
0.140245
0.140249
0.140248
0.140239
0.140227
0.140215
0.140204
0.140192
0.140182
0.140173
0.140165
0.140158
0.140151
0.140145
0.14014
0.140134
0.140128
0.140123
0.140119
0.140116
0.140114
0.140111
0.140106
0.140101
0.140095
0.140089
0.140082
0.140075
0.140066
0.140055
0.140042
0.140027
0.140007
0.139986
0.139953
0.139943
0.140278
0.14028
0.140284
0.14029
0.140295
0.140299
0.140303
0.140307
0.14031
0.140313
0.140315
0.140316
0.140318
0.140319
0.140319
0.140319
0.140319
0.140318
0.140316
0.140314
0.140311
0.140307
0.140302
0.140296
0.140288
0.140277
0.140264
0.140246
0.140225
0.140199
0.140169
0.140135
0.140097
0.140054
0.140007
0.13995
0.139889
0.139789
0.13966
0.140274
0.14027
0.140261
0.140252
0.140253
0.140251
0.140243
0.140232
0.140222
0.140211
0.1402
0.14019
0.140182
0.140174
0.140168
0.140162
0.140156
0.140151
0.140146
0.140142
0.140138
0.140136
0.140135
0.140135
0.140133
0.140129
0.140125
0.14012
0.140116
0.140111
0.140106
0.1401
0.140094
0.140085
0.140075
0.140059
0.140044
0.140016
0.140009
0.140281
0.140284
0.140289
0.140295
0.140299
0.140304
0.140308
0.140312
0.140315
0.140318
0.140321
0.140323
0.140325
0.140326
0.140327
0.140328
0.140328
0.140328
0.140327
0.140326
0.140325
0.140323
0.14032
0.140316
0.140312
0.140306
0.140299
0.140289
0.140276
0.140259
0.140236
0.140207
0.140173
0.140133
0.140087
0.140034
0.139977
0.139892
0.139784
0.140277
0.140272
0.140264
0.140256
0.140256
0.140252
0.140245
0.140235
0.140225
0.140215
0.140206
0.140197
0.140189
0.140182
0.140176
0.140171
0.140166
0.140162
0.140158
0.140155
0.140152
0.140151
0.14015
0.14015
0.140148
0.140145
0.140141
0.140138
0.140134
0.140131
0.140127
0.140124
0.140119
0.140114
0.140108
0.140097
0.140091
0.140066
0.140063
0.140284
0.140288
0.140292
0.140298
0.140303
0.140308
0.140312
0.140316
0.14032
0.140323
0.140326
0.140328
0.140331
0.140332
0.140334
0.140335
0.140336
0.140336
0.140337
0.140336
0.140336
0.140334
0.140333
0.140331
0.140328
0.140325
0.140321
0.140315
0.140308
0.140299
0.140285
0.140266
0.14024
0.140206
0.140166
0.140116
0.140061
0.139985
0.139894
0.140279
0.140274
0.140266
0.140258
0.140257
0.140253
0.140245
0.140235
0.140225
0.140216
0.140207
0.1402
0.140193
0.140187
0.140182
0.140178
0.140174
0.14017
0.140167
0.140164
0.140162
0.140161
0.14016
0.140158
0.140157
0.140154
0.140151
0.140148
0.140146
0.140143
0.140141
0.140138
0.140136
0.140132
0.140129
0.140122
0.140121
0.140099
0.140098
0.140286
0.14029
0.140295
0.140301
0.140306
0.140311
0.140316
0.14032
0.140324
0.140327
0.14033
0.140333
0.140336
0.140338
0.14034
0.140341
0.140342
0.140343
0.140344
0.140345
0.140345
0.140344
0.140343
0.140342
0.14034
0.140338
0.140336
0.140332
0.140328
0.140323
0.140316
0.140305
0.14029
0.140267
0.140236
0.140193
0.140143
0.140074
0.139993
0.14028
0.140275
0.140267
0.140259
0.140257
0.140253
0.140244
0.140234
0.140224
0.140215
0.140207
0.1402
0.140194
0.140188
0.140184
0.14018
0.140177
0.140174
0.140171
0.140169
0.140167
0.140166
0.140164
0.140163
0.140161
0.140159
0.140157
0.140155
0.140153
0.140151
0.14015
0.140148
0.140146
0.140144
0.140142
0.140138
0.140139
0.140119
0.14012
0.140287
0.140292
0.140297
0.140303
0.140308
0.140313
0.140318
0.140323
0.140327
0.140331
0.140334
0.140337
0.14034
0.140342
0.140345
0.140347
0.140348
0.14035
0.140351
0.140352
0.140352
0.140352
0.140352
0.140352
0.140351
0.14035
0.140348
0.140346
0.140343
0.14034
0.140336
0.14033
0.140322
0.140309
0.14029
0.140259
0.140219
0.140158
0.140086
0.140281
0.140275
0.140267
0.14026
0.140257
0.140252
0.140243
0.140232
0.140222
0.140213
0.140205
0.140198
0.140192
0.140188
0.140184
0.14018
0.140177
0.140175
0.140173
0.140171
0.140169
0.140168
0.140166
0.140165
0.140163
0.140162
0.14016
0.140159
0.140157
0.140156
0.140155
0.140154
0.140153
0.140152
0.140151
0.140148
0.14015
0.140134
0.140136
0.140288
0.140293
0.140299
0.140305
0.14031
0.140316
0.140321
0.140325
0.14033
0.140334
0.140337
0.140341
0.140344
0.140346
0.140349
0.140351
0.140353
0.140355
0.140357
0.140358
0.140359
0.14036
0.14036
0.14036
0.14036
0.140359
0.140358
0.140357
0.140355
0.140353
0.14035
0.140347
0.140342
0.140336
0.140326
0.140308
0.140281
0.140233
0.140172
0.140282
0.140276
0.140267
0.14026
0.140257
0.140251
0.140241
0.14023
0.140219
0.14021
0.140202
0.140195
0.14019
0.140185
0.140182
0.140179
0.140176
0.140174
0.140172
0.140171
0.140169
0.140168
0.140167
0.140165
0.140164
0.140163
0.140162
0.140161
0.14016
0.140159
0.140158
0.140158
0.140157
0.140157
0.140156
0.140155
0.140157
0.140147
0.140151
0.140288
0.140294
0.1403
0.140306
0.140312
0.140317
0.140323
0.140328
0.140332
0.140336
0.14034
0.140344
0.140347
0.14035
0.140353
0.140355
0.140358
0.14036
0.140362
0.140363
0.140365
0.140366
0.140367
0.140367
0.140368
0.140368
0.140367
0.140367
0.140366
0.140364
0.140362
0.14036
0.140357
0.140354
0.140349
0.140339
0.140325
0.140293
0.140248
0.140282
0.140276
0.140267
0.140259
0.140256
0.140249
0.140239
0.140227
0.140216
0.140206
0.140198
0.140191
0.140186
0.140182
0.140179
0.140176
0.140174
0.140172
0.140171
0.140169
0.140168
0.140167
0.140166
0.140165
0.140164
0.140163
0.140162
0.140161
0.140161
0.14016
0.14016
0.14016
0.140159
0.140159
0.140159
0.140159
0.14016
0.140155
0.14016
0.140289
0.140294
0.1403
0.140307
0.140313
0.140319
0.140324
0.140329
0.140334
0.140339
0.140343
0.140347
0.14035
0.140353
0.140356
0.140359
0.140362
0.140364
0.140366
0.140368
0.14037
0.140372
0.140373
0.140374
0.140375
0.140375
0.140375
0.140375
0.140375
0.140374
0.140373
0.140372
0.14037
0.140367
0.140364
0.14036
0.140354
0.140335
0.140308
0.140282
0.140275
0.140266
0.140258
0.140254
0.140247
0.140236
0.140223
0.140212
0.140202
0.140194
0.140187
0.140183
0.140179
0.140176
0.140173
0.140172
0.14017
0.140169
0.140167
0.140166
0.140165
0.140164
0.140164
0.140163
0.140162
0.140162
0.140161
0.140161
0.14016
0.14016
0.14016
0.14016
0.14016
0.140161
0.140161
0.140162
0.140159
0.140165
0.140288
0.140294
0.140301
0.140308
0.140314
0.14032
0.140326
0.140331
0.140336
0.140341
0.140345
0.140349
0.140353
0.140356
0.140359
0.140363
0.140365
0.140368
0.140371
0.140373
0.140375
0.140377
0.140379
0.14038
0.140381
0.140382
0.140383
0.140383
0.140383
0.140383
0.140383
0.140382
0.140381
0.140379
0.140377
0.140374
0.140372
0.140362
0.14035
0.140282
0.140275
0.140266
0.140257
0.140253
0.140244
0.140232
0.140219
0.140207
0.140197
0.140189
0.140183
0.140178
0.140175
0.140172
0.14017
0.140168
0.140167
0.140166
0.140165
0.140164
0.140163
0.140162
0.140162
0.140161
0.140161
0.14016
0.14016
0.140159
0.140159
0.140159
0.140159
0.140159
0.14016
0.14016
0.14016
0.140162
0.140159
0.140166
0.140288
0.140294
0.140301
0.140308
0.140314
0.140321
0.140327
0.140332
0.140337
0.140342
0.140347
0.140351
0.140355
0.140359
0.140362
0.140365
0.140369
0.140372
0.140374
0.140377
0.14038
0.140382
0.140384
0.140385
0.140387
0.140388
0.140389
0.14039
0.140391
0.140391
0.140391
0.140391
0.140391
0.14039
0.140389
0.140387
0.140386
0.14038
0.140377
0.140281
0.140274
0.140264
0.140256
0.140251
0.140242
0.140229
0.140215
0.140202
0.140192
0.140184
0.140178
0.140174
0.140171
0.140168
0.140167
0.140165
0.140164
0.140163
0.140162
0.140161
0.14016
0.14016
0.140159
0.140159
0.140158
0.140158
0.140157
0.140157
0.140157
0.140157
0.140157
0.140157
0.140157
0.140158
0.140158
0.14016
0.140158
0.140164
0.140287
0.140294
0.140301
0.140308
0.140315
0.140321
0.140327
0.140333
0.140338
0.140344
0.140348
0.140353
0.140357
0.140361
0.140365
0.140368
0.140372
0.140375
0.140378
0.140381
0.140384
0.140386
0.140388
0.14039
0.140392
0.140394
0.140395
0.140396
0.140397
0.140398
0.140399
0.140399
0.1404
0.1404
0.140399
0.140398
0.140398
0.140393
0.140395
0.14028
0.140273
0.140263
0.140254
0.140248
0.140238
0.140224
0.14021
0.140197
0.140187
0.140179
0.140173
0.140169
0.140167
0.140164
0.140163
0.140161
0.14016
0.140159
0.140158
0.140158
0.140157
0.140156
0.140156
0.140155
0.140155
0.140154
0.140154
0.140153
0.140153
0.140153
0.140153
0.140153
0.140153
0.140153
0.140153
0.140155
0.140153
0.14016
0.140287
0.140293
0.1403
0.140308
0.140315
0.140321
0.140328
0.140334
0.140339
0.140345
0.140349
0.140354
0.140358
0.140363
0.140367
0.14037
0.140374
0.140377
0.140381
0.140384
0.140387
0.14039
0.140393
0.140395
0.140397
0.140399
0.1404
0.140402
0.140404
0.140405
0.140406
0.140407
0.140408
0.140408
0.140409
0.140408
0.140409
0.140405
0.140409
0.140279
0.140271
0.140261
0.140252
0.140246
0.140235
0.14022
0.140204
0.140192
0.140181
0.140174
0.140169
0.140165
0.140162
0.14016
0.140159
0.140157
0.140156
0.140155
0.140154
0.140154
0.140153
0.140152
0.140151
0.140151
0.14015
0.140149
0.140148
0.140148
0.140147
0.140147
0.140146
0.140146
0.140146
0.140146
0.140146
0.140147
0.140146
0.140152
0.140285
0.140292
0.1403
0.140307
0.140314
0.140321
0.140328
0.140334
0.14034
0.140345
0.14035
0.140355
0.14036
0.140364
0.140368
0.140372
0.140376
0.14038
0.140383
0.140387
0.14039
0.140393
0.140396
0.140399
0.140401
0.140403
0.140405
0.140407
0.140409
0.140411
0.140412
0.140414
0.140415
0.140416
0.140417
0.140418
0.140419
0.140416
0.140421
0.140278
0.14027
0.140259
0.14025
0.140243
0.140231
0.140215
0.140199
0.140186
0.140176
0.140169
0.140164
0.14016
0.140157
0.140155
0.140154
0.140153
0.140152
0.140151
0.14015
0.140149
0.140148
0.140147
0.140146
0.140145
0.140144
0.140142
0.140141
0.14014
0.140139
0.140139
0.140138
0.140137
0.140137
0.140136
0.140136
0.140137
0.140135
0.140141
0.140284
0.140291
0.140299
0.140307
0.140314
0.140321
0.140328
0.140334
0.14034
0.140345
0.140351
0.140356
0.14036
0.140365
0.140369
0.140373
0.140378
0.140382
0.140385
0.140389
0.140393
0.140396
0.1404
0.140402
0.140405
0.140408
0.14041
0.140412
0.140414
0.140416
0.140418
0.14042
0.140422
0.140424
0.140425
0.140426
0.140428
0.140426
0.140432
0.140276
0.140268
0.140257
0.140247
0.14024
0.140227
0.140209
0.140193
0.14018
0.14017
0.140163
0.140158
0.140155
0.140152
0.14015
0.140149
0.140147
0.140146
0.140145
0.140144
0.140142
0.140141
0.14014
0.140138
0.140137
0.140135
0.140134
0.140132
0.140131
0.140129
0.140128
0.140127
0.140126
0.140124
0.140124
0.140123
0.140123
0.140121
0.140126
0.140282
0.14029
0.140298
0.140306
0.140313
0.14032
0.140327
0.140333
0.14034
0.140345
0.140351
0.140356
0.140361
0.140365
0.14037
0.140374
0.140379
0.140383
0.140387
0.140391
0.140395
0.140399
0.140402
0.140405
0.140408
0.140411
0.140414
0.140416
0.140419
0.140421
0.140424
0.140426
0.140428
0.14043
0.140432
0.140434
0.140437
0.140436
0.140442
0.140274
0.140266
0.140255
0.140244
0.140236
0.140222
0.140204
0.140187
0.140174
0.140164
0.140158
0.140153
0.14015
0.140147
0.140145
0.140143
0.140141
0.140139
0.140138
0.140136
0.140135
0.140133
0.140131
0.140129
0.140127
0.140125
0.140123
0.140121
0.140118
0.140116
0.140114
0.140113
0.140111
0.140109
0.140108
0.140106
0.140106
0.140103
0.140106
0.140281
0.140288
0.140296
0.140304
0.140312
0.140319
0.140326
0.140333
0.140339
0.140345
0.14035
0.140355
0.14036
0.140365
0.14037
0.140375
0.140379
0.140383
0.140388
0.140392
0.140396
0.1404
0.140404
0.140408
0.140411
0.140414
0.140417
0.14042
0.140423
0.140426
0.140428
0.140431
0.140434
0.140436
0.140439
0.140441
0.140444
0.140444
0.140451
0.140272
0.140263
0.140252
0.140241
0.140232
0.140217
0.140198
0.140181
0.140168
0.140158
0.140152
0.140147
0.140143
0.14014
0.140138
0.140135
0.140133
0.140131
0.140129
0.140127
0.140125
0.140123
0.14012
0.140118
0.140115
0.140112
0.140109
0.140106
0.140104
0.140101
0.140098
0.140095
0.140093
0.14009
0.140088
0.140086
0.140084
0.14008
0.140082
0.140278
0.140286
0.140294
0.140303
0.14031
0.140318
0.140325
0.140331
0.140338
0.140344
0.140349
0.140354
0.14036
0.140364
0.140369
0.140374
0.140379
0.140383
0.140388
0.140393
0.140397
0.140402
0.140406
0.14041
0.140413
0.140416
0.14042
0.140423
0.140426
0.140429
0.140433
0.140436
0.140439
0.140442
0.140445
0.140448
0.140451
0.140452
0.140459
0.14027
0.140261
0.140249
0.140238
0.140228
0.140212
0.140192
0.140174
0.140162
0.140153
0.140146
0.140141
0.140137
0.140133
0.140129
0.140126
0.140123
0.140121
0.140118
0.140116
0.140113
0.14011
0.140107
0.140104
0.1401
0.140097
0.140093
0.140089
0.140086
0.140082
0.140078
0.140075
0.140071
0.140067
0.140064
0.140059
0.140057
0.14005
0.14005
0.140276
0.140284
0.140292
0.140301
0.140308
0.140316
0.140323
0.14033
0.140336
0.140342
0.140348
0.140353
0.140358
0.140363
0.140368
0.140373
0.140378
0.140383
0.140387
0.140392
0.140397
0.140402
0.140406
0.14041
0.140414
0.140418
0.140422
0.140425
0.140429
0.140432
0.140436
0.14044
0.140443
0.140447
0.14045
0.140453
0.140458
0.140459
0.140466
0.140267
0.140258
0.140246
0.140234
0.140224
0.140206
0.140185
0.140168
0.140155
0.140146
0.140139
0.140134
0.140129
0.140124
0.140119
0.140116
0.140112
0.140109
0.140105
0.140102
0.140099
0.140095
0.140092
0.140088
0.140083
0.140079
0.140074
0.140069
0.140065
0.14006
0.140055
0.14005
0.140045
0.140039
0.140034
0.140029
0.140025
0.140017
0.140016
0.140273
0.140281
0.14029
0.140298
0.140306
0.140314
0.140321
0.140327
0.140334
0.14034
0.140345
0.14035
0.140356
0.140361
0.140366
0.140371
0.140376
0.140381
0.140386
0.140391
0.140396
0.140401
0.140406
0.140411
0.140415
0.140419
0.140423
0.140427
0.140431
0.140435
0.140439
0.140443
0.140447
0.14045
0.140455
0.140458
0.140463
0.140466
0.140473
0.140264
0.140255
0.140243
0.14023
0.140219
0.1402
0.140178
0.140161
0.140149
0.14014
0.140132
0.140125
0.140119
0.140113
0.140108
0.140103
0.140099
0.140094
0.140091
0.140087
0.140083
0.140079
0.140074
0.140069
0.140064
0.140059
0.140053
0.140047
0.140041
0.140036
0.14003
0.140024
0.140019
0.140014
0.14001
0.140005
0.140002
0.139997
0.139997
0.14027
0.140278
0.140287
0.140296
0.140303
0.140311
0.140318
0.140325
0.140331
0.140337
0.140342
0.140347
0.140352
0.140358
0.140363
0.140368
0.140373
0.140378
0.140383
0.140389
0.140394
0.1404
0.140405
0.14041
0.140414
0.140418
0.140423
0.140427
0.140431
0.140436
0.14044
0.140445
0.140449
0.140454
0.140458
0.140463
0.140468
0.140472
0.140479
0.140261
0.140251
0.140239
0.140226
0.140214
0.140194
0.140172
0.140154
0.140142
0.140133
0.140124
0.140116
0.140108
0.140101
0.140094
0.140089
0.140084
0.140079
0.140074
0.14007
0.140066
0.140061
0.140056
0.14005
0.140044
0.140039
0.140033
0.140028
0.140024
0.140021
0.140018
0.140017
0.140016
0.140016
0.140016
0.140016
0.140016
0.140018
0.140019
0.140267
0.140275
0.140284
0.140293
0.1403
0.140308
0.140315
0.140321
0.140327
0.140333
0.140338
0.140343
0.140348
0.140353
0.140358
0.140363
0.140369
0.140374
0.14038
0.140385
0.140391
0.140397
0.140402
0.140407
0.140412
0.140417
0.140422
0.140426
0.140431
0.140436
0.140441
0.140446
0.140451
0.140456
0.140461
0.140466
0.140472
0.140476
0.140484
0.140258
0.140248
0.140235
0.140222
0.140209
0.140187
0.140165
0.140148
0.140135
0.140125
0.140114
0.140105
0.140095
0.140087
0.14008
0.140073
0.140068
0.140062
0.140058
0.140053
0.140048
0.140044
0.140039
0.140034
0.14003
0.140028
0.140027
0.140027
0.140028
0.140031
0.140034
0.140037
0.14004
0.140043
0.140046
0.140049
0.140052
0.140055
0.140055
0.140263
0.140271
0.14028
0.140289
0.140296
0.140304
0.140311
0.140317
0.140322
0.140328
0.140333
0.140338
0.140343
0.140348
0.140353
0.140358
0.140363
0.140369
0.140375
0.14038
0.140386
0.140392
0.140398
0.140404
0.140409
0.140414
0.140419
0.140424
0.14043
0.140435
0.14044
0.140446
0.140451
0.140457
0.140462
0.140468
0.140474
0.14048
0.140488
0.140254
0.140244
0.140231
0.140217
0.140203
0.14018
0.140158
0.140141
0.140128
0.140116
0.140104
0.140092
0.140082
0.140072
0.140065
0.140058
0.140052
0.140047
0.140043
0.140039
0.140036
0.140034
0.140033
0.140033
0.140035
0.140039
0.140043
0.140047
0.140051
0.140055
0.140058
0.140062
0.140065
0.140069
0.140072
0.140075
0.140077
0.140082
0.14008
0.140259
0.140267
0.140276
0.140285
0.140292
0.140299
0.140306
0.140311
0.140317
0.140322
0.140327
0.140332
0.140336
0.140341
0.140346
0.140351
0.140357
0.140362
0.140368
0.140374
0.140381
0.140387
0.140393
0.140399
0.140405
0.14041
0.140415
0.140421
0.140427
0.140432
0.140438
0.140444
0.14045
0.140456
0.140462
0.140469
0.140476
0.140482
0.140491
0.14025
0.140239
0.140226
0.140212
0.140197
0.140173
0.14015
0.140134
0.14012
0.140106
0.140092
0.140079
0.140067
0.140058
0.140051
0.140045
0.14004
0.140038
0.140036
0.140037
0.140038
0.140041
0.140045
0.140049
0.140053
0.140058
0.140063
0.140067
0.140071
0.140075
0.140079
0.140083
0.140087
0.140091
0.140094
0.140098
0.140101
0.140106
0.140106
0.140254
0.140263
0.140272
0.14028
0.140287
0.140294
0.1403
0.140305
0.14031
0.140315
0.14032
0.140324
0.140329
0.140333
0.140338
0.140343
0.140349
0.140354
0.14036
0.140367
0.140373
0.14038
0.140386
0.140392
0.140398
0.140404
0.14041
0.140416
0.140422
0.140428
0.140434
0.140441
0.140447
0.140454
0.140461
0.140468
0.140476
0.140483
0.140493
0.140245
0.140235
0.140221
0.140207
0.140191
0.140166
0.140143
0.140126
0.140111
0.140095
0.140079
0.140065
0.140054
0.140047
0.140041
0.140039
0.14004
0.140043
0.140046
0.140049
0.140053
0.140057
0.140061
0.140066
0.140071
0.140077
0.140082
0.140087
0.140092
0.140097
0.140102
0.140106
0.140111
0.140116
0.14012
0.140125
0.140129
0.140134
0.140136
0.140249
0.140258
0.140266
0.140275
0.140281
0.140288
0.140293
0.140298
0.140303
0.140307
0.140311
0.140315
0.140319
0.140324
0.140328
0.140334
0.140339
0.140345
0.140351
0.140357
0.140364
0.140371
0.140378
0.140384
0.140391
0.140397
0.140403
0.140409
0.140416
0.140422
0.140429
0.140436
0.140443
0.14045
0.140458
0.140466
0.140474
0.140482
0.140493
0.14024
0.14023
0.140216
0.140201
0.140184
0.140158
0.140136
0.140118
0.140101
0.140083
0.140066
0.140053
0.140045
0.140041
0.140043
0.140047
0.140051
0.140056
0.14006
0.140064
0.140069
0.140074
0.140079
0.140085
0.140091
0.140097
0.140104
0.14011
0.140116
0.140122
0.140128
0.140134
0.14014
0.140145
0.140151
0.140156
0.140161
0.140168
0.140171
0.140244
0.140252
0.140261
0.140269
0.140275
0.140281
0.140286
0.14029
0.140294
0.140297
0.140301
0.140305
0.140309
0.140313
0.140317
0.140322
0.140328
0.140333
0.14034
0.140346
0.140353
0.140361
0.140368
0.140375
0.140381
0.140388
0.140394
0.140401
0.140408
0.140415
0.140422
0.14043
0.140437
0.140445
0.140453
0.140461
0.140471
0.14048
0.140491
0.140235
0.140224
0.14021
0.140195
0.140178
0.140151
0.140128
0.14011
0.14009
0.140071
0.140055
0.140045
0.140043
0.140047
0.140053
0.140059
0.140065
0.140071
0.140077
0.140082
0.140088
0.140093
0.1401
0.140107
0.140115
0.140123
0.14013
0.140138
0.140145
0.140152
0.140159
0.140166
0.140172
0.140179
0.140185
0.140191
0.140197
0.140204
0.140208
0.140238
0.140246
0.140254
0.140262
0.140268
0.140273
0.140277
0.14028
0.140284
0.140287
0.14029
0.140293
0.140296
0.1403
0.140305
0.140309
0.140314
0.14032
0.140326
0.140333
0.14034
0.140348
0.140355
0.140363
0.14037
0.140377
0.140384
0.140391
0.140398
0.140406
0.140414
0.140421
0.140429
0.140438
0.140446
0.140455
0.140465
0.140475
0.140487
0.140229
0.140218
0.140204
0.140189
0.14017
0.140143
0.140121
0.140101
0.140079
0.140059
0.140046
0.140044
0.140049
0.140058
0.140066
0.140075
0.140082
0.14009
0.140096
0.140103
0.14011
0.140117
0.140125
0.140134
0.140143
0.140152
0.14016
0.140169
0.140177
0.140185
0.140193
0.1402
0.140207
0.140214
0.140221
0.140228
0.140235
0.140242
0.140247
0.140231
0.14024
0.140247
0.140254
0.140259
0.140264
0.140267
0.14027
0.140272
0.140274
0.140277
0.14028
0.140283
0.140286
0.14029
0.140294
0.140299
0.140304
0.14031
0.140317
0.140324
0.140331
0.140339
0.140347
0.140355
0.140362
0.14037
0.140378
0.140386
0.140394
0.140402
0.140411
0.140419
0.140428
0.140438
0.140447
0.140458
0.140469
0.140481
0.140222
0.140212
0.140198
0.140182
0.140163
0.140135
0.140113
0.140091
0.140067
0.14005
0.140043
0.14005
0.14006
0.140072
0.140083
0.140093
0.140103
0.140112
0.14012
0.140128
0.140136
0.140145
0.140153
0.140163
0.140173
0.140183
0.140193
0.140202
0.140211
0.140219
0.140227
0.140235
0.140242
0.140249
0.140256
0.140264
0.140271
0.140278
0.140284
0.140224
0.140232
0.140239
0.140246
0.14025
0.140254
0.140256
0.140258
0.140259
0.140261
0.140263
0.140265
0.140267
0.140269
0.140272
0.140276
0.14028
0.140284
0.14029
0.140296
0.140303
0.140311
0.140319
0.140327
0.140335
0.140343
0.140351
0.14036
0.140369
0.140378
0.140387
0.140396
0.140406
0.140416
0.140426
0.140437
0.140448
0.14046
0.140473
0.140215
0.140205
0.140191
0.140175
0.140155
0.140126
0.140104
0.14008
0.140057
0.140044
0.140048
0.14006
0.140075
0.14009
0.140103
0.140116
0.140127
0.140138
0.140147
0.140156
0.140165
0.140174
0.140184
0.140194
0.140205
0.140215
0.140225
0.140234
0.140243
0.140251
0.140259
0.140267
0.140274
0.140281
0.140288
0.140295
0.140302
0.14031
0.140316
0.140217
0.140224
0.140231
0.140236
0.14024
0.140242
0.140244
0.140245
0.140245
0.140246
0.140247
0.140248
0.140249
0.14025
0.140252
0.140254
0.140258
0.140262
0.140267
0.140273
0.14028
0.140288
0.140296
0.140304
0.140312
0.14032
0.140328
0.140337
0.140347
0.140356
0.140366
0.140377
0.140387
0.140398
0.14041
0.140422
0.140435
0.140448
0.140462
0.140208
0.140198
0.140184
0.140168
0.140147
0.140118
0.140095
0.140069
0.140048
0.140045
0.140056
0.140073
0.140092
0.140111
0.140127
0.140142
0.140154
0.140166
0.140176
0.140186
0.140195
0.140204
0.140214
0.140224
0.140235
0.140245
0.140254
0.140263
0.140272
0.14028
0.140287
0.140295
0.140302
0.140309
0.140316
0.140323
0.14033
0.140338
0.140344
0.140208
0.140215
0.140221
0.140226
0.140229
0.14023
0.14023
0.14023
0.140229
0.140229
0.140229
0.140228
0.140228
0.140228
0.14023
0.140232
0.140235
0.140239
0.140243
0.140249
0.140256
0.140263
0.140271
0.140279
0.140287
0.140294
0.140303
0.140312
0.140321
0.140331
0.140341
0.140352
0.140363
0.140375
0.140388
0.140401
0.140415
0.14043
0.140447
0.1402
0.14019
0.140176
0.14016
0.140138
0.14011
0.140086
0.140058
0.140043
0.140049
0.140068
0.14009
0.140113
0.140135
0.140153
0.140169
0.140182
0.140194
0.140204
0.140214
0.140223
0.140232
0.140241
0.140251
0.140261
0.140271
0.14028
0.140289
0.140297
0.140305
0.140312
0.14032
0.140327
0.140334
0.140341
0.140348
0.140356
0.140364
0.14037
0.140199
0.140205
0.140211
0.140214
0.140216
0.140216
0.140216
0.140214
0.140213
0.140211
0.140209
0.140207
0.140206
0.140206
0.140207
0.140208
0.140211
0.140214
0.140219
0.140225
0.140231
0.140238
0.140246
0.140254
0.140261
0.140269
0.140277
0.140286
0.140295
0.140305
0.140315
0.140326
0.140337
0.140349
0.140362
0.140375
0.140391
0.140407
0.140425
0.140191
0.140181
0.140168
0.140152
0.14013
0.140101
0.140076
0.140049
0.140043
0.140057
0.140082
0.14011
0.140137
0.14016
0.140179
0.140195
0.140208
0.14022
0.14023
0.140239
0.140248
0.140256
0.140265
0.140275
0.140285
0.140294
0.140303
0.140312
0.140321
0.140329
0.140338
0.140346
0.140354
0.140362
0.14037
0.140378
0.140386
0.140396
0.140402
0.14019
0.140196
0.140201
0.140204
0.140204
0.140203
0.140201
0.140197
0.140194
0.140189
0.140186
0.140184
0.140183
0.140183
0.140184
0.140185
0.140188
0.140191
0.140196
0.140201
0.140208
0.140215
0.140223
0.140231
0.140239
0.140246
0.140255
0.140263
0.140272
0.140282
0.140292
0.140303
0.140314
0.140326
0.140338
0.140352
0.140367
0.140384
0.140403
0.140183
0.140174
0.14016
0.140144
0.140121
0.140092
0.140065
0.140041
0.140045
0.140068
0.140099
0.140131
0.140159
0.140182
0.140201
0.140217
0.140229
0.14024
0.14025
0.140258
0.140267
0.140275
0.140284
0.140294
0.140304
0.140314
0.140325
0.140335
0.140345
0.140354
0.140364
0.140374
0.140384
0.140393
0.140403
0.140413
0.140423
0.140435
0.140443
0.140183
0.140188
0.140192
0.140193
0.140193
0.140189
0.140185
0.140179
0.140174
0.140163
0.140159
0.140157
0.140157
0.140158
0.140159
0.140161
0.140164
0.140167
0.140172
0.140178
0.140184
0.140192
0.1402
0.140208
0.140216
0.140225
0.140233
0.140242
0.140251
0.140261
0.140271
0.140281
0.140292
0.140304
0.140316
0.140329
0.140344
0.140361
0.14038
0.140176
0.140167
0.140153
0.140137
0.140114
0.140084
0.140054
0.140038
0.140052
0.140083
0.140118
0.14015
0.140178
0.140201
0.140219
0.140233
0.140245
0.140256
0.140265
0.140274
0.140282
0.140291
0.140301
0.140311
0.140323
0.140335
0.140347
0.140359
0.140371
0.140382
0.140394
0.140406
0.140418
0.140429
0.140441
0.140453
0.140465
0.140479
0.14049
0.140175
0.140179
0.140182
0.140182
0.14018
0.140175
0.140169
0.140159
0.140152
0.140135
0.140129
0.140128
0.140128
0.14013
0.140131
0.140134
0.140137
0.140141
0.140146
0.140151
0.140158
0.140166
0.140174
0.140182
0.14019
0.140199
0.140207
0.140216
0.140226
0.140236
0.140246
0.140256
0.140267
0.140279
0.140291
0.140304
0.140319
0.140335
0.140353
0.140168
0.140159
0.140146
0.140129
0.140106
0.140076
0.140043
0.14004
0.140063
0.1401
0.140137
0.14017
0.140196
0.140218
0.140235
0.140249
0.140261
0.140272
0.140282
0.140291
0.1403
0.14031
0.140321
0.140334
0.140348
0.140362
0.140376
0.14039
0.140404
0.140418
0.140432
0.140445
0.140459
0.140472
0.140485
0.140499
0.140512
0.140528
0.140541
0.140165
0.140169
0.140171
0.14017
0.140166
0.140159
0.14015
0.140138
0.140128
0.140105
0.140098
0.140097
0.140099
0.140101
0.140103
0.140106
0.140109
0.140113
0.140118
0.140124
0.140131
0.140138
0.140146
0.140154
0.140161
0.14017
0.140178
0.140187
0.140197
0.140206
0.140217
0.140227
0.140238
0.14025
0.140262
0.140275
0.140289
0.140305
0.140323
0.140159
0.140151
0.140138
0.140121
0.140097
0.140066
0.140033
0.140042
0.140075
0.140118
0.140156
0.140188
0.140214
0.140234
0.140251
0.140266
0.140279
0.140291
0.140302
0.140313
0.140324
0.140336
0.140349
0.140364
0.14038
0.140396
0.140412
0.140428
0.140443
0.140458
0.140472
0.140486
0.140499
0.140513
0.140526
0.140539
0.140552
0.140567
0.14058
0.140155
0.140158
0.140159
0.140156
0.14015
0.140142
0.140131
0.140116
0.140102
0.140075
0.140068
0.140068
0.14007
0.140072
0.140075
0.140078
0.140081
0.140085
0.14009
0.140096
0.140102
0.140109
0.140116
0.140123
0.140131
0.140138
0.140146
0.140155
0.140164
0.140173
0.140183
0.140194
0.140205
0.140216
0.140229
0.140242
0.140256
0.140272
0.14029
0.140149
0.140141
0.140129
0.140112
0.140088
0.140057
0.140024
0.140047
0.140089
0.140136
0.140174
0.140205
0.14023
0.140251
0.140269
0.140286
0.140301
0.140315
0.140328
0.140341
0.140354
0.140367
0.140382
0.140398
0.140415
0.140431
0.140446
0.140461
0.140474
0.140487
0.140499
0.14051
0.140521
0.14053
0.14054
0.140549
0.140558
0.140568
0.140578
0.140143
0.140146
0.140145
0.140141
0.140134
0.140123
0.14011
0.140093
0.140075
0.140049
0.140043
0.140043
0.140045
0.140047
0.140049
0.140052
0.140055
0.140059
0.140063
0.140068
0.140073
0.140079
0.140086
0.140093
0.1401
0.140106
0.140114
0.140121
0.14013
0.140138
0.140147
0.140157
0.140167
0.140178
0.14019
0.140203
0.140217
0.140232
0.14025
0.140138
0.140131
0.140119
0.140102
0.140079
0.140047
0.140017
0.140055
0.140104
0.140152
0.140189
0.14022
0.140247
0.140271
0.140292
0.140311
0.140329
0.140344
0.140359
0.140372
0.140385
0.140398
0.140411
0.140425
0.140438
0.14045
0.140461
0.14047
0.140477
0.140483
0.140489
0.140493
0.140496
0.140499
0.140501
0.140503
0.140505
0.140505
0.140508
0.14013
0.140132
0.14013
0.140124
0.140116
0.140104
0.140089
0.14007
0.140049
0.140031
0.140027
0.140026
0.140026
0.140027
0.140028
0.140029
0.140031
0.140033
0.140035
0.140039
0.140043
0.140048
0.140054
0.14006
0.140065
0.140072
0.140078
0.140085
0.140094
0.140101
0.14011
0.140119
0.140128
0.140138
0.140149
0.140161
0.140174
0.14019
0.140206
0.140126
0.140119
0.140107
0.140091
0.140069
0.140037
0.140013
0.140063
0.140117
0.140165
0.140203
0.140236
0.140267
0.140294
0.140318
0.140338
0.140355
0.140369
0.140381
0.140391
0.1404
0.140409
0.140416
0.140422
0.140427
0.14043
0.140431
0.140431
0.140429
0.140427
0.140424
0.140421
0.140417
0.140413
0.14041
0.140406
0.140403
0.1404
0.140399
0.140115
0.140116
0.140113
0.140106
0.140097
0.140084
0.140067
0.140047
0.140027
0.140025
0.140025
0.140027
0.140029
0.140031
0.140031
0.140032
0.140032
0.140032
0.140032
0.140031
0.140031
0.140031
0.140032
0.140034
0.140037
0.14004
0.140044
0.140049
0.140055
0.140061
0.140068
0.140075
0.140083
0.140092
0.140101
0.140112
0.140124
0.140138
0.140153
0.140112
0.140106
0.140095
0.14008
0.140058
0.140027
0.140013
0.14007
0.140125
0.140175
0.140217
0.140255
0.140288
0.140314
0.140335
0.14035
0.140361
0.140368
0.140372
0.140375
0.140376
0.140376
0.140375
0.140371
0.140366
0.14036
0.140354
0.140348
0.140343
0.140339
0.140336
0.140334
0.140335
0.140337
0.140342
0.140349
0.140358
0.140372
0.140387
0.140099
0.140099
0.140095
0.140088
0.140077
0.140064
0.140046
0.140028
0.140013
0.140025
0.140032
0.140038
0.140042
0.140045
0.140048
0.140049
0.14005
0.14005
0.14005
0.140049
0.140047
0.140045
0.140043
0.140041
0.140039
0.140038
0.140037
0.140036
0.140037
0.140038
0.14004
0.140043
0.140048
0.140053
0.140059
0.140067
0.140076
0.140087
0.1401
0.140096
0.140091
0.140081
0.140067
0.140048
0.140018
0.140015
0.140074
0.140129
0.140184
0.14023
0.140268
0.140295
0.140311
0.14032
0.140322
0.140322
0.140319
0.140315
0.14031
0.140305
0.1403
0.140295
0.14029
0.140286
0.140286
0.140289
0.140296
0.140305
0.140319
0.140338
0.140361
0.140389
0.14042
0.140454
0.140493
0.140537
0.140588
0.140637
0.14008
0.14008
0.140075
0.140068
0.140058
0.140045
0.140028
0.140013
0.140008
0.14003
0.140042
0.14005
0.140058
0.140064
0.140068
0.140071
0.140074
0.140075
0.140075
0.140075
0.140074
0.140072
0.140069
0.140067
0.140064
0.140061
0.140059
0.140056
0.140054
0.140051
0.140049
0.140048
0.140047
0.140047
0.140048
0.14005
0.140052
0.140056
0.140063
0.140079
0.140074
0.140066
0.140054
0.140037
0.140011
0.140019
0.140072
0.140129
0.140189
0.140231
0.140255
0.140263
0.140261
0.140255
0.140248
0.140242
0.140239
0.140237
0.140238
0.140241
0.140247
0.140256
0.140272
0.140297
0.140329
0.140365
0.140406
0.14045
0.140496
0.140542
0.14059
0.140637
0.140684
0.140731
0.140779
0.140829
0.140883
0.140931
0.14006
0.140059
0.140055
0.140048
0.140039
0.140027
0.140013
0.140006
0.140012
0.140032
0.140046
0.140058
0.14007
0.140079
0.140087
0.140094
0.1401
0.140104
0.140107
0.14011
0.140111
0.140111
0.14011
0.140109
0.140106
0.140103
0.1401
0.140095
0.140088
0.140085
0.14008
0.140074
0.140069
0.140065
0.140062
0.140058
0.140056
0.140054
0.140054
0.140059
0.140056
0.14005
0.14004
0.140026
0.140005
0.14002
0.140062
0.140123
0.140175
0.140195
0.140193
0.140185
0.14018
0.140181
0.140188
0.140202
0.140222
0.140246
0.140272
0.140301
0.140335
0.140374
0.14042
0.14047
0.14052
0.140569
0.140616
0.140659
0.1407
0.140738
0.140772
0.140804
0.140833
0.140859
0.140884
0.140907
0.140928
0.140947
0.140038
0.140037
0.140033
0.140028
0.140021
0.140013
0.140004
0.140005
0.140014
0.140024
0.140038
0.140054
0.140069
0.140082
0.140091
0.140099
0.140105
0.14011
0.140114
0.140118
0.140122
0.140126
0.14013
0.140134
0.140138
0.140142
0.140146
0.140151
0.140155
0.140157
0.14016
0.140164
0.140167
0.14017
0.140173
0.140177
0.140179
0.140183
0.140186
0.140037
0.140035
0.140031
0.140025
0.140015
0.140002
0.140017
0.140043
0.140099
0.140116
0.140112
0.140105
0.140122
0.140157
0.1402
0.140244
0.140286
0.140325
0.140361
0.140394
0.140426
0.140457
0.140488
0.14052
0.140549
0.140574
0.140594
0.14061
0.140623
0.140632
0.140639
0.140643
0.140645
0.140644
0.140642
0.140637
0.14063
0.14062
0.140609
0.140013
0.140012
0.140011
0.140009
0.140006
0.140003
0.140001
0.140003
0.140007
0.140009
0.140022
0.140043
0.14007
0.140096
0.140121
0.140143
0.140163
0.14018
0.140195
0.140208
0.140219
0.140228
0.140235
0.14024
0.140244
0.140246
0.140247
0.140248
0.140246
0.140246
0.140245
0.140242
0.140239
0.140237
0.140237
0.140238
0.14024
0.140243
0.140244
0.140013
0.140012
0.140011
0.140008
0.140005
0.14
0.140008
0.140015
0.140039
0.140022
0.140041
0.140079
0.14012
0.140158
0.140189
0.140214
0.140234
0.140248
0.140259
0.140267
0.140272
0.140274
0.140274
0.140271
0.140266
0.140261
0.140255
0.140248
0.140241
0.140234
0.140226
0.140218
0.14021
0.140201
0.140192
0.140182
0.140171
0.14016
0.140152
0.42676
0.80656
1.135
1.38024
1.5495
1.65778
1.72663
1.78487
1.83762
1.85633
1.82481
1.73537
1.5867
1.38355
1.13761
0.870062
0.612445
0.401169
0.25956
0.180733
0.142433
0.128063
0.126759
0.130008
0.133427
0.135736
0.136974
0.137613
0.138002
0.138307
0.138588
0.138851
0.139086
0.139286
0.139457
0.139606
0.139738
0.139855
0.139958
0.140052
0.140142
0.140223
0.14029
0.14034
0.140372
0.140393
0.140407
0.140417
0.140426
0.140437
0.14045
0.140459
0.140467
0.140475
0.140481
0.140487
0.140492
0.140496
0.140498
0.140499
0.140497
0.140494
0.140489
0.140481
0.140471
0.140457
0.140436
0.140414
0.140391
0.140364
0.140334
0.1403
0.14026
0.140216
0.140163
0.140108
0.140067
0.140054
0.140189
0.140245
0.151545
0.0830117
0.0815151
0.0826794
0.0897884
0.0989329
0.107104
0.113797
0.119081
0.123204
0.12641
0.128914
0.130884
0.132451
0.133708
0.134728
0.135562
0.136251
0.136823
0.137301
0.137704
0.138044
0.138333
0.13858
0.138791
0.138972
0.139129
0.139265
0.139386
0.139499
0.13961
0.139709
0.139795
0.139873
0.139945
0.140009
0.140059
0.140091
0.140113
0.140129
0.140144
0.140153
0.140157
0.140158
0.140157
0.140152
0.140144
0.140133
0.140118
0.140101
0.140077
0.140044
0.140012
0.14
0.140027
0.140061
0.140085
0.140113
0.140143
0.140179
0.140217
0.140256
0.140292
0.140324
0.140351
0.140378
0.140412
0.140455
0.140503
0.140555
0.140592
0.140582
0.140505
0.140396
0.140405
0.140679
0.140966
0.140956
0.140599
0.140147
0.3109
0.655491
1.00423
1.29804
1.52836
1.69848
1.81385
1.88248
1.91626
1.93345
1.9458
1.92479
1.84899
1.70589
1.49239
1.21714
0.904295
0.597364
0.353823
0.211301
0.151816
0.132109
0.127362
0.128504
0.131784
0.13477
0.136627
0.137486
0.137897
0.138196
0.13848
0.13874
0.138983
0.139197
0.13938
0.139538
0.139678
0.139802
0.139916
0.140019
0.140113
0.140199
0.140273
0.140329
0.140367
0.14039
0.140406
0.140417
0.140426
0.140436
0.14045
0.140461
0.14047
0.140477
0.140485
0.140491
0.140496
0.1405
0.140503
0.140504
0.140503
0.1405
0.140495
0.140488
0.140478
0.140464
0.140444
0.140422
0.140399
0.140372
0.140341
0.140307
0.140267
0.140223
0.140169
0.140113
0.140069
0.140053
0.14019
0.140246
0.107562
0.0862173
0.0937889
0.0995638
0.106375
0.112405
0.117431
0.121514
0.12479
0.127415
0.129522
0.131223
0.132608
0.133743
0.134682
0.135465
0.136121
0.136674
0.137144
0.137545
0.137888
0.138182
0.138436
0.138656
0.138846
0.139012
0.139157
0.139286
0.139405
0.139519
0.139626
0.13972
0.139804
0.139881
0.139951
0.14001
0.140054
0.140082
0.140103
0.140121
0.140138
0.140149
0.140154
0.140156
0.140154
0.140149
0.14014
0.140128
0.140114
0.140095
0.140067
0.140033
0.140005
0.140004
0.140034
0.140067
0.14009
0.140119
0.140151
0.140187
0.140225
0.140264
0.1403
0.140331
0.140358
0.140385
0.140421
0.140466
0.140516
0.140567
0.1406
0.140584
0.140499
0.140394
0.140423
0.140713
0.140991
0.140961
0.14059
0.140144
0.156752
0.368209
0.677199
0.994021
1.27827
1.51713
1.70585
1.8429
1.93012
1.97364
1.98414
1.97805
1.9605
1.90484
1.78814
1.59627
1.32746
0.998391
0.652825
0.36228
0.189421
0.129121
0.123674
0.128494
0.131482
0.133536
0.135567
0.137061
0.137807
0.138133
0.138364
0.138603
0.138859
0.139093
0.1393
0.139474
0.139625
0.139757
0.139877
0.139986
0.140085
0.140175
0.140254
0.140317
0.140361
0.140388
0.140406
0.140419
0.140428
0.140437
0.140451
0.140463
0.140473
0.140481
0.140488
0.140495
0.140501
0.140505
0.140508
0.140509
0.140509
0.140506
0.140501
0.140495
0.140485
0.140471
0.140451
0.14043
0.140407
0.14038
0.140349
0.140314
0.140274
0.140229
0.140176
0.140118
0.140072
0.140053
0.140192
0.140249
0.0961804
0.102933
0.109016
0.113937
0.118273
0.121779
0.124672
0.127057
0.129025
0.130654
0.13201
0.133143
0.134097
0.134904
0.13559
0.136177
0.136681
0.137116
0.137492
0.137818
0.138102
0.13835
0.138567
0.138757
0.138925
0.139073
0.139205
0.139327
0.139442
0.139551
0.139651
0.13974
0.13982
0.139894
0.139959
0.140012
0.140052
0.140081
0.140103
0.140123
0.140139
0.140149
0.140154
0.140155
0.140152
0.140147
0.140137
0.140125
0.140109
0.140088
0.140057
0.140022
0.14
0.140008
0.140041
0.140072
0.140096
0.140126
0.140158
0.140195
0.140234
0.140273
0.140308
0.140338
0.140365
0.140393
0.14043
0.140478
0.140529
0.140579
0.140609
0.140584
0.140493
0.140392
0.140445
0.140749
0.141017
0.140964
0.140579
0.140141
0.108684
0.163688
0.342762
0.616528
0.914261
1.19535
1.44307
1.64931
1.80924
1.92066
1.98495
2.00832
2.0016
1.98236
1.94187
1.85368
1.69558
1.45513
1.13685
0.774075
0.437411
0.209387
0.118068
0.112023
0.126248
0.13399
0.135735
0.13636
0.137203
0.137915
0.138302
0.138507
0.138722
0.13897
0.139206
0.139404
0.139567
0.139708
0.139835
0.13995
0.140054
0.140149
0.140234
0.140303
0.140353
0.140386
0.140407
0.14042
0.14043
0.14044
0.140453
0.140466
0.140476
0.140485
0.140493
0.140499
0.140505
0.14051
0.140513
0.140515
0.140515
0.140513
0.140508
0.140502
0.140492
0.140479
0.14046
0.140439
0.140416
0.140388
0.140357
0.140322
0.140282
0.140236
0.140183
0.140124
0.140076
0.140053
0.140194
0.140253
0.110806
0.116899
0.1203
0.123236
0.12563
0.1276
0.129265
0.130681
0.131891
0.132928
0.13382
0.13459
0.135258
0.135838
0.136344
0.136786
0.137174
0.137515
0.137815
0.13808
0.138313
0.138521
0.138704
0.138868
0.139014
0.139146
0.139267
0.139382
0.13949
0.139591
0.139683
0.139765
0.139841
0.139912
0.139973
0.140022
0.140059
0.140086
0.140109
0.140128
0.140143
0.140151
0.140155
0.140155
0.140151
0.140145
0.140135
0.140121
0.140104
0.14008
0.140046
0.140011
0.139996
0.140012
0.140049
0.140078
0.140103
0.140133
0.140167
0.140204
0.140244
0.140282
0.140317
0.140346
0.140372
0.140401
0.140441
0.140491
0.140543
0.140592
0.140616
0.140584
0.140486
0.140392
0.140471
0.140788
0.141042
0.140965
0.140568
0.140137
0.117315
0.113125
0.148671
0.283245
0.518023
0.79742
1.07614
1.33223
1.55481
1.73695
1.87399
1.96394
2.00858
2.01452
1.99146
1.96168
1.89937
1.77771
1.57603
1.2871
0.929663
0.562336
0.27431
0.1278
0.100151
0.118255
0.133723
0.138007
0.137707
0.13745
0.137871
0.138345
0.138634
0.138855
0.139089
0.13931
0.139498
0.139653
0.139788
0.139909
0.140019
0.14012
0.140209
0.140285
0.140343
0.140382
0.140406
0.140422
0.140433
0.140442
0.140455
0.140468
0.14048
0.140489
0.140497
0.140504
0.14051
0.140516
0.140519
0.140521
0.140522
0.14052
0.140516
0.140509
0.1405
0.140487
0.140468
0.140448
0.140425
0.140397
0.140366
0.14033
0.14029
0.140244
0.14019
0.14013
0.140079
0.140053
0.140196
0.140258
0.122911
0.125383
0.127169
0.128734
0.130047
0.131186
0.132185
0.133064
0.133841
0.134527
0.135135
0.135674
0.136152
0.136578
0.136956
0.137294
0.137594
0.137863
0.138103
0.138318
0.13851
0.138683
0.138838
0.138978
0.139106
0.139224
0.139336
0.139443
0.139543
0.139637
0.139722
0.139801
0.139874
0.139939
0.139995
0.140038
0.14007
0.140096
0.140117
0.140135
0.140147
0.140154
0.140156
0.140155
0.140151
0.140143
0.140132
0.140117
0.140098
0.14007
0.140034
0.140001
0.139995
0.140019
0.140056
0.140084
0.14011
0.140141
0.140176
0.140214
0.140254
0.140292
0.140325
0.140354
0.14038
0.14041
0.140452
0.140505
0.140558
0.140606
0.140624
0.140582
0.140478
0.140394
0.140501
0.14083
0.141067
0.140965
0.140556
0.140132
0.127326
0.122037
0.115113
0.130429
0.216515
0.401648
0.655052
0.928808
1.19255
1.4309
1.63483
1.79788
1.91575
1.98707
2.01517
2.00958
1.98247
1.9361
1.84475
1.68217
1.43127
1.09619
0.718355
0.380484
0.167566
0.0964966
0.106059
0.128838
0.138967
0.139528
0.138167
0.137862
0.138272
0.138706
0.138996
0.139211
0.139407
0.139583
0.139733
0.139863
0.139979
0.140085
0.140181
0.140264
0.140329
0.140376
0.140405
0.140423
0.140436
0.140446
0.140457
0.140471
0.140483
0.140493
0.140501
0.140509
0.140516
0.140521
0.140525
0.140528
0.140528
0.140527
0.140523
0.140517
0.140508
0.140496
0.140478
0.140457
0.140435
0.140407
0.140375
0.140339
0.140298
0.140252
0.140198
0.140137
0.140083
0.140054
0.140199
0.140263
0.129146
0.130189
0.131157
0.132016
0.132786
0.133485
0.134118
0.134692
0.135213
0.135685
0.136112
0.136499
0.13685
0.137167
0.137454
0.137714
0.137949
0.138162
0.138355
0.13853
0.13869
0.138835
0.138967
0.13909
0.139205
0.139314
0.139418
0.139516
0.139608
0.139693
0.139772
0.139846
0.139913
0.139971
0.140019
0.140055
0.140083
0.140107
0.140126
0.140142
0.140151
0.140156
0.140157
0.140155
0.140149
0.14014
0.140128
0.140113
0.14009
0.140059
0.140021
0.139993
0.139996
0.140028
0.140064
0.140091
0.140118
0.14015
0.140186
0.140225
0.140264
0.140302
0.140335
0.140363
0.140389
0.14042
0.140465
0.14052
0.140574
0.140619
0.14063
0.140578
0.14047
0.140399
0.140535
0.140873
0.141092
0.140964
0.140543
0.140126
0.131869
0.130565
0.126122
0.117931
0.118337
0.161757
0.288011
0.499804
0.759223
1.02723
1.28039
1.50587
1.69531
1.8427
1.94446
2.00035
2.0151
1.99737
1.96226
1.89544
1.76908
1.55918
1.25748
0.887736
0.51791
0.240971
0.110622
0.0948396
0.119216
0.13706
0.141094
0.139448
0.138133
0.138179
0.138712
0.139109
0.139334
0.139502
0.139661
0.139806
0.139933
0.140046
0.140148
0.140238
0.140312
0.140366
0.140402
0.140424
0.140438
0.140449
0.14046
0.140473
0.140486
0.140497
0.140506
0.140514
0.140521
0.140527
0.140532
0.140535
0.140536
0.140534
0.140531
0.140525
0.140517
0.140504
0.140487
0.140467
0.140445
0.140417
0.140384
0.140348
0.140307
0.140261
0.140207
0.140144
0.140088
0.140055
0.140201
0.14027
0.132432
0.133015
0.133576
0.134097
0.134585
0.13504
0.135463
0.135854
0.136216
0.13655
0.136858
0.137142
0.137404
0.137644
0.137865
0.138068
0.138255
0.138426
0.138583
0.138727
0.13886
0.138984
0.139099
0.139208
0.139312
0.139411
0.139505
0.139594
0.139677
0.139755
0.139827
0.139893
0.139953
0.140002
0.140042
0.140073
0.140098
0.140118
0.140136
0.140148
0.140156
0.140159
0.140158
0.140155
0.140148
0.140138
0.140124
0.140106
0.140081
0.140046
0.140009
0.139987
0.140001
0.140037
0.140072
0.140099
0.140127
0.14016
0.140196
0.140236
0.140275
0.140312
0.140344
0.140371
0.140397
0.14043
0.140479
0.140537
0.140591
0.140632
0.140635
0.140574
0.140462
0.140406
0.140574
0.140918
0.141116
0.14096
0.14053
0.140119
0.134102
0.133801
0.133012
0.129816
0.122231
0.114736
0.127781
0.197327
0.351183
0.578241
0.840692
1.10505
1.35106
1.56685
1.74435
1.87781
1.96435
2.00519
2.00723
1.97995
1.93122
1.83601
1.6661
1.40351
1.05605
0.673578
0.344729
0.148951
0.0913942
0.106959
0.13138
0.141319
0.141004
0.138852
0.138214
0.138657
0.139167
0.139444
0.139598
0.139737
0.139874
0.139999
0.140109
0.140206
0.140289
0.140353
0.140396
0.140423
0.14044
0.140452
0.140463
0.140476
0.140489
0.140501
0.140511
0.140519
0.140527
0.140533
0.140538
0.140542
0.140543
0.140542
0.140539
0.140533
0.140525
0.140514
0.140497
0.140478
0.140455
0.140428
0.140395
0.140358
0.140317
0.14027
0.140216
0.140152
0.140093
0.140057
0.140203
0.140277
0.134438
0.134812
0.135167
0.135511
0.135838
0.136148
0.13644
0.136716
0.136975
0.137217
0.137445
0.137657
0.137856
0.138041
0.138213
0.138373
0.138522
0.13866
0.138789
0.138908
0.139021
0.139127
0.139229
0.139326
0.139419
0.139508
0.139593
0.139672
0.139747
0.139816
0.139881
0.13994
0.13999
0.140031
0.140064
0.14009
0.140112
0.14013
0.140144
0.140154
0.140159
0.140161
0.140159
0.140154
0.140146
0.140135
0.140119
0.140099
0.140069
0.140032
0.139996
0.139985
0.140009
0.140048
0.14008
0.140107
0.140136
0.14017
0.140208
0.140248
0.140287
0.140323
0.140354
0.14038
0.140407
0.140442
0.140494
0.140554
0.140608
0.140645
0.140639
0.140567
0.140454
0.140417
0.140617
0.140965
0.141138
0.140955
0.140515
0.14011
0.135561
0.135337
0.135184
0.13483
0.13294
0.127197
0.117615
0.113668
0.140386
0.231623
0.40523
0.643066
0.908557
1.17121
1.41213
1.61969
1.78593
1.90567
1.97707
2.00323
1.99212
1.95639
1.88602
1.75225
1.53014
1.2141
0.835753
0.471519
0.213326
0.102004
0.0958496
0.122173
0.139224
0.142251
0.140001
0.138515
0.138607
0.139164
0.139526
0.139693
0.139814
0.139939
0.140061
0.140169
0.140261
0.140334
0.140387
0.140421
0.140442
0.140455
0.140466
0.140478
0.140492
0.140505
0.140516
0.140525
0.140533
0.140539
0.140545
0.140549
0.140551
0.14055
0.140548
0.140542
0.140535
0.140523
0.140507
0.140488
0.140467
0.140439
0.140406
0.140368
0.140327
0.140279
0.140225
0.140161
0.140098
0.140059
0.140206
0.140284
0.135802
0.136051
0.136292
0.136527
0.136754
0.136971
0.137179
0.137377
0.137567
0.137747
0.137917
0.138079
0.138231
0.138374
0.138509
0.138636
0.138755
0.138867
0.138974
0.139075
0.139171
0.139264
0.139354
0.13944
0.139524
0.139603
0.139678
0.139748
0.139815
0.139876
0.139933
0.139982
0.140024
0.140057
0.140084
0.140107
0.140126
0.140141
0.140153
0.14016
0.140162
0.140162
0.140159
0.140152
0.140143
0.14013
0.140113
0.140089
0.140055
0.140016
0.139986
0.139988
0.14002
0.140058
0.140089
0.140116
0.140146
0.140182
0.14022
0.14026
0.140299
0.140334
0.140364
0.14039
0.140417
0.140455
0.140511
0.140573
0.140626
0.140658
0.140641
0.140559
0.140447
0.140432
0.140666
0.141014
0.14116
0.140947
0.140499
0.1401
0.13662
0.136438
0.136268
0.136185
0.136116
0.135278
0.131724
0.123555
0.113258
0.114343
0.154225
0.263772
0.453289
0.700515
0.969701
1.23182
1.46844
1.66793
1.82249
1.9277
1.9833
1.99487
1.9702
1.91947
1.81747
1.63492
1.35563
0.994551
0.612105
0.301204
0.130804
0.0903673
0.11094
0.13432
0.14249
0.141359
0.139151
0.138649
0.139118
0.13957
0.13978
0.139892
0.140004
0.140121
0.140225
0.14031
0.140373
0.140415
0.140442
0.140458
0.140469
0.140481
0.140495
0.140509
0.14052
0.14053
0.140539
0.140546
0.140552
0.140556
0.140559
0.140559
0.140557
0.140552
0.140544
0.140534
0.140518
0.1405
0.140479
0.140451
0.140418
0.14038
0.140338
0.14029
0.140235
0.14017
0.140105
0.140061
0.140208
0.140293
0.136787
0.136957
0.137124
0.137288
0.137448
0.137603
0.137753
0.137899
0.138039
0.138174
0.138303
0.138426
0.138543
0.138654
0.138761
0.138863
0.13896
0.139053
0.139142
0.139229
0.139313
0.139394
0.139474
0.13955
0.139623
0.139692
0.139758
0.139821
0.139879
0.139932
0.13998
0.14002
0.140054
0.140081
0.140103
0.140123
0.140139
0.140151
0.14016
0.140164
0.140165
0.140163
0.140158
0.14015
0.14014
0.140125
0.140105
0.140076
0.140039
0.140001
0.13998
0.139994
0.140033
0.140069
0.140098
0.140125
0.140158
0.140194
0.140233
0.140273
0.140311
0.140345
0.140374
0.1404
0.140429
0.140469
0.140529
0.140594
0.140644
0.140669
0.140642
0.140549
0.14044
0.140454
0.14072
0.141064
0.141179
0.140938
0.140481
0.140089
0.137404
0.137276
0.137129
0.136987
0.136922
0.136979
0.13681
0.135118
0.129685
0.11947
0.109433
0.116361
0.168991
0.295176
0.499225
0.755775
1.02924
1.29118
1.52321
1.71365
1.85511
1.94419
1.98271
1.97843
1.94263
1.86628
1.71968
1.47866
1.14378
0.758164
0.407685
0.179128
0.0945329
0.100049
0.126754
0.141112
0.142547
0.1401
0.138863
0.139069
0.139572
0.139851
0.139972
0.14007
0.140178
0.140277
0.140354
0.140406
0.140439
0.140459
0.140473
0.140484
0.140498
0.140512
0.140525
0.140535
0.140545
0.140552
0.140559
0.140564
0.140567
0.140568
0.140566
0.140562
0.140554
0.140544
0.140529
0.140512
0.140491
0.140464
0.14043
0.140392
0.140349
0.140301
0.140246
0.14018
0.140112
0.140064
0.14021
0.140302
0.137519
0.137638
0.137755
0.137871
0.137986
0.138098
0.138208
0.138316
0.13842
0.138521
0.138619
0.138713
0.138805
0.138893
0.138979
0.139062
0.139142
0.139221
0.139297
0.139372
0.139446
0.139517
0.139586
0.139653
0.139716
0.139777
0.139834
0.139888
0.139938
0.139983
0.140021
0.140053
0.14008
0.140102
0.140121
0.140137
0.14015
0.14016
0.140165
0.140168
0.140167
0.140163
0.140157
0.140148
0.140135
0.140118
0.140094
0.140061
0.140022
0.139988
0.139979
0.140006
0.140046
0.140079
0.140108
0.140136
0.14017
0.140207
0.140247
0.140287
0.140324
0.140357
0.140385
0.140411
0.140441
0.140485
0.140549
0.140615
0.140663
0.140679
0.140639
0.140538
0.140437
0.140483
0.140779
0.141114
0.141196
0.140926
0.140462
0.140076
0.13799
0.137901
0.137799
0.13768
0.137556
0.137483
0.13755
0.137693
0.137228
0.134428
0.12707
0.115196
0.106199
0.119754
0.185443
0.328143
0.54679
0.813046
1.09095
1.35219
1.57829
1.75762
1.88358
1.95464
1.97571
1.95375
1.89875
1.78447
1.58159
1.2787
0.902328
0.526401
0.245611
0.111108
0.0921893
0.117324
0.137777
0.143145
0.141241
0.139302
0.139068
0.139541
0.139898
0.140048
0.140136
0.140232
0.140323
0.140391
0.140434
0.14046
0.140476
0.140488
0.140501
0.140515
0.140529
0.140541
0.140551
0.140559
0.140566
0.140572
0.140575
0.140577
0.140576
0.140572
0.140565
0.140555
0.140541
0.140524
0.140504
0.140477
0.140444
0.140405
0.140361
0.140312
0.140257
0.140191
0.14012
0.140068
0.140213
0.140311
0.138072
0.138157
0.138241
0.138325
0.138408
0.13849
0.138571
0.138651
0.13873
0.138807
0.138882
0.138956
0.139029
0.139101
0.139171
0.13924
0.139308
0.139375
0.139441
0.139506
0.139569
0.139631
0.139691
0.139748
0.139803
0.139855
0.139904
0.13995
0.13999
0.140026
0.140056
0.140082
0.140103
0.140122
0.140138
0.140151
0.140161
0.140167
0.14017
0.14017
0.140168
0.140162
0.140154
0.140144
0.140129
0.140108
0.140079
0.140043
0.140004
0.139978
0.139985
0.140021
0.140059
0.14009
0.140118
0.140149
0.140183
0.140222
0.140262
0.140302
0.140338
0.140369
0.140396
0.140422
0.140455
0.140503
0.140571
0.140638
0.140681
0.140688
0.140634
0.140525
0.140436
0.140521
0.140843
0.141164
0.14121
0.140911
0.14044
0.140061
0.138437
0.138373
0.138302
0.13822
0.138125
0.138017
0.137931
0.137954
0.138157
0.138307
0.137367
0.133266
0.123968
0.110793
0.103658
0.125013
0.205114
0.365382
0.59941
0.875696
1.15753
1.41654
1.63428
1.79956
1.90709
1.95756
1.95858
1.92086
1.83356
1.66613
1.39774
1.03973
0.651353
0.327283
0.141363
0.0898956
0.107335
0.132467
0.142764
0.142364
0.139968
0.139162
0.139497
0.139921
0.14012
0.140208
0.140288
0.140365
0.140422
0.140458
0.140478
0.140491
0.140504
0.140519
0.140533
0.140546
0.140557
0.140566
0.140574
0.14058
0.140584
0.140586
0.140586
0.140582
0.140576
0.140567
0.140553
0.140537
0.140518
0.140492
0.140458
0.140418
0.140374
0.140325
0.140269
0.140203
0.140129
0.140073
0.140215
0.140321
0.138495
0.138558
0.138619
0.138681
0.138742
0.138804
0.138865
0.138926
0.138987
0.139047
0.139107
0.139167
0.139226
0.139285
0.139344
0.139402
0.13946
0.139517
0.139574
0.139629
0.139683
0.139736
0.139787
0.139836
0.139882
0.139926
0.139967
0.140003
0.140035
0.140063
0.140087
0.140107
0.140125
0.14014
0.140152
0.140162
0.140169
0.140173
0.140174
0.140172
0.140167
0.140161
0.140151
0.140138
0.14012
0.140095
0.140062
0.140023
0.139988
0.139975
0.139997
0.140036
0.140072
0.140102
0.14013
0.140162
0.140198
0.140237
0.140278
0.140317
0.140352
0.140382
0.140408
0.140434
0.14047
0.140523
0.140594
0.140661
0.140698
0.140694
0.140626
0.140512
0.140441
0.140567
0.140912
0.141214
0.141222
0.140894
0.140416
0.140048
0.138786
0.138739
0.138688
0.13863
0.138565
0.138488
0.138397
0.138306
0.138276
0.138415
0.138742
0.138807
0.137212
0.13162
0.120356
0.10628
0.102128
0.13315
0.229884
0.409602
0.660057
0.946274
1.23064
1.48479
1.69057
1.83788
1.9236
1.95244
1.93132
1.86735
1.7326
1.49962
1.16647
0.777027
0.420159
0.184964
0.0950692
0.098304
0.12552
0.141174
0.143272
0.140832
0.139394
0.139452
0.139896
0.14016
0.140268
0.14034
0.140406
0.140452
0.140478
0.140494
0.140508
0.140522
0.140537
0.140551
0.140563
0.140573
0.140581
0.140588
0.140593
0.140596
0.140596
0.140593
0.140588
0.140579
0.140566
0.14055
0.140532
0.140507
0.140473
0.140433
0.140388
0.140338
0.140282
0.140215
0.140139
0.140078
0.140217
0.140331
0.138829
0.138876
0.138922
0.138968
0.139015
0.139062
0.13911
0.139158
0.139206
0.139255
0.139303
0.139352
0.139402
0.139451
0.1395
0.139549
0.139598
0.139647
0.139694
0.139741
0.139787
0.139831
0.139874
0.139914
0.139953
0.139988
0.14002
0.140048
0.140073
0.140094
0.140113
0.140129
0.140143
0.140155
0.140165
0.140172
0.140176
0.140177
0.140176
0.140172
0.140166
0.140157
0.140146
0.14013
0.140108
0.140078
0.140042
0.140003
0.139977
0.139981
0.140014
0.140052
0.140086
0.140114
0.140143
0.140177
0.140214
0.140254
0.140294
0.140333
0.140366
0.140395
0.14042
0.140448
0.140487
0.140545
0.14062
0.140685
0.140715
0.140696
0.140615
0.140499
0.140451
0.140624
0.140985
0.141262
0.141229
0.140873
0.140391
0.140038
0.139069
0.139034
0.138996
0.138953
0.138905
0.138852
0.13879
0.138715
0.138628
0.138562
0.138607
0.138878
0.139303
0.139173
0.136712
0.129401
0.116149
0.101755
0.102204
0.145587
0.262059
0.463568
0.731257
1.02647
1.31078
1.55619
1.74552
1.87057
1.93107
1.934
1.89016
1.78403
1.58524
1.28071
0.899259
0.520001
0.240303
0.108717
0.0915926
0.117413
0.138165
0.143674
0.141816
0.139864
0.139554
0.139928
0.140207
0.140313
0.140374
0.140434
0.140477
0.1405
0.140512
0.140525
0.14054
0.140555
0.140569
0.14058
0.140589
0.140596
0.140602
0.140606
0.140607
0.140605
0.1406
0.140591
0.140579
0.140564
0.140547
0.140522
0.140489
0.140449
0.140403
0.140352
0.140295
0.140228
0.14015
0.140085
0.140219
0.140341
0.139102
0.139137
0.139172
0.139208
0.139245
0.139282
0.13932
0.139359
0.139398
0.139438
0.139478
0.139518
0.139559
0.1396
0.139641
0.139682
0.139723
0.139763
0.139803
0.139842
0.139879
0.139916
0.13995
0.139983
0.140013
0.14004
0.140064
0.140086
0.140105
0.140121
0.140136
0.140149
0.14016
0.140169
0.140175
0.140179
0.14018
0.140179
0.140176
0.140171
0.140163
0.140152
0.140138
0.140118
0.140092
0.140058
0.140019
0.139986
0.139974
0.139994
0.140032
0.140069
0.140099
0.140128
0.140158
0.140193
0.140232
0.140272
0.140312
0.140349
0.140381
0.140408
0.140433
0.140463
0.140507
0.14057
0.140647
0.140709
0.140728
0.140695
0.140602
0.140487
0.140469
0.14069
0.141061
0.141308
0.141232
0.140849
0.140363
0.140033
0.139307
0.13928
0.13925
0.139217
0.139181
0.139141
0.139097
0.139046
0.138985
0.138909
0.138829
0.138799
0.13894
0.139353
0.139834
0.139361
0.135762
0.12645
0.111252
0.0974732
0.104896
0.164315
0.304355
0.529986
0.814969
1.117
1.39722
1.62857
1.79572
1.89338
1.92628
1.90193
1.82149
1.65531
1.3817
1.01538
0.623446
0.305737
0.131652
0.0889733
0.109308
0.133921
0.143129
0.14229
0.140044
0.139508
0.139948
0.140317
0.140413
0.140421
0.14045
0.14049
0.140517
0.140532
0.140544
0.140559
0.140574
0.140586
0.140597
0.140605
0.140612
0.140616
0.140618
0.140617
0.140612
0.140605
0.140593
0.140579
0.140562
0.140539
0.140506
0.140466
0.140419
0.140367
0.14031
0.140243
0.140162
0.140093
0.140221
0.140351
0.139332
0.139359
0.139387
0.139415
0.139444
0.139474
0.139505
0.139536
0.139568
0.1396
0.139633
0.139666
0.139699
0.139733
0.139767
0.1398
0.139833
0.139866
0.139898
0.139929
0.139959
0.139988
0.140015
0.140039
0.140062
0.140082
0.140101
0.140117
0.140131
0.140144
0.140156
0.140166
0.140173
0.140179
0.140183
0.140184
0.140183
0.14018
0.140175
0.140168
0.140158
0.140145
0.140127
0.140102
0.140071
0.140034
0.139998
0.139975
0.139982
0.140013
0.140051
0.140084
0.140113
0.140142
0.140175
0.140211
0.14025
0.140291
0.14033
0.140365
0.140396
0.140422
0.140447
0.14048
0.140529
0.140597
0.140676
0.140732
0.140739
0.14069
0.140585
0.140478
0.140498
0.140766
0.14114
0.141351
0.141231
0.140821
0.140335
0.140032
0.139511
0.13949
0.139466
0.139441
0.139412
0.139381
0.139347
0.139309
0.139267
0.139217
0.139154
0.139076
0.139007
0.13903
0.139288
0.139849
0.140317
0.139291
0.134196
0.122563
0.105639
0.093985
0.111728
0.191982
0.359827
0.611579
0.91318
1.21898
1.49011
1.70113
1.83984
1.90531
1.90328
1.84537
1.70896
1.46674
1.12066
0.724618
0.376265
0.161252
0.0900974
0.102455
0.130723
0.14416
0.144104
0.14069
0.139231
0.139596
0.140246
0.140515
0.140521
0.140493
0.140502
0.140527
0.140549
0.140565
0.14058
0.140593
0.140604
0.140614
0.140621
0.140627
0.140629
0.140629
0.140625
0.140618
0.140607
0.140594
0.140578
0.140556
0.140524
0.140484
0.140437
0.140384
0.140325
0.140258
0.140175
0.140102
0.140224
0.140361
0.139529
0.139551
0.139572
0.139595
0.139618
0.139641
0.139666
0.139691
0.139716
0.139742
0.139769
0.139795
0.139822
0.139849
0.139876
0.139902
0.139928
0.139954
0.139979
0.140003
0.140026
0.140047
0.140067
0.140085
0.140102
0.140117
0.140131
0.140143
0.140154
0.140164
0.140173
0.140179
0.140184
0.140187
0.140188
0.140187
0.140184
0.140179
0.140172
0.140162
0.14015
0.140133
0.140111
0.140082
0.140046
0.140009
0.139981
0.139975
0.139998
0.140034
0.140069
0.1401
0.140129
0.140159
0.140193
0.140231
0.140271
0.140311
0.140349
0.140382
0.140411
0.140436
0.140463
0.140499
0.140554
0.140627
0.140706
0.140754
0.140746
0.140681
0.140566
0.140474
0.140542
0.140852
0.14122
0.14139
0.141224
0.140788
0.140306
0.140036
0.139687
0.139671
0.139653
0.139633
0.139611
0.139587
0.139561
0.139531
0.139499
0.139463
0.139423
0.139372
0.139305
0.139226
0.139176
0.139269
0.139666
0.140358
0.140692
0.138837
0.131906
0.117875
0.100054
0.0929623
0.124778
0.22898
0.424526
0.698946
1.01263
1.31846
1.57788
1.76676
1.87515
1.90715
1.87073
1.7603
1.54824
1.22568
0.831946
0.457186
0.197542
0.0879641
0.0851119
0.117785
0.141065
0.146571
0.143466
0.140272
0.139433
0.139891
0.140396
0.140574
0.140566
0.140539
0.140542
0.140563
0.140584
0.1406
0.140612
0.140622
0.140631
0.140637
0.140641
0.140642
0.140639
0.140632
0.140622
0.14061
0.140595
0.140574
0.140543
0.140503
0.140455
0.140401
0.140342
0.140274
0.140189
0.140112
0.140226
0.140371
0.139701
0.139717
0.139734
0.139751
0.139769
0.139787
0.139806
0.139825
0.139845
0.139865
0.139886
0.139906
0.139927
0.139948
0.139968
0.139988
0.140008
0.140027
0.140046
0.140063
0.14008
0.140095
0.14011
0.140123
0.140135
0.140146
0.140156
0.140166
0.140174
0.14018
0.140186
0.140189
0.140191
0.140192
0.14019
0.140187
0.140182
0.140175
0.140166
0.140154
0.140138
0.140117
0.140089
0.140055
0.140019
0.139987
0.139974
0.139987
0.140019
0.140055
0.140088
0.140117
0.140146
0.140177
0.140213
0.140252
0.140292
0.140332
0.140368
0.1404
0.140426
0.140451
0.14048
0.140521
0.140582
0.140659
0.140736
0.140773
0.140749
0.140666
0.140546
0.140478
0.1406
0.140946
0.1413
0.141423
0.141211
0.140752
0.140277
0.140044
0.139867
0.139856
0.139843
0.13983
0.139814
0.139797
0.139779
0.139758
0.139735
0.139709
0.139681
0.139649
0.139611
0.139564
0.139502
0.139434
0.139409
0.139533
0.139923
0.140483
0.140486
0.138195
0.131224
0.118563
0.104659
0.103975
0.141452
0.244821
0.429746
0.687811
0.987281
1.2854
1.54283
1.73212
1.84041
1.86308
1.80573
1.65586
1.39826
1.04908
0.670932
0.352251
0.157049
0.0870845
0.0936881
0.12155
0.140231
0.145176
0.14326
0.140782
0.139882
0.140066
0.140428
0.140591
0.140599
0.140579
0.140583
0.140602
0.14062
0.140633
0.140643
0.14065
0.140655
0.140657
0.140655
0.14065
0.14064
0.140629
0.140615
0.140595
0.140566
0.140526
0.140477
0.140422
0.140361
0.140293
0.140206
0.140125
0.14023
0.140382
0.139876
0.139886
0.139897
0.139909
0.139921
0.139933
0.139946
0.13996
0.139973
0.139987
0.140001
0.140015
0.140029
0.140043
0.140057
0.14007
0.140083
0.140096
0.140108
0.140119
0.14013
0.14014
0.14015
0.140159
0.140167
0.140174
0.140181
0.140186
0.140191
0.140194
0.140196
0.140196
0.140195
0.140193
0.140189
0.140184
0.140176
0.140166
0.140153
0.140136
0.140114
0.140086
0.140053
0.140018
0.13999
0.139976
0.139986
0.140013
0.140048
0.140081
0.140111
0.140139
0.140169
0.140203
0.140241
0.14028
0.14032
0.140358
0.140392
0.140421
0.140446
0.140471
0.140504
0.140552
0.140621
0.140701
0.140771
0.14079
0.140743
0.140642
0.140525
0.140496
0.140688
0.141062
0.141388
0.141453
0.141189
0.140708
0.140248
0.140057
0.140026
0.14002
0.140013
0.140005
0.139997
0.139987
0.139975
0.139963
0.139949
0.139933
0.139915
0.139896
0.139874
0.139849
0.139819
0.139777
0.139717
0.139644
0.139609
0.13974
0.140199
0.140968
0.141392
0.139702
0.133225
0.12026
0.103924
0.0963907
0.119744
0.200498
0.358219
0.593089
0.881524
1.18312
1.45488
1.66243
1.78721
1.81763
1.75586
1.58992
1.31442
0.960391
0.598638
0.310612
0.14388
0.0891717
0.0987957
0.124451
0.140883
0.144952
0.143023
0.140754
0.139991
0.140195
0.140515
0.140634
0.140628
0.140614
0.140624
0.140643
0.140657
0.140666
0.140672
0.140675
0.140674
0.14067
0.140661
0.14065
0.140637
0.140619
0.140591
0.140553
0.140503
0.140446
0.140383
0.140314
0.140225
0.14014
0.140234
0.140393
0.140031
0.140037
0.140043
0.140049
0.140056
0.140063
0.14007
0.140078
0.140086
0.140094
0.140102
0.14011
0.140118
0.140126
0.140133
0.140141
0.140148
0.140156
0.140162
0.140169
0.140175
0.140181
0.140186
0.140191
0.140195
0.140198
0.140201
0.140202
0.140203
0.140203
0.140201
0.140198
0.140194
0.140189
0.140182
0.140172
0.14016
0.140145
0.140125
0.1401
0.140071
0.140039
0.140009
0.139986
0.139979
0.139991
0.140018
0.14005
0.140083
0.140112
0.14014
0.140169
0.140202
0.140238
0.140277
0.140316
0.140355
0.14039
0.14042
0.140446
0.14047
0.140498
0.140537
0.140595
0.140671
0.140751
0.140806
0.140799
0.140725
0.14061
0.14051
0.140543
0.140811
0.141199
0.141479
0.141475
0.141155
0.140655
0.140219
0.140076
0.140133
0.14013
0.140127
0.140123
0.140118
0.140113
0.140108
0.140101
0.140094
0.140085
0.140075
0.140064
0.140052
0.140038
0.140022
0.140003
0.139978
0.13994
0.139883
0.139819
0.139817
0.140024
0.140608
0.141495
0.141873
0.139733
0.132216
0.11753
0.0984441
0.0859644
0.100652
0.168655
0.312004
0.535618
0.819906
1.1254
1.40649
1.62359
1.75218
1.77496
1.69445
1.50012
1.19999
0.840714
0.499372
0.248893
0.119616
0.0889315
0.106815
0.130961
0.143297
0.144722
0.142213
0.140386
0.140068
0.140384
0.140624
0.140669
0.140648
0.140645
0.140661
0.140678
0.140688
0.140693
0.140694
0.140691
0.140683
0.140673
0.140661
0.140644
0.140618
0.140581
0.140531
0.140472
0.140408
0.140337
0.140246
0.140157
0.140239
0.140403
0.140135
0.140137
0.14014
0.140142
0.140146
0.140149
0.140153
0.140156
0.14016
0.140164
0.140168
0.140172
0.140177
0.140181
0.140185
0.140188
0.140192
0.140196
0.140199
0.140202
0.140205
0.140207
0.140209
0.14021
0.140211
0.140211
0.14021
0.140209
0.140206
0.140203
0.140198
0.140192
0.140185
0.140175
0.140163
0.140148
0.14013
0.140107
0.140081
0.140052
0.140023
0.139998
0.139983
0.139983
0.139998
0.140025
0.140056
0.140088
0.140116
0.140144
0.140173
0.140204
0.140239
0.140277
0.140316
0.140354
0.14039
0.140421
0.140448
0.140472
0.140497
0.140529
0.140578
0.140645
0.140727
0.140801
0.140833
0.140794
0.140696
0.140576
0.140511
0.140625
0.140957
0.141339
0.141561
0.141483
0.141111
0.140597
0.140191
0.140098
0.1402
0.1402
0.140199
0.140197
0.140195
0.140193
0.140191
0.140188
0.140185
0.140181
0.140176
0.140171
0.140165
0.140158
0.14015
0.14014
0.14013
0.140116
0.140097
0.140065
0.140015
0.139963
0.139984
0.140227
0.140843
0.141697
0.141878
0.13931
0.131151
0.115553
0.0948889
0.0793704
0.0889202
0.150141
0.286909
0.506875
0.792235
1.10264
1.38854
1.60465
1.72249
1.72495
1.61301
1.38294
1.05811
0.699572
0.387945
0.184286
0.0985383
0.0934282
0.117851
0.138032
0.144939
0.143731
0.141181
0.140127
0.140254
0.140585
0.140715
0.140708
0.140689
0.140691
0.140702
0.14071
0.140713
0.140712
0.140706
0.140697
0.140685
0.140669
0.140645
0.14061
0.140561
0.140501
0.140434
0.140361
0.140269
0.140176
0.140244
0.140413
0.1402
0.140201
0.140201
0.140202
0.140203
0.140204
0.140205
0.140206
0.140208
0.140209
0.140211
0.140212
0.140214
0.140215
0.140217
0.140218
0.140219
0.14022
0.14022
0.140221
0.140221
0.14022
0.140219
0.140218
0.140216
0.140213
0.140209
0.140205
0.140199
0.140192
0.140184
0.140173
0.140161
0.140146
0.140127
0.140106
0.140082
0.140056
0.14003
0.140006
0.13999
0.139984
0.139991
0.14001
0.140036
0.140067
0.140096
0.140124
0.140151
0.140179
0.14021
0.140244
0.140281
0.140319
0.140357
0.140393
0.140425
0.140452
0.140476
0.140499
0.140527
0.140568
0.140627
0.140704
0.140786
0.140847
0.140847
0.140773
0.140656
0.140547
0.14054
0.140745
0.141121
0.141478
0.141629
0.141475
0.141054
0.140536
0.140176
0.140123
0.140242
0.140242
0.140242
0.140242
0.140242
0.140242
0.140242
0.140241
0.14024
0.140239
0.140237
0.140236
0.140233
0.14023
0.140227
0.140223
0.140218
0.140212
0.140206
0.140198
0.140183
0.140154
0.140104
0.140055
0.140089
0.140369
0.141045
0.141949
0.142105
0.13937
0.13083
0.114494
0.0924891
0.0749043
0.0820678
0.141767
0.279466
0.503742
0.795652
1.11101
1.39518
1.59934
1.69235
1.66216
1.50797
1.23699
0.890631
0.544144
0.276765
0.130098
0.0893652
0.104828
0.129973
0.143306
0.144902
0.142259
0.140389
0.140097
0.140416
0.140645
0.140702
0.140706
0.140717
0.140729
0.140734
0.140734
0.140728
0.140721
0.14071
0.140695
0.140674
0.14064
0.140593
0.140532
0.140462
0.140387
0.140293
0.140197
0.140251
0.140421
0.14024
0.140239
0.140238
0.140238
0.140237
0.140237
0.140236
0.140236
0.140235
0.140235
0.140235
0.140234
0.140234
0.140233
0.140233
0.140232
0.140231
0.14023
0.140228
0.140226
0.140223
0.140221
0.140217
0.140213
0.140208
0.140202
0.140195
0.140186
0.140177
0.140165
0.140152
0.140136
0.140118
0.140097
0.140075
0.140051
0.140029
0.140008
0.139993
0.139987
0.139991
0.140004
0.140026
0.140053
0.140081
0.140109
0.140136
0.140163
0.14019
0.14022
0.140253
0.140289
0.140326
0.140363
0.140399
0.140431
0.140459
0.140483
0.140505
0.14053
0.140565
0.140616
0.140686
0.140769
0.140845
0.140883
0.140844
0.140736
0.140613
0.140537
0.140612
0.140903
0.141297
0.141608
0.14168
0.141451
0.140986
0.140475
0.140178
0.140151
0.140264
0.140265
0.140266
0.140268
0.140269
0.14027
0.14027
0.140271
0.140272
0.140272
0.140273
0.140273
0.140273
0.140273
0.140272
0.140271
0.140269
0.140268
0.140265
0.140263
0.14026
0.140255
0.140242
0.140213
0.140162
0.140118
0.14018
0.140532
0.141325
0.142353
0.14256
0.139675
0.130623
0.11327
0.0898454
0.0711135
0.0788645
0.142795
0.289478
0.526061
0.828907
1.14743
1.42123
1.60059
1.65374
1.57713
1.37081
1.05818
0.701663
0.38702
0.181305
0.0968179
0.0942927
0.119932
0.139502
0.145316
0.143673
0.141325
0.140512
0.14061
0.14076
0.140761
0.140728
0.14073
0.140747
0.140756
0.140754
0.140746
0.140736
0.140723
0.140703
0.140672
0.140627
0.140565
0.140493
0.140416
0.14032
0.140221
0.140259
0.140429
0.140261
0.14026
0.140258
0.140256
0.140254
0.140252
0.140251
0.140249
0.140247
0.140245
0.140243
0.140241
0.140239
0.140237
0.140234
0.140231
0.140228
0.140225
0.140221
0.140216
0.140211
0.140205
0.140199
0.140191
0.140182
0.140172
0.140161
0.140148
0.140133
0.140117
0.140099
0.14008
0.14006
0.14004
0.140021
0.140005
0.139994
0.13999
0.139993
0.140005
0.140023
0.140047
0.140073
0.1401
0.140127
0.140152
0.140178
0.140205
0.140235
0.140267
0.140302
0.140338
0.140374
0.140409
0.140441
0.140468
0.140492
0.140514
0.140537
0.140568
0.140612
0.140675
0.140754
0.140838
0.140899
0.140903
0.140821
0.140686
0.140575
0.14056
0.140736
0.141092
0.141478
0.141725
0.14171
0.141406
0.140907
0.140417
0.140197
0.14018
0.140268
0.14027
0.140272
0.140275
0.140277
0.140279
0.140281
0.140283
0.140285
0.140287
0.140289
0.14029
0.140292
0.140294
0.140295
0.140296
0.140297
0.140298
0.140298
0.140298
0.140298
0.140297
0.140297
0.140295
0.140283
0.140253
0.140202
0.140168
0.140272
0.140717
0.141656
0.142837
0.143076
0.139879
0.12994
0.111088
0.086122
0.0674564
0.0795201
0.154547
0.319029
0.575377
0.891191
1.20738
1.45847
1.59677
1.59713
1.4601
1.19548
0.850015
0.506699
0.249852
0.11848
0.0901601
0.110092
0.133192
0.142848
0.142669
0.140475
0.139805
0.140278
0.14075
0.140863
0.140807
0.140766
0.140766
0.140773
0.140771
0.140763
0.14075
0.140731
0.140703
0.14066
0.1406
0.140526
0.140446
0.140347
0.140246
0.140269
0.140437
0.140265
0.140262
0.140259
0.140256
0.140253
0.14025
0.140247
0.140244
0.140241
0.140237
0.140234
0.14023
0.140226
0.140221
0.140216
0.140211
0.140205
0.140199
0.140192
0.140185
0.140176
0.140167
0.140157
0.140145
0.140133
0.140119
0.140105
0.140089
0.140073
0.140056
0.140039
0.140024
0.14001
0.14
0.139994
0.139994
0.139999
0.140011
0.140028
0.14005
0.140074
0.140099
0.140124
0.140149
0.140173
0.140198
0.140225
0.140255
0.140287
0.140321
0.140355
0.14039
0.140423
0.140454
0.140481
0.140504
0.140525
0.140547
0.140575
0.140615
0.140672
0.140747
0.140832
0.140907
0.14094
0.1409
0.140775
0.14063
0.14056
0.140636
0.140912
0.141303
0.141655
0.141822
0.141716
0.141343
0.140818
0.140367
0.140232
0.140207
0.140253
0.140257
0.14026
0.140263
0.140266
0.140269
0.140273
0.140276
0.140279
0.140282
0.140286
0.140289
0.140292
0.140295
0.140298
0.140302
0.140304
0.140307
0.14031
0.140312
0.140314
0.140316
0.140318
0.14032
0.140322
0.140321
0.14031
0.140277
0.140225
0.140203
0.140356
0.140912
0.142025
0.143364
0.143538
0.139721
0.128313
0.107316
0.0808384
0.0642279
0.0858572
0.180615
0.37242
0.654292
0.980914
1.2832
1.4944
1.57044
1.50076
1.28927
0.968686
0.614284
0.319963
0.147847
0.094897
0.109282
0.136213
0.149075
0.148167
0.143199
0.140298
0.13994
0.140459
0.140798
0.140851
0.140817
0.140798
0.140795
0.140792
0.140781
0.140765
0.140739
0.140699
0.140641
0.140566
0.140483
0.140382
0.140277
0.140277
0.140448
0.140249
0.140245
0.140241
0.140237
0.140233
0.140229
0.140224
0.140219
0.140214
0.140209
0.140203
0.140197
0.140191
0.140184
0.140177
0.140169
0.140161
0.140152
0.140142
0.140132
0.140121
0.140109
0.140097
0.140084
0.140071
0.140057
0.140044
0.140031
0.14002
0.14001
0.140002
0.139998
0.139998
0.140002
0.140011
0.140024
0.140041
0.140061
0.140084
0.140107
0.14013
0.140153
0.140177
0.1402
0.140225
0.140252
0.140281
0.140312
0.140345
0.140378
0.140412
0.140443
0.140472
0.140498
0.140521
0.140541
0.140563
0.140589
0.140625
0.140677
0.140746
0.140828
0.140909
0.140962
0.140957
0.140872
0.140721
0.140596
0.140603
0.140792
0.141139
0.141528
0.141816
0.141888
0.141689
0.141253
0.140721
0.140329
0.140286
0.140239
0.140213
0.140218
0.140223
0.140227
0.140232
0.140237
0.140242
0.140247
0.140253
0.140258
0.140263
0.140269
0.140274
0.14028
0.140285
0.140291
0.140296
0.140301
0.140307
0.140312
0.140317
0.140321
0.140325
0.14033
0.140334
0.140338
0.140343
0.140343
0.14033
0.140291
0.140234
0.140224
0.140437
0.141134
0.142459
0.143949
0.14389
0.138976
0.12527
0.101315
0.073521
0.0617989
0.0998088
0.224462
0.454309
0.769179
1.10906
1.39444
1.55849
1.56229
1.40421
1.10494
0.731355
0.38499
0.152983
0.0596264
0.0642147
0.103404
0.134103
0.145378
0.144893
0.141986
0.140568
0.140481
0.140715
0.140828
0.140834
0.14082
0.14081
0.1408
0.140786
0.140762
0.140726
0.14067
0.140594
0.140509
0.140403
0.1403
0.1403
0.14045
0.140208
0.140202
0.140196
0.14019
0.140184
0.140178
0.140171
0.140165
0.140157
0.14015
0.140142
0.140134
0.140126
0.140117
0.140108
0.140098
0.140088
0.140078
0.140068
0.140058
0.140048
0.140038
0.140028
0.140019
0.140011
0.140005
0.139999
0.139996
0.139995
0.139997
0.140002
0.140011
0.140023
0.140037
0.140054
0.140073
0.140094
0.140115
0.140137
0.140158
0.14018
0.140202
0.140225
0.14025
0.140277
0.140306
0.140337
0.140369
0.140402
0.140433
0.140463
0.14049
0.140513
0.140534
0.140552
0.140571
0.140594
0.140627
0.140676
0.140743
0.140827
0.140916
0.140988
0.141011
0.140956
0.140817
0.140644
0.140563
0.140675
0.14097
0.141363
0.141733
0.141955
0.141939
0.141656
0.141165
0.14063
0.140306
0.140342
0.140257
0.140118
0.140122
0.140127
0.140132
0.140137
0.140143
0.140148
0.140154
0.14016
0.140167
0.140173
0.14018
0.140187
0.140195
0.140203
0.140211
0.140219
0.140228
0.140237
0.140246
0.140255
0.140265
0.140274
0.140284
0.140293
0.140303
0.140313
0.140323
0.140334
0.14034
0.140332
0.140295
0.140234
0.140214
0.140416
0.141119
0.142502
0.144163
0.144451
0.140101
0.127194
0.104298
0.0778556
0.0671722
0.103452
0.218264
0.424539
0.701642
0.997398
1.24548
1.38744
1.38561
1.23578
0.967817
0.654401
0.382233
0.207237
0.131411
0.118789
0.128914
0.138424
0.1418
0.141684
0.141017
0.140768
0.140793
0.140848
0.140866
0.140863
0.140854
0.140841
0.140821
0.14079
0.140739
0.140668
0.140576
0.140471
0.140353
0.140305
0.140483
0.140113
0.140107
0.140102
0.140097
0.140091
0.140086
0.140081
0.140075
0.14007
0.140064
0.140059
0.140054
0.140048
0.140044
0.140039
0.140035
0.140031
0.140027
0.140025
0.140022
0.140021
0.140021
0.140022
0.140025
0.140029
0.140034
0.140042
0.140051
0.140063
0.140075
0.14009
0.140106
0.140123
0.140141
0.14016
0.140179
0.140199
0.140218
0.140239
0.14026
0.140282
0.140306
0.140331
0.140357
0.140385
0.140413
0.140441
0.140469
0.140495
0.14052
0.140542
0.140563
0.140582
0.140602
0.140625
0.140654
0.140695
0.140749
0.140818
0.140897
0.140974
0.141031
0.141042
0.140986
0.140865
0.140723
0.14066
0.140775
0.14105
0.141413
0.141773
0.142025
0.142083
0.1419
0.141493
0.140962
0.140507
0.140366
0.140461
0.140314
)
;

boundaryField
{
    inlet
    {
        type            freestream;
        freestreamValue uniform 0.14;
        value           nonuniform List<scalar> 
134
(
0.14
0.14
0.14
0.14
0.14
0.14
0.14
0.14
0.14
0.14
0.140022
0.140043
0.14007
0.140096
0.140121
0.140143
0.140163
0.14018
0.140195
0.140208
0.14
0.140219
0.140228
0.140235
0.14024
0.140244
0.140246
0.140247
0.140248
0.140246
0.140246
0.140245
0.140242
0.140239
0.140237
0.140237
0.140238
0.14024
0.140243
0.140244
0.14
0.14
0.14
0.14
0.14
0.14
0.14
0.140245
0.140246
0.140249
0.140253
0.140258
0.140263
0.14027
0.140277
0.140284
0.140293
0.140302
0.140311
0.140321
0.140331
0.140341
0.140351
0.140361
0.140371
0.140382
0.140393
0.140403
0.140413
0.140421
0.140429
0.140437
0.140448
0.14045
0.140483
0.14
0.14
0.14
0.14
0.14
0.14
0.14
0.14
0.14
0.14
0.14
0.14
0.14
0.14
0.14
0.14
0.14
0.14
0.14
0.14
0.14
0.14
0.14
0.14
0.14
0.14
0.14
0.14
0.14
0.14
0.14
0.14
0.14
0.14
0.14
0.14
0.14
0.14
0.14
0.14
0.14
0.14
0.14
0.14
0.14
0.14
0.14
0.14
0.14
0.14
0.14
0.14
0.14
0.14
0.14
0.14
0.14
0.14
0.14
)
;
    }
    outlet
    {
        type            freestream;
        freestreamValue uniform 0.14;
        value           nonuniform List<scalar> 
160
(
0.140118
0.140113
0.140122
0.140107
0.140127
0.140102
0.140132
0.140097
0.140137
0.140091
0.140143
0.140086
0.140148
0.140081
0.140154
0.140075
0.14016
0.14007
0.140167
0.140064
0.140173
0.140059
0.14018
0.140054
0.140187
0.140048
0.140195
0.140044
0.140203
0.140039
0.140211
0.140035
0.140219
0.140031
0.140228
0.140027
0.140237
0.140025
0.140246
0.140022
0.140255
0.140021
0.140265
0.140021
0.140274
0.140022
0.140284
0.140025
0.140293
0.140029
0.140303
0.140034
0.140313
0.140042
0.140323
0.140051
0.140334
0.140063
0.14034
0.140075
0.140332
0.14009
0.140295
0.140106
0.140234
0.140123
0.140214
0.140141
0.140416
0.14016
0.141119
0.140179
0.142502
0.140199
0.144163
0.140218
0.144451
0.140239
0.140101
0.14026
0.127194
0.140282
0.104298
0.140306
0.0778556
0.140331
0.0671722
0.140357
0.103452
0.140385
0.218264
0.140413
0.424539
0.140441
0.701642
0.140469
0.997398
0.140495
1.24548
0.14052
1.38744
0.140542
1.38561
0.140563
1.23578
0.140582
0.967817
0.140602
0.654401
0.140625
0.382233
0.140654
0.207237
0.140695
0.131411
0.140749
0.118789
0.140818
0.128914
0.140897
0.138424
0.140974
0.1418
0.141031
0.141684
0.141042
0.141017
0.140986
0.140768
0.140865
0.140793
0.140723
0.140848
0.14066
0.140866
0.140775
0.140863
0.14105
0.140854
0.141413
0.140841
0.141773
0.140821
0.142025
0.14079
0.142083
0.140739
0.1419
0.140668
0.141493
0.140576
0.140962
0.140471
0.140507
0.140353
0.140366
0.140305
0.140461
0.140483
0.140314
)
;
    }
    walls
    {
        type            fixedValue;
        value           nonuniform List<scalar> 
78
(
0.123574
0.129374
0.136264
0.144224
0.15373
0.164976
0.178185
0.193006
0.209209
0.22561
0.241265
0.255193
0.266416
0.274226
0.278266
0.278729
0.27599
0.27056
0.262615
0.252328
0.239406
0.223632
0.204506
0.181772
0.156405
0.126164
0.101103
0.0819959
0.055332
0.0755036
0.127427
0.164601
0.0964452
0.195467
0.20548
0.180737
0.154211
0.117394
0.0987019
0.118115
0.112399
0.10619
0.0991002
0.0912795
0.0822974
0.0717316
0.0587009
0.0432684
0.0406976
0.0439699
0.0544886
0.0630444
0.0705156
0.077761
0.0850829
0.0925309
0.100099
0.107789
0.11561
0.123499
0.13131
0.138827
0.145822
0.151899
0.156744
0.160485
0.163403
0.165824
0.168027
0.17006
0.171925
0.173614
0.17508
0.176207
0.177034
0.177124
0.1775
0.174255
)
;
    }
    frontAndBack
    {
        type            empty;
    }
}


// ************************************************************************* //
