/*--------------------------------*- C++ -*----------------------------------*\
  =========                 |
  \\      /  F ield         | OpenFOAM: The Open Source CFD Toolbox
   \\    /   O peration     | Website:  https://openfoam.org
    \\  /    A nd           | Version:  12
     \\/     M anipulation  |
\*---------------------------------------------------------------------------*/
FoamFile
{
    format      ascii;
    class       volScalarField;
    location    "500";
    object      p;
}
// * * * * * * * * * * * * * * * * * * * * * * * * * * * * * * * * * * * * * //

dimensions      [0 2 -2 0 0 0 0];

internalField   nonuniform List<scalar> 
10720
(
-2191.91
-2460.21
-2767.46
-3029.58
-3222.88
-3401.01
-3523.5
-3590.92
-3629.44
-3628.34
-3594.11
-3534.36
-3453.26
-3354.84
-3242.37
-3116.16
-2980.52
-2832.74
-2676.32
-2508.48
-2332.56
-2147.24
-1958.57
-1769.31
-1586.88
-1421.65
-1270.44
-1124.44
-982.238
-843.905
-708.876
-576.615
-448.481
-326.929
-223.663
-141.175
-132.573
-176.382
-206.806
-1883.11
-1596.36
-1233.54
-852.893
-475.771
-118.693
198.876
454.718
640.823
765.053
836.828
867.155
871.908
859.651
832.885
798.485
760.384
719.364
676.092
630.921
584.198
535.632
485.38
434.1
385.04
340.613
299.696
261.963
227.599
196.847
169.644
145.778
124.947
106.862
91.0793
77.4189
65.6566
58.5111
56.2941
-1234.31
-1456.11
-1687.1
-1910.4
-2122.09
-2325.55
-2506.86
-2659.53
-2783.88
-2874.54
-2935.38
-2969.72
-2979.06
-2963.97
-2924.79
-2861.7
-2777.7
-2672.89
-2550.74
-2411.31
-2258.2
-2091.97
-1918.42
-1741.24
-1567.81
-1408.04
-1260.14
-1116.6
-976.365
-839.629
-705.77
-574.412
-446.922
-325.757
-222.794
-140.348
-132.245
-179.432
-209.271
-1024.96
-817.408
-596.335
-357.793
-115.872
120.243
337.469
521.302
663.809
764.713
827.179
856.94
863.355
852.52
828.5
796.753
760.508
720.865
678.614
634.277
588.222
540.377
490.967
440.731
392.293
347.761
306.512
268.331
233.451
202.13
174.337
149.888
128.509
109.929
93.7303
79.7545
67.7907
60.6223
57.8007
-1076.29
-1274.93
-1483.11
-1701.86
-1911.82
-2109
-2288.83
-2441.21
-2563.99
-2659.99
-2728.98
-2771.46
-2788.41
-2781.04
-2750.63
-2698.65
-2627.09
-2537.14
-2430.76
-2308.57
-2172.58
-2023.68
-1865.96
-1703.06
-1541.15
-1388.79
-1245.75
-1106.11
-968.841
-834.28
-702.036
-571.9
-445.28
-324.703
-221.984
-139.64
-131.744
-181.408
-211.724
-886.001
-684.174
-466.18
-240.062
-18.6444
192.049
381.888
541.013
665.152
754.599
811.75
841.043
849.4
841.427
820.73
791.685
757.293
719.047
677.884
634.43
589.105
542.007
493.394
443.992
395.962
351.316
309.911
271.568
236.502
204.954
176.912
152.21
130.59
111.789
95.4139
81.3214
69.331
62.1437
59.3396
-767.02
-934.958
-1116.61
-1305.03
-1491.54
-1673.93
-1846.37
-2003.85
-2142.93
-2262.94
-2361.76
-2437.22
-2488.02
-2514.23
-2516.05
-2494.47
-2450.61
-2385.88
-2301.85
-2199.92
-2082.02
-1949.95
-1807.37
-1658.27
-1508.04
-1363.84
-1226.64
-1091.99
-958.744
-827.303
-697.47
-569.154
-443.849
-324.164
-221.777
-139.76
-131.779
-181.899
-212.838
-610.284
-450.636
-279.636
-97.9082
81.9674
255.798
415.039
550.655
658.571
738.509
791.576
820.889
831.336
826.391
809.206
783.325
751.486
715.32
675.842
633.757
589.56
543.493
495.872
447.426
400.006
355.506
314.096
275.647
240.38
208.551
180.181
155.135
133.179
114.066
97.4304
83.1491
71.0654
63.8096
61.0124
-626.462
-778.007
-942.543
-1116.38
-1289.66
-1462.36
-1629.83
-1786.11
-1927.8
-2052.59
-2157.26
-2239.92
-2299.99
-2337.23
-2351.56
-2343.51
-2313.69
-2263.16
-2193.13
-2105.01
-2000.42
-1881.38
-1751.07
-1613.44
-1473.32
-1336.63
-1205.02
-1075.33
-946.394
-818.563
-691.748
-565.876
-442.421
-324.016
-222.141
-140.632
-132.404
-181.464
-212.215
-483.797
-338.804
-183.819
-21.5268
137.041
289.665
429.651
549.411
645.69
718.409
768.216
797.596
810.046
808.129
794.567
772.152
743.271
709.558
672.097
631.669
588.844
543.987
497.484
450.072
403.375
359.144
317.792
279.294
243.886
211.838
183.204
157.872
135.634
116.258
99.4042
84.97
72.8204
65.5184
62.7026
-493.336
-627.395
-774.824
-930.433
-1086.76
-1244.81
-1399.68
-1546.88
-1683.71
-1807.43
-1915.59
-2006.51
-2078.95
-2131.28
-2162.58
-2172.48
-2160.9
-2128.41
-2075.79
-2004.25
-1915.24
-1810.78
-1693.74
-1567.95
-1437.9
-1308.72
-1182.6
-1057.67
-932.933
-808.761
-685.177
-562.127
-440.987
-324.285
-223.134
-142.234
-133.396
-180.421
-209.949
-367.803
-241.512
-106.099
36.6048
175.97
310.702
435.035
542.101
629.026
695.801
742.871
772.242
786.405
787.31
777.228
758.343
732.664
701.726
666.624
628.18
587.027
543.625
498.425
452.179
406.343
362.541
321.369
282.918
247.441
215.224
186.353
160.748
138.228
118.581
101.498
86.8949
74.6645
67.286
64.4163
-403.364
-525.049
-659.466
-801.995
-945.289
-1091.61
-1236.59
-1376.09
-1508.1
-1629.86
-1738.91
-1833.36
-1911.14
-1970.51
-2010.5
-2030.45
-2030.07
-2009.58
-1969.43
-1910.57
-1834.23
-1742.23
-1637.13
-1522.39
-1402
-1280.32
-1159.8
-1039.58
-918.966
-798.406
-678.107
-558.08
-439.604
-325.027
-224.888
-144.688
-134.718
-179.002
-206.304
-289.418
-175.484
-53.2587
75.2697
200.33
321.403
433.575
530.6
609.966
671.748
716.479
745.679
761.167
764.588
757.726
742.28
719.895
691.931
659.438
623.239
584.007
542.274
498.547
453.593
408.748
365.527
324.658
286.345
250.87
218.536
189.468
163.619
140.838
120.935
103.631
88.8645
76.5535
69.0824
66.1363
-330.793
-441.222
-563.878
-693.948
-824.807
-959.36
-1093.43
-1223.44
-1347.91
-1464.32
-1570.39
-1664.39
-1744.44
-1809.01
-1856.72
-1886.41
-1897.25
-1888.93
-1861.47
-1815.48
-1751.9
-1672.34
-1579.11
-1475.35
-1364.63
-1250.72
-1136.17
-1020.9
-904.555
-787.666
-670.679
-553.787
-438.244
-326.192
-227.449
-148.088
-136.417
-177.174
-201.621
-227.426
-124.578
-13.9601
102.542
215.747
325.589
427.768
516.513
589.55
647.054
689.665
718.506
734.982
740.533
736.547
724.335
705.203
680.303
650.588
616.845
579.756
539.896
497.816
454.29
410.573
368.09
327.654
289.581
254.188
221.8
192.581
166.52
143.498
123.351
105.833
90.9013
78.5043
70.9193
67.8697
-275.22
-376.415
-489.181
-608.878
-729.189
-853.436
-977.848
-1099.15
-1216.36
-1327.2
-1429.63
-1522.17
-1603
-1670.36
-1722.74
-1758.75
-1777.29
-1777.89
-1760.29
-1724.8
-1672.09
-1603.54
-1521.11
-1427.61
-1326.16
-1219.98
-1111.56
-1001.44
-889.548
-776.497
-662.912
-549.223
-436.788
-327.607
-230.709
-152.413
-138.515
-174.858
-196.035
-180.494
-86.6137
14.5482
121.15
224.571
325.134
418.998
500.807
568.411
622.243
662.889
691.159
708.339
715.631
714.145
704.884
688.865
667.019
640.167
609.027
574.259
536.453
496.182
454.221
411.769
370.173
330.303
292.576
257.35
224.978
195.657
169.421
146.184
125.811
108.087
92.9932
80.5069
72.7894
69.6102
-230.867
-323.978
-428.019
-538.434
-649.286
-764.102
-879.356
-992.118
-1101.79
-1206.28
-1303.88
-1393.3
-1472.84
-1540.88
-1595.98
-1636.69
-1661.67
-1670.11
-1661.46
-1635.68
-1593.17
-1535
-1462.82
-1379.12
-1286.66
-1188.13
-1085.96
-981.118
-873.838
-764.792
-654.754
-544.355
-435.119
-329.056
-234.431
-157.494
-140.973
-172.001
-189.608
-143.661
-57.5223
35.5192
133.676
228.807
321.491
408.294
484.145
547.05
597.65
636.434
663.998
681.604
690.276
690.911
684.281
671.163
652.279
628.298
599.847
567.532
531.927
493.612
453.351
412.296
371.733
332.567
295.297
260.331
228.046
198.683
172.314
148.891
128.311
110.392
95.1403
82.5609
74.6924
71.3571
-195.447
-281.556
-377.975
-480.263
-582.762
-689.163
-796.143
-901.064
-1003.55
-1101.76
-1194.27
-1280.02
-1357.45
-1425.09
-1481.5
-1525.24
-1554.82
-1569.22
-1567.73
-1550.09
-1516.42
-1467.52
-1404.75
-1330.23
-1246.32
-1155.31
-1059.44
-959.972
-857.413
-752.512
-646.16
-539.154
-433.171
-330.359
-238.348
-163.044
-143.694
-168.591
-182.384
-114.744
-35.2432
50.8089
141.695
229.711
315.622
396.315
466.964
525.789
573.498
610.463
637.256
655.06
664.783
667.176
662.845
652.372
636.292
615.128
589.389
559.61
526.325
490.092
451.652
412.121
372.732
334.404
297.707
263.096
230.979
201.635
175.18
151.606
130.841
112.743
97.3371
84.6617
76.6255
73.1078
-166.759
-246.686
-336.338
-431.382
-526.422
-625.214
-724.617
-822.224
-917.863
-1009.88
-1097.1
-1178.67
-1253.21
-1319.41
-1375.89
-1421.31
-1454.2
-1473.35
-1477.87
-1467.32
-1441.53
-1401.07
-1346.98
-1281.05
-1205.3
-1121.63
-1032.06
-938.042
-840.298
-739.657
-637.115
-533.613
-430.932
-331.4
-242.233
-168.759
-146.522
-164.672
-174.381
-91.7747
-18.0842
61.8642
146.39
228.213
308.217
383.545
449.613
504.828
549.907
585.138
611.104
628.911
639.398
643.222
640.862
632.754
619.279
600.816
577.76
550.553
519.667
485.615
449.106
411.217
373.134
335.777
299.769
265.614
233.749
204.491
178.002
154.315
133.393
115.131
99.5791
86.8054
78.5859
74.8601
-143.352
-217.809
-301.419
-389.991
-478.355
-570.287
-662.807
-753.681
-842.922
-929.052
-1011.05
-1088.29
-1159.54
-1223.68
-1279.44
-1325.54
-1360.61
-1383.29
-1392.6
-1387.94
-1368.97
-1335.99
-1289.79
-1231.82
-1163.78
-1087.22
-1003.9
-915.369
-822.514
-726.236
-627.616
-527.725
-428.416
-332.141
-245.9
-174.415
-149.301
-160.323
-165.679
-73.4528
-4.86472
69.6836
148.599
224.963
299.764
370.329
432.321
484.307
526.96
560.547
585.64
603.299
614.316
619.274
618.578
612.551
601.452
585.537
565.084
540.436
511.987
480.19
445.706
409.564
372.91
336.65
301.449
267.852
236.327
207.228
180.762
157.004
135.955
117.549
101.86
88.9868
80.5705
76.6117
-124.104
-193.672
-271.845
-354.586
-436.935
-522.655
-608.907
-693.589
-776.879
-857.426
-934.361
-1007.22
-1074.95
-1136.57
-1190.98
-1236.96
-1273.26
-1298.49
-1311.59
-1311.85
-1298.77
-1272.42
-1233.34
-1182.71
-1121.92
-1052.19
-975.034
-891.995
-804.081
-712.253
-617.657
-521.475
-425.623
-332.598
-249.221
-179.848
-151.94
-155.646
-156.456
-58.7488
5.28814
75.038
148.942
220.454
290.608
356.897
415.25
464.311
504.718
536.746
560.944
578.335
589.68
595.517
596.199
591.976
583.013
569.462
551.494
529.352
503.341
473.844
441.455
407.152
372.036
336.994
302.714
269.778
238.683
209.82
183.438
159.656
138.516
119.988
104.174
91.2003
82.5757
78.36
-108.179
-173.337
-246.595
-324.059
-400.974
-481.057
-561.579
-640.594
-718.362
-793.653
-865.749
-934.312
-998.435
-1057.3
-1109.92
-1155.2
-1191.98
-1218.95
-1234.95
-1239.2
-1231.11
-1210.55
-1177.86
-1133.94
-1079.9
-1016.68
-945.552
-867.974
-785.025
-697.713
-607.229
-514.845
-422.528
-332.784
-252.154
-184.905
-154.421
-150.793
-146.971
-46.9088
13.046
78.4777
147.881
215.037
281.009
343.442
398.5
444.893
483.209
513.757
537.048
554.083
565.596
572.092
573.902
571.221
564.151
552.761
537.128
517.402
493.798
466.614
436.368
403.977
370.494
336.78
303.533
271.361
240.789
212.242
186.01
162.256
141.061
122.439
106.513
93.4396
84.5975
80.1026
-94.9216
-156.073
-224.869
-297.534
-369.519
-444.452
-519.733
-593.545
-666.204
-736.585
-804.098
-868.507
-929.028
-984.983
-1035.53
-1079.67
-1116.33
-1144.36
-1162.5
-1169.95
-1166.05
-1150.52
-1123.5
-1085.66
-1037.88
-980.836
-915.547
-843.364
-765.381
-682.629
-596.328
-507.817
-419.1
-332.679
-254.714
-189.463
-156.733
-145.966
-137.5
-37.3542
18.917
80.4427
145.768
208.986
271.165
330.097
382.151
426.086
462.461
491.601
513.986
530.593
542.139
549.113
551.826
550.45
545.034
535.594
522.129
504.701
483.437
458.549
430.471
400.046
368.277
335.989
303.878
272.571
242.616
214.468
188.455
164.784
143.577
124.888
108.867
95.6973
86.6311
81.8368
-83.8241
-141.33
-206.05
-274.325
-341.815
-412.033
-482.519
-551.542
-619.477
-685.297
-748.494
-808.917
-865.913
-918.912
-967.206
-1009.9
-1046
-1074.51
-1094.15
-1104.11
-1103.67
-1092.45
-1070.43
-1038.06
-996.034
-944.796
-885.13
-818.237
-745.189
-667.017
-584.952
-500.377
-415.31
-332.245
-256.913
-193.473
-158.83
-141.389
-128.289
-29.634
23.2932
81.2605
142.868
202.506
261.214
316.95
366.253
407.904
442.474
470.27
491.755
507.887
519.365
526.661
530.087
529.798
525.817
518.114
506.634
491.364
472.349
449.713
423.8
395.375
365.382
334.605
303.726
273.381
244.136
216.47
190.748
167.221
146.048
127.325
111.228
97.9655
88.6712
83.56
-74.4885
-128.659
-189.627
-253.886
-317.248
-383.153
-449.225
-513.844
-577.411
-638.987
-698.132
-754.782
-808.365
-858.43
-904.366
-945.393
-980.603
-1009.13
-1029.75
-1041.61
-1043.99
-1036.43
-1018.76
-991.298
-954.525
-908.709
-854.412
-792.67
-724.496
-650.902
-573.106
-492.512
-411.133
-331.44
-258.737
-196.945
-160.635
-137.244
-119.555
-23.393
26.4787
81.1876
139.389
195.745
251.271
304.068
350.827
390.36
423.239
449.759
470.361
485.984
497.31
504.804
508.777
509.382
506.629
500.459
490.777
477.511
460.629
440.176
416.402
389.989
361.816
332.62
303.06
273.768
245.322
218.223
192.868
169.545
148.455
129.734
113.583
100.235
90.7119
85.2694
-66.5985
-117.699
-175.215
-235.767
-295.344
-357.271
-419.28
-479.831
-539.367
-596.999
-652.358
-705.44
-755.758
-802.941
-846.488
-885.709
-919.797
-947.983
-969.143
-982.393
-987.017
-982.514
-968.624
-945.507
-913.497
-872.71
-823.506
-766.746
-703.358
-634.311
-560.796
-484.214
-406.548
-330.228
-260.153
-199.91
-162.1
-133.634
-111.509
-18.3492
28.7151
80.4258
135.492
188.821
241.415
291.496
335.896
373.451
404.743
430.046
449.786
464.878
475.99
483.58
487.965
489.297
487.583
482.754
474.683
463.254
448.375
430.013
408.331
383.924
357.596
330.034
301.864
273.709
246.149
219.701
194.788
171.735
150.781
132.101
115.92
102.497
92.7466
86.9617
-59.899
-108.165
-162.491
-219.617
-275.7
-333.959
-392.212
-449.012
-504.812
-558.781
-610.601
-660.324
-707.528
-751.921
-793.088
-830.43
-863.231
-890.797
-912.137
-926.344
-932.724
-930.753
-920.1
-900.809
-873.092
-836.937
-792.529
-740.554
-681.835
-617.28
-548.034
-475.475
-401.538
-328.582
-261.125
-202.389
-163.222
-130.578
-104.333
-14.2823
30.1943
79.1353
131.303
181.832
231.706
279.266
321.467
357.174
386.972
411.121
430.02
444.567
455.419
463.024
467.705
469.618
468.775
465.105
458.466
448.707
435.686
419.308
399.653
377.221
352.744
326.852
300.133
273.189
246.597
220.88
196.486
173.77
153.007
134.409
118.227
104.74
94.7678
88.6335
-54.1884
-99.8258
-151.189
-205.14
-257.992
-312.853
-367.634
-420.962
-473.299
-523.864
-572.39
-618.96
-663.217
-704.928
-743.755
-779.187
-810.589
-837.324
-858.552
-873.361
-881.073
-881.167
-873.262
-857.314
-833.44
-801.522
-761.597
-714.187
-659.993
-599.849
-534.838
-466.295
-396.085
-326.478
-261.622
-204.387
-164.028
-128.037
-98.1345
-11.0092
31.0691
77.4413
126.916
174.845
222.194
267.403
307.549
341.525
369.911
392.957
411.046
425.044
435.599
443.154
448.032
450.403
450.284
447.608
442.228
433.972
422.664
408.149
390.433
369.929
347.29
323.088
297.866
272.197
246.645
221.738
197.937
175.626
155.111
136.641
120.488
106.952
96.7675
90.2809
-49.2971
-92.4904
-141.098
-192.094
-241.949
-293.659
-345.218
-395.327
-444.443
-491.848
-537.302
-580.923
-622.398
-661.549
-698.109
-731.627
-761.562
-787.322
-808.207
-823.318
-832.005
-833.754
-828.16
-815.109
-794.65
-766.585
-730.824
-687.738
-637.9
-582.063
-521.23
-456.674
-390.178
-323.899
-261.623
-205.9
-164.552
-125.951
-92.9215
-8.38663
31.4637
75.4432
122.408
167.912
212.912
255.921
294.133
326.485
353.539
375.536
392.838
406.29
416.524
423.975
428.975
431.698
432.174
430.344
426.064
419.15
409.4
396.618
380.743
362.103
341.272
318.762
295.068
270.725
246.28
222.254
199.12
177.281
157.074
138.778
122.689
109.122
98.7368
91.8998
-45.087
-86.0051
-132.038
-180.28
-227.353
-276.126
-324.692
-371.81
-417.939
-462.397
-504.988
-545.846
-584.702
-621.424
-655.797
-687.435
-715.868
-740.558
-760.916
-776.087
-785.447
-788.495
-784.824
-774.271
-756.823
-732.236
-700.317
-661.299
-615.632
-563.972
-507.237
-446.623
-383.809
-320.828
-261.114
-206.927
-164.823
-124.262
-88.644
-6.29781
31.4806
73.2261
117.843
161.081
203.883
244.828
281.22
312.039
337.835
358.832
375.376
388.29
398.188
405.496
410.551
413.537
414.495
413.379
410.051
404.326
395.985
384.802
370.659
353.804
334.735
313.903
291.75
268.772
245.49
222.412
200.013
178.714
158.874
140.802
124.812
111.236
100.666
93.4851
-41.4475
-80.2388
-123.865
-169.532
-214.009
-260.047
-305.826
-350.161
-393.507
-435.229
-475.15
-513.425
-549.817
-584.235
-616.513
-646.318
-673.245
-696.804
-716.494
-731.536
-741.318
-745.361
-743.267
-734.845
-720.039
-698.574
-670.18
-634.966
-593.266
-545.631
-492.893
-436.149
-376.974
-317.257
-260.086
-207.471
-164.86
-122.911
-85.2293
-4.64253
31.1971
70.8521
113.27
154.386
195.121
234.124
268.8
298.177
322.78
342.824
358.638
371.021
380.571
387.708
392.769
395.944
397.288
396.768
394.259
389.579
382.503
372.783
360.254
345.094
327.727
308.542
287.931
266.344
244.268
222.196
200.599
179.903
160.49
142.693
126.841
113.28
102.545
95.0314
-38.2876
-75.0833
-116.454
-159.71
-201.76
-245.246
-288.421
-330.161
-370.917
-410.087
-447.518
-483.375
-517.458
-549.706
-579.984
-608.017
-633.449
-655.849
-674.773
-689.531
-699.529
-704.308
-703.492
-696.873
-684.37
-665.691
-640.509
-608.827
-570.875
-527.101
-478.231
-425.278
-369.678
-313.179
-258.539
-207.535
-164.678
-121.846
-82.602
-3.34258
30.6829
68.3742
108.725
147.845
186.637
223.812
256.87
284.881
308.351
327.486
342.6
354.466
363.664
370.605
375.631
378.934
380.583
380.556
378.746
374.979
369.029
360.636
349.602
336.038
320.3
302.72
283.635
263.45
242.615
221.598
200.859
180.83
161.903
144.431
128.758
115.239
104.363
96.5327
-35.5288
-70.4502
-109.704
-150.698
-190.475
-231.572
-272.315
-311.633
-349.971
-386.76
-421.868
-455.466
-487.381
-517.582
-545.963
-572.29
-596.259
-617.491
-635.58
-649.937
-659.98
-665.282
-665.485
-660.381
-649.874
-633.664
-611.39
-582.969
-548.535
-508.435
-463.3
-414.028
-361.929
-308.598
-256.471
-207.13
-164.284
-121.017
-80.6832
-2.33125
29.9901
65.835
104.238
141.48
178.441
213.886
245.415
272.133
294.529
312.797
327.238
338.601
347.447
354.178
359.134
362.515
364.397
364.776
363.559
360.584
355.63
348.433
338.771
326.699
312.508
296.477
278.89
260.106
240.533
220.611
200.782
181.477
163.092
145.996
130.545
117.1
106.108
97.9821
-33.1061
-66.2668
-103.525
-142.395
-180.04
-218.898
-257.364
-294.417
-330.496
-365.06
-398
-429.486
-459.373
-487.647
-514.232
-538.928
-561.474
-581.541
-598.755
-612.623
-622.574
-628.219
-629.22
-625.373
-616.583
-602.554
-582.902
-557.474
-526.321
-489.7
-448.14
-402.433
-353.744
-303.517
-253.895
-206.269
-163.684
-120.378
-79.3949
-1.55447
29.1635
63.2677
99.8359
135.304
170.535
204.344
234.424
259.916
281.291
298.732
312.529
323.402
331.898
338.411
343.272
346.69
348.748
349.456
348.738
346.444
342.366
336.242
327.831
317.142
304.41
289.86
273.731
256.333
238.031
219.232
200.358
181.827
164.039
147.37
132.184
118.845
107.768
99.372
-30.9664
-62.4666
-97.8476
-134.714
-170.358
-207.113
-243.444
-278.381
-312.344
-344.831
-375.743
-405.257
-433.242
-459.707
-484.594
-507.734
-528.909
-547.827
-564.148
-577.459
-587.215
-593.051
-594.665
-591.854
-584.531
-572.416
-555.111
-532.416
-504.306
-470.959
-432.803
-390.522
-345.145
-297.954
-250.818
-204.967
-162.888
-119.884
-78.6611
-0.968186
28.2395
60.7015
95.5337
129.326
162.922
195.179
223.884
248.213
268.617
285.271
298.45
308.851
317.002
323.288
328.037
331.457
333.643
334.616
334.312
332.602
329.291
324.121
316.843
307.429
296.06
282.917
268.195
252.156
235.122
217.466
199.58
181.869
164.728
148.534
133.656
120.461
109.33
100.694
-29.0654
-58.9985
-92.6066
-127.585
-161.347
-196.127
-230.451
-263.403
-295.388
-325.931
-354.945
-382.615
-408.82
-433.584
-456.87
-478.537
-498.395
-516.191
-531.614
-544.321
-553.798
-559.706
-561.771
-559.809
-553.734
-543.288
-528.078
-507.861
-482.559
-452.274
-417.342
-378.34
-336.158
-291.928
-247.26
-203.24
-161.893
-119.492
-78.403
-0.533634
27.248
58.1569
91.345
123.553
155.598
186.384
213.783
237.005
256.486
272.39
284.977
294.924
302.739
308.793
313.414
316.81
319.083
320.264
320.305
319.094
316.447
312.121
305.864
297.616
287.514
275.698
262.322
247.604
231.825
215.317
198.446
181.592
165.142
149.471
134.945
121.93
110.782
101.939
-27.3649
-55.8175
-87.7492
-120.946
-152.935
-185.854
-218.294
-249.381
-279.511
-308.234
-335.474
-361.415
-385.955
-409.124
-430.903
-451.173
-469.773
-486.48
-501.016
-513.091
-522.228
-528.112
-530.497
-529.216
-524.195
-515.201
-501.849
-483.87
-461.143
-433.706
-401.809
-365.928
-326.82
-285.465
-243.243
-201.107
-160.705
-119.161
-78.5396
-0.220068
26.2126
55.6512
87.2825
117.99
148.561
177.949
204.106
226.277
244.878
260.066
272.089
281.596
289.084
294.908
299.392
302.744
305.068
306.41
306.735
305.944
303.872
300.289
294.947
287.759
278.825
268.251
256.154
242.711
228.162
212.8
196.957
180.991
165.272
150.166
136.034
123.238
112.111
103.098
-25.8332
-52.8848
-83.2311
-114.744
-145.061
-176.226
-206.893
-236.229
-264.618
-291.635
-317.214
-341.537
-364.517
-386.19
-406.551
-425.501
-442.904
-458.563
-472.226
-483.655
-492.406
-498.19
-500.788
-500.048
-495.912
-488.172
-476.46
-460.496
-440.119
-415.315
-386.261
-353.333
-317.167
-278.597
-238.793
-198.588
-159.325
-118.856
-78.9945
-0.00203426
25.1544
53.1982
83.3526
112.635
141.807
169.865
194.843
216.013
233.776
248.279
259.762
268.848
276.017
281.613
285.953
289.243
291.593
293.056
293.611
293.174
291.596
288.665
284.136
277.907
270.045
260.625
249.734
237.511
224.157
209.927
195.119
180.062
165.106
150.604
136.908
124.369
113.304
104.161
-24.4432
-50.1684
-79.0128
-108.932
-137.671
-167.182
-196.178
-223.869
-250.624
-276.041
-300.064
-322.871
-344.388
-364.658
-383.687
-401.393
-417.658
-432.313
-445.13
-455.907
-464.242
-469.869
-472.586
-472.268
-468.872
-462.211
-451.943
-437.78
-419.538
-397.158
-370.751
-340.607
-307.242
-271.361
-233.939
-195.706
-157.752
-118.54
-79.6901
0.141533
24.0891
50.8097
79.5598
107.49
135.331
162.122
185.978
206.193
223.158
237.011
247.977
256.66
263.519
268.89
273.081
276.297
278.651
280.202
280.942
280.8
279.645
277.281
273.474
268.107
261.221
252.868
243.105
232.042
219.841
206.72
192.942
178.806
164.639
150.775
137.552
125.311
114.347
105.118
-23.1733
-47.6407
-75.0609
-103.472
-130.719
-158.668
-186.089
-212.23
-237.449
-261.364
-283.928
-305.317
-325.464
-344.42
-362.197
-378.73
-393.917
-407.614
-419.615
-429.744
-437.644
-443.067
-445.835
-445.841
-443.056
-437.322
-428.317
-415.759
-399.448
-379.289
-355.336
-327.8
-297.095
-263.797
-228.715
-192.481
-155.986
-118.183
-80.5506
0.229085
23.0295
48.4929
75.9087
102.553
129.127
154.713
177.497
196.805
213.009
226.239
236.712
245.007
251.569
256.719
260.76
263.892
266.231
267.843
268.729
268.832
268.037
266.164
262.993
258.398
252.398
245.024
236.312
226.341
215.243
203.199
190.438
177.228
163.867
150.67
137.955
126.049
115.229
105.958
-22.0045
-45.2779
-71.3469
-98.3279
-124.164
-150.638
-176.571
-201.253
-225.026
-247.53
-268.727
-288.785
-307.648
-325.373
-341.977
-357.407
-371.577
-384.362
-395.579
-405.07
-412.527
-417.713
-420.473
-420.72
-418.439
-413.497
-405.597
-394.464
-379.89
-361.755
-340.066
-314.966
-286.771
-255.949
-223.157
-188.941
-154.023
-117.754
-81.508
0.275173
21.9864
46.2544
72.4008
97.8212
123.189
147.624
169.389
187.83
203.308
215.944
225.947
233.87
240.145
245.08
248.97
252.011
254.322
255.972
256.971
257.275
256.784
255.336
252.724
248.817
243.616
237.135
229.394
220.448
210.396
199.39
187.625
175.336
162.791
150.282
138.107
126.572
115.938
106.672
-20.9201
-43.0604
-67.8462
-93.4712
-117.972
-143.05
-167.58
-190.886
-213.298
-234.477
-254.388
-273.2
-290.862
-307.431
-322.934
-337.327
-350.538
-362.458
-372.925
-381.797
-388.807
-393.735
-396.443
-396.863
-394.993
-390.725
-383.786
-373.915
-360.899
-344.602
-324.992
-302.155
-276.322
-247.864
-217.304
-185.108
-151.866
-117.227
-82.4971
0.291607
20.9676
44.0986
69.0358
93.2905
117.508
140.847
161.638
179.253
194.038
206.109
215.66
223.23
229.229
233.955
237.694
240.641
242.912
244.58
245.665
246.133
245.898
244.814
242.69
239.394
234.909
229.241
222.392
214.399
205.335
195.321
184.522
173.141
161.416
149.611
138.001
126.871
116.464
107.248
-19.9078
-40.9707
-64.5376
-88.8755
-112.111
-135.869
-159.071
-181.08
-202.211
-222.142
-240.848
-258.49
-275.024
-290.512
-304.985
-318.405
-330.712
-341.812
-351.565
-359.839
-366.407
-371.061
-373.684
-374.22
-372.684
-368.987
-362.884
-354.126
-342.504
-327.869
-310.162
-289.419
-265.801
-239.588
-211.195
-181.008
-149.515
-116.578
-83.4603
0.288618
19.9804
42.0283
65.8139
88.9577
112.078
134.371
154.232
171.059
185.183
196.714
205.836
213.065
218.799
223.324
226.915
229.764
231.985
233.657
234.806
235.404
235.382
234.611
232.912
230.154
226.311
221.377
215.343
208.231
200.092
191.02
181.151
170.657
159.747
148.656
137.632
126.938
116.797
107.677
-18.9561
-38.9944
-61.4029
-84.5186
-106.554
-129.062
-151.01
-171.794
-191.718
-210.476
-228.048
-244.593
-260.07
-274.545
-288.05
-300.557
-312.016
-322.344
-331.418
-339.12
-345.253
-349.625
-352.136
-352.746
-351.478
-348.265
-342.885
-335.106
-324.727
-311.592
-295.62
-276.807
-255.255
-231.171
-204.868
-176.669
-146.969
-115.786
-84.3465
0.274355
19.0292
40.0457
62.7329
84.8175
106.891
128.185
147.159
163.234
176.725
187.741
196.453
203.359
208.838
213.167
216.614
219.362
221.529
223.192
224.383
225.086
225.241
224.736
223.405
221.12
217.848
213.573
208.282
201.98
194.701
186.517
177.536
167.903
157.796
147.42
136.998
126.767
116.928
107.951
-18.0553
-37.1187
-58.4257
-80.3798
-101.279
-122.601
-143.364
-162.99
-181.774
-199.429
-215.937
-231.451
-245.938
-259.464
-272.063
-283.714
-294.375
-303.976
-312.407
-319.562
-325.274
-329.362
-331.743
-332.39
-331.336
-328.531
-323.777
-316.86
-307.585
-295.799
-281.403
-264.365
-244.735
-222.657
-198.365
-172.118
-144.234
-114.834
-85.1113
0.25455
18.1182
38.1506
59.7906
80.8648
101.94
122.278
140.405
155.761
168.651
179.173
187.494
194.09
199.326
203.467
206.772
209.42
211.526
213.171
214.389
215.173
215.474
215.192
214.18
212.311
209.543
205.86
201.239
195.678
189.194
181.842
173.704
164.898
155.575
145.911
136.101
126.355
116.853
108.06
-17.1977
-35.3337
-55.5917
-76.4421
-96.2624
-116.461
-136.101
-154.635
-172.345
-188.96
-204.467
-219.014
-232.573
-245.21
-256.96
-267.809
-277.723
-286.64
-294.464
-301.099
-306.403
-310.21
-312.449
-313.104
-312.219
-309.759
-305.546
-299.384
-291.091
-280.515
-267.548
-252.134
-234.287
-214.095
-191.725
-167.38
-141.316
-113.707
-85.7189
0.235235
17.2493
36.3438
56.984
77.0939
97.2144
116.641
133.958
148.628
160.942
170.994
178.941
185.241
190.244
194.204
197.371
199.92
201.962
203.58
204.812
205.658
206.076
205.984
205.246
203.738
201.417
198.26
194.244
189.356
183.604
177.025
169.68
161.664
153.101
144.139
134.944
125.701
116.567
107.998
-16.3771
-33.6296
-52.8898
-72.6903
-91.4866
-110.62
-129.197
-146.698
-163.395
-179.031
-193.596
-207.235
-219.924
-231.727
-242.684
-252.782
-261.996
-270.27
-277.522
-283.665
-288.578
-292.11
-294.199
-294.842
-294.088
-291.918
-288.172
-282.673
-275.251
-265.759
-254.083
-240.154
-223.952
-205.527
-184.986
-162.484
-138.22
-112.396
-86.1389
0.220158
16.4249
34.6243
54.3108
73.4994
92.7084
111.263
127.806
141.821
153.585
163.187
170.778
176.795
181.575
185.361
188.395
190.845
192.821
194.406
195.641
196.531
197.045
197.112
196.606
195.413
193.484
190.796
187.321
183.043
177.96
172.095
165.492
158.225
150.392
142.116
133.535
124.807
116.066
107.759
-15.5879
-31.999
-50.3088
-69.1109
-86.9352
-105.059
-122.628
-139.153
-154.893
-169.606
-183.286
-196.073
-207.945
-218.968
-229.181
-238.577
-247.134
-254.807
-261.522
-267.201
-271.741
-275.005
-276.942
-277.555
-276.904
-274.977
-271.635
-266.717
-260.067
-251.543
-241.034
-228.457
-213.772
-196.994
-178.185
-157.456
-134.957
-110.893
-86.3482
0.212798
15.6454
32.9913
51.7665
70.0756
88.4126
106.135
121.938
135.326
146.564
155.738
162.988
168.735
173.302
176.921
179.825
182.178
184.088
185.635
186.864
187.784
188.374
188.571
188.265
187.344
185.759
183.484
180.492
176.764
172.289
167.08
161.168
154.605
147.469
139.857
131.883
123.678
115.352
107.339
-14.8259
-30.4349
-47.8398
-65.692
-82.5928
-99.7577
-116.372
-131.975
-146.811
-160.655
-173.503
-185.488
-196.595
-206.886
-216.404
-225.143
-233.086
-240.196
-246.407
-251.649
-255.836
-258.841
-260.626
-261.199
-260.626
-258.904
-255.912
-251.503
-245.536
-237.879
-228.42
-217.073
-203.782
-188.533
-171.357
-152.323
-131.54
-109.197
-86.3313
0.215157
14.9117
31.4421
49.3476
66.8158
84.3199
101.245
116.341
129.13
139.866
148.63
155.555
161.044
165.407
168.866
171.646
173.904
175.745
177.251
178.466
179.406
180.054
180.359
180.221
179.535
178.249
176.339
173.777
170.541
166.617
162.008
156.733
150.828
144.352
137.38
130.001
122.32
114.426
106.736
-14.0872
-28.9323
-45.4744
-62.423
-78.4457
-94.7016
-110.412
-125.142
-139.125
-152.148
-164.212
-175.446
-185.834
-195.441
-204.308
-212.433
-219.803
-226.387
-232.125
-236.958
-240.811
-243.57
-245.203
-245.729
-245.214
-243.665
-240.976
-237.015
-231.653
-224.769
-216.256
-206.026
-194.011
-180.18
-164.534
-147.111
-127.98
-107.31
-86.0778
0.22896
14.2234
29.9753
47.0498
63.7147
80.4224
96.5855
111.004
123.22
133.477
141.849
148.464
153.707
157.874
161.181
163.84
166.005
167.779
169.24
170.437
171.386
172.077
172.469
172.474
171.989
170.964
169.373
167.192
164.395
160.967
156.904
152.213
146.92
141.065
134.703
127.902
120.744
113.293
105.95
-13.3692
-27.4858
-43.2061
-59.2944
-74.4834
-89.8757
-104.729
-118.632
-131.81
-144.061
-155.387
-165.913
-175.629
-184.595
-192.853
-200.403
-207.239
-213.331
-218.629
-223.077
-226.616
-229.141
-230.628
-231.101
-230.63
-229.227
-226.801
-223.234
-218.409
-212.216
-204.554
-195.335
-184.486
-171.964
-157.745
-141.844
-124.294
-105.234
-85.5829
0.255588
13.5799
28.5887
44.8684
60.7654
76.7113
92.1452
105.916
117.585
127.383
135.381
141.699
146.707
150.688
153.847
156.391
158.466
160.173
161.588
162.76
163.711
164.434
164.896
165.019
164.706
163.906
162.595
160.749
158.344
155.361
151.79
147.634
142.905
137.63
131.847
125.604
118.96
111.959
104.981
-12.6694
-26.0915
-41.0286
-56.2978
-70.6946
-85.2666
-99.3082
-112.429
-124.846
-136.368
-147
-156.862
-165.946
-174.311
-182.001
-189.015
-195.352
-200.984
-205.871
-209.961
-213.206
-215.51
-216.856
-217.274
-216.835
-215.557
-213.361
-210.14
-205.792
-200.216
-193.319
-185.015
-175.23
-163.911
-151.019
-136.546
-120.498
-102.98
-84.8471
0.295617
12.9802
27.2792
42.7996
57.9625
73.18
87.9161
101.068
112.213
121.572
129.212
135.247
140.03
143.833
146.851
149.284
151.272
152.912
154.28
155.425
156.37
157.114
157.632
157.852
157.685
157.08
156.012
154.461
152.402
149.815
146.689
143.018
138.807
134.071
128.833
123.123
116.982
110.433
103.834
-11.9861
-24.7458
-38.9364
-53.4257
-67.0692
-80.8624
-94.1338
-106.515
-118.212
-129.047
-139.026
-148.264
-156.756
-164.559
-171.717
-178.231
-184.102
-189.307
-193.81
-197.566
-200.536
-202.633
-203.846
-204.208
-203.792
-202.621
-200.626
-197.712
-193.787
-188.762
-182.552
-175.076
-166.259
-156.044
-144.38
-131.241
-116.609
-100.558
-83.8759
0.349182
12.4233
26.0441
40.8388
55.2994
69.8199
83.8885
96.4477
107.092
116.032
123.329
129.093
133.661
137.294
140.178
142.504
144.408
145.981
147.301
148.416
149.35
150.107
150.667
150.968
150.924
150.485
149.629
148.335
146.582
144.348
141.619
138.387
134.649
130.411
125.683
120.48
114.825
108.725
102.514
-11.3179
-23.4459
-36.925
-50.6715
-63.5988
-76.6527
-89.1936
-100.874
-111.892
-122.078
-131.442
-140.094
-148.031
-155.309
-161.968
-168.016
-173.453
-178.261
-182.407
-185.853
-188.566
-190.469
-191.556
-191.863
-191.465
-190.387
-188.567
-185.925
-182.378
-177.846
-172.254
-165.525
-157.587
-148.38
-137.848
-125.949
-112.646
-97.9803
-82.6779
0.416437
11.9076
24.8807
38.9814
52.7704
66.6245
80.0537
92.0461
102.211
110.749
117.719
123.225
127.588
131.058
133.813
136.036
137.858
139.367
140.639
141.721
142.641
143.403
143.994
144.359
144.419
144.122
143.448
142.379
140.894
138.972
136.599
133.762
130.453
126.671
122.417
117.693
112.506
106.848
101.028
-10.6637
-22.1892
-34.9898
-48.0292
-60.2754
-72.6271
-84.4755
-95.4933
-105.868
-115.443
-124.228
-132.329
-139.745
-146.531
-152.726
-158.339
-163.371
-167.809
-171.624
-174.782
-177.257
-178.98
-179.949
-180.204
-179.818
-178.82
-177.157
-174.756
-171.546
-167.456
-162.419
-156.363
-149.223
-140.936
-131.442
-120.69
-108.626
-95.2636
-81.2652
0.496984
11.4316
23.7856
37.2228
50.3697
63.586
76.4036
87.8533
97.5593
105.714
112.371
117.629
121.796
125.11
127.741
129.866
131.609
133.056
134.28
135.328
136.228
136.989
137.602
138.02
138.164
137.988
137.471
136.597
135.347
133.701
131.643
129.16
126.239
122.875
119.058
114.783
110.042
104.814
99.385
-10.0227
-20.9735
-33.1274
-45.4932
-57.0917
-68.7762
-79.968
-90.3579
-100.125
-109.123
-117.364
-124.947
-131.874
-138.2
-143.961
-149.168
-153.825
-157.919
-161.426
-164.318
-166.572
-168.128
-168.988
-169.194
-168.818
-167.89
-166.365
-164.18
-161.271
-157.578
-153.039
-147.591
-141.172
-133.722
-125.179
-115.483
-104.568
-92.4238
-79.6523
0.590259
10.9935
22.7559
35.5589
48.0914
60.6977
72.9298
83.8598
93.1268
100.914
107.272
112.293
116.272
119.437
121.951
123.981
125.647
127.033
128.209
129.222
130.101
130.856
131.484
131.941
132.156
132.081
131.698
130.993
129.947
128.544
126.765
124.597
122.026
119.041
115.627
111.77
107.452
102.639
97.5965
-9.39443
-19.7971
-31.3342
-43.0587
-54.0412
-65.0919
-75.6604
-85.4559
-94.6495
-103.103
-110.83
-117.927
-124.397
-130.291
-135.648
-140.477
-144.784
-148.558
-151.781
-154.426
-156.476
-157.878
-158.637
-158.797
-158.43
-157.565
-156.164
-154.171
-151.533
-148.195
-144.104
-139.204
-133.438
-126.747
-119.07
-110.343
-100.489
-89.4788
-77.8562
0.695572
10.5914
21.7887
33.985
45.9297
57.9524
69.6237
80.0567
88.9036
96.339
102.41
107.205
111.005
114.028
116.428
118.367
119.96
121.287
122.416
123.393
124.248
124.993
125.627
126.115
126.387
126.397
126.129
125.569
124.701
123.509
121.977
120.09
117.832
115.189
112.143
108.673
104.753
100.339
95.6736
-8.77867
-18.6585
-29.6075
-40.721
-51.1177
-61.5661
-71.5434
-80.7762
-89.4272
-97.3675
-104.611
-111.252
-117.292
-122.783
-127.761
-132.238
-136.219
-139.698
-142.657
-145.075
-146.937
-148.197
-148.864
-148.982
-148.622
-147.814
-146.524
-144.705
-142.309
-139.291
-135.604
-131.197
-126.019
-120.016
-113.126
-105.284
-96.4072
-86.4463
-75.8952
0.812229
10.2232
20.8806
32.4968
43.8794
55.3436
66.4782
76.4352
84.8801
91.9789
97.7762
102.355
105.983
108.869
111.161
113.013
114.535
115.805
116.887
117.828
118.657
119.388
120.025
120.534
120.852
120.932
120.76
120.325
119.611
118.604
117.289
115.649
113.671
111.337
108.626
105.512
101.964
97.9293
93.6297
-8.17529
-17.5563
-27.9447
-38.4762
-48.3155
-58.1918
-67.6083
-76.3079
-84.4456
-91.9013
-98.6903
-104.901
-110.539
-115.652
-120.278
-124.426
-128.106
-131.31
-134.026
-136.233
-137.922
-139.054
-139.637
-139.717
-139.363
-138.607
-137.418
-135.755
-133.578
-130.848
-127.523
-123.56
-118.913
-113.532
-107.356
-100.32
-92.337
-83.3447
-73.788
0.939021
9.88722
20.0287
31.0901
41.9348
52.8649
63.4856
72.9869
81.0469
87.8234
93.3585
97.73
101.194
103.95
106.138
107.906
109.36
110.574
111.611
112.515
113.317
114.033
114.666
115.19
115.543
115.682
115.591
115.261
114.68
113.834
112.708
111.288
109.558
107.501
105.093
102.306
99.1033
95.4268
91.4785
-7.58431
-16.4894
-26.3432
-36.3204
-45.6297
-54.9623
-63.8465
-72.041
-79.6936
-86.6919
-93.0522
-98.8593
-104.12
-108.88
-113.176
-117.019
-120.418
-123.368
-125.859
-127.873
-129.404
-130.417
-130.924
-130.97
-130.623
-129.915
-128.817
-127.296
-125.317
-122.845
-119.847
-116.285
-112.116
-107.295
-101.765
-95.4614
-88.2938
-80.1911
-71.5541
1.07513
9.58126
19.2299
29.7609
40.0911
50.5099
60.6386
69.7038
77.3951
83.8632
89.1475
93.321
96.6284
99.2591
101.348
103.036
104.424
105.584
106.576
107.445
108.219
108.916
109.542
110.074
110.455
110.64
110.617
110.377
109.911
109.203
108.243
107.016
105.506
103.695
101.562
99.0724
96.1885
92.8479
89.2343
-7.00584
-15.457
-24.801
-34.2503
-43.0552
-51.8709
-60.2503
-67.9661
-75.1599
-81.7262
-87.6827
-93.1103
-98.0166
-102.447
-106.435
-109.994
-113.132
-115.847
-118.13
-119.966
-121.352
-122.257
-122.696
-122.713
-122.374
-121.709
-120.696
-119.303
-117.503
-115.265
-112.561
-109.358
-105.62
-101.304
-96.357
-90.7163
-84.2909
-77.0027
-69.2129
1.21942
9.30324
18.4811
28.5049
38.3427
48.2727
57.9301
66.5779
73.9162
80.0892
85.1335
89.1178
92.2752
94.7862
96.7798
98.3904
99.7155
100.823
101.772
102.605
103.351
104.028
104.644
105.18
105.58
105.803
105.835
105.672
105.302
104.715
103.899
102.84
101.525
99.9345
98.0462
95.8274
93.2365
90.2091
86.9118
-6.44018
-14.4583
-23.3163
-32.2627
-40.5877
-48.9122
-56.812
-64.0743
-70.8338
-76.9924
-82.5684
-87.6392
-92.2132
-96.3342
-100.035
-103.329
-106.225
-108.723
-110.814
-112.487
-113.74
-114.548
-114.926
-114.917
-114.587
-113.963
-113.027
-111.751
-110.112
-108.086
-105.648
-102.769
-99.4174
-95.5555
-91.1342
-86.0922
-80.3401
-73.7953
-66.7831
1.37065
9.05125
17.7795
27.3182
36.6851
46.1474
55.3535
63.6018
70.602
76.4925
81.3075
85.1107
88.1246
90.5213
92.4237
93.9606
95.2249
96.2823
97.1891
97.9869
98.7043
99.3597
99.9634
100.498
100.911
101.163
101.242
101.142
100.855
100.372
99.6801
98.769
97.6246
96.2296
94.5609
92.5864
90.2634
87.526
84.5257
-5.8876
-13.4927
-21.8873
-30.3545
-38.2229
-46.0805
-53.5251
-60.3574
-66.7058
-72.4791
-77.6964
-82.4316
-86.6937
-90.5254
-93.9584
-97.0057
-99.6771
-101.973
-103.887
-105.411
-106.543
-107.263
-107.586
-107.556
-107.234
-106.65
-105.784
-104.616
-103.124
-101.289
-99.0898
-96.5027
-93.4992
-90.0458
-86.097
-81.5949
-76.4519
-70.5835
-64.2829
1.52769
8.82314
17.122
26.197
35.1134
44.1283
52.9023
60.7682
67.4444
73.0648
77.6607
81.2909
84.1676
86.455
88.2701
89.7362
90.9422
91.951
92.817
93.5804
94.2692
94.9024
95.4914
96.021
96.4427
96.7171
96.833
96.7862
96.5694
96.174
95.5905
94.8079
93.8135
92.5911
91.1184
89.3635
87.2842
84.8141
82.0907
-5.34849
-12.5597
-20.5126
-28.5233
-35.9571
-43.3706
-50.3829
-56.8075
-62.7667
-68.1759
-73.0546
-77.4738
-81.4431
-85.0036
-88.1861
-91.0037
-93.4666
-95.576
-97.3276
-98.7143
-99.736
-100.376
-100.651
-100.603
-100.291
-99.7434
-98.944
-97.8735
-96.5158
-94.8539
-92.8705
-90.5458
-87.8552
-84.7686
-81.2445
-77.2278
-72.635
-67.3805
-61.7293
1.68934
8.61706
16.5059
25.1374
33.6228
42.2102
50.5702
58.0699
64.4358
69.7981
74.1847
77.6499
80.3953
82.578
84.3097
85.708
86.8582
87.8203
88.6468
89.3766
90.0371
90.6475
91.2202
91.7423
92.1678
92.4585
92.6039
92.6008
92.4431
92.1232
91.6325
90.9615
90.0985
89.0282
87.7294
86.1716
84.3128
82.0877
79.6209
-4.82331
-11.6589
-19.1907
-26.7666
-33.7868
-40.778
-47.3795
-53.4173
-59.0076
-64.0723
-68.6315
-72.753
-76.4472
-79.7535
-82.702
-85.3055
-87.5744
-89.5113
-91.1129
-92.3738
-93.2953
-93.8637
-94.0956
-94.0334
-93.7328
-93.2198
-92.4814
-91.5012
-90.2656
-88.7607
-86.9724
-84.8841
-82.4746
-79.7173
-76.5743
-72.9941
-68.8971
-64.1987
-59.1382
1.85439
8.43097
15.9285
24.1361
32.2092
40.3875
48.3508
55.5004
61.5687
66.6845
70.8718
74.1793
76.7993
78.882
80.5339
81.8673
82.964
83.8813
84.6697
85.3669
85.9996
86.5868
87.1421
87.6544
88.0799
88.3819
88.5505
88.5831
88.4748
88.2189
87.8081
87.2338
86.4853
85.5486
84.404
83.022
81.3622
79.3604
77.1302
-4.31256
-10.79
-17.9203
-25.0821
-31.7086
-38.2981
-44.5091
-50.1795
-55.4202
-60.1588
-64.4162
-68.257
-71.6922
-74.7604
-77.4897
-79.8934
-81.9822
-83.7591
-85.2225
-86.3682
-87.1985
-87.7025
-87.8973
-87.8235
-87.5346
-87.0552
-86.3738
-85.4764
-84.3524
-82.9901
-81.3783
-79.5031
-77.3462
-74.8844
-72.0832
-68.8949
-65.244
-61.0482
-56.5238
2.02163
8.26319
15.3872
23.1896
30.8684
38.6557
46.2386
53.053
58.8359
63.7169
67.7145
70.8715
73.3717
75.3587
76.9344
78.2059
79.2514
80.1258
80.8776
81.5432
82.1485
82.7127
83.2497
83.7503
84.1729
84.4819
84.6681
84.7297
84.6626
84.4608
84.1183
83.6274
82.9787
82.1592
81.1505
79.9251
78.444
76.645
74.6317
-3.81676
-9.95293
-16.7007
-23.468
-29.7195
-35.9267
-41.7665
-47.088
-51.9967
-56.4263
-60.398
-63.9738
-67.1654
-70.0098
-72.5339
-74.751
-76.672
-78.3008
-79.6366
-80.6767
-81.4242
-81.8704
-82.0327
-81.9503
-81.6738
-81.2266
-80.5984
-79.7776
-78.7556
-77.5231
-76.0711
-74.388
-72.4582
-70.2617
-67.7669
-64.9301
-61.6802
-57.9381
-53.8994
2.18977
8.11165
14.8796
22.2946
29.5966
37.01
44.2283
50.7219
56.2302
60.8877
64.7052
67.7186
70.1043
72.0002
73.5032
74.7157
75.7123
76.5458
77.2626
77.8976
78.4764
79.0177
79.536
80.0235
80.4407
80.7533
80.9525
81.0372
81.004
80.848
80.5637
80.1447
79.5825
78.8655
77.9766
76.8901
75.569
73.9532
72.1379
-3.33648
-9.14751
-15.5307
-21.9223
-27.8169
-33.6603
-39.1467
-44.1365
-48.7297
-52.866
-56.567
-59.892
-62.8539
-65.4881
-67.8199
-69.8623
-71.627
-73.1182
-74.3363
-75.2795
-75.9516
-76.3461
-76.4803
-76.3917
-76.1283
-75.712
-75.1338
-74.384
-73.4555
-72.3413
-71.034
-69.5243
-67.799
-65.8405
-63.6205
-61.0989
-58.2091
-54.876
-51.2766
2.35772
7.97457
14.4029
21.4475
28.3894
35.4454
42.314
48.5012
53.7451
58.1907
61.8373
64.7134
66.9897
68.7989
70.233
71.3894
72.3395
73.1339
73.8172
74.4229
74.9759
75.4949
75.9943
76.4677
76.8777
77.191
77.3994
77.5022
77.4969
77.3792
77.1446
76.7874
76.3001
75.6725
74.8889
73.9253
72.7468
71.296
69.6604
-2.87224
-8.37342
-14.4096
-20.443
-25.9977
-31.4946
-36.6445
-41.3191
-45.6119
-49.4699
-52.9139
-56.0009
-58.746
-61.1824
-63.3333
-65.2119
-66.8303
-68.1938
-69.3031
-70.1573
-70.7609
-71.1092
-71.2191
-71.1266
-70.8769
-70.4905
-69.9592
-69.275
-68.4326
-67.4264
-66.2506
-64.8976
-63.3565
-61.6118
-59.6383
-57.3992
-54.8327
-51.868
-48.6653
2.52434
7.85018
13.9545
20.6447
27.2424
33.9561
40.4888
46.3836
51.374
55.6207
59.1052
61.8496
64.0213
65.7481
67.1166
68.2197
69.1257
69.8831
70.5344
71.1123
71.6405
72.1376
72.6182
73.0769
73.4783
73.7901
74.0046
74.1216
74.139
74.0534
73.8609
73.5566
73.1343
72.5845
71.8931
71.038
69.9864
68.6833
67.2102
-2.4248
-7.63076
-13.3367
-19.0289
-24.2599
-29.4263
-34.2554
-38.6297
-42.6359
-46.2294
-49.4286
-52.2898
-54.831
-57.0814
-59.0613
-60.7852
-62.2665
-63.5108
-64.519
-65.2913
-65.8328
-66.1399
-66.2291
-66.1348
-65.8994
-65.5417
-65.0548
-64.4317
-63.6687
-62.7612
-61.7051
-60.4941
-59.119
-57.5666
-55.8143
-53.8284
-51.5522
-48.9191
-46.0741
2.68837
7.73726
13.5335
19.8848
26.1538
32.5392
38.7481
44.3628
49.1072
53.1702
56.5029
59.1206
61.1924
62.8413
64.148
65.2006
66.0648
66.787
67.4081
67.9593
68.4638
68.9398
69.4019
69.8458
70.2376
70.5462
70.7643
70.8921
70.928
70.8692
70.7124
70.4536
70.0872
69.605
68.9944
68.2347
67.2955
66.1244
64.7974
-1.99504
-6.92108
-12.3132
-17.6811
-22.6033
-27.4551
-31.9775
-36.0648
-39.7959
-43.1384
-46.1008
-48.746
-51.0968
-53.1731
-54.9908
-56.568
-57.9204
-59.0534
-59.9677
-60.6641
-61.1485
-61.4185
-61.4902
-61.3958
-61.1751
-60.8453
-60.4004
-59.8345
-59.1449
-58.3282
-57.3812
-56.2992
-55.0742
-53.6949
-52.1412
-50.3829
-48.3673
-46.0327
-43.5102
2.84885
7.63514
13.1393
19.1681
25.125
31.197
37.0948
42.4381
46.9316
50.8257
54.0192
56.5166
58.494
60.0704
61.3195
62.325
63.1499
63.8392
64.4319
64.958
65.4401
65.8959
66.3402
66.7694
67.1512
67.4555
67.6753
67.8113
67.8621
67.8256
67.6991
67.4792
67.161
66.7376
66.1974
65.5214
64.6815
63.628
62.4316
-1.58388
-6.2445
-11.339
-16.3991
-21.0278
-25.5806
-29.8097
-33.6233
-37.0895
-40.195
-42.9227
-45.3565
-47.5296
-49.4429
-51.1059
-52.5435
-53.775
-54.8044
-55.6316
-56.2584
-56.6908
-56.9278
-56.985
-56.8921
-56.6865
-56.3839
-55.9788
-55.4665
-54.8449
-54.1118
-53.2647
-52.2999
-51.2109
-49.9879
-48.6132
-47.0592
-45.2778
-43.212
-40.9803
3.00438
7.54139
12.7687
18.4903
24.1515
29.9252
35.5294
40.6112
44.8456
48.5829
51.6477
54.0307
55.9192
57.428
58.6235
59.5849
60.3733
61.032
61.5983
62.1012
62.5624
62.9994
63.4269
63.8421
64.2136
64.5132
64.7335
64.8755
64.9386
64.9209
64.8203
64.6337
64.3573
63.9849
63.5061
62.9037
62.1513
61.202
60.1221
-1.19038
-5.59721
-10.4072
-15.1737
-19.5228
-23.7905
-27.7419
-31.2961
-34.5101
-37.3901
-39.8881
-42.1237
-44.1327
-45.888
-47.3982
-48.7007
-49.817
-50.748
-51.4925
-52.0541
-52.4389
-52.6467
-52.6919
-52.6022
-52.4121
-52.1361
-51.7693
-51.3077
-50.7497
-50.0942
-49.339
-48.4812
-47.516
-46.4345
-45.2211
-43.8513
-42.2808
-40.4574
-38.4873
3.15352
7.45219
12.4107
17.8353
23.211
28.6957
34.0216
38.8566
42.8726
46.4725
49.4058
51.6713
53.4736
54.9178
56.0611
56.9796
57.7333
58.3628
58.9043
59.3853
59.8269
60.2462
60.6581
61.0598
61.4214
61.7157
61.9355
62.0822
62.1552
62.1533
62.0746
61.9166
61.6764
61.3481
60.923
60.385
59.7097
58.8524
57.8756
-0.813425
-4.97729
-9.51262
-13.9974
-18.0771
-22.0701
-25.754
-29.0623
-32.0366
-34.7018
-36.9686
-39.0475
-40.9227
-42.5163
-43.8665
-45.0367
-46.0436
-46.8793
-47.5432
-48.0417
-48.3822
-48.5631
-48.5981
-48.5129
-48.3388
-48.0888
-47.7587
-47.3449
-46.8464
-46.2633
-45.593
-44.8332
-43.9809
-43.0281
-41.9605
-40.7567
-39.3767
-37.7725
-36.0402
3.2966
7.36566
12.0628
17.1953
22.29
27.485
32.5341
37.1196
40.9845
44.507
47.303
49.4369
51.1551
52.5401
53.6338
54.5112
55.2317
55.8342
56.3525
56.813
57.2363
57.6391
58.036
58.4249
58.7772
59.0661
59.285
59.4353
59.5166
59.5281
59.4681
59.3349
59.1259
58.8359
58.4573
57.9753
57.3675
56.5916
55.7072
-0.516013
-4.48966
-8.80859
-13.0489
-16.8787
-20.5937
-23.967
-26.956
-29.5692
-31.9124
-33.7288
-35.8026
-37.76
-39.3175
-40.6089
-41.7524
-42.7488
-43.5735
-44.2272
-44.7206
-45.0604
-45.2465
-45.2929
-45.2245
-45.0711
-44.8463
-44.548
-44.1714
-43.7187
-43.1913
-42.5762
-41.8847
-41.1124
-40.2507
-39.2863
-38.2002
-36.9558
-35.5098
-33.9486
3.41444
7.30195
11.8036
16.6856
21.5273
26.4195
31.1104
35.2741
38.7641
42.5106
45.3168
47.392
49.0938
50.4789
51.5666
52.4355
53.1488
53.7457
54.2586
54.7142
55.133
55.5319
55.9255
56.3124
56.6644
56.9542
57.1755
57.3301
57.4182
57.4387
57.391
57.2735
57.0839
56.8185
56.4697
56.0239
55.4602
54.7375
53.9141
-0.275799
-4.09175
-8.22304
-12.2438
-15.8338
-19.2628
-22.3027
-24.9239
-27.1003
-29.0401
-30.2405
-32.4495
-34.6325
-36.2378
-37.5387
-38.7248
-39.7755
-40.6462
-41.3382
-41.8678
-42.241
-42.4596
-42.5362
-42.4952
-42.3673
-42.1679
-41.8985
-41.5522
-41.1358
-40.6534
-40.0728
-39.4287
-38.7143
-37.9176
-37.0265
-36.0245
-34.878
-33.5456
-32.1093
3.50648
7.24608
11.5764
16.2332
20.8301
25.3991
29.6811
33.3751
36.4074
40.5163
43.4378
45.5055
47.2286
48.6483
49.759
50.6412
51.3644
51.9692
52.4882
52.9486
53.3717
53.775
54.1733
54.5654
54.9231
55.2182
55.4445
55.6044
55.6983
55.7257
55.6862
55.5785
55.4012
55.1509
54.8209
54.3981
53.8627
53.1737
52.3903
-0.0325628
-3.68976
-7.63286
-11.4343
-14.7869
-17.9339
-20.6514
-22.9177
-24.6861
-26.2381
-26.8684
-29.1557
-31.5215
-33.1613
-34.4552
-35.6651
-36.7573
-37.6658
-38.3901
-38.9505
-39.3542
-39.6026
-39.7081
-39.694
-39.592
-39.4193
-39.1806
-38.8665
-38.4883
-38.0533
-37.5094
-36.9144
-36.2603
-35.5301
-34.7129
-33.7955
-32.7471
-31.5281
-30.2205
3.59966
7.19117
11.3464
15.7771
20.133
24.3746
28.2644
31.5257
34.1045
38.5063
41.5575
43.6191
45.35
46.7975
47.9301
48.8251
49.5576
50.1698
50.6949
51.16
51.587
51.9942
52.3971
52.7947
53.158
53.4583
53.6901
53.8555
53.9554
53.9898
53.9585
53.8608
53.6959
53.4607
53.149
52.7489
52.2414
51.5856
50.8427
0.210299
-3.2886
-7.04424
-10.6291
-13.7484
-16.6195
-19.0277
-20.9511
-22.3432
-23.5068
-23.6374
-25.936
-28.4229
-30.0876
-31.3666
-32.5822
-33.7008
-34.6378
-35.3877
-35.9735
-36.4044
-36.6807
-36.8141
-36.8266
-36.7502
-36.6039
-36.3955
-36.1128
-35.7727
-35.384
-34.8764
-34.3295
-33.7345
-33.0698
-32.3257
-31.4918
-30.5403
-29.4321
-28.2418
3.69215
7.13685
11.1145
15.3215
19.4415
23.3518
26.8726
29.7207
31.8682
36.4817
39.6707
41.7393
43.471
44.9389
46.0897
46.9954
47.7356
48.355
48.8862
49.3564
49.7877
50.1989
50.6064
51.0096
51.379
51.6854
51.9233
52.095
52.2016
52.2437
52.2209
52.1335
51.9811
51.7608
51.4673
51.0893
50.6088
49.9852
49.2811
0.450547
-2.89212
-6.46274
-9.83562
-12.7279
-15.3309
-17.4439
-19.0364
-20.0839
-20.852
-20.5605
-22.8059
-25.3433
-27.0152
-28.2729
-29.4792
-30.6082
-31.5632
-32.3319
-32.9383
-33.393
-33.6965
-33.8585
-33.9004
-33.8539
-33.739
-33.5663
-33.321
-33.025
-32.6882
-32.224
-31.7304
-31.1983
-30.6019
-29.9322
-29.1816
-28.3258
-27.3308
-26.2794
3.78344
7.08334
10.8832
14.8711
18.7612
22.3361
25.515
27.95
29.6901
34.4433
37.766
39.8566
41.5929
43.0828
44.253
45.1672
45.9108
46.5336
47.069
47.5437
47.9794
48.3953
48.8077
49.2169
49.5931
49.9066
50.1516
50.3311
50.4464
50.4978
50.4856
50.4103
50.2716
50.0673
49.7927
49.437
48.9834
48.3921
47.7264
0.685356
-2.50541
-5.89639
-9.06372
-11.7376
-14.0824
-15.916
-17.1909
-17.924
-18.2848
-17.6462
-19.7763
-22.2897
-23.9422
-25.1716
-26.3573
-27.4817
-28.4429
-29.2231
-29.8454
-30.32
-30.6464
-30.8321
-30.8969
-30.8721
-30.7805
-30.635
-30.4188
-30.1577
-29.8627
-29.434
-28.9867
-28.5111
-27.9785
-27.381
-26.7128
-25.9498
-25.0537
-24.0788
3.87364
7.03349
10.6577
14.4354
18.0989
21.334
24.1974
26.2003
27.5493
32.3962
35.8427
37.9566
39.6954
41.2125
42.416
43.3523
44.1059
44.7323
45.2692
45.7452
46.1832
46.6026
47.0203
47.4364
47.8201
48.141
48.3931
48.58
48.7034
48.764
48.7626
48.6999
48.5757
48.3884
48.1337
47.8011
47.374
46.8146
46.184
0.911464
-2.13645
-5.35741
-8.32936
-10.7944
-12.8922
-14.4606
-15.4305
-15.874
-15.8124
-14.8979
-16.8525
-19.2721
-20.8686
-22.0604
-23.2162
-24.3203
-25.2736
-26.0578
-26.694
-27.1913
-27.5484
-27.7728
-27.8829
-27.9067
-27.8645
-27.7717
-27.6108
-27.4115
-27.1846
-26.8164
-26.4356
-26.0325
-25.5748
-25.0547
-24.4702
-23.807
-23.0457
-22.2852
3.96446
6.99262
10.4479
14.0271
17.4602
20.3435
22.9085
24.4355
25.3955
30.3393
33.9298
36.0728
37.7925
39.3071
40.5308
41.4975
42.2823
42.9342
43.4887
43.9758
44.4213
44.8472
45.2726
45.699
46.0959
46.4309
46.6964
46.8957
47.0307
47.1024
47.1121
47.0609
46.9495
46.7771
46.5399
46.2289
45.8267
45.2962
44.6849
1.12319
-1.79519
-4.86056
-7.65115
-9.91858
-11.7797
-13.0912
-13.7609
-13.9302
-13.4339
-12.3106
-14.0445
-16.2958
-17.7955
-18.9366
-20.0511
-21.1187
-22.0488
-22.8227
-23.456
-23.9545
-24.3141
-24.5382
-24.6407
-24.6546
-24.6091
-24.5198
-24.3667
-24.1812
-23.9725
-23.6232
-23.2747
-22.9172
-22.5175
-22.0677
-21.5644
-20.9815
-20.2663
-19.4131
4.05337
6.95944
10.2551
13.6499
16.8419
19.3638
21.6422
22.6137
23.1414
28.2072
32.0164
34.2728
36.0203
37.5176
38.6997
39.6264
40.3925
41.0495
41.6231
42.1328
42.5989
43.042
43.4817
43.9212
44.3329
44.6864
44.9748
45.2004
45.3636
45.4645
45.5036
45.4815
45.3982
45.2529
45.0422
44.7587
44.3878
43.9028
43.3474
1.31399
-1.48529
-4.40829
-7.03419
-9.11953
-10.761
-11.8248
-12.2016
-12.1106
-11.1711
-9.88023
-11.3491
-13.3595
-14.728
-15.797
-16.8487
-17.8655
-18.7728
-19.5543
-20.22
-20.7724
-21.2102
-21.5397
-21.7744
-21.9246
-22.0011
-22.0282
-21.9907
-21.93
-21.852
-21.6179
-21.3769
-21.1224
-20.8179
-20.4582
-20.05
-19.604
-19.1437
-18.8449
4.12926
6.91888
10.0643
13.2909
16.2399
18.4381
20.4657
20.737
20.7166
25.8543
29.88
32.3402
34.2913
35.964
37.2348
38.1528
38.8485
39.4204
39.9246
40.3901
40.8351
41.2751
41.7245
42.1782
42.5973
42.9495
43.2334
43.4555
43.6183
43.723
43.7708
43.7633
43.7006
43.5814
43.4004
43.1473
42.8004
42.3328
41.7765
1.48399
-1.20529
-3.99797
-6.47646
-8.40277
-9.85743
-10.7041
-10.8311
-10.5112
-9.09447
-7.61177
-8.75727
-10.4705
-11.6778
-12.6494
-13.6016
-14.5089
-15.3111
-15.9974
-16.5741
-17.0362
-17.3677
-17.5568
-17.6102
-17.5869
-17.541
-17.4767
-17.3613
-17.2212
-17.0617
-16.7726
-16.5095
-16.2613
-15.9929
-15.6944
-15.3557
-14.9231
-14.2835
-13.2651
4.19308
6.87738
9.89236
12.9713
15.6939
17.6668
19.4625
18.7887
18.1547
23.3241
27.364
29.786
31.8017
33.7047
35.3215
36.5952
37.5724
38.3158
38.8964
39.3786
39.8136
40.2395
40.6895
41.1768
41.6655
42.095
42.4393
42.7016
42.8888
43.0046
43.0524
43.0361
42.961
42.8324
42.6524
42.4161
42.0978
41.6348
40.946
1.63891
-0.987751
-3.69434
-6.05804
-7.85012
-9.13848
-9.77819
-9.68827
-9.12172
-7.15051
-5.47132
-6.29028
-7.64704
-8.6309
-9.49325
-10.4044
-11.3267
-12.2018
-13.0153
-13.7731
-14.4811
-15.149
-15.7823
-16.3666
-16.8273
-17.1398
-17.3825
-17.5679
-17.7681
-17.9761
-17.9752
-17.9158
-17.8469
-17.7402
-17.5829
-17.3986
-17.27
-17.3477
-18.0391
4.29383
6.92766
9.87071
12.8318
15.3306
17.0863
18.3826
16.4227
15.4566
21.1622
25.4263
27.6704
29.2133
30.5306
31.6868
32.7583
33.7874
34.7518
35.6127
36.3529
36.981
37.5198
38.0043
38.4779
38.97
39.4662
39.9361
40.3609
40.7305
41.0406
41.2866
41.4606
41.5548
41.5627
41.4821
41.3231
41.1298
41.0319
41.3399
1.75792
-0.923645
-3.65134
-5.9688
-7.64028
-8.71107
-9.02705
-8.56746
-7.49807
-4.90856
-3.29375
-3.96272
-4.98528
-5.60732
-6.06862
-6.52404
-6.96743
-7.36799
-7.71162
-7.98669
-8.16217
-8.18744
-8.02699
-7.70744
-7.41487
-7.24353
-7.1195
-6.94596
-6.71635
-6.52407
-6.22804
-5.98574
-5.80643
-5.6393
-5.46713
-5.26733
-4.89956
-4.10279
-2.2988
4.47711
7.16619
10.1269
13.0047
15.2366
16.5254
16.5698
13.0266
12.0602
19.1399
24.9162
28.6245
31.0916
32.5819
33.1857
33.2102
32.9884
32.7818
32.721
32.8448
33.1482
33.6175
34.2145
34.8068
35.2112
35.4336
35.5686
35.6452
35.6698
35.6453
35.5852
35.5091
35.4334
35.3671
35.3005
35.1788
34.8337
33.9043
31.8006
1.7778
-1.01056
-3.81147
-6.12654
-7.6849
-8.49583
-8.39773
-7.40633
-5.57435
-2.42915
-0.932328
-1.5205
-2.51507
-3.41008
-4.30639
-5.24651
-6.23798
-7.28328
-8.39529
-9.59981
-10.9354
-12.4279
-14.0207
-15.5472
-16.6845
-17.4135
-18.1498
-18.7222
-19.6878
-21.1181
-20.7202
-20.8354
-21.3039
-21.6495
-21.8314
-22.0069
-22.4185
-23.4278
-25.7466
4.60311
7.37029
10.3555
13.1519
15.115
15.779
14.223
9.30419
6.72285
13.3193
19.8854
25.9349
31.5358
36.6372
40.863
44.0842
46.4314
47.9974
48.9686
49.5438
49.8978
50.1739
50.5815
51.444
52.8665
54.3513
55.542
56.5022
57.3151
57.9923
58.5086
58.8542
59.0381
59.083
59.041
59.0161
59.2761
60.2036
62.5318
82.8823
85.4011
87.751
89.2742
91.4942
94.3249
97.3607
100.369
103.191
105.684
107.573
108.41
107.633
104.666
99.1193
90.9202
80.3567
68.1496
55.2819
42.6839
30.9743
20.4183
11.0255
2.67825
-4.78025
-11.4987
-17.5999
-23.182
-28.3191
-33.071
-37.4843
-41.5935
-45.4242
-48.9909
-52.2998
-55.3523
-58.1438
-60.6678
-62.9157
-64.8791
-66.5498
-67.9225
-68.9942
-69.7639
-70.2348
-70.4133
-70.3081
-69.931
-69.2963
-68.4208
-67.3224
-66.0205
-64.5354
-62.8875
-61.0972
-59.1846
-57.1689
-55.0685
-52.9005
-50.6809
-48.4241
-46.143
-43.8492
-41.5525
-39.2628
-36.984
-34.7311
-32.7867
-31.0494
-29.269
-27.3782
-25.5373
-23.374
-21.7854
-18.7764
-18.7124
-12.4891
-18.582
-1.11127
-27.5099
88.8599
88.9885
88.7792
88.2279
87.6363
87.0883
86.6141
86.2269
85.9278
85.7218
85.61
85.5945
85.6756
85.8527
86.1239
86.4859
86.9347
87.4648
88.0696
88.7419
89.4733
90.2549
91.0774
91.9309
92.8053
93.6901
94.5748
95.449
96.3019
97.1227
97.9002
98.6232
99.2804
99.8605
100.352
100.744
101.026
101.188
101.221
101.116
100.865
100.463
99.9055
99.1897
98.3144
97.2811
96.0922
94.7528
93.2692
91.6496
89.9037
88.0425
86.078
84.0228
81.8902
79.6937
77.4467
75.1624
72.8539
70.5337
68.2142
65.9069
63.623
61.373
59.1673
57.0126
54.9272
53.1892
51.7004
50.1883
48.6594
47.139
45.6352
44.1645
42.8897
41.3818
40.3285
41.6597
30.2763
63.3328
78.2627
78.0154
76.4363
74.4075
72.9473
72.1622
71.8625
71.8514
71.9154
71.9024
71.8504
71.9211
72.2262
72.7155
73.1396
73.088
72.1096
69.8565
66.2167
61.3487
55.5753
49.2206
42.5081
35.5856
28.5763
21.5863
14.705
8.00269
1.53475
-4.65854
-10.5494
-16.1198
-21.3607
-26.267
-30.8365
-35.0702
-38.9692
-42.5349
-45.7682
-48.6697
-51.2401
-53.481
-55.3945
-56.9829
-58.2517
-59.2077
-59.8592
-60.2166
-60.2927
-60.102
-59.6607
-58.9861
-58.097
-57.0125
-55.7522
-54.3355
-52.782
-51.1102
-49.338
-47.4825
-45.5593
-43.583
-41.5668
-39.5221
-37.461
-35.3891
-33.3225
-31.5236
-29.91
-28.2544
-26.4781
-24.7539
-22.6901
-21.2111
-18.2963
-18.3012
-12.2611
-18.19
-1.36679
-27.0528
78.4158
78.772
79.4871
80.2259
81.0094
81.771
82.5089
83.2157
83.8905
84.532
85.1395
85.7137
86.2555
86.7666
87.2499
87.7084
88.1462
88.5676
88.9772
89.3798
89.7797
90.1809
90.5866
90.9994
91.4203
91.8494
92.2855
92.7256
93.1658
93.6004
94.023
94.4257
94.8
95.1363
95.4245
95.654
95.8144
95.8949
95.8851
95.7754
95.5566
95.2206
94.7607
94.171
93.4476
92.5882
91.5921
90.4606
89.1966
87.8046
86.291
84.6638
82.9317
81.105
79.1947
77.2124
75.1701
73.0801
70.9545
68.8057
66.6456
64.4857
62.3373
60.2113
58.1182
56.0655
54.0735
52.4082
50.9798
49.5269
48.0541
46.5859
45.1313
43.7011
42.4519
41.0244
39.892
41.3303
30.3197
61.9047
98.0871
99.079
100.028
100.662
100.922
100.893
100.66
100.281
99.7828
99.1408
98.2621
97.0236
95.3456
93.185
90.4874
87.1771
83.1868
78.4977
73.1789
67.3996
61.3718
55.2918
49.3009
43.4445
37.6886
31.989
26.3269
20.7042
15.1357
9.64409
4.25594
-0.999247
-6.09373
-11.0003
-15.6937
-20.1523
-24.3578
-28.2944
-31.9495
-35.3126
-38.3765
-41.136
-43.5879
-45.7303
-47.5642
-49.0926
-50.32
-51.2531
-51.9007
-52.2739
-52.3849
-52.2481
-51.8789
-51.294
-50.5108
-49.5471
-48.4212
-47.1509
-45.7537
-44.2468
-42.6464
-40.9674
-39.2245
-37.4298
-35.5969
-33.7331
-31.855
-30.2066
-28.7197
-27.1895
-25.5325
-23.9235
-21.9751
-20.585
-17.8181
-17.807
-12.107
-17.6371
-1.77894
-26.2417
97.2513
96.5781
95.8603
95.1543
94.4659
93.7948
93.1498
92.5336
91.9507
91.4044
90.8977
90.4337
90.0144
89.6417
89.3167
89.0399
88.8113
88.6304
88.496
88.4065
88.3601
88.3545
88.387
88.455
88.5553
88.6847
88.8393
89.0153
89.2078
89.4119
89.6218
89.831
90.0323
90.2181
90.3797
90.5081
90.5938
90.6272
90.5983
90.4974
90.3151
90.0426
89.6718
89.1956
88.6081
87.9049
87.0827
86.1402
85.0774
83.896
82.5996
81.1931
79.6827
78.0761
76.3821
74.6103
72.7712
70.8756
68.9349
66.9605
64.9639
62.9564
60.9491
58.9531
56.979
55.035
53.1426
51.5564
50.1936
48.8045
47.3927
45.9812
44.5803
43.1994
41.9796
40.6309
39.4877
40.84
30.5156
60.325
90.7102
90.8513
91.0013
91.1322
91.1073
90.885
90.5113
90.0391
89.5121
88.9622
88.3961
87.779
87.0343
86.0798
84.8608
83.3066
81.2925
78.656
75.2631
71.0935
66.283
61.0496
55.5923
50.0774
44.6232
39.265
33.9917
28.7938
23.6744
18.6396
13.6975
8.85758
4.13033
-0.471694
-4.93321
-9.23819
-13.3695
-17.31
-21.0425
-24.5509
-27.8209
-30.8403
-33.5983
-36.0864
-38.2987
-40.2318
-41.8843
-43.2575
-44.355
-45.1828
-45.7488
-46.063
-46.1371
-45.9844
-45.6194
-45.0578
-44.3155
-43.4091
-42.3552
-41.17
-39.8696
-38.4693
-36.984
-35.4265
-33.8112
-32.1467
-30.4499
-28.9464
-27.5781
-26.1642
-24.619
-23.1185
-21.2778
-19.9777
-17.3362
-17.3494
-11.8865
-17.221
-1.93185
-25.7471
90.4536
90.1142
89.7663
89.4194
89.0676
88.7137
88.3582
88.0021
87.6473
87.2951
86.9477
86.6073
86.2766
85.9582
85.6549
85.3697
85.1058
84.8661
84.6533
84.4698
84.3177
84.1985
84.1134
84.0622
84.0449
84.0601
84.1057
84.179
84.2766
84.394
84.5264
84.668
84.8128
84.9537
85.0834
85.194
85.2771
85.3241
85.3259
85.2736
85.1584
84.9714
84.7044
84.3497
83.9008
83.3516
82.6975
81.9353
81.0632
80.0806
78.9888
77.7904
76.4894
75.0916
73.6034
72.0329
70.3889
68.6809
66.919
65.114
63.2766
61.418
59.5491
57.681
55.8245
53.9882
52.194
50.6844
49.3835
48.0541
46.7001
45.3434
43.9957
42.667
41.4877
40.2033
39.0797
40.3792
30.4324
59.2288
78.5584
78.3975
78.2076
78.0495
77.8855
77.6434
77.2905
76.838
76.3052
75.7103
75.0713
74.4025
73.7003
72.935
72.0504
71.0024
69.7699
68.3063
66.5118
64.2623
61.4764
58.1805
54.4848
50.4969
46.3095
42.0205
37.6907
33.3304
28.9421
24.5414
20.1497
15.7894
11.4794
7.23739
3.08092
-0.973318
-4.90879
-8.70899
-12.3574
-15.8379
-19.1352
-22.2347
-25.1228
-27.7872
-30.2178
-32.4059
-34.3452
-36.0321
-37.4646
-38.6437
-39.5725
-40.2563
-40.7024
-40.9201
-40.9205
-40.7159
-40.3196
-39.746
-39.0099
-38.1263
-37.1102
-35.9764
-34.7396
-33.4129
-32.0109
-30.5429
-29.0259
-27.6655
-26.4155
-25.1179
-23.685
-22.294
-20.5605
-19.3557
-16.8294
-16.8942
-11.6135
-16.8588
-1.95538
-25.3989
78.5628
78.4809
78.4164
78.3502
78.2872
78.2274
78.1712
78.119
78.0716
78.0292
77.9921
77.961
77.9362
77.9181
77.907
77.9035
77.908
77.9209
77.943
77.9748
78.0169
78.0702
78.1354
78.213
78.3035
78.4072
78.5239
78.6531
78.7938
78.9443
79.1024
79.265
79.4286
79.5886
79.74
79.877
79.9931
80.0814
80.1345
80.1448
80.1045
80.0055
79.84
79.6008
79.2808
78.8736
78.3739
77.7772
77.0802
76.281
75.379
74.3748
73.2708
72.0705
70.7787
69.4016
67.9465
66.4214
64.8353
63.1978
61.5192
59.8098
58.0803
56.3419
54.6051
52.8789
51.1853
49.7534
48.5157
47.2477
45.953
44.6533
43.3607
42.0861
40.9522
39.7231
38.6304
39.8951
30.2009
58.2609
69.2066
68.9447
68.6465
68.3501
68.0448
67.7209
67.3541
66.9141
66.3966
65.8141
65.1796
64.5054
63.8026
63.0759
62.3122
61.4778
60.5306
59.4424
58.1865
56.7066
54.9165
52.7409
50.1766
47.2982
44.1864
40.8922
37.4756
33.9946
30.4648
26.8792
23.241
19.5658
15.872
12.1779
8.5023
4.86346
1.28016
-2.22895
-5.64516
-8.9506
-12.1279
-15.1606
-18.0328
-20.73
-23.239
-25.5481
-27.6471
-29.5281
-31.1851
-32.6142
-33.814
-34.7853
-35.5308
-36.0555
-36.3665
-36.4722
-36.383
-36.11
-35.6656
-35.063
-34.3154
-33.4366
-32.4402
-31.339
-30.1473
-28.8748
-27.5382
-26.3224
-25.1935
-24.0155
-22.6995
-21.4216
-19.8009
-18.6941
-16.2906
-16.4053
-11.321
-16.4586
-1.98131
-24.9882
69.3361
69.4022
69.4809
69.5577
69.6378
69.7199
69.8047
69.8925
69.9835
70.0781
70.1768
70.2801
70.3884
70.5022
70.6222
70.749
70.8827
71.0239
71.173
71.3303
71.4959
71.6698
71.852
72.0423
72.2403
72.4454
72.6569
72.874
73.0954
73.3197
73.545
73.7692
73.9897
74.2035
74.4068
74.5956
74.7651
74.9102
75.025
75.1034
75.1391
75.1251
75.0547
74.9212
74.7178
74.4384
74.0773
73.6295
73.0911
72.4587
71.7307
70.9062
69.9859
68.9715
67.8664
66.6749
65.4027
64.0564
62.6436
61.1729
59.6535
58.0951
56.5078
54.9026
53.2896
51.6778
50.0894
48.7398
47.5695
46.3675
45.1368
43.8985
42.6646
41.4467
40.3596
39.183
38.131
39.3313
29.9546
57.1722
60.9854
60.6781
60.3373
59.9941
59.63
59.2371
58.8256
58.3922
57.9117
57.3688
56.7711
56.1321
55.4621
54.7699
54.0625
53.3393
52.5835
51.7631
50.8451
49.8072
48.6147
47.2028
45.4971
43.4671
41.1555
38.6337
35.9445
33.1245
30.2266
27.2805
24.2828
21.2298
18.1292
14.9944
11.8398
8.67957
5.52872
2.40292
-0.680968
-3.70573
-6.65413
-9.50909
-12.2538
-14.872
-17.3486
-19.6697
-21.8223
-23.7952
-25.579
-27.1662
-28.5512
-29.7308
-30.7036
-31.4704
-32.0342
-32.3997
-32.5735
-32.5636
-32.3795
-32.0316
-31.5314
-30.8906
-30.1216
-29.2362
-28.2479
-27.1664
-26.0077
-24.9361
-23.9289
-22.8712
-21.6738
-20.5104
-19.0062
-17.9975
-15.725
-15.883
-11.0139
-16.0177
-2.00919
-24.507
61.1791
61.3245
61.4821
61.6425
61.809
61.9806
62.1576
62.34
62.5276
62.7206
62.919
63.1228
63.3319
63.5464
63.7663
63.9919
64.2228
64.4594
64.7016
64.9497
65.2037
65.4634
65.7288
65.9998
66.2762
66.5573
66.8426
67.1313
67.4224
67.7144
68.0057
68.2943
68.578
68.854
69.1193
69.3705
69.6035
69.8143
69.9979
70.1494
70.2634
70.3341
70.3556
70.3218
70.2268
70.0649
69.8303
69.5181
69.1238
68.6437
68.0749
67.4158
66.6656
65.8248
64.8952
63.8797
62.7824
61.6085
60.3643
59.0572
57.6953
56.2875
54.8431
53.3726
51.8856
50.3913
48.9114
47.6475
46.548
45.4152
44.252
43.0785
41.9063
40.7477
39.7094
38.5835
37.5851
38.6854
29.6936
55.9931
53.9289
53.6224
53.2865
52.9476
52.5908
52.2049
51.791
51.3559
50.904
50.4234
49.8948
49.3141
48.6927
48.0423
47.3721
46.6892
45.998
45.2932
44.5557
43.7574
42.8757
41.8887
40.7532
39.4048
37.7955
35.935
33.8779
31.6657
29.321
26.8822
24.3872
21.8426
19.2426
16.5901
13.896
11.1726
8.4322
5.68706
2.95051
0.236748
-2.43933
-5.06242
-7.61686
-10.0869
-12.4572
-14.7131
-16.8403
-18.8259
-20.6581
-22.3267
-23.8233
-25.141
-26.2752
-27.2229
-27.9836
-28.5582
-28.9499
-29.1635
-29.2051
-29.0826
-28.8047
-28.3812
-27.8228
-27.1397
-26.3444
-25.4459
-24.4595
-23.529
-22.6413
-21.702
-20.6226
-19.5728
-18.1866
-17.275
-15.137
-15.3362
-10.6866
-15.5559
-2.00923
-24.0043
54.1403
54.3164
54.5045
54.6982
54.8998
55.1088
55.3254
55.5496
55.7817
56.0216
56.2694
56.525
56.7885
57.0598
57.3388
57.6254
57.9194
58.2206
58.5288
58.8437
59.1651
59.4925
59.8253
60.1633
60.5058
60.8522
61.2016
61.5532
61.9059
62.2586
62.6097
62.9575
63.3001
63.6352
63.9602
64.2721
64.5677
64.8432
65.0947
65.3177
65.5076
65.6593
65.7678
65.8274
65.8329
65.7789
65.66
65.4713
65.2082
64.8667
64.4433
63.9357
63.3421
62.6621
61.896
61.0456
60.1136
59.104
58.0216
56.8728
55.6644
54.4044
53.1014
51.765
50.4044
49.0286
47.659
46.4827
45.4555
44.3937
43.3
42.1936
41.0853
39.9883
39.0009
37.9237
36.9918
37.9682
29.3863
54.7882
48.0726
47.7858
47.4735
47.1573
46.8252
46.4687
46.0875
45.6815
45.2512
44.8014
44.3329
43.8327
43.2869
42.6972
42.0758
41.4338
40.7791
40.1173
39.4495
38.7669
38.049
37.2733
36.4228
35.4701
34.3658
33.0584
31.5334
29.8258
27.977
26.0051
23.9335
21.7992
19.6177
17.3845
15.098
12.7655
10.3976
8.00533
5.59946
3.19149
0.793652
-1.58095
-3.91854
-6.20502
-8.42607
-10.5675
-12.6153
-14.556
-16.3769
-18.0663
-19.6139
-21.0104
-22.2487
-23.3229
-24.2292
-24.9657
-25.5321
-25.9301
-26.163
-26.2355
-26.1539
-25.9256
-25.5591
-25.0632
-24.4487
-23.7237
-22.9021
-22.1079
-21.3366
-20.513
-19.5501
-18.6124
-17.3443
-16.5288
-14.5272
-14.7673
-10.3362
-15.0777
-1.97586
-23.4941
48.2813
48.4646
48.6593
48.8607
49.0708
49.2891
49.5161
49.7518
49.9965
50.2501
50.5128
50.7847
51.0658
51.3562
51.6558
51.9645
52.2823
52.6091
52.9445
53.2885
53.6405
54.0004
54.3675
54.7412
55.1211
55.5062
55.8956
56.2885
56.6835
57.0794
57.4747
57.8678
58.2568
58.6394
59.0135
59.3764
59.7252
60.0566
60.3671
60.6528
60.9096
61.1332
61.3188
61.4615
61.5565
61.5987
61.583
61.5047
61.3591
61.1421
60.85
60.4797
60.029
59.4964
58.8814
58.1846
57.4075
56.5528
55.6245
54.6273
53.5672
52.4511
51.2867
50.0828
48.848
47.5907
46.332
45.2443
44.2905
43.3012
42.2787
41.2411
40.1983
39.165
38.2303
37.2001
36.3449
37.1828
29.0241
53.56
43.1486
42.8871
42.6037
42.3161
42.0143
41.6914
41.3475
40.9827
40.5953
40.1833
39.7489
39.2969
38.8252
38.3207
37.7736
37.1892
36.5802
35.9566
35.3253
34.6902
34.0491
33.3901
32.6933
31.9416
31.1174
30.1863
29.1004
27.8303
26.3908
24.8189
23.1352
21.3545
19.5062
17.6134
15.676
13.6889
11.6556
9.58469
7.48572
5.36808
3.24152
1.11657
-0.99519
-3.08141
-5.12952
-7.12651
-9.05927
-10.9148
-12.6804
-14.344
-15.8943
-17.3208
-18.6146
-19.7677
-20.7741
-21.6291
-22.3299
-22.8752
-23.2655
-23.5029
-23.5911
-23.5349
-23.3408
-23.0156
-22.5682
-22.0057
-21.3405
-20.6767
-20.0179
-19.3066
-18.4581
-17.6303
-16.4802
-15.7592
-13.8951
-14.1754
-9.96259
-14.5796
-1.91563
-22.9682
43.3454
43.5239
43.713
43.9093
44.1145
44.3283
44.5512
44.7832
45.0246
45.2755
45.5361
45.8066
46.0869
46.3773
46.6777
46.9883
47.3088
47.6393
47.9796
48.3295
48.6888
49.0572
49.4341
49.8193
50.212
50.6116
51.0173
51.4281
51.843
52.2608
52.6799
53.099
53.5163
53.9297
54.337
54.7359
55.1236
55.4972
55.8535
56.189
56.5001
56.7827
57.0326
57.2453
57.4163
57.5409
57.6144
57.632
57.5894
57.4822
57.3065
57.059
56.7368
56.3378
55.8607
55.3052
54.6718
53.9621
53.1789
52.3258
51.4078
50.4306
49.4009
48.3269
47.2161
46.0767
44.9288
43.9302
43.0506
42.1348
41.1848
40.2175
39.2418
38.2737
37.3931
36.4093
35.6378
36.3276
28.6101
52.2876
38.9549
38.7204
38.4668
38.209
37.9387
37.6501
37.3433
37.0184
36.6745
36.3097
35.9224
35.512
35.0816
34.635
34.1677
33.6673
33.1274
32.5559
31.9653
31.3646
30.7599
30.153
29.5382
28.9013
28.2256
27.4972
26.6928
25.7728
24.7011
23.4749
22.1221
20.667
19.12
17.5029
15.8419
14.1428
12.4002
10.6137
8.78998
6.93719
5.06355
3.17733
1.2877
-0.595263
-2.46083
-4.29771
-6.0941
-7.83819
-9.51789
-11.1215
-12.6375
-14.0552
-15.3645
-16.5563
-17.6229
-18.5577
-19.3557
-20.0134
-20.5287
-20.9014
-21.1327
-21.2251
-21.1827
-21.0103
-20.7151
-20.3027
-19.7838
-19.2435
-18.6921
-18.0888
-17.3514
-16.6305
-15.5968
-14.9684
-13.2422
-13.5611
-9.56684
-14.0599
-1.83229
-22.4209
39.1358
39.3031
39.4801
39.6645
39.8574
40.059
40.2694
40.4889
40.7178
40.9563
41.2047
41.463
41.7314
42.0102
42.2994
42.5992
42.9095
43.2304
43.5618
43.9036
44.2557
44.6178
44.9896
45.3708
45.7608
46.1591
46.565
46.9776
47.3961
47.8194
48.2462
48.6751
49.1045
49.5328
49.9578
50.3774
50.7892
51.1905
51.5784
51.9497
52.301
52.6288
52.929
53.1976
53.4304
53.6231
53.771
53.8698
53.9151
53.9025
53.8282
53.6884
53.48
53.2003
52.8475
52.4203
51.9185
51.3428
50.6947
49.9771
49.1936
48.349
47.4491
46.501
45.5114
44.488
43.45
42.5403
41.735
40.8932
40.0165
39.1206
38.213
37.3113
36.4857
35.5488
34.8659
35.4013
28.1443
50.9608
35.3501
35.1415
34.9163
34.6871
34.447
34.191
33.9191
33.6316
33.3275
33.0055
32.6645
32.3032
31.9203
31.5161
31.094
30.6565
30.1975
29.7054
29.1771
28.6221
28.0527
27.4771
26.8997
26.3196
25.7284
25.1118
24.4559
23.7454
22.9508
22.0354
20.9827
19.8092
18.539
17.1833
15.7575
14.2867
12.7827
11.2417
9.66075
8.04401
6.39854
4.7317
3.05081
1.36379
-0.320755
-1.99335
-3.64391
-5.26192
-6.83658
-8.35695
-9.81221
-11.1916
-12.485
-13.6826
-14.7759
-15.7569
-16.6192
-17.3574
-17.9676
-18.4472
-18.7955
-19.0126
-19.1007
-19.0626
-18.9034
-18.6274
-18.2432
-17.8182
-17.3682
-16.8672
-16.2365
-15.6184
-14.6987
-14.1599
-12.5706
-12.9264
-9.15007
-13.5195
-1.72669
-21.8527
35.5136
35.6673
35.8296
35.999
36.1765
36.3622
36.5564
36.7594
36.9713
37.1926
37.4233
37.6639
37.9144
38.1751
38.4461
38.7277
39.0199
39.3228
39.6365
39.961
40.2961
40.6418
40.998
41.3643
41.7404
42.1258
42.52
42.9224
43.3322
43.7485
44.1702
44.5961
45.0248
45.4548
45.8843
46.3114
46.7339
47.1495
47.5554
47.9489
48.3269
48.686
49.0227
49.3332
49.6137
49.8599
50.0677
50.2329
50.3511
50.4181
50.43
50.3829
50.2735
50.0987
49.856
49.5437
49.1609
48.7072
48.1835
47.5915
46.9339
46.2145
45.4381
44.6107
43.7383
42.8279
41.8975
41.0756
40.3441
39.5761
38.7727
37.9484
37.1095
36.2749
35.5048
34.6161
34.025
34.4032
27.6237
49.5745
32.2132
32.0284
31.8294
31.6265
31.4141
31.1879
30.9478
30.6941
30.426
30.1423
29.8422
29.5247
29.1889
28.8335
28.4574
28.0618
27.6501
27.2237
26.7747
26.2929
25.7782
25.2416
24.6947
24.1446
23.5939
23.039
22.4689
21.8707
21.2327
20.5338
19.741
18.8304
17.8059
16.6885
15.4919
14.2268
12.9152
11.5735
10.2011
8.79358
7.35248
5.88372
4.39406
2.89008
1.37857
-0.133031
-1.63629
-3.12234
-4.58171
-6.00469
-7.38125
-8.70141
-9.95521
-11.133
-12.2258
-13.2251
-14.1232
-14.9137
-15.5912
-16.1515
-16.5919
-16.9108
-17.1083
-17.1855
-17.1455
-16.9912
-16.7292
-16.4103
-16.0546
-15.6495
-15.1199
-14.5995
-13.7901
-13.3372
-11.8828
-12.2732
-8.71351
-12.9592
-1.6013
-21.2651
32.3597
32.4989
32.6458
32.7994
32.9606
33.1294
33.3061
33.4911
33.6846
33.8868
34.0981
34.3187
34.5488
34.7887
35.0386
35.2987
35.5691
35.85
36.1416
36.4439
36.757
37.0807
37.4151
37.76
38.1151
38.4803
38.855
39.2388
39.6312
40.0313
40.4384
40.8514
41.2691
41.6904
42.1136
42.537
42.9588
43.3769
43.7889
44.1923
44.5844
44.9621
45.3222
45.6613
45.9757
46.2617
46.5153
46.7324
46.9089
47.0409
47.1242
47.1551
47.1298
47.0453
46.8986
46.6876
46.4105
46.0666
45.6557
45.1787
44.6375
44.0348
43.3744
42.6616
41.9011
41.0996
40.2735
39.5373
38.8783
38.1829
37.4523
36.6992
35.9289
35.1617
34.4473
33.6087
33.1106
33.3329
27.0449
48.1225
29.4558
29.2927
29.117
28.9379
28.7504
28.5508
28.3391
28.1155
27.8794
27.6298
27.3658
27.0867
26.7917
26.4799
26.1502
25.8017
25.4336
25.0479
24.6478
24.2328
23.7941
23.3233
22.8232
22.3058
21.7819
21.257
20.7312
20.1978
19.6459
19.0644
18.4387
17.7422
16.9477
16.0484
15.0598
13.9966
12.8681
11.6925
10.4887
9.25987
8.00124
6.71199
5.39657
4.06098
2.71112
1.35296
-0.00682905
-1.36089
-2.70123
-4.01936
-5.30644
-6.55329
-7.75069
-8.88935
-9.96033
-10.955
-11.8652
-12.6838
-13.4044
-14.0214
-14.5309
-14.9297
-15.2162
-15.3899
-15.4522
-15.4043
-15.2512
-15.0284
-14.7591
-14.4426
-14.0077
-13.5792
-12.8753
-12.504
-11.1814
-11.6033
-8.25859
-12.3794
-1.45898
-20.6553
29.5863
29.7112
29.8431
29.9811
30.126
30.278
30.4373
30.6042
30.7789
30.9618
31.1532
31.3532
31.5621
31.7804
32.008
32.2453
32.4925
32.7498
33.0173
33.2952
33.5836
33.8825
34.1919
34.5119
34.8423
35.1828
35.5334
35.8936
36.263
36.641
37.027
37.4202
37.8197
38.2243
38.6329
39.0439
39.4559
39.8669
40.2749
40.6779
41.0732
41.4582
41.8299
42.1855
42.5214
42.8342
43.1203
43.3758
43.5968
43.7795
43.92
44.0144
44.059
44.0505
43.9857
43.8621
43.6776
43.4306
43.1206
42.7474
42.3123
41.8169
41.2643
40.6587
40.004
39.306
38.5801
37.9267
37.338
36.7137
36.0543
35.3715
34.6692
33.9691
33.3099
32.5238
32.1181
32.1887
26.4055
46.5928
26.998
26.8541
26.6993
26.5413
26.3759
26.1999
26.0134
25.8165
25.6086
25.3889
25.1567
24.9113
24.6521
24.3782
24.0888
23.7832
23.4603
23.1192
22.7599
22.3847
21.9965
21.593
21.1644
20.7047
20.22
19.7224
19.2216
18.7211
18.2183
17.7045
17.1695
16.6023
15.9829
15.2841
14.4915
13.613
12.6631
11.6516
10.5934
9.50813
8.40296
7.27368
6.1175
4.93702
3.73708
2.52292
1.29994
0.0741093
-1.1479
-2.35882
-3.55091
-4.71603
-5.84573
-6.93144
-7.96456
-8.93668
-9.83966
-10.6659
-11.4085
-12.0611
-12.6188
-13.0771
-13.4333
-13.6853
-13.8329
-13.8762
-13.8183
-13.6809
-13.4895
-13.2537
-12.9062
-12.5629
-11.959
-11.6639
-10.4695
-10.9187
-7.7881
-11.779
-1.30501
-20.019
27.1139
27.2254
27.3431
27.4665
27.5962
27.7322
27.8749
28.0246
28.1815
28.3459
28.518
28.6982
28.8866
29.0836
29.2894
29.5042
29.7284
29.962
30.2052
30.4584
30.7216
30.9949
31.2784
31.5721
31.8761
32.1902
32.5142
32.8481
33.1915
33.544
33.9052
34.2742
34.6506
35.0334
35.4216
35.8141
36.2094
36.606
37.0023
37.3963
37.7859
38.1688
38.5423
38.9038
39.2502
39.5784
39.885
40.1665
40.4193
40.6397
40.8238
40.9681
41.0688
41.1225
41.126
41.0763
40.971
40.8083
40.5867
40.3058
39.9658
39.5678
39.1139
38.6073
38.0512
37.4507
36.8195
36.2452
35.724
35.1683
34.5782
33.9637
33.3282
32.6943
32.0896
31.3589
31.0427
30.9682
25.7047
44.9697
24.8008
24.6741
24.5377
24.3985
24.2528
24.0978
23.9336
23.7603
23.5774
23.3841
23.1799
22.9641
22.7363
22.4957
22.2416
21.9732
21.6897
21.3905
21.0746
20.7412
20.391
20.0265
19.65
19.2566
18.8366
18.387
17.9164
17.4369
16.9559
16.4738
15.9852
15.481
14.9526
14.3859
13.7585
13.0536
12.273
11.4293
10.5314
9.58997
8.62163
7.63391
6.622
5.58189
4.51653
3.4323
2.33513
1.2299
0.121564
-0.984138
-2.08046
-3.16015
-4.21566
-5.2392
-6.22291
-7.15883
-8.03911
-8.85621
-9.60299
-10.2728
-10.8599
-11.3592
-11.7668
-12.0797
-12.2963
-12.4154
-12.4387
-12.3759
-12.2535
-12.0896
-11.8218
-11.5563
-11.0458
-10.8207
-9.75045
-10.2206
-7.30591
-11.156
-1.14572
-19.3461
24.9032
25.0022
25.1066
25.2162
25.3313
25.4523
25.5793
25.7126
25.8524
25.999
26.1527
26.3137
26.4823
26.6587
26.8432
27.036
27.2374
27.4476
27.6668
27.8953
28.1333
28.3807
28.6379
28.9048
29.1816
29.4683
29.7647
30.0708
30.3865
30.7114
31.0451
31.3874
31.7375
32.0949
32.4588
32.8281
33.2018
33.5786
33.9571
34.3357
34.7125
35.0855
35.4526
35.8112
36.1587
36.4923
36.809
37.1055
37.3785
37.6245
37.8401
38.0216
38.1654
38.2682
38.3267
38.3377
38.2987
38.2073
38.0619
37.8613
37.6052
37.294
36.929
36.5126
36.0471
35.5369
34.9944
34.4944
34.0372
33.5468
33.0229
32.4744
31.9039
31.3345
30.7832
30.1117
29.88
29.6675
24.9457
43.2323
22.7825
22.6708
22.5505
22.4276
22.299
22.1623
22.0175
21.8646
21.7033
21.5329
21.3529
21.1628
20.9621
20.7501
20.5263
20.29
20.0406
19.7772
19.4993
19.2059
18.8964
18.5702
18.2287
17.8749
17.5093
17.125
16.7129
16.2735
15.8179
15.3574
14.8969
14.4338
13.961
13.4702
12.9511
12.3848
11.7531
11.056
10.307
9.51446
8.68096
7.81647
6.93054
6.02137
5.08429
4.12158
3.14003
2.14594
1.14424
0.139533
-0.862707
-1.85626
-2.83447
-3.79029
-4.71672
-5.60652
-6.45232
-7.24687
-7.9831
-8.65448
-9.2548
-9.77855
-10.2211
-10.5787
-10.8487
-11.0288
-11.1195
-11.1201
-11.0576
-10.9569
-10.7602
-10.5643
-10.1408
-9.97746
-9.02925
-9.50852
-6.81989
-10.5008
-0.995622
-18.6204
22.8732
22.9612
23.054
23.1515
23.254
23.3617
23.4748
23.5936
23.7183
23.8491
23.9864
24.1303
24.281
24.4389
24.6041
24.7769
24.9577
25.1464
25.3435
25.5492
25.7635
25.9867
26.219
26.4605
26.7112
26.9713
27.2407
27.5194
27.8075
28.1045
28.4105
28.7249
29.0476
29.3779
29.7152
30.0588
30.4078
30.7612
31.1178
31.4763
31.8351
32.1925
32.5466
32.8954
33.2364
33.5672
33.8851
34.1872
34.4704
34.7316
34.9676
35.1749
35.35
35.4898
35.591
35.6503
35.6651
35.6328
35.5513
35.4193
35.2359
35.0006
34.7143
34.3786
33.995
33.5673
33.1063
32.6757
32.2783
31.8493
31.3881
30.9023
30.3944
29.8872
29.3872
28.7793
28.6246
28.2783
24.1405
41.3458
20.9894
20.8921
20.7874
20.6804
20.5686
20.4498
20.3239
20.1913
20.0513
19.9037
19.7479
19.5836
19.4102
19.2275
19.0349
18.8318
18.618
18.3927
18.1554
17.9054
17.6424
17.3662
17.0779
16.7796
16.4747
16.164
15.8378
15.4709
15.0358
14.5232
13.9479
13.3379
12.719
12.115
11.5499
11.0512
10.6317
10.2694
9.91032
9.48253
8.91475
8.17428
7.30243
6.38758
5.49153
4.6192
3.74714
2.85861
1.95303
1.03834
0.123219
-0.786422
-1.68607
-2.57074
-3.43445
-4.27064
-5.07259
-5.8336
-6.54698
-7.20641
-7.80566
-8.33903
-8.80153
-9.18857
-9.49695
-9.72383
-9.86818
-9.9209
-9.90896
-9.86201
-9.72798
-9.59208
-9.24976
-9.13651
-8.31239
-8.77941
-6.34088
-9.80382
-0.877465
-17.8198
21.0684
21.1449
21.2257
21.3107
21.4001
21.4941
21.5929
21.6968
21.806
21.9206
22.041
22.1673
22.2998
22.4388
22.5844
22.7368
22.8964
23.0634
23.238
23.4204
23.6108
23.8095
24.0165
24.2321
24.4565
24.6896
24.9316
25.1824
25.4421
25.7107
25.988
26.2737
26.5675
26.8694
27.1785
27.4942
27.8161
28.1434
28.4749
28.8097
29.1463
29.4834
29.8193
30.1523
30.4803
30.8013
31.1127
31.412
31.6966
31.9635
32.2098
32.4324
32.6278
32.7932
32.9254
33.021
33.0775
33.0922
33.0625
32.9871
32.8646
32.6941
32.4758
32.2108
31.8998
31.5459
31.1584
30.7909
30.4483
30.0757
29.6725
29.2451
28.7967
28.349
27.8975
27.3599
27.2743
26.7874
23.3122
39.2821
18.7366
18.654
18.5649
18.4737
18.3782
18.2769
18.1696
18.0562
17.9366
17.8104
17.6771
17.5363
17.3877
17.2307
17.0651
16.8902
16.7056
16.5108
16.3051
16.0881
15.8592
15.6175
15.3621
15.0916
14.8044
14.4999
14.1814
13.8552
13.5249
13.1856
12.8271
12.4477
12.0564
11.667
11.2828
10.8968
10.498
10.0761
9.61487
9.09633
8.52026
7.90272
7.2503
6.55516
5.81854
5.05736
4.28546
3.50537
2.71522
1.91512
1.10809
0.298499
-0.508783
-1.30884
-2.0966
-2.86665
-3.6133
-4.3305
-5.0121
-5.65193
-6.24395
-6.78233
-7.2617
-7.67703
-8.02413
-8.29952
-8.50086
-8.60958
-8.65324
-8.66405
-8.60134
-8.52773
-8.28339
-8.21188
-7.5499
-7.96505
-5.86313
-9.00567
-0.822943
-16.9314
18.8038
18.869
18.9377
19.0101
19.0863
19.1665
19.2508
19.3396
19.4328
19.5309
19.634
19.7421
19.8557
19.975
20.1
20.231
20.3683
20.5121
20.6627
20.8201
20.9847
21.1567
21.3362
21.5234
21.7185
21.9216
22.1328
22.3522
22.58
22.8161
23.0604
23.3128
23.5734
23.8419
24.1179
24.4009
24.6906
24.9866
25.288
25.594
25.9035
26.2154
26.5287
26.8419
27.1531
27.461
27.7632
28.0576
28.342
28.6138
28.8704
29.1092
29.3269
29.5206
29.6878
29.8251
29.9296
29.9988
30.0301
30.0215
29.9712
29.878
29.7414
29.5614
29.3383
29.0747
28.7774
28.4883
28.2149
27.9141
27.5856
27.2338
26.8631
26.4919
26.1021
25.6667
25.6631
25.0144
22.4167
36.8421
16.2804
16.2137
16.1417
16.0678
15.9905
15.9084
15.8214
15.7295
15.6325
15.5302
15.4221
15.3078
15.1872
15.0599
14.9254
14.7835
14.6337
14.4755
14.3087
14.1327
13.9469
13.7508
13.543
13.3229
13.0902
12.8464
12.5964
12.3488
12.1149
11.9047
11.7191
11.5434
11.3507
11.116
10.8251
10.4744
10.063
9.59356
9.07774
8.53685
7.99228
7.45703
6.9333
6.40486
5.84405
5.23629
4.59284
3.93376
3.26822
2.59451
1.91015
1.21626
0.516913
-0.183364
-0.880025
-1.56848
-2.24398
-2.90134
-3.53507
-4.13948
-4.70882
-5.23746
-5.71988
-6.15079
-6.5254
-6.83949
-7.08983
-7.24946
-7.3443
-7.41146
-7.41524
-7.40903
-7.25073
-7.24662
-6.70429
-7.15417
-5.25313
-8.31402
-0.551021
-16.3776
16.3353
16.3887
16.445
16.5044
16.5669
16.6328
16.7021
16.7751
16.8519
16.9327
17.0177
17.1069
17.2007
17.2993
17.4027
17.5112
17.6251
17.7445
17.8697
18.0007
18.1378
18.2814
18.4315
18.5882
18.7518
18.9225
19.1005
19.2858
19.4784
19.6787
19.8865
20.1019
20.3249
20.5556
20.7935
21.0386
21.2906
21.5493
21.8141
22.0844
22.3597
22.6392
22.922
23.2069
23.4931
23.779
24.0631
24.3435
24.6186
24.8863
25.1443
25.3905
25.6221
25.8365
26.0312
26.2035
26.3505
26.4696
26.5581
26.6138
26.6347
26.619
26.5656
26.4738
26.3431
26.1758
25.9769
25.7746
25.5788
25.3601
25.1176
24.8538
24.5736
24.293
23.9814
23.6552
23.7725
23.0458
21.0668
34.8604
14.1901
14.1372
14.0801
14.0215
13.9602
13.895
13.8259
13.753
13.6762
13.595
13.5094
13.4189
13.3234
13.2228
13.1165
13.0044
12.8862
12.7614
12.63
12.4915
12.3455
12.1918
12.0298
11.8594
11.6798
11.4908
11.292
11.0829
10.8635
10.6339
10.3956
10.1506
9.89774
9.62943
9.33443
9.00773
8.65845
8.30352
7.95574
7.61566
7.27488
6.9184
6.52946
6.09963
5.63351
5.13717
4.61112
4.0584
3.48962
2.9138
2.33235
1.74305
1.1458
0.543013
-0.0614371
-0.663516
-1.25925
-1.84457
-2.41502
-2.96575
-3.49169
-3.98769
-4.44859
-4.86923
-5.24485
-5.571
-5.84384
-6.03204
-6.15863
-6.26293
-6.3135
-6.35702
-6.26516
-6.31627
-5.87096
-6.35909
-4.62149
-7.64649
-0.216132
-15.8481
14.2338
14.2764
14.3213
14.3687
14.4187
14.4714
14.527
14.5854
14.6472
14.7121
14.7804
14.8523
14.9279
15.0075
15.091
15.1788
15.2711
15.368
15.4698
15.5764
15.6881
15.8053
15.928
16.0564
16.1908
16.3312
16.4779
16.631
16.7906
16.9568
17.1299
17.3097
17.4965
17.6902
17.8908
18.0981
18.3122
18.5327
18.7594
18.9921
19.2302
19.4733
19.7206
19.9715
20.2252
20.4807
20.7366
20.9918
21.2448
21.4942
21.7378
21.974
22.2007
22.4155
22.6164
22.8009
22.9663
23.1104
23.2307
23.3248
23.3909
23.427
23.4315
23.4034
23.3419
23.2486
23.127
22.9944
22.8617
22.7104
22.5395
22.3507
22.1505
21.9526
21.718
21.4998
21.7299
20.9829
19.5214
32.7949
12.1631
12.1203
12.0742
12.0267
11.9769
11.9241
11.8681
11.8089
11.7465
11.6806
11.6109
11.5373
11.4597
11.3777
11.2911
11.1997
11.1033
11.0015
10.8941
10.7808
10.6612
10.5351
10.4021
10.2619
10.1141
9.95821
9.7939
9.62063
9.43817
9.24622
9.04471
8.83415
8.61623
8.39328
8.1654
7.92614
7.66524
7.37795
7.07254
6.76434
6.46322
6.16761
5.8665
5.54539
5.1927
4.80656
4.39199
3.95084
3.48316
2.99568
2.49952
2.00011
1.49647
0.986661
0.471681
-0.045274
-0.560447
-1.07015
-1.57081
-2.05856
-2.52927
-2.97852
-3.40178
-3.79438
-4.15183
-4.46987
-4.7444
-4.94279
-5.08496
-5.20988
-5.29033
-5.36702
-5.32501
-5.41603
-5.05372
-5.56516
-3.98536
-6.9509
0.127825
-15.2023
12.1984
12.2326
12.2689
12.3071
12.3475
12.3902
12.4352
12.4825
12.5325
12.5852
12.6407
12.6991
12.7607
12.8254
12.8935
12.9652
13.0405
13.1197
13.2029
13.2902
13.3818
13.4778
13.5786
13.6842
13.7949
13.9106
14.0316
14.1581
14.2902
14.428
14.5717
14.7213
14.8771
15.0389
15.2067
15.3807
15.5608
15.7469
15.9388
16.1363
16.3392
16.5472
16.7597
16.9763
17.1965
17.4195
17.6444
17.8702
18.0957
18.32
18.5414
18.7585
18.9697
19.173
19.3668
19.5488
19.7169
19.8691
20.0032
20.1171
20.2089
20.2766
20.3188
20.3343
20.3222
20.2833
20.2197
20.1413
20.0585
19.9616
19.8494
19.7233
19.5915
19.4653
19.3022
19.1867
19.5068
18.7807
17.7933
30.3669
10.1699
10.1363
10.0999
10.0623
10.0229
9.98115
9.93686
9.89
9.84059
9.78839
9.73324
9.67495
9.61339
9.54837
9.47967
9.4072
9.33074
9.24999
9.16481
9.07493
8.98007
8.88001
8.77458
8.66342
8.54617
8.42266
8.29257
8.15546
8.01104
7.85899
7.69906
7.53112
7.35508
7.17141
6.98165
6.78752
6.58838
6.37725
6.14424
5.88614
5.61229
5.33874
5.07394
4.8146
4.54962
4.26591
3.9551
3.61734
3.25526
2.86916
2.46287
2.04627
1.62764
1.20785
0.78423
0.355805
-0.0755268
-0.5065
-0.933628
-1.35353
-1.76261
-2.1571
-2.53295
-2.88602
-3.21223
-3.50772
-3.76847
-3.96285
-4.10764
-4.23963
-4.33539
-4.43092
-4.42335
-4.54046
-4.24532
-4.76796
-3.33103
-6.221
0.503736
-14.4503
10.1977
10.2247
10.2534
10.2837
10.3157
10.3495
10.3852
10.4228
10.4625
10.5044
10.5486
10.5953
10.6444
10.6961
10.7506
10.808
10.8684
10.9319
10.9987
11.069
11.1428
11.2203
11.3017
11.387
11.4766
11.5705
11.6687
11.7716
11.8792
11.9917
12.1092
12.2318
12.3596
12.4927
12.631
12.7747
12.9239
13.0784
13.2382
13.4031
13.573
13.7478
13.9271
14.1105
14.2976
14.488
14.6811
14.8759
15.0718
15.2678
15.4628
15.6556
15.8451
16.0296
16.2078
16.378
16.5383
16.687
16.8223
16.9423
17.0454
17.1297
17.1937
17.2364
17.257
17.2558
17.2336
17.195
17.1505
17.0959
17.0304
16.9553
16.88
16.8127
16.7115
16.6866
17.0735
16.3888
15.8147
27.6194
8.35227
8.32637
8.29819
8.26901
8.23841
8.20596
8.17153
8.13504
8.09654
8.05583
8.01277
7.96724
7.91913
7.86826
7.81452
7.75782
7.69791
7.63456
7.56769
7.49716
7.42266
7.34402
7.26108
7.1736
7.0813
6.98397
6.88135
6.77317
6.65917
6.53901
6.41241
6.27906
6.13875
5.99152
5.83757
5.6775
5.51296
5.34552
5.17362
4.98977
4.7845
4.55707
4.31882
4.08454
3.85983
3.63935
3.41175
3.16604
2.89715
2.60524
2.29105
1.95662
1.61004
1.26106
0.913284
0.564828
0.213999
-0.138284
-0.489357
-0.836311
-1.17647
-1.5071
-1.82513
-2.1271
-2.40946
-2.66888
-2.90164
-3.07909
-3.21473
-3.34144
-3.43926
-3.54034
-3.55259
-3.68276
-3.43853
-3.96128
-2.64618
-5.44893
0.938734
-13.5749
8.37366
8.39426
8.41614
8.43924
8.46368
8.48955
8.51686
8.54566
8.5761
8.60826
8.64216
8.67793
8.71561
8.75533
8.79721
8.84132
8.88771
8.93649
8.98787
9.04189
9.09865
9.1583
9.22092
9.28662
9.35562
9.42791
9.5036
9.58293
9.66597
9.75287
9.84365
9.93845
10.0375
10.1407
10.2481
10.36
10.4763
10.5969
10.7221
10.8516
10.9854
11.1234
11.2656
11.4115
11.561
11.7138
11.8695
12.0276
12.1873
12.3483
12.5094
12.67
12.8292
12.9857
13.1383
13.286
13.4271
13.5603
13.684
13.7968
13.8972
13.9837
14.0551
14.1102
14.1486
14.1704
14.1749
14.1641
14.1469
14.1227
14.0909
14.053
14.0193
13.9949
13.94
13.9855
14.4132
13.7768
13.5304
24.5378
6.24857
6.22978
6.20921
6.18775
6.16526
6.14141
6.11609
6.08925
6.0609
6.03089
5.99916
5.9656
5.93013
5.89266
5.85307
5.81126
5.76705
5.72034
5.67102
5.61897
5.564
5.50598
5.44476
5.38015
5.31203
5.24019
5.16438
5.08445
5.00022
4.91147
4.81793
4.71934
4.6154
4.50591
4.39082
4.27017
4.14433
4.01422
3.88144
3.74702
3.60798
3.45579
3.2828
3.09194
2.89682
2.71072
2.53644
2.3683
2.19769
2.01783
1.82576
1.61879
1.39411
1.15401
0.905001
0.649991
0.386741
0.113745
-0.166029
-0.447001
-0.723998
-0.993435
-1.2528
-1.49969
-1.73145
-1.9456
-2.13921
-2.28879
-2.40441
-2.514
-2.60085
-2.69396
-2.71113
-2.84039
-2.62992
-3.139
-1.92592
-4.61394
1.42979
-12.4327
6.26422
6.27932
6.29545
6.31251
6.33061
6.34988
6.37027
6.39184
6.41471
6.43891
6.46447
6.49153
6.52016
6.55043
6.58243
6.61619
6.65179
6.68939
6.7291
6.77092
6.81494
6.86136
6.91029
6.9617
7.0158
7.07264
7.13232
7.19499
7.26075
7.32967
7.40183
7.47731
7.55626
7.63866
7.72456
7.81412
7.90729
8.00406
8.10441
8.20844
8.31591
8.42683
8.541
8.65823
8.77843
8.90122
9.02639
9.15354
9.28221
9.41189
9.542
9.67203
9.80118
9.92868
10.0537
10.1754
10.2926
10.4043
10.5093
10.6066
10.6948
10.7725
10.839
10.8929
10.9338
10.9618
10.9748
10.9739
10.9691
10.9599
10.9464
10.9306
10.9238
10.9282
10.9071
11.0049
11.4558
10.8771
10.8376
20.9583
4.77257
4.75973
4.74567
4.73095
4.71544
4.69888
4.68125
4.66257
4.64273
4.62158
4.59919
4.57547
4.55027
4.52358
4.49535
4.46537
4.4336
4.39999
4.36442
4.32673
4.28687
4.24475
4.2002
4.1531
4.10336
4.0508
3.9953
3.93679
3.87508
3.81003
3.74151
3.66939
3.59352
3.51367
3.4297
3.34156
3.24941
3.15356
3.05486
2.95456
2.8543
2.75417
2.64941
2.53097
2.39437
2.2479
2.10624
1.97721
1.85494
1.72519
1.57481
1.39875
1.19899
0.979444
0.748346
0.520278
0.307863
0.112223
-0.0741315
-0.258453
-0.442945
-0.626089
-0.805182
-0.977896
-1.14212
-1.29599
-1.43701
-1.54749
-1.63429
-1.71804
-1.78468
-1.86067
-1.87232
-1.99152
-1.80155
-2.28711
-1.16017
-3.68908
1.96768
-10.8258
4.78295
4.79266
4.80314
4.81421
4.82595
4.8384
4.85154
4.86549
4.88029
4.89589
4.91231
4.92964
4.94795
4.96726
4.98758
5.00891
5.03136
5.05505
5.07988
5.10593
5.13324
5.16192
5.19206
5.22357
5.25654
5.29107
5.32721
5.36498
5.40446
5.44574
5.48878
5.53373
5.58062
5.62943
5.68026
5.73326
5.78847
5.84581
5.90533
5.9672
6.03128
6.09761
6.16621
6.23706
6.31006
6.38512
6.46211
6.54093
6.6213
6.70289
6.78547
6.86861
6.95182
7.03466
7.1166
7.19688
7.2748
7.34977
7.42096
7.48771
7.54917
7.60471
7.65388
7.69597
7.7313
7.7591
7.77641
7.7877
7.79289
7.79287
7.78763
7.7794
7.77925
7.78696
7.76793
7.86703
8.28555
7.76013
7.74428
16.6543
1.87879
1.87194
1.86412
1.85575
1.84693
1.83753
1.82752
1.81686
1.80552
1.79345
1.78066
1.7671
1.75269
1.73738
1.72122
1.70407
1.68587
1.66658
1.64615
1.62446
1.60149
1.57713
1.5513
1.52387
1.49473
1.46373
1.43073
1.39562
1.35817
1.3181
1.27523
1.22927
1.17988
1.12663
1.069
1.00639
0.938255
0.863835
0.782508
0.693258
0.593901
0.480907
0.349589
0.194502
0.0122958
-0.187692
-0.369562
-0.470344
-0.425643
-0.205603
0.163814
0.600781
0.989622
1.22227
1.24375
1.07412
0.793096
0.492602
0.230726
0.0198471
-0.153437
-0.304502
-0.44056
-0.562936
-0.671568
-0.767413
-0.851227
-0.915986
-0.963503
-1.00841
-1.04017
-1.08327
-1.07294
-1.16301
-0.982131
-1.40176
-0.415945
-2.54327
2.18363
-7.8402
1.88435
1.88982
1.89585
1.90232
1.90934
1.9169
1.92498
1.93374
1.94321
1.95335
1.96417
1.97576
1.98822
2.00155
2.01575
2.0309
2.04709
2.06441
2.08278
2.10232
2.12315
2.14531
2.16881
2.19372
2.22012
2.24806
2.27762
2.30883
2.34173
2.37644
2.41292
2.45129
2.49148
2.53353
2.57747
2.62335
2.6711
2.72065
2.77201
2.82511
2.87978
2.93596
2.99358
3.05245
3.11235
3.1732
3.23467
3.29661
3.35875
3.42082
3.48264
3.54388
3.60437
3.66381
3.72205
3.7788
3.83386
3.88712
3.93808
3.98617
4.03051
4.06988
4.10244
4.12573
4.13832
4.13785
4.1188
4.08749
4.05988
4.02851
3.99628
3.96778
3.95741
3.96737
3.96687
4.08168
4.4952
4.14155
3.98548
10.9677
1.96848
1.96754
1.96644
1.96488
1.96296
1.96081
1.95838
1.9556
1.95244
1.94892
1.94505
1.94075
1.93598
1.93069
1.92493
1.91863
1.91176
1.90427
1.89614
1.88736
1.87791
1.86772
1.85683
1.84517
1.83278
1.81965
1.80579
1.79125
1.77612
1.76041
1.74428
1.72792
1.71155
1.69552
1.68033
1.66649
1.65442
1.64387
1.63381
1.62307
1.61306
1.61295
1.64614
1.75159
1.97159
2.32141
2.75218
3.13663
3.30193
3.09894
2.47156
1.49685
0.382011
-0.595296
-1.19902
-1.3475
-1.14518
-0.798581
-0.484757
-0.277856
-0.1665
-0.11108
-0.0830316
-0.0713581
-0.0728901
-0.0849814
-0.103279
-0.122226
-0.1384
-0.157591
-0.171476
-0.197962
-0.190176
-0.257623
-0.144823
-0.426947
0.171577
-1.04963
1.70567
-3.55596
1.96922
1.96982
1.9705
1.97122
1.972
1.97287
1.97371
1.97459
1.97548
1.97636
1.97719
1.97796
1.97865
1.97924
1.97968
1.97995
1.98
1.97985
1.97937
1.97856
1.97742
1.97585
1.97378
1.9712
1.96805
1.96425
1.95979
1.95459
1.94857
1.94175
1.93403
1.92542
1.9158
1.90522
1.89364
1.88107
1.86748
1.85291
1.83744
1.82111
1.80395
1.78609
1.76765
1.74876
1.72956
1.71025
1.69094
1.67182
1.65302
1.63469
1.61695
1.59976
1.58313
1.56686
1.55078
1.5345
1.51783
1.50057
1.48269
1.46458
1.44742
1.43311
1.42446
1.42528
1.4399
1.46835
1.50993
1.57632
1.6257
1.66625
1.69513
1.70915
1.70927
1.68939
1.62704
1.57171
1.6011
1.29156
1.07867
3.86862
)
;

boundaryField
{
    inlet
    {
        type            freestreamPressure;
        freestreamValue uniform 0;
        supersonic      false;
        value           nonuniform List<scalar> 
134
(
1.7476
-0.993393
-3.74674
-6.02249
-7.55438
-8.35155
-8.25512
-7.28056
-5.47969
-2.3879
-0.346098
-0.565045
-0.936096
-1.27146
-1.60873
-1.96387
-2.33989
-2.73792
-3.16296
-3.6249
4.52493
-4.13845
-4.71348
-5.32832
-5.91902
-6.36168
-6.58796
-6.99584
-7.00533
-7.15942
-8.72872
-7.95663
-8.008
-8.19522
-8.33504
-8.41159
-8.48575
-8.65138
-9.04968
-9.51902
7.24511
10.1796
12.9285
14.8583
15.511
13.9815
9.14619
-10.6418
-10.4659
-10.1524
-9.96182
-9.82808
-9.67021
-9.48501
-9.29153
-9.09512
-8.89265
-8.68186
-8.46292
-8.23636
-8.00114
-7.7555
-7.49556
-7.21499
-6.90532
-6.56105
-6.34646
-6.14114
-5.89051
-5.59846
-5.25829
-4.81449
-4.19044
-3.03273
-1.37478
4.22533
8.36577
12.4815
16.2682
19.7709
22.9597
25.5995
27.6102
29.0737
30.0481
30.65
31.0038
31.2191
31.3853
31.6333
32.1657
33.0487
33.9708
34.7092
35.3037
35.8065
36.2248
36.543
36.7549
36.8661
36.8908
36.8615
36.8431
37.0032
37.5813
39.0377
39.5409
38.6518
37.6677
36.9853
36.383
35.7052
34.9708
34.2202
33.4549
32.6621
31.8352
30.9712
30.0662
29.1127
28.1009
27.0177
25.8414
24.5543
23.0319
21.7967
20.5094
18.9954
17.2814
15.358
13.1225
10.432
6.87291
2.42584
)
;
    }
    outlet
    {
        type            freestreamPressure;
        freestreamValue uniform 0;
        supersonic      false;
        value           nonuniform List<scalar> 
160
(
0.023817
0.0238274
0.0238038
0.0238362
0.0237888
0.0238461
0.0237679
0.0238567
0.0237428
0.0238682
0.0237145
0.0238809
0.0236829
0.0238935
0.0236468
0.0239066
0.023606
0.0239201
0.0235607
0.0239338
0.023511
0.023947
0.0234559
0.0239597
0.023395
0.0239718
0.0233276
0.023983
0.0232543
0.0239927
0.0231743
0.0240006
0.0230871
0.0240061
0.0229923
0.0240097
0.0228896
0.0240096
0.0227787
0.024006
0.0226595
0.0239988
0.0225311
0.023987
0.0223939
0.0239695
0.0222473
0.0239465
0.0220915
0.0239171
0.0219266
0.0238806
0.0217525
0.0238367
0.02157
0.0237845
0.02138
0.0237231
0.0211828
0.0236528
0.0209802
0.0235726
0.0207745
0.0234822
0.0205682
0.0233807
0.0203655
0.0232684
0.0201726
0.0231451
0.0199954
0.0230107
0.0198398
0.0228652
0.0197038
0.0227088
0.0195753
0.0225428
0.0194396
0.0223676
0.0193091
0.0221837
0.0192858
0.0219926
0.019639
0.021796
0.0208233
0.0215955
0.0233354
0.0213929
0.0273621
0.0211907
0.0323652
0.0209905
0.0369175
0.0207946
0.0390305
0.0206047
0.0368751
0.020423
0.0296064
0.0202511
0.0180037
0.0200887
0.00459447
0.0199361
-0.00713191
0.0197909
-0.0142803
0.0196513
-0.0159566
0.0195127
-0.0135055
0.0193726
-0.00940012
0.0192289
-0.00570562
0.0190811
-0.00327333
0.0189347
-0.0019637
0.018805
-0.0013114
0.0187173
-0.000981114
0.0187096
-0.000843894
0.0188335
-0.00086283
0.0191491
-0.00100707
0.0196623
-0.0012255
0.0203692
-0.00145221
0.0214063
-0.00164655
0.0222085
-0.00187758
0.0229153
-0.00204694
0.0234881
-0.00236721
0.0238821
-0.00228143
0.0241085
-0.00309346
0.0240793
-0.00175171
0.0234666
-0.00513607
0.022959
0.00211318
0.0237231
-0.0124494
0.0195115
0.0222046
0.0165505
-0.0383748
0.0600136
)
;
    }
    walls
    {
        type            zeroGradient;
    }
    frontAndBack
    {
        type            empty;
    }
}


// ************************************************************************* //
